tree
version=v4
num_class=1
num_tree_per_iteration=1
label_index=0
max_feature_idx=162
objective=huber
feature_names=last_osi last_P_t last_N_t last_D_t last_R_t last_outage_pct osi_mean_72h osi_max_72h osi_std_72h outage_pct_mean_72h outage_pct_max_72h N_t_mean_72h N_t_max_72h R_t_mean_72h R_t_max_72h pre_event_mean_osi pre_event_max_outage_pct storm_onset_max_osi storm_onset_mean_osi osi_trend_last6h is_worsening frac_zero_72h hours_since_peak gust_mean_obs gust_max_obs gust_gt30_obs gust_gt40_obs cumul_gust_obs gust_last_obs gust_max_last6h_obs gust_trend_last6h_obs gust_t wind_speed_t wind_sin_t wind_cos_t t2m_t d2m_t tp_t rain_t csnow_t sdwe_t r2_t vpd_t soil_moist_t blh_t tcc_t lcc_t mcc_t hcc_t sp_t mslma_t sdswrf_t direct_rad_t diffuse_rad_t et0_t temp_c_t dewpoint_c_t icing_risk_t gust_exceed_30 soil_moist_x_gust is_snowing gust_x_hso gust_x_phase soil_gust_x_phase gust_exceed30_x_hso gust_max_next_1h gust_mean_next_1h wind_speed_max_next_1h total_tp_next_1h min_t2m_next_1h gust_gt30_next_1h gust_gt40_next_1h gust_peak4h_mean_next_1h gust_max_next_6h gust_mean_next_6h wind_speed_max_next_6h total_tp_next_6h min_t2m_next_6h gust_gt30_next_6h gust_gt40_next_6h gust_peak4h_mean_next_6h gust_max_next_24h gust_mean_next_24h wind_speed_max_next_24h total_tp_next_24h min_t2m_next_24h gust_gt30_next_24h gust_gt40_next_24h gust_peak4h_mean_next_24h gust_max_next_48h gust_mean_next_48h wind_speed_max_next_48h total_tp_next_48h min_t2m_next_48h gust_gt30_next_48h gust_gt40_next_48h gust_peak4h_mean_next_48h gust_change_1h gust_change_3h pressure_change_3h pressure_change_6h temp_change_6h wind_change_1h cumul_gust_since_onset cumul_tp_since_onset gust_gt30_since_onset gust_at_t1h wind_speed_at_t1h t2m_at_t1h tp_at_t1h gust_at_t6h wind_speed_at_t6h t2m_at_t6h tp_at_t6h gust_at_t24h wind_speed_at_t24h t2m_at_t24h tp_at_t24h gust_at_t48h wind_speed_at_t48h t2m_at_t48h tp_at_t48h hour_of_day hour_sin hour_cos days_since_onset hours_since_obs storm_phase log_customers rural_urban_code is_metro pop_density n_utilities pct_forest pct_developed pct_agriculture pct_water pct_wetland pct_unmapped pct_forest_classified tree_canopy_pct tree_canopy_std forest_x_customers window_len_next_1h is_full_next_1h tp_rate_next_1h gust_gt30_frac_next_1h has_weather_at_t1h window_len_next_6h is_full_next_6h tp_rate_next_6h gust_gt30_frac_next_6h has_weather_at_t6h window_len_next_24h is_full_next_24h tp_rate_next_24h gust_gt30_frac_next_24h has_weather_at_t24h window_len_next_48h is_full_next_48h tp_rate_next_48h gust_gt30_frac_next_48h has_weather_at_t48h
feature_infos=[0:0.55230000000000001] [0:0.82424180700000005] [0:0.021710291] [0:0.90465771100000003] [0:0.039181763000000001] [0:82.420000000000002] [4.1666666666666669e-06:0.26529999999999998] [0.0001:0.65049999999999997] [1.9982631347136334e-05:0.22470370552747407] [0.00083333333333333328:39.644861111111112] [0.02:100] [3.1208333333333337e-06:0.018623942125000001] [7.4900000000000005e-05:0.37916412199999999] [3.1208333333333337e-06:0.017093115180555556] [7.4900000000000005e-05:0.119716399] [0:0.38653749999999998] [0:100] [0:0.59799999999999998] [0:0.20940416666666664] [-0.022628571428571428:0.017611428571428573] [0:1] [0:0.95833333333333337] [0:71] [13.03611111111111:31.258333333333326] [29.300000000000001:70] [0:35] [0:18] [938.59999999999991:2250.5999999999995] [3.5:47.5] [15.4:64.5] [-6.477142857142856:3.3114285714285714] [0.59999999999999998:57.799999999999997] [0:38] [-0.99999999953664132:0.99999999913657367] [-0.99999999329043221:1] [261.05202270000001:298.3466019] [257.33913039999999:289.8677619] [0:11.300000000000001] [0:11.300000000000001] [0:2.6600000000000001] [0:0.089999999999999997] [15:100] [0:2.5] [0.16700000000000001:0.52000000000000002] [10:3090] [0:100] [0:100] [0:100] [0:100] [884.60000000000002:1027] [986.70000000000005:1031.8] [0:840] [0:731] [0:463] [0:0.60999999999999999] [-12.097977299999968:25.196601900000019] [-15.81086959999999:16.717761900000028] [0:1] [0:27.799999999999997] [0.19259999999999999:23.550000000000001] [0:1] [0.80000000000000004:3819.7999999999997] [0:107.59999999999999] [0:47.100000000000001] [0:1689.7999999999997] [1.2:57.799999999999997] [0.89999999999999991:54.5] [0:38] [0:14.699999999999999] [260.0631818:298.21776599999998] [0:2] [0:2] [0.89999999999999991:54.5] [5.4000000000000004:57.799999999999997] [3.5714285714285716:49.328571428571429] [0.40000000000000002:38] [0:26.699999999999999] [259.42265909999998:296.22558249999997] [0:7] [0:7] [4.3499999999999996:52.550000000000004] [13.199999999999999:57.799999999999997] [8.2360000000000007:43.052] [6:38] [0:51.199999999999996] [259.42265909999998:286.57337899999999] [0:25] [0:19] [12.25:52.550000000000004] [13.199999999999999:57.799999999999997] [7.961224489795919:37.897959183673471] [6:38] [0:52.900000000000006] [259.42265909999998:281.94003939999999] [0:40] [0:22] [12.75:52.550000000000004] [-24.299999999999997:28.199999999999999] [-32:35.700000000000003] [-6.1999999999999318:10.599999999999909] [-10.899999999999977:14.599999999999909] [-20.027499999999975:21.845291299999985] [-15.300000000000001:28.000000000000004] [347.09999999999997:3733.5999999999999] [0:53.200000000000003] [0:61] [0.59999999999999998:57.799999999999997] [0:38] [260.0631818:298.3466019] [0:11.300000000000001] [1.3999999999999999:57.799999999999997] [0:38] [259.42265909999998:298.3466019] [0:11.300000000000001] [0.90000000000000002:57.799999999999997] [0:38] [259.42265909999998:298.3466019] [0:11.300000000000001] [0.90000000000000002:53.799999999999997] [0:34.299999999999997] [259.42265909999998:296.58327589999999] [0:11.300000000000001] [0:23] [-1:1] [-1:1] [1:4] [1:96] [0:2] [7.1180162044653335:13.453719692845613] [1:9] [0:1] [8.3691524328166658:11939.655837338518] [1:14] [0.96999999999999997:88.719999999999999] [2.21:86.629999999999995] [0.040000000000000001:87.469999999999999] [0.01:5.5099999999999998] [0:19.780000000000001] [1.8899999999999999:18.32] [0.98868616858628067:95.815074496056084] [2.2000000000000002:80.340000000000003] [12.65:40.140000000000001] [8.0679963363985543:851.54750536995925] none none [0:7.3499999999999996] [0:1] none none none [0:3.8142857142857141] [0:1] none none none [0:2.048] [0:1] none none none [0:1.0795918367346939] [0:0.81632653061224492] none
tree_sizes=2947 3003 2836 2947 3008 2900 2945 2885 2896 2889 2890 2951 2855 2866 2911 2846 2888 2899 2877 2955 2816 2832 2865 2899 2877 2793 2907 2930 2878

Tree=0
num_leaves=31
num_cat=0
split_feature=133 90 103 0 133 134 94 77 49 22 10 103 43 138 103 100 85 15 128 2 160 50 134 2 101 83 138 0 133 137
split_gain=0.264482 0.401917 0.0486946 0.0601779 0.0407267 0.0262526 0.0418076 0.0138658 0.00908423 0.00577531 0.00473304 0.00341288 0.00301903 0.00389192 0.00253131 0.00236485 0.00234668 0.00299167 0.00345372 0.0023094 0.00221982 0.00152154 0.00143259 0.00124147 0.00496037 0.000977566 0.00105226 0.00109016 0.000693746 0.000611343
threshold=88.200000000000003 25.328571428571433 1201.1500000000003 0.21365000000000003 80.210000000000022 4.04 15.500000000000002 275.55836775000006 1005.9500000000002 7.5000000000000009 31.090000000000003 2130.6000000000008 0.37150000000000005 4.8350000000000009 856.55000000000018 3.4500000000000459 272.33746340000005 0.00093958333333333339 9.232155983247015 0.00093457300000000007 0.37244897959183682 1022.35 10.385000000000002 0.0059917800000000012 -7.8651292000000117 16.450000000000003 3.9200000000000004 0.012400000000000003 67.000000000000014 1.0000000180025095e-35
decision_type=2 2 2 2 2 2 2 2 2 2 2 2 2 2 2 2 2 2 2 2 2 2 2 2 2 2 2 2 2 2
left_child=2 11 3 4 7 -6 9 8 10 -7 12 -2 19 15 -11 -14 23 -18 -19 25 21 -9 -15 29 -25 26 27 -1 -22 -4
right_child=1 -3 16 -5 5 6 -8 20 -10 14 -12 -13 13 22 -16 -17 17 18 -20 -21 28 -23 -24 24 -26 -27 -28 -29 -30 -31
leaf_value=0.0026146703908045093 0.0027784377928530253 0.0079828496807643253 0.002276907546065768 0.0037033896277200188 0.0022785236866291248 0.002304875996204811 0.0043727244991814667 0.0022060147091924587 0.0030876040078867705 0.0032054136406031468 0.0028160247714486566 0.0022799312900252792 0.0024081555541958532 0.0022853675854269426 0.0025496041783191442 0.0030006190225002768 0.0022204538334117123 0.0026995887516889383 0.0022893459006611684 0.0025695208105939193 0.0022853675854269426 0.0022906086459439264 0.0025189875261445037 0.0027256136946758021 0.0022104244528584139 0.0022611834033505209 0.0023054069871374103 0.0022853675854269426 0.002423065208409984 0.0021825989783506969
leaf_weight=73 50 50 295 86 108 65 57 1487 55 73 76 51 57 155 53 63 1170 69 296 104 281 663 113 52 378 406 419 53 197 7583
leaf_count=73 50 50 295 86 108 65 57 1487 55 73 76 51 57 155 53 63 1170 69 296 104 281 663 113 52 378 406 419 53 197 7583
internal_value=0.00228545 0.0043606 0.00226402 0.002397 0.00237095 0.0028847 0.00316772 0.0023261 0.0024439 0.00277307 0.00241679 0.00248011 0.00239195 0.00251557 0.00297318 0.00276386 0.00220077 0.00226204 0.00238148 0.00234157 0.00225741 0.00223442 0.00238444 0.00219005 0.0022852 0.00231112 0.00235745 0.00248964 0.0023503 0.00218549
internal_weight=14638 151 14487 4644 4558 356 248 4202 1574 191 1519 101 1443 388 126 120 9843 1535 365 1055 2628 2150 268 8308 430 951 545 126 478 7878
internal_count=14638 151 14487 4644 4558 356 248 4202 1574 191 1519 101 1443 388 126 120 9843 1535 365 1055 2628 2150 268 8308 430 951 545 126 478 7878
is_linear=0
shrinkage=1


Tree=1
num_leaves=31
num_cat=0
split_feature=133 90 61 0 133 134 85 44 77 49 104 133 41 28 114 100 50 2 75 122 12 91 2 113 77 83 6 15 50 160
split_gain=0.239123 0.363443 0.0358199 0.0597691 0.0136119 0.0144318 0.0126921 0.0119705 0.00945167 0.00628551 0.00582912 0.0094408 0.0102229 0.00502911 0.00311489 0.00277501 0.00221104 0.00196502 0.00338663 0.00176995 0.00170227 0.00225967 0.00150361 0.0035932 0.00139828 0.00113765 0.00106706 0.000949816 0.00065479 0.000567225
threshold=88.200000000000003 25.328571428571433 409.55000000000007 0.21365000000000003 79.980000000000004 4.04 284.51171220000009 592.50000000000011 275.55836775000006 1006.4500000000002 0.25000000000000006 80.390000000000015 45.500000000000007 44.050000000000004 14.350000000000003 4.2500000000000009 1026.4500000000003 0.0014942165000000002 6.4500000000000011 5.5000000000000009 0.096316070500000003 21.050000000000004 0.0035617145000000003 0.75000000000000011 273.28730910000007 13.950000000000001 0.0042479166666666681 0.0021312500000000003 1027.8500000000001 0.16428571428571428
decision_type=2 2 2 2 2 2 2 2 2 2 2 2 2 2 2 2 2 2 2 2 2 2 2 2 2 2 2 2 2 2
left_child=2 14 3 4 8 -6 10 -7 9 13 11 16 -13 15 -2 25 -4 18 19 -17 22 -22 28 -24 -15 29 -10 -14 -12 -1
right_child=1 -3 6 -5 5 7 -8 -9 26 -11 20 12 27 24 -16 17 -18 -19 -20 -21 21 -23 23 -25 -26 -27 -28 -29 -30 -31
leaf_value=0 -4.7807832239553861e-06 0.0054181936193330622 -5.6319625912020334e-05 0.0014665249039571792 -2.0926551968034988e-05 0.0010713328454540275 0.00060570191575607182 0.0002020502825177332 -5.2822031400563007e-05 0.00070008872200000608 -9.6556514146315761e-05 0.00085860401299676101 -9.9757005993619924e-06 0.00069225006051755597 0.00046850356432140178 0.0005267002829103095 0.00026687492937165896 0.00032854127806445656 3.3447835131933199e-05 3.5295510332313517e-05 -4.3830363847255417e-05 0.00024778653255149645 -5.2139164608203001e-05 0.00034116165651451618 0.00014653925439623501 -2.3941578450718901e-05 2.4286300408645528e-05 0.00021773424904319668 2.0158649219464513e-05 0.0001856288306802181
leaf_weight=55 51 50 804 79 105 96 67 97 1234 51 8361 66 75 51 50 67 52 154 514 59 275 83 702 61 55 502 601 56 50 115
leaf_count=55 51 50 804 79 105 96 67 97 1234 51 8361 66 75 51 50 67 52 154 514 59 275 83 702 61 55 502 601 56 50 115
internal_value=3.30778e-07 0.00197351 -2.00256e-05 0.000110495 8.02597e-05 0.000406361 -6.74916e-05 0.000663506 5.06024e-05 0.000138946 -7.22819e-05 3.60401e-05 0.00034939 0.000117129 0.000182795 8.8644e-05 -3.05635e-05 0.000152306 0.000101652 0.000338058 -8.47752e-05 1.03534e-05 -8.90332e-05 -1.37458e-05 0.000459843 5.88097e-06 -2.48447e-05 5.03992e-05 -9.5266e-05 0.00012281
internal_weight=14638 151 14487 3835 3756 298 10652 193 3458 1623 10585 1053 197 1572 101 1466 856 794 640 126 9532 358 9174 763 106 672 1835 131 8411 170
internal_count=14638 151 14487 3835 3756 298 10652 193 3458 1623 10585 1053 197 1572 101 1466 856 794 640 126 9532 358 9174 763 106 672 1835 131 8411 170
is_linear=0
shrinkage=0.05


Tree=2
num_leaves=31
num_cat=0
split_feature=133 90 126 0 133 137 88 100 77 23 23 81 2 35 56 75 128 92 29 100 89 91 14 131 85 18 43 50 133 120
split_gain=0.216198 0.328651 0.0346333 0.045084 0.0373739 0.025042 0.0365135 0.0237188 0.0125662 0.00652647 0.00495785 0.00759291 0.00509438 0.0028693 0.00271138 0.00183207 0.00315763 0.00179668 0.0016206 0.00168997 0.00380996 0.00158375 0.00145343 0.00143823 0.00405834 0.0064088 0.0135849 0.00130213 0.00100412 0.00079586
threshold=88.200000000000003 25.328571428571433 39.500000000000007 0.21365000000000003 80.210000000000022 0.015000000000000001 36.112500000000004 1.2500000000000002 275.55836775000006 22.750000000000004 18.550694444444449 31.050000000000004 0.0006863590000000001 271.16017835000008 -6.9089117999999692 6.4500000000000011 9.4017455261924869 19.550000000000008 46.650000000000013 3.1999999999999891 43.650000000000013 19.150000000000002 0.024047289000000003 33.15434016127945 267.53159060000007 0.0057458333333333346 0.30450000000000005 1022.35 67.000000000000014 272.33127700000006
decision_type=2 2 2 2 2 2 2 2 2 2 2 2 2 2 2 2 2 2 2 2 2 2 2 2 2 2 2 2 2 2
left_child=2 13 3 4 8 6 9 -5 10 -6 11 21 15 -2 -14 16 -12 27 19 -16 -21 -1 -7 24 -4 -26 -27 -10 -19 -17
right_child=1 -3 23 7 5 22 -8 -9 17 -11 12 -13 14 -15 18 29 -18 28 -20 20 -22 -23 -24 -25 25 26 -28 -29 -30 -31
leaf_value=0.00030693603348159353 -5.5298421088641886e-06 0.0051525957860490863 -8.7317647673324861e-05 0.00033925484045685156 0.00066731614077502157 0 0.0019280992121997451 0.0018418533108987896 -6.9707054974159667e-05 0 0.00047572571080994842 0 0 0.00044654048955599859 7.5577814308677005e-05 -4.7289719944182918e-05 0 0 0.00010758178388388151 0.00013542661728812772 0.00081970550065887146 0.00084256083544221563 0.00027549942918739636 -9.0400716072639554e-05 -3.6112488797013528e-05 0 0.0010281214188916448 0 0.00013657318792181672 4.2929631283377794e-05
leaf_weight=78 51 50 692 74 96 126 62 52 2284 54 60 71 97 50 55 368 85 320 112 59 68 60 56 7646 161 60 51 801 193 646
leaf_count=78 51 50 692 74 96 126 62 52 2284 54 60 71 97 50 55 368 85 320 112 59 68 60 56 7646 161 60 51 801 193 646
internal_value=5.46371e-07 0.00187677 -1.87928e-05 7.43253e-05 5.28202e-05 0.000522626 0.000892856 0.00100836 1.72423e-05 0.000421908 0.000127351 0.000363877 9.20207e-05 0.000171432 0.000250054 3.42266e-05 0.000201214 -3.52192e-05 0.000325676 0.000431244 0.000544416 0.000580174 6.15249e-05 -8.29351e-05 -1.85077e-05 0.000137916 0.000433048 -5.0428e-05 4.64337e-05 5.24686e-06
internal_weight=14638 151 14487 5877 5751 394 212 126 5357 150 1759 209 1550 101 391 1159 145 3598 294 182 127 138 182 8610 964 272 111 3085 513 1014
internal_count=14638 151 14487 5877 5751 394 212 126 5357 150 1759 209 1550 101 391 1159 145 3598 294 182 127 138 182 8610 964 272 111 3085 513 1014
is_linear=0
shrinkage=0.05


Tree=3
num_leaves=31
num_cat=0
split_feature=133 90 103 18 133 119 94 120 77 49 2 116 133 103 75 95 92 85 139 12 124 50 2 101 83 92 25 133 6 2
split_gain=0.195479 0.297188 0.0371777 0.0480324 0.0315928 0.022355 0.0155789 0.0144686 0.00929493 0.00726052 0.00385248 0.00380031 0.00314732 0.00264824 0.00232972 0.00192105 0.00183577 0.00181644 0.00209622 0.00219673 0.00152307 0.00111249 0.000979872 0.00429524 0.000592061 0.000556026 0.000547502 0.000440813 0.000461722 0.00043683
threshold=88.200000000000003 25.328571428571433 1201.1500000000003 0.063537500000000011 80.210000000000022 9.3500000000000032 14.500000000000002 274.38358365000005 275.55836775000006 1005.9500000000002 0.0006863590000000001 286.26938360000008 59.215000000000011 2130.6000000000008 6.4500000000000011 8.5000000000000018 19.550000000000008 272.33746340000005 84.467414954242443 0.096316070500000003 0.60355339059327384 1022.35 0.0059917800000000012 -7.8651292000000117 16.450000000000003 24.950000000000006 3.5000000000000004 84.075000000000017 0.0035847222222222226 0.00091637800000000014
decision_type=2 2 2 2 2 2 2 2 2 2 2 2 2 2 2 2 2 2 2 2 2 2 2 2 2 2 2 2 2 2
left_child=2 13 3 4 8 6 -6 -5 9 10 14 -7 15 -2 20 -12 21 22 19 29 -1 -10 27 -24 26 -18 -16 -4 -29 -19
right_child=1 -3 17 7 5 11 -8 -9 16 -11 12 -13 -14 -15 24 -17 25 18 -20 -21 -22 -23 23 -25 -26 -27 -28 28 -30 -31
leaf_value=0 0.00042588023630224942 0.0049000176287018792 -8.8740235745457749e-05 0.00036733383676484536 0.00054224587017415616 0 0.0017649078606764839 0.0016594829765134848 -6.8262786933049002e-05 0.0007042484365021146 0.00051202304995885326 0.00041439313421567404 4.9214820330587008e-05 -6.4640184259937599e-06 0.00021114167233752106 3.8798073318113371e-05 0.00010900868208077589 -6.690158440748054e-05 0.00022574594505549151 0.00021431754819595402 0.00035098002824130304 2.1189908791483083e-06 0.00041258288303583444 -6.7291923269798738e-05 -1.3927246749329337e-05 0 2.573804143985239e-05 -6.4432034495153596e-05 6.9729140179685022e-05 0
leaf_weight=78 50 50 7617 53 95 123 50 61 1508 55 131 88 154 51 62 55 273 1092 77 75 103 683 52 378 463 154 455 174 87 291
leaf_count=78 50 50 7617 53 95 123 50 61 1508 55 131 88 154 51 62 55 273 1092 77 75 103 683 52 378 463 154 455 174 87 291
internal_value=6.99957e-07 0.00178477 -1.76724e-05 9.84683e-05 7.16534e-05 0.000524029 0.0010073 0.00111064 3.17564e-05 0.000129019 0.000104158 0.000165154 0.00025627 0.000160625 5.51264e-05 0.000399785 -2.41695e-05 -7.29808e-05 -1.86354e-05 -3.51146e-05 0.000222421 -4.40507e-05 -8.24166e-05 0 1.8936e-05 6.60262e-05 5.79893e-05 -8.64529e-05 -5.3222e-07 -5.23991e-05
internal_weight=14638 151 14487 4644 4530 356 145 114 4174 1556 1501 211 340 101 1161 186 2618 9843 1535 1458 181 2191 8308 430 980 427 517 7878 261 1383
internal_count=14638 151 14487 4644 4530 356 145 114 4174 1556 1501 211 340 101 1161 186 2618 9843 1535 1458 181 2191 8308 430 980 427 517 7878 261 1383
is_linear=0
shrinkage=0.05


Tree=4
num_leaves=31
num_cat=0
split_feature=133 90 103 18 137 90 120 50 2 9 2 75 128 21 30 115 26 88 15 15 104 128 12 160 137 96 1 41 15 88
split_gain=0.17673 0.268736 0.033818 0.0435498 0.0292579 0.0317244 0.0128707 0.0073266 0.00573867 0.0048969 0.00435814 0.00329079 0.00424348 0.00295501 0.00352446 0.00291021 0.00244333 0.00243859 0.00185669 0.00600121 0.00373203 0.00479909 0.00124389 0.00123128 0.00158952 0.00119859 0.00110331 0.00105076 0.000601147 0.000592028
threshold=88.200000000000003 25.328571428571433 1201.1500000000003 0.063537500000000011 1.0000000180025095e-35 25.328571428571433 274.38358365000005 1027.3500000000001 0.00036114100000000004 0.042777777777777783 0.00026399350000000003 7.3500000000000005 9.293439940087163 0.52083333333333337 0.31428571428571334 12.950000000000001 1.0000000180025095e-35 25.512500000000006 0.00092500000000000015 0.00093958333333333339 0.65000000000000024 9.232155983247015 0.022734046000000004 0.41326530612244899 0.13500000000000004 42.912500000000009 0.014147579000000002 48.500000000000007 0.00011562500000000002 25.312500000000007
decision_type=2 2 2 2 2 2 2 2 2 2 2 2 2 2 2 2 2 2 2 2 2 2 2 2 2 2 2 2 2 2
left_child=2 17 3 4 5 10 -5 8 11 28 -1 12 15 14 22 16 -6 -2 -4 -20 21 27 -10 26 -25 -22 -13 -21 -9 -28
right_child=1 -3 18 6 7 -7 -8 9 13 -11 -12 23 -14 -15 -16 -17 -18 -19 19 20 25 -23 -24 24 -26 -27 29 -29 -30 -31
leaf_value=2.940172883828783e-05 -6.9581488843631088e-06 0.0046598207074053152 -8.3756948303037701e-05 0.00034930727026625803 0.00011683953762647955 0.0017464028890860979 0.0015778471284636085 0.00019558844893494237 0.00034509891583162924 0.00060533487355643684 0.0006235024796880116 -6.357666616136033e-05 1.5782437851651681e-06 2.350580911972672e-06 0.00059563557696170537 0 0.00070669035264566858 0.00040583076020565763 0.00049725295849402406 0.00058155784524834334 -7.577171127843924e-05 -1.5198690956330318e-05 8.5396608064995267e-05 0.00021966744364389459 -1.0902682194582491e-07 2.3615455911396594e-05 0.000106863977512183 8.7616715129971621e-05 0 -8.3344475960520888e-06
leaf_weight=110 51 50 6964 53 62 50 61 52 85 93 57 1792 463 290 64 71 57 50 50 54 2302 158 325 102 208 265 130 50 69 450
leaf_count=110 51 50 6964 53 62 50 61 52 85 93 57 1792 463 290 64 71 57 50 50 54 2302 158 325 102 208 265 130 50 69 450
internal_value=9.16781e-07 0.00169728 -1.65355e-05 9.42141e-05 6.8624e-05 0.00063529 0.00105817 3.88137e-05 2.25708e-05 0.000325125 0.000264445 -4.30989e-06 9.44524e-05 0.000146298 0.000223651 0.000293401 0.000444574 0.000150348 -6.93001e-05 -3.25775e-05 -4.38809e-05 0.00012942 0.000152111 -3.02459e-05 5.66012e-05 -6.35594e-05 -4.37221e-05 0.000394801 6.55768e-05 9.01953e-06
internal_weight=14638 151 14487 4644 4530 217 114 4313 4099 214 167 3335 653 764 474 190 119 101 9843 2879 2829 262 410 2682 310 2567 2372 104 121 580
internal_count=14638 151 14487 4644 4530 217 114 4313 4099 214 167 3335 653 764 474 190 119 101 9843 2879 2829 262 410 2682 310 2567 2372 104 121 580
is_linear=0
shrinkage=0.05


Tree=5
num_leaves=31
num_cat=0
split_feature=133 86 93 18 133 82 138 33 28 126 93 77 141 96 23 140 15 15 92 22 138 92 26 26 105 83 55 86 4 56
split_gain=0.176433 0.253477 0.0297985 0.0333871 0.0369936 0.0321463 0.0317947 0.0195633 0.007822 0.00539278 0.00483944 0.00507409 0.00386162 0.00601693 0.00383725 0.00118686 0.000940768 0.00423208 0.000963894 0.000815584 0.000702792 0.000635449 0.000617634 0.00175883 0.000597058 0.000451589 0.000477457 0.00041194 0.00048732 0.00037708
threshold=88.200000000000003 7.5000000000000009 267.14417930000008 0.063537500000000011 79.980000000000004 24.898000000000003 4.4350000000000014 -0.41610446781345783 21.250000000000004 15.500000000000002 270.77153565000009 275.55836775000006 33.610000000000007 41.57500000000001 18.550694444444449 61.045000000000009 0.00092500000000000015 0.00094270833333333348 11.850000000000003 7.5000000000000009 4.1800000000000006 6.5500000000000025 9.5000000000000018 14.500000000000002 9.5000000000000018 14.550000000000002 0.3198149000000115 10.500000000000002 0.0024794665000000007 -2.924423849999982
decision_type=2 2 2 2 2 2 2 2 2 2 2 2 2 2 2 2 2 2 2 2 2 2 2 2 2 2 2 2 2 2
left_child=2 -2 16 4 10 8 -7 -5 9 -6 15 12 19 14 -14 -4 -1 -18 -19 22 -20 -13 -12 -24 29 26 -21 -22 -29 -17
right_child=1 -3 3 7 5 6 -8 -9 -10 -11 11 21 13 -15 -16 24 17 18 20 25 27 -23 23 -25 -26 -27 -28 28 -30 -31
leaf_value=-8.234199770745252e-05 0.00017901620320044458 0.0045774190363419417 -5.2126163029338864e-05 0.0013781626372426552 0.00090852872667495504 0.0020694072269543539 0.00030267728622153508 0.00022776378302516995 0 6.0592581581908702e-05 1.6854942207802585e-05 -5.8096973103897206e-05 0.00041867495878006555 0.00058492606879789733 3.7504209341209229e-05 0.00018552919652076242 0.00028059180600530949 -7.3068660665475709e-05 0.00011496949408666252 0.00019106893688477876 -5.8124958365952272e-05 1.3973390294653768e-05 0.00032392469161711027 0 0 -1.361969064365106e-05 0 0.00015291755162946753 0 0
leaf_weight=6297 99 50 2008 75 54 57 60 98 188 50 174 452 96 107 331 88 92 1981 104 61 393 770 98 57 173 378 86 54 119 66
leaf_count=6297 99 50 2008 75 54 57 60 98 188 50 174 452 96 107 331 88 92 1981 104 61 393 770 98 57 173 378 86 54 119 66
internal_value=2.6715e-06 0.001709 -1.45547e-05 7.64613e-05 5.32939e-05 0.000510061 0.00121601 0.000760281 0.00020695 0.000552946 1.44084e-05 6.19041e-05 0.000127557 0.000235953 0.000135661 -3.65444e-05 -7.07567e-05 -4.23184e-05 -5.55115e-05 5.37324e-05 0 -8.62179e-06 0.000116727 0.000195964 4.37611e-05 4.60296e-06 8.50204e-05 -2.55138e-05 1.97409e-05 0.000116972
internal_weight=14716 149 14567 5527 5354 409 117 173 292 104 4945 2610 1388 534 427 2335 9040 2743 2651 854 670 1222 329 155 327 525 147 566 173 154
internal_count=14716 149 14567 5527 5354 409 117 173 292 104 4945 2610 1388 534 427 2335 9040 2743 2651 854 670 1222 329 155 327 525 147 566 173 154
is_linear=0
shrinkage=0.05


Tree=6
num_leaves=31
num_cat=0
split_feature=103 13 137 90 6 33 50 135 2 49 104 128 56 88 12 21 50 92 137 25 104 128 92 100 12 43 88 137 22 137
split_gain=0.0449081 0.0837361 0.0625688 0.146951 0.0307748 0.0114102 0.00645262 0.0054457 0.00474719 0.00466179 0.00380622 0.00914196 0.00245968 0.00193801 0.00175052 0.00286193 0.00244734 0.00161108 0.00255247 0.00145437 0.00120615 0.00144883 0.00111137 0.0041766 0.00141983 0.000967531 0.000896411 0.000783804 0.000717388 0.000677394
threshold=1231.6000000000001 0.0039296913055555565 1.0000000180025095e-35 26.505102040816336 0.021504166666666668 0.36612146111310101 1027.2500000000002 29.415000000000003 0.00036114100000000004 979.55000000000007 1.0000000180025095e-35 9.0166284814807351 -7.1897907999999964 20.287500000000005 0.022123675000000002 0.53472222222222232 1022.1500000000002 20.250000000000004 0.13500000000000004 2.5000000000000004 0.35000000000000009 10.202647249978559 6.3500000000000023 4.9500000000000464 0.096316070500000003 0.28150000000000003 26.037500000000005 1.0000000180025095e-35 3.5000000000000004 2.4450000000000007
decision_type=2 2 2 2 2 2 2 2 2 2 2 2 2 2 2 2 2 2 2 2 2 2 2 2 2 2 2 2 2 2
left_child=1 2 3 9 6 -6 8 19 13 -1 11 -2 -10 20 15 16 -14 26 25 -8 -4 -22 -12 24 27 -19 29 -24 -26 -15
right_child=10 -3 4 -5 5 -7 7 -9 12 -11 22 -13 14 17 -16 -17 -18 18 -20 -21 21 -23 23 -25 28 -27 -28 -29 -30 -31
leaf_value=2.2922806078089212e-06 0.00060271524293865593 0.0015908760184280861 0 0.0030962802793242429 0.001176300319891264 9.2109475534765369e-05 0.00027142855028012913 0.00065918447821685636 0 0.00052060810039984066 -7.9841681547988453e-05 -1.8113255448229505e-05 0.00078225220143555345 -5.2619162595741699e-06 9.7594622218765065e-05 3.1949795442674905e-05 0.00012143722378680775 2.740824771966413e-05 -5.3130068566044513e-06 0 0.0003240791356136547 0 4.866241772383623e-05 0.00039426520825005498 0 0.00041391793718988389 -5.5450060051888984e-05 -6.190703249946223e-05 0.00018651870900390311 0.00013524010017600103
leaf_weight=140 71 95 197 56 81 50 64 71 231 79 5891 262 50 387 387 83 50 67 285 96 93 63 117 51 84 59 2207 3171 83 95
leaf_count=140 71 95 197 56 81 50 64 71 231 79 5891 262 50 387 387 83 50 67 285 96 93 63 117 51 84 59 2207 3171 83 95
internal_value=2.76341e-06 0.000125089 9.52769e-05 0.000827753 5.03866e-05 0.000804199 2.70799e-05 0.00028485 1.18438e-05 0.000213508 -5.94132e-05 0.000100694 0.000122029 -1.22964e-05 0.000178001 0.000319413 0.000505823 -2.62215e-05 6.11148e-05 8.46204e-05 9.55967e-05 0.00019953 -6.5629e-05 -4.03063e-05 -4.82801e-05 0.000249597 -4.1447e-05 -5.64387e-05 8.19707e-05 1.23011e-05
internal_weight=14716 4986 4891 275 4616 131 4485 231 4254 219 9730 333 801 3453 570 183 100 3100 411 160 353 156 9397 3506 3455 126 2689 3288 167 482
internal_count=14716 4986 4891 275 4616 131 4485 231 4254 219 9730 333 801 3453 570 183 100 3100 411 160 353 156 9397 3506 3455 126 2689 3288 167 482
is_linear=0
shrinkage=0.05


Tree=7
num_leaves=31
num_cat=0
split_feature=140 43 86 93 6 81 0 50 9 89 43 19 92 139 84 85 101 2 93 101 103 128 75 16 96 28 12 6 0 140
split_gain=0.0564757 0.108761 0.210407 0.0217164 0.0395392 0.0104714 0.00914911 0.00574678 0.00520478 0.00417915 0.00401876 0.00550042 0.00323393 0.00908402 0.00909218 0.00195041 0.00140289 0.00137432 0.00203461 0.0057168 0.00126881 0.00115015 0.00233704 0.00100477 0.000846649 0.000748507 0.000712619 0.000672767 0.000616111 0.000601288
threshold=75.820000000000007 0.34850000000000003 10.500000000000002 270.77153565000009 0.022078472222222225 32.850000000000001 0.0034500000000000004 1027.2500000000002 0.042777777777777783 38.95000000000001 0.39450000000000007 -0.0002757142857142856 20.050000000000008 84.467414954242443 14.150000000000004 277.90513685000002 0.093555649999984794 0.00097368600000000008 264.72544595000005 -6.2194082999999969 1100.3000000000002 9.5072399819157472 8.5500000000000025 6.1550000000000011 42.175000000000011 21.950000000000003 0.096316070500000003 0.0042479166666666681 0.052550000000000006 58.280000000000008
decision_type=2 2 2 2 2 2 2 2 2 2 2 2 2 2 2 2 2 2 2 2 2 2 2 2 2 2 2 2 2 2
left_child=3 2 5 12 7 -2 -7 9 -9 27 16 -12 17 20 -15 -3 21 26 -19 -20 29 22 25 -21 -25 -11 -1 -5 -23 -14
right_child=1 15 -4 4 -6 6 -8 8 -10 10 11 -13 13 14 -16 -17 -18 18 19 23 -22 28 -24 24 -26 -27 -28 -29 -30 -31
leaf_value=-7.2778910231420741e-05 0 -4.85764205947551e-05 0.0035332353842063139 -5.6732345078294713e-05 0.00109286232203143 0.00024268247854033941 0.0012440524742294871 3.301820682656184e-05 0.0007890845421385372 0.00052181492629321683 0.00059180750415605953 0 0 0.00094699117949965201 0 0.00021737443642393112 0 -7.1954140502795985e-05 0.00054256488618502428 -3.7433750417397403e-05 -4.9333135777869e-05 8.5250350004952767e-06 1.8698941608939396e-05 0 0.00020039212881205128 0.00013268972900508058 0 3.2900042012929485e-05 0.00014241934758884829 0.00017317576415606335
leaf_weight=8180 102 485 71 747 97 72 50 67 52 62 93 82 115 50 59 78 559 784 52 465 834 433 149 103 98 76 238 214 151 98
leaf_count=8180 102 485 71 747 97 72 50 67 52 62 93 82 115 50 59 78 559 784 52 465 834 433 149 103 98 76 238 214 151 98
internal_value=2.8598e-06 0.000396568 0.00117259 -2.11822e-05 0.000103077 0.000389752 0.000700508 6.50644e-05 0.000408889 4.70184e-05 9.71722e-05 0.000330041 -5.28507e-05 2.31835e-05 0.000457324 -2.54532e-06 6.49695e-05 -6.22166e-05 -1.38352e-05 4.26839e-05 -1.76358e-05 0.000104637 0.000194084 0 9.59301e-05 0.000345982 -7.02526e-05 -3.15616e-05 5.18762e-05 8.27612e-05
internal_weight=14716 858 295 13858 2782 224 122 2685 119 2566 1605 175 11076 1156 109 563 1430 9920 1502 718 1047 871 287 666 201 138 8418 961 584 213
internal_count=14716 858 295 13858 2782 224 122 2685 119 2566 1605 175 11076 1156 109 563 1430 9920 1502 718 1047 871 287 666 201 138 8418 961 584 213
is_linear=0
shrinkage=0.05


Tree=8
num_leaves=31
num_cat=0
split_feature=133 90 93 18 133 82 138 33 28 50 126 135 126 17 137 24 141 25 83 1 15 15 93 23 92 138 137 24 92 94
split_gain=0.142086 0.238273 0.0227879 0.0256231 0.0277193 0.0235492 0.0239019 0.0146075 0.00642972 0.0062401 0.00469282 0.00416325 0.00393877 0.0024697 0.00237262 0.00571291 0.00115718 0.00113025 0.00102472 0.000878569 0.000752978 0.00366806 0.000750755 0.000940666 0.000724829 0.000592598 0.000660994 0.000523425 0.000413713 0.000314033
threshold=88.200000000000003 25.063265306122453 267.14417930000008 0.063537500000000011 79.980000000000004 24.898000000000003 4.4350000000000014 -0.41610446781345783 21.250000000000004 1027.2500000000002 15.500000000000002 29.415000000000003 10.500000000000002 0.011500000000000002 0.75500000000000012 51.050000000000004 30.810000000000006 13.500000000000002 8.9500000000000011 0.036738039000000007 0.00092500000000000015 0.00094270833333333348 271.47531805000006 25.045833333333338 10.750000000000002 4.1800000000000006 0.65500000000000014 52.150000000000013 20.050000000000008 15.500000000000002
decision_type=2 2 2 2 2 2 2 2 2 2 2 2 2 2 2 2 2 2 2 2 2 2 2 2 2 2 2 2 2 2
left_child=2 -2 20 4 9 8 -7 -5 10 12 -6 16 13 18 27 17 -11 -16 -4 28 -1 -22 -17 -24 -23 26 -26 -15 -14 -27
right_child=1 -3 3 7 5 6 -8 -9 -10 11 -12 -13 19 14 15 22 -18 -19 -20 -21 21 24 23 -25 25 29 -28 -29 -30 -31
leaf_value=-7.2046256831338255e-05 5.1976013545481697e-05 0.0043125457181503969 0.00014773886548504205 0.0012027075424817955 0.00082254139672626153 0.0017893247724639187 0.00024372379925315744 0.00019749583606343634 0 0.00024825831676935197 3.0012164777373048e-05 0.00059422411355676379 -5.2307388310863776e-05 -1.321938892742717e-05 0.00018839427469156719 0 0 0.00073230606336922703 -3.9792396337065497e-05 1.5403351687060348e-05 0.00026472625830118427 -6.4173595711423587e-05 0 0.00023769022156946388 0.00023133191966245739 -5.0587550196589164e-05 0 8.508548571845259e-05 0 1.3376825509324188e-05
leaf_weight=6297 99 50 83 75 54 57 60 98 188 63 50 72 2119 191 50 142 92 59 460 722 92 1941 52 110 51 431 57 215 515 171
leaf_count=6297 99 50 83 75 54 57 60 98 188 63 50 72 2119 191 50 142 92 59 460 722 92 1941 52 110 51 431 57 215 515 171
internal_value=2.97809e-06 0.00153425 -1.24457e-05 6.70943e-05 4.66741e-05 0.000442125 0.00104786 0.000666424 0.000179601 1.28727e-05 0.000493051 0.00026836 0 7.22027e-05 0.000127252 0.000213783 8.21002e-05 0.000532241 -1.71733e-06 -2.8576e-05 -6.16311e-05 -3.58816e-05 8.1835e-05 0.000155067 -4.82951e-05 0 0.00010183 2.66347e-05 -4.25299e-05 -2.41343e-05
internal_weight=14716 149 14567 5527 5354 409 117 173 292 4945 104 227 4718 1362 819 413 155 109 543 3356 9040 2743 304 162 2651 710 108 406 2634 602
internal_count=14716 149 14567 5527 5354 409 117 173 292 4945 104 227 4718 1362 819 413 155 109 543 3356 9040 2743 304 162 2651 710 108 406 2634 602
is_linear=0
shrinkage=0.05


Tree=9
num_leaves=31
num_cat=0
split_feature=139 86 103 18 139 128 85 88 77 49 2 28 29 82 81 92 30 142 15 15 104 138 94 96 50 49 18 136 10 114
split_gain=0.0472765 0.101821 0.0194355 0.0269148 0.0131368 0.0194323 0.012813 0.00799976 0.00622109 0.00519532 0.00379964 0.00313906 0.00171298 0.00167216 0.00160801 0.00158382 0.00132652 0.00122864 0.0010437 0.0045529 0.00188545 0.00231378 0.000859198 0.000768655 0.000763257 0.000609907 0.00048695 0.000512992 0.00112032 0.000339325
threshold=90.664525633972247 10.500000000000002 1209.6500000000003 0.063537500000000011 85.299518965764761 9.1980520126980121 277.82451485000007 33.212500000000013 275.55836775000006 1005.9500000000002 0.0006863590000000001 27.700000000000003 29.150000000000002 24.514000000000006 31.050000000000004 19.550000000000008 0.31428571428571334 657.85111158034476 0.00092500000000000015 0.00093958333333333339 0.65000000000000024 4.3900000000000015 10.500000000000002 42.912500000000009 1021.4500000000002 982.75000000000011 0.0048833333333333341 0.37000000000000005 8.5150000000000023 29.950000000000003
decision_type=2 2 2 2 2 2 2 2 2 2 2 2 2 2 2 2 2 2 2 2 2 2 2 2 2 2 2 2 2 2
left_child=2 6 3 4 8 -6 13 -5 9 10 12 -7 14 -2 22 24 29 -17 -4 -20 21 -21 -1 -22 -10 -8 -14 28 -28 -12
right_child=1 -3 18 7 5 11 25 -9 15 -11 16 -13 26 -15 -16 17 -18 -19 19 20 23 -23 -24 -25 -26 -27 27 -29 -30 -31
leaf_value=0.00034515508190592165 -5.7159373000333941e-05 0.0019898273728520526 -6.6062600442469866e-05 0.0011553356222878529 0.0011549724641864976 0.00041165965868640342 0.00030870637485080541 0.00018287904691818518 -5.9426096568992965e-05 0.00059976400151869969 0.00018801996349457166 0 -3.6150887457976631e-05 0.00019630063881049869 0 4.364491103578055e-06 0.00048331275921581051 0.00022939266895902739 0.00043029827774332201 0.00029842372120614968 -6.1306414905594797e-05 0 3.444824352270859e-06 1.5823796194315533e-05 0 0.00085563030350140957 0.00021948851058882024 0 0 0
leaf_weight=103 276 90 6858 72 64 59 53 50 1382 54 172 128 346 84 82 322 69 93 51 86 2173 148 61 264 872 51 100 364 139 50
leaf_count=103 276 90 6858 72 64 59 53 50 1382 54 172 128 346 84 82 322 69 93 51 86 2173 148 61 264 872 51 100 364 139 50
internal_value=3.05124e-06 0.000456017 -1.43461e-05 6.98603e-05 4.85325e-05 0.000400629 0.000144119 0.000802165 2.62577e-05 0.000106743 8.50729e-05 0.000111092 4.04668e-05 0 0.00015872 -1.83316e-05 0.00025036 6.72419e-05 -5.5146e-05 -2.57917e-05 -3.65293e-05 9.14069e-05 0.00024915 -5.0897e-05 -3.63273e-05 0.000630123 4.41514e-06 3.59913e-05 9.27561e-05 0.000153691
internal_weight=14716 554 14162 4582 4460 251 464 122 4209 1540 1486 187 1195 360 246 2669 291 415 9580 2722 2671 234 164 2437 2254 104 949 603 239 222
internal_count=14716 554 14162 4582 4460 251 464 122 4209 1540 1486 187 1195 360 246 2669 291 415 9580 2722 2671 234 164 2437 2254 104 949 603 239 222
is_linear=0
shrinkage=0.05


Tree=10
num_leaves=31
num_cat=0
split_feature=139 156 93 18 139 36 33 116 50 104 112 3 21 30 129 69 89 126 129 88 82 0 82 137 137 118 15 137 104 14
split_gain=0.040399 0.0844706 0.0159059 0.0220798 0.0146309 0.0223417 0.012452 0.0119598 0.00423031 0.0036762 0.00308567 0.00295991 0.00237813 0.00288092 0.00264883 0.00217884 0.00158898 0.00147651 0.000987333 0.000970459 0.000947357 0.000738689 0.000728085 0.000687688 0.000681889 0.00169963 0.00535111 0.000659088 0.00059565 0.000546533
threshold=90.664525633972247 0.38000000000000006 267.39996630000007 0.063537500000000011 85.299518965764761 268.35656255000004 -0.44834396539921356 291.17879980000004 1027.2500000000002 0.75000000000000011 284.70507255000007 0.0084883540000000018 0.49305555555555564 0.31428571428571334 8.5000000000000018 276.33708320000005 32.95000000000001 13.500000000000002 3.5000000000000004 18.962500000000002 15.4 0.41135000000000005 23.894000000000002 1.0650000000000002 0.065000000000000016 14.450000000000001 0.00092500000000000015 18.300000000000004 0.35000000000000009 0.028951210500000001
decision_type=2 2 2 2 2 2 2 2 2 2 2 2 2 2 2 2 2 2 2 2 2 2 2 2 2 2 2 2 2 2
left_child=2 7 21 4 8 -6 -5 10 11 15 -2 19 13 14 18 -10 -12 -15 -13 28 23 24 29 -14 25 -1 -27 -26 -4 -20
right_child=1 -3 3 6 5 -7 -8 -9 9 -11 16 12 20 17 -16 -17 -18 -19 22 -21 -22 -23 -24 -25 27 26 -28 -29 -30 -31
leaf_value=-5.2652506963180003e-05 -4.6905933597156694e-05 0.0018089059532892704 0 0.0011429955816452599 0 0.0010135046886402721 0.00012974224269256458 0.00081354704752524618 0.00064308389082610138 0 0 -6.0750909731495499e-07 0 0.00055216615913585498 0.00036574720183374642 7.7454138181086535e-05 0.00043685734118653125 3.5979756634975163e-05 0.00017758290333336633 -4.448208593984719e-05 -3.0759356771790518e-05 9.446984589949511e-05 0 0.00022336106974817638 -6.4256696837302368e-05 -3.6450466945921706e-05 0.000406643592573096 7.1347101077451821e-05 0.0001662132663215921 0
leaf_weight=955 294 91 119 71 122 94 75 56 62 87 51 510 140 55 72 56 58 50 228 2105 849 56 187 65 7614 211 90 55 81 91
leaf_count=955 294 91 119 71 122 94 75 56 62 87 51 510 140 55 72 56 58 50 228 2105 849 56 187 65 7614 211 90 55 81 91
internal_value=1.21845e-06 0.000421537 -1.48511e-05 5.49956e-05 3.60719e-05 0.00043852 0.000660926 0.000132278 1.66589e-05 0.000238914 2.34541e-05 5.50112e-06 4.72574e-05 9.57923e-05 6.57665e-05 0.000419573 0.000257388 0.000356191 3.92529e-05 -3.3039e-05 -2.9776e-06 -5.52208e-05 8.92123e-05 8.73985e-05 -5.67307e-05 -1.67532e-05 8.03876e-05 -6.26231e-05 6.21456e-05 0.00013527
internal_weight=14650 550 14100 5119 4973 216 146 459 4757 205 403 4552 2247 1193 1088 118 109 105 1016 2305 1054 8981 506 205 8925 1256 301 7669 200 319
internal_count=14650 550 14100 5119 4973 216 146 459 4757 205 403 4552 2247 1193 1088 118 109 105 1016 2305 1054 8981 506 205 8925 1256 301 7669 200 319
is_linear=0
shrinkage=0.05


Tree=11
num_leaves=31
num_cat=0
split_feature=133 90 103 18 137 6 77 49 13 92 134 0 3 96 23 44 15 131 88 96 29 83 23 15 3 134 13 92 0 34
split_gain=0.106101 0.195723 0.0177029 0.024778 0.0145791 0.0106029 0.00389592 0.00442821 0.00276168 0.00269153 0.003424 0.00166483 0.00129927 0.00131805 0.00254804 0.00122353 0.0010682 0.00397567 0.015002 0.0013274 0.000925379 0.00094645 0.000803335 0.000583488 0.000583374 0.000561744 0.000483597 0.000419913 0.000371839 0.000351892
threshold=88.200000000000003 24.854081632653067 1146.8500000000004 0.06499583333333335 1.0000000180025095e-35 0.0035847222222222226 276.46267095000002 1005.9500000000002 0.0029774413125000006 19.550000000000008 5.6900000000000004 0.41135000000000005 0.014970919000000001 42.625000000000007 25.570138888888888 932.50000000000011 0.00092500000000000015 33.845472724088289 32.987500000000004 44.26250000000001 31.050000000000004 16.250000000000004 18.550694444444449 0.00036979166666666671 0.057744021000000006 10.385000000000002 0.001594405479166667 3.2500000000000009 0.028050000000000002 -0.52550131212056195
decision_type=2 2 2 2 2 2 2 2 2 2 2 2 2 2 2 2 2 2 2 2 2 2 2 2 2 2 2 2 2 2
left_child=2 27 3 4 5 15 7 8 12 24 -11 16 20 28 -15 -1 -4 18 -18 -19 21 22 -6 -16 -8 -21 -25 -2 -14 -27
right_child=1 -3 11 -5 6 -7 9 -9 -10 10 -12 -13 13 14 23 -17 17 19 -20 25 -22 -23 -24 26 -26 29 -28 -29 -30 -31
leaf_value=0.00026770617162751649 -3.0424772381333498e-05 0.0038038265520635136 -6.0394788381290228e-05 0.00094946471601724627 0.00023559979174131446 0.00086728019958366319 -5.2762358969097029e-05 0.00052696981268512651 0.0003867188111582155 0.00041997621404122698 1.3427015791437538e-05 0.00018373158249767799 -1.0691062492579431e-06 0.00047712934754907331 0 0 -2.1288415830010901e-05 -5.4924824141578195e-05 0.00083621523624363659 0 -4.0115780627477059e-05 -1.1867716136244877e-05 2.4498685395782964e-05 0.00024011583966826106 1.1492737026617015e-05 0 0 0.00014001011701218565 6.9871416751713985e-05 0.00021458460157910893
leaf_weight=53 55 51 7332 79 105 93 1450 58 70 72 284 67 154 67 96 58 216 2368 62 127 431 166 198 70 311 74 56 50 311 66
leaf_count=53 55 51 7332 79 105 93 1450 58 70 72 284 67 154 67 96 58 216 2368 62 127 431 166 198 70 311 74 56 50 311 66
internal_value=1.36322e-06 0.00129449 -1.22983e-05 7.3995e-05 5.5693e-05 0.000468565 3.26944e-05 8.74905e-05 6.95098e-05 -1.10895e-05 0.000110602 -4.77828e-05 5.28383e-05 0.000101868 0.000190608 8.5103e-05 -4.98027e-05 -2.14149e-05 0.000154344 -4.19063e-05 6.14527e-06 5.92913e-05 0.000114634 7.99618e-05 -3.85769e-05 5.46709e-05 0.000150708 4.12008e-06 3.56956e-05 0.000125064
internal_weight=14650 156 14494 4182 4103 204 3899 1782 1724 2117 356 10312 1654 754 289 111 10245 2913 278 2635 900 469 303 222 1761 267 126 105 465 140
internal_count=14650 156 14494 4182 4103 204 3899 1782 1724 2117 356 10312 1654 754 289 111 10245 2913 278 2635 900 469 303 222 1761 267 126 105 465 140
is_linear=0
shrinkage=0.05


Tree=12
num_leaves=31
num_cat=0
split_feature=133 90 103 18 137 82 32 81 30 116 2 137 92 134 1 41 15 131 88 96 112 133 112 134 24 41 24 88 132 50
split_gain=0.0959221 0.176997 0.0161028 0.0223557 0.0131415 0.0102879 0.00644284 0.00325979 0.00649328 0.00514525 0.00279606 0.0020202 0.00178147 0.00240433 0.00151311 0.000972314 0.000961363 0.00355999 0.0135904 0.00120775 0.00068756 0.00116851 0.000641937 0.00052254 0.000479973 0.000469001 0.000425225 0.000380863 0.000342685 0.000415126
threshold=88.200000000000003 24.854081632653067 1146.8500000000004 0.06499583333333335 1.0000000180025095e-35 24.898000000000003 4.0500000000000007 28.950000000000003 -3.5399999999999996 278.84776290000008 0.00021126900000000001 5.580000000000001 20.250000000000004 5.79 0.61966513750000007 44.500000000000007 0.00092500000000000015 33.845472724088289 32.987500000000004 44.26250000000001 280.66140470000005 13.645000000000001 276.56221820000002 10.385000000000002 47.400000000000006 32.500000000000007 59.050000000000004 28.187500000000007 4.5000000000000009 1024.2500000000002
decision_type=2 2 2 2 2 2 2 2 2 2 2 2 2 2 2 2 2 2 2 2 2 2 2 2 2 2 2 2 2 2
left_child=2 27 3 4 5 6 -1 8 9 -6 12 24 26 -14 16 -10 -4 18 -18 -19 21 -17 -23 -21 -12 -26 -9 -2 29 -27
right_child=1 -3 14 -5 7 -7 -8 10 15 -11 11 -13 13 -15 -16 20 17 19 -20 23 -22 22 -24 -25 25 28 -28 -29 -30 -31
leaf_value=0.00065749816788750247 -2.9009326140762169e-05 0.0036172927613370119 -5.7375461112381187e-05 0.00090258489901680154 0 0.0010782233250826651 0 -5.1242147035120212e-05 -2.5038909097598995e-05 0.00066039144504677762 0 0.00038245096314312835 0.00034620182781442484 0 0.00017468010232358426 4.3445887077317235e-06 -2.0228900479079103e-05 -5.217974288660945e-05 0.00079506814851248184 0 0 0.00028170765196808224 7.7752026800533876e-05 0.00012004197997396126 0 0.00019866303286655916 1.1071330160007806e-05 0.00013323320186578249 0 0
leaf_weight=50 55 51 7332 79 53 51 103 1728 219 87 149 63 67 236 67 252 216 2368 62 127 203 125 206 140 63 145 176 50 60 67
leaf_count=50 55 51 7332 79 53 51 103 1728 219 87 149 63 67 236 67 252 216 2368 62 127 203 125 206 140 63 145 176 50 60 67
internal_value=1.4675e-06 0.00123102 -1.15053e-05 7.07763e-05 5.33261e-05 0.000445432 0.000196402 3.14197e-05 0.000102327 0.000425392 9.81179e-08 0.000102931 -2.31593e-05 8.38892e-05 -4.53628e-05 5.19744e-05 -4.73067e-05 -2.0237e-05 0.000145877 -3.97079e-05 7.97901e-05 0.000107344 0.000170451 5.20286e-05 5.55241e-05 8.95616e-05 -4.28546e-05 1.60727e-06 0.000119026 0.00014893
internal_weight=14650 156 14494 4182 4103 204 153 3899 1145 140 2754 547 2207 303 10312 1005 10245 2913 278 2635 786 583 331 267 484 335 1904 105 272 212
internal_count=14650 156 14494 4182 4103 204 153 3899 1145 140 2754 547 2207 303 10312 1005 10245 2913 278 2635 786 583 331 267 484 335 1904 105 272 212
is_linear=0
shrinkage=0.05


Tree=13
num_leaves=31
num_cat=0
split_feature=133 90 103 18 133 119 44 50 104 17 46 9 112 85 15 104 4 73 111 27 22 113 99 92 10 128 44 95 131 137
split_gain=0.0867188 0.160311 0.0146662 0.0201664 0.0121503 0.0108088 0.00834692 0.00315621 0.00363103 0.00221272 0.00166378 0.0016076 0.00143232 0.00138287 0.00212694 0.00136763 0.00113278 0.00104528 0.000633712 0.000626203 0.000949135 0.000593201 0.00426063 0.000542653 0.000466333 0.00106102 0.000852728 0.000399185 0.000516444 0.000329767
threshold=88.200000000000003 25.063265306122453 1146.8500000000004 0.06499583333333335 80.210000000000022 9.3500000000000032 772.50000000000011 1026.7500000000002 0.75000000000000011 0.025250000000000005 1.5000000000000002 0.042777777777777783 283.88579930000009 273.84030045000003 0.00093958333333333339 0.65000000000000024 0.0040377470000000004 12.350000000000003 7.9500000000000011 1413.0000000000002 54.000000000000007 1.3500000000000003 1.350000000000023 3.7500000000000013 8.7000000000000011 10.294819926781306 882.50000000000011 5.5000000000000009 110.55122614849988 1.0000000180025095e-35
decision_type=2 2 2 2 2 2 2 2 2 2 2 2 2 2 2 2 2 2 2 2 2 2 2 2 2 2 2 2 2 2
left_child=2 23 3 4 7 6 -6 9 11 17 18 -9 -7 21 -15 -16 -12 19 24 20 -1 29 -23 -2 25 26 -11 -17 -29 -4
right_child=1 -3 13 -5 5 12 -8 8 -10 10 16 -13 -14 14 15 27 -18 -19 -20 -21 -22 22 -24 -25 -26 -27 -28 28 -30 -31
leaf_value=0 -2.9416085382220904e-05 0.0034751550126455575 0 0.0008580197829624012 0.00098660555913656104 0 6.2015273778027994e-05 7.1627957483672477e-05 0 0.00028509190493440699 0.00030418380364463101 0.00057907939648756124 0.00028071935754269366 -3.166963795157206e-05 0.00028850212390518049 -9.9267661924521349e-06 2.2734705485914753e-05 -3.5104100199955207e-05 -6.986606336935293e-07 0 0.0002807754961099818 -4.452923439954639e-05 0.00043490507769485139 0.00016149018168981261 1.8871102651320278e-05 0 0 0 0.00016028818601032018 -5.6054728214110089e-05
leaf_weight=98 56 50 308 79 87 135 51 55 102 104 118 66 56 1168 87 107 114 1833 519 165 63 506 50 50 418 67 52 64 97 7925
leaf_count=98 56 50 308 79 87 135 51 55 102 104 118 66 56 1168 87 107 114 1833 519 165 63 506 50 50 418 67 52 64 97 7925
internal_value=1.56406e-06 0.00117065 -1.07539e-05 6.77526e-05 5.1113e-05 0.000343247 0.000683785 2.42374e-05 0.000207645 1.12567e-05 6.12619e-05 0.000391881 6.88821e-05 -4.30802e-05 0 0.000107903 0.000188036 -1.86825e-05 3.14604e-05 5.81858e-05 0.000128443 -5.07028e-05 0 1.45727e-05 6.52473e-05 0.000129383 0.000201938 2.98331e-05 8.70198e-05 -5.40784e-05
internal_weight=14650 156 14494 4182 4103 329 138 3774 223 3551 1392 121 191 10312 1523 355 232 2159 1160 326 161 8789 556 106 641 223 156 268 161 8233
internal_count=14650 156 14494 4182 4103 329 138 3774 223 3551 1392 121 191 10312 1523 355 232 2159 1160 326 161 8789 556 106 641 223 156 268 161 8233
is_linear=0
shrinkage=0.05


Tree=14
num_leaves=31
num_cat=0
split_feature=133 90 103 9 133 44 141 82 77 49 2 133 132 0 112 85 138 138 16 133 116 91 91 116 113 2 92 23 141 43
split_gain=0.0784043 0.144977 0.0133594 0.0159335 0.0112179 0.00983913 0.0129066 0.00497388 0.00317454 0.00315135 0.00158944 0.00201295 0.0013761 0.00131099 0.00100581 0.000896787 0.000878849 0.000955745 0.000798858 0.00183223 0.000785398 0.000685242 0.000684723 0.000624426 0.000573719 0.00338384 0.000493243 0.000346327 0.000319969 0.000300143
threshold=88.200000000000003 25.063265306122453 1146.8500000000004 3.3623611111111114 80.210000000000022 782.50000000000011 25.640000000000004 15.965999999999999 275.55836775000006 1005.9500000000002 0.0006863590000000001 59.215000000000011 5.5000000000000009 0.41135000000000005 283.25100535000007 271.70400860000001 3.9200000000000004 2.9800000000000004 0.94500000000000006 78.110000000000014 285.19169210000007 19.750000000000004 19.150000000000002 277.85174325000008 1.3500000000000003 0.0031384280000000004 3.7500000000000013 17.979166666666668 36.235000000000007 0.37050000000000005
decision_type=2 2 2 2 2 2 2 2 2 2 2 2 2 2 2 2 2 2 2 2 2 2 2 2 2 2 2 2 2 2
left_child=2 26 3 4 8 6 -6 -5 9 10 16 12 -12 15 -7 24 17 -1 28 -20 -10 22 -22 -19 -4 -26 -2 -23 -17 -18
right_child=1 -3 13 7 5 14 -8 -9 20 -11 11 -13 -14 -15 -16 18 29 23 19 -21 21 27 -24 -25 25 -27 -28 -29 -30 -31
leaf_value=0 -2.7971085816572758e-05 0.0033048043543171578 -5.398422253265708e-05 0.00099644297381697253 9.2122198807423903e-05 -6.1960624049970658e-05 0.0010137299815941015 0.00019749993045358374 -5.0216653607672144e-05 0.00047377357726701417 0.00043157737408182589 6.76401890100975e-06 0 0.0001632538702474181 0.00020050053713580897 -5.0190274564319657e-05 -1.1772810412975239e-05 0 0 0.00027773876030661278 1.0163167216795007e-05 8.7643138533946644e-05 0.00016834054909391539 0.00024255049541645381 -4.1843591251114195e-05 0.00037884937747017009 0.0001535739953507408 -2.7126334808432017e-05 0 6.6857558792812559e-05
leaf_weight=76 56 50 7615 58 90 99 88 59 912 52 89 152 50 67 52 997 672 53 736 65 391 55 114 117 486 52 50 857 294 146
leaf_count=76 56 50 7615 58 90 99 88 59 912 52 89 152 50 67 52 997 672 53 736 65 391 55 114 117 486 52 50 857 294 146
internal_value=1.62745e-06 0.00111327 -1.00682e-05 6.48401e-05 4.68731e-05 0.00032738 0.000578799 0.000641018 2.0752e-05 8.05549e-05 6.1439e-05 0.000168573 0.000308488 -4.09352e-05 0 -4.27744e-05 2.73128e-05 0.000110053 -1.0427e-05 2.5232e-05 -1.32494e-05 7.03579e-06 5.60141e-05 0.000177391 -5.0459e-05 0 1.15694e-05 -1.46401e-05 -3.6424e-05 0
internal_weight=14650 156 14494 4182 4065 329 178 117 3736 1407 1355 291 139 10312 151 10245 1064 246 2092 801 2329 1417 505 170 8153 538 106 912 1291 818
internal_count=14650 156 14494 4182 4065 329 178 117 3736 1407 1355 291 139 10312 151 10245 1064 246 2092 801 2329 1417 505 170 8153 538 106 912 1291 818
is_linear=0
shrinkage=0.05


Tree=15
num_leaves=31
num_cat=0
split_feature=133 86 93 133 18 36 94 120 35 50 135 2 100 4 4 101 4 93 92 121 1 116 141 2 113 0 82 0 27 14
split_gain=0.0605013 0.105634 0.0132133 0.0139986 0.0145601 0.0119311 0.0188615 0.00934994 0.00411055 0.00324938 0.00305807 0.00230596 0.00253272 0.00218386 0.00287249 0.0011913 0.000951283 0.000772734 0.000746452 0.000786337 0.000950685 0.000736308 0.00051669 0.000474873 0.00287125 0.000425781 0.000368849 0.000341598 0.00030484 0.000255855
threshold=88.200000000000003 5.5000000000000009 267.14417930000008 79.980000000000004 0.063537500000000011 268.08106340000001 15.500000000000002 273.46900440000007 281.20417655000006 1027.2500000000002 29.415000000000003 0.00064742850000000008 3.4500000000000459 1.1520000000000002e-05 0.0033372235000000004 -5.2301700499999972 0.010930737000000001 268.33716595000004 6.450000000000002 1.0000000180025095e-35 0.0011405705000000002 289.98302495000007 30.810000000000006 0.0035617145000000003 1.3500000000000003 0.41135000000000005 15.906000000000004 0.018250000000000006 1876.3000000000002 0.015295619000000002
decision_type=2 2 2 2 2 2 2 2 2 2 2 2 2 2 2 2 2 2 2 2 2 2 2 2 2 2 2 2 2 2
left_child=2 26 23 4 9 21 8 16 -7 11 22 15 -13 -14 -15 18 -6 -10 -4 -20 -21 -5 -11 25 27 -1 -2 -25 -16 -17
right_child=1 -3 3 5 7 6 -8 -9 17 10 -12 12 13 14 28 29 -18 -19 19 20 -22 -23 -24 24 -26 -27 -28 -29 -30 -31
leaf_value=-5.0294594699669057e-05 -1.8938235124761163e-05 0.0028510091324478355 0 -3.8523082548008776e-05 0 0.0006373977853994196 0.0014444483872592593 0.00095767143490001455 0.00020033816206203737 0.00015130624897973313 0.00047676131820278701 0 0 0.00048480172302129641 0.00013207949665680149 -3.1830925639168117e-05 0.000292808668751854 0 0 0.00028720055287206046 0 0.00016046857061673321 -1.1021537815702062e-06 5.3791220723522e-05 0.00034272726135963307 5.1288144444957393e-05 0.00013359300353377144 -4.5668095143709159e-05 0 0
leaf_weight=8126 51 50 237 115 59 59 51 66 57 61 71 457 91 97 109 2536 50 55 111 94 54 64 82 53 53 55 50 737 50 854
leaf_count=8126 51 50 237 115 59 59 51 66 57 61 71 457 91 97 109 2536 50 55 111 94 54 64 82 53 53 55 50 737 50 854
internal_value=2.31948e-06 0.000994934 -7.73772e-06 5.30793e-05 2.9512e-05 0.000338325 0.00058316 0.000477134 0.00029031 1.24252e-05 0.000202867 2.62825e-06 8.0506e-05 0.000182174 0.000257259 -1.22146e-05 0.00013465 5.91994e-05 5.72212e-05 0.000115915 0.000191414 5.34322e-06 2.97883e-05 -4.52258e-05 -2.71452e-06 -4.89944e-05 8.12211e-06 -3.26148e-05 8.50312e-05 -2.38623e-05
internal_weight=14655 151 14504 5480 5079 401 222 175 171 4904 214 4690 804 347 256 3886 109 112 496 259 148 179 143 9024 843 8181 101 790 159 3390
internal_count=14655 151 14504 5480 5079 401 222 175 171 4904 214 4690 804 347 256 3886 109 112 496 259 148 179 143 9024 843 8181 101 790 159 3390
is_linear=0
shrinkage=0.05


Tree=16
num_leaves=31
num_cat=0
split_feature=133 90 103 18 137 94 100 32 81 30 1 2 48 160 137 85 160 103 29 12 82 2 113 134 138 138 99 1 133 35
split_gain=0.054696 0.0967596 0.0122418 0.012722 0.0109834 0.0146079 0.00629608 0.00365051 0.0034181 0.00523037 0.00468983 0.00234717 0.00160395 0.00158989 0.00200153 0.00137649 0.00125509 0.00104492 0.00104415 0.000499774 0.000566298 0.000468303 0.00258356 0.000417721 0.000375695 0.000999013 0.000372991 0.000359174 0.000253947 0.000525348
threshold=88.200000000000003 24.10510204081633 1272.5500000000004 0.063537500000000011 1.0000000180025095e-35 15.500000000000002 0.80000000000001148 4.7500000000000009 28.950000000000003 -3.5399999999999996 0.0042704430000000014 0.00021126900000000001 1.5000000000000002 0.40918367346938783 0.13500000000000004 275.46103335000004 0.45816326530612256 977.70000000000027 24.250000000000004 0.096316070500000003 30.610000000000003 0.0035617145000000003 1.2500000000000002 6.205000000000001 3.9200000000000004 3.1850000000000005 3.2500000000000004 0.021912286000000003 84.075000000000017 286.45432145000007
decision_type=2 2 2 2 2 2 2 2 2 2 2 2 2 2 2 2 2 2 2 2 2 2 2 2 2 2 2 2 2 2
left_child=2 -2 3 4 5 7 -5 -1 9 10 -6 13 -13 -10 17 18 23 -15 -11 21 -21 28 27 -14 25 -20 -26 -23 -4 -30
right_child=1 -3 19 6 8 -7 -8 -9 11 15 -12 12 16 14 -16 -17 -18 -19 24 20 -22 22 -24 -25 26 -27 -28 -29 29 -31
leaf_value=0.00049548434234263073 0 0.0026960550388545157 -4.9291697704561266e-05 4.7751155471501745e-05 0.00058391346001390601 0.0011285377381948191 0.00083052407175687845 0 -4.0772343949515498e-05 0.00025991448460554241 0 0.00025708807984921279 -6.4010717303264954e-05 0.00040868470034051413 0 -1.5185884334503649e-05 0.00020853056142641435 0 0 -1.4801402660092814e-05 0.0001259885828792527 5.9268934389495237e-05 0.00033290002188060991 3.2353173610212977e-05 0 0.00024898897619398975 9.9666725280084882e-05 -4.4813467034485771e-05 -3.4139520894233562e-05 0.00013944097087477094
leaf_weight=50 100 51 7925 60 96 51 78 137 2377 99 55 112 143 54 321 381 91 55 84 239 86 55 51 433 311 83 104 695 225 53
leaf_count=50 100 51 7925 60 96 51 78 137 2377 99 55 112 143 54 321 381 91 55 84 239 86 55 51 433 311 83 104 695 225 53
internal_value=2.36446e-06 0.000946163 -7.18119e-06 5.40688e-05 3.99635e-05 0.000372158 0.000528951 0.000134371 2.2373e-05 9.49532e-05 0.000374764 -8.0373e-07 7.44353e-05 -2.34838e-05 6.03577e-05 5.01497e-05 3.59409e-05 0.000244466 9.40032e-05 -4.1696e-05 7.38856e-06 -4.40235e-05 -6.98643e-07 0 5.68074e-05 0.00012701 1.63006e-05 -3.04542e-05 -4.7644e-05 0
internal_weight=14655 151 14504 5175 5037 238 138 187 4799 1213 151 3586 779 2807 430 1062 667 109 681 9329 325 9004 801 576 582 167 415 750 8203 278
internal_count=14655 151 14504 5175 5037 238 138 187 4799 1213 151 3586 779 2807 430 1062 667 109 681 9329 325 9004 801 576 582 167 415 750 8203 278
is_linear=0
shrinkage=0.05


Tree=17
num_leaves=31
num_cat=0
split_feature=133 86 103 18 137 82 32 77 49 92 43 96 133 138 85 15 128 86 43 134 49 11 113 99 3 21 22 116 93 93
split_gain=0.0495703 0.0891275 0.0111646 0.0128589 0.00885125 0.00831977 0.00527322 0.00262526 0.00393029 0.00229611 0.00310848 0.00178108 0.00418011 0.00423414 0.000879804 0.00117243 0.00156716 0.000542535 0.00067184 0.000930503 0.000723936 0.0005179 0.000415911 0.00373672 0.00038114 0.000341012 0.00030852 0.000259922 0.000383906 0.000363754
threshold=88.200000000000003 4.5000000000000009 1173.5500000000002 0.06499583333333335 1.0000000180025095e-35 24.80200000000001 4.2500000000000009 276.46267095000002 1005.9500000000002 19.550000000000008 0.32950000000000007 42.625000000000007 13.645000000000001 4.785000000000001 272.33746340000005 0.00093958333333333339 9.232155983247015 2.5000000000000004 0.36550000000000005 6.8100000000000014 973.6500000000002 0.0027782673263888895 1.3500000000000003 1.5999999999999661 0.057744021000000006 0.56250000000000011 6.5000000000000009 288.80273885000003 271.73829835000004 269.00516100000004
decision_type=2 2 2 2 2 2 2 2 2 2 2 2 2 2 2 2 2 2 2 2 2 2 2 2 2 2 2 2 2 2
left_child=2 -2 3 4 5 6 -1 8 11 24 27 17 26 -14 22 25 -17 18 -6 -20 -21 -15 -4 -24 -9 -16 -13 -11 29 -29
right_child=1 -3 14 -5 7 -7 -8 9 -10 10 -12 12 13 21 15 16 -18 -19 19 20 -22 -23 23 -25 -26 -27 -28 28 -30 -31
leaf_value=0.00056980421001664549 -1.0359530773557511e-05 0.0024222976024759839 -4.5734898288098344e-05 0.00063256774644127967 3.2244576577911214e-06 0.00094144293723266129 -7.9768349279645797e-06 -4.3222361284551999e-05 0.00048842626312699429 -1.2905033790268519e-05 0.00039398251166761238 0.00012481387463156825 0.00063785320694696062 0 0 0.00028660083002048651 9.3108968321865484e-06 -1.9095012481465876e-05 0 0 0.00027118268576826939 0.00023513370383098893 -4.2108840658357742e-05 0.00040264497738322602 4.6406057042856572e-06 -5.1853806248119116e-05 0 0 0 0.00017687094401924521
leaf_weight=50 93 58 7792 96 514 50 108 1525 57 131 74 53 70 97 665 71 337 477 61 57 98 56 513 51 328 653 336 52 51 81
leaf_count=50 93 58 7792 96 514 50 108 1525 57 131 74 53 70 97 665 71 337 477 61 57 98 56 513 51 328 653 336 52 51 81
internal_value=2.44038e-06 0.000900933 -6.63051e-06 5.91745e-05 4.51513e-05 0.000364613 0.000145852 2.77168e-05 7.16052e-05 -6.79332e-06 0.000100495 5.55353e-05 0.000126296 0.000299986 -3.59917e-05 -4.55004e-07 7.03725e-05 1.54425e-05 4.48454e-05 0.000120375 0.000187265 0.000109801 -4.27329e-05 0 -3.20553e-05 -2.62078e-05 1.33915e-05 1.46977e-05 6.13402e-05 0.000111162
internal_weight=14655 151 14504 4422 4326 208 158 4118 1876 2242 389 1819 612 223 10082 1726 408 1207 730 216 155 153 8356 564 1853 1318 389 315 184 133
internal_count=14655 151 14504 4422 4326 208 158 4118 1876 2242 389 1819 612 223 10082 1726 408 1207 730 216 155 153 8356 564 1853 1318 389 315 184 133
is_linear=0
shrinkage=0.05


Tree=18
num_leaves=31
num_cat=0
split_feature=133 90 103 18 137 33 83 81 30 85 2 137 92 134 85 85 133 18 124 124 114 135 137 22 99 137 108 0 142 56
split_gain=0.044633 0.0813306 0.0102574 0.0124121 0.00751932 0.00726138 0.00521613 0.00253904 0.00429365 0.00422425 0.00191149 0.00167057 0.00149781 0.0016985 0.00131578 0.00114508 0.00124476 0.00121693 0.00106646 0.000672793 0.000370569 0.000381489 0.000340769 0.000343512 0.00281354 0.000369239 0.000671929 0.000352375 0.000325833 0.000448559
threshold=88.200000000000003 24.10510204081633 1120.4000000000003 0.06499583333333335 1.0000000180025095e-35 -0.87919917663988723 19.350000000000005 28.950000000000003 -3.5399999999999996 274.67729370000001 0.00021126900000000001 5.580000000000001 20.250000000000004 5.79 275.46103335000004 276.14923485000003 80.210000000000022 0.063537500000000011 0.91597561503675351 0.1294095225512602 32.250000000000007 21.185000000000006 18.300000000000004 1.0000000180025095e-35 3.3000000000000118 1.0000000180025095e-35 290.29570460000008 0.41135000000000005 127.74809539787391 -6.4182247999999893
decision_type=2 2 2 2 2 2 2 2 2 2 2 2 2 2 2 2 2 2 2 2 2 2 2 2 2 2 2 2 2 2
left_child=2 -2 3 4 5 -1 -7 8 9 -6 12 19 -9 -14 18 22 17 -17 28 -12 21 -21 23 24 -4 26 -25 -27 -10 -30
right_child=1 -3 15 -5 7 6 -8 10 14 -11 11 -13 13 -15 -16 16 -18 -19 -20 20 -22 -23 -24 25 -26 27 -28 -29 29 -31
leaf_value=0 0 0.0024590933992966225 -4.0654010179555868e-05 0.0006913280852425557 7.185689020609002e-05 0.00092104027524612768 0.00014136610158335525 -3.6340689305664991e-05 0 0.00069713823260450416 -1.2773264308448103e-06 0.00036655002731872215 0.00032976596169615293 0 -1.4029935886928458e-05 -1.5425535412180783e-05 0.00023384314952547031 0.00019698756935686607 0.00025985281488210605 0.00019362140222818787 0 0 4.3565575500126992e-05 -1.8353258180412113e-05 0.00034237110934529687 -4.4373722718589879e-05 0.00017411378344359737 4.6965438757103615e-05 0 0.00010997022056421554
leaf_weight=71 100 51 425 77 92 63 60 1807 190 57 194 54 57 191 377 880 60 72 99 117 58 60 69 306 53 8565 51 53 58 288
leaf_count=71 100 51 425 77 92 63 60 1807 190 57 194 54 57 191 377 880 60 72 99 117 58 60 69 306 53 8565 51 53 58 288
internal_value=2.45421e-06 0.000855035 -6.13557e-06 6.19188e-05 4.80113e-05 0.000353136 0.000585241 3.05661e-05 9.18529e-05 0.000347445 5.36252e-07 9.17602e-05 -1.8507e-05 9.09783e-05 4.89796e-05 -3.22616e-05 1.48614e-05 0 9.42133e-05 4.47713e-05 0.000103817 0.000139622 -3.77959e-05 -3.89232e-05 0 -4.11263e-05 0 -4.32265e-05 5.38815e-05 8.27065e-05
internal_weight=14655 151 14504 3970 3893 194 123 3699 1161 149 2538 483 2055 248 1012 10534 1012 952 635 429 235 177 9522 9453 478 8975 357 8618 536 346
internal_count=14655 151 14504 3970 3893 194 123 3699 1161 149 2538 483 2055 248 1012 10534 1012 952 635 429 235 177 9522 9453 478 8975 357 8618 536 346
is_linear=0
shrinkage=0.05


Tree=19
num_leaves=31
num_cat=0
split_feature=133 86 103 0 133 44 128 50 2 9 4 115 15 93 133 15 112 89 141 4 88 129 56 4 14 0 21 6 92 81
split_gain=0.040412 0.0749558 0.00939668 0.0115499 0.00520438 0.00885206 0.00736767 0.00288516 0.00213186 0.00209669 0.00169921 0.00153328 0.00131919 0.002718 0.00568319 0.00198074 0.00130749 0.00129781 0.000753764 0.000701315 0.000639743 0.000571487 0.000599879 0.000519985 0.000746336 0.000305884 0.000296896 0.00044921 0.000272648 0.000283375
threshold=88.200000000000003 4.5000000000000009 1074.7500000000002 0.21365000000000003 79.980000000000004 592.50000000000011 9.293439940087163 1026.7500000000002 0.00036114100000000004 0.042777777777777783 1.1520000000000002e-05 14.550000000000002 0.00092500000000000015 267.39996630000007 80.660000000000011 0.00094270833333333348 283.25100535000007 43.350000000000001 31.995000000000001 0.0033372235000000004 18.962500000000002 2.5000000000000004 -1.911087549999962 0.0018649930000000003 0.015295619000000002 0.012750000000000003 0.46527777777777785 0.0059791666666666665 19.950000000000006 37.850000000000001
decision_type=2 2 2 2 2 2 2 2 2 2 2 2 2 2 2 2 2 2 2 2 2 2 2 2 2 2 2 2 2 2
left_child=2 -2 3 4 7 6 -6 8 20 -9 -10 19 -4 15 17 -14 -7 -15 -19 -12 21 -1 -23 28 -25 -26 -17 -28 -22 -30
right_child=1 -3 12 -5 5 16 -8 9 10 -11 11 -13 13 14 -16 26 -18 18 -20 -21 23 22 -24 24 25 -27 27 -29 29 -31
leaf_value=0 -1.7695234484098692e-05 0.0022094565444483846 -4.0120910338117776e-05 0.0007705580995915908 0.00089101097432430832 -8.5666955719755048e-05 8.2313483130042506e-05 0 -1.272927569119598e-05 0.00040076904658861983 0.00043907712925559013 1.2892546124151391e-05 0.00019156073183985428 -4.0283005726950456e-05 0.00061085481897372616 -3.8426847473821243e-05 0.00017551199690551121 2.4583037822874476e-05 0.0002939232022908982 0.00012160364248980346 -3.0957649912307573e-05 0.00021427525449596829 0 -1.7193946345186205e-05 0.00020415103844537903 2.6113734270168338e-05 -2.0464729239797128e-05 9.1854428177193617e-05 0 0.00010855428415238545
leaf_weight=109 93 58 7736 57 74 117 70 90 109 89 73 139 99 192 51 2146 77 142 59 109 1662 93 52 215 70 184 404 112 108 66
leaf_count=109 93 58 7736 57 74 117 70 90 109 89 73 139 99 192 51 2146 77 142 59 109 1662 93 52 215 70 184 404 112 108 66
internal_value=2.51172e-06 0.00081378 -5.64515e-06 6.44352e-05 5.1313e-05 0.000239679 0.000535656 2.95688e-05 1.60465e-05 0.000226246 0.000118963 0.000179109 -2.8928e-05 -3.4761e-07 0.000112675 -2.03675e-05 0 3.39496e-05 0.000129459 0.000277968 0 7.37641e-05 0.000138885 -9.58524e-06 3.32167e-05 9.53952e-05 -3.01957e-05 0 -2.32528e-05 2.15265e-05
internal_weight=14655 151 14504 3563 3506 338 144 3168 2989 179 430 321 10941 3205 444 2761 194 393 201 182 2559 254 145 2305 469 254 2662 516 1836 174
internal_count=14655 151 14504 3563 3506 338 144 3168 2989 179 430 321 10941 3205 444 2761 194 393 201 182 2559 254 145 2305 469 254 2662 516 1836 174
is_linear=0
shrinkage=0.05


Tree=20
num_leaves=31
num_cat=0
split_feature=133 90 103 18 137 44 95 112 96 24 160 43 85 12 137 28 29 50 81 136 16 4 43 12 113 99 50 90 112 0
split_gain=0.0516975 0.109663 0.00848474 0.0111086 0.00711264 0.00684944 0.00507087 0.00227635 0.00213987 0.00411037 0.00163531 0.00287996 0.00106869 0.00167869 0.00131246 0.00422823 0.000964693 0.00170894 0.000890793 0.000831632 0.000651941 0.000597685 0.0014567 0.000411049 0.000384792 0.00335568 0.000314074 0.000446908 0.000307975 0.000217632
threshold=88.200000000000003 25.328571428571433 1113.7500000000002 0.06499583333333335 1.0000000180025095e-35 802.50000000000011 1.0000000180025095e-35 276.83133615000003 42.625000000000007 50.850000000000009 0.39897959183673476 0.32950000000000007 271.62912545000006 0.096316070500000003 0.045000000000000005 26.100000000000005 29.350000000000005 1025.2500000000002 28.650000000000002 0.13500000000000004 0.94500000000000006 0.00018379200000000003 0.36350000000000005 0.020164410000000004 1.3500000000000003 1.350000000000023 1018.85 21.796938775510206 280.29760325000007 0.052550000000000006
decision_type=2 2 2 2 2 2 2 2 2 2 2 2 2 2 2 2 2 2 2 2 2 2 2 2 2 2 2 2 2 2
left_child=2 -2 3 4 5 6 -1 8 16 -10 18 28 24 14 15 -14 17 -6 21 -11 -15 -9 -23 -18 -4 -26 27 -25 -12 -16
right_child=1 -3 12 -5 7 -7 -8 10 9 19 11 -13 13 20 29 -17 23 -19 -20 -21 -22 22 -24 26 25 -27 -28 -29 -30 -31
leaf_value=0.00014477682725415575 0 0.0028123109808360575 -3.9845987590220292e-05 0.00067347188084705245 0 0 0.0010040046521131516 0 0.00048752564110242369 0.00021956252956846991 8.1893307654976727e-05 0.00035890051127006746 0.00047259352783620329 0 -3.2004495878532112e-05 0 -4.996514009690146e-05 0.00031226518998640757 -3.4099472170207867e-05 0 0.00032135378408499742 4.4592069868316196e-06 0.00033594088849405617 0 -3.5555129071819016e-05 0.00038980967193863626 0 0.00018355043211961268 -1.0912581443412506e-05 0
leaf_weight=51 111 50 7703 72 135 95 50 313 93 62 113 83 57 55 1550 162 255 75 1669 179 54 192 51 70 505 50 111 67 188 482
leaf_count=51 111 50 7703 72 135 95 50 313 93 62 113 83 57 55 1550 162 255 75 1669 179 54 192 51 70 505 50 111 67 188 482
internal_value=4.63193e-06 0.00089307 -4.92123e-06 5.74758e-05 4.44923e-05 0.000339442 0.00062483 2.72242e-05 8.95338e-05 0.000197175 2.78768e-07 9.71974e-05 -2.84548e-05 0 -8.07478e-06 0.000104085 3.19017e-05 0.000121958 -1.42378e-05 6.29182e-05 0.000191878 3.63603e-05 9.56129e-05 0 -3.69396e-05 0 3.95006e-05 9.2223e-05 7.52768e-06 -2.26675e-05
internal_weight=14703 161 14542 3924 3852 196 101 3656 1047 334 2609 384 10618 2360 2251 219 713 210 2225 241 109 556 243 503 8258 555 248 137 301 2032
internal_count=14703 161 14542 3924 3852 196 101 3656 1047 334 2609 384 10618 2360 2251 219 713 210 2225 241 109 556 243 503 8258 555 248 137 301 2032
is_linear=0
shrinkage=0.05


Tree=21
num_leaves=31
num_cat=0
split_feature=133 90 103 18 133 119 83 112 139 24 15 131 88 96 1 105 136 135 124 116 92 138 9 1 25 75 117 29 75 96
split_gain=0.0467759 0.0991333 0.00774469 0.0100135 0.00627567 0.00862955 0.00736333 0.00232703 0.00123963 0.00335681 0.00114669 0.00343509 0.0129384 0.00155098 0.00146776 0.00108412 0.000911993 0.00125695 0.000865535 0.000731873 0.000659818 0.00128341 0.000875629 0.000674241 0.000546092 0.000258335 0.000195238 0.000170356 0.000155878 0.000147297
threshold=88.200000000000003 25.328571428571433 1113.7500000000002 0.06499583333333335 79.980000000000004 9.8500000000000032 17.150000000000002 276.01681990000003 59.043261275430304 51.050000000000004 0.00092500000000000015 33.845472724088289 32.987500000000004 44.337500000000013 0.083848462000000026 8.5000000000000018 0.32500000000000007 78.000000000000014 0.78656609248549303 288.51193505000003 15.950000000000005 11.175000000000002 0.04895833333333334 0.014147579000000002 21.500000000000004 8.0500000000000025 0.65000000000000002 20.250000000000004 11.15 39.662500000000009
decision_type=2 2 2 2 2 2 2 2 2 2 2 2 2 2 2 2 2 2 2 2 2 2 2 2 2 2 2 2 2 2
left_child=2 28 3 4 7 6 -6 8 9 15 26 12 -12 29 -15 -1 17 -11 -17 -7 23 -22 -23 25 -25 27 -4 -9 -2 -13
right_child=1 -3 10 -5 5 19 -8 20 -10 16 11 13 -14 14 -16 18 -18 -19 -20 -21 21 22 -24 24 -26 -27 -28 -29 -30 -31
leaf_value=5.2148171981798441e-05 -4.1250777158570746e-05 0.0026744525951296824 -3.9899719818986811e-05 0.0006402595668603756 0.0008853230290160833 -7.0242094677444564e-05 0.00013111067136108701 5.5044969035985891e-05 0 0.00028497795186720198 -9.8605695617973334e-06 -3.7834694192757183e-05 0.00072488493583621578 0 0.0002367725973962682 0.00016467643359139968 -5.8435426325000337e-06 0 0.00064282967519130373 0.00013752681754856136 0 0 0.00026807947764846967 0 0.00013021108541907397 -4.5404781405469126e-05 0 -1.9401083278885713e-05 7.4648730338844436e-05 0
leaf_weight=63 61 50 6966 72 75 113 90 109 300 71 225 2177 75 208 102 60 222 56 51 66 429 55 91 505 103 1148 533 245 50 332
leaf_count=63 61 50 6966 72 75 113 90 109 300 71 225 2177 75 208 102 60 222 56 51 66 429 55 91 505 103 1148 533 245 50 332
internal_value=4.57762e-06 0.00084967 -4.4927e-06 5.51054e-05 4.2707e-05 0.000247601 0.000507323 2.1125e-05 9.46604e-05 0.000141439 -2.69918e-05 0 0.000159013 -1.86127e-05 8.22692e-05 0.000324628 3.51546e-05 0.000145369 0.000432789 0 0 4.59115e-05 0.000173453 -1.43617e-05 2.55669e-05 -3.38575e-05 -3.76001e-05 0 0 -3.3097e-05
internal_weight=14703 161 14542 3924 3852 344 165 3508 823 523 10618 3119 300 2819 310 174 349 127 111 179 2685 575 146 2110 608 1502 7499 354 111 2509
internal_count=14703 161 14542 3924 3852 344 165 3508 823 523 10618 3119 300 2819 310 174 349 127 111 179 2685 575 146 2110 608 1502 7499 354 111 2509
is_linear=0
shrinkage=0.05


Tree=22
num_leaves=31
num_cat=0
split_feature=133 90 103 11 137 44 50 6 11 115 96 134 85 15 133 29 15 90 6 96 22 43 120 67 142 28 2 113 10 94
split_gain=0.0422888 0.0896523 0.0071254 0.00993743 0.00461732 0.00451382 0.00251495 0.00203208 0.00166574 0.00149715 0.00181567 0.00242289 0.00134502 0.00246656 0.00862774 0.00131262 0.00111196 0.000736021 0.000698967 0.000615855 0.000421099 0.000681342 0.000771027 0.000412831 0.00038843 0.000362789 0.00033572 0.00227082 0.000302198 0.00025695
threshold=88.200000000000003 25.328571428571433 1025.0000000000002 0.0056461346597222236 1.0000000180025095e-35 802.50000000000011 1025.8500000000001 0.00030833333333333337 0.00097634115277777788 12.250000000000002 42.837500000000013 9.365000000000002 271.22426345000008 0.0011052083333333337 80.390000000000015 43.250000000000007 0.0042562500000000005 23.145918367346944 0.021504166666666668 46.57500000000001 52.500000000000007 0.36650000000000005 279.93650155000006 8.3500000000000032 624.5889060922101 7.0500000000000007 0.0035617145000000003 1.2500000000000002 16.980000000000004 27.500000000000004
decision_type=2 2 2 2 2 2 2 2 2 2 2 2 2 2 2 2 2 2 2 2 2 2 2 2 2 2 2 2 2 2
left_child=2 -2 3 4 5 -1 8 -8 19 10 17 -12 26 18 15 -15 29 -10 25 20 -6 -22 -23 -20 -19 -14 -4 -28 -27 -17
right_child=1 -3 12 -5 6 -7 7 -9 9 -11 11 -13 13 14 -16 16 -18 24 23 -21 21 22 -24 -25 -26 28 27 -29 -30 -31
leaf_value=0.00055184502647391759 0 0.0025433519636919978 -3.6640193574959598e-05 0.00068521364062121401 -3.7725187323116581e-05 0 0 0.00040971320938731741 0 9.3238181681145816e-07 0.0005826746377827546 1.4888788033614773e-05 4.1171568977883027e-05 -2.3579688458115226e-05 0.00072190489485864442 0.00030494307260378264 0 0 0.00019984640677788636 0.00012036573451429528 -1.2033130270225879e-05 0.00022380126381256265 0 0 0.00027521282762921022 -3.8338796889486403e-05 -2.5965408521022426e-05 0.0003141951317325639 0 2.208466809436989e-05
leaf_weight=88 111 50 7490 63 1147 87 83 78 268 539 51 61 138 330 50 74 108 52 51 74 334 72 55 70 55 1929 659 52 425 59
leaf_count=88 111 50 7490 63 1147 87 83 78 268 539 51 61 138 330 50 74 108 52 51 74 334 72 55 70 55 1929 659 52 425 59
internal_value=4.48179e-06 0.000808023 -4.12566e-06 6.25818e-05 4.78327e-05 0.0002998 3.06222e-05 0.000224724 1.71578e-05 6.80789e-05 0.000131995 0.00032055 -2.26918e-05 3.23116e-06 9.39733e-05 2.90809e-05 0.000121649 6.16793e-05 -1.64493e-05 -1.09546e-05 -2.01765e-05 1.26505e-05 0.000116216 9.25384e-05 0.000174018 -2.37819e-05 -3.35231e-05 0 -2.97287e-05 0.000217879
internal_weight=14703 161 14542 3107 3044 175 2869 161 2708 1026 487 112 11435 3234 621 571 241 375 2613 1682 1608 461 127 121 107 2492 8201 711 2354 133
internal_count=14703 161 14542 3107 3044 175 2869 161 2708 1026 487 112 11435 3234 621 571 241 375 2613 1682 1608 461 127 121 107 2492 8201 711 2354 133
is_linear=0
shrinkage=0.05


Tree=23
num_leaves=31
num_cat=0
split_feature=133 90 103 0 133 49 94 22 103 77 75 128 2 21 41 50 103 94 139 50 28 15 15 119 131 21 96 49 27 92
split_gain=0.0382566 0.0810424 0.00655364 0.00762264 0.00655989 0.00877086 0.00827502 0.00312783 0.00314356 0.00220328 0.00149114 0.00359054 0.00131921 0.00113616 0.000952887 0.000869062 0.000908894 0.000711975 0.000648087 0.000386945 0.000389772 0.000366551 0.00138422 0.00429838 0.000516909 0.000347811 0.000562673 0.000220585 0.000324464 0.000219286
threshold=88.200000000000003 25.328571428571433 1272.5500000000004 0.21365000000000003 80.210000000000022 965.95000000000016 15.500000000000002 7.5000000000000009 839.60000000000014 275.55836775000006 6.7500000000000009 9.232155983247015 0.0006863590000000001 0.52083333333333337 60.500000000000007 1027.5500000000002 1008.0500000000002 6.5000000000000009 87.909013442563847 1022.4500000000002 7.0500000000000007 0.00092500000000000015 0.00094270833333333348 7.2500000000000009 29.116437666821316 0.46527777777777785 40.537500000000009 986.35000000000002 1880.3500000000001 17.450000000000006
decision_type=2 2 2 2 2 2 2 2 2 2 2 2 2 2 2 2 2 2 2 2 2 2 2 2 2 2 2 2 2 2
left_child=2 -2 3 4 9 -6 7 -7 -9 10 11 -1 15 14 -14 27 -17 -13 19 29 -21 -4 23 -23 -24 -26 -27 28 -12 -11
right_child=1 -3 21 -5 5 6 -8 8 -10 18 12 17 13 -15 -16 16 -18 -19 -20 20 -22 22 24 -25 25 26 -28 -29 -30 -31
leaf_value=0.0005572607103001573 0 0.0024186778316895169 -3.5794616540607565e-05 0.00048149542580907634 -7.2736966186178254e-05 -1.7972227572251784e-05 0.00089660717315712026 0.0005768729091243372 0 -3.5843830771191236e-05 0 0.00020462103192349552 3.8270390372119841e-05 0 0.00028960297252867399 0.00029229908446723132 0 0 0.00012504537033467537 0.00010071433386971453 0 -6.9244427171984827e-05 8.8408118800157101e-05 0.00050947498093092676 -3.4825069878923326e-05 -5.0183301862975422e-06 0.00015409398718166828 -3.0213277539415997e-05 9.424577639317187e-05 0
leaf_weight=52 111 50 6578 97 128 65 68 67 52 1669 350 53 136 93 121 51 53 139 78 100 838 55 86 50 2070 463 58 537 100 335
leaf_count=52 111 50 6578 97 128 65 68 67 52 1669 350 53 136 93 121 51 53 139 78 100 838 55 86 50 2070 463 58 537 100 335
internal_value=4.50306e-06 0.000768773 -3.66694e-06 4.10432e-05 3.15652e-05 0.000232013 0.000406245 0.00019413 0.000350836 1.42677e-05 6.04995e-05 0.000180286 3.6638e-05 0.000121835 0.000176646 4.64099e-06 0.000143778 4.99238e-05 -9.88365e-06 -1.52012e-05 7.30087e-06 -2.89558e-05 -1.09819e-05 0.000161373 -1.9667e-05 -2.52159e-05 3.37747e-06 -5.08983e-06 1.38048e-05 -2.82257e-05
internal_weight=14703 161 14542 5182 5085 380 252 184 119 4705 1685 244 1441 350 257 1091 104 192 3020 2942 938 9360 2782 105 2677 2591 521 987 450 2004
internal_count=14703 161 14542 5182 5085 380 252 184 119 4705 1685 244 1441 350 257 1091 104 192 3020 2942 938 9360 2782 105 2677 2591 521 987 450 2004
is_linear=0
shrinkage=0.05


Tree=24
num_leaves=31
num_cat=0
split_feature=139 85 128 93 0 128 42 43 138 17 77 136 83 10 131 22 101 85 0 134 82 141 50 135 0 128 136 77 22 23
split_gain=0.0125892 0.0385004 0.0469619 0.00628692 0.0115111 0.00454696 0.00255036 0.00249353 0.00323051 0.00373341 0.00204309 0.00132188 0.00112509 0.00105605 0.000907774 0.000865456 0.00328002 0.00117054 0.000621498 0.000521009 0.00121272 0.000404649 0.000318772 0.000312249 0.000308287 0.000211583 0.000203681 0.000175001 0.000134747 0.00013019
threshold=86.716077848590643 277.82451485000007 8.9605319498923723 270.8449276500001 0.21365000000000003 9.6606001815219589 0.47500000000000003 0.37050000000000005 4.6950000000000012 0.012300000000000002 290.28683920000009 0.29500000000000004 15.850000000000003 9.6850000000000005 192.76685285123133 1.0000000180025095e-35 -7.3461507499999916 278.1608668500001 0.00095000000000000011 4.0950000000000006 23.670000000000005 34.875000000000007 1028.5500000000002 15.950000000000001 0.41135000000000005 10.326576901501076 3.5850000000000004 272.77688390000009 7.5000000000000009 17.174305555555559
decision_type=2 2 2 2 2 2 2 2 2 2 2 2 2 2 2 2 2 2 2 2 2 2 2 2 2 2 2 2 2 2
left_child=3 10 -3 15 6 -4 7 11 9 -9 19 12 13 -5 -10 16 -1 -18 -7 -2 -21 28 24 -8 26 -23 29 -27 -13 -17
right_child=1 2 5 4 -6 18 23 8 14 -11 -12 21 -14 -15 -16 22 17 -19 -20 20 -22 25 -24 -25 -26 27 -28 -29 -30 -31
leaf_value=0.00041399436130864077 -6.6834135373937894e-05 0.0019925259241634712 0.0005756116855074651 0.00033880165053047406 0.00073248326133507947 0.00018461659866979491 -5.6628440304305806e-05 8.2313575161939488e-05 0 0.00073969309893436735 0.00026573304558496607 0 1.1779969939394578e-05 0 0.00019279804757817783 0 -3.8447817836230019e-05 0.00017691397787094094 0 -1.9626543828322881e-05 0.00023563121376904539 0 6.3733150108701329e-05 0 5.8567057264045323e-05 0 9.538338765398494e-06 0.00013555555069906405 -3.6785586983721606e-05 -3.2871094716646043e-05
leaf_weight=50 419 55 99 92 62 56 361 70 187 54 63 276 198 70 105 299 433 72 61 269 52 130 57 583 58 52 116 99 353 9852
leaf_count=50 419 55 99 92 62 56 361 70 187 54 63 276 198 70 105 299 433 72 61 269 52 130 57 583 58 52 116 99 353 9852
internal_value=4.38984e-06 0.000169343 0.000683521 -8.25351e-06 5.96311e-05 0.000319522 4.15964e-05 7.90729e-05 0.000188615 0.000412219 0 3.91373e-05 0.000120593 0.000222024 7.55119e-05 -2.54235e-05 3.11908e-05 0 5.74164e-05 -2.81796e-05 6.79903e-06 1.32757e-06 -2.89342e-05 -2.0059e-05 -2.99361e-05 5.55779e-05 -3.09287e-05 9.59725e-05 -1.50215e-05 -3.18846e-05
internal_weight=14703 1074 271 13629 2692 216 2630 1686 416 124 803 1270 360 162 292 10937 555 505 117 740 321 910 10382 944 10325 281 10267 151 629 10151
internal_count=14703 1074 271 13629 2692 216 2630 1686 416 124 803 1270 360 162 292 10937 555 505 117 740 321 910 10382 944 10325 281 10267 151 629 10151
is_linear=0
shrinkage=0.05


Tree=25
num_leaves=31
num_cat=0
split_feature=133 82 103 0 92 133 35 4 43 88 15 131 88 96 5 126 6 96 13 137 75 85 128 0 83 105 133 66 126 23
split_gain=0.027622 0.048534 0.00546778 0.00665188 0.0037941 0.00555167 0.00250256 0.00193181 0.00174292 0.00159248 0.00117162 0.00503603 0.015401 0.00169322 0.00140451 0.000811852 0.00126883 0.0015318 0.00102688 0.000799431 0.000775857 0.000669436 0.000416121 0.000322647 0.000293116 0.000284599 0.000276463 0.000202187 0.000192281 0.000199353
threshold=88.200000000000003 24.716000000000005 1013.85 0.19770000000000001 17.050000000000008 80.390000000000015 278.47678280000008 0.00018379200000000003 0.36050000000000004 26.262500000000006 0.00092500000000000015 33.845472724088289 32.987500000000004 42.912500000000009 8.3850000000000016 18.500000000000004 0.00030833333333333337 32.51250000000001 0.00034440771527777784 1.9600000000000002 7.2500000000000009 271.88859360000004 9.4017455261924869 0.010800000000000002 25.650000000000002 20.500000000000004 80.210000000000022 9.9250000000000025 16.500000000000004 17.979166666666668
decision_type=2 2 2 2 2 2 2 2 2 2 2 2 2 2 2 2 2 2 2 2 2 2 2 2 2 2 2 2 2 2
left_child=2 -2 3 4 6 15 7 20 19 -10 28 12 -12 -13 24 -6 -17 -18 -19 -9 22 -11 -1 26 -15 -16 -8 -25 -4 -30
right_child=1 -3 10 -5 5 -7 23 8 9 21 11 13 -14 14 25 16 17 18 -20 -21 -22 -23 -24 27 -26 -27 -28 -29 29 -31
leaf_value=0.00019021950115428709 0 0.0017809667103380587 0 0.00062957898689680472 0 0.000541159048741313 -2.8438537794229696e-05 0 0.00047558803958340181 0.0002553823048008546 -1.0822750503314676e-05 -3.1836955194045738e-05 0.00072112932731637478 7.7856248930861473e-05 0.00025616464597252999 0 0 0.00043374079329384441 3.2278988415176473e-05 0.00017985350047594519 -2.9555218684197613e-05 0 0 8.412090792164138e-05 -2.3904289810678819e-05 0 -0.00014569694292898848 0 0 -3.4060950221617275e-05
leaf_weight=71 91 59 343 50 122 87 968 269 69 61 229 2591 96 100 98 113 61 75 59 82 428 109 87 73 210 52 86 143 551 7211
leaf_count=71 91 59 343 50 122 87 968 269 69 61 229 2591 96 100 98 113 61 75 59 82 428 109 87 73 210 52 86 143 551 7211
internal_value=2.91564e-06 0.000675864 -3.74998e-06 5.57555e-05 4.41763e-05 0.000168195 1.58616e-05 6.97194e-05 0.000133612 0.000243428 -1.98052e-05 3.64643e-06 0.000191596 -1.47924e-05 7.0228e-05 8.00533e-05 0.000124528 0.000201573 0.000295563 4.41539e-05 0 0.000117728 9.92078e-05 -3.00915e-05 0 0.000195731 -4.28745e-05 9.15342e-06 -3.01896e-05 -3.18371e-05
internal_weight=14644 150 14494 3013 2963 517 2446 1176 590 239 11481 3376 325 3051 460 430 308 195 134 351 586 170 158 1270 310 150 1054 216 8105 7762
internal_count=14644 150 14494 3013 2963 517 2446 1176 590 239 11481 3376 325 3051 460 430 308 195 134 351 586 170 158 1270 310 150 1054 216 8105 7762
is_linear=0
shrinkage=0.05


Tree=26
num_leaves=31
num_cat=0
split_feature=103 139 128 13 18 120 77 139 43 3 91 103 28 121 138 82 92 84 100 138 91 116 82 41 50 3 91 44 75 126
split_gain=0.00814375 0.0157653 0.0394272 0.0100732 0.00610676 0.00433184 0.00179588 0.00131241 0.00125821 0.00117812 0.00115306 0.00127839 0.00106497 0.00215131 0.000648759 0.00133971 0.000555263 0.000501897 0.00313912 0.00060287 0.00172232 0.000473752 0.000393638 0.00042967 0.000377516 0.00032689 0.000307516 0.000236471 0.000313756 0.000158602
threshold=1272.5500000000004 86.716077848590643 8.3844366951598737 0.0016826743888888891 0.063537500000000011 273.78950055000001 275.55836775000006 84.467414954242443 0.37150000000000005 0.013623431000000002 22.950000000000003 947.05000000000018 21.250000000000004 1.0000000180025095e-35 3.9200000000000004 14.482000000000005 20.250000000000004 6.3500000000000014 4.1999999999999895 3.7550000000000003 16.550000000000004 288.26895500000006 19.230000000000004 58.500000000000007 1027.3500000000001 0.10236673250000002 19.750000000000004 952.50000000000011 9.6500000000000004 37.500000000000007
decision_type=2 2 2 2 2 2 2 2 2 2 2 2 2 2 2 2 2 2 2 2 2 2 2 2 2 2 2 2 2 2
left_child=1 4 -3 12 6 -6 8 21 14 -9 22 -12 13 -4 15 -1 -14 -2 19 20 -19 -8 23 -10 25 -16 27 28 -23 -21
right_child=17 2 3 -5 5 -7 7 9 10 -11 11 -13 16 -15 24 -17 -18 18 -20 29 -22 26 -24 -25 -26 -27 -28 -29 -30 -31
leaf_value=0.00028648203785996886 -3.2815702869389552e-05 0.0015162054589487643 -1.5716735629561857e-05 0.00068460970238421414 1.3071544241899099e-06 0.00065340254230029666 -3.3545625316200673e-05 0 0 0.00033185489517144074 0.00045282774810813511 3.7363573690893444e-05 -0.00010641210759534508 0.00035182298345254646 -2.403467228322742e-05 4.9101463875371987e-07 3.5325671359937842e-05 0.00027197525174635693 0.00037232175103953232 0 0 0.00010879993810463084 0 0.0001871727075579646 9.9213249636221092e-05 5.447944200142078e-05 -6.2667844047435412e-06 0 0 -2.9070672777522418e-05
leaf_weight=69 6350 61 51 68 68 65 1597 60 57 51 61 71 158 60 701 194 52 65 52 305 348 179 162 86 93 144 948 110 71 2287
leaf_count=69 6350 61 51 68 68 65 1597 60 57 51 61 71 158 60 701 194 52 65 52 305 348 179 162 86 93 144 948 110 71 2287
internal_value=2.86556e-06 5.31371e-05 0.000336673 0.000135474 2.53744e-05 0.000359812 1.46677e-05 -6.75915e-06 5.71509e-05 0.000157586 0.000132803 0.000268914 1.853e-06 0.000139678 2.53766e-05 9.52632e-05 -4.76174e-05 -2.45925e-05 -5.87101e-06 -1.42005e-05 3.73083e-05 -1.48114e-05 5.68697e-05 0.000117075 3.76171e-07 -4.69601e-06 4.25051e-06 4.57371e-05 7.32389e-05 -2.43472e-05
internal_weight=14644 5237 450 389 4787 133 4654 3016 1638 111 437 132 321 111 1201 263 210 9407 3057 3005 413 2905 305 143 938 845 1308 360 250 2592
internal_count=14644 5237 450 389 4787 133 4654 3016 1638 111 437 132 321 111 1201 263 210 9407 3057 3005 413 2905 305 143 938 845 1308 360 250 2592
is_linear=0
shrinkage=0.05


Tree=27
num_leaves=31
num_cat=0
split_feature=140 112 43 82 93 0 41 43 19 138 105 92 131 21 119 136 30 141 30 139 116 23 137 135 0 124 96 14 14 50
split_gain=0.00826808 0.0291384 0.012671 0.0228412 0.00435091 0.00832658 0.00196788 0.0018199 0.00234309 0.00254803 0.0010497 0.00174736 0.000948541 0.00398169 0.00975673 0.000772215 0.00102567 0.000649344 0.000385386 0.000392906 0.000342103 0.000325236 0.00030958 0.00029231 0.00027827 0.000260967 0.000271395 0.000260309 0.000579241 0.000178142
threshold=75.820000000000007 291.70018510000006 0.33550000000000008 25.006000000000004 270.8449276500001 0.21365000000000003 45.500000000000007 0.37050000000000005 -0.00034714285714285701 4.6950000000000012 6.5000000000000009 6.2500000000000018 33.15434016127945 0.57638888888888895 7.3500000000000005 0.29500000000000004 -2.845714285714283 34.875000000000007 -1.3728571428571443 59.608088804392665 280.01259420000002 18.550694444444449 18.300000000000004 19.340000000000003 0.41135000000000005 -0.37940952255126015 31.037500000000005 0.015212125500000001 0.024801701000000006 1028.5500000000002
decision_type=2 2 2 2 2 2 2 2 2 2 2 2 2 2 2 2 2 2 2 2 2 2 2 2 2 2 2 2 2 2
left_child=4 2 3 -2 12 6 23 15 9 -9 11 -4 13 14 -1 16 -8 -17 19 -19 25 -10 24 -6 29 26 -12 -18 -29 -14
right_child=1 -3 10 -5 5 -7 7 8 21 -11 20 -13 22 -15 -16 17 27 18 -20 -21 -22 -23 -24 -25 -26 -27 -28 28 -30 -31
leaf_value=-2.9884633545687963e-06 0 0.0012514194903339732 -2.3534728812096082e-06 0.001320634734627949 -4.591925867936198e-05 0.00063738951035581222 0.00024353999183657248 0.00063478844271650393 0.00013800694469133962 0.00012635378660967743 0 0.00033526221341019795 -2.8140092632931384e-05 -2.8469030179714428e-05 0.00062076645110863962 -2.0010531623043056e-05 -6.9611046138151699e-06 0.00015253942439214972 0 0 -0.00013380807458904711 0 6.7024771771684755e-05 5.0670405492412623e-07 5.3720242176495953e-05 -5.2204414653749193e-05 0.00011040724009443034 0.00017292268474702725 0 2.9223432695569219e-05
leaf_weight=161 94 56 54 52 479 59 96 51 60 120 104 50 9890 745 88 616 90 142 75 58 122 182 59 520 65 269 57 74 105 51
leaf_count=161 94 56 54 52 479 59 96 51 60 120 104 50 9890 745 88 616 90 142 75 58 122 182 59 520 65 269 57 74 105 51
internal_value=2.89133e-06 0.000153626 6.92826e-05 0.000490266 -6.13776e-06 4.98898e-05 3.47906e-05 6.86427e-05 0.000163051 0.000309871 -1.74052e-05 0.00011399 -2.04088e-05 2.36444e-05 0.000199056 3.35165e-05 9.54893e-05 2.44529e-06 7.07525e-05 0.000108015 -5.13637e-05 3.78818e-05 -2.5258e-05 -1.67773e-05 -2.63084e-05 -1.61154e-05 1.32682e-05 2.34286e-05 6.64399e-05 -2.734e-05
internal_weight=14644 858 802 146 13786 2727 2668 1669 413 171 656 104 11059 994 249 1256 365 891 275 200 552 242 10065 999 10006 430 161 269 179 9941
internal_count=14644 858 802 146 13786 2727 2668 1669 413 171 656 104 11059 994 249 1256 365 891 275 200 552 242 10065 999 10006 430 161 269 179 9941
is_linear=0
shrinkage=0.05


Tree=28
num_leaves=31
num_cat=0
split_feature=133 94 103 11 92 88 35 4 43 4 3 15 131 88 96 5 136 12 75 22 2 128 120 73 41 133 16 105 3 116
split_gain=0.0210201 0.0393499 0.00420333 0.00558545 0.0031426 0.00476739 0.00200456 0.00158959 0.00137795 0.00131898 0.00151984 0.000909036 0.0038934 0.0126058 0.00141492 0.0011967 0.000651227 0.00183652 0.000634849 0.000632081 0.000326827 0.000317014 0.000286966 0.000283735 0.000280623 0.000269002 0.000210329 0.000181724 0.000178711 0.000289226
threshold=88.200000000000003 15.500000000000002 1013.85 0.0056461346597222236 17.050000000000008 36.712500000000013 278.47678280000008 0.00018379200000000003 0.39650000000000007 4.9350000000000007e-05 3.3800000000000002e-05 0.00092500000000000015 33.845472724088289 32.987500000000004 42.912500000000009 8.3850000000000016 0.30500000000000005 0.020164410000000004 7.2500000000000009 36.500000000000007 0.00077482300000000011 9.2641487521873049 272.64937150000009 14.250000000000002 61.500000000000007 79.980000000000004 2.2800000000000007 20.500000000000004 0.13707818250000001 276.30551535000006
decision_type=2 2 2 2 2 2 2 2 2 2 2 2 2 2 2 2 2 2 2 2 2 2 2 2 2 2 2 2 2 2
left_child=2 -2 3 4 6 9 7 18 16 10 -6 28 13 -13 -14 24 17 -9 21 -12 -18 -1 -21 26 -16 -25 -8 -17 -4 -30
right_child=1 -3 11 -5 5 -7 23 8 -10 -11 19 12 14 -15 15 27 20 -19 -20 22 -22 -23 -24 25 -26 -27 -28 -29 29 -31
leaf_value=0.00018189274323988491 0 0.0016717733898905054 -2.9568007964388964e-05 0.00053755319125307096 0 0.00062724302712298353 -4.2058254877894367e-06 0.00039873824612220274 0.00031202921691166063 0 1.13231783771264e-05 -1.2367352015802601e-05 -2.8259845778930211e-05 0.00064834056613089506 -1.3786510182442038e-05 0.00023341169632557369 0 0 -2.9027565453789849e-05 0.00046096755198959732 0.00012559563911564877 0 0.0001031724755644138 -2.7431462552161309e-05 0.00010612932772471987 -0.00014736550152980431 8.57697703103325e-05 0 -2.222743598514671e-05 2.8938479996187951e-05
leaf_weight=60 97 53 6855 58 72 50 207 53 94 217 61 229 2591 96 253 98 282 92 428 57 56 98 60 918 57 80 70 52 896 354
leaf_count=60 97 53 6855 58 72 50 207 53 94 217 61 229 2591 96 253 98 282 92 428 57 56 98 60 918 57 80 70 52 896 354
internal_value=2.85221e-06 0.000589904 -2.91858e-06 4.92102e-05 3.7755e-05 0.000150506 1.17433e-05 6.06298e-05 0.000119492 8.75484e-05 0.000165615 -1.70375e-05 3.48201e-06 0.000168848 -1.25445e-05 6.49972e-05 7.11226e-05 0.000165403 0 0.000244311 1.55591e-05 8.77979e-05 0.000322285 -2.8943e-05 0 -4.21883e-05 7.72813e-07 0.000180861 -2.62007e-05 -3.7289e-06
internal_weight=14644 150 14494 3013 2955 517 2438 1163 577 467 250 11481 3376 325 3051 460 483 145 586 178 338 158 117 1275 310 998 277 150 8105 1250
internal_count=14644 150 14494 3013 2955 517 2438 1163 577 467 250 11481 3376 325 3051 460 483 145 586 178 338 158 117 1275 310 998 277 150 8105 1250
is_linear=0
shrinkage=0.05


end of trees

feature_importances:
pct_forest=50
pct_wetland=29
cumul_gust_since_onset=28
pre_event_mean_osi=26
total_tp_next_48h=26
last_N_t=25
last_osi=24
mslma_t=24
gust_mean_next_48h=20
storm_onset_mean_osi=19
min_t2m_next_24h=18
gust_peak4h_mean_next_48h=18
log_customers=18
soil_moist_t=17
pct_unmapped=17
gust_peak4h_mean_next_24h=16
gust_mean_next_24h=15
min_t2m_next_6h=14
min_t2m_next_48h=14
last_R_t=12
sp_t=12
pct_developed=12
pct_forest_classified=12
hours_since_peak=11
wind_speed_max_next_6h=11
t2m_at_t24h=11
osi_mean_72h=10
N_t_max_72h=10
gust_mean_obs=10
wind_speed_max_next_24h=10
gust_gt30_next_48h=10
t2m_at_t6h=10
pop_density=10
gust_last_obs=9
blh_t=9
cumul_tp_since_onset=9
last_P_t=8
last_D_t=8
frac_zero_72h=8
gust_trend_last6h_obs=8
r2_t=8
gust_max_next_24h=8
gust_gt30_next_24h=8
pressure_change_6h=8
tp_at_t6h=8
hours_since_obs=8
tree_canopy_std=8
gust_max_last6h_obs=7
wind_speed_max_next_48h=7
t2m_at_t48h=7
pct_agriculture=7
pct_water=7
outage_pct_mean_72h=6
R_t_max_72h=6
gust_max_obs=6
temp_change_6h=6
tp_rate_next_48h=6
outage_pct_max_72h=5
R_t_mean_72h=5
wind_sin_t=5
t2m_t=5
dewpoint_c_t=5
pressure_change_3h=5
gust_gt30_since_onset=5
wind_speed_at_t48h=5
hour_cos=5
N_t_mean_72h=4
pre_event_max_outage_pct=4
gust_gt30_obs=4
gust_max_next_48h=4
tree_canopy_pct=4
storm_onset_max_osi=3
gust_gt40_obs=3
cumul_gust_obs=3
wind_speed_t=3
gust_gt40_next_48h=3
gust_at_t24h=3
wind_speed_at_t24h=3
rural_urban_code=3
forest_x_customers=3
last_outage_pct=2
osi_trend_last6h=2
d2m_t=2
gust_max_next_6h=2
total_tp_next_24h=2
tp_at_t48h=2
n_utilities=2
wind_cos_t=1
vpd_t=1
lcc_t=1
hcc_t=1
temp_c_t=1
gust_x_hso=1
gust_mean_next_1h=1
wind_speed_max_next_1h=1
min_t2m_next_1h=1
t2m_at_t1h=1
wind_speed_at_t6h=1
tp_at_t24h=1
gust_at_t48h=1
hour_of_day=1
gust_gt30_frac_next_24h=1

parameters:
[boosting: gbdt]
[objective: huber]
[metric: rmse]
[tree_learner: serial]
[device_type: cpu]
[data_sample_strategy: bagging]
[data: ]
[valid: ]
[num_iterations: 2000]
[learning_rate: 0.05]
[num_leaves: 31]
[num_threads: -1]
[seed: 42]
[deterministic: 0]
[force_col_wise: 0]
[force_row_wise: 0]
[histogram_pool_size: -1]
[max_depth: -1]
[min_data_in_leaf: 50]
[min_sum_hessian_in_leaf: 0.001]
[bagging_fraction: 0.8]
[pos_bagging_fraction: 1]
[neg_bagging_fraction: 1]
[bagging_freq: 5]
[bagging_seed: 42]
[bagging_by_query: 0]
[feature_fraction: 0.8]
[feature_fraction_bynode: 1]
[feature_fraction_seed: 42]
[extra_trees: 0]
[extra_seed: 12879]
[early_stopping_round: 0]
[early_stopping_min_delta: 0]
[first_metric_only: 0]
[max_delta_step: 0]
[lambda_l1: 0.1]
[lambda_l2: 1]
[linear_lambda: 0]
[min_gain_to_split: 0]
[drop_rate: 0.1]
[max_drop: 50]
[skip_drop: 0.5]
[xgboost_dart_mode: 0]
[uniform_drop: 0]
[drop_seed: 42]
[top_rate: 0.2]
[other_rate: 0.1]
[min_data_per_group: 100]
[max_cat_threshold: 32]
[cat_l2: 10]
[cat_smooth: 10]
[max_cat_to_onehot: 4]
[top_k: 20]
[monotone_constraints: ]
[monotone_constraints_method: basic]
[monotone_penalty: 0]
[feature_contri: ]
[forcedsplits_filename: ]
[refit_decay_rate: 0.9]
[cegb_tradeoff: 1]
[cegb_penalty_split: 0]
[cegb_penalty_feature_lazy: ]
[cegb_penalty_feature_coupled: ]
[path_smooth: 0]
[interaction_constraints: ]
[verbosity: -1]
[saved_feature_importance_type: 0]
[use_quantized_grad: 0]
[num_grad_quant_bins: 4]
[quant_train_renew_leaf: 0]
[stochastic_rounding: 1]
[linear_tree: 0]
[max_bin: 255]
[max_bin_by_feature: ]
[min_data_in_bin: 3]
[bin_construct_sample_cnt: 200000]
[data_random_seed: 42]
[is_enable_sparse: 1]
[enable_bundle: 1]
[use_missing: 1]
[zero_as_missing: 0]
[feature_pre_filter: 1]
[pre_partition: 0]
[two_round: 0]
[header: 0]
[label_column: ]
[weight_column: ]
[group_column: ]
[ignore_column: ]
[categorical_feature: ]
[forcedbins_filename: ]
[precise_float_parser: 0]
[parser_config_file: ]
[objective_seed: 16083]
[num_class: 1]
[is_unbalance: 0]
[scale_pos_weight: 1]
[sigmoid: 1]
[boost_from_average: 1]
[reg_sqrt: 0]
[alpha: 0.9]
[fair_c: 1]
[poisson_max_delta_step: 0.7]
[tweedie_variance_power: 1.5]
[lambdarank_truncation_level: 30]
[lambdarank_norm: 1]
[label_gain: ]
[lambdarank_position_bias_regularization: 0]
[eval_at: ]
[multi_error_top_k: 1]
[auc_mu_weights: ]
[num_machines: 1]
[local_listen_port: 12400]
[time_out: 120]
[machine_list_filename: ]
[machines: ]
[gpu_platform_id: -1]
[gpu_device_id: -1]
[gpu_device_id_list: ]
[gpu_use_dp: 0]
[num_gpu: 1]

end of parameters

pandas_categorical:[]
