tree
version=v4
num_class=1
num_tree_per_iteration=1
label_index=0
max_feature_idx=162
objective=quantile
feature_names=last_osi last_P_t last_N_t last_D_t last_R_t last_outage_pct osi_mean_72h osi_max_72h osi_std_72h outage_pct_mean_72h outage_pct_max_72h N_t_mean_72h N_t_max_72h R_t_mean_72h R_t_max_72h pre_event_mean_osi pre_event_max_outage_pct storm_onset_max_osi storm_onset_mean_osi osi_trend_last6h is_worsening frac_zero_72h hours_since_peak gust_mean_obs gust_max_obs gust_gt30_obs gust_gt40_obs cumul_gust_obs gust_last_obs gust_max_last6h_obs gust_trend_last6h_obs gust_t wind_speed_t wind_sin_t wind_cos_t t2m_t d2m_t tp_t rain_t csnow_t sdwe_t r2_t vpd_t soil_moist_t blh_t tcc_t lcc_t mcc_t hcc_t sp_t mslma_t sdswrf_t direct_rad_t diffuse_rad_t et0_t temp_c_t dewpoint_c_t icing_risk_t gust_exceed_30 soil_moist_x_gust is_snowing gust_x_hso gust_x_phase soil_gust_x_phase gust_exceed30_x_hso gust_max_next_1h gust_mean_next_1h wind_speed_max_next_1h total_tp_next_1h min_t2m_next_1h gust_gt30_next_1h gust_gt40_next_1h gust_peak4h_mean_next_1h gust_max_next_6h gust_mean_next_6h wind_speed_max_next_6h total_tp_next_6h min_t2m_next_6h gust_gt30_next_6h gust_gt40_next_6h gust_peak4h_mean_next_6h gust_max_next_24h gust_mean_next_24h wind_speed_max_next_24h total_tp_next_24h min_t2m_next_24h gust_gt30_next_24h gust_gt40_next_24h gust_peak4h_mean_next_24h gust_max_next_48h gust_mean_next_48h wind_speed_max_next_48h total_tp_next_48h min_t2m_next_48h gust_gt30_next_48h gust_gt40_next_48h gust_peak4h_mean_next_48h gust_change_1h gust_change_3h pressure_change_3h pressure_change_6h temp_change_6h wind_change_1h cumul_gust_since_onset cumul_tp_since_onset gust_gt30_since_onset gust_at_t1h wind_speed_at_t1h t2m_at_t1h tp_at_t1h gust_at_t6h wind_speed_at_t6h t2m_at_t6h tp_at_t6h gust_at_t24h wind_speed_at_t24h t2m_at_t24h tp_at_t24h gust_at_t48h wind_speed_at_t48h t2m_at_t48h tp_at_t48h hour_of_day hour_sin hour_cos days_since_onset hours_since_obs storm_phase log_customers rural_urban_code is_metro pop_density n_utilities pct_forest pct_developed pct_agriculture pct_water pct_wetland pct_unmapped pct_forest_classified tree_canopy_pct tree_canopy_std forest_x_customers window_len_next_1h is_full_next_1h tp_rate_next_1h gust_gt30_frac_next_1h has_weather_at_t1h window_len_next_6h is_full_next_6h tp_rate_next_6h gust_gt30_frac_next_6h has_weather_at_t6h window_len_next_24h is_full_next_24h tp_rate_next_24h gust_gt30_frac_next_24h has_weather_at_t24h window_len_next_48h is_full_next_48h tp_rate_next_48h gust_gt30_frac_next_48h has_weather_at_t48h
feature_infos=[0:0.55230000000000001] [0:0.82424180700000005] [0:0.065400654000000003] [0:0.90465771100000003] [0:0.058582058999999999] [0:82.420000000000002] [4.1666666666666669e-06:0.26529999999999998] [0.0001:0.65049999999999997] [1.9982631347136334e-05:0.22470370552747407] [0.00083333333333333328:39.644861111111112] [0.02:100] [3.1208333333333337e-06:0.018623942125000001] [7.4900000000000005e-05:0.37916412199999999] [3.1208333333333337e-06:0.017093115180555556] [7.4900000000000005e-05:0.18675781699999999] [0:0.38653749999999998] [0:100] [0:0.59799999999999998] [0:0.20940416666666664] [-0.055854285714285697:0.019237142857142855] [0:1] [0:0.95833333333333337] [0:71] [13.03611111111111:31.258333333333326] [29.100000000000001:70] [0:35] [0:17] [938.59999999999991:2250.5999999999995] [3.8999999999999999:47.5] [15.4:64.5] [-6.477142857142856:3.3114285714285714] [0.59999999999999998:58.299999999999997] [0:38] [-0.99999999953664132:0.99999999987412524] [-0.99999999369183823:1] [259.42265909999998:298.4303941] [257.33913039999999:289.74666669999999] [0:11.300000000000001] [0:11.300000000000001] [0:2.52] [0:0.089999999999999997] [15:100] [0:2.5] [0.16700000000000001:0.52300000000000002] [10:3015] [0:100] [0:100] [0:100] [0:100] [884.60000000000002:1027.2] [986.70000000000005:1031.8] [0:863] [0:737] [0:463] [0:0.59999999999999998] [-13.727340900000002:25.280394100000024] [-15.81086959999999:16.596666700000014] [0:1] [0:28.299999999999997] [0.19259999999999999:23.550000000000001] [0:1] [0.80000000000000004:3819.7999999999997] [0:107.59999999999999] [0:47.100000000000001] [0:1689.7999999999997] [1.2:58.299999999999997] [0.89999999999999991:54.5] [0:38] [0:14.699999999999999] [259.42265909999998:298.21689659999998] [0:2] [0:2] [0.89999999999999991:54.5] [2.7999999999999998:58.299999999999997] [2.0571428571428569:49.328571428571429] [0.40000000000000002:38] [0:26.699999999999999] [259.42265909999998:296.40927479999999] [0:7] [0:7] [2.5999999999999996:52.550000000000004] [8.3000000000000007:58.299999999999997] [4.5520000000000005:43.052] [5:38] [0:34.399999999999999] [259.42265909999998:286.57337899999999] [0:25] [0:19] [7.5:52.550000000000004] [10.1:58.299999999999997] [5.3392857142857135:37.897959183673471] [5.2000000000000002:38] [0:37.399999999999999] [259.42265909999998:282.77648069999998] [0:42] [0:22] [9.375:52.550000000000004] [-24.299999999999997:28.199999999999999] [-32:33.399999999999999] [-6.1999999999999318:10.599999999999909] [-10.899999999999977:14.599999999999909] [-20.027499999999975:21.845291299999985] [-15.300000000000001:28.000000000000004] [347.09999999999997:4155.3000000000002] [0:40.299999999999997] [0:61] [0.59999999999999998:58.299999999999997] [0:38] [259.42265909999998:298.4303941] [0:11.300000000000001] [0.90000000000000002:58.299999999999997] [0:38] [259.42265909999998:298.4303941] [0:11.300000000000001] [0.90000000000000002:58.299999999999997] [0:38] [259.42265909999998:298.4303941] [0:11.300000000000001] [0.90000000000000002:53.799999999999997] [0:33.799999999999997] [259.42265909999998:296.58327589999999] [0:11.300000000000001] [0:23] [-1:1] [-1:1] [1:5] [1:120] [0:3] [7.1180162044653335:13.453719692845613] [1:9] [0:1] [8.3691524328166658:11939.655837338518] [1:11] [0.96999999999999997:88.719999999999999] [2.21:86.629999999999995] [0.080000000000000002:87.469999999999999] [0.01:5.5099999999999998] [0:16.82] [1.8899999999999999:17.02] [0.98868616858628067:95.299005138296707] [2.2000000000000002:81.680000000000007] [12.65:40.350000000000001] [8.0679963363985543:931.7442536362413] none none [0:7.3499999999999996] [0:1] none none none [0:3.8142857142857141] [0:1] none none none [0:1.3759999999999999] [0:1] none [25:49] [0:1] [0:0.76326530612244892] [0:0.8571428571428571] [0:1]
tree_sizes=2838 2885 2890 2906 2912 2896 2898 2919 2901 2942 2931 2937 2947 2926 2921 2940 2936 2918 2924 2950 2957 2937 2923 2939 2939 2937 2932

Tree=0
num_leaves=31
num_cat=0
split_feature=104 1 155 0 3 104 155 140 92 83 30 81 50 29 2 137 96 51 85 104 1 29 138 77 155 136 0 29 82 138
split_gain=118.867 165.12 65.4136 41.3723 23.7696 22.445 21.8888 21.1132 18.2732 18.0531 16.2555 16.1158 18.5766 13.7135 12.0172 11.1453 12.8495 10.3725 10.3375 11.6367 9.80247 9.30732 8.80503 8.28991 8.15086 7.64143 7.63021 7.41483 6.96761 5.82357
threshold=5.7500000000000018 0.072925425000000016 1.0000000180025095e-35 0.20185000000000003 0.078133385000000014 0.55000000000000016 0.77400000000000013 71.610000000000014 7.5500000000000016 14.350000000000003 -1.5385714285714258 38.250000000000007 1009.35 31.050000000000004 0.00064742850000000008 0.070000000000000021 36.237500000000004 431.50000000000006 273.77604615000007 1.6500000000000006 0.048821742500000008 25.950000000000006 3.8450000000000002 275.38756420000004 0.65400000000000003 1.6650000000000003 0.44465000000000005 30.150000000000002 19.178000000000004 4.1800000000000006
decision_type=2 2 2 2 2 2 2 2 2 2 2 2 2 2 2 2 2 2 2 2 2 2 2 2 2 2 2 2 2 2
left_child=1 6 5 4 -4 15 11 27 26 -10 -9 20 -13 17 -15 -3 -17 22 -6 -20 24 -11 -14 -16 -1 -7 -2 -8 -22 -23
right_child=8 2 3 -5 18 25 7 10 9 21 -12 12 13 14 23 16 -18 -19 19 -21 28 29 -24 -25 -26 -27 -28 -29 -30 -31
leaf_value=0.0089180655893869691 0.0087942681223955269 0.010831183043000325 0.011035065810371969 0.012451866740938834 0.009165308689575458 0.014607832116581588 0.01084029694293882 0.010857789434115195 0.014994454877747998 0.0097202604381594788 0.022529963878254476 0.0090379879959535479 0.010009865814442432 0.0092040234535696978 0.011303784980428189 0.015720526419656357 0.0098851281742168284 0.011238947901543384 0.0094692107755690817 0.010390823048511511 0.0094517428307177524 0.0097865941002964977 0.0096007002199549833 0.0096855548167417704 0.010943548460139074 0.011255623166760209 0.0098222139291465286 0.0091219496053227545 0.0093553724812732216 0.0090729113435972977
leaf_weight=2874 9321 90 84 101 479 399 83 68 89 82 73 1122 120 857 67 80 58 161 238 51 56 70 364 168 142 77 58 241 86 654
leaf_count=2874 9321 90 84 101 479 399 83 68 89 82 73 1122 120 857 67 80 58 161 238 51 56 70 364 168 142 77 58 241 86 654
internal_value=0.00918378 0.0136968 0.0277775 0.0192146 0.0155967 0.0393314 0.0100942 0.0205341 0.00560802 0.0124282 0.0366194 0.00928487 0.0120048 0.0152435 0.0118188 0.0262775 0.0351603 0.0210207 0.0128076 0.0202595 0.00682397 0.0100491 0.0173178 0.0218098 0.00621709 0.0455248 0.00495639 0.0134558 0.0196097 0.00823884
internal_weight=18413 8139 1657 953 852 704 6482 465 10274 895 141 6017 2859 1737 1092 228 138 645 768 289 3158 806 484 235 3016 476 9379 324 142 724
internal_count=18413 8139 1657 953 852 704 6482 465 10274 895 141 6017 2859 1737 1092 228 138 645 768 289 3158 806 484 235 3016 476 9379 324 142 724
is_linear=0
shrinkage=1


Tree=1
num_leaves=31
num_cat=0
split_feature=103 5 21 116 137 19 84 140 81 128 50 103 24 85 18 91 128 30 75 0 133 84 21 81 17 142 105 138 54 126
split_gain=96.543 143.566 52.4158 30.8312 20.3523 18.9067 18.1487 24.421 17.8094 15.7573 13.9687 13.3237 13.182 10.5495 10.4115 13.606 10.3458 10.3124 9.55521 8.51762 8.37054 17.1872 21.26 8.3506 7.86361 7.1779 5.45149 11.6303 5.59061 5.34279
threshold=1945.4000000000003 7.2950000000000008 0.52083333333333337 274.02651400000008 0.070000000000000021 -0.0033928571428571393 16.750000000000004 68.935000000000016 39.850000000000001 10.282506010043578 1008.7500000000001 967.30000000000007 32.300000000000004 276.82498785000007 0.0029499999999999999 16.550000000000004 9.168058974278372 -1.5699999999999987 8.9500000000000011 0.44465000000000005 84.075000000000017 0.95000000000000029 0.36805555555555564 57.000000000000007 0.0065500000000000011 625.29263652251609 12.500000000000002 3.5500000000000003 0.27500000000000008 21.500000000000004
decision_type=2 2 2 2 2 2 2 2 2 2 2 2 2 2 2 2 2 2 2 2 2 2 2 2 2 2 2 2 2 2
left_child=1 6 3 17 29 9 8 12 -1 -6 -10 -4 -8 -11 24 -16 -7 -3 -12 20 -2 -22 -23 26 -9 -18 27 -20 -29 -5
right_child=19 2 11 4 5 16 7 14 10 13 18 -13 -14 -15 15 -17 25 -19 23 -21 21 22 -24 -25 -26 -27 -28 28 -30 -31
leaf_value=-0.00021671524157674591 -0.00040333509850511541 2.3900036189905871e-05 0.0015996949884173007 0.001975508343925059 4.0215059620712928e-05 0.0018244109107897967 0.0013389222046628424 0.0013404543308443984 -0.00018509046546183922 0.0022978917063771575 0.0017621793581951322 -2.443862340468046e-05 -9.6061094814955272e-05 0.00043061550334053204 0.012502575073758921 0.00058377594254818124 0.0067994834899846052 0.00068222105052422218 0.00090062185130511743 0.00057341200143639531 -0.0002787165450447296 0.004688139696511078 0.001229107561093009 0.0010796199007570145 -0.00010810688285132765 0.0028392489951051436 2.2873099372968698e-05 0.00015203669109738915 0.00089242834291269673 -1.1497822483578628e-05
leaf_weight=4259 9011 161 68 71 78 53 86 64 679 70 193 386 527 58 83 50 337 109 93 65 324 52 83 59 65 64 742 383 74 66
leaf_count=4259 9011 161 68 71 78 53 86 64 679 70 193 386 527 58 83 50 337 109 93 65 324 52 83 59 65 64 742 383 74 66
internal_value=-0.000456719 0.00329485 0.0172733 0.023324 0.0282707 0.0319138 0.000402282 0.00715753 -0.000509796 0.0191546 0.00311601 0.00302198 0.00167752 0.0298837 0.0199049 0.0297015 0.0376374 0.00865314 0.00574434 -0.00395029 -0.00407507 0.0025 0.0174265 0.00424556 0.00961538 0.040398 0.00339134 0.00715971 0.00384279 0.0105797
internal_weight=18413 8878 1521 1067 797 660 7357 875 6482 206 2223 454 613 128 262 133 454 270 1544 9535 9470 459 135 1351 129 401 1292 550 457 137
internal_count=18413 8878 1521 1067 797 660 7357 875 6482 206 2223 454 613 128 262 133 454 270 1544 9535 9470 459 135 1351 129 401 1292 550 457 137
is_linear=0
shrinkage=0.05


Tree=2
num_leaves=31
num_cat=0
split_feature=126 0 1 93 129 15 23 140 91 77 161 116 96 83 30 0 120 104 24 38 86 24 120 49 1 82 28 114 62 1
split_gain=88.9035 110.798 54.06 55.0926 26.7617 19.7686 24.966 17.9542 25.0357 16.4447 14.0437 13.1746 13.25 12.8905 8.71063 7.12169 6.6474 6.6064 15.4744 6.56258 6.53897 5.75106 14.0954 11.5061 6.04207 7.66331 10.4502 5.12968 4.56903 4.53214
threshold=64.500000000000014 0.20185000000000003 0.072925425000000016 271.41819155000002 5.5000000000000009 0.00092500000000000015 29.267361111111118 71.610000000000014 14.450000000000001 285.92715120000008 0.23469387755102042 293.38661675000009 51.025000000000013 18.050000000000004 0.31428571428571334 0.00025000000000000006 267.03179250000005 0.75000000000000011 58.050000000000004 0.55000000000000016 6.5000000000000009 32.300000000000004 270.0902734500001 984.85000000000002 0.036738039000000007 25.826000000000004 36.250000000000007 34.850000000000001 33.050000000000004 0.12674304500000003
decision_type=2 2 2 2 2 2 2 2 2 2 2 2 2 2 2 2 10 2 2 2 2 2 10 2 2 2 2 2 2 2
left_child=1 2 7 5 17 28 13 11 -9 19 -3 12 21 -7 -15 20 -11 18 -5 27 -13 22 23 -1 -23 26 -26 -10 29 -4
right_child=-2 10 3 4 -6 6 -8 8 9 16 -12 15 -14 14 -16 -17 -18 -19 -20 -21 -22 24 -24 -25 25 -27 -28 -29 -30 -31
leaf_value=0.00028374849686491223 -0.0003912316398540567 0.00087651422700600547 0.00056210581806631762 0.0025321136492932441 -0.00010570367956894475 0.0014434955389605421 0.0017449772190864844 0.011657581086426361 -0.00015889076952453629 0.0054948673444974484 0.0084604699224400046 0.0019965788161017644 0.001018078478391351 -4.6709161654978455e-05 0.00090737730206697951 7.6218490551728546e-05 0.0008501050136649756 0.001876732926728806 0.0001797358346557398 0.0024076898114713556 9.3559124401876499e-05 -0.00023656652470706058 -0.00035067556758984025 0.0014772839875343636 9.0278919149940599e-05 -6.3433636302128392e-05 0.0019393055344801486 0.0010460751542250349 -0.00021807440799841531 -5.6066505876667225e-05
leaf_weight=93 8568 69 141 74 72 95 81 83 532 55 173 138 79 255 77 329 132 177 78 57 66 5392 290 53 109 365 61 119 362 238
leaf_count=93 8568 69 141 74 72 95 81 83 532 55 173 138 79 255 77 329 132 177 78 57 66 5392 290 53 109 365 61 119 362 238
internal_value=-0.000638646 0.00260207 0.0017576 0.00999091 0.0260945 0.0048 0.012387 4.77735e-05 0.00638917 0.00392857 0.0359465 -0.000841458 -0.00146749 0.0075 0.00280781 0.00670412 0.0170745 0.0321212 0.024085 0.000430182 0.0140244 -0.00172219 0.00381007 0.0164286 -0.00213057 0.0029291 0.0116667 -0.000996934 -0.000404314 0.00342105
internal_weight=18413 9845 9603 1650 401 1249 508 7953 978 895 242 6975 6442 427 332 533 187 329 152 708 204 6363 436 146 5927 535 170 651 741 379
internal_count=18413 9845 9603 1650 401 1249 508 7953 978 895 242 6975 6442 427 332 533 187 329 152 708 204 6363 436 146 5927 535 170 651 741 379
is_linear=0
shrinkage=0.05


Tree=3
num_leaves=31
num_cat=0
split_feature=126 0 0 126 131 30 116 99 12 91 67 16 120 28 81 24 126 128 81 133 76 84 131 92 74 114 104 82 141 84
split_gain=74.3675 104.941 38.9054 44.5301 27.1432 17.064 16.1091 14.709 14.4838 13.7956 10.5111 9.18392 9.05837 7.99485 7.56359 8.74876 12.7801 10.0531 7.78829 7.34432 7.2894 7.049 6.45997 9.46786 6.54456 5.39471 8.9397 5.05596 5.5954 4.96068
threshold=61.500000000000007 0.20185000000000003 0.052550000000000006 21.500000000000004 93.410858925704943 0.74857142857142944 271.02391110000002 0.64999999999997737 0.055071705000000006 14.450000000000001 15.250000000000002 0.16500000000000001 275.68835765000006 44.050000000000004 31.350000000000005 32.300000000000004 45.500000000000007 9.8893125600333374 38.250000000000007 88.200000000000003 4.450000000000002 21.050000000000008 91.467890746291033 10.650000000000004 32.121428571428588 32.850000000000001 4.5500000000000016 26.098000000000006 33.615000000000009 7.0500000000000016
decision_type=2 2 2 2 2 2 2 2 2 2 2 2 10 2 2 2 2 2 2 2 2 2 2 2 2 2 2 2 2 2
left_child=1 2 7 4 -4 13 -3 9 -6 -1 11 -11 -10 -5 -13 16 18 21 -16 29 25 22 24 -24 27 -9 -27 28 -17 -2
right_child=19 6 3 5 8 -7 -8 20 12 10 -12 14 -14 -15 15 17 -18 -19 -20 -21 -22 -23 23 -25 -26 26 -28 -29 -30 -31
leaf_value=0.0099999890358721255 -0.00037602287485160723 0.00044639761449326553 0.00010970346464127804 -4.700514177676859e-05 0.00035362007826540074 0.0012811450708087046 0.0082736700379888208 -0.00032514019324849118 0.0013464610945140853 -0.00019691866586387681 -0.00015311487544462043 -0.00029238908133916218 0.0021259704666204528 0.00046513750840351836 -0.00039257487424117752 0.00026684351327644387 0.0015320309022523783 2.6470785379805548e-05 0.00081640632014597688 0.0036657105010705787 0.0098648876105394325 0.0034860539364477711 0.0014707483390726749 1.1667036172789968e-05 0.0054037623441876258 -6.5772166472171178e-05 0.0041573109570398952 6.0324586793795731e-05 0.0019430738114825539 3.4490244891704554e-05
leaf_weight=75 8479 75 145 878 136 64 155 2413 90 795 1620 228 157 97 63 270 50 889 53 95 50 59 83 55 50 153 50 513 111 462
leaf_count=75 8479 75 145 878 136 64 155 2413 90 795 1620 228 157 97 63 270 50 889 53 95 50 59 83 55 50 153 50 513 111 462
internal_value=-0.00092647 0.00219236 0.00135111 0.00852041 0.0203308 0.0025 0.0354762 -0.00013125 0.0272917 0.00149033 0.00115702 0.00281056 0.0345161 0.000840163 0.0043402 0.00524124 0.0162575 0.00433038 0.00696581 -0.00416344 -0.00312149 0.00743432 0.00649584 0.0165827 0.005 -0.00348682 0.00431372 0.00399441 0.00835078 -0.00431112
internal_weight=18413 9377 9147 1567 528 1039 230 7580 383 4914 4839 3219 247 975 2424 2196 166 2030 116 9036 2666 1141 1082 138 944 2616 203 894 381 8941
internal_count=18413 9377 9147 1567 528 1039 230 7580 383 4914 4839 3219 247 975 2424 2196 166 2030 116 9036 2666 1141 1082 138 944 2616 203 894 381 8941
is_linear=0
shrinkage=0.05


Tree=4
num_leaves=31
num_cat=0
split_feature=103 0 0 100 85 12 86 32 30 16 91 96 88 131 103 6 0 24 81 84 88 133 116 28 137 118 105 137 81 142
split_gain=70.4507 95.7001 42.3932 34.7587 16.6878 16.2634 15.7807 15.8272 14.3316 11.9555 11.6642 11.4873 8.53584 8.27695 7.71206 7.64862 6.84356 6.8388 6.99715 6.26874 8.63857 5.66944 7.54409 9.73775 5.05923 5.4313 4.95897 6.90972 4.95079 4.87289
threshold=2048.9500000000003 0.20185000000000003 0.052550000000000006 5.6999999999999895 271.06182565000006 0.055071705000000006 1.5000000000000002 13.050000000000002 0.74857142857142944 0.19500000000000003 14.250000000000002 47.625000000000007 47.737500000000004 159.18073677453302 1080.5500000000004 0.013558333333333335 0.44465000000000005 34.250000000000007 38.550000000000004 0.25000000000000006 32.76250000000001 84.075000000000017 271.24769650000007 29.050000000000001 0.03500000000000001 17.550000000000004 20.500000000000004 0.10000000000000002 53.550000000000004 135.82898045752839
decision_type=2 2 2 2 2 2 2 2 2 2 2 2 2 2 2 2 2 2 2 2 2 2 2 2 2 10 2 2 2 2
left_child=1 2 6 8 -3 -5 -1 9 11 -8 -11 14 -13 -7 15 -4 21 19 26 -12 -21 -2 23 -23 25 -9 -19 -28 -26 -20
right_child=16 4 3 5 -6 13 7 24 -10 10 17 12 -14 -15 -16 -17 -18 18 29 20 -22 22 -24 -25 28 -27 27 -29 -30 -31
leaf_value=-0.00029690477225374751 -0.00035361533435279301 0.00017400545764391617 0.0011780144419950341 0.00017956523173057442 0.0078599865360893788 0.0011518574433245236 -0.0001310217831869962 0.005791535403375651 0.0012699432437170951 0.0093799787782413591 0.00010220353772959883 0.0012416809465483172 0.00011480926210245364 0.0020879488555064175 1.7087378983500802e-05 -5.480911979603954e-05 0.00045499197707484277 -9.9048828419107365e-05 6.2582816028317054e-05 0.00089879399412545128 0.0013034140528033146 0.0028323068251611336 -0.00026287096214913685 -0.00016587764360874468 -0.00020931273493890803 -3.2038683544000197e-05 0.0023885321247832242 -3.0972496068989754e-05 0.00065822279240126253 0.00073663347449570834
leaf_weight=2346 8495 51 85 82 155 53 811 90 70 67 82 81 51 105 800 56 64 696 336 95 79 55 297 66 2132 130 83 72 54 774
leaf_count=2346 8495 51 85 82 155 53 811 90 70 67 82 81 51 105 800 56 64 696 336 95 79 55 297 66 2132 130 83 72 54 774
internal_value=-0.00105952 0.00195666 0.00120193 0.00927023 0.0355797 0.0265353 -0.00022044 0.00124318 0.00562063 0.00360788 0.00545952 0.00417132 0.0179323 0.0358805 0.00221868 0.0129577 -0.00423034 0.00482867 0.00381753 0.0125097 0.0178571 -0.00434822 0.00132458 0.0118033 -0.00179684 0.00540724 0.00039906 0.00846154 -0.00252629 0.00643114
internal_weight=18413 9436 9230 1383 206 240 7847 5501 1143 3095 2284 1073 132 158 941 141 8977 2217 1961 256 174 8913 418 121 2406 220 851 155 2186 1110
internal_count=18413 9436 9230 1383 206 240 7847 5501 1143 3095 2284 1073 132 158 941 141 8977 2217 1961 256 174 8913 418 121 2406 220 851 155 2186 1110
is_linear=0
shrinkage=0.05


Tree=5
num_leaves=31
num_cat=0
split_feature=103 5 6 33 50 15 155 131 95 30 27 94 29 100 90 59 0 25 28 133 49 141 77 41 126 77 116 19 116 89
split_gain=67.6115 91.6604 38.7535 31.9506 22.9502 13.7373 20.0992 20.2577 14.1241 13.5146 10.244 10.1955 9.73237 9.57501 9.0012 8.84052 8.54812 8.1917 8.17437 7.86355 8.7943 6.05369 10.2526 6.04809 5.40947 6.12491 5.38011 4.57528 4.40272 4.36595
threshold=1945.4000000000003 13.645000000000001 0.021504166666666668 -0.88294924009213394 1010.35 0.00025937500000000006 0.66600000000000004 32.789184554052362 2.5000000000000004 0.31428571428571334 1343.8500000000001 12.500000000000002 52.000000000000007 -0.19999999999987492 24.125510204081639 9.2553500000000017 0.44465000000000005 13.500000000000002 39.250000000000007 88.200000000000003 985.85000000000002 38.860000000000007 280.12494740000005 96.500000000000014 43.500000000000007 285.74014470000003 292.17389165000003 -0.00025000000000000006 291.28173335000002 41.650000000000013
decision_type=2 2 2 2 2 2 2 2 2 2 2 2 2 2 2 2 2 2 2 2 2 2 2 2 2 2 2 2 2 2
left_child=1 5 3 11 -4 21 8 14 23 12 -9 -3 26 -14 -8 -11 19 -5 -6 -2 -21 -1 -23 28 -12 -26 -10 -28 -7 -30
right_child=16 2 4 17 18 6 7 10 9 15 24 -13 13 -15 -16 -17 -18 -19 -20 20 -22 22 -24 -25 25 -27 27 -29 29 -31
leaf_value=-0.0001986523663042559 -0.00033073287802402391 0.0020872657129224572 0.00030069100416194776 0.0011597547980377765 0.0039276506588609775 -0.00015778700481682077 0.0097324527304986641 0.0012622443465830707 -2.3355639507788704e-05 0.0015993271357814126 -0.00025021651851663115 0.00087359398316396808 6.8826783055628635e-05 0.00072198961984468364 0.0052909692956663252 0.00035291946971594484 0.00044973995362510255 -5.427454994297018e-05 0.0074827084219913206 0.004337484286011938 -0.00047289192373970953 -0.00037419575451365638 0.0012819516261828147 0.0034806970629627288 0.00011978656181707251 0.0014772792284435997 0.00022339150921921788 0.00072297376634609673 -3.3114215934115873e-05 0.0015918200274791967
leaf_weight=3081 9458 85 89 57 51 2173 62 55 971 117 153 60 58 53 50 111 60 332 183 50 51 125 64 81 142 99 164 58 243 130
leaf_count=3081 9458 85 89 57 51 2173 62 55 971 117 153 60 58 53 50 111 60 332 183 50 51 125 64 81 142 99 164 58 243 130
internal_value=-0.00107354 0.0020807 0.0176107 0.00929906 0.0312654 0.000412338 0.00213832 0.0110142 0.000937499 0.00475212 0.00622222 0.0292466 0.00277778 0.016875 0.0299558 0.0159607 -0.00397505 0.00179487 0.0394681 -0.00409414 0.00970588 -0.00207735 0.00657895 -0.00128615 0.00335443 0.00801653 0.00144891 0.00845291 -0.00171771 0.00328877
internal_weight=18466 8847 857 534 323 7990 4720 561 4159 1532 449 145 1304 111 112 228 9619 389 234 9559 101 3270 189 2627 394 241 1193 222 2546 373
internal_count=18466 8847 857 534 323 7990 4720 561 4159 1532 449 145 1304 111 112 228 9619 389 234 9559 101 3270 189 2627 394 241 1193 222 2546 373
is_linear=0
shrinkage=0.05


Tree=6
num_leaves=31
num_cat=0
split_feature=104 0 12 93 131 84 30 83 92 103 91 86 32 28 29 4 0 14 23 81 103 73 96 84 24 131 85 21 96 140
split_gain=60.9084 83.2995 28.4999 29.6514 26.2431 23.4068 17.9327 11.1304 10.4953 9.58502 9.4122 9.24351 12.8853 9.05829 8.03067 7.19059 5.91267 5.79258 14.6573 8.39848 6.65248 6.05381 5.38342 4.75667 5.39304 6.87937 4.72688 4.71472 4.62611 5.13325
threshold=5.7500000000000018 0.20185000000000003 0.055071705000000006 271.85131905000009 100.14236344882157 11.050000000000002 -1.5699999999999987 20.550000000000004 7.450000000000002 1012.5500000000002 14.15 1.5000000000000002 12.450000000000001 44.050000000000004 24.450000000000003 0.011090308000000002 0.44465000000000005 0.020612574500000005 24.515972222222224 45.050000000000004 982.10000000000014 18.850000000000005 33.662500000000016 10.050000000000002 47.850000000000001 91.467890746291033 271.27671010000006 0.38194444444444448 46.425000000000004 66.940000000000012
decision_type=2 2 2 2 2 2 2 2 2 2 2 2 2 2 2 2 2 2 2 2 2 2 2 2 2 2 2 2 2 2
left_child=1 2 11 6 -5 -3 -4 26 16 -6 -10 15 17 -9 -12 -1 -2 19 20 22 21 -19 -13 24 25 -21 -8 28 29 -14
right_child=8 5 3 4 9 -7 7 13 10 -11 14 12 27 -15 -16 -17 -18 18 -20 23 -22 -23 -24 -25 -26 -27 -28 -29 -30 -31
leaf_value=-0.00028505086709540239 -0.00032301011443990329 0.007486370735459786 -6.3311777413420115e-05 -8.9715541027345108e-05 0.0017230716825320349 0.00026738008126959306 0.0098090143566464724 -0.00019347966586224266 0.0086973509284430234 0.000991702602242774 0.00059145100693787042 0.00079246479635334285 -5.7522016832692327e-05 0.00051299006854795947 -8.5497216733261734e-05 0.00015870857352446623 0.00042725295594384744 0.001652261232917203 -7.2621876108759145e-06 0.00058960196946065838 0.0021970763190360021 -0.00013321831702331599 -7.2217799586314643e-05 -9.1412128101758989e-05 0.00026479222039407427 0.0015218388856638007 0.0018600899148171529 -0.00017630347790451159 0.00037571072355354506 0.0026362744410387447
leaf_weight=1664 9390 148 596 82 109 72 50 122 60 90 62 348 483 83 768 83 55 51 251 76 127 53 1301 102 289 76 71 1666 62 76
leaf_count=1664 9390 148 596 82 109 72 50 122 60 90 62 348 483 83 768 83 55 51 251 76 127 53 1301 102 289 76 71 1666 62 76
internal_value=-0.00118455 0.00205238 0.00120576 0.00828904 0.0224823 0.0323303 0.00393824 0.0133486 -0.00373162 0.03225 0.00145342 -6.48395e-05 0.00103587 0.00616505 5.41504e-05 -0.00319222 -0.00422084 0.00339252 0.00835404 0.00229594 0.0174138 0.00785714 0.00051515 0.00768382 0.00993213 0.017549 0.0253279 -0.00171766 0.00199357 0.000535713
internal_weight=18466 8131 7911 1203 281 220 922 326 10335 199 890 6708 4961 205 830 1747 9445 2674 482 2192 231 104 1649 543 441 152 121 2287 621 559
internal_count=18466 8131 7911 1203 281 220 922 326 10335 199 890 6708 4961 205 830 1747 9445 2674 482 2192 231 104 1649 543 441 152 121 2287 621 559
is_linear=0
shrinkage=0.05


Tree=7
num_leaves=31
num_cat=0
split_feature=103 1 93 6 28 86 15 15 84 139 142 23 133 84 21 116 81 30 25 137 2 120 25 0 141 133 23 28 132 28
split_gain=52.2365 69.2133 38.8589 19.0015 16.479 12.0817 11.5237 11.5149 10.3514 16.5982 14.2928 11.5649 7.3277 9.86812 12.0611 6.71027 8.16797 9.85211 6.53019 6.91761 11.1581 5.58633 5.78454 5.50276 5.32109 5.1598 5.06701 4.46901 4.1205 3.45572
threshold=1959.8000000000002 0.13643709050000002 271.41819155000002 0.021504166666666668 37.400000000000013 1.5000000000000002 0.00025937500000000006 0.00021875000000000006 16.650000000000006 83.777273392101407 779.97322007526816 18.664583333333336 84.075000000000017 0.95000000000000029 0.36805555555555564 275.35651670000004 38.95000000000001 0.8814285714285709 23.500000000000004 0.99500000000000011 4.5050000000000009e-06 270.36025495000007 22.500000000000004 0.44465000000000005 38.860000000000007 79.980000000000004 24.079166666666669 21.750000000000004 10.500000000000002 12.250000000000002
decision_type=2 2 2 2 2 2 2 2 2 2 2 2 2 2 2 2 2 2 2 2 2 10 2 2 2 2 2 2 2 2
left_child=1 5 3 26 -4 18 24 -5 15 11 -11 -10 23 -14 -15 25 -17 21 -1 -20 -21 29 27 28 -7 -8 -3 -23 -2 -18
right_child=12 2 4 7 -6 6 8 -9 9 10 -12 -13 13 14 -16 16 17 -19 19 20 -22 22 -24 -25 -26 -27 -28 -29 -30 -31
leaf_value=-0.00030832490678334005 -0.00030622215560989258 0.00071307770409193211 0.0011836747364627957 0.00048337826105146562 0.0067135437077666385 -0.00014380333961046978 -0.00011850144241199026 0.0011151169101811531 0.00115950888943625 0.0090820183099643119 0.00052873366066424161 -5.2306809290193923e-06 -0.00020029809986692843 0.0024899677753244752 0.00020293113200195464 -3.9305704860460083e-05 0.00047509211747380747 0.0014647919274775848 -0.00026044883225163651 0.00037264332406497649 -3.5503932257297716e-06 0.0004989740256339545 4.5359255156467214e-05 0.00040589030814665506 0.00067508881774228449 0.0069756123997121921 -6.7585611643084905e-05 0.0015845419676883247 0.00015056604084574365 0.00011704730690901759
leaf_weight=2092 8965 98 85 97 188 2221 1093 130 55 95 66 313 321 51 82 682 107 58 95 51 70 59 72 59 91 51 266 94 63 696
leaf_count=2092 8965 98 85 97 188 2221 1093 130 55 95 66 313 321 51 82 682 107 58 95 51 70 59 72 59 91 51 266 94 63 696
internal_value=-0.00136324 0.00138584 0.0148266 0.00758446 0.0304015 -5.58186e-05 0.00116962 0.0189035 0.00300407 0.00943396 0.0227778 0.00353658 -0.00393523 0.00225275 0.0136567 0.00183144 0.00376201 0.00645354 -0.00311174 0.00513825 0.0130328 0.00530126 0.0122566 -0.00424516 -0.00155858 -0.00114847 0.000479451 0.0177273 -0.00434544 0.00333333
internal_weight=18466 8925 864 591 273 8061 5753 227 3441 529 161 368 9541 454 133 2912 1768 1086 2308 216 121 1028 225 9087 2312 1144 364 153 9028 803
internal_count=18466 8925 864 591 273 8061 5753 227 3441 529 161 368 9541 454 133 2912 1768 1086 2308 216 121 1028 225 9087 2312 1144 364 153 9028 803
is_linear=0
shrinkage=0.05


Tree=8
num_leaves=31
num_cat=0
split_feature=126 0 1 93 103 131 24 23 30 33 13 93 88 88 115 88 29 137 114 14 24 17 126 96 116 29 30 93 49 92
split_gain=47.7229 63.8769 22.1296 22.5496 21.9586 18.5744 14.7737 11.0597 9.67409 9.08079 8.91795 8.8028 19.2688 8.28545 7.1419 6.39008 6.88236 6.25169 5.4622 4.88178 5.1731 7.17311 4.89309 4.24973 4.19711 4.07818 4.07304 4.56591 3.41803 3.25897
threshold=65.500000000000014 0.20185000000000003 0.082906605000000008 271.04652805000006 1328.45 93.410858925704943 58.350000000000009 29.267361111111118 0.74857142857142944 0.066711293973244129 0.0013056562777777779 263.92130720000006 32.337500000000013 49.875000000000007 12.550000000000002 29.737500000000008 31.800000000000004 1.0650000000000002 32.550000000000004 0.020693614500000002 32.300000000000004 0.00035000000000000005 46.500000000000007 33.587500000000013 292.9013035000001 35.600000000000001 -1.0271428571428574 267.50534780000004 984.25000000000011 14.350000000000003
decision_type=2 2 2 2 2 2 2 2 2 2 2 2 2 2 2 2 2 2 2 2 2 2 2 2 2 2 2 2 2 2
left_child=1 2 9 7 -3 -5 -7 8 28 11 -6 12 -1 15 -8 -11 19 -15 -9 20 21 -17 -23 25 -22 -18 29 -28 -4 -21
right_child=-2 4 3 5 10 6 14 18 -10 13 -12 -13 -14 17 -16 16 23 -19 -20 26 24 22 -24 -25 -26 -27 27 -29 -30 -31
leaf_value=0.0070265621321451855 -0.00029259940096503504 0.0069470445710850598 -6.9709971478068976e-05 -5.9922994675170544e-05 -2.8698398791861247e-05 0.0013447383442351105 0.0010460062591249653 0.0001936146247724668 0.00069060767348783395 -0.00032711442278306923 0.00074666214697541972 -0.0002160988585479879 -0.00016060358048289525 0.0001364567278399947 0.00097438467735003046 -0.00022653702825612193 -5.965236240014733e-05 0.0018388345512415833 0.00015694820577344978 0.0006965842419832508 -8.6460942034279765e-06 0.00020324278877329314 0.001102234782940509 -8.9514134139147541e-05 0.00065194326274451916 0.0012836504642059214 0.0082515862696390437 0.00065811951328030322 0.00066575370630842759 -0.00020509693951381927
leaf_weight=99 8485 130 870 131 77 107 77 58 68 701 54 3674 277 58 133 54 66 70 51 79 921 74 51 1578 217 56 50 53 68 79
leaf_count=99 8485 130 870 131 77 107 77 58 68 701 54 3674 277 58 133 54 66 70 51 79 921 74 51 1578 217 56 50 53 68 79
internal_value=-0.00155277 0.000790422 0.000133216 0.00558184 0.0251527 0.0150445 0.0215723 0.00176523 0.000114199 -0.000910764 0.0105303 -0.00259072 0.0046817 0.000744887 0.0137204 0.000339195 0.00126715 0.0132171 0.0168182 0.00364471 0.00239757 0.0102778 0.0168254 -0.000937685 0.00114574 0.00800813 0.00988549 0.0175962 -0.00120873 0.00474843
internal_weight=18466 9981 9720 1563 261 448 317 1115 1006 8157 131 4050 376 4107 210 3979 3278 128 109 1578 1317 179 125 1700 1138 122 261 103 938 158
internal_count=18466 9981 9720 1563 261 448 317 1115 1006 8157 131 4050 376 4107 210 3979 3278 128 109 1578 1317 179 125 1700 1138 122 261 103 938 158
is_linear=0
shrinkage=0.05


Tree=9
num_leaves=31
num_cat=0
split_feature=126 0 93 132 133 0 120 131 91 63 33 28 3 96 116 0 15 86 91 23 139 85 49 131 133 84 30 92 105 12
split_gain=41.7958 51.6818 23.0132 20.2098 14.3275 15.7298 16.3822 19.5553 15.8204 14.4572 9.52535 9.68369 9.23804 13.8772 9.32982 8.40501 7.37728 6.22192 6.13167 5.80731 4.68771 4.74997 7.77488 5.75403 4.06957 4.03872 3.99419 3.68253 7.72923 4.36659
threshold=67.500000000000014 0.20185000000000003 270.09948160000005 10.500000000000002 88.200000000000003 0.028450000000000003 284.55919775000001 100.14236344882157 22.350000000000005 9.057850000000002 0.36156964845687667 44.750000000000007 0.059304838000000006 34.63750000000001 279.41947345000005 0.052550000000000006 0.00021875000000000006 1.5000000000000002 19.050000000000004 17.979166666666668 84.467414954242443 272.92869220000006 952.1500000000002 46.743987891117847 86.075000000000017 1.0500000000000005 0.31428571428571334 12.750000000000002 11.500000000000002 0.0033158050000000002
decision_type=2 2 2 2 2 2 10 2 2 2 2 2 2 2 2 2 2 2 2 2 2 2 2 2 2 2 2 2 2 2
left_child=1 3 16 4 5 10 12 -8 -9 -6 20 17 13 -7 -14 -15 -3 -12 -16 -19 -1 22 -22 -24 -2 -26 -20 28 29 -21
right_child=24 2 -4 -5 9 6 7 8 -10 -11 11 -13 14 15 18 -17 -18 19 26 27 21 -23 23 -25 25 -27 -28 -29 -30 -31
leaf_value=-0.00024886039473603688 -0.00028168658087386649 1.8423088326030917e-05 0.0066329702882112276 0.0011716696035299337 -1.4211951681226178e-05 0.0019133756667622402 -2.6740869593155914e-05 0.0011506516100442711 0.00033074772334158698 0.0095102252229773213 -0.00031582850768592524 0.0013272718922774686 -0.00011090046423817344 -0.00017273555300650423 0.00058337782248122293 0.00050004088451310663 0.00063359111572806382 0.0010199176946036645 7.8120127839434301e-05 0.00032475787118905114 -0.00015252753958739046 -0.00026379987935011963 0.0040578943853597548 8.5516239031534013e-05 -0.00016659992894737131 0.0016042566252875822 0.00058353878770574859 -5.3303944511363599e-05 -4.5604422724718977e-05 0.0010354052042885907
leaf_weight=4007 7833 80 83 55 56 60 106 102 75 50 606 67 1031 146 95 74 106 160 554 169 172 284 89 52 274 67 59 1305 432 217
leaf_count=4007 7833 80 83 55 56 60 106 102 75 50 606 67 1031 146 95 74 106 160 554 169 172 284 89 52 274 67 59 1305 432 217
internal_value=-0.00166919 0.000450305 0.022037 -0.000130688 -0.000299429 -0.000497314 0.00311984 0.0143662 0.0244944 0.0178972 -0.00159966 0.000613797 0.00153465 0.00994662 0.000172413 0.00404977 0.0121123 0.000173009 0.00459097 0.0013704 -0.00302172 0.00110368 0.00535032 0.0140141 -0.00433823 0.000994151 0.00273616 0.000673257 0.00330281 0.00843669
internal_weight=18466 10292 269 10023 9968 9862 2302 283 177 106 7560 2956 2019 280 1739 220 186 2889 708 2283 4604 597 313 141 8174 341 613 2123 818 386
internal_count=18466 10292 269 10023 9968 9862 2302 283 177 106 7560 2956 2019 280 1739 220 186 2889 708 2283 4604 597 313 141 8174 341 613 2123 818 386
is_linear=0
shrinkage=0.05


Tree=10
num_leaves=31
num_cat=0
split_feature=126 0 93 132 133 93 0 103 128 3 0 88 30 14 19 29 99 24 76 103 51 138 133 18 104 141 93 104 62 139
split_gain=38.0791 50.7907 19.8512 17.9749 15.9097 19.4876 11.9399 14.2033 17.4403 19.8434 9.03398 8.72887 7.34517 7.18166 6.77523 6.18767 5.96081 7.77148 6.76701 4.98426 4.6655 4.5907 4.55895 4.28073 6.30112 4.22104 3.97315 3.8016 3.36052 2.98726
threshold=67.500000000000014 0.20185000000000003 270.36224990000005 10.500000000000002 88.200000000000003 267.50534780000004 0.028450000000000003 1096.1500000000003 10.110034132736219 0.18851152100000004 0.029700000000000001 49.875000000000007 0.74857142857142944 0.018343414500000006 0.01497714285714285 55.350000000000001 0.54999999999995464 32.300000000000004 3.0500000000000012 897.60000000000014 113.50000000000001 5.3600000000000003 86.075000000000017 0.0050791666666666676 22.250000000000007 38.000000000000007 263.75501795000008 2.0500000000000012 32.45000000000001 84.467414954242443
decision_type=2 2 2 2 2 2 2 2 2 2 2 2 2 2 2 2 2 2 2 2 2 2 2 2 2 2 2 2 2 2
left_child=1 3 15 4 6 -6 11 8 14 13 -9 16 28 -10 -8 -3 17 18 25 20 -19 -22 -2 -24 -25 -1 -18 -13 -12 -21
right_child=22 2 -4 -5 5 -7 7 10 9 -11 12 27 -14 -15 -16 -17 26 19 -20 29 21 -23 23 24 -26 -27 -28 -29 -30 -31
leaf_value=-0.00013528274033860097 -0.0002677951025419286 0.00065602994863047097 0.0062751558699660932 0.0011594213691134478 0.008995534026713289 -7.2642819200467254e-05 -2.4985312063483272e-05 0.0019374508834036624 6.7205236785523593e-05 0.0017906610848424942 5.90665045796516e-05 0.00039116253466470598 0.00055931374173712699 0.00048029039752541143 0.0010222168724259289 5.8600467953782022e-05 0.00075673796848969984 -5.5691547321285474e-05 0.00077496943078552653 -0.0001412917534802835 0.001439032320777007 0.00031998344084475109 -0.00029018968352972381 0.0020792121396979754 -0.00019375329484811493 0.0005801760862608167 -0.00026872085717886095 0.0016226525719107536 -0.00016153064430922301 0.00045315407981600915
leaf_weight=160 7766 120 79 50 54 60 309 63 147 92 667 69 77 51 51 76 53 313 98 3115 118 155 214 61 74 51 2857 54 836 518
leaf_count=160 7766 120 79 50 54 60 309 63 147 92 667 69 77 51 51 76 53 313 98 3115 118 155 214 61 74 51 2857 54 836 518
internal_value=-0.00172932 0.000289488 0.0214493 -0.000292945 -0.00044488 0.0180435 -0.000661087 0.00249782 0.00874808 0.0178522 1.8247e-05 -0.00161994 -0.000724226 0.00881909 0.00137119 0.0127665 -0.00183963 -0.000703247 0.00693548 -0.0012654 0.00300681 0.00777372 -0.00429029 0.00128571 0.00823529 0.00183962 -0.00360529 0.0115323 -0.00150266 -0.00195652
internal_weight=18408 10293 275 10018 9968 114 9854 2293 650 290 1643 7561 1580 198 360 196 7438 4528 309 4219 586 273 8115 349 135 211 2910 123 1503 3633
internal_count=18408 10293 275 10018 9968 114 9854 2293 650 290 1643 7561 1580 198 360 196 7438 4528 309 4219 586 273 8115 349 135 211 2910 123 1503 3633
is_linear=0
shrinkage=0.05


Tree=11
num_leaves=31
num_cat=0
split_feature=126 1 61 133 63 29 88 10 15 1 85 42 74 88 29 104 15 88 85 15 13 94 14 84 61 137 25 85 44 142
split_gain=36.0202 39.3174 22.5621 15.8276 19.4448 14.0706 23.5625 8.54593 7.70925 15.6311 9.99841 5.0447 4.67237 5.77416 8.27167 6.92464 5.02425 4.38066 4.16438 4.00217 3.40685 10.042 4.2062 4.88567 3.01574 3.00863 4.12013 4.07322 3.96479 2.77745
threshold=67.500000000000014 0.30954854950000005 170.60000000000002 88.200000000000003 9.7268000000000008 51.350000000000009 30.662500000000005 31.920000000000005 0.00090416666666666673 0.13643709050000002 271.87045380000006 0.64500000000000013 25.864285714285721 29.162500000000005 24.550000000000004 0.35000000000000009 0.00044062500000000004 49.875000000000007 273.85389140000001 0.00021875000000000006 0.0018648959236111115 30.500000000000004 0.020693614500000002 13.350000000000003 156.10000000000002 0.75500000000000012 17.500000000000004 272.81102485000002 627.50000000000011 46.159846117222465
decision_type=2 2 2 2 2 2 2 2 2 2 2 2 2 2 2 2 2 2 2 2 2 2 2 2 2 2 2 2 2 2
left_child=1 3 -3 5 -5 8 18 24 12 17 -11 19 13 29 15 -15 -17 20 -7 -4 21 22 -10 -24 -8 -16 27 -27 -29 -1
right_child=-2 2 11 4 -6 6 7 -9 9 10 -12 -13 -14 14 25 16 -18 -19 -20 -21 -22 -23 23 -25 -26 26 -28 28 -30 -31
leaf_value=3.9922499728189264e-05 -0.00025270335530654168 0.005971210269935928 0.00011399698330878902 -4.9356555771285648e-05 0.0085627515198685149 0.0016483512093317069 0.00070882146848156929 0.00055443662910448438 -3.9230505664993224e-05 0.00029252402529166314 0.0010048342951734283 -8.9470067379604848e-06 -0.00022456080614611891 6.0263684698312962e-05 -0.00013493876329642075 0.0006371388902305376 0.0011634261626063081 0.0012192573996705112 0.0010587172272609128 0.00090993931081414798 -0.00018324855678006615 0.00072747015814886914 3.9593348147185409e-05 0.003695147039266487 -7.9398648579888121e-05 -8.1005763519918284e-06 -4.9064745617987372e-05 0.00027701316836774059 0.0036780248283488238 -0.00022432562417072036
leaf_weight=99 8115 76 50 62 52 54 50 92 1765 65 92 76 2853 176 873 125 55 50 53 73 833 68 304 53 384 171 348 121 63 1157
leaf_count=99 8115 76 50 62 52 54 50 92 1765 65 92 76 2853 176 873 125 55 50 53 73 833 68 304 53 384 171 348 121 63 1157
internal_value=-0.00184883 0.000114629 0.0187319 -0.000397745 0.0180435 -0.000612318 0.00659306 0.00221062 -0.00110548 0.000865056 0.0162025 0.00975 -0.00215988 -0.000841958 0.000871701 0.0077451 0.0146133 7.48199e-05 0.0278704 0.0159677 -0.000168652 0.000864901 0.000252001 0.00519553 -0.000724139 -0.000681675 0.00174716 0.00553371 0.0106757 -0.00348051
internal_weight=18408 10293 275 10018 114 9904 633 526 9271 3230 157 199 6041 3188 1932 356 180 3073 107 123 3023 2190 2122 357 434 1576 703 355 184 1256
internal_count=18408 10293 275 10018 114 9904 633 526 9271 3230 157 199 6041 3188 1932 356 180 3073 107 123 3023 2190 2122 357 434 1576 703 355 184 1256
is_linear=0
shrinkage=0.05


Tree=12
num_leaves=31
num_cat=0
split_feature=126 0 93 133 93 0 93 136 6 45 89 33 30 44 24 76 88 82 15 128 116 62 77 15 133 84 134 15 132 139
split_gain=32.9156 36.1524 22.6117 16.0342 19.4876 11.7536 11.7032 14.6445 17.5367 9.18009 8.54507 7.74496 6.27246 5.75038 4.98935 9.29273 4.70887 3.43095 3.41901 3.56752 3.91599 4.27715 4.56488 3.38232 3.25937 4.90715 3.11535 2.94515 2.83762 2.71771
threshold=67.500000000000014 0.20185000000000003 270.93692105000008 88.200000000000003 267.50534780000004 0.028450000000000003 271.04652805000006 0.6100000000000001 0.0084229166666666671 97.500000000000014 33.250000000000007 1.0000000180025095e-35 0.74857142857142944 1192.5000000000002 32.300000000000004 3.0500000000000012 49.875000000000007 23.098000000000006 0.00077291666666666687 10.062775016241295 292.17389165000003 34.550000000000004 285.74014470000003 0.00011458333333333334 86.075000000000017 1.0500000000000005 8.7750000000000004 0.00037187500000000003 2.5000000000000004 88.311154322955772
decision_type=2 2 2 2 2 2 2 2 2 2 2 2 2 2 2 2 2 2 2 2 2 2 2 2 2 2 2 2 2 2
left_child=1 3 13 5 -5 11 10 17 -9 -10 -7 29 -12 -3 15 23 18 -8 -16 20 21 26 -23 -13 -2 -26 -20 -18 -22 -1
right_child=24 2 -4 4 -6 6 7 8 9 -11 12 14 -14 -15 16 -17 27 -19 19 -21 28 22 -24 -25 25 -27 -28 -29 -30 -31
leaf_value=-0.00022670597739807017 -0.00024177017964950511 0.00058905460636311205 0.0056890034668055662 0.0081176197493841983 -6.6542850451879615e-05 0.0015509875910720116 5.1744470416008841e-06 -1.2384047866875416e-05 0.0015659320008221131 0.00075292668179241745 -3.7806338034287069e-05 0.00062571735588657414 0.00061564091212485187 0.00014778334001302145 -0.00011534133558900608 0.0007912627824122056 6.4351127313181042e-05 0.0012631138926084691 -9.3114214725772214e-05 -0.00016333513286193317 8.2406247188367479e-06 -1.0211375250264578e-05 0.0024256299805972864 -0.00014653843275943325 -0.00019050103382244168 0.0020471203237504075 0.00047705905717968574 0.0015761486370546322 0.0013980471444878799 0.00037856293377966583
leaf_weight=3384 7766 103 70 54 60 61 356 89 94 60 1553 51 79 102 2274 76 64 51 517 382 52 63 57 190 281 68 57 51 98 245
leaf_count=3384 7766 103 70 54 60 61 356 89 94 60 1553 51 79 102 2274 76 64 51 517 382 52 63 57 190 281 68 57 51 98 245
internal_value=-0.00190315 -2.52586e-05 0.0178261 -0.000517518 0.0180435 -0.000733469 0.00235921 0.00805683 0.0177459 0.0279032 0.000165288 -0.00169268 -0.000523577 0.00932039 -0.000153828 0.00584906 -0.000683076 0.00223039 -0.00101257 0.00111247 0.00292899 0.00133093 0.00987603 0.000991734 -0.00428413 0.00042857 -0.000460871 0.00922414 0.0102318 -0.00335813
internal_weight=18408 10293 275 10018 114 9904 2343 650 243 154 1693 7561 1632 205 3932 317 3615 407 3500 1226 844 694 120 241 8115 349 574 115 150 3629
internal_count=18408 10293 275 10018 114 9904 2343 650 243 154 1693 7561 1632 205 3932 317 3615 407 3500 1226 844 694 120 241 8115 349 574 115 150 3629
is_linear=0
shrinkage=0.05


Tree=13
num_leaves=31
num_cat=0
split_feature=126 0 126 133 63 29 81 126 33 86 24 84 139 118 9 15 100 9 84 1 92 133 128 94 85 128 42 66 123 92
split_gain=31.2838 32.9893 24.3769 16.1814 19.4448 10.7862 18.7534 7.70252 7.02011 6.33261 6.11164 5.92567 5.47858 6.87942 7.78404 5.15987 4.77966 4.75653 4.01882 3.4258 6.28876 3.09543 2.78823 2.74319 2.72853 3.18822 2.7008 2.6114 2.52959 2.45014
threshold=67.500000000000014 0.20185000000000003 19.500000000000004 88.200000000000003 9.7268000000000008 51.350000000000009 31.450000000000003 20.500000000000004 0.41504925021022326 2.5000000000000004 32.300000000000004 8.9500000000000028 84.467414954242443 10.750000000000002 0.33256944444444447 0.0010302083333333335 0.25000000000000006 1.7764583333333335 11.850000000000003 0.076596802500000019 0.15000000000000005 88.200000000000003 10.133735740856517 26.500000000000004 273.41460855000008 11.074087113852562 0.80500000000000016 31.625000000000004 0.25881904510252091 8.3500000000000032
decision_type=2 2 2 2 2 2 2 2 2 2 2 2 2 10 2 2 2 2 2 2 2 2 2 2 2 2 2 2 2 2
left_child=1 3 -3 5 -5 8 -7 17 12 -10 11 -11 19 14 -14 26 27 -8 28 -1 -21 -2 -22 -9 -24 -26 -12 29 -4 -17
right_child=21 2 18 4 -6 6 7 23 9 10 15 -13 13 -15 -16 16 -18 -19 -20 20 22 -23 24 -25 25 -27 -28 -29 -30 -31
leaf_value=-0.00017661164837717245 -0.00022895607603182832 0.0053914703142548996 0.00022731012204645767 -4.3561585460127371e-05 0.0077287329564058775 0.0014194584971019243 0.00022019177246967192 -5.3862048602224601e-05 -0.00025236773543469733 4.3675447694174523e-05 -3.8163282920299927e-05 0.00095069150390506517 0.00034724687886343423 -6.6812111393776442e-05 0.0025983089894445624 0.00066191556731282509 0.0014264381363577898 0.00090461928439778793 -3.1321322020676225e-05 0.00087278868823861236 -0.0001220208768113911 0.0015487136560840354 -9.8970498211062015e-06 0.00043680999823940685 0.00037413162687580104 -8.5703119692225287e-06 0.00049239652887427172 0.00094295855724772955 0.00084381016756661256 2.9763037497729933e-05
leaf_weight=4429 8034 75 74 62 52 79 65 353 813 63 1573 57 104 606 56 108 72 62 59 59 350 81 194 74 56 52 127 55 67 497
leaf_count=4429 8034 75 74 62 52 79 65 353 813 63 1573 57 104 606 56 108 72 62 59 59 350 81 194 74 56 52 127 55 67 497
internal_value=-0.0019629 -0.000132117 0.0169203 -0.000602357 0.0180435 -0.000819284 0.00548896 0.00220721 -0.00125108 0.000570409 0.00179593 0.0127686 -0.00228966 0.00164928 0.0108385 0.00124743 0.00475443 0.0129687 0.00768657 -0.00287785 0.000337077 -0.00428413 -0.00107963 -0.00100467 0.00242574 0.00876147 -0.000261612 0.00339637 0.0122535 0.00242574
internal_weight=18408 10293 275 10018 114 9904 633 554 9271 3365 2552 120 5906 766 160 2432 732 127 200 5140 711 8115 652 427 302 108 1700 660 141 605
internal_count=18408 10293 275 10018 114 9904 633 554 9271 3365 2552 120 5906 766 160 2432 732 127 200 5140 711 8115 652 427 302 108 1700 660 141 605
is_linear=0
shrinkage=0.05


Tree=14
num_leaves=31
num_cat=0
split_feature=103 0 93 0 133 50 49 67 88 133 11 0 73 120 15 138 131 27 141 100 155 82 13 24 4 44 27 92 18 131
split_gain=30.9581 33.5505 28.6211 12.3809 11.9569 14.6618 10.108 9.63619 7.97236 6.23589 5.29471 4.90929 4.88029 5.01436 7.4256 4.8912 4.84692 6.36303 4.52292 4.2672 3.78026 8.7536 8.46781 3.72055 3.43912 3.09943 3.02068 3.42298 2.59984 2.51975
threshold=1781.1500000000003 0.091900000000000023 271.41819155000002 0.20185000000000003 88.200000000000003 1020.2500000000001 978.35000000000002 9.1500000000000004 30.062500000000004 88.200000000000003 0.0057378994097222235 0.44465000000000005 21.550000000000004 267.11041520000009 0.0010927083333333336 12.310000000000002 34.433106106616698 1772.1500000000003 38.710000000000008 -5.1499999999999764 0.26600000000000007 26.098000000000006 0.0016090432986111114 34.250000000000007 0.015602646500000003 547.50000000000011 1922.5000000000005 3.2500000000000013 0.039175000000000008 46.743987891117847
decision_type=2 2 2 2 2 2 2 2 2 2 2 2 2 10 2 2 2 2 2 2 2 2 2 2 2 2 2 2 2 2
left_child=1 8 7 6 11 -6 -4 10 26 12 -3 20 18 14 24 -15 -16 -18 23 -17 -2 22 29 -10 -14 -20 -1 -28 -8 -22
right_child=4 2 3 -5 5 -7 28 -9 9 -11 -12 -13 13 15 16 19 17 -19 25 -21 21 -23 -24 -25 -26 -27 27 -29 -30 -31
leaf_value=-0.00023452124417854505 -0.00021858096642342307 0.00036493482824154037 0.0015078060456689048 0.0051349797777525434 0.0060188682405962817 -0.00045640785115584875 0.00066434292385343641 -2.1181334451162334e-05 0.0010120831292755089 0.0061017705310767237 0.001347207193722201 0.00031822049304833884 -3.1271473167210382e-05 -0.00011491786749351123 0.0020797411279052914 0.00039803197497681789 7.6727919473201339e-05 0.00071266861192928075 0.00061386056580086724 -3.7422053214818642e-05 0.001541671540576656 -0.00014839582875947335 0.0015003095620143407 5.7910714887291481e-05 0.00060778972960156869 0.0020104221101420231 0.0003084239961989598 -1.9442206275757415e-05 -6.3884602455514607e-05 -4.4808837122244566e-05
leaf_weight=1912 9022 66 93 66 50 55 57 420 93 72 68 63 765 2406 56 61 229 79 50 93 67 902 68 988 59 52 60 184 54 198
leaf_count=1912 9022 66 93 66 50 55 57 420 93 72 68 63 765 2406 56 61 229 79 50 93 67 902 68 988 59 52 60 184 54 198
internal_value=-0.00198191 0.00036072 0.00990909 0.0232288 -0.00377614 0.0129245 0.0169512 0.00337838 -0.000738828 0.000355714 0.015 -0.00394778 0.000139901 -0.000742866 0.0019386 -0.00198946 0.00787671 0.00535599 0.00293919 0.0066129 -0.00403393 -0.00143204 0.00547904 0.00197782 -0.00068485 0.0129612 -0.00328002 0.00193877 0.00660714 0.00139098
internal_weight=18408 7983 824 270 10425 105 204 554 7159 5003 134 10320 4931 3748 1188 2560 364 308 1183 154 10257 1235 333 1081 824 102 2156 244 111 265
internal_count=18408 7983 824 270 10425 105 204 554 7159 5003 134 10320 4931 3748 1188 2560 364 308 1183 154 10257 1235 333 1081 824 102 2156 244 111 265
is_linear=0
shrinkage=0.05


Tree=15
num_leaves=31
num_cat=0
split_feature=103 17 93 29 133 3 99 133 4 48 3 110 141 116 32 88 1 38 138 131 133 21 134 36 88 43 15 8 114 43
split_gain=31.8078 29.0102 26.3839 12.1846 6.89928 6.37788 6.53192 5.38622 4.88289 5.31406 7.70107 4.65653 4.71668 4.5481 4.32431 4.14844 4.06846 3.64192 3.53005 6.25024 2.48173 2.46785 3.4363 7.30067 4.28009 2.32211 2.95573 2.29088 2.27609 3.1789
threshold=1972.2500000000002 0.17865000000000003 270.47786315000002 48.550000000000004 88.200000000000003 0.049513091500000002 0.54999999999995464 88.200000000000003 0.00013664900000000003 8.5000000000000018 0.1473833085 21.450000000000003 38.710000000000008 285.80383995000005 9.1500000000000004 28.262500000000006 0.67217406300000015 1.0000000180025095e-35 12.310000000000002 809.04323103512718 4.3050000000000006 0.38194444444444448 6.5650000000000004 282.00865510000006 43.287500000000016 0.32650000000000007 0.0002416666666666667 0.0037767816372335354 32.250000000000007 0.38150000000000006
decision_type=2 2 2 2 2 2 2 2 2 2 2 2 2 2 2 2 2 2 2 2 2 2 2 2 2 2 2 2 2 2
left_child=1 4 14 -4 5 6 11 16 13 10 -10 12 17 -7 -3 -5 -2 25 21 -20 -8 22 23 -13 -24 -1 -27 -28 -22 -30
right_child=7 2 3 15 -6 8 20 -9 9 -11 -12 18 -14 -15 -16 -17 -18 -19 19 -21 28 -23 24 -25 -26 26 27 -29 29 -31
leaf_value=-9.8080309371487287e-05 -0.00020435910045610902 0.00044666568404380094 0.00033177536718679901 0.004878230788864916 0.0060010515105993426 0.0014281939594477822 4.41187590482606e-05 0.0015466405811811691 1.7814853260154199e-05 -8.4695844890077628e-07 0.00079384290715993279 -8.4995703455814211e-05 0.0010029300319077895 -5.4477793121827186e-06 -2.2255325291972669e-05 0.0015252414630744064 0.00019582846619273483 0.00072764420251716835 -2.9572234121391928e-05 0.00037963684525043663 -0.00023539154392876102 -0.00013186121947155361 -0.0001415720261541765 0.0024208394052601134 0.0006396120020003012 -7.0241946519700827e-05 0.00014322535687307401 0.00074260726309907698 -0.00011141917833331011 0.0034756405100677236
leaf_weight=477 9248 68 55 69 90 114 84 99 127 1255 52 71 127 67 238 63 62 72 160 58 2255 2022 543 52 58 240 274 135 140 63
leaf_count=477 9248 68 55 69 90 114 84 99 127 1255 52 71 127 67 238 63 62 72 160 58 2255 2022 543 52 58 240 274 135 140 63
internal_value=-0.00199767 0.000121815 0.0119028 0.0266489 -0.000559331 -0.000707353 -0.00137588 -0.00403188 0.00211634 0.0011324 0.00916667 -0.00018415 0.00227753 0.00983516 0.00281759 0.0348496 -0.00415584 0.00129691 -0.00128668 0.00481735 -0.0033838 -0.00177466 0.000724137 0.00830645 -0.000830566 0.000590061 0.00253846 0.00512195 -0.00367426 0.00137255
internal_weight=18438 9029 493 187 8536 8446 6831 9409 1615 1434 179 4289 1325 181 306 132 9310 1198 2964 218 2542 2746 724 123 601 1126 649 409 2458 203
internal_count=18438 9029 493 187 8536 8446 6831 9409 1615 1434 179 4289 1325 181 306 132 9310 1198 2964 218 2542 2746 724 123 601 1126 649 409 2458 203
is_linear=0
shrinkage=0.05


Tree=16
num_leaves=31
num_cat=0
split_feature=103 12 34 133 49 29 86 0 32 33 90 87 28 15 99 131 0 111 29 30 30 84 82 13 142 14 138 43 65 114
split_gain=29.6626 32.0936 24.9836 11.1499 15.5056 6.82348 5.72827 11.1793 5.54061 4.92229 4.9571 5.07621 5.6138 4.91788 6.76631 5.53303 4.08917 4.07044 3.41523 3.4209 3.32549 3.30126 6.24617 7.76848 6.0717 3.27016 3.25582 3.2511 3.00489 3.97403
threshold=1781.1500000000003 0.09273153100000002 0.1188690336012075 88.200000000000003 982.6500000000002 50.050000000000004 1.5000000000000002 0.12160000000000001 8.2500000000000018 0.12781010280868829 24.613265306122454 1.5000000000000002 44.050000000000004 0.00028958333333333337 -3.3500000000000223 100.14236344882157 0.44465000000000005 11.350000000000003 47.70000000000001 -1.8614285714285719 -1.828571428571429 6.6500000000000012 26.174000000000007 0.0011774856111111114 653.80315475003079 0.0040010920000000004 3.1850000000000005 0.31250000000000006 19.250000000000004 36.250000000000007
decision_type=2 2 2 2 2 2 2 2 2 2 2 2 2 2 2 2 2 2 2 2 2 2 2 2 2 2 2 2 2 2
left_child=1 6 8 16 -5 -4 7 18 -3 17 13 -12 20 -11 -15 27 21 -8 -1 -20 -13 -2 23 -23 -25 -22 -27 -16 29 -28
right_child=3 2 5 4 -6 -7 9 -9 -10 10 11 12 -14 14 15 -17 -18 -19 19 -21 25 22 -24 24 -26 26 28 -29 -30 -31
leaf_value=-0.00017883680546019632 -0.00019806610888252897 0.0011920572188139035 0.0032893206718759963 0.0054205205740583485 -0.00055839129203321151 0.0046016119456592343 0.00013631410105537499 0.0010403945255395913 6.0818136811952053e-05 3.592726947920681e-08 -6.7003631963888835e-05 -1.5532671336794996e-05 0.00099108615441483635 0.0022964367932390016 -1.2133656691247315e-05 -0.00014261997188689423 0.00017889404128966328 -0.00013151673583562063 0.00034404468541073164 -0.00017329115703094484 -0.00016163155546555501 -3.8354432324894572e-05 -0.00014610978667936743 0.00017427617950196417 0.0025517509311790833 -5.9104937845496735e-06 0.00076281958012180788 0.0017496939684092739 0.00019725126640330969 0.00036483139092548835
leaf_weight=1921 9017 68 50 50 62 106 606 66 212 312 1329 776 77 106 65 134 67 1231 65 87 116 216 889 56 65 143 83 154 239 70
leaf_count=1921 9017 68 50 50 62 106 606 66 212 312 1329 776 77 106 65 134 67 1231 65 87 116 216 889 56 65 143 83 154 239 70
internal_value=-0.00204106 0.000245103 0.0134211 -0.00379977 0.0118142 0.0293949 -0.000513786 -0.00270561 0.0044306 0.000347298 0.00142164 0.000451657 0.00244186 0.00497409 0.00826087 0.004887 -0.003971 -0.00175735 -0.00335584 0.00382353 0.00172269 -0.00405213 -0.00160962 0.0041716 0.0142623 0.00435583 0.00600746 0.00977273 0.00835878 0.0138312
internal_weight=18438 8016 436 10422 112 156 7580 2139 280 5441 3604 2833 1504 771 459 353 10310 1837 2073 152 1427 10243 1226 337 121 651 535 219 392 153
internal_count=18438 8016 436 10422 112 156 7580 2139 280 5441 3604 2833 1504 771 459 353 10310 1837 2073 152 1427 10243 1226 337 121 651 535 219 392 153
is_linear=0
shrinkage=0.05


Tree=17
num_leaves=31
num_cat=0
split_feature=126 0 120 29 160 6 139 36 6 33 34 86 29 32 84 6 104 83 75 19 43 22 0 137 81 53 86 136 115 49
split_gain=27.4479 30.4687 20.9027 9.69465 9.79108 8.85861 5.68182 12.2675 13.8995 6.30209 5.08085 5.04193 5.53435 4.41539 4.21628 4.44505 4.0535 4.00206 6.32121 3.85298 4.18441 3.71569 2.90714 2.6014 7.59032 2.2257 2.19028 3.2204 3.13178 2.11346
threshold=62.500000000000007 0.20185000000000003 274.3273322500001 51.350000000000009 0.21632653061224494 0.011378472222222222 84.467414954242443 283.71009160000006 0.0017229166666666671 0.58611198910066631 0.28104616462493864 1.5000000000000002 24.550000000000004 11.450000000000001 1.0000000180025095e-35 0.0079743055555555574 0.35000000000000009 19.950000000000003 16.150000000000002 0.0027085714285714243 0.35850000000000004 39.000000000000007 0.44465000000000005 1.0000000180025095e-35 32.250000000000007 198.50000000000003 14.500000000000002 0.54500000000000015 16.650000000000002 966.45000000000016
decision_type=2 2 10 2 2 2 2 2 2 2 2 2 2 2 2 2 2 2 2 2 2 2 2 2 2 2 2 2 2 2
left_child=1 3 13 6 5 -5 9 14 -9 19 -7 -11 16 -3 -8 -16 25 18 -6 -1 -21 -18 23 24 -2 -13 -14 28 -28 -15
right_child=22 2 -4 4 17 10 7 8 -10 11 -12 12 26 29 15 -17 21 -19 -20 20 -22 -23 -24 -25 -26 -27 27 -29 -30 -31
leaf_value=-0.00013413056160527329 -0.00013040453408555837 0.0011212088949029658 0.0044191637766392731 -4.4259036699068471e-05 0.0012152157386481986 0.00037274370635659467 -0.00025356193419088 -0.00021847594425770039 0.0049306862831830778 -0.00023274841457338841 0.00132867639088283 5.4346067322911492e-05 -1.9216125759532132e-05 0.00023861728254791507 0.00033626994278429176 0.0050577092326243517 0.00035422049567349111 -0.00011598566445116351 -3.467578976605321e-05 -1.6042628154507406e-05 0.00070526645795053553 0.00094249397896972731 0.00015104278419524021 -0.00018828435807746648 0.00090046275987336723 0.0011444968438912493 0.00031571359678511294 -9.1562901958222034e-05 0.00028710479239952121 -0.0001443870054955551
leaf_weight=4766 449 80 57 71 54 98 398 67 88 526 51 193 1422 54 482 52 72 242 77 151 81 82 50 8317 72 53 60 78 136 59
leaf_count=4766 449 80 57 71 54 98 398 67 88 526 51 193 1422 54 482 52 72 242 77 151 81 82 50 8317 72 53 60 78 136 59
internal_value=-0.00213867 -0.000276936 0.0169123 -0.000741319 0.00543771 0.0137783 -0.0011633 0.00221507 0.0151923 -0.00164611 0.0206667 0.000337399 0.00143777 0.00891752 3.75122e-05 0.00294392 0.0067207 0.000481282 0.0075 -0.00268754 0.00358369 0.0130645 -0.00413826 -0.00420693 -0.000766285 0.00269231 0.00018562 0.00427273 0.00769035 0.00245614
internal_weight=18438 9550 250 9300 593 220 8707 1087 155 7620 149 2622 2096 193 932 534 400 373 131 4998 232 154 8888 8838 521 246 1696 274 196 113
internal_count=18438 9550 250 9300 593 220 8707 1087 155 7620 149 2622 2096 193 932 534 400 373 131 4998 232 154 8888 8838 521 246 1696 274 196 113
is_linear=0
shrinkage=0.05


Tree=18
num_leaves=31
num_cat=0
split_feature=103 0 86 28 133 49 84 131 4 89 48 138 0 103 24 88 75 92 25 54 84 82 130 19 4 50 122 4 122 75
split_gain=24.942 27.1225 17.7623 8.34752 7.72906 10.9871 5.08276 6.80619 5.91304 4.59197 4.55155 5.98265 4.09566 3.86444 3.8403 3.59563 4.0484 5.29121 3.42267 3.06527 2.69277 5.82375 5.70139 5.5089 2.13733 3.37588 1.96985 1.93237 2.20305 2.92949
threshold=1781.1500000000003 0.20185000000000003 1.5000000000000002 44.050000000000004 88.200000000000003 982.6500000000002 19.750000000000004 32.789184554052362 0.0021886315000000005 52.150000000000013 4.5000000000000009 6.2100000000000009 0.44465000000000005 1366.3000000000004 32.300000000000004 37.537500000000016 9.4500000000000011 12.450000000000005 13.500000000000002 0.065000000000000016 6.6500000000000012 26.174000000000007 1.0000000180025095e-35 -0.00053285714285714254 0.027597018500000004 1022.2500000000001 20.500000000000004 0.0060324945000000008 17.500000000000004 12.65
decision_type=2 2 2 2 2 2 2 2 2 2 2 2 2 2 2 2 2 2 2 2 2 2 2 2 2 2 2 2 2 2
left_child=1 3 -3 6 12 -6 8 -8 15 19 11 -10 20 -4 -9 -1 17 18 -17 -5 -2 22 23 -22 27 -26 -16 28 -12 -30
right_child=4 2 13 9 5 -7 7 14 10 -11 24 -13 -14 -15 26 16 -18 -19 -20 -21 21 -23 -24 -25 25 -27 -28 -29 29 -31
leaf_value=-0.00018672175729724037 -0.00017879753921332733 0.0041892812273180381 0.0011294415312485451 0.00031583773189592648 0.0050265578664153085 -0.00052395150072727305 0.0050684745804429479 0.00054122231065185402 0.00063056449458908379 0.00092343423221448093 1.2188690101184594e-05 1.5651616210064752e-05 0.00015976995817463993 -4.2555193900479035e-05 -0.00011228924343261626 0.0020399655057182294 -1.7216317711196262e-05 -8.1835656646610667e-05 0.0002153046403916975 -2.0576585282639222e-05 0.0012555699209838298 -0.00013763542740787035 -0.00015357589287392804 0.00012133033762996653 2.910759114102105e-06 0.00030482299411490287 0.00082345549283299865 -3.4334582250308345e-05 0.0016785331243031817 4.3733231548528821e-05
leaf_weight=3678 9017 52 88 91 50 62 73 73 71 61 460 114 67 51 297 74 1465 86 51 120 90 889 128 119 85 50 58 784 59 75
leaf_count=3678 9017 52 88 91 50 62 73 73 71 61 460 114 67 51 297 74 1465 86 51 120 90 889 128 119 85 50 58 784 59 75
internal_value=-0.00222545 -0.000127855 0.0184375 -0.000583952 -0.00383815 0.00915929 -0.000894891 0.00396414 -0.00124132 0.00800366 0.00132725 0.00870968 -0.0039807 0.00892857 0.00152681 -0.00205696 -0.000134169 0.00632075 0.0128571 0.00443396 -0.00406189 -0.00185412 0.00372781 0.00880952 0.000416115 0.00639706 -0.000617979 -0.000170415 0.00197479 0.00759259
internal_weight=18438 8016 191 7825 10422 112 7553 501 7052 272 1698 185 10310 139 428 5354 1676 211 125 211 10243 1226 337 209 1513 135 355 1378 594 134
internal_count=18438 8016 191 7825 10422 112 7553 501 7052 272 1698 185 10310 139 428 5354 1676 211 125 211 10243 1226 337 209 1513 135 355 1378 594 134
is_linear=0
shrinkage=0.05


Tree=19
num_leaves=31
num_cat=0
split_feature=103 0 120 133 50 0 45 156 104 32 0 111 66 23 120 138 21 84 137 88 13 16 18 81 29 7 14 138 78 23
split_gain=23.5961 26.577 13.9237 7.47887 11.1447 6.62004 7.35368 5.28596 4.01322 3.75144 3.50489 3.27984 3.13449 3.12732 3.07941 3.45754 7.98437 3.01812 3.06686 4.75899 5.0976 2.98439 2.85732 2.45537 2.67743 2.68685 2.8222 2.35679 3.19111 2.29528
threshold=1709.3500000000004 0.20185000000000003 274.3273322500001 88.200000000000003 1020.2500000000001 0.071900000000000006 43.500000000000007 0.060000000000000005 1.8500000000000005 11.550000000000002 0.44465000000000005 9.5500000000000025 23.975000000000005 22.659722222222225 267.11041520000009 3.8850000000000002 0.38194444444444448 6.6500000000000012 0.045000000000000005 32.962500000000013 0.0011774856111111114 0.19500000000000003 0.063537500000000011 33.650000000000013 18.100000000000005 0.0042500000000000012 0.005883298500000001 12.310000000000002 1.5000000000000002 22.06944444444445
decision_type=2 2 10 2 2 2 2 2 2 2 2 2 2 2 10 2 2 2 2 2 2 2 2 2 2 2 2 2 2 2
left_child=1 5 9 10 -5 7 12 -1 -8 -3 17 13 -7 21 15 16 -13 -2 19 20 -19 -9 -20 -23 -25 -26 -27 -16 -29 -17
right_child=3 2 -4 4 -6 6 8 11 -10 -11 -12 14 -14 -15 27 29 -18 18 22 -21 -22 23 -24 24 25 26 -28 28 -30 -31
leaf_value=-0.00016156283473332431 -0.00016992594502308986 0.001042412722289265 0.0039887415264414075 0.0047752299730945431 -0.00048749860737599439 0.00028587153090149517 -6.5277308447211679e-06 -5.6718953544287632e-05 0.00064578114666570931 -4.0099250283083778e-05 0.00014991498735106063 0.0022308108545081927 0.0016129199053436525 -3.0760744396386271e-05 -9.5527630325199664e-05 0.00020510004276131134 6.7801508618868455e-05 4.0991149355301633e-05 -0.00014613805812476992 -5.4688406465765372e-05 0.0027077701937189376 -0.00015003015110647073 9.6278673158085469e-05 -1.5797940258535807e-05 0.0019180376973795433 2.9669677022131246e-06 0.0014167378282041456 0.00028155888698081297 -7.468529024459269e-05 -9.3186427851721078e-05
leaf_weight=1933 9139 74 57 50 64 51 539 211 159 52 68 54 56 552 2236 246 202 64 1118 176 50 105 58 61 109 117 189 61 87 500
leaf_count=1933 9139 74 57 50 64 51 539 211 159 52 68 54 56 552 2236 246 202 64 1118 176 50 105 58 61 109 117 189 61 87 500
internal_value=-0.00225528 -0.000130686 0.0186413 -0.00376159 0.00891304 -0.000593789 0.00368486 -0.00111195 0.00179542 0.00917323 -0.00389826 -0.000210316 0.0158333 0.00187732 -0.00104075 0.00128116 0.00628405 -0.00397134 -0.00185753 0.00273196 0.0106522 0.00389029 -0.0029949 0.00573883 0.00726415 0.00870192 0.00623778 -0.00201887 0.0040604 -0.000435075
internal_weight=18438 7651 183 10787 114 7468 805 6663 698 126 10673 4730 107 1344 3386 1002 256 10605 1466 290 114 792 1176 581 476 415 306 2384 148 746
internal_count=18438 7651 183 10787 114 7468 805 6663 698 126 10673 4730 107 1344 3386 1002 256 10605 1466 290 114 792 1176 581 476 415 306 2384 148 746
is_linear=0
shrinkage=0.05


Tree=20
num_leaves=31
num_cat=0
split_feature=103 1 120 0 120 136 86 91 134 4 33 23 112 104 111 1 0 15 4 7 134 139 137 73 82 18 98 136 123 61
split_gain=20.3993 15.0351 16.0712 7.40363 6.39124 6.85583 4.69363 4.77018 5.72057 4.41238 4.26501 4.4705 3.14665 2.47092 3.73778 3.44337 2.31915 2.299 3.09761 5.88457 3.14792 2.05555 1.839 4.81552 1.80476 1.9361 1.76567 1.6034 2.00309 1.35362
threshold=1986.4500000000003 0.41087726350000003 270.28200025000007 0.026950000000000005 286.03483885000009 0.70500000000000007 1.0000000180025095e-35 14.250000000000002 5.245000000000001 0.0094736160000000024 -0.13566256157423215 17.163194444444446 283.65377725000002 1.4500000000000006 8.7500000000000018 0.10770394800000001 0.44465000000000005 0.0010302083333333335 0.0024794665000000007 0.04445000000000001 4.1000000000000005 4.7745827319159639 1.0000000180025095e-35 32.850000000000001 21.016000000000005 0.00012708333333333335 1.7999999999999996 0.15500000000000003 -0.60355339059327362 1502.2500000000002
decision_type=2 2 10 2 10 2 2 2 2 2 2 2 2 2 2 2 2 2 2 2 2 2 2 2 2 2 2 2 2 2
left_child=1 3 -3 6 13 9 21 8 -8 -6 -9 12 -12 -5 15 -15 22 24 20 -20 -19 -1 23 -2 25 -13 -27 -16 -29 -22
right_child=16 2 -4 4 5 -7 7 10 -10 -11 11 17 -14 14 27 -17 -18 18 19 -21 29 -23 -24 -25 -26 26 -28 28 -30 -31
leaf_value=3.6624250170548503e-05 -0.00010343709964207198 8.7453704074682146e-05 0.0038124084538924147 -9.1886167886872079e-06 -3.5988252923744518e-05 0.00093472747136708046 0.0056095840793772 -0.00018997429521004525 -0.00018216419377062656 0.00084240696714206931 -4.7175007855173348e-05 0.00057159747966170518 0.00052524091926083993 4.6447574533266324e-05 0.00032438061004509981 0.00095410915366913771 0.00013868629660383015 0.0021499651357312004 0.00085580134835645393 -5.6385409600399762e-07 -3.0890597594975374e-05 -0.00018743352343942329 -0.00016026418059820005 0.00080494285561078915 -6.9172825731486857e-05 -0.00021175915620183215 0.00059178684663581296 0.00022360007261850866 -6.3101473682058114e-05 0.0009564554710549799
leaf_weight=50 407 71 50 1246 81 75 53 1631 59 58 50 72 79 80 79 51 60 81 52 86 746 1575 8817 61 2149 138 50 77 240 80
leaf_count=50 407 71 50 1246 81 75 53 1631 59 58 50 72 79 80 79 51 60 81 52 86 746 1575 8817 61 2149 138 50 77 240 80
internal_value=-0.00240234 -0.000710818 0.0167213 -0.000949213 0.00174044 0.00988372 -0.00171893 -0.000999626 0.00915929 0.00321428 -0.00122052 -0.000253907 0.00884615 0.000749717 0.00361742 0.0109091 -0.0040413 -0.000597686 0.00135755 0.00830935 0.000286342 -0.00407134 -0.00410511 -0.00103412 -0.00144813 0.00247126 -0.000185186 0.00117128 -0.000408806 -0.000634826
internal_weight=18404 9059 121 8938 1987 214 6951 5326 112 139 5214 3583 129 1773 527 131 9345 3454 1045 138 907 1625 9285 468 2409 260 188 396 317 826
internal_count=18404 9059 121 8938 1987 214 6951 5326 112 139 5214 3583 129 1773 527 131 9345 3454 1045 138 907 1625 9285 468 2409 260 188 396 317 826
is_linear=0
shrinkage=0.05


Tree=21
num_leaves=31
num_cat=0
split_feature=126 0 92 133 50 104 29 88 93 33 88 90 43 117 10 136 135 15 4 13 19 91 82 15 131 50 77 89 96 136
split_gain=18.3133 14.4001 10.4185 6.22046 8.52971 5.65305 5.38805 7.76956 5.65937 4.2921 3.88384 3.55321 4.18721 4.29224 3.05094 2.75603 2.561 2.21378 4.16186 6.98594 2.06429 2.08938 1.92701 1.87851 2.93627 5.35719 2.17698 2.75217 1.81784 1.73792
threshold=69.500000000000014 0.20185000000000003 12.150000000000004 88.200000000000003 1015.85 10.650000000000004 51.350000000000009 30.662500000000005 273.51437645000004 0.39458463453570042 30.262500000000006 23.963265306122452 0.29850000000000004 0.15000000000000005 31.920000000000005 0.38500000000000006 39.560000000000009 0.0010302083333333335 0.0021886315000000005 0.0015739879722222224 0.0032885714285714293 36.150000000000006 21.646000000000004 0.00090416666666666673 28.932590165984791 1008.5500000000001 288.58151695000009 35.850000000000001 37.162500000000001 1.2750000000000001
decision_type=2 2 2 2 2 2 2 2 2 2 2 2 2 2 2 2 2 2 2 2 2 2 2 2 2 2 2 2 2 2
left_child=1 3 5 6 -5 -3 9 8 -8 16 -11 12 -12 15 22 -14 23 -13 -19 -20 21 -18 -9 26 25 -25 -1 -28 -4 -26
right_child=-2 2 28 4 -6 -7 7 14 -10 10 11 17 13 -15 -16 -17 20 18 19 -21 -22 -23 -24 24 29 -27 27 -29 -30 -31
leaf_value=-0.00015756119564433411 -0.00015322570597052433 0.0035983227017447532 -3.3993592693237213e-05 0.0054747220155161851 -0.00057526253121373229 0.00015130620256086303 0.0011913154604220411 0.00033811991612100789 0.00014584845471042314 -0.00018972525078971266 -0.00015537715079716978 -3.475424191054082e-05 0.0014260320397810333 0.0018189522422549969 0.00017457919187669532 0.00013510756463932982 -0.00016939547304173775 -7.8709515380386474e-06 0.0010328525597116968 0.00032557950967106327 9.4941673267062196e-06 3.0860659038626412e-05 -7.4874118782555991e-05 0.0023262635236729885 -3.9110041500767033e-05 -0.00027341890658123266 0.0004085065177797094 -6.1389383952052543e-05 0.00023630892551159549 4.7732541074218067e-05
leaf_weight=1845 7826 72 88 50 54 50 58 50 55 705 81 1715 75 51 96 155 2546 473 56 138 83 57 394 50 1057 67 52 167 66 172
leaf_count=1845 7826 72 88 50 54 50 58 50 55 705 81 1715 75 51 96 155 2546 473 56 138 83 57 394 50 1057 67 52 167 66 172
internal_value=-0.00244309 -0.00108564 0.0101625 -0.00138843 0.0107143 0.0210163 -0.00151338 0.00287462 0.0147368 -0.00181437 -0.0004029 0.000446265 0.0050551 0.00794326 0.000360442 0.00495671 -0.00261194 -0.000253883 0.00218563 0.00833333 -0.00376814 -0.0040169 -0.00138202 -0.00169892 -0.000241278 0.00728813 -0.00264649 0.00204545 0.00145161 -0.000967481
internal_weight=18404 10578 276 10302 104 122 10198 653 113 9545 3449 2744 362 281 540 230 6096 2382 667 194 2686 2603 444 3410 1346 117 2064 219 154 1229
internal_count=18404 10578 276 10302 104 122 10198 653 113 9545 3449 2744 362 281 540 230 6096 2382 667 194 2686 2603 444 3410 1346 117 2064 219 154 1229
is_linear=0
shrinkage=0.05


Tree=22
num_leaves=31
num_cat=0
split_feature=103 5 93 0 156 80 93 140 25 76 77 53 128 100 0 137 84 53 36 92 139 161 4 77 128 115 23 139 132 116
split_gain=17.5819 10.384 12.2491 5.36859 4.49796 4.66268 5.57176 4.84285 3.98531 3.90845 3.77255 4.17986 3.61865 3.02441 2.7906 2.53093 4.15158 2.46535 2.42915 2.3497 3.12847 4.82016 2.23294 4.82762 2.04447 2.32645 2.52107 2.02942 2.01289 1.98489
threshold=2023.7500000000002 41.090000000000011 270.26469945000002 0.026950000000000005 1.0000000180025095e-35 28.412500000000005 263.24875110000005 73.50500000000001 4.5000000000000009 2.9500000000000006 285.92715120000008 68.500000000000014 9.8644867814012631 6.8500000000000236 0.089450000000000016 1.0000000180025095e-35 1.0500000000000005 204.50000000000003 264.32515700000005 12.850000000000003 8.3286580801970196 0.60204081632653073 7.5450000000000018e-05 277.37796455000006 9.9287532369466156 13.15 25.268055555555559 4.7745827319159639 10.500000000000002 287.37633855000007
decision_type=2 2 2 2 2 2 2 2 2 2 2 2 2 2 2 2 2 2 2 2 2 2 2 2 2 2 2 2 2 2
left_child=1 3 -3 4 27 6 -6 -7 9 17 -9 -12 22 18 -15 16 -2 -8 -14 20 -10 24 23 -5 25 -22 29 -1 -17 -27
right_child=15 2 -4 12 5 7 8 10 19 -11 11 -13 13 14 -16 28 -18 -19 -20 -21 21 -23 -24 -25 -26 26 -28 -29 -30 -31
leaf_value=3.3250004710089776e-05 -0.0001305092670992664 4.734510784319351e-05 0.003441871896110556 0.0019592678402970852 0.003551956562664391 -0.00015545034132520972 -4.0852243979162471e-06 -0.00010731817221593055 -4.7969319481527131e-05 0.00048080381359253386 0.0042799718381715613 0.00025224412308624692 0.0004235677390471037 2.690110590469962e-05 0.0013138923428546439 -0.00014556442067199812 0.00050714271178311241 0.0010563674096126447 5.2050208409979363e-05 -0.00011830585415134156 -0.00012826904463327597 0.00032596919697859664 -7.9935675562149786e-05 -0.00027374406569825161 -0.00013728361977064101 0.0030977058199825988 -2.6028219049362744e-05 -0.00016647521176369428 1.3618708104868794e-05 0.00063462230541261007
leaf_weight=50 361 74 50 50 99 2471 213 133 292 66 57 72 50 86 51 8622 91 52 1038 1144 164 58 664 89 277 103 70 1632 60 165
leaf_count=50 361 74 50 50 99 2471 213 133 292 66 57 72 50 86 51 8622 91 52 1038 1144 164 58 664 89 277 103 70 1632 60 165
internal_value=-0.0024458 -0.000910906 0.0134 -0.00110692 -0.00175376 -0.00105297 0.000417898 -0.00250915 -2.49532e-05 0.00509036 0.00393536 0.01 0.00116067 0.00287112 0.00985507 -0.00400274 -0.000342165 0.00233083 0.00197888 -0.000773968 0.000840707 0.00239857 -0.00144279 0.00428571 0.00134615 0.0032505 0.00561947 -0.00401367 -0.00419268 0.00782528
internal_weight=18404 9270 124 9146 7118 5436 2703 2733 2604 331 262 129 2028 1225 137 9134 452 265 1088 2273 1129 837 803 139 779 502 338 1682 8682 268
internal_count=18404 9270 124 9146 7118 5436 2703 2733 2604 331 262 129 2028 1225 137 9134 452 265 1088 2273 1129 837 803 139 779 502 338 1682 8682 268
is_linear=0
shrinkage=0.05


Tree=23
num_leaves=31
num_cat=0
split_feature=103 5 93 0 133 43 33 81 23 110 16 45 28 5 49 133 18 104 77 28 131 21 5 46 0 132 90 18 28 49
split_gain=15.9641 10.6047 12.2491 5.27739 5.44491 3.85734 3.53566 3.00754 3.49387 2.90966 2.59539 2.44674 4.69007 2.81999 3.2058 2.3262 3.04442 2.5868 2.20158 2.14248 2.21552 2.07002 3.92004 2.1378 2.06614 2.05642 2.04111 2.08713 1.92163 1.88677
threshold=2023.7500000000002 41.090000000000011 270.26469945000002 0.026950000000000005 88.200000000000003 0.44150000000000006 -0.1464355709645806 29.950000000000003 17.163194444444446 23.650000000000002 0.51500000000000012 50.500000000000007 40.300000000000004 4.4150000000000009 972.55000000000007 82.035000000000011 0.0050791666666666676 21.850000000000005 267.5535498000001 44.750000000000007 128.25942861116394 0.38194444444444448 1.6050000000000002 35.500000000000007 0.44465000000000005 10.500000000000002 27.178571428571427 0.014387500000000003 43.750000000000007 986.25000000000011
decision_type=2 2 2 2 2 2 2 2 2 2 2 2 2 2 2 2 2 2 2 2 2 2 2 2 2 2 2 2 2 2
left_child=1 3 -3 4 6 11 -1 -8 10 -7 -9 12 -5 14 -13 24 -17 18 -18 20 21 22 23 -10 25 -2 -15 -28 -29 -23
right_child=15 2 -4 5 -6 9 7 8 19 -11 -12 13 -14 26 -16 16 17 -19 -20 -21 -22 29 -24 -25 -26 -27 27 28 -30 -31
leaf_value=-0.00015543593880291796 -0.00013847329194135319 4.4977852451033712e-05 0.0032697783013050279 -8.771078500112199e-06 0.0044567321271829011 0.00070022688169053251 -0.00017990261301009791 0.00014020573310863786 -1.3833736370824152e-06 0.0001645207838276139 0.00044654032277040024 0.00083291892318363737 0.0010897608849904691 -3.8854219922171651e-05 -4.1120421069313551e-05 -0.00015637595030363824 -3.2358988208328339e-06 -7.7104084638118846e-05 0.00063524007617900573 0.00049999767891380372 -0.00014003923425371612 -0.00013369233563642079 0.00046185878078350539 0.00080494158334863957 0.00013333136559404263 1.2937772699625345e-05 0.00013772545312093582 -2.3726863851905633e-05 0.00018494806972141486 8.3586486107819629e-05
leaf_weight=2910 8395 74 50 139 97 63 515 78 478 75 55 98 83 752 72 350 57 134 79 70 917 1288 54 50 59 60 60 574 112 606
leaf_count=2910 8395 74 50 139 97 63 515 78 478 75 55 98 83 752 72 350 57 134 79 70 917 1288 54 50 59 60 60 574 112 606
internal_value=-0.00252459 -0.00106191 0.0134 -0.00125998 -0.00190125 0.00098817 -0.00206494 -0.00111868 -0.000604672 0.00902878 0.00731343 0.00039397 0.0053139 -0.000260636 0.00581871 -0.00400821 -0.00103865 0.00293358 0.00777372 -0.000912241 -0.00109311 -0.00031288 0.00228988 0.00095463 -0.00422372 -0.00428926 -0.000957306 0.000890226 9.46131e-05 -0.0011161
internal_weight=18404 9270 124 9146 7118 2028 7021 4111 3596 138 133 1890 222 1668 170 9134 620 270 136 3463 3393 2476 582 528 8514 8455 1498 746 686 1894
internal_count=18404 9270 124 9146 7118 2028 7021 4111 3596 138 133 1890 222 1668 170 9134 620 270 136 3463 3393 2476 582 528 8514 8455 1498 746 686 1894
is_linear=0
shrinkage=0.05


Tree=24
num_leaves=31
num_cat=0
split_feature=103 1 92 137 126 96 18 81 17 4 2 116 32 16 105 111 2 90 1 15 1 48 138 103 114 26 100 136 120 85
split_gain=14.7033 10.0332 15.0669 5.68195 7.32076 6.43478 7.54272 5.51072 4.03936 3.02457 4.31534 4.16925 5.40871 3.06522 2.90179 2.80752 2.66145 2.44402 2.39025 4.77067 2.37483 2.1604 1.98976 3.17058 1.90376 1.68723 1.74637 1.9165 1.63692 1.56464
threshold=1606.6000000000001 0.36432711350000008 12.150000000000004 0.045000000000000005 71.500000000000014 32.937500000000007 0.0042979166666666678 34.95000000000001 0.051100000000000007 0.0021886315000000005 1.1650000000000002e-05 290.41394075000005 12.850000000000003 2.4550000000000005 14.500000000000002 6.5500000000000007 0.00042908450000000005 23.631632653061228 0.14441036650000003 0.0006895833333333335 0.67217406300000015 90.500000000000014 12.310000000000002 1137.9500000000003 20.050000000000004 14.500000000000002 -0.89999999999992031 1.3600000000000003 272.62169325000008 277.56494790000005
decision_type=2 2 2 2 2 2 2 2 2 2 2 2 2 2 2 2 2 2 2 2 2 2 2 2 2 2 2 2 10 2
left_child=1 7 -3 4 5 6 -2 18 24 15 28 12 13 14 -12 16 17 21 25 -20 -5 -9 -17 -24 -8 26 27 29 -11 -1
right_child=3 2 -4 20 -6 -7 8 9 -10 10 11 -13 -14 -15 -16 22 -18 -19 19 -21 -22 -23 23 -25 -26 -27 -28 -29 -30 -31
leaf_value=-0.00018081340339053394 -0.00010241224094636705 0.0031062893862397762 -1.268244875711068e-05 -0.00013274790814011089 -0.00011515855202222933 -3.5901264353205796e-05 0.0047051754143159763 0.00010759758773718252 0.0003785685696429909 -3.0326913933186696e-05 0.00048433742440843293 -7.2677808503478138e-05 0.00012697444661795035 0.00040878754431234485 0.0011962784579959817 -5.1176325940334577e-05 0.0029586431371505248 -7.9982424453694883e-05 -2.6175574451275454e-05 0.0010643520399187827 0.00012577226557609517 0.001681636790706638 -0.00018363363805126676 0.00028695731273186716 0.0022173653670534729 3.2805351626518431e-05 -0.00015120924260368863 0.00025172869379207457 0.00026418110675809065 0.00024659952651327901
leaf_weight=355 63 50 84 9662 1090 281 50 52 57 451 73 146 203 66 51 2422 52 209 140 53 68 51 71 69 52 92 2058 78 83 172
leaf_count=355 63 50 84 9662 1090 281 50 52 57 451 73 146 203 66 51 2422 52 209 140 53 68 51 71 69 52 92 2058 78 83 172
internal_value=-0.00250829 -0.000720137 0.0127778 -0.00362593 -0.000853201 0.00412698 0.0104709 -0.000983018 0.01625 0.000224999 0.00249534 0.00564815 0.00832487 0.0143717 0.019 -0.000606424 0.00349315 0.00170926 -0.00262292 0.00273196 -0.00407923 0.00798077 -0.00119196 0.00457447 0.0221845 -0.00300073 -0.00323198 -0.000858087 -0.000682244 -0.00195076
internal_weight=18404 7081 134 11323 1593 503 222 6947 159 3999 1073 539 393 190 124 2926 364 312 2948 193 9730 103 2562 140 102 2755 2663 605 534 527
internal_count=18404 7081 134 11323 1593 503 222 6947 159 3999 1073 539 393 190 124 2926 364 312 2948 193 9730 103 2562 140 102 2755 2663 605 534 527
is_linear=0
shrinkage=0.05


Tree=25
num_leaves=31
num_cat=0
split_feature=126 5 81 133 93 5 114 21 93 112 116 76 133 43 81 101 137 43 133 41 48 9 139 18 90 84 2 93 30 13
split_gain=16.3296 12.6855 12.9069 8.47953 10.8937 4.72764 4.28857 3.90923 3.17936 4.78737 3.09072 4.85569 3.738 3.06251 3.72744 4.49111 2.65572 2.57898 3.90538 3.51755 2.60677 2.3314 1.93817 3.14053 3.74854 3.06976 1.91506 1.8859 1.88293 2.24759
threshold=65.500000000000014 41.090000000000011 36.250000000000007 88.200000000000003 267.50534780000004 7.2950000000000008 25.650000000000002 0.4513888888888889 265.05794200000008 274.91868105000009 272.33340910000004 0.8500000000000002 14.180000000000001 0.34250000000000008 43.550000000000004 6.1348178000000084 0.085000000000000006 0.24750000000000003 58.645000000000003 38.500000000000007 56.500000000000007 0.33256944444444447 84.467414954242443 0.0044291666666666672 11.102740240240241 0.45000000000000007 0.0023607900000000002 263.56509810000006 -1.8371428571428561 0.0012229442291666669
decision_type=2 2 2 2 2 2 2 2 2 2 2 2 2 2 2 2 2 2 2 2 2 2 2 2 2 2 2 2 2 2
left_child=1 3 -3 5 -5 6 -1 8 -7 -10 16 13 -13 -12 26 28 21 -11 20 -20 -19 -8 -2 -24 -25 -26 -15 -27 -16 -30
right_child=22 2 -4 4 -6 7 10 -9 9 17 11 12 -14 14 15 -17 -18 18 19 -21 -22 -23 23 24 25 27 -28 -29 29 -31
leaf_value=-0.00013220952959060989 -0.000125657225398955 0.002936128542610664 0.00013980310126390086 0.004824901441739457 -0.00075345178829382164 -3.3618683204932788e-05 -5.308490310685807e-05 -3.7813890153434021e-05 0.0011725359175596575 -5.9183257825180922e-05 -6.1242572900500566e-05 -0.00015391677553411551 0.00042901322565880735 -5.6622793106100794e-05 -0.00012188150454874323 0.00086346421442634949 -0.00013966476739979674 -9.2964455976373453e-05 9.6098208154493588e-05 0.00079140061489882646 0.00017742553689636427 0.0013236276362013847 -0.00012868856893131443 -0.00012393847858748405 5.6889006218103578e-05 0.00033503876557759255 0.002028780909793321 -6.1445956561297923e-05 0.00031807762201756657 -3.6581006255532714e-05
leaf_weight=3811 7454 53 103 52 58 280 112 702 93 106 1344 62 98 779 120 98 1264 107 52 67 343 57 589 190 66 78 78 57 129 60
leaf_count=3811 7454 53 103 52 58 280 112 702 93 106 1344 62 98 779 120 98 1264 107 52 67 343 57 589 190 66 78 78 57 129 60
internal_value=-0.0023103 -0.000945758 0.0131529 -0.00117036 0.0125676 -0.00132695 -0.00184138 0.00102513 0.00295996 0.00462289 -0.000737745 0.000236546 0.0086646 -0.000281718 0.00148221 0.00541667 -0.00262204 0.00313609 0.00447368 0.0125 0.00231707 0.00323529 -0.00393183 -0.00182977 0.00163265 0.00638614 -0.000384617 0.00198529 0.00241935 0.00552631
internal_weight=18462 10028 156 9872 110 9762 8012 1750 1048 768 4201 2768 160 2608 1264 407 1433 675 569 119 450 169 8434 980 391 201 857 135 309 189
internal_count=18462 10028 156 9872 110 9762 8012 1750 1048 768 4201 2768 160 2608 1264 407 1433 675 569 119 450 169 8434 980 391 201 857 135 309 189
is_linear=0
shrinkage=0.05


Tree=26
num_leaves=31
num_cat=0
split_feature=103 1 82 133 126 88 111 43 47 28 28 92 100 33 19 1 28 47 27 53 97 39 46 15 18 131 51 128 99 12
split_gain=16.1326 10.9253 16.8443 8.24345 11.1389 4.50733 4.12423 4.018 6.44975 3.57768 7.39747 2.9127 3.30003 2.85419 2.77366 2.7215 2.39362 2.3987 2.36064 2.11022 2.03037 1.75011 1.41541 1.61613 1.38038 2.59905 3.76013 2.6807 1.2421 1.56672
threshold=2023.7500000000002 0.36432711350000008 19.046000000000003 88.200000000000003 35.500000000000007 28.262500000000006 8.7500000000000018 0.34350000000000008 29.500000000000004 39.95000000000001 41.050000000000004 14.250000000000002 3.049999999999955 1.0000000180025095e-35 0.018424285714285716 0.67217406300000015 43.20000000000001 94.500000000000014 1551.4000000000003 184.50000000000003 -0.69999999999999984 1.3650000000000002 49.500000000000007 0.00022916666666666672 0.0054750000000000007 33.845472724088289 105.50000000000001 8.9457198291655953 -2.7499999999999996 0.10813634050000001
decision_type=2 2 2 2 2 2 2 2 2 2 2 2 2 2 2 2 2 2 2 2 2 2 2 2 2 2 2 2 2 2
left_child=1 3 -3 5 -5 9 7 22 19 -1 -11 12 20 -8 15 21 24 -18 -13 -9 -10 -2 -7 -24 -15 26 27 -26 -27 -30
right_child=14 2 -4 4 -6 6 13 8 11 10 -12 18 -14 16 -16 -17 17 -19 -20 -21 -22 -23 23 -25 25 28 -28 -29 29 -31
leaf_value=-0.0001344586583625403 -0.00011800375997672874 0.0027934509548177555 0.00010443428706367327 -0.00071577919887913055 0.0045836563696524833 -6.9496059241834989e-05 -0.00010598080027820496 -5.9954740430337765e-05 0.0019915489289105181 0.00090957184102877882 -3.7341222638354672e-05 0.00054945600396168138 0.00015572877410610324 -6.7089326919219866e-05 3.0349609604267307e-05 0.00028715449234262844 -5.9871804386256308e-06 0.00057193271773612329 -0.00013032138097618273 0.00090971315693546206 0.0016450159651491985 0.00033936543981025267 -0.00022310346529005594 0.00093066676029412575 0.00086841349704423049 -6.5912400415821324e-05 -0.00018639191430190851 0.0010568692951526913 1.3485042530924735e-06 0.00088634383144811993
leaf_weight=1903 8933 51 115 55 52 599 2015 372 70 62 136 52 54 1608 50 59 117 86 77 77 59 65 50 50 52 572 65 54 894 58
leaf_count=1903 8933 51 115 55 52 599 2015 372 70 62 136 52 54 1608 50 59 117 86 77 77 59 65 50 50 52 572 65 54 894 58
internal_value=-0.00236446 -0.000905303 0.0117665 -0.00113602 0.0125926 -0.00129968 -0.000687483 0.00167351 0.00418635 -0.00333016 0.0030402 0.00969648 0.01375 -0.00131293 -0.00386254 -0.00392802 -0.000449103 0.00480392 0.00384615 0.000333332 0.0180769 -0.00399878 -0.00105714 0.00440594 -0.00077482 0.000218159 0.00604651 0.0118224 -0.000436067 0.000666316
internal_weight=18462 9355 166 9189 107 9082 6981 1460 761 2101 198 312 183 5521 9107 9057 3506 203 129 449 129 8998 699 100 3303 1695 171 106 1524 952
internal_count=18462 9355 166 9189 107 9082 6981 1460 761 2101 198 312 183 5521 9107 9057 3506 203 129 449 129 8998 699 100 3303 1695 171 106 1524 952
is_linear=0
shrinkage=0.05


end of trees

feature_importances:
last_osi=43
pct_forest=30
cumul_gust_since_onset=23
min_t2m_next_48h=22
total_tp_next_24h=21
pre_event_mean_osi=20
hours_since_obs=20
last_P_t=18
gust_max_last6h_obs=18
gust_peak4h_mean_next_24h=18
gust_last_obs=17
pop_density=17
gust_trend_last6h_obs=16
gust_max_next_24h=16
cumul_tp_since_onset=14
t2m_at_t24h=14
gust_max_obs=13
total_tp_next_48h=13
pct_wetland=13
t2m_at_t48h=12
last_R_t=11
gust_mean_obs=11
wind_sin_t=11
gust_gt30_next_24h=11
pct_unmapped=11
storm_onset_mean_osi=10
sp_t=10
gust_mean_next_24h=10
min_t2m_next_24h=10
log_customers=10
pct_forest_classified=10
soil_moist_t=9
min_t2m_next_6h=9
wind_speed_max_next_48h=9
gust_peak4h_mean_next_48h=9
last_outage_pct=8
frac_zero_72h=8
mslma_t=8
pct_water=8
osi_mean_72h=7
R_t_mean_72h=7
osi_trend_last6h=7
wind_speed_t=7
pressure_change_6h=7
gust_at_t24h=7
N_t_max_72h=6
R_t_max_72h=6
gust_gt30_obs=6
gust_mean_next_48h=6
n_utilities=6
tree_canopy_std=6
last_N_t=5
last_D_t=5
pre_event_max_outage_pct=5
total_tp_next_6h=5
pressure_change_3h=5
wind_speed_at_t6h=5
tree_canopy_pct=5
forest_x_customers=5
tp_rate_next_24h=5
storm_onset_max_osi=4
cumul_gust_obs=4
hcc_t=4
diffuse_rad_t=4
wind_speed_max_next_6h=4
wind_speed_max_next_24h=4
gust_max_next_48h=4
gust_gt30_since_onset=4
pct_developed=4
outage_pct_mean_72h=3
d2m_t=3
blh_t=3
tcc_t=3
sdswrf_t=3
gust_x_hso=3
gust_x_phase=3
soil_gust_x_phase=3
gust_max_next_6h=3
gust_gt30_next_48h=3
wind_speed_at_t24h=3
osi_max_72h=2
outage_pct_max_72h=2
wind_cos_t=2
rain_t=2
r2_t=2
vpd_t=2
lcc_t=2
mcc_t=2
et0_t=2
gust_mean_next_1h=2
wind_speed_max_next_1h=2
gust_mean_next_6h=2
gust_at_t6h=2
t2m_at_t6h=2
gust_at_t48h=2
hour_of_day=2
hour_sin=2
gust_gt30_frac_next_24h=2
gust_gt30_frac_next_48h=2
osi_std_72h=1
N_t_mean_72h=1
hours_since_peak=1
gust_gt40_obs=1
csnow_t=1
soil_moist_x_gust=1
gust_max_next_1h=1
gust_gt30_next_6h=1
gust_peak4h_mean_next_6h=1
gust_gt40_next_24h=1
gust_gt40_next_48h=1
gust_change_1h=1
gust_change_3h=1
temp_change_6h=1
tp_at_t24h=1
rural_urban_code=1
is_metro=1
pct_agriculture=1
tp_rate_next_48h=1

parameters:
[boosting: gbdt]
[objective: quantile]
[metric: rmse]
[tree_learner: serial]
[device_type: cpu]
[data_sample_strategy: bagging]
[data: ]
[valid: ]
[num_iterations: 2000]
[learning_rate: 0.05]
[num_leaves: 31]
[num_threads: 8]
[seed: 42]
[deterministic: 0]
[force_col_wise: 0]
[force_row_wise: 0]
[histogram_pool_size: -1]
[max_depth: -1]
[min_data_in_leaf: 50]
[min_sum_hessian_in_leaf: 0.001]
[bagging_fraction: 0.8]
[pos_bagging_fraction: 1]
[neg_bagging_fraction: 1]
[bagging_freq: 5]
[bagging_seed: 42]
[bagging_by_query: 0]
[feature_fraction: 0.8]
[feature_fraction_bynode: 1]
[feature_fraction_seed: 42]
[extra_trees: 0]
[extra_seed: 12879]
[early_stopping_round: 0]
[early_stopping_min_delta: 0]
[first_metric_only: 0]
[max_delta_step: 0]
[lambda_l1: 0.1]
[lambda_l2: 1]
[linear_lambda: 0]
[min_gain_to_split: 0]
[drop_rate: 0.1]
[max_drop: 50]
[skip_drop: 0.5]
[xgboost_dart_mode: 0]
[uniform_drop: 0]
[drop_seed: 42]
[top_rate: 0.2]
[other_rate: 0.1]
[min_data_per_group: 100]
[max_cat_threshold: 32]
[cat_l2: 10]
[cat_smooth: 10]
[max_cat_to_onehot: 4]
[top_k: 20]
[monotone_constraints: ]
[monotone_constraints_method: basic]
[monotone_penalty: 0]
[feature_contri: ]
[forcedsplits_filename: ]
[refit_decay_rate: 0.9]
[cegb_tradeoff: 1]
[cegb_penalty_split: 0]
[cegb_penalty_feature_lazy: ]
[cegb_penalty_feature_coupled: ]
[path_smooth: 0]
[interaction_constraints: ]
[verbosity: -1]
[saved_feature_importance_type: 0]
[use_quantized_grad: 0]
[num_grad_quant_bins: 4]
[quant_train_renew_leaf: 0]
[stochastic_rounding: 1]
[linear_tree: 0]
[max_bin: 255]
[max_bin_by_feature: ]
[min_data_in_bin: 3]
[bin_construct_sample_cnt: 200000]
[data_random_seed: 42]
[is_enable_sparse: 1]
[enable_bundle: 1]
[use_missing: 1]
[zero_as_missing: 0]
[feature_pre_filter: 1]
[pre_partition: 0]
[two_round: 0]
[header: 0]
[label_column: ]
[weight_column: ]
[group_column: ]
[ignore_column: ]
[categorical_feature: ]
[forcedbins_filename: ]
[precise_float_parser: 0]
[parser_config_file: ]
[objective_seed: 16083]
[num_class: 1]
[is_unbalance: 0]
[scale_pos_weight: 1]
[sigmoid: 1]
[boost_from_average: 1]
[reg_sqrt: 0]
[alpha: 0.9]
[fair_c: 1]
[poisson_max_delta_step: 0.7]
[tweedie_variance_power: 1.5]
[lambdarank_truncation_level: 30]
[lambdarank_norm: 1]
[label_gain: ]
[lambdarank_position_bias_regularization: 0]
[eval_at: ]
[multi_error_top_k: 1]
[auc_mu_weights: ]
[num_machines: 1]
[local_listen_port: 12400]
[time_out: 120]
[machine_list_filename: ]
[machines: ]
[gpu_platform_id: -1]
[gpu_device_id: -1]
[gpu_device_id_list: ]
[gpu_use_dp: 0]
[num_gpu: 1]

end of parameters

pandas_categorical:[]
