tree
version=v4
num_class=1
num_tree_per_iteration=1
label_index=0
max_feature_idx=162
objective=quantile
feature_names=last_osi last_P_t last_N_t last_D_t last_R_t last_outage_pct osi_mean_72h osi_max_72h osi_std_72h outage_pct_mean_72h outage_pct_max_72h N_t_mean_72h N_t_max_72h R_t_mean_72h R_t_max_72h pre_event_mean_osi pre_event_max_outage_pct storm_onset_max_osi storm_onset_mean_osi osi_trend_last6h is_worsening frac_zero_72h hours_since_peak gust_mean_obs gust_max_obs gust_gt30_obs gust_gt40_obs cumul_gust_obs gust_last_obs gust_max_last6h_obs gust_trend_last6h_obs gust_t wind_speed_t wind_sin_t wind_cos_t t2m_t d2m_t tp_t rain_t csnow_t sdwe_t r2_t vpd_t soil_moist_t blh_t tcc_t lcc_t mcc_t hcc_t sp_t mslma_t sdswrf_t direct_rad_t diffuse_rad_t et0_t temp_c_t dewpoint_c_t icing_risk_t gust_exceed_30 soil_moist_x_gust is_snowing gust_x_hso gust_x_phase soil_gust_x_phase gust_exceed30_x_hso gust_max_next_1h gust_mean_next_1h wind_speed_max_next_1h total_tp_next_1h min_t2m_next_1h gust_gt30_next_1h gust_gt40_next_1h gust_peak4h_mean_next_1h gust_max_next_6h gust_mean_next_6h wind_speed_max_next_6h total_tp_next_6h min_t2m_next_6h gust_gt30_next_6h gust_gt40_next_6h gust_peak4h_mean_next_6h gust_max_next_24h gust_mean_next_24h wind_speed_max_next_24h total_tp_next_24h min_t2m_next_24h gust_gt30_next_24h gust_gt40_next_24h gust_peak4h_mean_next_24h gust_max_next_48h gust_mean_next_48h wind_speed_max_next_48h total_tp_next_48h min_t2m_next_48h gust_gt30_next_48h gust_gt40_next_48h gust_peak4h_mean_next_48h gust_change_1h gust_change_3h pressure_change_3h pressure_change_6h temp_change_6h wind_change_1h cumul_gust_since_onset cumul_tp_since_onset gust_gt30_since_onset gust_at_t1h wind_speed_at_t1h t2m_at_t1h tp_at_t1h gust_at_t6h wind_speed_at_t6h t2m_at_t6h tp_at_t6h gust_at_t24h wind_speed_at_t24h t2m_at_t24h tp_at_t24h gust_at_t48h wind_speed_at_t48h t2m_at_t48h tp_at_t48h hour_of_day hour_sin hour_cos days_since_onset hours_since_obs storm_phase log_customers rural_urban_code is_metro pop_density n_utilities pct_forest pct_developed pct_agriculture pct_water pct_wetland pct_unmapped pct_forest_classified tree_canopy_pct tree_canopy_std forest_x_customers window_len_next_1h is_full_next_1h tp_rate_next_1h gust_gt30_frac_next_1h has_weather_at_t1h window_len_next_6h is_full_next_6h tp_rate_next_6h gust_gt30_frac_next_6h has_weather_at_t6h window_len_next_24h is_full_next_24h tp_rate_next_24h gust_gt30_frac_next_24h has_weather_at_t24h window_len_next_48h is_full_next_48h tp_rate_next_48h gust_gt30_frac_next_48h has_weather_at_t48h
feature_infos=[0:0.55230000000000001] [0:0.82424180700000005] [0:0.065400654000000003] [0:0.90465771100000003] [0:0.058582058999999999] [0:82.420000000000002] [4.1666666666666669e-06:0.26529999999999998] [0.0001:0.65049999999999997] [1.9982631347136334e-05:0.22470370552747407] [0.00083333333333333328:39.644861111111112] [0.02:100] [3.1208333333333337e-06:0.018623942125000001] [7.4900000000000005e-05:0.37916412199999999] [3.1208333333333337e-06:0.017093115180555556] [7.4900000000000005e-05:0.18675781699999999] [0:0.38653749999999998] [0:100] [0:0.59799999999999998] [0:0.20940416666666664] [-0.055854285714285697:0.019237142857142855] [0:1] [0:0.95833333333333337] [0:71] [13.03611111111111:31.258333333333326] [29.100000000000001:70] [0:35] [0:17] [938.59999999999991:2250.5999999999995] [3.8999999999999999:47.5] [15.4:64.5] [-6.477142857142856:3.3114285714285714] [0.59999999999999998:58.299999999999997] [0:38] [-0.99999999953664132:0.99999999987412524] [-0.99999999369183823:1] [259.42265909999998:298.4303941] [257.33913039999999:289.74666669999999] [0:11.300000000000001] [0:11.300000000000001] [0:2.52] [0:0.089999999999999997] [15:100] [0:2.5] [0.16700000000000001:0.52300000000000002] [10:3015] [0:100] [0:100] [0:100] [0:100] [884.60000000000002:1027.2] [986.70000000000005:1031.8] [0:863] [0:737] [0:463] [0:0.59999999999999998] [-13.727340900000002:25.280394100000024] [-15.81086959999999:16.596666700000014] [0:1] [0:28.299999999999997] [0.19259999999999999:23.550000000000001] [0:1] [0.80000000000000004:3819.7999999999997] [0:107.59999999999999] [0:47.100000000000001] [0:1689.7999999999997] [1.2:58.299999999999997] [0.89999999999999991:54.5] [0:38] [0:14.699999999999999] [259.42265909999998:298.21689659999998] [0:2] [0:2] [0.89999999999999991:54.5] [2.7999999999999998:58.299999999999997] [2.0571428571428569:49.328571428571429] [0.40000000000000002:38] [0:26.699999999999999] [259.42265909999998:296.40927479999999] [0:7] [0:7] [2.5999999999999996:52.550000000000004] [8.3000000000000007:58.299999999999997] [4.5520000000000005:43.052] [5:38] [0:34.399999999999999] [259.42265909999998:286.57337899999999] [0:25] [0:19] [7.5:52.550000000000004] [10.1:58.299999999999997] [5.3392857142857135:37.897959183673471] [5.2000000000000002:38] [0:37.399999999999999] [259.42265909999998:282.77648069999998] [0:42] [0:22] [9.375:52.550000000000004] [-24.299999999999997:28.199999999999999] [-32:33.399999999999999] [-6.1999999999999318:10.599999999999909] [-10.899999999999977:14.599999999999909] [-20.027499999999975:21.845291299999985] [-15.300000000000001:28.000000000000004] [347.09999999999997:4155.3000000000002] [0:40.299999999999997] [0:61] [0.59999999999999998:58.299999999999997] [0:38] [259.42265909999998:298.4303941] [0:11.300000000000001] [0.90000000000000002:58.299999999999997] [0:38] [259.42265909999998:298.4303941] [0:11.300000000000001] [0.90000000000000002:58.299999999999997] [0:38] [259.42265909999998:298.4303941] [0:11.300000000000001] [0.90000000000000002:53.799999999999997] [0:33.799999999999997] [259.42265909999998:296.58327589999999] [0:11.300000000000001] [0:23] [-1:1] [-1:1] [1:5] [1:120] [0:3] [7.1180162044653335:13.453719692845613] [1:9] [0:1] [8.3691524328166658:11939.655837338518] [1:11] [0.96999999999999997:88.719999999999999] [2.21:86.629999999999995] [0.080000000000000002:87.469999999999999] [0.01:5.5099999999999998] [0:16.82] [1.8899999999999999:17.02] [0.98868616858628067:95.299005138296707] [2.2000000000000002:81.680000000000007] [12.65:40.350000000000001] [8.0679963363985543:931.7442536362413] none none [0:7.3499999999999996] [0:1] none none none [0:3.8142857142857141] [0:1] none none none [0:1.3759999999999999] [0:1] none [25:49] [0:1] [0:0.76326530612244892] [0:0.8571428571428571] [0:1]
tree_sizes=2801 2919 2912 2916 2903 2916 2939 2909 2894 2893 2910 2926 2940 2908 2908 2919 2928 2927 2929 2921 2916 2944 2929 2939 2945 2949

Tree=0
num_leaves=31
num_cat=0
split_feature=103 1 155 0 140 50 28 104 3 81 96 99 103 69 0 137 28 135 96 140 0 96 135 28 114 92 80 16 7 155
split_gain=114.469 217.083 73.219 40.157 30.4465 47.4974 25.4104 20.746 20.2642 14.1431 13.7037 13.5741 16.0923 13.3051 11.35 11.1396 10.8469 10.6538 10.6513 9.59779 8.26639 7.19815 7.10087 7.04278 6.53079 6.3833 6.16271 5.02654 8.5172 9.11719
threshold=2073.1500000000005 0.072925425000000016 0.006000000000000001 0.20185000000000003 71.610000000000014 1006.35 17.350000000000005 0.55000000000000016 0.078133385000000014 39.150000000000013 36.187500000000007 0.30000000000001142 767.50000000000011 287.97214725000009 0.029700000000000001 0.070000000000000021 44.050000000000004 68.88000000000001 49.900000000000006 31.525000000000002 0.44465000000000005 38.850000000000009 30.955000000000002 28.450000000000003 31.550000000000004 10.050000000000002 23.437500000000007 0.19500000000000003 0.0042500000000000012 0.78200000000000014
decision_type=2 2 2 2 2 2 2 2 2 2 2 2 2 2 2 2 2 2 2 2 2 2 2 2 2 2 2 2 2 2
left_child=1 4 7 8 11 6 -6 10 -4 -7 15 12 19 26 -13 -3 -10 -9 27 -1 -2 -16 -21 -8 -20 -12 -11 -14 29 -29
right_child=20 2 3 -5 5 9 23 17 16 13 25 14 18 -15 21 -17 -18 -19 24 22 -22 -23 -24 -25 -26 -27 -28 28 -30 -31
leaf_value=0.010422289795057183 0.0099760290666956221 0.012106474253220223 0.011334748231094149 0.013520253577958653 0.010523042405191824 0.010201058551101779 0.02163291671928249 0.016062851642143983 0.010477575379346094 0.013971167129299467 0.010721406042212939 0.010034253122041892 0.010197929424999631 0.01476276560920704 0.01043420612360919 0.017650100759713273 0.011663903009599342 0.01121858201019057 0.011827409142224266 0.011188278155818243 0.011096978062728158 0.010874361741749761 0.012089095277121587 0.011538535082834755 0.010861340492817884 0.010373420589259002 0.010348321557260343 0.010597943362869655 0.010423524521574379 0.011632226419827418
leaf_weight=90 8765 60 69 107 66 548 124 449 587 52 54 2693 1092 58 63 80 77 89 52 94 63 64 85 65 112 60 115 281 2210 89
leaf_count=90 8765 60 69 107 66 548 124 449 587 52 54 2693 1092 58 63 80 77 89 52 94 63 64 85 65 112 60 115 281 2210 89
internal_value=0.0104066 0.0141896 0.0307946 0.0204841 0.0107794 0.0188049 0.0374737 0.0416972 0.0162735 0.012613 0.0297562 0.00958771 0.0114215 0.0231416 0.00691711 0.0401942 0.0135628 0.0472792 0.0105897 0.0232202 0.00629873 0.0214581 0.0298869 0.0467582 0.0230182 0.0167468 0.0158591 0.0100327 0.0112348 0.0182457
internal_weight=18413 9585 1632 840 7953 1028 255 792 733 773 254 6925 4105 225 2820 140 664 538 3836 269 8828 127 179 189 164 114 167 3672 2580 370
internal_count=18413 9585 1632 840 7953 1028 255 792 733 773 254 6925 4105 225 2820 140 664 538 3836 269 8828 127 179 189 164 114 167 3672 2580 370
is_linear=0
shrinkage=1


Tree=1
num_leaves=31
num_cat=0
split_feature=126 5 84 0 133 140 91 3 100 119 33 96 85 88 24 17 141 49 88 19 85 128 6 131 94 133 84 15 105 96
split_gain=94.3445 141.327 66.7358 36.6744 24.9022 22.5181 49.4418 20.0955 17.3503 13.7465 12.5936 12.115 10.8701 10.3421 16.8965 12.2111 10.6458 14.118 9.88941 9.08846 8.74814 11.2287 14.3773 7.98536 6.67674 6.41289 11.785 6.36161 8.25981 10.5072
threshold=66.500000000000014 7.2950000000000008 0.15000000000000005 0.20185000000000003 62.130000000000003 71.610000000000014 14.450000000000001 0.078133385000000014 -1.8500000000000794 3.2500000000000004 -0.023576845115790685 35.01250000000001 267.50534780000004 29.437500000000004 32.300000000000004 0.00035000000000000005 39.105000000000011 982.85000000000002 49.875000000000007 -0.0061371428571428506 272.73928060000009 10.515540806382498 0.011408333333333335 393.53730173755707 20.500000000000004 84.075000000000017 0.95000000000000029 0.00094270833333333348 11.500000000000002 41.662500000000016
decision_type=2 2 2 2 2 2 2 2 2 10 2 2 2 2 2 2 2 2 2 2 2 2 2 2 2 2 2 2 2 2
left_child=1 5 4 7 8 10 -7 -4 -3 12 -1 -5 -8 -12 15 -15 18 -18 27 -10 -9 -22 -23 -21 -6 -2 -27 -16 29 -29
right_child=25 2 3 11 24 6 9 20 19 -11 13 -13 -14 14 16 -17 17 -19 -20 23 21 22 -24 -25 -26 26 -28 28 -30 -31
leaf_value=-0.00030173652270121368 -0.00046250183058002775 0.0018073769481898646 0.00095287990262444839 0.00064579212390159359 -6.3809340283740339e-05 0.011228801791302595 1.7009382409232179e-05 -0.00013658909180867601 0.0022241451637594035 2.0551592367631933e-05 -0.00047799910679408145 0.0030580301866932704 0.0044504333817450715 -0.00018361228643282729 -9.8105645242795443e-05 0.0014678538137527189 -0.00026927094079986206 0.0013521640205228424 0.0011364362652058137 0.0066096330943771226 1.3587817749146065e-05 0.00014882862789227403 0.0012147785467839212 0.00063143515122684232 0.0010417484983531544 -0.00025611557111199934 0.0027437454529264426 0.00031130482770752414 -2.2973124778125251e-06 0.00080563456068263775
leaf_weight=3417 7826 113 93 53 74 96 52 612 80 800 656 96 61 60 1861 136 58 89 132 378 179 74 55 84 63 325 98 193 531 68
leaf_count=3417 7826 113 93 53 74 96 52 612 80 800 656 96 61 60 1861 136 58 89 132 378 179 74 55 84 63 325 98 193 531 68
internal_value=-0.000407843 0.00281603 0.0148977 0.00725279 0.0260845 -6.02862e-05 0.00693069 0.00382643 0.0301372 0.0033151 -0.00104138 0.0303333 0.0195614 0.000944517 0.00214286 0.0163198 0.0011882 0.0142568 0.000491743 0.0338582 0.00156895 0.00843042 0.0196154 0.0365767 0.0065942 -0.00438061 0.00160377 -0.000173324 0.00357503 0.0108397
internal_weight=18413 10164 1954 1162 792 8210 1009 1013 655 913 7201 149 113 3784 3128 196 2932 147 2785 542 920 308 129 462 137 8249 423 2653 792 261
internal_count=18413 10164 1954 1162 792 8210 1009 1013 655 913 7201 149 113 3784 3128 196 2932 147 2785 542 920 308 129 462 137 8249 423 2653 792 261
is_linear=0
shrinkage=0.05


Tree=2
num_leaves=31
num_cat=0
split_feature=126 0 0 155 2 128 76 15 28 91 137 43 155 92 116 155 132 30 120 91 48 23 23 83 120 138 105 133 155 160
split_gain=82.0742 116.126 43.1755 34.2556 26.3079 23.0003 17.9971 17.8915 17.1717 18.0895 14.6697 11.3934 10.4357 9.70854 9.60972 8.14936 9.84495 7.2012 8.14048 8.3552 7.81875 11.8124 6.56561 6.3249 6.2371 5.76318 5.52153 5.18996 8.9559 5.16332
threshold=66.500000000000014 0.091900000000000023 0.20185000000000003 0.030000000000000006 0.010714564500000001 10.282506010043578 1.5500000000000005 0.00090416666666666673 44.050000000000004 14.450000000000001 1.4700000000000002 0.33150000000000007 0.12000000000000002 13.550000000000002 275.59153095000005 0.79000000000000015 2.5000000000000004 -1.9257142857142837 265.21950830000009 16.750000000000004 6.5000000000000009 23.372222222222224 23.725000000000005 20.050000000000004 268.73186115000004 4.745000000000001 4.5000000000000009 84.075000000000017 0.038000000000000013 0.085880398671096356
decision_type=2 2 2 2 2 2 2 2 2 2 2 2 2 2 2 2 2 2 10 2 2 2 2 2 10 2 2 2 2 2
left_child=1 4 3 5 7 11 -4 15 9 -9 22 -3 -12 -7 -10 -1 24 26 19 -19 21 -20 -5 -13 -17 -18 -11 -2 -29 -22
right_child=27 2 6 10 -6 13 -8 8 14 17 12 23 -14 -15 -16 16 25 18 20 -21 29 -23 -24 -25 -26 -27 -28 28 -30 -31
leaf_value=-0.00014767050654744218 -0.00043937673905102638 -4.5415466233137903e-05 0.0084333848465166592 0.00031371291223125528 0.00065954348018817336 0.0024335191225506071 0.0004645023304985247 0.0092068423289498706 0.00023306663878164117 0.00054332148197052484 0.00011711241545457096 0.0014539968825183745 0.0011555072501308089 0.00099523679222403121 0.001193601722162397 0.0029382627181503496 0.00041639917238642178 0.0038842011813529768 0.00025843643391792613 0.00056295406021942326 -0.00032920028221525716 0.00064419179870914018 -0.00021397251469351078 0.00041659641984941194 0.0001973445356466418 -0.00019012848793116327 -0.00018891339427195536 -0.0002433097925563994 0.0026065581802801204 0.00010191866822954873
leaf_weight=5575 7826 89 188 51 61 142 63 96 50 57 50 60 63 51 56 85 61 50 109 101 277 57 330 51 52 178 837 325 98 1324
leaf_count=5575 7826 89 188 51 61 142 63 96 50 57 50 60 63 51 56 85 61 50 109 101 277 57 330 51 52 178 837 325 98 1324
internal_value=-0.000663084 0.00234383 0.0173881 0.0121734 0.000444776 0.0231726 0.0356746 0.000219718 0.00335821 0.00263149 0.00338384 0.0111692 0.0191228 0.0354639 0.0230374 -0.00136929 0.0057427 0.00189655 0.00362428 0.0147368 0.00266403 0.0129641 -0.0013089 0.0217857 0.0163768 -0.000375001 -0.00180447 -0.00436849 0.00101415 0.00158552
internal_weight=18413 10164 1138 887 9026 393 251 8965 3014 2908 494 200 113 193 106 5951 376 2812 1918 151 1767 166 381 111 137 239 894 8249 423 1601
internal_count=18413 10164 1138 887 9026 393 251 8965 3014 2908 494 200 113 193 106 5951 376 2812 1918 151 1767 166 381 111 137 239 894 8249 423 1601
is_linear=0
shrinkage=0.05


Tree=3
num_leaves=31
num_cat=0
split_feature=104 0 21 116 0 104 33 92 120 116 91 29 7 141 137 81 15 131 28 1 30 19 23 122 62 22 48 94 4 90
split_gain=77.2195 114.679 53.9123 44.2649 21.9373 28.2155 26.0401 16.2035 15.2116 13.6577 13.6664 11.5705 11.1115 9.20535 9.13335 11.9777 8.52179 10.6806 9.30632 7.95537 14.9221 7.34184 6.60563 6.53857 5.92993 5.51129 5.4653 5.13431 4.52191 10.1577
threshold=5.7500000000000018 0.052550000000000006 0.52083333333333337 273.83340320000008 0.20185000000000003 1.8500000000000005 -0.80358864918552575 7.450000000000002 271.36706350000003 293.38661675000009 14.450000000000001 30.650000000000002 0.073700000000000015 32.360000000000007 0.045000000000000005 35.45000000000001 0.00092500000000000015 29.116437666821316 36.050000000000004 0.12850445900000004 -1.5699999999999987 -0.00025999999999999965 17.163194444444446 13.500000000000002 29.450000000000006 42.500000000000007 70.500000000000014 16.500000000000004 0.0034806880000000004 27.342857142857149
decision_type=2 2 2 2 2 2 2 2 8 2 2 2 2 2 2 2 2 2 2 2 2 2 2 2 2 2 2 2 2 2
left_child=1 8 3 19 5 6 26 -2 9 10 -1 21 -8 -11 15 -13 22 24 28 -3 -21 -9 -12 -23 -18 -15 -5 -14 -19 -30
right_child=7 2 -4 4 -6 -7 12 11 -10 13 16 14 27 25 -16 -17 17 18 -20 20 -22 23 -24 -25 -26 -27 -28 -29 29 -31
leaf_value=0.010774007312366166 -0.00040958553449204396 -0.00010500793011278607 6.1841182850594888e-05 0.0022173822623876706 0.0086271193531171058 0.0019880026828824316 0.00064275616155575323 0.0077754288274045321 -0.00027843529656308811 1.6014450965527345e-05 0.00096873111834619788 0.0074126903903675547 0.0003104348363657276 0.0011167248562303721 -0.00020623140034123087 -0.00025572336056921399 0.00025089426803901404 -3.0770238324469013e-06 0.0010575308877007064 0.00025229588054933802 0.0010248421905016539 0.00060482050231038551 -0.00010507771648370567 -3.260515433995367e-05 0.0044884576478459422 0.0019499443258399131 0.00090377878903828571 5.121563671435886e-05 -1.6007032295422953e-05 0.00065661657491046619
leaf_weight=52 9365 165 494 111 145 157 52 53 2377 114 62 53 51 65 559 54 54 907 59 130 61 75 2438 115 54 95 59 227 132 78
leaf_count=52 9365 165 494 111 145 157 52 53 2377 114 62 53 51 65 559 54 54 907 59 130 61 75 2438 115 54 95 59 227 132 78
internal_value=-0.000793419 0.00284398 0.0146007 0.0204961 0.027005 0.0230395 0.0171557 -0.00367543 -0.000151049 0.00168937 0.000916079 0.00269231 0.00889728 0.0124545 -0.000712145 0.0125926 0.000561425 0.00387159 0.00247663 0.00578431 0.0127083 0.0120082 -0.00113755 0.00730366 0.0188532 0.0201553 0.0330117 0.00485663 0.00144007 0.00803317
internal_weight=18413 8139 1652 1158 802 657 500 10274 6487 4110 3836 909 330 274 666 107 3784 1284 1176 356 191 243 2500 190 108 160 170 278 1117 210
internal_count=18413 8139 1652 1158 802 657 500 10274 6487 4110 3836 909 330 274 666 107 3784 1284 1176 356 191 243 2500 190 108 160 170 278 1117 210
is_linear=0
shrinkage=0.05


Tree=4
num_leaves=31
num_cat=0
split_feature=103 0 0 104 33 129 88 133 76 86 24 12 16 32 24 88 93 0 133 137 49 90 48 112 139 84 50 89 26 18
split_gain=71.5268 132.77 48.625 37.3242 27.749 19.5211 16.8442 14.3959 25.1512 26.944 13.7185 10.392 9.67711 10.7373 12.198 11.4183 10.4384 8.96759 8.24597 10.2944 8.44139 7.93172 7.28242 5.99326 5.41465 5.1422 4.87844 4.85495 4.56142 3.82946
threshold=1753.6500000000003 0.052550000000000006 0.20185000000000003 1.8500000000000005 -0.81456906447770361 3.5000000000000004 30.187500000000007 80.210000000000022 2.0500000000000012 6.5000000000000009 66.15000000000002 0.055071705000000006 0.19500000000000003 12.250000000000002 34.250000000000007 37.037500000000009 268.63463025000004 0.44465000000000005 32.20000000000001 0.25500000000000006 952.1500000000002 25.923469387755105 70.500000000000014 279.82014750000008 91.048068522959113 21.050000000000008 1015.9500000000002 53.550000000000004 14.500000000000002 0.0050791666666666676
decision_type=2 2 2 2 2 2 2 2 2 2 2 2 2 2 2 2 2 2 2 2 2 2 2 2 2 2 2 2 2 2
left_child=1 6 3 4 11 -5 28 17 29 -10 -6 -3 -8 14 16 25 -14 -2 19 -17 -20 -22 -13 -23 27 -16 -18 -15 -1 -9
right_child=7 2 -4 5 10 -7 12 8 9 -11 -12 22 13 24 15 18 26 -19 20 -21 21 23 -24 -25 -26 -27 -28 -29 -30 -31
leaf_value=-0.00034717730344271784 -0.00038353409884045128 0.00027749252037748574 0.0080090782644260828 0.0018901816391049483 4.397781379744465e-05 0.00084354200254987174 -0.00016972342348241712 -0.00034971262884066971 0.0082673743492947364 -0.0002281898319740768 0.00061787919104272547 0.0023158219075027865 0.00087502177578511553 -7.9941457930184047e-05 -8.6371409160391105e-05 0.00078331769318346805 -0.00018106151905263154 0.00043920167304470543 -9.0117949851243562e-05 1.3416413360975299e-05 0.0014309823708402618 0.0033638807615902974 0.00095592674564050806 0.00031760104187078758 0.0068304160348936598 0.0027687767103913687 0.0019845969004274907 0.00095308423925324513 9.771496402602686e-05 0.00039232565880404778
leaf_weight=1989 9538 100 169 141 615 91 1188 479 109 87 50 96 84 1351 688 50 66 69 60 404 75 52 63 209 58 54 61 52 77 288
leaf_count=1989 9538 100 169 141 615 91 1188 479 109 87 50 96 84 1351 688 50 66 69 60 404 75 52 63 209 58 54 61 52 77 288
internal_value=-0.000980777 0.00263641 0.0170588 0.0133665 0.00883784 0.0312661 -0.000296826 -0.00366522 0.00215768 0.0180964 0.00340841 0.0226923 0.00143386 0.00284073 0.00542128 0.003914 0.0166981 -0.00424958 0.00786721 0.00324176 0.013136 0.0162166 0.030625 0.0119847 -0.000341998 -0.000612383 0.0075 -0.000968662 -0.00402758 -0.00192708
internal_weight=18413 7843 1325 1156 924 232 6518 10570 963 196 665 259 4452 3264 1803 1592 211 9607 850 454 396 336 159 261 1461 742 127 1403 2066 767
internal_count=18413 7843 1325 1156 924 232 6518 10570 963 196 665 259 4452 3264 1803 1592 211 9607 850 454 396 336 159 261 1461 742 127 1403 2066 767
is_linear=0
shrinkage=0.05


Tree=5
num_leaves=31
num_cat=0
split_feature=104 5 0 15 116 128 126 133 82 134 15 92 88 15 141 131 126 30 75 31 120 92 22 5 27 33 105 136 27 14
split_gain=67.2439 107.074 50.3636 38.6263 20.8317 18.9521 22.3649 14.3289 18.3754 12.3881 11.2286 11.0741 10.819 13.2545 13.6674 11.0761 17.2779 9.37436 8.76702 7.64306 7.55869 7.2925 6.69621 5.92815 7.38187 5.72429 5.23845 5.4135 4.46141 7.35954
threshold=5.7500000000000018 8.2900000000000009 0.20185000000000003 0.0006895833333333335 271.34817485000002 10.133735740856517 47.500000000000007 88.200000000000003 11.798000000000004 20.485000000000003 0.00093958333333333339 0.15000000000000005 30.262500000000006 0.0010302083333333335 38.860000000000007 36.349165978794623 45.500000000000007 0.8814285714285709 15.65 16.650000000000002 271.67190655000007 3.2500000000000013 41.500000000000007 3.9650000000000003 1924.6000000000004 0.60025033729989374 7.5000000000000009 0.025000000000000005 1730.4500000000005 0.0012620080000000002
decision_type=2 2 2 2 2 2 2 2 2 2 2 2 2 2 2 2 2 2 2 2 10 2 2 2 2 2 2 2 2 2
left_child=1 12 3 9 -4 18 10 21 -9 11 -7 -3 23 14 28 16 22 -17 20 -16 -5 -2 -15 -1 -25 -24 -23 -28 29 -14
right_child=7 2 4 5 -6 6 -8 8 -10 -11 -12 -13 13 15 19 17 -18 -19 -20 -21 -22 26 25 24 -26 -27 27 -29 -30 -31
leaf_value=-0.00035522599530549642 -0.00037854019304383419 0.00082130976875623173 0.00037052317750781589 0.00082905200979187786 0.0079093085529729212 0.0020243245473420507 2.0929547882954946e-05 -0.00026277515672206944 0.0086402616897620164 0.0011297469283130487 0.0017298492683794657 8.2829407948920344e-06 -0.00028283840371451342 -5.4137656185467427e-05 0.0014456587942636005 7.8644282379526054e-05 0.0057977498884612174 0.0011024792822473294 -0.00021813989982003349 5.4301953227044967e-05 0.00093349387268142352 0.00041497555499520804 0.0038465928263941374 -3.8394254526022585e-05 0.00031053831146876117 0.0011473492480897983 0.0020792610786117488 -0.00013056636469063512 -0.00016649177437134152 0.00026132137682733514
leaf_weight=1748 8707 59 52 57 168 79 58 58 50 50 189 703 687 102 67 1036 53 67 98 58 60 66 52 70 50 52 50 1404 1443 1073
leaf_count=1748 8707 59 52 57 168 79 58 58 50 50 189 703 687 102 67 1036 53 67 98 58 60 66 52 70 50 52 50 1404 1443 1073
internal_value=-0.00108437 0.00231677 0.014028 0.0103988 0.0361765 0.020738 0.0283333 -0.00376064 0.0142661 0.00348708 0.0344052 0.00188073 -0.000493217 0.000787677 -0.000911686 0.0049413 0.0142308 0.00274456 0.00912037 0.0152381 0.0183051 -0.00395288 0.00756039 -0.00371054 0.00698347 0.0164286 -0.000752795 -0.00138488 -0.00154807 0.000139124
internal_weight=18466 8131 1573 1353 220 541 326 10335 108 812 268 762 6558 4690 3328 1362 259 1103 215 125 117 10227 206 1868 120 104 1520 1454 3203 1760
internal_count=18466 8131 1573 1353 220 541 326 10335 108 812 268 762 6558 4690 3328 1362 259 1103 215 125 117 10227 206 1868 120 104 1520 1454 3203 1760
is_linear=0
shrinkage=0.05


Tree=6
num_leaves=31
num_cat=0
split_feature=104 1 0 21 23 62 24 116 88 23 14 96 24 92 48 120 43 137 19 141 49 89 125 24 1 23 90 29 18 116
split_gain=64.4085 97.8919 45.2975 27.5532 24.9619 23.3354 25.2198 22.183 10.3532 9.93734 16.0708 9.48308 9.17651 9.14232 8.97971 8.62295 10.2973 8.58162 14.2117 8.52008 16.1905 7.32359 11.0947 6.42824 5.97438 7.32493 5.40336 5.25182 4.83726 4.65627
threshold=5.7500000000000018 0.082906605000000008 0.20185000000000003 0.49305555555555564 29.267361111111118 27.950000000000006 55.850000000000001 271.90118940000008 30.187500000000007 24.095138888888894 0.020693614500000002 51.587500000000013 51.95000000000001 3.2500000000000013 27.500000000000004 266.88468255000004 0.33250000000000007 0.045000000000000005 -0.0021257142857142846 38.860000000000007 982.85000000000002 35.750000000000007 2.5000000000000004 31.950000000000006 0.039655072500000006 26.364583333333339 31.147959183673475 21.250000000000004 0.063537500000000011 292.63702915000005
decision_type=2 2 2 2 2 2 2 2 2 2 2 2 2 2 2 10 2 2 2 2 2 2 2 2 2 2 2 2 2 2
left_child=1 8 3 4 5 6 -3 -4 24 10 19 -11 -7 -2 -8 -12 -17 18 -15 21 -21 22 -10 -19 -1 -26 29 -22 -25 -23
right_child=13 2 7 -5 -6 12 14 -9 9 11 15 -13 -14 17 -16 16 -18 23 -20 20 27 26 -24 28 25 -27 -28 -29 -30 -31
leaf_value=-0.00034525093570404275 -0.00035825473175729464 0.0012757314225485365 0.00036904410082970132 9.722637394073712e-05 0.0017175810637494718 0.00067685592075607162 0.0020407181096706315 0.0075287110604734505 7.9114267198598264e-05 -0.00013466596916982793 0.0033612925132834055 0.0012033073724012971 -9.1726104389500769e-05 0.0082050358471705397 0.00018692070931003403 -0.00015257375158675407 0.0012240460249265809 0.0004547699944571284 0.0010403886836189457 -0.00022386408425340443 0.0012204588996018815 -0.00015840804566577733 0.0020585646438286485 -0.00025189014101919443 -3.6474541799721465e-05 0.00029501139589532311 0.00044433510450536754 0.00076926437721288069 0.00036195972995455657 0.00022781338233717719
leaf_weight=1728 8793 138 55 523 86 60 72 165 353 1708 103 56 231 55 243 129 156 111 157 94 52 1608 108 1167 69 50 82 68 52 194
leaf_count=1728 8793 138 55 523 86 60 72 165 353 1708 103 56 231 55 243 129 156 111 157 94 52 1608 108 1167 69 50 82 68 52 194
internal_value=-0.00116559 0.00216306 0.0133609 0.00991876 0.0155776 0.0125839 0.0196696 0.0343665 -0.000523709 0.000719439 0.00249661 -0.00224646 0.00150685 -0.00378483 0.0117722 0.0119666 0.00741259 -0.000230072 0.00908451 0.00105469 0.0105814 0.000179027 0.00582251 -0.00172427 -0.00369589 0.00708333 -0.00120159 0.0226859 -0.00277869 -0.00177759
internal_weight=18466 8131 1573 1353 830 744 453 220 6558 4711 2947 1764 291 10335 315 388 285 1542 212 2559 214 2345 461 1330 1847 119 1884 120 1219 1802
internal_count=18466 8131 1573 1353 830 744 453 220 6558 4711 2947 1764 291 10335 315 388 285 1542 212 2559 214 2345 461 1330 1847 119 1884 120 1219 1802
is_linear=0
shrinkage=0.05


Tree=7
num_leaves=31
num_cat=0
split_feature=103 0 36 0 128 88 77 15 93 88 30 133 31 19 141 66 136 104 25 1 0 19 0 73 21 138 47 136 104 133
split_gain=56.7361 96.8666 38.4017 22.1467 23.9328 12.5428 12.4335 11.1934 11.2738 10.3188 15.8537 10.0181 11.4141 9.32664 8.32705 9.8274 8.19512 8.00285 7.32933 7.57871 7.27235 7.00691 6.91312 5.58177 6.83357 4.92448 5.93724 4.74 4.69582 4.61383
threshold=1932.7500000000002 0.071900000000000006 268.58402450000006 0.20185000000000003 10.282506010043578 29.437500000000004 276.86858395000007 0.0010302083333333335 263.95708545000008 41.662500000000016 -1.4371428571428584 88.200000000000003 17.650000000000002 0.01497714285714285 38.860000000000007 16.425000000000004 0.6100000000000001 1.8500000000000005 23.500000000000004 0.039655072500000006 0.44465000000000005 -0.00025000000000000006 0.20185000000000003 32.95000000000001 0.5902777777777779 10.875000000000002 44.500000000000007 0.59000000000000008 0.65000000000000024 26.200000000000003
decision_type=2 2 2 2 2 2 2 2 2 2 2 2 2 2 2 2 2 2 2 2 2 2 2 2 2 2 2 2 2 2
left_child=1 5 3 4 13 18 -6 14 -9 23 21 20 -13 -3 25 -16 -8 22 -1 -20 -2 -11 -4 24 -10 -7 -27 -19 -12 -28
right_child=11 2 17 -5 6 7 16 8 9 10 28 12 -14 -15 15 -17 -18 27 19 -21 -22 -23 -24 -25 -26 26 29 -29 -30 -31
leaf_value=-0.00032447543366000055 -0.00033514747430582687 -5.7475789470702849e-05 -7.7713404025600288e-06 0.007190566081476113 0.0019554838596447261 -7.7478089674213983e-05 0.00011357776805591527 0.004936338678582208 0.00014463436068193518 -0.00024828355026698288 0.0036988860006719098 -0.00035344700493976898 0.0064596596528805027 0.0011057476057259299 0.0013601993162181011 -3.0550372446264433e-05 0.0011576811063711316 0.00045378216625893561 -0.00010817974899630708 0.00017220473135287642 0.00038310784066336221 0.00057264412284143632 0.0010732003010193603 -0.00018514688310525837 0.00053518609602717373 -6.9822206843978953e-05 3.9171661713482099e-05 0.0007379377381383673 0.00089015764349554801 0.00099670129884615855
leaf_weight=1947 9528 135 381 125 141 3346 59 87 561 151 60 52 50 74 65 86 56 51 106 80 60 63 83 482 110 214 80 57 77 99
leaf_count=1947 9528 135 381 125 141 3346 59 87 561 151 60 52 50 74 65 86 56 51 106 80 60 63 83 482 110 214 80 57 77 99
internal_value=-0.00136054 0.00155121 0.0149914 0.023934 0.0188197 -0.000500986 0.0290467 0.000764318 0.00429648 0.00327242 0.010767 -0.00399804 0.0115049 0.00619048 -0.000679775 0.0107895 0.0165517 0.00573298 -0.00375352 0.00569519 -0.00416467 0.0022093 0.00284946 0.000979202 0.00392857 -0.00114706 0.00413705 0.0179358 0.0239855 0.0108333
internal_weight=18466 8776 1162 590 465 7614 256 5481 1591 1504 351 9690 102 209 3890 151 115 572 2133 186 9588 214 464 1153 671 3739 393 108 137 179
internal_count=18466 8776 1162 590 465 7614 256 5481 1591 1504 351 9690 102 209 3890 151 115 572 2133 186 9588 214 464 1153 671 3739 393 108 137 179
is_linear=0
shrinkage=0.05


Tree=8
num_leaves=31
num_cat=0
split_feature=103 1 100 28 22 6 86 91 105 67 16 1 131 88 100 99 24 91 30 0 140 84 21 141 92 137 119 138 28 50
split_gain=50.3073 82.4834 33.511 17.3183 17.0809 15.6984 11.7669 11.7312 10.4876 8.03663 8.636 7.71039 8.22035 7.0947 12.1951 8.54697 7.44301 6.61458 8.22174 6.57934 6.36864 9.77462 18.9459 6.33108 5.7534 5.53604 6.5876 8.45289 5.60635 4.96441
threshold=1959.8000000000002 0.12850445900000004 -1.5999999999999657 37.400000000000013 5.5000000000000009 0.011378472222222222 1.5000000000000002 14.250000000000002 13.500000000000002 13.15 0.21500000000000002 0.039655072500000006 104.25131654813585 37.162500000000009 -5.6999999999999877 0.599999999999966 32.300000000000004 21.550000000000004 -1.8942857142857135 0.44465000000000005 74.425000000000011 0.95000000000000029 0.39583333333333343 39.285000000000004 12.950000000000005 0.03500000000000001 7.2500000000000009 5.9500000000000002 44.050000000000004 1021.4500000000002
decision_type=2 2 2 2 2 2 2 2 2 2 2 2 2 2 2 2 2 2 2 2 2 2 2 2 2 2 10 2 2 2
left_child=1 6 4 8 17 -5 11 -8 -4 10 -9 -1 -13 14 16 23 -12 18 -3 20 -2 -22 -23 -15 -7 26 27 -11 -27 -14
right_child=19 2 3 5 -6 24 7 9 -10 25 13 12 29 15 -16 -17 -18 -19 -20 -21 21 22 -24 -25 -26 28 -28 -29 -30 -31
leaf_value=-0.00031231427761544317 -0.00032227422273177351 0.00010186749729160182 0.001338433821090175 0.00023530660508041168 0.00070064621742901519 0.0067729232898437386 0.0084493839008637946 -0.00013864113032972239 -5.7376004253417863e-05 0.003908898590145541 0.00094632967268479598 -6.1667667094408499e-05 0.00018553464607296648 0.0002363299104680698 -4.0681878932084278e-05 0.0015123106367829521 0.0013714355129342056 -9.5808065572893864e-05 0.0012389202029319838 0.00033390289441961396 -0.00024798925155011651 0.0052310735382052678 1.1374316559915367e-05 0.00057111815523594976 0.0017011012100021561 -0.00014525697688968399 -9.7940407387483313e-05 -5.6784934984530178e-05 0.00059639782954672496 1.5930859785430116e-05
leaf_weight=2064 8877 188 58 61 70 169 67 851 71 73 59 114 69 794 831 52 130 184 58 59 416 54 135 66 50 2483 158 54 98 53
leaf_count=2064 8877 188 58 61 70 169 67 851 71 73 59 114 69 794 831 52 130 184 58 59 416 54 135 66 50 2483 158 54 98 53
internal_value=-0.00146884 0.00122899 0.0154945 0.0260976 0.00677645 0.0330783 -0.000389798 0.000824732 0.0107692 0.00057522 0.00248922 -0.00340939 0.00512658 0.00433782 0.00146425 0.00754107 0.0128947 0.00300464 0.00836032 -0.00399287 -0.00409733 0.000858085 0.0102632 0.00632404 0.0393182 -0.00128183 0.00531468 0.01375 -0.00201394 0.0141057
internal_weight=18466 8925 909 409 500 280 8016 5716 129 5649 2783 2300 236 1932 1020 912 189 430 246 9541 9482 605 189 860 219 2866 285 127 2581 122
internal_count=18466 8925 909 409 500 280 8016 5716 129 5649 2783 2300 236 1932 1020 912 189 430 246 9541 9482 605 189 860 219 2866 285 127 2581 122
is_linear=0
shrinkage=0.05


Tree=9
num_leaves=31
num_cat=0
split_feature=126 5 61 28 15 133 61 19 0 15 0 50 2 116 141 141 41 89 50 50 89 4 133 3 50 91 89 133 141 77
split_gain=48.6815 76.8329 38.1842 24.7744 21.1841 12.0862 12.8793 9.6067 9.05455 8.99394 8.44053 8.23709 7.85045 8.84608 10.8448 8.55296 8.48478 8.20156 9.03919 6.85406 6.73168 6.68351 5.55937 5.46844 4.90809 4.5885 4.10099 3.94918 3.73994 8.74878
threshold=65.500000000000014 13.645000000000001 300.75000000000006 37.400000000000013 0.00093958333333333339 88.200000000000003 838.05000000000007 0.012788571428571425 0.12360000000000002 0.00025937500000000006 0.20185000000000003 1007.5500000000001 8.5250000000000026e-05 291.94941505000003 33.615000000000009 22.715000000000003 96.500000000000014 32.350000000000001 1025.2500000000002 1021.5500000000001 38.050000000000004 2.9100000000000006e-05 88.200000000000003 0.20879059750000004 1011.35 16.250000000000004 53.95000000000001 86.075000000000017 38.860000000000007 280.12494740000005
decision_type=2 2 2 2 2 2 2 2 2 2 2 2 2 2 2 2 2 2 2 2 2 2 2 2 2 2 2 2 2 2
left_child=1 5 3 23 10 9 -7 -5 -6 28 -4 -12 13 16 -15 24 27 -17 25 -16 -10 -18 -2 -3 -14 -19 -27 -11 -1 -30
right_child=22 2 4 7 8 6 -8 -9 20 12 11 -13 15 14 19 17 21 18 -20 -21 -22 -23 -24 -25 -26 26 -28 -29 29 -31
leaf_value=-0.00020785354227778293 -0.00030804326156551646 0.001329224993025056 -0.0001199290596696493 0.0063845745398503854 0.00072015247661575462 -0.00026471258275414633 0.0088902233522057915 0.00073182237498876565 -8.2485540359672271e-05 -0.00015529050335654754 0.00019045946745525831 0.00094949601916817809 6.1808936657537679e-05 -7.3474309235112663e-06 0.0013518917641207565 0.0018538289116825091 0.00081078094119761245 0.0017483784124833687 0.00095229608799155202 0.00015192104102378665 0.00057736428488438921 -4.5200266556172955e-05 0.0019463227860857914 -4.5558337671954837e-05 0.00055442914030636836 -2.5126819259503766e-05 0.00072117159061649131 0.0022983568402114444 -0.00034777052876508961 0.00098446601224629732
leaf_weight=3467 8392 53 345 185 66 52 50 57 60 3139 86 50 50 282 100 63 76 51 60 62 78 51 93 68 54 1072 67 78 95 64
leaf_count=3467 8392 53 345 185 66 52 50 57 60 3139 86 50 50 282 100 63 76 51 60 62 78 51 93 68 54 1072 67 78 95 64
internal_value=-0.00153111 0.000835503 0.0136368 0.0267308 0.00666181 -0.000667116 0.0163592 0.0359465 0.020122 -0.00086617 0.000912862 0.0114234 0.000464847 -0.000721828 0.00589888 0.00363893 -0.00160389 0.00253425 0.00163469 0.0161656 0.0126259 0.0110156 -0.00431534 0.00811475 0.017381 0.000667505 0 -0.0021069 -0.00277778 0.0046875
internal_weight=18466 9981 1048 363 685 8933 102 242 204 8831 481 136 5205 3788 444 1417 3344 1313 1250 162 138 127 8485 121 104 1190 1139 3217 3626 159
internal_count=18466 9981 1048 363 685 8933 102 242 204 8831 481 136 5205 3788 444 1417 3344 1313 1250 162 138 127 8485 121 104 1190 1139 3217 3626 159
is_linear=0
shrinkage=0.05


Tree=10
num_leaves=31
num_cat=0
split_feature=126 3 93 2 30 133 63 29 85 83 0 88 133 73 14 105 86 25 74 104 96 141 132 63 0 7 17 132 94 155
split_gain=43.0866 59.6349 37.9234 23.3955 22.022 13.9136 19.087 13.2985 10.7524 13.4486 7.39605 7.01477 6.4473 9.24225 14.4494 5.6297 7.63732 7.87988 7.67296 10.4327 10.8996 9.8758 9.62862 6.69125 5.49609 5.32383 5.05072 4.45406 4.05009 3.85487
threshold=65.500000000000014 0.18851152100000004 271.33394350000009 0.010714564500000001 -1.5699999999999987 88.200000000000003 9.132850000000003 48.550000000000004 276.21434325000001 18.650000000000002 0.11260000000000002 49.875000000000007 84.075000000000017 23.850000000000005 0.018653307000000004 25.500000000000004 1.5000000000000002 23.500000000000004 25.864285714285721 4.6500000000000012 39.987500000000004 38.860000000000007 2.5000000000000004 15.263400000000003 0.013900000000000001 0.21455000000000005 0.00045000000000000004 4.5000000000000009 18.500000000000004 0.37800000000000006
decision_type=2 2 2 2 2 2 2 2 2 2 2 2 2 2 2 2 2 2 2 2 2 2 2 2 2 2 2 2 2 2
left_child=1 3 4 5 8 11 -7 -4 -3 -10 -6 15 -2 -14 -15 16 17 -1 19 21 22 23 -21 -18 -19 -11 -23 -13 -26 -12
right_child=12 2 7 -5 10 6 -8 -9 9 25 29 27 13 14 -16 -17 18 24 -20 20 -22 26 -24 -25 28 -27 -28 -29 -30 -31
leaf_value=-0.00028465849188030512 -0.00029733174839501601 -0.00015319917153585382 0.0012428988508552047 0.00066709160067860015 0.00042024616730555828 -0.00029588535216154425 0.0090216149519088875 0.0061547044608202227 0.0007802231710210088 -0.00025048826975162045 0.0013366983582487975 0.0020505330611265047 -0.00022366358950422303 -0.00021356479448045638 0.002626747532318824 -0.0002654624724859024 -1.5113390936373548e-05 -0.00028932532527190576 -9.0845284006958686e-05 0.0014060716615827615 0.0031094424470834527 0.0011935967677810921 -2.5181531822149102e-05 0.0016591551859764923 0.00019024023789644703 0.00060968486374006004 0.00019422538387187333 0.00012950830464983807 2.2248865328095983e-05 0.00030859018013322477
leaf_weight=1868 7973 347 83 103 53 60 50 150 53 89 104 52 295 81 73 1206 2151 70 2712 72 59 78 159 92 70 62 58 83 51 51
leaf_count=1868 7973 347 83 103 53 60 50 150 53 89 104 52 295 81 73 1206 2151 70 2712 72 59 78 159 92 70 62 58 83 51 51
internal_value=-0.00162882 0.000592269 0.0122205 -0.000690941 0.00677631 -0.000967163 0.0166216 0.0298291 0.00152174 0.0106098 0.0205981 -0.00118994 -0.00426273 0.00155555 0.0114516 -0.00136753 -0.000852709 -0.00344175 0.000137494 0.0020412 0.0109794 0.000945377 0.00599138 0.000147058 0.00619792 0.00289474 0.0139781 0.0100735 0.0126229 0.0260897
internal_weight=18408 9986 992 8994 759 8891 110 233 551 204 208 8781 8422 449 154 8646 7440 2059 5381 2669 290 2379 231 2243 191 151 136 135 121 155
internal_count=18408 9986 992 8994 759 8891 110 233 551 204 208 8781 8422 449 154 8646 7440 2059 5381 2669 290 2379 231 2243 191 151 136 135 121 155
is_linear=0
shrinkage=0.05


Tree=11
num_leaves=31
num_cat=0
split_feature=126 18 61 133 63 1 120 142 15 89 62 128 134 135 100 66 28 6 25 139 47 88 133 3 29 104 85 21 83 88
split_gain=39.6667 50.8361 24.0108 19.8082 24.1265 14.6684 18.5167 13.0165 11.8942 10.4029 11.0594 11.8702 16.5092 8.40491 7.94659 7.42908 7.13922 7.01156 6.01231 5.9097 8.2797 6.02861 5.81192 7.61013 5.76576 12.2803 5.05002 5.00092 4.83239 4.83772
threshold=71.500000000000014 0.063537500000000011 272.25000000000006 88.200000000000003 9.7268000000000008 0.038272573500000011 285.91030820000009 628.40837447807701 0.00021875000000000006 32.350000000000001 30.650000000000002 10.041791911176277 11.670000000000002 24.465000000000003 1.0000000180025095e-35 18.675000000000004 39.250000000000007 0.011453472222222223 10.500000000000002 84.467414954242443 66.500000000000014 30.362500000000004 79.980000000000004 0.008539529500000002 24.550000000000004 0.35000000000000009 275.24897935000007 0.36805555555555564 28.350000000000005 36.912500000000009
decision_type=2 2 2 2 2 2 10 2 2 2 2 2 2 2 2 2 2 2 2 2 2 2 2 2 2 2 2 2 2 2
left_child=1 3 16 5 -5 14 9 13 -4 -7 11 -11 26 -8 15 24 -3 -14 -12 -16 -21 -22 -17 27 25 -1 -13 -24 29 -10
right_child=-2 2 8 4 -6 6 7 -9 28 10 18 12 17 -15 19 22 -18 -19 -20 20 21 -23 23 -25 -26 -27 -28 -29 -30 -31
leaf_value=0.00012856426651177512 -0.00028547441497382177 0.0017604943004908349 -0.00011687178599524441 -0.00028482210698374251 0.0084883012809173295 0.0016942430398137747 0.001828910767449217 -6.7059692102812001e-05 0.00036660739292323249 -2.3804957774363377e-05 0.00059612016039196274 0.00033388188316911337 2.6554005160944148e-05 0.00036416316874215721 -0.00028373035209730834 -0.00011397388446640952 0.0059942112863985222 0.00039116429466758411 -0.000149217935630327 -0.00033615280782365925 0.00016928765121576925 0.0035186019983216646 0.0016621081719370174 0.002847544213134713 2.8408175672952015e-05 0.00098469966415179011 0.00048764444681450827 -0.00034972380260206502 0.00028652542424582324 0.00086480022221846779
leaf_weight=252 7491 51 126 62 60 65 69 68 75 547 60 53 332 88 3250 2777 80 79 1002 218 74 78 95 69 807 131 61 154 62 72
leaf_count=252 7491 51 126 62 60 65 69 68 75 547 60 53 332 88 3250 2777 80 79 1002 218 74 78 95 69 807 131 61 154 62 72
internal_value=-0.00175648 0.00016578 0.0163062 -0.000554919 0.0193902 -0.000792838 0.00260825 0.0162389 0.0091369 0.00120454 0.000597189 0.00417987 0.00954373 0.0241139 -0.00183658 -0.000377976 0.0343939 0.0048301 -0.00301505 -0.00356117 0.0024124 0.0113399 -0.0016699 0.00471787 0.00297649 0.00802083 0.0263043 0.000599999 0.0164286 0.0213514
internal_weight=18408 10917 466 10451 122 10329 2424 225 335 2199 2134 1072 525 157 7905 4285 131 411 1062 3620 370 152 3095 318 1190 383 114 249 209 147
internal_count=18408 10917 466 10451 122 10329 2424 225 335 2199 2134 1072 525 157 7905 4285 131 411 1062 3620 370 152 3095 318 1190 383 114 249 209 147
is_linear=0
shrinkage=0.05


Tree=12
num_leaves=31
num_cat=0
split_feature=126 0 93 133 116 0 30 92 89 126 128 15 134 33 13 4 88 24 37 56 42 133 47 138 138 33 65 92 16 137
split_gain=35.4168 49.4026 26.3508 18.3546 23.1971 16.1123 12.8836 12.7089 9.52833 10.5684 9.53715 14.1403 8.42926 8.20023 7.76569 7.07211 6.1767 5.05159 8.3613 4.48636 4.44204 4.42498 5.19112 4.16081 9.14174 4.42318 4.06277 3.90414 3.48342 3.25719
threshold=71.500000000000014 0.20185000000000003 268.95273950000006 88.200000000000003 277.83463515000005 0.028450000000000003 0.74857142857142944 0.15000000000000005 32.350000000000001 38.500000000000007 10.041791911176277 0.0017718750000000002 9.5400000000000009 -0.13566256157423215 0.0015375451388888893 0.013620369500000002 49.875000000000007 32.300000000000004 1.0000000180025095e-35 -6.1677750999999708 0.38500000000000006 86.075000000000017 87.500000000000014 3.8050000000000002 3.1850000000000005 0.68480281089365602 24.950000000000003 11.150000000000004 0.45500000000000007 0.64500000000000013
decision_type=2 2 2 2 2 2 2 2 2 2 2 2 2 2 2 2 2 2 2 2 2 2 2 2 2 2 2 2 2 2
left_child=1 3 15 5 -5 13 7 12 -9 10 -10 14 -7 21 28 -3 17 18 29 -16 -19 -1 -23 24 -22 -26 -20 -18 -12 -15
right_child=-2 2 -4 4 -6 6 -8 8 9 -11 11 -13 -14 16 19 -17 27 20 26 -21 23 22 -24 -25 25 -27 -28 -29 -30 -31
leaf_value=-0.00025028793200980909 -0.0002712006942251307 0.00038016329047720358 0.0056864825929979074 0.0080674729900465959 -0.00027310203762386805 4.5660807232468498e-05 0.00074578385003616762 0.0016043469588723166 -3.3604299300615866e-05 -0.00011834103748801532 0.00032142510278547091 0.00046729354515446652 0.0014320215446313727 0.0017230568130134198 0.00034322623101137656 0.00064293740224126905 -5.902092851455657e-05 -0.00023626427760240835 0.00085512758329478597 0.00028647134235326558 -6.3860443298089807e-05 -0.00035524357762563481 0.0023833471360301 -4.8807243502964586e-05 0.00056479516401204742 0.0013273289464379612 0.00030573883793907382 0.0015484619501012634 -1.2041574264264599e-05 -0.0001072021394850378
leaf_weight=3639 7491 121 89 59 63 59 110 70 537 1037 107 56 94 64 53 80 50 1274 51 69 285 80 57 2035 88 87 54 70 291 188
leaf_count=3639 7491 121 89 59 63 59 110 70 537 1037 107 56 94 64 53 80 50 1274 51 69 285 80 57 2035 88 87 54 70 291 188
internal_value=-0.00188413 -6.68633e-05 0.0202577 -0.000623825 0.0185772 -0.00084904 0.00266908 0.00188711 0.000920755 0.000323104 0.00370736 0.00817158 0.0157792 -0.0019388 0.00555662 0.010099 -0.000429716 -0.00075721 0.0049162 0.0165447 -0.00129708 -0.00363384 0.00514493 -6.81102e-05 0.00421909 0.0131818 0.0166981 0.0107025 0.00214286 -1.9764e-05
internal_weight=18408 10917 290 10627 122 10505 2483 2373 2220 2150 1113 576 153 8022 520 201 4246 4126 357 122 3769 3776 137 2495 460 175 105 120 398 252
internal_count=18408 10917 290 10627 122 10505 2483 2373 2220 2150 1113 576 153 8022 520 201 4246 4126 357 122 3769 3776 137 2495 460 175 105 120 398 252
is_linear=0
shrinkage=0.05


Tree=13
num_leaves=31
num_cat=0
split_feature=126 0 126 133 50 0 24 61 29 88 90 85 133 15 13 118 4 74 88 29 101 29 91 104 22 85 74 104 91 25
split_gain=34.2695 44.7935 24.9604 18.4177 21.5271 14.3509 18.2231 9.37471 10.2064 8.0021 7.75932 7.43139 6.81148 9.10283 12.8644 5.62799 5.572 5.39993 10.6114 6.93268 8.42635 6.53458 9.15173 8.14236 5.40862 5.66809 4.78473 4.19307 4.17166 3.7883
threshold=71.500000000000014 0.20185000000000003 21.500000000000004 88.200000000000003 1010.1500000000002 0.091900000000000023 51.95000000000001 226.45000000000002 51.350000000000009 38.462500000000013 30.530612244897959 271.87045380000006 6.4900000000000011 0.001113541666666667 0.0011158282222222223 26.450000000000003 0.013620369500000002 28.864285714285717 30.187500000000007 53.70000000000001 -1.1236733500000182 24.450000000000003 14.850000000000003 0.35000000000000009 39.000000000000007 271.13700360000001 32.43571428571429 0.95000000000000018 34.70000000000001 16.500000000000004
decision_type=2 2 2 2 2 2 2 2 2 2 2 2 2 2 2 10 2 2 2 2 2 2 2 2 2 2 2 2 2 2
left_child=1 3 -3 5 -5 10 11 8 -8 16 17 -7 -12 26 -15 -10 -4 18 28 21 -21 23 -23 -20 -25 -26 27 -14 -1 -24
right_child=-2 2 9 4 -6 6 7 -9 15 -11 12 -13 13 14 -16 -17 -18 -19 19 20 -22 22 29 24 25 -27 -28 -29 -30 -31
leaf_value=-0.00020617915230240885 -0.00025764065951387418 0.0054054870110232757 -0.00011323086057988921 0.0076856199795950712 -0.0001390772129225624 0.00050318531035357104 -3.1924054058981353e-05 -5.0663602891333264e-05 0.00045329508983969161 0.0011115919830773451 -8.8226815101771417e-05 0.0012241629780053577 1.3895910535678865e-05 0.0005632985790638463 0.00020134685976972192 0.001241946158889153 0.00040950742918790845 -0.00021942786606992003 -5.7235868239237494e-06 0.0011758631262690023 1.9474122733489659e-05 0.0018658884660005719 2.4436879979248562e-05 6.806197925788413e-05 0.00018406173864685886 0.00083491987946951592 -5.2385926467247843e-05 0.00038058071556007207 0.00014285265449723257 -0.00012755203793386974
leaf_weight=2437 7491 84 105 53 69 73 107 586 56 51 419 92 98 59 77 53 50 2669 330 51 59 98 1356 90 56 100 215 95 92 1237
leaf_count=2437 7491 84 105 53 69 73 107 586 56 51 419 92 98 59 77 53 50 2669 330 51 59 98 1356 90 56 100 215 95 92 1237
internal_value=-0.00191401 -0.000126398 0.0192268 -0.000656757 0.0185772 -0.000882354 0.00491735 0.00178705 0.0106682 0.0097343 -0.00147133 0.02 0.00278008 0.00646789 0.0176277 0.0213636 0.00397436 -0.00194963 -0.00110462 0.00072824 0.013018 0.000309056 -0.00072437 0.00513865 0.012004 0.0176115 0.00270171 0.00840206 -0.00355336 -0.0012953
internal_weight=18408 10917 290 10627 122 10505 967 802 216 206 9538 165 963 544 136 109 155 8575 5906 3377 110 3267 2691 576 246 156 408 193 2529 2593
internal_count=18408 10917 290 10627 122 10505 967 802 216 206 9538 165 963 544 136 109 155 8575 5906 3377 110 3267 2691 576 246 156 408 193 2529 2593
is_linear=0
shrinkage=0.05


Tree=14
num_leaves=31
num_cat=0
split_feature=125 0 93 133 50 0 103 137 14 88 90 4 133 15 13 133 118 142 116 50 49 4 6 96 128 81 1 105 0 24
split_gain=32.5847 42.8068 25.5917 18.9361 21.2176 12.5879 14.8349 10.6534 10.365 7.83761 7.46503 7.32012 5.91968 7.85203 12.3229 5.51666 12.2169 15.5001 5.50182 11.1851 5.33605 4.95624 4.88306 4.53713 4.42959 6.28596 3.69082 5.44724 6.08046 3.80459
threshold=3.5000000000000004 0.20185000000000003 270.26469945000002 88.200000000000003 1010.1500000000002 0.091900000000000023 1096.1500000000003 1.4700000000000002 0.010363074500000001 38.462500000000013 30.755102040816332 0.014797272500000002 6.4900000000000011 0.001113541666666667 0.0011158282222222223 79.305000000000021 12.250000000000002 779.97322007526816 292.63702915000005 1021.35 972.35000000000002 0.013620369500000002 0.0035847222222222226 43.912500000000001 9.9287532369466156 41.95000000000001 0.039655072500000006 25.500000000000004 0.029700000000000001 32.300000000000004
decision_type=2 2 2 2 2 2 2 2 2 2 2 2 2 2 2 2 10 2 2 2 2 2 2 2 2 2 2 2 2 2
left_child=1 3 9 5 -5 10 8 -8 -7 21 15 -9 -12 23 -15 18 17 22 26 24 -10 -3 -17 -14 25 -20 29 28 -28 -1
right_child=-2 2 -4 4 -6 6 7 11 20 -11 12 -13 13 14 -16 16 -18 -19 19 -21 -22 -23 -24 -25 -26 -27 27 -29 -30 -31
leaf_value=2.098960407125351e-05 -0.00024625077835892343 -9.5737499751830029e-05 0.0051399022418775371 0.0073013389806153173 1.2459381291177722e-05 0.0015642299566504207 -0.00011342301390041394 0.00049658114970959255 0.0010270426964321042 0.0013434485792155944 -8.3004927361049016e-05 -0.00011261560008889453 0.00022758909417566593 0.00054209658255437545 0.00019329910001611553 0.0012719268036603313 -0.00016141193910354228 -9.9338600698020277e-07 0.0014233723918750261 -6.1133073294730351e-05 0.00024800712713270065 0.00037492355968388657 0.0029798292846448214 -1.4434302010674574e-05 0.00013437282041046925 0.0010417237653177576 0.0011640108172490816 -0.00016319931304658152 1.7187229954604342e-05 -0.00022762121671195937
leaf_weight=542 7335 109 80 53 71 60 537 131 51 52 397 51 96 56 72 54 698 143 63 409 151 53 54 272 97 69 61 434 618 5539
leaf_count=542 7335 109 80 53 71 60 537 131 51 52 397 51 96 56 72 54 698 143 63 409 151 53 54 272 97 69 61 434 618 5539
internal_value=-0.00194389 -0.000231173 0.0185593 -0.000745827 0.0186 -0.000973162 0.00441955 0.000694443 0.0145817 0.0094186 -0.00152093 0.0111202 0.00282998 0.00646881 0.017093 -0.00196425 0.00163158 0.0110714 -0.00240074 0.00204225 0.00903941 0.0038957 0.0252752 0.00272358 0.0108696 0.0168045 -0.00279569 -0.000143628 0.00264706 -0.00328017
internal_weight=18408 11073 294 10779 124 10655 981 719 262 214 9674 182 893 496 128 8781 949 251 7832 638 202 162 108 368 229 132 7194 1113 679 6081
internal_count=18408 11073 294 10779 124 10655 981 719 262 214 9674 182 893 496 128 8781 949 251 7832 638 202 162 108 368 229 132 7194 1113 679 6081
is_linear=0
shrinkage=0.05


Tree=15
num_leaves=31
num_cat=0
split_feature=1 126 103 28 104 133 4 88 1 28 4 133 15 32 2 43 101 81 29 26 28 93 77 76 112 141 76 94 61 140
split_gain=32.8494 38.6058 26.057 15.4916 12.9591 10.4242 9.23409 7.26579 8.38435 7.25063 7.08839 6.76369 5.47289 6.31772 6.53094 7.50194 5.84644 5.37091 5.36236 5.20363 5.22333 4.54546 4.17369 4.66369 5.18412 5.59692 3.885 3.45925 3.11398 3.28853
threshold=0.30954854950000005 23.500000000000004 2011.5500000000002 43.20000000000001 14.350000000000003 88.200000000000003 0.0024794665000000007 29.437500000000004 0.18566585150000003 4.3500000000000005 0.013620369500000002 88.200000000000003 0.00021875000000000006 13.15 8.5250000000000026e-05 0.38350000000000006 -2.2272629000000275 39.850000000000001 30.650000000000002 14.500000000000002 39.95000000000001 263.75501795000008 277.93759515000005 3.0500000000000012 282.49891925000003 34.180000000000007 0.8500000000000002 29.500000000000004 123.55000000000001 66.685000000000016
decision_type=2 2 2 2 2 2 2 2 2 2 2 2 2 2 2 2 2 2 2 2 2 2 2 2 2 2 2 2 2 2
left_child=2 -2 3 5 10 7 -5 8 19 -9 -3 -4 -11 14 18 26 -17 -18 21 -1 -21 -14 -23 24 25 -24 -16 -20 -15 -30
right_child=1 4 11 6 -6 -7 -8 9 -10 12 -12 -13 13 28 15 16 17 -19 27 20 -22 22 23 -25 -26 -27 -28 -29 29 -31
leaf_value=-0.00021468845039568504 0.0048788832563261128 0.00025539964451738381 -0.00023129518375830617 0.00020041634129870802 -0.00017168942514938875 0.0058365223509838499 0.00075382480546412937 0.00060984690779273274 0.0011452828728654913 -0.00011696127949951668 0.00049674121654945456 0.0015874949758677625 0.0031853532530645282 0.00044133646183559019 2.9833392798452558e-05 0.0014293250079974204 -1.381297695073415e-05 0.00055132382060351693 -0.00011061772601801402 -7.1248784366890428e-05 0.00023674608921752283 -0.00028744131106917383 -0.00013234820951375608 0.00082546481086461963 7.1808363869198296e-05 0.00089862701340232866 0.0012380572798347607 0.00035904798007433585 -0.00012210199657940437 0.00028767858769487012
leaf_weight=2182 93 100 8837 249 199 93 103 68 54 2404 91 96 54 50 320 54 64 55 673 52 50 161 50 51 435 94 55 89 1303 259
leaf_count=2182 93 100 8837 249 199 93 103 68 54 2404 91 96 54 50 320 54 64 55 673 52 50 161 50 51 435 94 55 89 1303 259
internal_value=-0.00194344 0.0109091 -0.00229004 -0.000393994 0.00395141 -0.00081248 0.00987252 -0.000994405 -0.0033711 -0.000102565 0.0132292 -0.00420417 -0.00028354 0.000904988 0.00267625 0.00738616 0.015977 0.00958333 0.00106343 -0.00383589 0.00713592 0.00380615 0.00282828 0.00466719 0.00336207 0.0115517 0.00337766 -0.00197248 -0.00146001 -0.00185861
internal_weight=18438 483 17955 9022 390 8670 352 8577 2338 6239 191 8933 6171 3767 2155 548 173 119 1607 2284 102 845 791 630 579 144 375 762 1612 1562
internal_count=18438 483 17955 9022 390 8670 352 8577 2338 6239 191 8933 6171 3767 2155 548 173 119 1607 2284 102 845 791 630 579 144 375 762 1612 1562
is_linear=0
shrinkage=0.05


Tree=16
num_leaves=31
num_cat=0
split_feature=0 63 103 28 75 4 133 133 0 100 28 4 28 90 116 133 93 138 16 132 92 28 74 93 100 83 4 22 82 119
split_gain=30.3692 38.4221 24.2706 12.8854 9.95506 9.23815 8.08156 7.1451 6.56448 8.26895 6.90616 5.28718 4.57771 8.16503 4.67999 5.12273 7.02628 9.8308 4.76455 5.6903 4.48957 3.65305 4.83526 3.64869 3.29784 3.01415 2.71747 2.69095 2.62825 2.61406
threshold=0.20185000000000003 4.7600500000000014 1998.1000000000001 43.20000000000001 18.050000000000004 0.0024794665000000007 88.200000000000003 88.200000000000003 0.028450000000000003 0.14999999999992045 4.3500000000000005 7.5450000000000018e-05 30.650000000000002 32.043877551020422 291.94941505000003 75.985000000000014 266.52981590000007 4.4350000000000014 0.16500000000000001 3.5000000000000004 15.050000000000004 27.450000000000006 23.407142857142862 270.18689070000005 2.9500000000000459 22.650000000000002 3.2900000000000007e-05 55.500000000000007 29.698000000000004 16.550000000000004
decision_type=2 2 2 2 2 2 2 2 2 2 2 2 2 2 2 2 2 2 2 2 2 2 2 2 2 2 2 2 2 8
left_child=2 24 3 6 -3 29 8 -4 9 10 -1 20 13 14 15 -12 17 -17 -16 -20 -10 22 -13 26 -2 -6 -21 -19 -7 -5
right_child=1 4 7 5 25 28 -8 -9 11 -11 12 21 -14 -15 18 16 -18 27 19 23 -22 -23 -24 -25 -26 -27 -28 -29 -30 -31
leaf_value=0.0005822836469133347 0.0012519636840568975 -0.00010663656252404113 -0.00021937670158490684 -9.2401633753034723e-06 0.00056668448134406034 0.00073093897547878205 0.0055597660440172047 0.0016260711501020358 0.0010926593140658852 -0.00023009394802068684 -8.9872240368469862e-05 0.00035866121716828848 -0.00023153391744692482 0.00040412817822941031 -0.00013719746222221917 0.0025851764128310131 -9.6620678322918837e-05 -0.00011854939017583856 -1.0421195403068992e-05 0.0008037647510177018 -3.4605652737181626e-05 -1.1212471906087226e-05 2.3916784146182973e-05 0.00028250943636651238 0.0047496287943917604 0.00016838367213576019 0.00072583164781399854 0.0013131680677680845 0.00065433956013406195 0.00034015140800834978
leaf_weight=67 50 270 8902 153 52 50 92 97 110 2870 2343 89 671 92 104 55 228 65 136 60 75 1186 175 65 61 50 53 69 53 95
leaf_count=67 50 270 8902 153 52 50 92 97 110 2870 2343 89 671 92 104 55 228 65 136 60 75 1186 175 65 61 50 53 69 53 95
internal_value=-0.00196513 0.0103926 -0.0022984 -0.000454953 0.00264075 0.00892045 -0.000838951 -0.00413222 -0.000999531 -0.00167684 -0.000208283 0.00184596 -0.00048199 0.000288901 -0.000136837 -0.00088555 0.00421053 0.0113158 0.0047852 0.00785714 0.00978495 0.000823569 0.00613207 0.0137151 0.0360714 0.0158738 0.0191228 0.00388889 0.0214423 0.00363454
internal_weight=18438 483 17955 8956 372 351 8605 8999 8513 6878 4008 1635 3941 3270 3178 2760 417 189 418 314 185 1450 264 178 111 102 113 134 103 248
internal_count=18438 483 17955 8956 372 351 8605 8999 8513 6878 4008 1635 3941 3270 3178 2760 417 189 418 314 185 1450 264 178 111 102 113 134 103 248
is_linear=0
shrinkage=0.05


Tree=17
num_leaves=31
num_cat=0
split_feature=0 63 126 15 0 99 91 131 104 13 88 81 116 19 161 19 134 67 91 29 81 120 84 24 3 21 10 140 138 77
split_gain=29.5725 36.3952 22.3799 11.4875 11.7324 13.1047 12.0782 19.0407 9.82546 6.33813 6.28196 5.7398 7.83071 6.20677 9.48202 6.06263 5.01847 4.81846 4.07572 4.03844 5.15374 4.01266 3.58279 4.52948 4.633 3.53804 3.5264 3.24288 4.70918 5.85768
threshold=0.20185000000000003 4.7600500000000014 67.500000000000014 0.00092500000000000015 0.11260000000000002 1.6999999999999889 16.050000000000004 29.116437666821316 14.350000000000003 0.0013056562777777779 40.612500000000004 38.95000000000001 272.75372895000004 -0.0029928571428571409 0.62244897959183687 -0.0014157142857142856 5.245000000000001 7.3500000000000005 36.150000000000006 51.350000000000009 31.450000000000003 274.02929740000008 19.750000000000004 31.000000000000004 0.010054460000000001 0.15972222222222224 4.2250000000000005 75.180000000000021 5.5000000000000009 267.38875205000005
decision_type=2 2 2 2 2 2 2 2 2 2 2 2 2 2 2 2 2 2 2 2 2 10 2 2 2 2 2 2 2 2
left_child=2 21 3 18 6 10 7 -5 9 -3 -6 -8 -13 -14 15 -15 -9 26 19 22 -21 -2 25 -24 -25 -1 -17 -4 29 -29
right_child=1 8 27 4 5 -7 11 16 -10 -11 -12 12 13 14 -16 17 -18 -19 -20 20 -22 -23 23 24 -26 -27 -28 28 -30 -31
leaf_value=0.00053214668707493649 0.0011824568576344683 7.1288527445392225e-05 -0.00021435901784199612 0.0040220477415121017 -3.5270881337232456e-06 0.0011250373669084367 -0.00010286236496312514 0.0012022424420371324 -0.00015775249580161771 0.00044968799728632247 0.0004346668341582756 -0.00010959425098600354 -8.3921702577069817e-05 0.0010035616589222152 0.00049509297025651493 0.00074944054389037044 -0.00022071146147462089 1.7681540394084975e-05 0.00020835451866860969 0.0012514259971100512 4.6579578123336776e-06 0.0045208665785626241 0.00053328961045141982 -6.9485794264100375e-05 0.0051035633642913612 -0.00014602139305160239 0.00043705167481663317 -0.00011576738702254344 -0.00022877991489865415 0.00085188723124715322
leaf_weight=52 51 88 7397 88 106 52 1533 79 198 86 51 481 230 61 55 52 125 304 92 62 424 60 52 293 53 5752 55 88 325 93
leaf_count=52 51 88 7397 88 106 52 1533 79 198 86 51 481 230 61 55 52 125 304 92 62 424 60 52 293 53 5752 55 88 325 93
internal_value=-0.00200852 0.0101859 -0.00233738 -0.000771413 0.00166055 0.0130952 0.000874672 0.010529 0.00264075 0.0112857 0.00575949 -0.000144301 0.00238499 0.00555409 0.00854167 0.00620507 0.00207317 0.00398058 -0.00194588 -0.00209075 0.00228953 0.0351786 -0.00243511 0.00214286 4.32265e-05 -0.00275022 0.0130556 -0.00432819 -0.000443788 0.00598901
internal_weight=18438 483 17955 10052 3272 209 3063 292 372 174 157 2771 1238 757 527 472 204 411 6780 6688 486 111 6202 398 346 5804 107 7903 506 181
internal_count=18438 483 17955 10052 3272 209 3063 292 372 174 157 2771 1238 757 527 472 204 411 6780 6688 486 111 6202 398 346 5804 107 7903 506 181
is_linear=0
shrinkage=0.05


Tree=18
num_leaves=31
num_cat=0
split_feature=18 61 103 133 119 0 99 15 28 126 28 133 91 75 138 137 120 81 119 135 69 0 120 138 122 93 43 93 88 75
split_gain=27.6605 36.6645 20.4359 8.70036 8.35898 7.96501 8.5647 7.34532 6.65287 6.02815 5.73499 5.47349 4.75902 5.33361 4.72455 5.24959 6.51172 5.29063 4.69367 4.02175 4.92005 6.69805 4.32183 3.75947 4.54835 5.13266 3.32229 3.05344 2.94476 3.50998
threshold=0.063537500000000011 375.15000000000003 2048.9500000000003 88.200000000000003 7.3500000000000005 0.025450000000000004 0.19999999999998866 0.00021875000000000006 4.3500000000000005 2.5000000000000004 39.250000000000007 88.200000000000003 28.450000000000003 18.150000000000002 4.6950000000000012 0.19500000000000003 265.80504880000007 53.550000000000004 12.750000000000002 24.465000000000003 277.80904520000007 0.12360000000000002 281.25773710000004 12.310000000000002 12.500000000000002 266.18600575000005 0.36850000000000005 263.75501795000008 38.687500000000007 14.850000000000003
decision_type=2 2 2 2 10 2 2 2 2 2 2 2 2 2 2 2 8 2 10 2 2 2 8 2 2 2 2 2 2 2
left_child=2 10 3 5 -3 6 8 -6 -1 -7 -2 -4 13 -9 15 16 -10 -17 -18 20 21 22 26 -16 25 -25 -11 -8 -29 -30
right_child=1 4 11 -5 7 9 27 12 14 19 -12 -13 -14 -15 23 17 18 -19 -20 -21 -22 -23 -24 24 -26 -27 -28 28 29 -31
leaf_value=0.00055285426990286566 0.00025842156558603092 -9.8865820258033869e-05 -0.0002019572751271813 0.0049933580993606905 -0.00015595645878716314 0.00056923369765453445 0.0012142325554086728 0.0003074769781523671 0.0019851536785371175 5.838076460385175e-05 0.0041707486153270343 0.00098355256991368087 4.8863210334641532e-05 0.00084228170131669011 -0.00011997758167943466 -2.564254165663497e-05 3.2598648564465002e-06 0.0011346003474112041 0.00050198103535341733 -1.8124767118116206e-05 4.3821458549070011e-05 0.00093228147112875664 -5.7281362462132393e-05 -2.4912563726651684e-05 -0.00014375656601781897 0.00060868791157421684 0.00061950476872741841 -0.00022682223566711297 0.0020312556237797562 -0.00023668716110170768
leaf_weight=69 52 359 8468 96 90 66 53 66 75 82 94 93 50 51 2244 1133 216 98 52 839 666 71 110 63 145 71 55 2810 50 51
leaf_count=69 52 359 8468 96 90 66 53 66 75 82 94 93 50 51 2244 1133 216 98 52 839 666 71 110 63 145 71 55 2810 50 51
internal_value=-0.00206546 0.00725426 -0.0024679 -0.00081944 0.00188817 -0.000980046 -0.0017452 0.00875969 -0.000281979 0.00190476 0.0296939 -0.00422215 0.0149405 0.0204237 -0.000544169 0.00160317 0.00706395 7.30508e-05 0.00336431 0.00135965 0.00352792 0.00863636 0.00467742 -0.0018859 0.00357143 0.0101852 0.0105797 -0.00379933 -0.00401786 0.00431372
internal_weight=18438 762 17676 9115 616 9019 7130 257 4166 1889 146 8561 167 117 4097 1574 343 1231 268 1823 984 318 247 2523 279 134 137 2964 2911 101
internal_count=18438 762 17676 9115 616 9019 7130 257 4166 1889 146 8561 167 117 4097 1574 343 1231 268 1823 984 318 247 2523 279 134 137 2964 2911 101
is_linear=0
shrinkage=0.05


Tree=19
num_leaves=31
num_cat=0
split_feature=126 0 126 133 116 0 99 28 89 126 104 129 66 88 3 116 83 136 89 92 133 74 21 94 22 90 105 33 141 105
split_gain=24.9254 34.7266 19.1448 10.6546 20.6892 7.9372 6.67032 7.1707 5.73635 5.97799 6.21613 6.48746 7.82144 5.21701 5.17062 4.51138 4.62063 7.30146 9.4964 4.43031 4.34056 6.52408 10.3926 3.93281 3.49189 5.25685 3.40006 4.04726 3.33009 3.26872
threshold=67.500000000000014 0.20185000000000003 13.500000000000002 87.815000000000012 270.91219885000004 0.028450000000000003 0.30000000000001142 4.3500000000000005 32.350000000000001 38.500000000000007 1.8500000000000005 3.5000000000000004 21.025000000000002 37.812500000000007 0.059304838000000006 272.13192240000006 18.850000000000005 0.34500000000000003 46.550000000000004 13.950000000000005 84.075000000000017 19.157142857142862 0.36805555555555564 30.500000000000004 1.0000000180025095e-35 22.278571428571436 12.500000000000002 0.89779185586397459 36.125000000000007 2.5000000000000004
decision_type=2 2 2 2 2 2 2 2 2 2 2 2 2 2 2 2 2 2 2 2 2 2 2 2 2 2 2 2 2 2
left_child=1 3 -3 5 -5 6 7 -1 -7 10 24 12 -12 19 -11 -9 29 18 23 -4 -2 -22 -23 26 25 -10 27 28 -18 -17
right_child=20 2 13 4 -6 8 -8 15 9 14 11 -13 -14 -15 -16 16 17 -19 -20 -21 21 22 -24 -25 -26 -27 -28 -29 -30 -31
leaf_value=0.00054095578655466111 -0.00019321432652920874 0.0041298821565671556 0.00046058121581962281 0.0059405318381787007 -0.000222293609866997 0.0011823358692585528 -0.00020456138143572526 -0.00016382180930177957 0.0011075289972073297 0.0001122675172623348 7.1227691659342296e-05 0.00017178031744269741 0.00077167299938446499 0.0011153170742565209 -0.0001113975021511174 0.0013512653032985628 0.0018267206221869725 -2.1088530346191326e-05 1.7320537065042531e-05 -0.00011600308638976068 -0.00013502670387477816 0.001007739153063315 -0.00010007828907925504 0.00038991752598202273 -1.7880041714838308e-06 1.9496386266014014e-05 -9.309505999622929e-06 0.00093012273548537163 -5.2569277891496501e-05 -0.00022836791816244607
leaf_weight=64 7684 55 67 50 100 52 3093 1864 54 115 52 192 69 63 861 57 54 984 404 88 295 52 82 62 829 129 74 65 56 772
leaf_count=64 7684 55 67 50 100 52 3093 1864 54 115 52 192 69 63 861 57 54 984 404 88 295 52 82 62 829 129 74 65 56 772
internal_value=-0.00211156 -0.000481311 0.0170803 -0.000960411 0.0122185 -0.00116177 -0.00195232 -0.000712364 0.00137213 0.000994786 0.0031825 0.00933121 0.0183607 0.0102968 -0.00197032 -0.000957206 0.00041716 0.00191176 0.00575419 0.00525641 -0.00418536 0.000697673 0.00981481 0.0123077 0.00126851 0.0075 0.0094 0.0131818 0.00716216 -0.00263856
internal_weight=18438 10325 273 10052 150 9902 7549 4456 2353 2301 1325 313 121 218 976 4392 2528 1699 715 155 8113 429 134 311 1012 183 249 175 110 829
internal_count=18438 10325 273 10052 150 9902 7549 4456 2353 2301 1325 313 121 218 976 4392 2528 1699 715 155 8113 429 134 311 1012 183 249 175 110 829
is_linear=0
shrinkage=0.05


Tree=20
num_leaves=31
num_cat=0
split_feature=103 0 126 15 131 161 2 77 23 99 91 161 139 134 103 44 86 116 50 83 155 35 91 83 43 75 0 6 0 103
split_gain=20.746 23.0421 13.6288 9.66835 9.1645 31.3917 9.0258 6.40658 6.17723 5.75378 5.05647 4.91663 9.40753 4.80863 9.22606 7.0478 7.61261 4.03949 4.54132 4.88669 3.3858 4.32533 3.11011 8.15574 3.56625 5.78398 2.65315 2.39074 2.38909 3.21262
threshold=2251.2000000000003 0.20185000000000003 20.500000000000004 0.00025937500000000006 24.463098825772978 0.15306122448979595 8.5250000000000026e-05 277.2960447000001 17.857638888888889 -2.5500000000000109 36.150000000000006 0.60204081632653073 14.652582528945784 9.5400000000000009 888.15000000000009 717.50000000000011 14.500000000000002 291.94941505000003 1020.85 24.550000000000004 0.49000000000000005 278.77435390000011 19.950000000000003 19.450000000000003 0.38350000000000006 13.550000000000002 0.44465000000000005 0.0079743055555555574 0.040600000000000004 1129.8500000000006
decision_type=2 2 2 2 2 2 2 2 2 2 2 2 2 2 2 2 2 2 2 2 2 2 2 2 2 2 2 2 2 2
left_child=1 3 -3 10 5 -5 7 28 9 -9 -1 17 -13 22 -15 16 -16 -10 19 -19 21 -4 23 24 -8 -26 -2 -7 -6 -30
right_child=26 2 20 4 6 27 13 8 11 -11 -12 12 -14 14 15 -17 -18 18 -20 -21 -22 -23 -24 -25 25 -27 -28 -29 29 -31
leaf_value=-0.00015498991907872165 -0.0001812373641949662 0.0037577141197041156 3.2384991921509333e-05 0.0041087653452599598 -0.0001860666630122326 -0.00029475778470157746 -4.3919266568974411e-05 0.00061669058931701102 -7.9855609828660999e-05 0.00010279810382804555 0.00020995675366183581 -0.00031398304995577036 0.00038016669522603872 0.0012932423539042288 0.00013481509171639155 6.144365954996308e-06 0.00062568148023390256 0.0011484016107889956 -5.9459027587634198e-05 2.5987460560382509e-05 -0.00017908431061214696 0.0005346216734533199 -0.000100507207302106 0.001206963071129103 0.0030886603969309521 -7.6935299683019443e-05 8.4463206929431009e-05 0.0005763337964929797 0.00019939450328036119 -0.00018411866264154742
leaf_weight=4184 7679 81 58 91 2080 195 242 50 1352 52 91 80 54 50 181 438 64 65 198 81 50 56 363 55 51 69 55 82 141 116
leaf_count=4184 7679 81 58 91 2080 195 242 50 1352 52 91 80 54 50 181 438 64 65 198 81 50 56 363 55 51 69 55 82 141 116
internal_value=-0.00224477 -0.000814826 0.0143089 -0.00117207 9.6731e-05 0.00773713 -0.000389937 -0.00156675 0.000561302 0.0124757 -0.00299813 -0.0001065 0.00907407 0.00292602 0.00583106 0.00428362 0.0110569 -0.000839718 0.00398551 0.0106463 0.00590909 0.0106522 0.000185658 0.00313397 0.0003719 0.00739669 -0.00421655 -0.000647483 -0.00332763 0.00120155
internal_weight=18404 10670 245 10425 6150 368 5782 4269 1932 102 4275 1830 134 1513 733 683 245 1696 344 146 164 114 780 417 362 120 7734 277 2337 257
internal_count=18404 10670 245 10425 6150 368 5782 4269 1932 102 4275 1830 134 1513 733 683 245 1696 344 146 164 114 780 417 362 120 7734 277 2337 257
is_linear=0
shrinkage=0.05


Tree=21
num_leaves=31
num_cat=0
split_feature=126 0 93 133 50 15 161 1 100 88 96 91 85 126 88 91 112 75 83 30 55 33 66 92 138 14 49 133 18 73
split_gain=19.5124 18.4951 13.7192 9.04503 15.5793 6.81251 7.78697 5.84037 7.26936 6.25723 9.36599 7.61722 6.70853 6.21804 5.09555 5.03705 4.27982 4.12558 4.58535 2.71929 3.05024 2.63744 2.61546 2.67449 3.9129 2.5386 2.70314 2.36721 3.88141 5.57644
threshold=70.500000000000014 0.20185000000000003 270.63751745000008 88.200000000000003 1015.5500000000001 0.00024687500000000008 0.72448979591836749 0.12850445900000004 5.4500000000000464 30.187500000000007 30.512500000000006 15.050000000000002 270.80358645000007 47.500000000000007 38.462500000000013 36.150000000000006 273.30111065000006 15.15 20.550000000000004 0.8814285714285709 5.2361179500000228 0.46178131975460307 31.375000000000004 14.450000000000005 7.8400000000000007 0.014830287500000002 976.6500000000002 86.075000000000017 0.0050791666666666676 18.550000000000004
decision_type=2 2 2 2 2 2 2 2 2 2 2 2 2 2 2 2 2 2 2 2 2 2 2 2 2 2 2 2 2 2
left_child=1 3 14 5 -5 15 7 9 17 -7 -11 -12 -13 16 -3 -1 -14 18 21 20 -18 -9 23 24 25 26 -22 -2 -29 -30
right_child=27 2 -4 4 -6 6 -8 8 -10 10 11 12 13 -15 -16 -17 19 -19 -20 -21 22 -23 -24 -25 -26 -27 -28 28 29 -31
leaf_value=-0.00014816632985153964 -0.00017484947186732289 3.1044095516971372e-06 0.0035805984281138889 0.0044075598261120409 -0.00094038256789959705 -0.00012678501794852838 0.00029207230573372186 0.00018287913264510242 0.00099179053027941499 0.00094784128638643664 0.0014436370941628782 -0.00012552393348607473 0.0010615200853375088 0.00052462160544915605 0.00088709820808308886 0.00019945891597874404 -0.00013653013901385991 -2.4727505514024069e-05 -0.00010115107823463819 0.00067667441756154669 -9.2751352903457616e-05 0.00042320964933094006 -5.4665007388245376e-05 -1.3498674439925562e-05 -9.6969421387447098e-05 0.00027605939149067229 0.00027683323688253039 -0.00019874627143499151 -5.1712440037600442e-05 0.00091109067393091686
leaf_weight=4002 7372 152 77 50 56 1560 74 54 102 94 88 1685 69 54 50 91 564 266 73 90 63 53 375 440 160 146 243 183 65 53
leaf_count=4002 7372 152 77 50 56 1560 74 54 102 94 88 1685 69 54 50 91 564 266 73 90 63 53 375 440 160 146 243 183 65 53
internal_value=-0.00227194 -0.000894522 0.0117857 -0.00123457 0.0132243 -0.00138446 -0.00034538 -0.000540454 0.00438069 -0.00102095 9.82199e-06 -0.000359478 -0.000691518 0.00112245 0.00485222 -0.0029702 0.000695024 0.00159955 0.00743094 0.00028338 -0.000100403 0.0139815 0.00112745 0.00240741 0.00454323 0.00692053 0.00428339 -0.00419729 0.000132449 0.00718487
internal_weight=18404 10731 279 10452 106 10346 6253 6179 548 5631 4071 3977 3889 2204 202 4093 2150 446 180 2081 1991 107 1427 1052 612 452 306 7673 301 118
internal_count=18404 10731 279 10452 106 10346 6253 6179 548 5631 4071 3977 3889 2204 202 4093 2150 446 180 2081 1991 107 1427 1052 612 452 306 7673 301 118
is_linear=0
shrinkage=0.05


Tree=22
num_leaves=31
num_cat=0
split_feature=103 0 93 15 93 131 2 77 24 41 47 30 41 0 103 81 88 104 128 81 73 84 81 82 137 0 0 119 24 110
split_gain=19.8471 18.3943 11.7492 7.28762 9.33696 22.7817 9.67524 6.74471 7.87101 5.72621 5.72261 7.5606 7.3987 6.28549 7.0138 5.08819 4.2003 3.80452 3.41978 3.3153 4.43287 3.26151 3.36516 3.37108 3.23279 3.19841 3.08449 2.92179 2.90873 2.70203
threshold=2228.3500000000004 0.20185000000000003 270.93692105000008 0.00025937500000000006 263.92130720000006 26.52198350846967 0.00015051900000000003 277.84505530000007 34.250000000000007 82.500000000000014 63.500000000000007 0.31428571428571334 52.500000000000007 0.12160000000000001 1073.1500000000003 34.150000000000013 38.462500000000013 5.7500000000000018 10.05339352179625 47.95000000000001 21.250000000000004 21.050000000000008 43.550000000000004 24.494000000000003 0.41500000000000009 0.040600000000000004 0.44465000000000005 2.1500000000000008 61.400000000000006 33.45000000000001
decision_type=2 2 2 2 2 2 2 2 2 2 2 2 2 2 2 2 2 2 2 2 2 2 2 2 2 2 2 10 2 2
left_child=1 3 16 19 5 -5 7 25 9 -9 13 -12 -13 -8 -15 17 -3 -7 21 28 -21 22 -10 -24 29 -6 -2 -17 -1 -25
right_child=26 2 -4 4 6 15 10 8 18 -11 11 12 -14 14 -16 27 -18 -19 -20 20 -22 -23 23 24 -26 -27 -28 -29 -30 -31
leaf_value=-0.00016789795641891455 -0.00016354452747772969 4.1686878722228735e-06 0.0034177234554565311 0.0037424261918920379 -0.0001786437533980355 -7.1861668698945404e-06 -2.5381696660365497e-05 0.00036603896104054381 -0.0001092762886800775 0.00058709892973729039 7.6296977704615011e-05 0.0015799206174495644 0.00036144326977366367 0.0011740323785460799 2.2042225082880313e-05 0.00043128259314632297 0.00084274329767893409 0.00075846364469944565 -0.00011195418322233206 0.00021104024735337236 -2.991542064149737e-05 0.0015501048127201267 0.00070315213002803063 8.1744275199518046e-06 -3.9836674063033224e-05 4.665240024378866e-05 8.8982520176325553e-05 -0.00013455318676614829 9.6775626625876697e-05 0.00037037853237771481
leaf_weight=3555 7828 120 71 98 2165 51 597 79 632 50 323 61 66 51 71 58 50 69 692 100 432 54 73 54 221 249 55 295 134 50
leaf_count=3555 7828 120 71 98 2165 51 597 79 632 50 323 61 66 51 71 58 50 69 692 100 432 54 73 54 221 249 55 295 134 50
internal_value=-0.00227737 -0.000855352 0.0127686 -0.00117644 -6.43576e-05 0.00601398 -0.000698671 -0.00179167 0.000430219 0.0123077 0.00333333 0.00774944 0.0180469 0.000555554 0.0108537 0.0014346 0.00552631 0.0102893 -0.000436129 -0.0027712 0.000909943 0.00131336 0.000674102 0.00427318 0.00205521 -0.00354659 -0.00417428 -0.00158192 -0.00330352 0.00928571
internal_weight=18404 10521 241 10280 6059 571 5488 4319 1905 129 1169 450 127 719 122 473 170 120 1776 4221 532 1084 1030 398 325 2414 7883 353 3689 104
internal_count=18404 10521 241 10280 6059 571 5488 4319 1905 129 1169 450 127 719 122 473 170 120 1776 4221 532 1084 1030 398 325 2414 7883 353 3689 104
is_linear=0
shrinkage=0.05


Tree=23
num_leaves=31
num_cat=0
split_feature=103 0 126 88 133 103 28 31 9 104 129 92 100 142 136 84 74 0 132 85 6 131 21 64 112 114 84 28 28 133
split_gain=18.9841 16.1168 16.3856 6.67883 8.19262 13.594 6.52614 5.09641 5.01015 4.66338 8.47971 4.27697 6.04131 4.24641 5.69748 6.23287 3.47798 3.17602 3.21897 3.07477 5.75476 4.46407 5.9799 4.07885 3.05514 3.01124 3.25976 2.97832 3.02918 2.70586
threshold=2048.9500000000003 0.24405000000000002 19.500000000000004 28.437500000000004 87.815000000000012 1239.3000000000004 39.95000000000001 24.750000000000004 1.862638888888889 4.1500000000000012 6.5000000000000009 12.750000000000002 -1.3000000000000111 62.599348505011029 0.34500000000000003 9.3500000000000032 26.064285714285713 0.44465000000000005 10.500000000000002 271.87045380000006 0.0092062500000000009 32.789184554052362 0.47916666666666669 32.900000000000013 286.89304630000009 31.450000000000003 0.15000000000000005 7.0000000000000009 43.20000000000001 84.075000000000017
decision_type=2 2 2 2 2 2 2 2 2 2 2 2 2 2 2 2 2 2 2 2 2 2 2 2 2 2 2 2 2 2
left_child=1 3 -3 6 7 -6 -1 9 -8 11 24 12 13 -5 15 25 -12 18 29 21 -21 22 -9 -22 -11 -15 -27 -13 -29 -2
right_child=17 2 -4 4 5 -7 8 19 -10 10 16 27 -14 14 -16 -17 -18 -19 -20 20 23 -23 -24 -25 -26 26 -28 28 -30 -31
leaf_value=-0.00017040225209389074 -0.00015835440279079888 0.003273615788599252 0.00011167682751273093 -2.1428658264437735e-05 -0.00024430429455640573 0.0040000605252118364 -2.6792179153223492e-07 0.0011894059672622574 0.0008590753810648207 -6.094751245742812e-05 0.0016802528900168566 0.00030484953662682397 -4.5419004934539471e-05 0.00093748200713709951 7.662189580148503e-05 -0.0002423370548984949 5.5460485892954081e-05 8.8294297548349084e-05 4.21479437368367e-05 -5.6685172187130036e-05 0.00051264089550811891 -0.00016619570294378115 -0.00017685120081072645 6.4197250486288878e-05 0.00026042058092917437 3.0423698505664683e-05 0.00032960689880861144 -0.00013429537717071755 0.00032220256458675663 -9.6789934461751259e-06
leaf_weight=2022 8460 62 114 249 67 50 136 69 56 250 107 65 567 103 398 52 50 59 59 1089 97 1893 167 143 64 54 51 1377 62 412
leaf_count=2022 8460 62 114 249 67 50 136 69 56 250 107 65 567 103 398 52 50 59 59 1089 97 1893 167 143 64 54 51 1377 62 412
internal_value=-0.00230454 -0.000734467 0.014209 -0.00102122 -0.000265482 0.0127966 -0.00341535 -0.000489289 0.00536269 0.000869564 0.00548729 0.00013595 0.00205085 0.0045815 0.00668437 0.0124329 0.0149367 -0.00394784 -0.00402486 -0.00184591 3.75928e-05 -0.00302348 0.00343882 0.00703319 0.000714285 0.0162919 0.0100943 -0.00173754 -0.00221528 -0.0041029
internal_weight=18404 9414 176 9238 7024 117 2214 6907 192 3449 471 2978 1474 907 658 260 157 8990 8931 3458 1329 2129 236 240 314 208 105 1504 1439 8872
internal_count=18404 9414 176 9238 7024 117 2214 6907 192 3449 471 2978 1474 907 658 260 157 8990 8931 3458 1329 2129 236 240 314 208 105 1504 1439 8872
is_linear=0
shrinkage=0.05


Tree=24
num_leaves=31
num_cat=0
split_feature=103 1 93 133 49 28 88 111 43 133 118 90 105 1 101 1 50 131 133 18 90 23 93 161 19 15 6 96 138 139
split_gain=18.4058 15.0792 14.5798 6.20388 10.5415 5.99741 4.71157 5.19703 5.73701 4.85096 3.85854 4.35362 3.57325 3.47409 3.27332 3.15756 2.80526 6.0065 2.5545 4.18471 6.25608 2.30113 2.27754 2.21685 6.57894 4.03372 2.84663 2.47342 4.24642 2.19429
threshold=2048.9500000000003 0.41087726350000003 268.22010065000006 88.200000000000003 980.6500000000002 43.20000000000001 30.187500000000007 8.8500000000000032 0.37550000000000006 79.305000000000021 28.650000000000002 31.147959183673475 17.500000000000004 0.18566585150000003 6.5201905000000133 0.67217406300000015 1000.6500000000002 32.789184554052362 84.075000000000017 0.0050791666666666676 11.024744897959186 26.701388888888896 263.49493350000006 0.60204081632653073 -0.00025000000000000006 0.00096666666666666678 0.022136805555555559 33.662500000000016 13.125000000000002 4.7745827319159639
decision_type=2 2 2 2 2 2 2 2 2 2 10 2 2 2 2 2 2 2 2 2 2 2 2 2 2 2 2 2 2 2
left_child=1 3 -3 5 -5 6 13 8 -8 14 -7 12 -12 21 -10 18 17 -9 -2 -20 -21 22 -1 26 -25 -26 27 28 -18 -23
right_child=15 2 -4 4 -6 10 7 16 9 -11 11 -13 -14 -15 -16 -17 23 -19 19 20 -22 29 -24 24 25 -27 -28 -29 -30 -31
leaf_value=0.00017560773850012221 -0.0001482828012855397 -3.662029662744005e-05 0.003112910389240059 0.003800057498951244 -0.00066248278881292594 2.0705049109584328e-05 7.2079307146797917e-06 0.00047798363107690641 0.00013703204785796925 0.0030261246858539498 0.00063604844862994727 0.00047097574084061894 -1.0265942268433741e-05 0.00065615136726881042 0.0013732326274994665 8.3879582670931606e-05 7.9983934996609091e-06 -0.00019897045169656134 -0.00018710426578001638 -3.961636164052049e-05 0.00068794484003705414 0.00018910701465342647 -0.00017420335672271604 -9.7585991463678293e-06 1.4088302128945405e-05 0.00032024127608311478 0.00034746774809636487 -5.9336472829789932e-05 0.00078251267501083734 -1.3327151606534253e-05
leaf_weight=52 8519 64 61 50 50 228 890 93 174 55 55 52 72 69 54 59 421 1201 234 93 85 52 2334 433 52 52 67 2514 54 215
leaf_count=52 8519 64 61 50 50 228 890 93 174 55 55 52 72 69 54 59 421 1201 234 93 85 52 2334 433 52 52 67 2514 54 215
internal_value=-0.00229639 -0.000750399 0.0164286 -0.000983855 0.0113366 -0.0011197 -0.00139531 -0.000617886 0.00236797 0.00855634 0.00480392 0.0102778 0.00515625 -0.00312339 0.00526201 -0.00391447 -0.00133593 -0.00333205 -0.00399127 -0.000133173 0.00561452 -0.00341372 -0.00390658 -0.000614915 0.00234201 0.0135714 -0.00113674 -0.00136789 0.00193277 0.000970148
internal_weight=18404 9414 125 9289 100 9189 8782 6060 1173 283 407 179 127 2722 228 8990 4887 1294 8931 412 178 2653 2386 3593 537 104 3056 2989 475 267
internal_count=18404 9414 125 9289 100 9189 8782 6060 1173 283 407 179 127 2722 228 8990 4887 1294 8931 412 178 2653 2386 3593 537 104 3056 2989 475 267
is_linear=0
shrinkage=0.05


Tree=25
num_leaves=31
num_cat=0
split_feature=126 18 133 116 82 90 23 21 112 42 124 140 49 86 5 29 80 81 137 116 111 42 141 106 19 6 75 58 92 89
split_gain=19.367 16.6018 11.9006 18.5212 9.31652 4.91248 6.62843 8.9649 4.90063 4.73769 4.46707 4.12474 3.77189 5.90128 5.51117 4.18402 6.21023 5.57521 5.37075 9.75337 4.80922 3.60531 3.23872 5.33435 2.69194 2.34315 2.19481 2.17937 1.80804 1.78377
threshold=70.500000000000014 0.063537500000000011 88.200000000000003 276.98077020000005 17.858000000000004 30.530612244897959 26.263194444444448 0.3263888888888889 295.1973792500001 0.47500000000000003 1.0000000180025095e-35 34.545000000000009 951.25000000000011 1.5000000000000002 18.565000000000001 24.050000000000004 28.937500000000007 31.450000000000003 1.0000000180025095e-35 269.73814955000006 5.4500000000000011 0.38500000000000006 24.465000000000003 21.850000000000005 0.0032885714285714293 0.025687500000000002 16.250000000000004 4.9500000000000002 0.15000000000000005 33.650000000000013
decision_type=2 2 2 2 2 2 2 2 2 2 2 2 2 2 2 2 2 2 2 2 2 2 2 2 2 2 2 2 2 2
left_child=1 2 5 -4 -3 11 7 -7 -8 21 25 24 -13 14 -14 16 20 -17 19 -19 -15 -9 23 -20 -1 -6 -21 -27 -24 -30
right_child=-2 4 3 -5 10 6 8 9 -10 -11 -12 12 13 15 -16 17 -18 18 22 26 -22 -23 28 -25 -26 27 -28 -29 29 -31
leaf_value=-0.00012805333195544749 -0.00014193377887931023 0.0029275109466683686 0.0045760982653448119 -0.00097725014682112192 0.00058434572722011171 0.00043925657387427716 -7.5410867585661717e-05 4.0946214797298157e-05 0.00028455123557759586 -7.9511612945740823e-06 -2.8243702181284449e-05 -0.00015672441327753428 -0.00012433701487581564 7.5995934584845962e-05 0.00079945092737003412 0.00096926389171443888 -2.5385838697978063e-05 0.0019684677426071435 0.0017452731889327129 -9.59582142558097e-05 0.0010119044019679137 0.00019719072034418033 0.00031618556594773369 -9.6131273097646932e-05 6.7994121019299318e-05 0.00040153769559132606 0.0018813343332009982 -0.00014741362002772298 0.00010742811412483538 -6.8101170405982122e-05
leaf_weight=3674 7664 91 57 60 71 50 585 50 66 229 168 1162 1218 50 59 57 119 66 57 120 99 79 79 71 83 69 51 52 269 1937
leaf_count=3674 7664 91 57 60 71 50 585 50 66 229 168 1162 1218 50 59 57 119 66 57 120 99 79 79 71 83 69 51 52 269 1937
internal_value=-0.00224801 -0.000882953 -0.001293 0.0144915 0.00849557 -0.00147542 0.00174528 0.00673594 -0.00138037 0.00391365 0.00483379 -0.00184802 -0.000963067 -0.000271574 -0.00311424 0.000947579 0.00689591 0.000354504 1.69735e-05 0.00718487 0.0136667 0.0115385 -0.000687657 0.0070155 -0.00312134 0.0100259 0.000813952 0.00565574 -0.00112424 -0.0013933
internal_weight=18462 10798 10347 117 451 10230 1059 408 651 358 360 9171 5414 4252 1277 2975 268 2707 2650 237 149 129 2413 128 3757 192 171 121 2285 2206
internal_count=18462 10798 10347 117 451 10230 1059 408 651 358 360 9171 5414 4252 1277 2975 268 2707 2650 237 149 129 2413 128 3757 192 171 121 2285 2206
is_linear=0
shrinkage=0.05


end of trees

feature_importances:
last_osi=47
pct_forest=39
gust_peak4h_mean_next_24h=25
gust_last_obs=23
hours_since_obs=22
pre_event_mean_osi=20
cumul_gust_since_onset=17
cumul_tp_since_onset=17
wind_speed_max_next_48h=16
t2m_at_t24h=16
last_P_t=15
min_t2m_next_48h=15
total_tp_next_48h=14
gust_max_obs=13
mslma_t=13
tree_canopy_std=13
last_R_t=11
gust_max_next_24h=11
pct_wetland=11
pct_unmapped=11
osi_trend_last6h=10
gust_max_last6h_obs=10
gust_max_next_48h=10
gust_mean_next_48h=10
gust_peak4h_mean_next_48h=10
frac_zero_72h=9
gust_mean_obs=9
gust_trend_last6h_obs=9
gust_gt30_since_onset=9
t2m_at_t48h=9
pop_density=9
osi_mean_72h=8
wind_sin_t=8
wind_speed_max_next_24h=8
total_tp_next_24h=8
min_t2m_next_24h=8
pressure_change_6h=8
log_customers=8
tp_rate_next_24h=8
last_D_t=7
storm_onset_mean_osi=7
sp_t=7
wind_speed_max_next_6h=7
tree_canopy_pct=7
last_N_t=6
hours_since_peak=6
soil_moist_t=6
gust_x_hso=6
gust_mean_next_6h=6
min_t2m_next_6h=6
pressure_change_3h=6
wind_speed_at_t48h=6
last_outage_pct=5
R_t_max_72h=5
pre_event_max_outage_pct=5
soil_gust_x_phase=5
gust_gt30_next_24h=5
gust_gt30_next_48h=5
t2m_at_t6h=5
n_utilities=5
pct_developed=5
pct_water=5
gust_gt30_frac_next_48h=5
R_t_mean_72h=4
gust_gt30_obs=4
mcc_t=4
hcc_t=4
gust_mean_next_1h=4
gust_max_next_6h=4
total_tp_next_6h=4
gust_mean_next_24h=4
pct_agriculture=4
pct_forest_classified=4
osi_max_72h=3
gust_t=3
r2_t=3
vpd_t=3
gust_x_phase=3
temp_change_6h=3
gust_at_t48h=3
rural_urban_code=3
forest_x_customers=3
storm_onset_max_osi=2
gust_gt40_obs=2
cumul_gust_obs=2
wind_speed_t=2
wind_speed_max_next_1h=2
min_t2m_next_1h=2
gust_peak4h_mean_next_6h=2
wind_speed_at_t6h=2
gust_at_t24h=2
hour_of_day=2
days_since_onset=2
outage_pct_mean_72h=1
outage_pct_max_72h=1
N_t_max_72h=1
t2m_t=1
d2m_t=1
tp_t=1
blh_t=1
temp_c_t=1
dewpoint_c_t=1
gust_exceed_30=1
gust_exceed30_x_hso=1
gust_max_next_1h=1
gust_at_t1h=1
gust_at_t6h=1
hour_cos=1
tp_rate_next_48h=1

parameters:
[boosting: gbdt]
[objective: quantile]
[metric: rmse]
[tree_learner: serial]
[device_type: cpu]
[data_sample_strategy: bagging]
[data: ]
[valid: ]
[num_iterations: 2000]
[learning_rate: 0.05]
[num_leaves: 31]
[num_threads: 8]
[seed: 42]
[deterministic: 0]
[force_col_wise: 0]
[force_row_wise: 0]
[histogram_pool_size: -1]
[max_depth: -1]
[min_data_in_leaf: 50]
[min_sum_hessian_in_leaf: 0.001]
[bagging_fraction: 0.8]
[pos_bagging_fraction: 1]
[neg_bagging_fraction: 1]
[bagging_freq: 5]
[bagging_seed: 42]
[bagging_by_query: 0]
[feature_fraction: 0.8]
[feature_fraction_bynode: 1]
[feature_fraction_seed: 42]
[extra_trees: 0]
[extra_seed: 12879]
[early_stopping_round: 0]
[early_stopping_min_delta: 0]
[first_metric_only: 0]
[max_delta_step: 0]
[lambda_l1: 0.1]
[lambda_l2: 1]
[linear_lambda: 0]
[min_gain_to_split: 0]
[drop_rate: 0.1]
[max_drop: 50]
[skip_drop: 0.5]
[xgboost_dart_mode: 0]
[uniform_drop: 0]
[drop_seed: 42]
[top_rate: 0.2]
[other_rate: 0.1]
[min_data_per_group: 100]
[max_cat_threshold: 32]
[cat_l2: 10]
[cat_smooth: 10]
[max_cat_to_onehot: 4]
[top_k: 20]
[monotone_constraints: ]
[monotone_constraints_method: basic]
[monotone_penalty: 0]
[feature_contri: ]
[forcedsplits_filename: ]
[refit_decay_rate: 0.9]
[cegb_tradeoff: 1]
[cegb_penalty_split: 0]
[cegb_penalty_feature_lazy: ]
[cegb_penalty_feature_coupled: ]
[path_smooth: 0]
[interaction_constraints: ]
[verbosity: -1]
[saved_feature_importance_type: 0]
[use_quantized_grad: 0]
[num_grad_quant_bins: 4]
[quant_train_renew_leaf: 0]
[stochastic_rounding: 1]
[linear_tree: 0]
[max_bin: 255]
[max_bin_by_feature: ]
[min_data_in_bin: 3]
[bin_construct_sample_cnt: 200000]
[data_random_seed: 42]
[is_enable_sparse: 1]
[enable_bundle: 1]
[use_missing: 1]
[zero_as_missing: 0]
[feature_pre_filter: 1]
[pre_partition: 0]
[two_round: 0]
[header: 0]
[label_column: ]
[weight_column: ]
[group_column: ]
[ignore_column: ]
[categorical_feature: ]
[forcedbins_filename: ]
[precise_float_parser: 0]
[parser_config_file: ]
[objective_seed: 16083]
[num_class: 1]
[is_unbalance: 0]
[scale_pos_weight: 1]
[sigmoid: 1]
[boost_from_average: 1]
[reg_sqrt: 0]
[alpha: 0.9]
[fair_c: 1]
[poisson_max_delta_step: 0.7]
[tweedie_variance_power: 1.5]
[lambdarank_truncation_level: 30]
[lambdarank_norm: 1]
[label_gain: ]
[lambdarank_position_bias_regularization: 0]
[eval_at: ]
[multi_error_top_k: 1]
[auc_mu_weights: ]
[num_machines: 1]
[local_listen_port: 12400]
[time_out: 120]
[machine_list_filename: ]
[machines: ]
[gpu_platform_id: -1]
[gpu_device_id: -1]
[gpu_device_id_list: ]
[gpu_use_dp: 0]
[num_gpu: 1]

end of parameters

pandas_categorical:[]
