tree
version=v4
num_class=1
num_tree_per_iteration=1
label_index=0
max_feature_idx=162
objective=quantile
feature_names=last_osi last_P_t last_N_t last_D_t last_R_t last_outage_pct osi_mean_72h osi_max_72h osi_std_72h outage_pct_mean_72h outage_pct_max_72h N_t_mean_72h N_t_max_72h R_t_mean_72h R_t_max_72h pre_event_mean_osi pre_event_max_outage_pct storm_onset_max_osi storm_onset_mean_osi osi_trend_last6h is_worsening frac_zero_72h hours_since_peak gust_mean_obs gust_max_obs gust_gt30_obs gust_gt40_obs cumul_gust_obs gust_last_obs gust_max_last6h_obs gust_trend_last6h_obs gust_t wind_speed_t wind_sin_t wind_cos_t t2m_t d2m_t tp_t rain_t csnow_t sdwe_t r2_t vpd_t soil_moist_t blh_t tcc_t lcc_t mcc_t hcc_t sp_t mslma_t sdswrf_t direct_rad_t diffuse_rad_t et0_t temp_c_t dewpoint_c_t icing_risk_t gust_exceed_30 soil_moist_x_gust is_snowing gust_x_hso gust_x_phase soil_gust_x_phase gust_exceed30_x_hso gust_max_next_1h gust_mean_next_1h wind_speed_max_next_1h total_tp_next_1h min_t2m_next_1h gust_gt30_next_1h gust_gt40_next_1h gust_peak4h_mean_next_1h gust_max_next_6h gust_mean_next_6h wind_speed_max_next_6h total_tp_next_6h min_t2m_next_6h gust_gt30_next_6h gust_gt40_next_6h gust_peak4h_mean_next_6h gust_max_next_24h gust_mean_next_24h wind_speed_max_next_24h total_tp_next_24h min_t2m_next_24h gust_gt30_next_24h gust_gt40_next_24h gust_peak4h_mean_next_24h gust_max_next_48h gust_mean_next_48h wind_speed_max_next_48h total_tp_next_48h min_t2m_next_48h gust_gt30_next_48h gust_gt40_next_48h gust_peak4h_mean_next_48h gust_change_1h gust_change_3h pressure_change_3h pressure_change_6h temp_change_6h wind_change_1h cumul_gust_since_onset cumul_tp_since_onset gust_gt30_since_onset gust_at_t1h wind_speed_at_t1h t2m_at_t1h tp_at_t1h gust_at_t6h wind_speed_at_t6h t2m_at_t6h tp_at_t6h gust_at_t24h wind_speed_at_t24h t2m_at_t24h tp_at_t24h gust_at_t48h wind_speed_at_t48h t2m_at_t48h tp_at_t48h hour_of_day hour_sin hour_cos days_since_onset hours_since_obs storm_phase log_customers rural_urban_code is_metro pop_density n_utilities pct_forest pct_developed pct_agriculture pct_water pct_wetland pct_unmapped pct_forest_classified tree_canopy_pct tree_canopy_std forest_x_customers window_len_next_1h is_full_next_1h tp_rate_next_1h gust_gt30_frac_next_1h has_weather_at_t1h window_len_next_6h is_full_next_6h tp_rate_next_6h gust_gt30_frac_next_6h has_weather_at_t6h window_len_next_24h is_full_next_24h tp_rate_next_24h gust_gt30_frac_next_24h has_weather_at_t24h window_len_next_48h is_full_next_48h tp_rate_next_48h gust_gt30_frac_next_48h has_weather_at_t48h
feature_infos=[0:0.55230000000000001] [0:0.82424180700000005] [0:0.021710291] [0:0.90465771100000003] [0:0.039181763000000001] [0:82.420000000000002] [4.1666666666666669e-06:0.26529999999999998] [0.0001:0.65049999999999997] [1.9982631347136334e-05:0.22470370552747407] [0.00083333333333333328:39.644861111111112] [0.02:100] [3.1208333333333337e-06:0.018623942125000001] [7.4900000000000005e-05:0.37916412199999999] [3.1208333333333337e-06:0.017093115180555556] [7.4900000000000005e-05:0.119716399] [0:0.38653749999999998] [0:100] [0:0.59799999999999998] [0:0.20940416666666664] [-0.022628571428571428:0.017611428571428573] [0:1] [0:0.95833333333333337] [0:71] [13.03611111111111:31.258333333333326] [29.300000000000001:70] [0:35] [0:18] [938.59999999999991:2250.5999999999995] [3.5:47.5] [15.4:64.5] [-6.477142857142856:3.3114285714285714] [0.59999999999999998:57.799999999999997] [0:38] [-0.99999999953664132:0.99999999913657367] [-0.99999999329043221:1] [259.42265909999998:298.3466019] [257.33913039999999:289.8677619] [0:11.300000000000001] [0:11.300000000000001] [0:2.6600000000000001] [0:0.089999999999999997] [15:100] [0:2.5] [0.16700000000000001:0.52000000000000002] [10:3090] [0:100] [0:100] [0:100] [0:100] [884.60000000000002:1027.2] [986.70000000000005:1031.8] [0:863] [0:737] [0:463] [0:0.60999999999999999] [-13.727340900000002:25.196601900000019] [-15.81086959999999:16.717761900000028] [0:1] [0:27.799999999999997] [0.19259999999999999:23.550000000000001] [0:1] [0.80000000000000004:3819.7999999999997] [0:107.59999999999999] [0:47.100000000000001] [0:1689.7999999999997] [1.2:57.799999999999997] [0.89999999999999991:54.5] [0:38] [0:14.699999999999999] [259.42265909999998:298.21776599999998] [0:2] [0:2] [0.89999999999999991:54.5] [2.7999999999999998:57.799999999999997] [2.0571428571428569:49.328571428571429] [0.40000000000000002:38] [0:26.699999999999999] [259.42265909999998:296.22558249999997] [0:7] [0:7] [2.5999999999999996:52.550000000000004] [8.3000000000000007:57.799999999999997] [4.5520000000000005:43.052] [5.0999999999999996:38] [0:51.199999999999996] [259.42265909999998:286.57337899999999] [0:25] [0:19] [7.5:52.550000000000004] [10.1:57.799999999999997] [5.3392857142857135:37.897959183673471] [5.0999999999999996:38] [0:52.900000000000006] [259.42265909999998:281.94003939999999] [0:40] [0:22] [9.375:52.550000000000004] [-24.299999999999997:28.199999999999999] [-32:35.700000000000003] [-6.1999999999999318:10.599999999999909] [-10.899999999999977:14.599999999999909] [-20.027499999999975:21.845291299999985] [-15.300000000000001:28.000000000000004] [347.09999999999997:4155.3000000000002] [0:53.200000000000003] [0:61] [0.59999999999999998:57.799999999999997] [0:38] [259.42265909999998:298.3466019] [0:11.300000000000001] [0.90000000000000002:57.799999999999997] [0:38] [259.42265909999998:298.3466019] [0:11.300000000000001] [0.90000000000000002:57.799999999999997] [0:38] [259.42265909999998:298.3466019] [0:11.300000000000001] [0.90000000000000002:53.799999999999997] [0:34.299999999999997] [259.42265909999998:296.58327589999999] [0:11.300000000000001] [0:23] [-1:1] [-1:1] [1:5] [1:120] [0:3] [7.1180162044653335:13.453719692845613] [1:9] [0:1] [8.3691524328166658:11939.655837338518] [1:14] [0.96999999999999997:88.719999999999999] [2.21:86.629999999999995] [0.040000000000000001:87.469999999999999] [0.01:5.5099999999999998] [0:19.780000000000001] [1.8899999999999999:18.32] [0.98868616858628067:95.815074496056084] [2.2000000000000002:80.340000000000003] [12.65:40.140000000000001] [8.0679963363985543:851.59337963521523] none none [0:7.3499999999999996] [0:1] none none none [0:3.8142857142857141] [0:1] none none none [0:2.048] [0:1] none [25:49] [0:1] [0:1.0795918367346939] [0:0.81632653061224492] [0:1]
tree_sizes=2801 2897 2908 2875 2905 2903 2897 2895 2919 2900 2927 2938 2936 2924 2924 2919 2938 2949 2926 2950

Tree=0
num_leaves=31
num_cat=0
split_feature=103 0 120 6 2 99 92 91 18 29 11 29 26 131 136 83 80 100 101 33 0 96 103 80 30 94 131 91 16 81
split_gain=141.858 199.452 41.8078 37.7336 28.3752 23.0918 22.7742 35.5261 29.4634 19.8719 17.9295 16.5233 18.2837 14.4645 23.0233 17.9757 14.0567 13.371 10.0218 9.66322 9.64344 9.31124 8.83475 10.6749 9.67809 8.49402 8.13131 7.33369 18.1262 5.57332
threshold=1603.45 0.052550000000000006 273.55540765000006 0.021504166666666668 0.00064742850000000008 0.30000000000001142 7.450000000000002 14.15 0.063537500000000011 30.650000000000002 0.0016758371041666667 46.850000000000001 7.5000000000000009 129.04709205156436 0.41500000000000004 20.050000000000004 31.037500000000005 -6.7499999999999991 6.3262664500000207 0.27186388144783463 0.025450000000000004 37.312500000000007 799.25 30.587500000000006 -1.4842857142857144 18.500000000000004 73.48586109075535 16.550000000000004 0.77500000000000013 38.95000000000001
decision_type=2 2 10 2 2 2 2 2 2 2 2 2 2 2 2 2 2 2 2 2 2 2 2 2 2 2 2 2 2 2
left_child=1 4 3 13 5 9 -2 -8 27 10 16 12 22 -3 -15 -16 17 -1 -19 -14 -7 -12 -6 24 -24 -23 -4 28 -9 -26
right_child=6 2 26 -5 11 20 7 8 -10 -11 21 -13 19 14 15 -17 -18 18 -20 -21 -22 25 23 -25 29 -27 -28 -29 -30 -31
leaf_value=0.011482930660801105 0.0094062902507124468 0.0099802248067966219 0.016934035876981657 0.014200654654946909 0.0096438924849376433 0.0094797580619342629 0.021786652922369143 0.0095394410998162794 0.010641337096734427 0.0098169854842126373 0.010964575031742285 0.0095773554815509251 0.0106615519523937 0.010797742699199243 0.010755520933619245 0.010012503034659092 0.0096217323551667684 0.010198876556563851 0.011584224608399363 0.012563087205744328 0.010319819673895836 0.019389109999034471 0.014945649635046722 0.0099781094416981023 0.010796322739166919 0.01064489772865076 0.015139190258568646 0.0096914618741720908 0.012580801448985346 0.010648341205406076
leaf_weight=96 9410 227 90 149 108 1930 75 144 93 1595 81 163 56 85 81 199 398 736 154 76 67 70 57 98 92 60 337 1426 92 70
leaf_count=96 9410 227 90 149 108 1930 75 144 93 1595 81 163 56 85 81 199 398 736 154 76 67 70 57 98 92 60 337 1426 92 70
internal_value=0.00991849 0.0154647 0.0343352 0.0271027 0.0117291 0.0104361 0.00642767 0.0115286 0.0100762 0.0130761 0.0170209 0.0210236 0.0251164 0.0213917 0.0275431 0.0205239 0.0149377 0.0181381 0.0162011 0.0413317 0.00622189 0.0305731 0.0200064 0.0242052 0.0303201 0.038835 0.0468048 0.00853961 0.0166799 0.0238839
internal_weight=18315 7075 1168 741 5907 5187 11240 1830 1755 3190 1595 720 557 592 365 280 1384 986 890 132 1997 211 425 317 219 130 427 1662 236 162
internal_count=18315 7075 1168 741 5907 5187 11240 1830 1755 3190 1595 720 557 592 365 280 1384 986 890 132 1997 211 425 317 219 130 427 1662 236 162
is_linear=0
shrinkage=1


Tree=1
num_leaves=31
num_cat=0
split_feature=103 3 2 128 126 21 5 99 0 25 23 112 92 91 18 139 84 92 19 135 82 116 15 35 6 141 112 0 89 105
split_gain=110.712 146.289 37.1441 36.0242 28.0074 19.121 28.8829 17.1773 15.8913 17.4398 14.9103 21.2689 14.6382 24.6854 24.5629 13.8031 13.9419 13.2784 20.7966 13.1946 12.2331 12.1051 9.8819 9.07263 8.95564 8.38622 7.11226 6.50871 6.39792 6.26962
threshold=1704.3500000000004 0.14656182600000003 0.00093457300000000007 9.986477217735418 35.500000000000007 0.52083333333333337 7.2950000000000008 0.30000000000001142 0.025450000000000004 23.500000000000004 17.857638888888889 281.70343730000008 7.450000000000002 14.15 0.063537500000000011 85.299518965764761 17.350000000000005 13.850000000000003 0.0007614285714285788 29.415000000000003 22.814000000000004 294.00043860000005 0.0025010416666666675 275.86310645000009 0.018883333333333339 38.445000000000007 286.36405090000005 0.41135000000000005 56.250000000000007 11.500000000000002
decision_type=2 2 2 2 2 2 2 2 2 2 2 2 2 2 2 2 2 2 2 2 2 2 2 2 2 2 2 2 2 2
left_child=1 2 7 17 -5 6 20 10 -9 -10 11 -1 27 -14 -15 21 22 18 -3 -13 -4 28 -17 -22 -6 -23 -25 -2 -12 -7
right_child=12 3 5 4 24 29 -8 8 9 -11 15 19 13 14 -16 16 -18 -19 -20 -21 23 25 -24 26 -26 -27 -28 -29 -30 -31
leaf_value=-9.1223337548124669e-05 -0.00044009214985193105 0.00036947708255437029 0.00067931995004149649 0.0051244371510413798 -2.7778232308974836e-05 0.0042842798037550723 0.00078682486373925155 -0.00036558589195121566 -2.1855799183419244e-06 0.00080128294592171309 -5.6062652277695269e-05 0.0011974277365515015 0.010231518769372805 -0.0001380297965312421 0.00072938234052262192 -6.7103484962354357e-05 0.012697526780684018 -1.0080113447264415e-05 0.0072524032005473783 0.0023121930190187294 0.0025253756983729982 0.00031659671022990976 0.0068258826134409787 3.8039546925574578e-05 0.0015542775422481504 0.0022636197412362834 0.0023083249137745838 0.00058810189215122372 0.00097382330819609133 -0.00019270952008667132
leaf_weight=148 9220 77 160 384 63 67 108 2063 148 72 2683 127 69 1312 78 170 61 128 81 88 51 313 84 64 50 53 71 51 52 219
leaf_count=148 9220 77 160 384 63 67 108 2063 148 72 2683 127 69 1312 78 170 61 128 81 88 51 313 84 64 50 53 71 51 52 219
internal_value=-0.000355974 0.00426707 0.00190872 0.0247194 0.0328514 0.0124764 0.0188462 0.00061603 -0.00280648 0.00993213 0.00268518 0.0123077 -0.00362455 0.0010274 -0.000427751 0.00165789 0.0116139 0.0105052 0.0201572 0.0223148 0.0117147 0.00064152 0.00637255 0.0204011 0.0107895 0.00916894 0.0133824 -0.00435721 -0.000500732 0.00231707
internal_weight=18315 7585 6802 783 497 740 454 6062 2283 220 3779 363 10730 1459 1390 3416 315 286 158 215 346 3101 254 186 113 366 135 9271 2735 286
internal_count=18315 7585 6802 783 497 740 454 6062 2283 220 3779 363 10730 1459 1390 3416 315 286 158 215 346 3101 254 186 113 366 135 9271 2735 286
is_linear=0
shrinkage=0.05


Tree=2
num_leaves=31
num_cat=0
split_feature=103 11 0 126 28 81 96 43 155 2 24 137 133 155 8 0 132 21 89 128 103 67 142 61 96 30 82 8 137 54
split_gain=92.0481 119.682 46.1186 23.4858 37.5092 21.3355 21.1146 19.0019 17.1723 16.1605 14.941 14.8434 14.1912 22.4253 32.6724 12.1184 11.7895 11.4005 15.8415 9.65425 8.78866 8.47273 7.68806 8.09677 7.55808 7.13778 6.2938 5.90847 5.74052 5.68492
threshold=1704.3500000000004 0.0056461346597222236 0.025450000000000004 21.500000000000004 32.95000000000001 38.95000000000001 48.675000000000004 0.42850000000000005 0.62200000000000022 0.0006863590000000001 32.300000000000004 8.2350000000000012 84.075000000000017 0.038000000000000013 0.0060139996073328818 0.41135000000000005 3.5000000000000004 0.43750000000000006 47.550000000000004 9.8407074829961925 1093.95 13.050000000000002 615.8110207943779 1086.6500000000003 37.612500000000004 -1.3728571428571443 22.814000000000004 0.0060139996073328818 18.300000000000004 0.23500000000000001
decision_type=2 2 2 2 2 2 2 2 2 2 2 2 2 2 2 2 2 2 2 2 2 2 2 2 2 2 2 2 2 2
left_child=1 2 5 4 26 8 16 9 -1 21 -10 20 15 -14 -15 28 -6 18 22 -18 -11 24 -5 -24 -7 -21 -4 -12 -2 -26
right_child=12 -3 3 17 6 7 -8 -9 10 11 27 -13 13 14 -16 -17 19 -19 -20 25 -22 -23 23 -25 29 -27 -28 -29 -30 -31
leaf_value=-0.00032677017038865104 -0.00040305620481554918 0.0070586665735718731 -8.710651936807821e-05 -2.2709237048875513e-05 0.0015104718038011734 0.002019197008002752 -6.4668574051263486e-05 0.0041449135493657994 0.001427998722467249 0.0045923804381022048 2.3351898741941251e-05 0.0025474846284792392 -0.00027722989951404039 -0.00010311487092402508 0.0094350960081978127 0.00078501567899407995 0.001412894304489643 -4.1743322435727312e-05 0.00082565410635005842 0.0019610237669504841 -6.7972219403001754e-05 -8.85951849691634e-05 0.00058336197848931801 0.00017014567436047243 0.00019270884545602169 0.00055555833333888964 0.00095971118811803637 0.0099540703477583991 0.00031661968807011366 0.0014589295646247034
leaf_weight=3038 10133 216 202 200 156 84 56 72 72 52 304 71 274 98 100 63 69 403 58 119 117 899 101 93 898 81 57 56 62 111
leaf_count=3038 10133 216 202 200 156 84 56 72 72 52 304 71 274 98 100 63 69 403 58 119 117 899 101 93 898 81 57 56 62 111
internal_value=-0.000653528 0.00356182 0.00248304 0.0100063 0.016525 0.000402596 0.0247718 0.00413232 -0.00207289 0.00330721 0.00724018 0.0155394 -0.00363387 0.00483087 0.0176131 -0.00402427 0.0285681 0.00434579 0.00979029 0.022037 0.00735294 0.00182388 0.00613924 0.0132051 0.00478062 0.0275871 0.00115384 0.00303324 -0.00416046 0.00356436
internal_weight=18315 7585 7369 1595 740 5774 481 2304 3470 2232 432 240 10730 472 198 10258 425 855 452 269 169 1992 394 194 1093 200 259 360 10195 1009
internal_count=18315 7585 7369 1595 740 5774 481 2304 3470 2232 432 240 10730 472 198 10258 425 855 452 269 169 1992 394 194 1093 200 259 360 10195 1009
is_linear=0
shrinkage=0.05


Tree=3
num_leaves=31
num_cat=0
split_feature=126 12 2 142 93 21 137 93 1 84 115 116 44 24 50 96 133 12 128 61 29 140 105 94 111 41 1 89 1 19
split_gain=80.7991 117.291 36.3264 29.4526 24.2947 24.1157 26.2068 14.4113 24.8407 14.318 20.7535 15.9175 11.9188 11.086 9.44927 9.2882 6.86917 6.79661 6.57278 20.1087 6.49857 6.42584 5.90411 5.92187 6.73433 5.54232 5.41345 4.5873 4.52415 4.04462
threshold=61.500000000000007 0.09273153100000002 0.00097368600000000008 525.57880762752825 267.48674725000006 0.52083333333333337 0.99500000000000011 272.34196965000007 0.072925425000000016 16.750000000000004 7.0500000000000007 293.40074460000011 957.50000000000011 32.300000000000004 1022.35 51.625000000000007 88.200000000000003 0.0539611875 10.770903114643311 408.10000000000008 29.600000000000005 71.610000000000014 15.500000000000002 12.500000000000002 10.850000000000003 96.500000000000014 0.0022451200000000002 34.350000000000001 0.027284852500000002 -0.002749999999999999
decision_type=2 2 2 2 2 2 2 2 2 2 2 2 2 2 2 2 2 2 2 2 2 2 2 2 2 2 2 2 2 2
left_child=1 2 9 -3 -5 6 7 14 -9 11 -11 15 -8 -12 27 17 -2 25 26 -20 -13 -15 23 -7 -25 -1 -19 -4 -22 -30
right_child=16 3 5 4 -6 22 12 8 -10 10 13 20 -14 21 -16 -17 -18 18 19 -21 28 -23 -24 24 -26 -27 -28 -29 29 -31
leaf_value=-0.00015903179513365026 -0.00039895412884870165 0.0051189542355031528 0.0020607634310344661 -1.5168298232344501e-05 0.0087661367700880496 -0.00032003978609456497 0.0021318730145477522 -0.00011730104921810689 0.0018513418740114043 0.010366760840133618 0.0013482490221686503 0.0019601115356172841 0.00048639846961975831 -2.4450415215453631e-05 0.00065653578685622967 0.0016892384353836814 0.0031825109899996859 0.0045836993109389882 0.0018681891396563712 -4.0321436065948849e-05 -2.3175991906205468e-05 0.0053968840571169945 -0.00013355796472824534 0.0043801999457993282 0.00033148234549667063 0.0016845729370222003 -0.00024877693896708597 -1.3556149348722957e-05 3.3420309564513816e-05 0.0011789459875644764
leaf_weight=5615 8891 226 85 94 76 60 100 56 82 62 75 192 88 561 79 53 95 73 50 104 292 75 324 61 54 94 260 295 64 79
leaf_count=5615 8891 226 85 94 76 60 100 56 82 62 75 192 88 561 79 53 95 73 50 104 292 75 324 61 54 94 260 295 64 79
internal_value=-0.000847348 0.00241157 0.00122901 0.029005 0.0131287 0.00900778 0.0144656 0.00929766 0.0234173 -7.71254e-05 0.00636951 -0.000803404 0.0307143 0.00391854 0.005 -0.0015664 -0.00423111 -0.00174681 0.00391393 0.0124194 0.00678344 0.00175039 0.000399999 0.00778409 0.0143966 -0.00223117 -2.99413e-05 0.00169291 0.00337156 0.010625
internal_weight=18315 9329 8933 396 170 1284 785 597 138 7649 773 6876 188 711 459 6249 8986 6196 487 154 627 636 499 175 115 5709 333 380 435 143
internal_count=18315 9329 8933 396 170 1284 785 597 138 7649 773 6876 188 711 459 6249 8986 6196 487 154 627 636 499 175 115 5709 333 380 435 143
is_linear=0
shrinkage=0.05


Tree=4
num_leaves=31
num_cat=0
split_feature=103 11 2 131 133 74 3 92 133 21 92 100 28 0 112 138 41 136 84 82 49 81 134 28 137 33 64 43 138 138
split_gain=78.9908 96.3721 33.8254 26.9276 16.8773 24.2412 15.6007 17.3785 19.2478 14.6813 25.2921 13.3763 16.2258 12.4397 12.0111 12.1706 11.6142 7.63686 7.07577 9.75973 6.22576 6.10986 5.64806 5.38325 4.91912 4.2163 5.90455 4.19654 4.90171 5.55901
threshold=1603.45 0.0056461346597222236 0.00093457300000000007 110.55122614849988 88.200000000000003 20.621428571428577 0.09041131550000002 8.8500000000000032 13.985000000000001 0.52083333333333337 13.150000000000004 -0.45000000000004542 7.0500000000000007 0.41135000000000005 285.01029590000002 8.8150000000000031 43.500000000000007 1.0200000000000002 6.950000000000002 24.142000000000003 974.45000000000016 38.95000000000001 6.0450000000000008 35.250000000000007 18.300000000000004 0.094237823153105263 374.05000000000001 0.32850000000000007 5.5750000000000002 5.080000000000001
decision_type=2 2 2 2 2 2 2 2 2 2 2 2 2 2 2 2 2 2 2 2 2 2 2 2 2 2 2 2 2 2
left_child=1 2 6 17 13 -6 11 8 -8 10 -5 12 14 18 -1 -16 -12 -4 24 22 -3 -13 -20 -10 -2 -14 27 -27 29 -29
right_child=4 20 3 9 5 -7 7 -9 23 -11 16 21 25 -15 15 -17 -18 -19 19 -21 -22 -23 -24 -25 -26 26 -28 28 -30 -31
leaf_value=0.00038028435179387164 -0.00038338903448730655 0.0046067761288154825 0.00027333224956863929 0.0016188515219234612 -0.00049010786323314874 0.010288476844062734 8.4406086163027998e-05 5.0915448654571837e-05 0.0042730460916824116 -0.00019670236554197984 4.682788653570733e-05 -0.00033911706065088725 -0.00024164461369916639 0.00069844738791203067 0.00081225652249975486 0.0016063759907807566 0.0013729314749712249 0.0023834485189209833 0.00309084433753949 -0.00010609187487080438 0.0069873017563862857 0.00027272206337086708 4.675401917434107e-05 0.0016536976051279623 0.00031046634926306922 -6.6657916435605363e-05 0.0072634254921189806 0.00052060589443985014 -7.0207172568087072e-05 0.0019330457490345154
leaf_weight=174 9275 79 526 125 65 50 110 409 59 53 84 2088 494 65 101 57 52 99 52 1627 120 331 51 103 55 1008 57 513 380 53
leaf_count=174 9275 79 526 125 65 50 110 409 59 53 84 2088 494 65 101 57 52 99 52 1627 120 331 51 103 55 1008 57 513 380 53
internal_value=-0.00110395 0.0030342 0.00203795 0.0108511 -0.00370919 0.0152586 0.000641629 0.0077566 0.0175275 0.0227778 0.0276336 -0.000280579 0.00204722 -0.00390707 0.0124174 0.0223585 0.0125182 0.00482428 -0.00403625 -0.00109474 0.03725 -0.0030124 0.01375 0.0284356 -0.00458097 0.000666399 0.00168489 0.00121483 0.00360612 0.00655203
internal_weight=18315 7075 6876 939 11240 115 5937 681 272 314 261 5256 2837 11125 332 158 136 625 11060 1730 199 2419 103 162 9330 2505 2011 1954 946 566
internal_count=18315 7075 6876 939 11240 115 5937 681 272 314 261 5256 2837 11125 332 158 136 625 11060 1730 199 2419 103 162 9330 2505 2011 1954 946 566
is_linear=0
shrinkage=0.05


Tree=5
num_leaves=31
num_cat=0
split_feature=103 12 6 92 131 2 14 90 25 133 50 105 81 155 140 81 27 131 0 28 7 90 74 33 155 15 138 6 77 22
split_gain=63.6847 76.7875 36.5171 35.6715 34.2517 12.0415 19.1365 13.0284 11.7473 11.5969 16.5681 10.9595 10.8453 10.8014 12.1193 10.296 13.3084 9.69391 9.29744 6.22278 6.09245 5.78022 5.77629 4.64726 4.22066 8.28037 11.3492 4.83765 4.10601 4.09029
threshold=1733.6000000000004 0.0539611875 0.021504166666666668 11.350000000000003 129.04709205156436 0.0031384280000000004 0.021183272000000003 22.613265306122454 14.500000000000002 88.200000000000003 1020.4500000000002 17.500000000000004 41.150000000000013 0.77400000000000013 68.935000000000016 38.150000000000013 1409.6500000000003 100.07680590573287 0.41135000000000005 7.0500000000000007 0.10365000000000001 23.508163265306131 18.464285714285719 0.91231009180939926 0.27800000000000008 0.0011052083333333337 4.4250000000000007 0.021504166666666668 275.56119710000007 42.500000000000007
decision_type=2 2 2 2 2 2 2 2 2 2 2 2 2 2 2 2 2 2 2 2 2 2 2 2 2 2 2 2 2 2
left_child=1 5 3 4 12 13 23 -8 -5 18 -11 -4 -3 15 19 20 17 29 24 -15 -1 -19 -18 -7 -2 27 -27 -26 -6 -17
right_child=9 2 11 8 28 6 7 -9 -10 10 -12 -13 -14 14 -16 16 22 21 -20 -21 -22 -23 -24 -25 25 26 -28 -29 -30 -31
leaf_value=-0.00026207824474042346 -0.00036442758682816317 -0.0002259231959540073 0.0064968264365797479 0.0054200212017688106 0.0021944025836204725 -1.9302216749026021e-05 0.0012194138289917404 0.0020033772987320237 -0.00014762776867244679 0.0096406680872746509 -0.00038534346038781979 0.0011043719488253408 0.0048731617815014608 0.0011524647957938618 0.0048069600589132717 -0.00036721528343310262 0.00030359735668296665 0.0011822094607076405 0.00052875130250638717 -8.2310161984164827e-05 0.0011150047617829429 0.0015247230030522242 -6.3030666421625306e-05 0.0019664619444373145 -0.0002420775805174572 0.0029824343843609679 4.5647960786917167e-05 0.00013910378793378017 0.0011560758987812809 0.00065468463111716807
leaf_weight=3116 9187 99 142 86 97 304 50 66 387 50 64 95 58 79 75 71 715 50 65 288 52 56 1558 72 991 63 212 51 78 97
leaf_count=3116 9187 99 142 86 97 304 50 66 387 50 64 95 58 79 75 71 715 50 65 288 52 56 1558 72 991 63 212 51 78 97
internal_value=-0.00133143 0.00213728 0.0147507 0.0096402 0.0221772 0.000157894 0.00767748 0.0253419 0.000801687 -0.00382909 0.0119565 0.0319748 0.00512658 -0.000443327 0.00707675 -0.00102694 0.0013383 0.0117273 -0.00400095 0.00328804 -0.00292995 0.0235047 7.91545e-05 0.0021618 -0.00411852 -0.00146434 0.00623188 -0.00350432 0.0373295 0.0041716
internal_weight=18374 7691 1042 805 332 6649 492 116 473 10683 114 237 157 6157 442 5715 2547 274 10569 367 3168 106 2273 376 10504 1317 275 1042 175 168
internal_count=18374 7691 1042 805 332 6649 492 116 473 10683 114 237 157 6157 442 5715 2547 274 10569 367 3168 106 2273 376 10504 1317 275 1042 175 168
is_linear=0
shrinkage=0.05


Tree=6
num_leaves=31
num_cat=0
split_feature=103 18 10 92 19 105 93 137 85 0 2 14 28 120 1 140 76 116 137 103 139 56 18 25 35 105 50 81 90 141
split_gain=54.4987 74.4818 26.1632 32.8583 31.7202 12.7837 11.9488 9.62573 9.54187 8.60151 8.27375 11.3409 8.74705 15.3849 16.8715 8.17231 14.7628 6.5674 6.14172 6.1128 5.79491 9.99033 5.55728 5.47294 5.11147 5.08673 5.05801 4.70841 4.16988 3.85525
threshold=1762.5 0.063537500000000011 16.980000000000004 11.350000000000003 -0.003815714285714283 17.500000000000004 273.09905725000004 18.300000000000004 273.85411065000005 0.41135000000000005 0.0031384280000000004 0.021183272000000003 7.0500000000000007 270.33680375000006 1.0000000180025095e-35 75.820000000000007 5.0500000000000016 294.00043860000005 0.075000000000000025 1039.95 86.716077848590643 9.36560480000003 0.0050791666666666676 14.500000000000002 281.22355500000009 4.5000000000000009 1022.0500000000001 53.500000000000007 25.082653061224494 37.765000000000008
decision_type=2 2 2 2 2 2 2 2 2 2 2 2 2 10 2 2 2 2 2 2 2 2 2 2 2 2 2 2 2 2
left_child=1 2 6 4 19 -3 10 9 -6 15 12 26 13 14 25 -2 22 20 -10 -4 27 -22 -17 -5 -15 -1 -12 -14 -13 -19
right_child=7 5 3 23 8 -7 -8 -9 18 -11 11 28 17 24 -16 16 -18 29 -20 -21 21 -23 -24 -25 -26 -27 -28 -29 -30 -31
leaf_value=0.00079953326924516073 -0.00034094162053548838 0.0063042222104753957 0.0034646102289842338 0.0048209709260973073 0.0019462664185534108 0.0014173607010453391 -0.00028363955176775451 0.00038391374831651498 0.0010592545236937957 0.00041828016300842662 -1.9375458447071728e-05 0.0021724023849817374 -9.6476274627677061e-05 -0.00031281699637418004 0.0014191967956302793 -0.00032072856431671391 0.0079848616237807001 0.00033024724593158357 0.0013053829954757254 -4.0803451308583314e-05 6.0901192112815339e-05 0.0048864532389722107 0.00099261555136892347 -6.9086666024038664e-05 0.00038389968294349027 -0.00018041818081957742 0.00339603953102519 0.00064732757665546129 0.00091598871732383636 0.0015745020337511939
leaf_weight=79 9819 139 85 89 90 66 1307 71 56 64 239 53 3699 247 68 416 80 238 82 110 225 51 91 446 81 70 83 120 50 60
leaf_count=79 9819 139 85 89 90 66 1307 71 56 64 239 53 3699 247 68 416 80 238 82 110 225 51 91 446 81 70 83 120 50 60
internal_value=-0.0014185 0.00173985 0.000937867 0.00866006 0.0190566 0.0314078 -0.00017164 -0.00376589 0.0316812 -0.00389122 0.000872482 0.00755868 0.000294593 0.00626374 0.0165596 -0.00400452 0.00171769 -0.000446064 0.0230576 0.00418367 -0.000969239 0.00601083 -0.00143701 0.000410447 -0.000562311 0.007 0.00289474 -0.00147644 0.0219231 0.00670568
internal_weight=18374 7833 7628 958 423 205 6670 10541 228 10470 5363 425 4938 545 217 10406 587 4393 138 195 4095 276 507 535 328 149 322 3819 103 298
internal_count=18374 7833 7628 958 423 205 6670 10541 228 10470 5363 425 4938 545 217 10406 587 4393 138 195 4095 276 507 535 328 149 322 3819 103 298
is_linear=0
shrinkage=0.05


Tree=7
num_leaves=31
num_cat=0
split_feature=103 18 12 92 134 105 137 81 67 28 120 138 2 77 122 76 30 81 141 133 31 21 134 21 0 26 12 64 52 23
split_gain=51.1361 79.2085 19.4712 31.3815 31.2662 11.6024 9.01733 8.99139 12.2297 8.72284 11.8465 7.91286 8.80704 8.97273 7.63272 7.50297 7.34872 7.25574 6.49421 6.19233 7.25524 5.94748 7.03541 5.67235 5.33117 6.01965 5.08454 11.7224 4.53957 4.16555
threshold=1913.0500000000004 0.063537500000000011 0.0539611875 11.150000000000004 10.31 17.500000000000004 18.300000000000004 32.750000000000007 13.050000000000002 7.0500000000000007 269.74610625000008 3.9200000000000004 0.00026399350000000003 275.03487280000007 10.500000000000002 0.8500000000000002 -0.39714285714285813 41.150000000000013 34.190000000000005 88.200000000000003 18.350000000000005 0.4513888888888889 5.79 0.53472222222222232 0.025450000000000004 9.5000000000000018 0.096316070500000003 115.10000000000007 198.50000000000003 17.461111111111119
decision_type=2 2 2 2 2 2 2 2 2 2 10 2 2 2 2 2 2 2 2 2 2 2 2 2 2 2 2 2 2 2
left_child=1 2 7 4 17 -3 19 24 9 10 29 15 28 23 -6 18 -5 -4 -11 26 -21 22 -10 -14 -1 -26 -2 -28 -13 -9
right_child=6 5 3 16 14 -7 -8 8 21 11 -12 12 13 -15 -16 -17 -18 -19 -20 20 -22 -23 -24 -25 25 -27 27 -29 -30 -31
leaf_value=-0.00030414341634118114 -0.00033082508672948788 0.0059890110999516258 -0.00024864273002058758 -0.0001072409575754794 0.0018731365671202371 0.00099602713914135319 0.00037688998460985924 0.0012086522366213538 0.0041292152350517171 0.00014976839076173858 0.00030786178769152874 -0.00012870331065561566 0.0019223318726818734 0.00028486223933620757 0.00096447452247860237 0.007057432993554498 0.0072673296242876219 0.0037511297730433921 0.0019017972511755647 -0.00049237859077418339 0.0029440095733972898 -0.00018473026359440252 9.1540152539635899e-06 0.0033826925235401527 -2.1353409433429865e-05 0.00042466408235282063 -0.00015408127745174892 0.00031544074984542138 0.00077636253044561783 0.00095346767834613593
leaf_weight=2055 9206 139 110 511 113 90 67 50 83 352 131 1238 57 275 68 58 84 62 90 53 50 1577 918 52 220 92 281 62 173 57
leaf_count=2055 9206 139 110 511 113 90 67 50 83 352 131 1238 57 275 68 58 84 62 90 53 50 1577 918 52 220 92 281 62 173 57
internal_value=-0.00152735 0.00126733 0.000476444 0.00722339 0.0190113 0.0302174 -0.00401646 -0.000379063 0.000800077 0.00326756 0.012364 0.00231707 0.000762805 0.00746753 0.0334615 0.00787425 0.000201341 0.00367052 0.00560948 -0.00414431 0.00798077 -0.00162272 0.00138722 0.0195455 -0.00292652 0.00314696 -0.00427644 0.00168605 -0.00106232 0.0246296
internal_weight=18374 8655 8426 948 353 229 9719 7478 5111 2533 238 2295 1795 384 181 500 595 172 442 9652 103 2578 1001 109 2367 312 9549 343 1411 107
internal_count=18374 8655 8426 948 353 229 9719 7478 5111 2533 238 2295 1795 384 181 500 595 172 442 9652 103 2578 1001 109 2367 312 9549 343 1411 107
is_linear=0
shrinkage=0.05


Tree=8
num_leaves=31
num_cat=0
split_feature=103 0 10 120 131 93 0 92 2 14 129 137 50 29 23 120 137 137 116 141 123 1 84 81 28 81 126 32 112 84
split_gain=46.3216 63.27 25.0092 28.6943 24.4738 11.0423 10.7299 8.88569 8.71053 9.52569 7.61485 7.24741 13.5452 19.605 6.97626 12.1872 9.41977 6.93606 5.42647 6.88646 3.8159 3.88677 3.71326 4.7783 4.17751 4.20469 4.00669 4.99495 3.37211 3.12379
threshold=1588.1000000000004 0.21365000000000003 16.980000000000004 277.56277465000005 129.04709205156436 273.09905725000004 0.41135000000000005 9.8500000000000032 0.0031384280000000004 0.021183272000000003 3.5000000000000004 1.0000000180025095e-35 1011.85 34.20000000000001 17.461111111111119 271.40388415000007 1.5500000000000003 18.300000000000004 294.00043860000005 38.535000000000004 1.0000000180025095e-35 0.051499178000000007 17.050000000000004 38.95000000000001 42.500000000000007 39.250000000000007 42.500000000000007 10.65 277.88990635000005 6.7500000000000018
decision_type=2 2 2 10 2 2 2 2 2 2 2 2 2 2 2 10 2 2 2 2 2 2 2 2 2 2 2 2 2 2
left_child=1 2 5 7 -5 8 11 10 14 20 -4 12 13 -2 15 16 -1 29 22 -20 21 -10 23 -16 25 -25 -24 -28 -9 -13
right_child=6 -3 3 4 -6 -7 -8 28 9 -11 -12 17 -14 -15 18 -17 -18 -19 19 -21 -22 -23 26 24 -26 -27 27 -29 -30 -31
leaf_value=0.00054885127192316144 0.0070096781191525005 0.0061592995581209817 0.0017743846288951017 0.00051824990413859855 0.0017151068793635307 -0.00027677502998332029 0.00065404268553635302 0.00037854766750940118 0.0041622436797704634 0.0018240041107151555 0.00076678922338339016 -0.00031651081181579074 -0.00016760342391570311 -2.4438371369249828e-05 -0.00020763430781931046 -0.00012375826300389637 0.0012225732709006142 0.00033750534694536647 0.00017211334362382728 0.0016924094590079085 -3.6718066928370069e-05 0.00042979918370201879 -0.00026645318956947307 0.00023641599359139443 0.001364551530950927 -1.8749284929949619e-05 7.1440596224914485e-05 0.0015586348636989419 -5.7337697348471885e-05 -0.00010721855719682217
leaf_weight=80 70 123 107 86 138 1307 68 69 55 91 94 9026 350 88 1681 173 61 73 269 52 164 60 121 65 50 1523 98 99 416 1717
leaf_count=80 70 123 107 86 138 1307 68 69 55 91 94 9026 350 88 1681 173 61 73 269 52 164 60 121 65 50 1523 98 99 416 1717
internal_value=-0.00166884 0.0015373 0.0008965 0.00861141 0.0241111 -0.000284035 -0.00363425 0.00351528 0.00085828 0.00820755 0.0123267 -0.00375409 0.00207269 0.0141824 0.000218815 0.00738095 0.0182394 -0.00402838 -0.000349837 0.00586956 0.00357143 0.0105172 -0.000901595 -0.00139759 0.000521658 6.60781e-05 0.00424765 0.00863636 -0.000144034 -0.00413347
internal_weight=18374 6982 6859 910 224 5949 11392 686 4642 370 201 11324 508 158 4272 314 141 10816 3958 321 279 115 3637 3319 1638 1588 318 197 485 10743
internal_count=18374 6982 6859 910 224 5949 11392 686 4642 370 201 11324 508 158 4272 314 141 10816 3958 321 279 115 3637 3319 1638 1588 318 197 485 10743
is_linear=0
shrinkage=0.05


Tree=9
num_leaves=31
num_cat=0
split_feature=126 0 12 126 131 62 135 77 33 96 28 120 136 126 15 11 75 133 85 49 19 94 15 2 81 91 141 81 84 133
split_gain=40.846 57.3888 16.646 31.1348 39.5729 13.069 11.2002 9.39468 7.168 9.62779 6.35313 16.3323 11.9096 5.49856 5.2577 5.12964 6.01254 5.68396 11.3191 10.4811 5.58348 4.97852 12.6745 4.68458 3.96693 3.72234 3.37685 3.23985 3.23152 2.75509
threshold=62.500000000000007 0.21365000000000003 0.0539611875 19.500000000000004 129.04709205156436 23.150000000000002 12.040000000000001 273.89562715000005 0.065047800170985673 51.187500000000007 7.0500000000000007 271.21041310000004 1.0500000000000003 47.500000000000007 0.0010062500000000002 0.0029984518125000005 23.250000000000004 79.440000000000012 273.44073635000001 951.75000000000011 0.0037357142857142858 26.500000000000004 0.0038979166666666672 0.0011514315000000002 39.750000000000007 16.150000000000002 39.175000000000004 45.650000000000013 6.950000000000002 88.200000000000003
decision_type=2 2 2 2 2 2 2 2 2 2 2 10 2 2 2 2 2 2 2 2 2 2 2 2 2 2 2 2 2 2
left_child=1 2 8 4 24 -3 28 -6 15 10 11 12 13 -10 26 17 -17 20 19 -19 -1 25 -23 -22 -4 -16 -12 -28 -5 -2
right_child=29 5 3 6 7 -7 -8 -9 9 -11 14 -13 -14 -15 21 16 -18 18 -20 -21 23 22 -24 -25 -26 -27 27 -29 -30 -31
leaf_value=-0.00023687071842278022 -0.00029945573667451383 0.0063838089183377526 -0.00022951629191029978 0.00072226382193921223 0.0016605013997134906 0.00062094172940248661 -0.00010300398835043568 0.00090530132708335894 0.0017831925300112216 0.0032956729946658232 -8.2581139372848306e-05 -0.00034878003418456531 0.00015704420602525063 0.0014778826647559463 0.0027570700848361749 0.00058089181226712199 -0.00028814709779827733 -8.2630564363307769e-05 -0.00035410510689434538 0.0053916238678547819 -7.3695096060918353e-05 0.00087755732838140004 -3.1908220330006085e-05 0.0009591460981845355 0.0028587687670904582 6.3598411194157496e-05 -0.00033627418206864034 0.0010905473018226815 0.010058345871242528 0.001047188495451584
leaf_weight=3270 8789 92 122 55 92 96 729 106 60 54 2622 180 87 51 67 72 63 68 183 86 67 50 80 57 50 873 50 55 50 98
leaf_count=3270 8789 92 122 55 92 96 729 106 60 54 2622 180 87 51 67 72 63 68 183 86 67 50 80 57 50 873 50 55 50 98
internal_value=-0.0017532 0.000528034 -2.58076e-05 0.00545643 0.0175067 0.0278042 8.98192e-05 0.0326884 -0.000842392 0.000579195 0.000304118 0.00647757 0.0163568 0.0271429 -0.000310691 -0.0023985 0.00713235 -0.00274652 0.00343195 0.0133871 -0.0033623 0.00265639 0.0117939 0.007 -2.89029e-05 0.00137619 -0.00147727 0.00726415 0.015283 -0.0041888
internal_weight=18374 9487 9299 1204 370 188 834 198 8095 4229 4175 378 198 111 3797 3866 135 3731 337 154 3394 1070 130 124 172 940 2727 105 105 8887
internal_count=18374 9487 9299 1204 370 188 834 198 8095 4229 4175 378 198 111 3797 3866 135 3731 337 154 3394 1070 130 124 172 940 2727 105 105 8887
is_linear=0
shrinkage=0.05


Tree=10
num_leaves=31
num_cat=0
split_feature=103 3 93 3 126 136 49 133 74 99 126 133 138 141 62 101 0 85 137 2 133 19 133 30 81 137 9 11 119 142
split_gain=41.9011 44.6465 27.1349 13.2732 17.5733 18.383 11.4738 11.0638 14.1379 10.5751 7.31544 12.4126 15.4525 7.97953 13.6719 6.9485 6.83582 5.54149 4.59955 4.19802 4.19399 4.78067 3.92914 3.87271 3.6044 3.36577 3.3644 2.93792 2.85101 2.82232
threshold=1733.6000000000004 0.27696702250000005 271.40044605000008 0.094158592000000013 20.500000000000004 0.6100000000000001 978.25000000000011 88.200000000000003 20.250000000000004 -1.1999999999999884 46.500000000000007 80.210000000000022 13.125000000000002 38.660000000000004 14.150000000000002 1.5488383999999942 0.41135000000000005 273.01139925000001 18.300000000000004 0.00064742850000000008 4.2550000000000008 -0.0012528571428571424 59.215000000000011 -3.6285714285714268 38.95000000000001 0.81000000000000016 1.9519444444444447 0.0027782673263888895 17.650000000000002 127.74809539787391
decision_type=2 2 2 2 2 2 2 2 2 2 2 2 2 2 2 2 2 2 2 2 2 2 2 2 2 2 2 2 10 2
left_child=1 3 17 9 5 26 -7 16 -9 10 13 12 23 19 -15 -14 18 -3 -2 28 21 -11 -21 -12 -22 -19 -5 -8 -1 -30
right_child=7 2 -4 4 -6 6 27 8 -10 20 11 -13 15 14 -16 -17 -18 25 -20 22 24 -23 -24 -25 -26 -27 -28 -29 29 -31
leaf_value=-0.0001220201916136133 -0.00027738415414027795 -0.0003724901502166075 0.0061956900634076439 0.00013950418867398769 -6.6906379350696151e-06 0.001157891506106615 0.00016164895031379209 -0.00049394687164642484 0.0078959369369467573 0.00033313602974902718 0.00087888047068190455 0.0083630696648921456 0.00054659018812837367 0.0032678716680889217 -0.0001822863220288549 0.0010416571731646825 0.00042522664974831593 0.0005494177402164043 0.00030213001660145004 0.00083956973937354446 -0.00025160476380343521 -0.00023805133934884934 -1.7821685578482335e-05 -0.00020457916856638083 6.2405124038040049e-05 0.0020158778538950459 -9.512584463205483e-05 0.0019316126275124624 2.1166456931933046e-06 0.00056173853228097678
leaf_weight=1665 10397 51 98 211 615 90 50 57 50 51 54 57 52 92 118 51 62 50 61 100 2595 75 121 364 602 65 73 60 245 84
leaf_count=1665 10397 51 98 211 615 90 50 57 50 51 54 57 52 92 118 51 62 50 61 100 2595 75 121 364 602 65 73 60 245 84
internal_value=-0.00175111 0.00105982 0.0212264 0.000339347 0.00540909 0.0125258 0.0241045 -0.00378529 0.0121296 -0.000541332 0.00160786 0.00665803 0.0041954 0.000399834 0.00969194 0.0214423 -0.00394877 0.00877245 -0.00404771 -0.000482853 -0.00248496 0.00641732 0.00603603 -8.35334e-05 -0.00283928 0.0148276 0.00429824 0.013018 -0.00121053 0.0030303
internal_weight=18316 7689 264 7425 1099 484 200 10627 107 6326 3003 578 521 2425 210 103 10520 166 10458 2215 3323 126 221 418 3197 115 284 110 1994 329
internal_count=18316 7689 264 7425 1099 484 200 10627 107 6326 3003 578 521 2425 210 103 10520 166 10458 2215 3323 126 221 418 3197 115 284 110 1994 329
is_linear=0
shrinkage=0.05


Tree=11
num_leaves=31
num_cat=0
split_feature=126 18 126 2 100 1 133 118 21 66 88 28 104 2 133 66 137 88 18 19 29 80 133 133 139 101 114 74 23 83
split_gain=35.9666 52.4662 16.346 10.5474 13.823 16.8324 11.4334 20.0219 10.7255 7.17438 7.70525 11.5947 11.0648 6.23615 5.4396 5.20064 6.22763 4.98688 4.65798 5.20018 6.39612 4.61058 3.76558 3.46767 4.9273 3.89022 3.40373 2.72561 2.69721 6.64579
threshold=62.500000000000007 0.063537500000000011 19.500000000000004 0.00097368600000000008 5.4500000000000464 0.13423565300000004 80.210000000000022 14.450000000000001 0.46527777777777785 25.025000000000002 31.837500000000006 7.0500000000000007 0.35000000000000009 0.00049126100000000011 8.4250000000000025 21.275000000000002 0.38500000000000006 41.987500000000004 0.014268750000000002 -0.003815714285714283 45.250000000000007 18.787500000000005 88.200000000000003 55.255000000000003 33.79062862825171 -1.3566121999999721 32.850000000000001 16.078571428571433 17.174305555555559 16.750000000000004
decision_type=2 2 2 2 2 2 2 10 2 2 2 2 2 2 2 2 2 2 2 2 2 2 2 2 2 2 2 2 2 2
left_child=1 3 -3 6 14 -6 9 8 -8 10 18 12 -12 -4 26 16 -16 -9 -1 -20 -21 23 28 24 27 -26 -5 -13 29 -2
right_child=22 2 13 4 5 -7 7 17 -10 -11 11 21 -14 -15 15 -17 -18 -19 19 20 -22 -23 -24 -25 25 -27 -28 -29 -30 -31
leaf_value=-0.00029702602123126386 -0.00018018448564524831 0.0058777640108546823 0.00022924243342607246 0.00051333676106110604 5.6598263396756245e-05 0.0013379224631635328 0.00784534998018027 -0.00020080258455973496 0.0001142215288415204 -0.00021594650953609781 9.485623980460536e-05 2.3714782814381036e-06 0.0011685971102593392 0.00080227850444441616 -3.1998137972739232e-05 -6.4582874697191982e-05 0.0011654912035117665 0.0063738005423624282 -0.00013219656770773001 9.1703115949396581e-06 0.00061736532819156175 -3.6996355024528787e-05 0.00076349649057045807 -0.0001152447146709681 0.00035117206309572083 0.0012119183679985982 0.00010250255178214964 0.00051526944609255466 -0.00027447293613402181 9.0991354444590821e-05
leaf_weight=1464 261 100 141 56 146 78 100 382 55 3179 102 299 102 70 188 673 178 58 137 100 64 1267 90 217 63 124 60 75 8425 62
leaf_count=1464 261 100 141 56 146 78 100 382 55 3179 102 299 102 70 188 673 178 58 137 100 64 1267 90 217 63 124 60 75 8425 62
internal_value=-0.00182208 0.000317015 0.0204808 -0.000368675 0.00365942 0.015 -0.00108294 0.00557047 0.0209615 -0.0016347 -0.000227897 0.00171111 0.0130488 0.0124528 0.00144464 0.00028846 0.00508174 0.00010204 -0.00270102 0.00294702 0.00893939 0.000571846 -0.00411642 0.00360077 0.00567616 0.0122872 0.0116667 0.00233333 -0.00422163 0.000246912
internal_weight=18316 9478 311 9167 1379 224 7788 595 155 7193 4014 2249 204 211 1155 1039 366 440 1765 301 164 2045 8838 778 561 187 116 374 8748 323
internal_count=18316 9478 311 9167 1379 224 7788 595 155 7193 4014 2249 204 211 1155 1039 366 440 1765 301 164 2045 8838 778 561 187 116 374 8748 323
is_linear=0
shrinkage=0.05


Tree=12
num_leaves=31
num_cat=0
split_feature=126 18 93 133 61 2 100 141 49 33 28 28 126 108 1 93 135 4 116 133 138 138 77 4 4 74 140 74 133 94
split_gain=32.4509 45.4735 15.6432 9.49008 17.073 8.81198 11.296 13.2712 7.08132 5.74011 7.58913 6.12262 15.2921 5.39916 4.95792 7.00281 6.1229 5.39789 4.63157 4.61599 4.57934 4.96123 4.06387 4.61898 4.42046 3.78883 4.14727 3.57253 3.55681 5.73901
threshold=62.500000000000007 0.063537500000000011 271.40044605000008 88.200000000000003 842.70000000000016 0.00097368600000000008 5.4500000000000464 36.805000000000007 961.45000000000016 0.074845157025704864 44.750000000000007 7.0500000000000007 46.500000000000007 282.57805700000006 0.036738039000000007 271.02330865000005 29.645000000000003 0.0060991955000000006 272.42886905000006 8.4250000000000025 3.9200000000000004 2.9800000000000004 276.68269745000003 8.5200000000000025e-05 0.017274860500000006 23.778571428571436 51.245000000000012 14.264285714285718 80.210000000000022 6.5000000000000009
decision_type=2 2 2 2 2 2 2 2 2 2 2 2 2 2 2 2 2 2 2 2 2 2 2 2 2 2 2 2 2 2
left_child=1 3 8 5 -5 9 19 -8 -3 14 11 12 13 -11 28 -16 -17 -18 -10 -7 21 -13 -23 -24 -25 26 -21 -19 -1 -30
right_child=-2 2 -4 4 -6 6 7 -9 18 10 -12 20 -14 -15 15 16 17 27 -20 25 -22 22 23 24 -26 -27 -28 -29 29 -31
leaf_value=-0.00025359351173449585 -0.00025724118986445035 0.00045265737334273718 0.0058081337288779407 -0.00031780522228598324 0.0089463923756467247 0.00022820894142054279 8.5767004411374363e-05 0.0010561441734176006 -7.20938274787422e-05 -0.00029819854096518092 0.0011211358845542245 -9.5679386549032708e-05 0.0012535097766229737 0.0014879172479431671 -0.00019552338357995962 -1.3488308114944017e-05 0.00095590130959267343 -2.2264697331752182e-05 0.0012597035925294309 0.0012153785624017593 -0.00011536612029756075 -4.6674048532620184e-05 0.00015808223713230141 0.0019107630640454736 0.00066623582803749582 -6.1353730962332391e-05 -7.8481288445804146e-07 0.00012185739846675404 0.0013014617863326917 -0.00029739939370732738
leaf_weight=2808 8838 53 76 55 50 116 134 90 58 206 55 303 87 90 320 143 51 54 124 139 2849 128 144 105 54 656 244 54 69 163
leaf_count=2808 8838 53 76 55 50 116 134 90 58 206 55 303 87 90 320 143 51 54 124 139 2849 128 144 105 54 656 244 54 69 163
internal_value=-0.00192581 0.000106023 0.0188782 -0.000532287 0.0143396 -0.000706721 0.00297101 0.0132222 0.0123729 -0.00136778 -6.21593e-05 -0.000321403 0.00567708 0.000218854 -0.00279962 0.00126003 0.00671617 0.0134375 0.0075683 0.000968857 -0.000965403 0.00255102 0.00599537 0.00914474 0.015 -8.65397e-05 0.00385417 0.0069266 -0.00363203 0.00229614
internal_weight=18316 9478 311 9167 105 9062 1379 224 235 7683 4021 3966 383 296 3662 622 302 159 182 1155 3583 734 431 303 159 1039 383 108 3040 232
internal_count=18316 9478 311 9167 105 9062 1379 224 235 7683 4021 3966 383 296 3662 622 302 159 182 1155 3583 734 431 303 159 1039 383 108 3040 232
is_linear=0
shrinkage=0.05


Tree=13
num_leaves=31
num_cat=0
split_feature=126 0 126 133 126 75 74 3 81 1 29 104 140 17 18 15 2 75 43 77 36 116 126 133 18 43 110 96 16 139
split_gain=28.0564 36.8587 15.814 10.9426 20.3315 7.6195 7.16666 10.1629 8.30614 17.992 7.54045 11.7805 5.82803 7.44826 5.26537 4.78577 5.91312 4.63808 3.78824 4.18434 6.45412 3.35624 4.65048 2.97222 4.41451 3.50519 2.67846 2.42955 4.18828 3.5878
threshold=64.500000000000014 0.21365000000000003 19.500000000000004 88.200000000000003 35.500000000000007 18.650000000000002 25.492857142857151 0.27696702250000005 33.050000000000004 0.14340941100000001 27.300000000000001 0.35000000000000009 32.065000000000005 0.0025000000000000001 0.039175000000000008 0.0010927083333333336 0.010714564500000001 11.850000000000003 0.36750000000000005 275.42549255000006 267.39600370000005 275.78566570000004 42.500000000000007 85.89500000000001 0.0050791666666666676 0.49350000000000005 14.050000000000002 42.962500000000006 3.5800000000000005 77.702363196479894
decision_type=2 2 2 2 2 2 2 2 2 2 2 2 2 2 2 2 2 2 2 2 2 2 2 2 2 2 2 2 2 2
left_child=1 3 -3 6 -5 -4 7 8 9 21 11 26 -13 17 -11 -8 27 -14 -12 20 -20 22 -1 25 -25 -2 -10 29 -29 -17
right_child=23 2 5 4 -6 -7 15 -9 10 14 18 12 13 -15 -16 16 -18 -19 19 -21 -22 -23 -24 24 -26 -27 -28 28 -30 -31
leaf_value=0.00052247536174234355 -0.00024767273023805752 0.0056633150545601632 0.00014701911590683586 -0.00030191496117168404 0.0084990727568643887 0.00080112298764658033 -0.00017007264696311346 0.00110772863971589 0.0011395997978660437 0.00093380117720128462 -1.3159951912278068e-05 0.00053873146507088618 0.0010919438983577167 0.0065830075785240083 0.0001858095794554399 -0.0002213467038775674 0.00024039630365919954 0.00028255549572911318 0.002486955008875759 -2.4756278139693631e-05 0.00010533972275233502 -0.00020069833264251813 -0.00018560898075736627 -0.00026694664846672775 0.00057471945879636647 9.835160068980502e-05 -0.00018277271322248025 0.00061552916106704563 -9.6677222544631435e-06 0.00041837306417562682
leaf_weight=79 8168 66 86 59 50 60 3467 79 114 74 1832 59 69 62 59 516 51 51 112 176 114 1705 196 213 95 50 193 51 105 305
leaf_count=79 8168 66 86 59 50 60 3467 79 114 74 1832 59 69 62 59 516 51 51 112 176 114 1705 196 213 95 50 193 51 105 305
internal_value=-0.00204591 -0.00021908 0.0203521 -0.000677003 0.015 0.0109864 -0.000859558 0.000447235 0.00015727 -0.00220435 0.00195293 0.00720401 0.0154545 0.0198634 0.0155224 -0.0023065 0.00068513 0.0123554 0.000659954 0.00504963 0.00953744 -0.00340485 0.0017029 -0.00414272 0.000663429 -0.00432352 0.000681817 -0.00018405 0.00550955 -0.00127737
internal_weight=18316 9790 212 9578 109 146 9469 4974 4895 2113 2782 548 241 182 133 4495 1028 120 2234 402 226 1980 275 8526 308 8218 307 977 156 821
internal_count=18316 9790 212 9578 109 146 9469 4974 4895 2113 2782 548 241 182 133 4495 1028 120 2234 402 226 1980 275 8526 308 8218 307 977 156 821
is_linear=0
shrinkage=0.05


Tree=14
num_leaves=31
num_cat=0
split_feature=103 3 93 133 50 9 81 45 0 137 137 99 27 83 77 110 137 155 116 81 6 103 19 138 133 133 103 75 141 16
split_gain=28.2088 32.1281 28.4357 9.46927 17.3667 7.23644 6.8594 6.60507 9.30663 5.41285 5.25154 4.8006 5.47994 10.7461 4.68119 4.44192 4.26672 8.1985 3.16682 3.89161 8.2701 4.90273 5.72379 6.25793 3.15515 2.64231 3.40196 2.58882 2.82963 2.52407
threshold=2021.0000000000002 0.27696702250000005 271.47877495000006 88.200000000000003 1015.5500000000001 0.33256944444444447 40.850000000000001 66.500000000000014 0.093650000000000025 18.300000000000004 1.2600000000000002 0.30000000000001142 1236.5500000000002 20.950000000000003 273.81465630000008 14.050000000000002 1.0000000180025095e-35 0.49600000000000011 272.33156210000004 43.550000000000004 0.0027722222222222224 1016.6 -0.00025142857142857134 4.955000000000001 67.000000000000014 85.89500000000001 2299.6000000000008 8.8500000000000032 38.660000000000004 1.7500000000000002
decision_type=2 2 2 2 2 2 2 2 2 2 2 2 2 2 2 2 2 2 2 2 2 2 2 2 2 2 2 2 2 2
left_child=1 3 6 5 -5 11 -3 8 10 25 -7 12 13 -1 -10 -12 17 -9 24 -20 -21 -22 -23 -24 -18 -2 -27 28 -14 -26
right_child=9 2 -4 4 -6 7 -8 16 14 -11 15 -13 27 -15 -16 -17 18 -19 19 20 21 22 23 -25 29 26 -28 -29 -30 -31
leaf_value=5.3163538190839231e-06 -0.00023315601845867555 -7.5840091900146895e-05 0.0050306572445964898 0.008074119119021169 -0.00028681921311309982 -3.7556069226399784e-05 0.0012102915316056966 -0.00011376529628158216 0.0021013376052513486 0.00032442812671321081 4.545112276248212e-06 -0.00025359334398743536 5.4536430728764329e-05 0.00094482872519828552 0.00070727012346319992 0.00031776210205625225 -0.00021767608124225414 0.0041852387877500804 -2.1837714419925634e-05 0.0016474565790254821 0.0064756955428100921 -2.4824347623187239e-05 0.00064482874886002961 -9.337179368976678e-06 0.0012921858001407323 0.00080686658911438818 -0.00022969364932180883 -0.00012669557790024447 0.002010632082286357 -2.4561735240329601e-05
leaf_weight=165 8710 116 95 50 57 274 102 80 50 53 66 2055 226 57 51 62 878 50 1348 52 52 679 53 54 66 69 256 2260 54 176
leaf_count=165 8710 116 95 50 57 274 102 80 50 53 66 2055 226 57 51 62 878 50 1348 52 52 679 53 54 66 69 256 2260 54 176
internal_value=-0.00212508 -0.00017716 0.0155414 -0.000731271 0.0139815 -0.000912137 0.00550228 0.000661321 0.0060119 -0.00410221 0.00256824 -0.00221669 -0.000852336 0.00665919 0.0195098 0.0108915 -0.000110348 0.00874046 -0.000456982 0.000627511 0.00319304 0.00197259 0.000972045 0.0116667 -0.00262712 -0.00419655 0.000214723 -0.00151318 0.00300712 0.00240741
internal_weight=18316 9228 313 8915 107 8808 218 3991 503 9088 402 4817 2762 222 101 128 3488 130 3358 2238 890 838 786 107 1120 9035 325 2540 280 242
internal_count=18316 9228 313 8915 107 8808 218 3991 503 9088 402 4817 2762 222 101 128 3488 130 3358 2238 890 838 786 107 1120 9035 325 2540 280 242
is_linear=0
shrinkage=0.05


Tree=15
num_leaves=31
num_cat=0
split_feature=103 1 93 18 91 4 137 99 28 141 62 28 2 69 2 45 81 94 3 138 15 92 82 103 103 114 103 43 16 133
split_gain=25.3892 22.4867 17.7231 7.7377 6.64151 12.1473 4.78661 4.44086 6.26583 4.78876 4.21719 4.04643 4.41545 4.73008 11.078 6.70333 4.37333 3.89852 3.57845 3.67989 6.73334 5.02038 6.66586 8.47648 3.47169 3.21606 3.18121 3.11839 2.89179 2.75238
threshold=1982.0500000000004 0.32127834050000009 270.88586305000007 0.002954166666666667 14.550000000000002 0.00014904350000000005 18.300000000000004 -1.2499999999999998 7.0500000000000007 33.920000000000009 32.150000000000013 44.050000000000004 0.0011514315000000002 282.11886605000007 0.0049793635000000011 97.500000000000014 45.750000000000007 17.500000000000004 0.27696702250000005 3.8450000000000002 0.0010302083333333335 6.6500000000000021 29.012000000000004 987.25000000000011 724.25000000000034 32.750000000000007 1085.7 0.38250000000000006 6.4500000000000002 84.075000000000017
decision_type=2 2 2 2 2 2 2 2 2 2 2 2 2 2 2 2 2 2 2 2 2 2 2 2 2 2 2 2 2 2
left_child=1 3 17 7 5 -5 29 8 9 -1 -11 12 18 14 15 -14 26 -3 19 20 -6 -22 23 -23 -10 -9 -13 -27 -15 -2
right_child=6 2 -4 4 11 -7 -8 25 24 10 -12 16 13 28 -16 -17 -18 -19 -20 -21 21 22 -24 -25 -26 27 -28 -29 -30 -31
leaf_value=-3.6975273836601158e-05 -0.00022036989550614988 -5.9656922224288485e-05 0.0051919637343793689 0.0075323573978198083 -5.9539177962852517e-05 -0.00022877282657393305 0.00035769849543468936 -0.00024091367678806357 0.0006406095385188661 0.00073774771995007088 0.00088023776778774177 0.000458397943352663 0.0017991135758892427 -7.0364062134077945e-05 -3.7484531493818632e-06 0.00066890547981832409 0.0011403565301863537 0.00093013276870915196 0.0008794972152946336 -5.3737303976926439e-05 -0.00024351616589486283 0.0016432385848104362 0.00014497445433866006 0.0026242963906910983 -0.00014742646049533903 -0.00013612209689973877 -0.00011503562256531308 0.0029070672564495419 0.0019696017292038723 -1.4663853635538033e-05
leaf_weight=159 8816 53 58 54 462 58 59 2125 96 120 60 50 65 265 277 149 82 54 81 2617 123 71 107 50 1424 179 93 64 51 414
leaf_count=159 8816 53 58 54 462 58 59 2125 96 120 60 50 65 265 277 149 82 54 81 2617 123 71 107 50 1424 179 93 64 51 414
internal_value=-0.00222637 -0.000340408 0.0178916 -0.00068164 0.000723796 0.0126991 -0.00406243 -0.00223037 -0.000397851 0.00573529 0.0112983 0.000424735 8.21938e-05 0.00341584 0.00648374 0.015 0.0069469 0.00564815 -0.000683372 -0.000931217 0.00200246 0.00721591 0.0115939 0.0195902 -0.00177186 -0.00366611 0.00159722 0.00176229 -0.0013407 -0.00415394
internal_weight=18336 9047 165 8882 4655 112 9289 4227 1859 339 180 4543 4318 807 491 214 225 107 3511 3430 813 351 228 121 1520 2368 143 243 316 9230
internal_count=18336 9047 165 8882 4655 112 9289 4227 1859 339 180 4543 4318 807 491 214 225 107 3511 3430 813 351 228 121 1520 2368 143 243 316 9230
is_linear=0
shrinkage=0.05


Tree=16
num_leaves=31
num_cat=0
split_feature=103 3 93 133 49 81 0 0 75 24 84 19 84 43 138 22 33 29 24 15 124 43 128 135 36 111 81 30 108 133
split_gain=24.1869 26.0246 17.4881 9.46053 14.3054 8.43482 6.62676 6.44999 5.96213 6.79193 5.14786 4.93139 11.2541 7.19824 5.97193 3.92442 4.13462 8.21628 3.23492 6.35983 3.22886 2.85319 6.02454 2.62346 3.21947 2.61064 2.54419 2.47357 2.48926 2.40031
threshold=1660.9500000000003 0.27696702250000005 271.40044605000008 88.200000000000003 981.05000000000007 38.95000000000001 0.41135000000000005 0.025450000000000004 18.350000000000005 53.20000000000001 17.150000000000006 -0.0004528571428571426 8.5500000000000025 0.35350000000000004 4.3900000000000015 10.500000000000002 -0.88582018367123794 51.350000000000009 59.050000000000004 0.00090416666666666673 0.78656609248549303 0.47950000000000004 10.685835378292937 23.925000000000001 271.68802475000001 5.5500000000000007 40.850000000000001 -1.7542857142857142 278.77861705000004 80.210000000000022
decision_type=2 2 2 2 2 2 2 2 2 2 2 2 2 2 2 2 2 2 2 2 2 2 2 2 2 2 2 2 2 2
left_child=1 5 26 6 -5 7 21 10 9 11 -1 12 13 -7 -15 16 17 -9 -10 -20 -12 29 -23 25 -25 -13 -3 -16 -29 -2
right_child=3 2 -4 4 -6 8 -8 15 18 -11 20 23 -14 14 27 -17 -18 -19 19 -21 -22 22 -24 24 -26 -27 -28 28 -30 -31
leaf_value=-0.00021433330704288879 -0.00020819294214870218 -7.2105125309526293e-05 0.0045486810100920537 0.0054567053477187497 -0.00052073013369527985 -3.562410156854191e-05 0.00029760745859885092 -1.5252244719584482e-07 -0.00016557136495630611 -1.4289480858156214e-05 -4.2272042441964485e-05 0.00068913203872322034 0.0038183938880889945 0.0053793323732665909 -0.00010394985132834294 0.0015593203505591326 -3.7135618233385082e-05 0.0010313440438166725 -3.8685881840491539e-05 0.00048619079007833767 0.0010192296468805233 -0.00022340662612334346 0.000134342612240887 0.00055409691292229561 8.7421643812283787e-05 -0.00017822382039415263 0.0017045252696225985 0.001389659549498897 0.0010419536508197347 -6.8735619669110578e-05
leaf_weight=3035 9887 75 90 50 66 187 58 195 810 792 211 51 97 51 56 75 471 80 165 83 115 199 73 113 200 243 72 50 51 635
leaf_count=3035 9887 75 90 50 66 187 58 195 810 792 211 51 97 51 56 75 471 80 165 83 115 199 73 113 200 243 72 50 51 635
internal_value=-0.00226182 -4.54619e-05 0.0162185 -0.00375012 0.0103846 -0.000588896 -0.00390261 -0.00203323 0.00145763 0.00313953 -0.00300417 0.00568182 0.00940162 0.00560606 0.0119856 0.00193431 0.000823292 0.0056884 -0.00154391 0.00343373 0.00295107 -0.00399398 0.00104395 0.00264803 0.00582802 -0.000728815 0.00547297 0.00702532 0.0116667 -0.00412478
internal_weight=18336 7368 237 10968 116 7131 10852 4182 2949 1891 3361 1099 492 395 208 821 746 275 1058 248 326 10794 272 607 313 294 147 157 101 10522
internal_count=18336 7368 237 10968 116 7131 10852 4182 2949 1891 3361 1099 492 395 208 821 746 275 1058 248 326 10794 272 607 313 294 147 157 101 10522
is_linear=0
shrinkage=0.05


Tree=17
num_leaves=31
num_cat=0
split_feature=126 0 86 84 131 74 81 0 83 139 138 104 38 134 137 160 80 136 43 128 88 22 33 84 88 49 15 96 22 137
split_gain=19.5736 20.769 18.7715 5.56829 6.78073 4.90648 7.13741 5.75598 7.02968 5.34959 10.0005 4.85585 4.58804 5.09769 4.28432 3.7761 3.73267 3.35444 3.07469 6.21126 2.29018 3.15016 2.26501 2.21564 3.19436 2.12087 2.15709 2.68537 2.07068 1.92256
threshold=63.500000000000007 0.21365000000000003 2.5000000000000004 20.650000000000006 51.951731884366289 26.135714285714293 43.550000000000004 0.11060000000000002 15.350000000000003 14.353926071274747 4.2950000000000008 0.25000000000000006 0.45000000000000007 5.1750000000000016 0.81000000000000016 0.33979591836734702 19.887500000000006 0.41500000000000004 0.47950000000000004 10.685835378292937 23.737500000000008 51.000000000000007 0.065047800170985673 0.95000000000000029 33.662500000000016 988.55000000000007 0.0010302083333333335 42.962500000000006 6.5000000000000009 1.0000000180025095e-35
decision_type=2 2 2 2 2 2 2 2 2 2 2 2 2 2 2 2 2 2 2 2 2 2 2 2 2 2 2 2 2 2
left_child=1 3 -3 5 11 6 7 12 -9 28 -11 -5 20 -14 -12 -4 -6 -16 29 -20 -1 -22 -7 -23 -25 26 -24 -28 -8 -2
right_child=18 2 15 4 16 22 9 8 -10 10 14 -13 13 -15 17 -17 -18 -19 19 -21 21 23 25 24 -26 -27 27 -29 -30 -31
leaf_value=-0.00023243216879352755 -6.5298838685655047e-05 0.0047282704464400999 0.0009448973854416211 0.0066182763102098467 0.00092518100307276271 -0.00016716497727057425 0.0006430656474144124 0.00067366803832163361 -6.3988349149309983e-06 0.0043153520794663924 -0.00016641448054256208 0.00081084596426799762 0.0043325535433908395 -6.3451946753487266e-05 0.0012449630176079075 -4.3453995088827966e-05 -8.8441753986243411e-05 0.00018288943190900497 -0.00021276229501391029 0.00012775245352232529 -9.401768483777574e-05 -2.0178853936059135e-05 -0.00010685982864878903 0.00052232784500572777 8.7577303216644303e-05 8.3988696623624016e-05 -4.6332982950461778e-05 0.00045911487018008971 -3.039129914738672e-05 -0.00020292696240660626
leaf_weight=776 424 51 81 61 51 2380 97 95 216 81 147 57 50 87 89 57 357 155 182 71 2300 256 1122 69 88 50 279 86 514 8007
leaf_count=776 424 51 81 61 51 2380 97 95 216 81 147 57 50 87 89 57 357 155 182 71 2300 256 1122 69 88 50 279 86 514 8007
internal_value=-0.00238998 -0.000839637 0.0155263 -0.00116864 0.00382353 -0.00146342 -0.000427207 -0.00141696 0.00509615 0.00316421 0.00715645 0.0143277 -0.00197822 0.00695652 0.00380102 0.00579137 0.00074572 0.00785714 -0.00411226 0.00129921 -0.00233238 -0.00164333 -0.00278969 0.00236715 0.00702532 -0.00128739 -0.00163307 0.00169399 6.53583e-05 -0.00427538
internal_weight=18336 9652 189 9463 526 8937 5020 3937 311 1083 472 118 3626 137 391 138 408 244 8684 253 3489 2713 3917 413 157 1537 1487 365 611 8431
internal_count=18336 9652 189 9463 526 8937 5020 3937 311 1083 472 118 3626 137 391 138 408 244 8684 253 3489 2713 3917 413 157 1537 1487 365 611 8431
is_linear=0
shrinkage=0.05


Tree=18
num_leaves=31
num_cat=0
split_feature=103 0 33 133 49 6 120 23 122 137 103 81 119 131 28 103 142 132 3 43 128 0 133 81 85 138 137 138 56 49
split_gain=20.2514 18.8605 17.3085 7.5178 11.1447 5.95247 4.35137 7.2038 4.40966 4.1329 3.83346 3.17569 3.17382 5.66719 3.80165 10.778 10.3922 4.85666 4.34636 3.02201 5.361 2.94386 2.59118 2.26945 5.24911 4.8269 2.69615 2.67928 2.50464 2.27239
threshold=1704.3500000000004 0.21365000000000003 -0.14293707044309548 88.200000000000003 981.85000000000002 0.0027090277777777785 271.89275465000009 17.857638888888889 4.5000000000000009 18.300000000000004 724.25000000000034 55.050000000000004 2.8500000000000001 55.281218774159086 38.20000000000001 1085.7 581.31139197053017 3.5000000000000004 0.0310506545 0.47950000000000004 10.685835378292937 0.41135000000000005 37.800000000000004 43.550000000000004 277.22296395000006 3.9200000000000004 0.26500000000000007 7.705000000000001 -3.1021352499999746 980.05000000000007
decision_type=2 2 2 2 2 2 10 2 2 2 2 2 10 2 2 2 2 2 2 2 2 2 2 2 2 2 2 2 2 2
left_child=1 5 -3 9 -5 6 7 8 -1 19 22 -12 13 -7 23 16 17 -16 -17 21 -21 -2 -9 27 26 28 -25 -14 -26 -29
right_child=3 2 -4 4 -6 12 -8 10 -10 -11 11 -13 14 -15 15 18 -18 -19 -20 20 -22 -23 -24 24 25 -27 -28 29 -30 -31
leaf_value=0.00061412787044299092 -0.00018668858499254178 0.0044885227885060512 0.00053101604521720079 0.0051660085279049313 -0.00048454727889018557 0.0032458589911942312 -0.00023624078209592662 -4.6826250674746906e-05 0.00039393445299700392 0.00033336306042239033 -0.00013428568585201043 0.00054757971598478705 -9.9310971872006181e-05 -0.00014312921885577389 -8.9187186618686794e-06 0.00071515657659231111 0.001409232078953806 0.00029822497509794654 -5.0973098275546177e-05 -0.00019974530189068431 0.00012130134489946768 0.00027716774972475421 0.0013783490598217002 0.00061716740177824713 0.00019571998573068372 2.1803879754777011e-05 -5.3934500581405282e-05 0.00037433314117778617 0.0054588052461194709 -1.4379738692504364e-05
leaf_weight=64 10249 52 88 50 64 57 1697 74 161 66 2041 77 1235 56 73 50 50 70 426 190 72 57 71 52 50 128 562 217 53 184
leaf_count=64 10249 52 88 50 64 57 1697 74 161 66 2041 77 1235 56 73 50 50 70 426 190 72 57 71 52 50 128 562 217 53 184
internal_value=-0.00239816 -0.000419688 0.017695 -0.00379431 0.00891304 -0.000763191 -0.00201147 -0.00067698 0.00783186 -0.00393183 -0.00152827 -0.00206937 0.000836396 0.00903509 0.000537923 0.0038806 0.0138144 0.00680555 -0.000157234 -0.00401031 0.00127376 -0.00414524 0.00630137 -0.000362612 0.00173759 0.00814655 -0.000674798 -0.00145083 0.0161538 0.00208955
internal_weight=18336 7588 140 10748 114 7448 4185 2488 225 10634 2263 2118 3263 113 3150 669 193 143 476 10568 262 10306 145 2481 845 231 614 1636 103 401
internal_count=18336 7588 140 10748 114 7448 4185 2488 225 10634 2263 2118 3263 113 3150 669 193 143 476 10568 262 10306 145 2481 845 231 614 1636 103 401
is_linear=0
shrinkage=0.05


Tree=19
num_leaves=31
num_cat=0
split_feature=103 0 61 133 137 18 99 73 126 12 66 103 100 114 43 133 81 59 29 90 93 133 104 23 135 107 43 24 103 111
split_gain=17.9033 14.9919 17.9488 6.86168 4.22003 3.69499 3.5903 4.92124 3.94568 2.94783 5.6391 2.78047 2.79525 2.77329 2.88221 2.50391 3.67192 7.52702 2.60407 12.5688 2.60305 7.04281 2.31515 2.29204 2.82755 2.26907 1.91895 5.10842 1.84299 1.83706
threshold=1982.0500000000004 0.21365000000000003 163.25000000000003 88.200000000000003 18.300000000000004 0.002954166666666667 -1.2499999999999998 24.050000000000004 47.500000000000007 0.096316070500000003 26.225000000000005 724.25000000000034 -4.3500000000000218 32.750000000000007 0.38250000000000006 13.645000000000001 45.050000000000004 5.8506000000000009 49.600000000000001 22.047959183673473 264.02791635000005 72.720000000000013 0.8500000000000002 17.729861111111116 29.415000000000003 5.6500000000000012 0.47750000000000004 39.000000000000007 1488.1000000000001 15.750000000000002
decision_type=2 2 2 2 2 2 2 2 2 2 2 2 2 2 2 2 2 2 2 2 2 2 2 2 2 2 2 2 2 2
left_child=1 3 -3 5 9 6 7 8 11 26 -11 12 -1 -8 -15 -7 18 -18 20 -20 21 -17 -19 24 -9 -21 -2 -28 -24 -4
right_child=4 2 29 -5 -6 15 13 23 -10 10 -12 -13 -14 14 -16 16 17 22 19 25 -22 -23 28 -25 -26 -27 27 -29 -30 -31
leaf_value=-5.7370106142367222e-05 -0.00018340370516852842 0.0042407576997964469 -4.7148465082421607e-05 0.0061250690234947386 0.00034370141286960078 -3.3812641480510394e-05 -0.00019897756847126781 -0.00017420009281215836 0.0011852336938198123 -0.00011939753517489867 0.00027611185621094649 -4.1346730256582736e-05 0.0012326435599442813 -0.00015158044258260447 0.002753630321530916 -0.00015217207749460734 0.0037188351313355572 -0.00020570281512063187 0.00097510192139753805 0.00034938637800800525 -2.4080352933627398e-05 0.0015991979708204825 0.00057795345898247071 -0.00016919222866016963 0.00046912412294896163 -6.7217936809466539e-05 0.00011201970923494366 -0.00018975804563130957 2.0235151594213081e-06 0.00072850929922128069
leaf_weight=52 8694 59 54 91 59 1717 2125 101 60 235 88 291 79 179 64 92 75 119 69 58 1933 81 64 1185 91 288 52 161 68 52
leaf_count=52 8694 59 54 91 59 1717 2125 101 60 235 88 291 79 179 64 92 75 119 69 58 1933 81 64 1185 91 288 52 161 68 52
internal_value=-0.00249359 -0.000909594 0.0139759 -0.00118823 -0.00403552 -0.00133076 -0.00239593 -0.000747313 0.00359213 -0.00412144 0.000555554 0.00185579 0.00787879 -0.00368721 0.00135246 -0.000342827 0.000565308 0.00555046 -7.93033e-05 0.00353365 -0.00079497 0.00505747 0.00134921 -0.00227141 0.00277202 -0.000360232 -0.00429165 0.000373831 0.00590225 0.00154205
internal_weight=18336 9047 165 8882 9289 8791 4227 1859 482 9230 323 422 131 2368 243 4564 2847 326 2521 415 2106 173 251 1377 192 346 8907 213 132 106
internal_count=18336 9047 165 8882 9289 8791 4227 1859 482 9230 323 422 131 2368 243 4564 2847 326 2521 415 2106 173 251 1377 192 346 8907 213 132 106
is_linear=0
shrinkage=0.05


end of trees

feature_importances:
pct_forest=32
cumul_gust_since_onset=26
last_osi=23
gust_max_next_24h=23
pct_wetland=22
hours_since_obs=19
last_N_t=17
gust_last_obs=14
pct_unmapped=14
storm_onset_mean_osi=12
soil_moist_t=11
min_t2m_next_48h=11
total_tp_next_24h=10
total_tp_next_48h=10
last_P_t=9
last_D_t=9
pop_density=9
tree_canopy_std=9
pre_event_mean_osi=8
osi_trend_last6h=8
gust_max_last6h_obs=8
wind_sin_t=8
sp_t=8
gust_mean_next_6h=8
N_t_max_72h=7
frac_zero_72h=7
gust_peak4h_mean_next_48h=7
t2m_at_t24h=7
t2m_at_t48h=7
osi_mean_72h=6
gust_mean_obs=6
min_t2m_next_6h=6
pressure_change_3h=6
gust_gt30_since_onset=6
log_customers=6
N_t_mean_72h=5
gust_max_obs=5
gust_trend_last6h_obs=5
mslma_t=5
wind_speed_max_next_6h=5
wind_speed_max_next_48h=5
gust_gt30_next_48h=5
pressure_change_6h=5
pct_agriculture=5
pct_water=5
pct_forest_classified=5
tree_canopy_pct=5
tp_rate_next_24h=5
last_R_t=4
pre_event_max_outage_pct=4
hours_since_peak=4
gust_x_hso=4
gust_peak4h_mean_next_6h=4
gust_mean_next_24h=4
wind_speed_max_next_24h=4
min_t2m_next_24h=4
gust_peak4h_mean_next_24h=4
gust_mean_next_48h=4
cumul_tp_since_onset=4
t2m_at_t6h=4
pct_developed=4
forest_x_customers=4
R_t_max_72h=3
gust_gt30_obs=3
gust_x_phase=3
gust_mean_next_1h=3
gust_max_next_48h=3
temp_change_6h=3
wind_speed_at_t6h=3
gust_at_t24h=3
osi_std_72h=2
outage_pct_mean_72h=2
outage_pct_max_72h=2
gust_gt40_obs=2
cumul_gust_obs=2
t2m_t=2
d2m_t=2
r2_t=2
tcc_t=2
dewpoint_c_t=2
gust_exceed30_x_hso=2
wind_speed_max_next_1h=2
total_tp_next_6h=2
t2m_at_t1h=2
gust_at_t6h=2
wind_speed_at_t48h=2
hour_of_day=2
n_utilities=2
last_outage_pct=1
osi_max_72h=1
storm_onset_max_osi=1
gust_t=1
wind_speed_t=1
rain_t=1
blh_t=1
direct_rad_t=1
et0_t=1
soil_moist_x_gust=1
min_t2m_next_1h=1
gust_max_next_6h=1
gust_gt30_next_24h=1
wind_speed_at_t1h=1
wind_speed_at_t24h=1
gust_at_t48h=1
hour_sin=1
hour_cos=1
rural_urban_code=1
tp_rate_next_48h=1

parameters:
[boosting: gbdt]
[objective: quantile]
[metric: rmse]
[tree_learner: serial]
[device_type: cpu]
[data_sample_strategy: bagging]
[data: ]
[valid: ]
[num_iterations: 2000]
[learning_rate: 0.05]
[num_leaves: 31]
[num_threads: 8]
[seed: 42]
[deterministic: 0]
[force_col_wise: 0]
[force_row_wise: 0]
[histogram_pool_size: -1]
[max_depth: -1]
[min_data_in_leaf: 50]
[min_sum_hessian_in_leaf: 0.001]
[bagging_fraction: 0.8]
[pos_bagging_fraction: 1]
[neg_bagging_fraction: 1]
[bagging_freq: 5]
[bagging_seed: 42]
[bagging_by_query: 0]
[feature_fraction: 0.8]
[feature_fraction_bynode: 1]
[feature_fraction_seed: 42]
[extra_trees: 0]
[extra_seed: 12879]
[early_stopping_round: 0]
[early_stopping_min_delta: 0]
[first_metric_only: 0]
[max_delta_step: 0]
[lambda_l1: 0.1]
[lambda_l2: 1]
[linear_lambda: 0]
[min_gain_to_split: 0]
[drop_rate: 0.1]
[max_drop: 50]
[skip_drop: 0.5]
[xgboost_dart_mode: 0]
[uniform_drop: 0]
[drop_seed: 42]
[top_rate: 0.2]
[other_rate: 0.1]
[min_data_per_group: 100]
[max_cat_threshold: 32]
[cat_l2: 10]
[cat_smooth: 10]
[max_cat_to_onehot: 4]
[top_k: 20]
[monotone_constraints: ]
[monotone_constraints_method: basic]
[monotone_penalty: 0]
[feature_contri: ]
[forcedsplits_filename: ]
[refit_decay_rate: 0.9]
[cegb_tradeoff: 1]
[cegb_penalty_split: 0]
[cegb_penalty_feature_lazy: ]
[cegb_penalty_feature_coupled: ]
[path_smooth: 0]
[interaction_constraints: ]
[verbosity: -1]
[saved_feature_importance_type: 0]
[use_quantized_grad: 0]
[num_grad_quant_bins: 4]
[quant_train_renew_leaf: 0]
[stochastic_rounding: 1]
[linear_tree: 0]
[max_bin: 255]
[max_bin_by_feature: ]
[min_data_in_bin: 3]
[bin_construct_sample_cnt: 200000]
[data_random_seed: 42]
[is_enable_sparse: 1]
[enable_bundle: 1]
[use_missing: 1]
[zero_as_missing: 0]
[feature_pre_filter: 1]
[pre_partition: 0]
[two_round: 0]
[header: 0]
[label_column: ]
[weight_column: ]
[group_column: ]
[ignore_column: ]
[categorical_feature: ]
[forcedbins_filename: ]
[precise_float_parser: 0]
[parser_config_file: ]
[objective_seed: 16083]
[num_class: 1]
[is_unbalance: 0]
[scale_pos_weight: 1]
[sigmoid: 1]
[boost_from_average: 1]
[reg_sqrt: 0]
[alpha: 0.9]
[fair_c: 1]
[poisson_max_delta_step: 0.7]
[tweedie_variance_power: 1.5]
[lambdarank_truncation_level: 30]
[lambdarank_norm: 1]
[label_gain: ]
[lambdarank_position_bias_regularization: 0]
[eval_at: ]
[multi_error_top_k: 1]
[auc_mu_weights: ]
[num_machines: 1]
[local_listen_port: 12400]
[time_out: 120]
[machine_list_filename: ]
[machines: ]
[gpu_platform_id: -1]
[gpu_device_id: -1]
[gpu_device_id_list: ]
[gpu_use_dp: 0]
[num_gpu: 1]

end of parameters

pandas_categorical:[]
