tree
version=v4
num_class=1
num_tree_per_iteration=1
label_index=0
max_feature_idx=162
objective=quantile
feature_names=last_osi last_P_t last_N_t last_D_t last_R_t last_outage_pct osi_mean_72h osi_max_72h osi_std_72h outage_pct_mean_72h outage_pct_max_72h N_t_mean_72h N_t_max_72h R_t_mean_72h R_t_max_72h pre_event_mean_osi pre_event_max_outage_pct storm_onset_max_osi storm_onset_mean_osi osi_trend_last6h is_worsening frac_zero_72h hours_since_peak gust_mean_obs gust_max_obs gust_gt30_obs gust_gt40_obs cumul_gust_obs gust_last_obs gust_max_last6h_obs gust_trend_last6h_obs gust_t wind_speed_t wind_sin_t wind_cos_t t2m_t d2m_t tp_t rain_t csnow_t sdwe_t r2_t vpd_t soil_moist_t blh_t tcc_t lcc_t mcc_t hcc_t sp_t mslma_t sdswrf_t direct_rad_t diffuse_rad_t et0_t temp_c_t dewpoint_c_t icing_risk_t gust_exceed_30 soil_moist_x_gust is_snowing gust_x_hso gust_x_phase soil_gust_x_phase gust_exceed30_x_hso gust_max_next_1h gust_mean_next_1h wind_speed_max_next_1h total_tp_next_1h min_t2m_next_1h gust_gt30_next_1h gust_gt40_next_1h gust_peak4h_mean_next_1h gust_max_next_6h gust_mean_next_6h wind_speed_max_next_6h total_tp_next_6h min_t2m_next_6h gust_gt30_next_6h gust_gt40_next_6h gust_peak4h_mean_next_6h gust_max_next_24h gust_mean_next_24h wind_speed_max_next_24h total_tp_next_24h min_t2m_next_24h gust_gt30_next_24h gust_gt40_next_24h gust_peak4h_mean_next_24h gust_max_next_48h gust_mean_next_48h wind_speed_max_next_48h total_tp_next_48h min_t2m_next_48h gust_gt30_next_48h gust_gt40_next_48h gust_peak4h_mean_next_48h gust_change_1h gust_change_3h pressure_change_3h pressure_change_6h temp_change_6h wind_change_1h cumul_gust_since_onset cumul_tp_since_onset gust_gt30_since_onset gust_at_t1h wind_speed_at_t1h t2m_at_t1h tp_at_t1h gust_at_t6h wind_speed_at_t6h t2m_at_t6h tp_at_t6h gust_at_t24h wind_speed_at_t24h t2m_at_t24h tp_at_t24h gust_at_t48h wind_speed_at_t48h t2m_at_t48h tp_at_t48h hour_of_day hour_sin hour_cos days_since_onset hours_since_obs storm_phase log_customers rural_urban_code is_metro pop_density n_utilities pct_forest pct_developed pct_agriculture pct_water pct_wetland pct_unmapped pct_forest_classified tree_canopy_pct tree_canopy_std forest_x_customers window_len_next_1h is_full_next_1h tp_rate_next_1h gust_gt30_frac_next_1h has_weather_at_t1h window_len_next_6h is_full_next_6h tp_rate_next_6h gust_gt30_frac_next_6h has_weather_at_t6h window_len_next_24h is_full_next_24h tp_rate_next_24h gust_gt30_frac_next_24h has_weather_at_t24h window_len_next_48h is_full_next_48h tp_rate_next_48h gust_gt30_frac_next_48h has_weather_at_t48h
feature_infos=[0:0.55230000000000001] [0:0.82424180700000005] [0:0.065400654000000003] [0:0.90465771100000003] [0:0.058582058999999999] [0:82.420000000000002] [4.1666666666666669e-06:0.26529999999999998] [0.0001:0.65049999999999997] [1.9982631347136334e-05:0.22470370552747407] [0.00083333333333333328:39.644861111111112] [0.02:100] [3.1208333333333337e-06:0.018623942125000001] [7.4900000000000005e-05:0.37916412199999999] [3.1208333333333337e-06:0.017093115180555556] [7.4900000000000005e-05:0.18675781699999999] [0:0.38653749999999998] [0:100] [0:0.59799999999999998] [0:0.20940416666666664] [-0.055854285714285697:0.019237142857142855] [0:1] [0:0.95833333333333337] [0:71] [13.03611111111111:31.258333333333326] [29.100000000000001:70] [0:35] [0:17] [938.59999999999991:2250.5999999999995] [3.8999999999999999:47.5] [15.4:64.5] [-6.477142857142856:3.3114285714285714] [0.59999999999999998:58.299999999999997] [0:38] [-0.99999999953664132:0.99999999987412524] [-0.99999999369183823:1] [261.05202270000001:298.4303941] [257.33913039999999:289.74666669999999] [0:11.300000000000001] [0:11.300000000000001] [0:2.52] [0:0.089999999999999997] [15:100] [0:2.5] [0.16700000000000001:0.52300000000000002] [10:3015] [0:100] [0:100] [0:100] [0:100] [884.60000000000002:1027] [986.70000000000005:1031.8] [0:840] [0:731] [0:463] [0:0.59999999999999998] [-12.097977299999968:25.280394100000024] [-15.81086959999999:16.596666700000014] [0:1] [0:28.299999999999997] [0.19259999999999999:23.550000000000001] [0:1] [0.80000000000000004:3819.7999999999997] [0:107.59999999999999] [0:47.100000000000001] [0:1689.7999999999997] [1.2:58.299999999999997] [0.89999999999999991:54.5] [0:38] [0:14.699999999999999] [260.0631818:298.21689659999998] [0:2] [0:2] [0.89999999999999991:54.5] [5.0999999999999996:58.299999999999997] [3.657142857142857:49.328571428571429] [0.40000000000000002:38] [0:26.699999999999999] [259.42265909999998:296.40927479999999] [0:7] [0:7] [4.3500000000000005:52.550000000000004] [12.800000000000001:58.299999999999997] [8.2360000000000007:43.052] [5.7999999999999998:38] [0:34.399999999999999] [259.42265909999998:286.57337899999999] [0:25] [0:19] [12.450000000000001:52.550000000000004] [12.800000000000001:58.299999999999997] [7.8571428571428568:37.897959183673471] [5.7999999999999998:38] [0:37.399999999999999] [259.42265909999998:282.77648069999998] [0:42] [0:22] [12.625:52.550000000000004] [-24.299999999999997:28.199999999999999] [-32:33.399999999999999] [-6.1999999999999318:10.599999999999909] [-10.899999999999977:14.599999999999909] [-20.027499999999975:21.845291299999985] [-15.300000000000001:28.000000000000004] [347.09999999999997:3733.5999999999999] [0:39.20000000000001] [0:61] [0.59999999999999998:58.299999999999997] [0:38] [260.0631818:298.4303941] [0:11.300000000000001] [1.5:58.299999999999997] [0:38] [259.42265909999998:298.4303941] [0:11.300000000000001] [0.90000000000000002:58.299999999999997] [0:38] [259.42265909999998:298.4303941] [0:11.300000000000001] [0.90000000000000002:53.799999999999997] [0:33.799999999999997] [259.42265909999998:296.58327589999999] [0:11.300000000000001] [0:23] [-1:1] [-1:1] [1:4] [1:96] [0:2] [7.1180162044653335:13.453719692845613] [1:9] [0:1] [8.3691524328166658:11939.655837338518] [1:11] [0.96999999999999997:88.719999999999999] [2.21:86.629999999999995] [0.080000000000000002:87.469999999999999] [0.01:5.5099999999999998] [0:16.82] [1.8899999999999999:17.02] [0.98868616858628067:95.299005138296707] [2.2000000000000002:81.680000000000007] [12.65:40.350000000000001] [8.0679963363985543:931.73249595386176] none none [0:7.3499999999999996] [0:1] none none none [0:3.8142857142857141] [0:1] none none none [0:1.3759999999999999] [0:1] none none none [0:0.76326530612244892] [0:0.8571428571428571] none
tree_sizes=2861 2918 2889 2889 2898 2907 2903 2912 2918 2917

Tree=0
num_leaves=31
num_cat=0
split_feature=103 1 140 85 77 21 43 126 0 22 133 108 115 29 139 30 134 83 85 9 16 137 44 139 4 112 137 82 150 15
split_gain=134.24 59.4731 57.468 46.8582 32.7041 25.8849 26.1889 16.6948 14.7766 12.4096 12.2282 22.1698 11.6144 11.4339 8.64596 7.20002 7.08832 6.71632 6.64383 15.4968 5.86038 6.5789 5.75625 6.20627 5.87234 4.94436 4.81954 4.75121 4.6302 4.22123
threshold=1264.7000000000003 0.13643709050000002 71.610000000000014 277.82451485000007 275.50346450000001 0.54861111111111127 0.27650000000000008 18.500000000000004 0.44465000000000005 1.0000000180025095e-35 84.075000000000017 290.32811795000003 12.350000000000003 56.250000000000007 87.389466238151741 0.31428571428571334 8.8550000000000022 21.150000000000002 272.42651330000007 3.3623611111111114 0.19500000000000003 0.96500000000000008 962.50000000000011 80.026774277649977 9.5100000000000021e-05 284.42593280000006 0.19500000000000003 14.866000000000001 0.72142857142857164 0.0003927083333333334
decision_type=2 2 2 2 2 2 2 2 2 2 2 2 2 2 2 2 2 2 2 2 2 2 2 2 2 2 2 2 2 2
left_child=1 2 4 14 12 6 -3 -5 10 -6 18 28 20 -8 -4 -14 -7 22 -2 -20 -1 26 23 29 -25 -16 27 -22 -12 -11
right_child=8 5 3 7 9 16 13 -9 -10 17 11 -13 15 -15 25 -17 -18 -19 19 -21 21 -23 -24 24 -26 -27 -28 -29 -30 -31
leaf_value=0.0060049252719653612 0.0055456628833780997 0.0056901877862401305 0.0068930477886559368 0.0067253735744797986 0.0089746422273092822 0.0059308314695954321 0.0086671173352728115 0.014832867328238741 0.0067523748613893984 0.0057804243871942161 0.0055700672819511965 0.010322783848056717 0.0059421002864837643 0.0087709108598035719 0.0056115764169491471 0.0064810278717335025 0.0057693027687880207 0.0056101186765954731 0.0056979917183735572 0.006236561314218919 0.0067274047061800955 0.0069457598254890843 0.0056436067796312274 0.0062864928506314753 0.0067144221006282031 0.010251157466851613 0.0064431879669427875 0.0060158604284100249 0.0060856269868503456 0.0061687442125771376
leaf_weight=170 7935 51 55 101 74 54 216 195 61 510 299 61 570 66 178 69 89 1187 976 78 51 240 573 69 53 55 204 53 96 325
leaf_count=170 7935 51 55 101 74 54 216 195 61 510 299 61 570 66 178 69 89 1187 976 78 51 240 573 69 53 55 204 53 96 325
internal_value=0.00583557 0.0122874 0.0105887 0.0252613 0.00851753 0.0291188 0.036745 0.0392007 0.00230105 0.0054229 0.00214125 0.0101167 0.0148817 0.0426897 0.0108515 0.0099575 0.0112335 0.00486765 0.00173568 0.00547091 0.0192453 0.0217641 0.00705463 0.00942857 0.0199226 0.00658611 0.0168363 0.0255788 0.00576637 0.0078743
internal_weight=14714 5208 4732 584 4148 476 333 296 9506 2791 9445 456 1357 282 288 639 143 2717 8989 1054 718 548 1530 957 122 233 308 104 395 835
internal_count=14714 5208 4732 584 4148 476 333 296 9506 2791 9445 456 1357 282 288 639 143 2717 8989 1054 718 548 1530 957 122 233 308 104 395 835
is_linear=0
shrinkage=1


Tree=1
num_leaves=31
num_cat=0
split_feature=85 0 133 77 21 90 28 24 29 83 15 160 104 28 160 4 61 50 160 133 85 137 138 28 44 22 83 30 30 4
split_gain=99.9137 71.8245 39.9064 36.7407 35.962 40.9106 19.6788 16.3134 15.5904 9.60567 8.88999 10.8656 16.5431 11.9661 8.07878 7.97927 7.60159 7.55584 7.47298 7.40797 11.3179 11.1564 7.26685 7.07783 6.30685 5.17235 5.30531 4.41326 6.12541 4.30227
threshold=270.8449276500001 0.20185000000000003 80.210000000000022 275.50346450000001 0.47916666666666669 24.242857142857147 44.050000000000004 32.300000000000004 51.350000000000009 14.250000000000002 0.0003927083333333334 0.35612244897959194 0.25000000000000006 44.350000000000009 0.30714285714285722 0.0022618450000000006 250.85000000000005 1025.7500000000002 0.45612244897959192 84.075000000000017 267.36448625000008 1.0000000180025095e-35 3.8850000000000002 28.450000000000003 347.50000000000006 1.5000000000000002 17.550000000000004 -3.6499999999999981 -4.2457142857142847 0.021025441500000002
decision_type=2 2 2 2 2 2 2 2 2 2 2 2 2 2 2 2 2 2 2 2 2 2 2 2 2 2 2 2 2 2
left_child=16 2 3 6 5 -4 7 17 9 22 -5 13 18 25 -3 -8 -1 -2 -13 -18 -21 -22 -9 -7 -14 -12 -27 28 -11 -29
right_child=1 14 4 10 -6 23 15 8 -10 27 11 12 24 -15 -16 -17 19 -19 -20 20 21 -23 -24 -25 -26 26 -28 29 -30 -31
leaf_value=0.0012985275542099651 0.00053870236477682285 0.0032764883993016006 0.00022318851760661396 -0.00015571711934171618 -0.00025811197049684646 0.010292038413687933 0.00044035058795834249 0.00086072255857288843 0.00048704521556058823 -5.776320584118368e-05 0.0002270704817251241 0.0021210324176733999 0.00056089412886649369 0.00045966554283412801 0.00059311988013811563 0.0013201126538118493 -0.00025897889390762429 0.0017384049216697052 0.00059937247222804847 -0.00023447266503353605 0.0024506547589692503 -0.00016219248212649974 0.00034963180982419467 0.0012689155977121066 -9.9046127593405324e-05 0.00016255003225523979 -0.00011976255419214395 -4.4945650806562305e-05 0.00040701877258234737 0.00061801270873879772
leaf_weight=52 72 110 191 2248 180 174 55 90 85 77 63 73 55 55 56 77 7764 50 66 300 65 51 256 87 234 234 1071 687 85 51
leaf_count=52 72 110 191 2248 180 174 55 90 85 77 63 73 55 55 56 77 7764 50 66 300 65 51 256 87 234 234 1071 687 85 51
internal_value=-0.000395176 0.00424726 0.00339006 0.00206244 0.0153002 0.0228146 0.00852459 0.00682943 0.00521021 0.00378107 -0.000436587 0.00212743 0.00910256 2.10662e-05 0.0366168 0.0269549 -0.00405138 0.0242683 0.0232143 -0.0041737 0.00231415 0.0155128 0.0108501 0.0356489 0.00224138 -0.00090212 -0.00158499 0.00104883 0.00849693 -0.000588634
internal_weight=14714 6482 6316 5684 632 452 1585 1453 1331 1246 4099 1851 428 1423 166 132 8232 122 139 8180 416 116 346 261 289 1368 1305 900 162 738
internal_count=14714 6482 6316 5684 632 452 1585 1453 1331 1246 4099 1851 428 1423 166 132 8232 122 139 8180 416 116 346 261 289 1368 1305 900 162 738
is_linear=0
shrinkage=0.05


Tree=2
num_leaves=31
num_cat=0
split_feature=126 0 83 16 92 131 89 24 112 11 135 83 5 23 120 142 19 29 133 35 43 92 137 47 19 88 90 91 105 83
split_gain=93.3838 60.7985 39.2531 21.6153 32.6731 20.7461 19.2017 17.7305 13.0641 11.5827 11.204 11.1902 9.21812 18.3718 8.88992 10.1113 11.0957 12.3731 8.66578 14.3855 8.10099 7.89654 7.21727 6.21513 5.80481 5.4854 5.02566 4.5979 4.32324 3.74364
threshold=40.500000000000007 0.20185000000000003 21.050000000000004 0.19500000000000003 20.050000000000008 71.650750253308317 37.650000000000013 34.250000000000007 273.79691540000005 0.0019584585902777782 3.3450000000000006 8.9500000000000011 8.2900000000000009 29.267361111111118 275.75284410000006 651.48882107058023 -0.00025000000000000006 47.45000000000001 84.075000000000017 290.52015875000001 0.27350000000000008 13.950000000000005 1.0000000180025095e-35 1.5000000000000002 -0.0021257142857142846 38.26250000000001 22.654081632653064 28.750000000000004 13.500000000000002 17.250000000000004
decision_type=2 2 2 2 2 2 2 2 2 2 2 2 2 2 2 2 2 2 2 2 2 2 2 2 2 2 2 2 2 2
left_child=1 2 3 27 6 9 24 -7 -4 -6 23 -12 -10 -14 20 16 17 -16 -2 -20 29 -3 -22 -8 -5 -11 -18 -1 -29 -13
right_child=18 21 8 4 5 7 10 -9 12 25 11 14 13 -15 15 -17 26 -19 19 -21 22 -23 -24 -25 -26 -27 -28 28 -30 -31
leaf_value=-0.00013806877711955036 -0.00024162933699557141 0.0034063742958671049 0.0011203306149859726 0.0003651498980838247 0.0056536456626794102 0.0016696962776653968 0.0010601539250027229 5.6134490138507941e-05 -0.00018788965768264148 0.00048362899753863351 0.00080367295808080443 9.8894682104958202e-05 -1.9213648383389819e-05 0.00047595032105884373 0.00036014242766672369 0.0001629389925988869 0.00042662899713842047 0.00063671320060188375 -0.00010011313209542734 0.0031580424599357256 0.0040966274720544617 0.00051207484943012612 5.4831992499750461e-07 0.0034645634772296624 -0.00017745488749605016 0.012305574898001085 0.0011098046193902152 0.00039814486838609119 0.00021989255050175826 0.0020232677515820701
leaf_weight=741 8147 89 72 93 148 52 50 184 1857 70 66 50 299 64 196 236 84 73 391 57 70 71 671 53 512 57 57 60 94 50
leaf_count=741 8147 89 72 93 148 52 50 184 1857 70 66 50 299 64 196 236 84 73 391 57 70 71 671 53 512 57 57 60 94 50
internal_value=-0.000602448 0.00411765 0.00329698 0.00650491 0.00868554 0.0200977 0.00609637 0.00913502 -0.00183384 0.0294203 0.00888051 0.00780566 -0.00251914 0.00475275 0.00689516 0.011306 0.0160462 0.01 -0.00396347 0.0027951 0.00349169 0.034441 0.00167116 0.0248077 -0.00151815 0.0180469 0.0273944 -0.000245537 0.00758064 0.0167822
internal_weight=14714 6119 5959 3667 2772 511 2261 236 2292 275 1656 1553 2220 363 1487 646 410 269 8595 448 841 160 741 103 605 127 141 895 154 100
internal_count=14714 6119 5959 3667 2772 511 2261 236 2292 275 1656 1553 2220 363 1487 646 410 269 8595 448 841 160 741 103 605 127 141 895 154 100
is_linear=0
shrinkage=0.05


Tree=3
num_leaves=31
num_cat=0
split_feature=103 1 28 140 49 81 4 1 90 22 27 104 77 50 19 29 140 132 46 17 17 13 92 104 105 92 21 50 104 85
split_gain=87.3351 45.2445 28.3297 21.7289 20.5686 17.8648 16.5284 16.2214 14.5049 10.4937 10.0975 9.18511 11.4226 8.70909 8.34449 8.27372 13.0875 7.33353 7.09695 6.955 5.88599 10.0728 5.42992 5.2207 4.39617 4.38216 4.92296 4.23333 4.07982 6.67322
threshold=1207.3000000000002 0.30954854950000005 44.050000000000004 71.610000000000014 973.45000000000016 28.050000000000004 0.0022618450000000006 0.67217406300000015 23.692857142857147 4.5000000000000009 1584.95 0.25000000000000006 287.81460540000006 1009.2500000000001 0.0011342857142857148 24.300000000000001 32.655000000000008 10.500000000000002 4.5000000000000009 0.023850000000000007 0.032250000000000008 0.0010833123541666668 19.350000000000009 0.35000000000000009 12.500000000000002 12.250000000000004 0.35416666666666669 1020.4500000000002 4.0500000000000016 271.10367455000005
decision_type=2 2 2 2 2 2 2 2 2 2 2 2 2 2 2 2 2 2 2 2 2 2 2 2 2 2 2 2 2 2
left_child=1 2 3 5 19 14 -4 11 27 10 -7 12 -2 -14 15 16 -1 -13 22 -5 -17 -22 25 -18 -23 26 -12 -6 -11 -30
right_child=7 -3 6 4 8 9 -8 -9 -10 28 18 17 13 -15 -16 20 23 -19 -20 -21 21 24 -24 -25 -26 -27 -28 -29 29 -31
leaf_value=6.2791142052197874e-05 -0.00013507597534325832 0.0030838029900579801 0.0003624364795871617 -0.00010149690860954819 -8.3284869887559714e-05 -0.00016664790361331437 0.0012226884303792335 0.00055457640067432064 0.0095191443119761621 -9.7058700114145604e-05 0.00039957797771691223 -0.00022460985847953861 0.00043564999736166377 0.0039214922878613194 0.00064425680076178561 -7.8999049953322288e-05 0.0014623224806652848 0.00031367104346883407 0.00063077337111156373 0.00066532601559639445 0.00075066185472346845 0.00066203691016016497 0.0017330773554537469 0.0010498040142077653 5.237194502300686e-05 -5.0969464663424314e-05 9.9653537849996314e-05 0.00097767411927276353 0.00044871727607993491 -0.00017129194780935117
leaf_weight=99 417 101 65 227 63 273 71 63 160 2183 63 9176 121 77 63 335 80 59 54 73 60 69 68 52 188 118 152 51 51 82
leaf_count=99 417 101 65 227 63 273 71 63 160 2183 63 9176 121 77 63 335 80 59 54 73 60 69 68 52 188 118 152 51 51 82
internal_value=-0.0008403 0.00469388 0.00397681 0.0033023 0.0123913 0.00199073 0.0263869 -0.00352128 0.0222727 0.000123152 0.00535665 -0.0036844 0.00222402 0.0120854 0.00798838 0.00670814 0.0148276 -0.00407861 0.00991228 0.00330565 0.00380551 0.00867924 0.00756219 0.0250752 0.00430232 0.00488024 0.00912037 0.00847826 -0.00152137 0.0069403
internal_weight=14714 4801 4700 4564 574 3990 136 9913 274 3044 728 9850 615 198 946 883 231 9235 455 300 652 317 401 132 257 333 215 114 2316 133
internal_count=14714 4801 4700 4564 574 3990 136 9913 274 3044 728 9850 615 198 946 883 231 9235 455 300 652 317 401 132 257 333 215 114 2316 133
is_linear=0
shrinkage=0.05


Tree=4
num_leaves=31
num_cat=0
split_feature=103 1 28 160 131 1 21 2 133 88 160 50 133 132 35 138 137 1 75 28 11 105 28 86 85 11 133 140 43 10
split_gain=69.9034 37.3442 26.789 18.3127 22.063 16.2736 15.3085 14.9963 14.7276 13.9002 11.1866 9.9159 8.68977 6.48207 6.37359 5.06816 9.06264 6.21151 5.51755 5.92774 4.78321 9.09637 10.2338 4.21551 3.7893 4.89617 3.66372 7.75946 2.19086 2.17682
threshold=1207.3000000000002 0.30954854950000005 44.050000000000004 0.40918367346938783 39.184882750482181 0.67217406300000015 0.4513888888888889 0.0099073270000000022 80.530000000000015 25.787500000000005 0.45816326530612256 1025.0500000000002 88.200000000000003 10.500000000000002 272.54553040000002 3.9200000000000004 0.29000000000000009 0.072925425000000016 6.0500000000000007 16.700000000000003 0.0013074835208333334 10.500000000000002 21.050000000000004 2.5000000000000004 276.67725075000004 0.0057378994097222235 84.075000000000017 75.985000000000014 0.28750000000000003 12.280000000000001
decision_type=2 2 2 2 2 2 2 2 2 2 2 2 2 2 2 2 2 2 2 2 2 2 2 2 2 2 2 2 2 2
left_child=1 2 3 7 8 12 -4 9 -5 15 11 -6 13 24 -12 16 -1 18 19 -17 -11 22 -22 -3 26 28 -2 -28 -26 -18
right_child=5 23 6 4 10 -7 -8 -9 -10 20 14 -13 -14 -15 -16 17 29 -19 -20 -21 21 -23 -24 -25 25 -27 27 -29 -30 -31
leaf_value=0.00079729874561386112 -0.00021916305394076749 0.0031151915034033128 0.0011615540088602719 0.00078485798327357988 0.00077107722045434706 0.0005268475806406046 0.00034431465560780358 0.00094109617503719588 0.011061726786431837 -0.00017243870710920804 0.0010470714863422641 0.0014948837376696858 0.0033934545199763287 0.00029798749129539238 -3.3094709078913362e-05 0.00067357422745190792 0.00052893219024307062 0.00052494835547385133 -2.6435126561916444e-05 3.6527344116237029e-05 -0.00018697359378219583 -2.0138946467341905e-05 0.0048630772002217076 0.0010303232720715305 0.0015182665155505344 0.00059483617558518068 0.00054464633386215545 -0.00021756716691043065 -0.00010037800783171052 -9.9373945162976448e-05
leaf_weight=69 8749 51 71 60 97 63 65 85 83 1798 52 50 94 59 386 75 140 87 480 81 57 817 97 50 91 63 88 269 437 50
leaf_count=69 8749 51 71 60 97 63 65 85 83 1798 52 50 94 59 386 75 140 87 480 81 57 817 97 50 91 63 88 269 437 50
internal_value=-0.0011631 0.003788 0.00313657 0.00248083 0.00974623 -0.00356163 0.024927 0.00109851 0.0272917 0.000623666 0.00540956 0.0172973 -0.003725 -0.00387158 0.00137813 0.00573245 0.0117308 0.00356353 0.00182888 0.00996815 -0.00118773 0.0016358 0.0127419 0.0337255 -0.00397299 -8.44606e-05 -0.00422477 0.000726256 -0.00167297 0.00599476
internal_weight=14714 4801 4700 4564 728 9913 136 3836 143 3751 585 147 9850 9756 438 982 259 723 636 156 2769 971 154 101 9697 591 9106 357 528 190
internal_count=14714 4801 4700 4564 728 9913 136 3836 143 3751 585 147 9850 9756 438 982 259 723 636 156 2769 971 154 101 9697 591 9106 357 528 190
is_linear=0
shrinkage=0.05


Tree=5
num_leaves=31
num_cat=0
split_feature=93 0 133 93 142 28 4 2 92 118 24 83 138 0 73 24 108 4 21 138 93 133 134 77 75 89 89 46 30 26
split_gain=63.3173 40.3161 23.2146 28.4034 18.1171 13.5406 22.6265 11.5685 11.5562 8.79775 10.9933 10.2784 9.4496 8.61998 7.38759 6.97618 4.93741 4.6391 7.20735 7.497 13.1211 4.16437 6.01635 4.89078 3.60689 5.34822 3.52037 3.29123 2.53993 2.22304
threshold=267.31568370000008 0.20185000000000003 82.035000000000011 271.49011265000007 779.97322007526816 44.050000000000004 0.0022618450000000006 0.0099073270000000022 13.150000000000004 17.650000000000002 32.300000000000004 17.550000000000004 3.8950000000000005 0.44465000000000005 10.450000000000001 37.350000000000001 276.38181530000003 0.0020535445000000006 0.46527777777777785 5.9900000000000011 272.57183885000001 82.035000000000011 4.2100000000000017 271.13820660000005 8.1500000000000004 50.150000000000013 41.350000000000001 1.0000000180025095e-35 -1.6485714285714284 3.5000000000000004
decision_type=2 2 2 2 2 2 2 2 2 2 2 2 2 2 2 2 2 2 2 2 2 2 2 2 2 2 2 2 2 2
left_child=13 2 5 4 -4 7 -7 9 -3 -2 11 12 16 21 15 -12 -11 24 19 20 28 -1 27 -24 25 -16 -5 -23 -19 -21
right_child=1 8 3 26 -6 6 -8 -9 -10 10 14 -13 -14 -15 17 -17 -18 18 -20 29 -22 22 23 -25 -26 -27 -28 -29 -30 -31
leaf_value=-0.00020684683658434629 -0.00021402225297226975 0.0029261058564006848 0.0097665239126434097 -0.00020619525253729094 0.00021623386130322151 -1.8382957997849155e-06 0.0013345783260788372 0.00055413553214078855 0.00021881317980825267 0.0010030992033840138 0.0013450386366605427 -8.8107584020433863e-05 0.0011481578006929817 0.00049228609466994287 6.5504045404957424e-05 0.00013540183485252793 -2.7514238181564686e-05 0.00017836987543773362 -3.0742238620226895e-05 0.00044722795219922595 0.00078803156981226336 0.001782728715967762 7.6985585841852713e-05 0.0023465781808176406 -0.00010773869232585291 0.00066552439916948568 0.00021287291654483039 -0.0001944495473737745 -2.1002861558800692e-05 1.7036603235904924e-05
leaf_weight=8673 763 70 112 127 57 117 80 84 56 52 56 104 66 54 504 147 63 54 482 75 66 86 75 56 1782 79 79 485 53 236
leaf_count=8673 763 70 112 127 57 117 80 84 56 52 56 104 66 54 504 147 63 54 482 75 66 86 75 56 1782 79 79 485 53 236
internal_value=-0.0013492 0.00298695 0.00231055 0.0142819 0.0294118 0.00138363 0.0141919 0.000838867 0.0308268 0.000498581 0.00147906 0.0109091 0.0180769 -0.00381654 0.000714285 0.00995098 0.00922414 0.000147058 0.00306618 0.00737113 0.0156897 -0.00393238 -0.000220485 0.00939394 -0.00104396 0.00236301 0.00176328 -0.00244755 0.00472222 0.00269231
internal_weight=14793 5364 5238 375 169 4863 197 4666 126 4582 3819 285 181 9429 3534 203 115 3331 966 484 173 9375 702 131 2365 583 206 571 107 311
internal_count=14793 5364 5238 375 169 4863 197 4666 126 4582 3819 285 181 9429 3534 203 115 3331 966 484 173 9375 702 131 2365 583 206 571 107 311
is_linear=0
shrinkage=0.05


Tree=6
num_leaves=31
num_cat=0
split_feature=126 0 21 128 28 92 92 92 88 134 100 0 138 100 50 77 128 19 29 25 104 18 26 75 91 86 96 134 19 6
split_gain=57.129 49.5546 17.2896 16.1518 18.8526 17.4415 13.2562 11.0046 9.51113 9.41321 8.29232 5.97052 6.88457 11.0787 6.57928 5.46053 4.48941 6.14094 10.6778 4.34322 3.98565 6.70452 5.49 3.40337 2.84565 2.28657 2.25831 2.08273 2.29749 1.94884
threshold=38.500000000000007 0.20185000000000003 0.49305555555555564 9.1197746952926142 44.050000000000004 17.250000000000007 11.650000000000004 13.750000000000005 20.362500000000004 4.7450000000000001 -1.649999999999977 0.051850000000000007 5.9900000000000011 4.9500000000000464 1028.2500000000002 274.34757110000004 10.229051224492716 -0.00025000000000000006 27.750000000000004 1.5000000000000002 1.0000000180025095e-35 0.005004166666666668 3.5000000000000004 5.4500000000000011 19.250000000000004 6.5000000000000009 41.662500000000016 6.0450000000000008 0.0037314285714285722 0.06072777777777779
decision_type=2 2 2 2 2 2 2 2 2 2 2 2 2 2 2 2 2 2 2 2 2 2 2 2 2 2 2 2 2 2
left_child=1 2 3 5 10 15 -6 -3 23 -7 27 14 13 -13 16 -1 17 25 -19 -10 21 -2 -23 -4 -17 -12 -25 -5 -29 -22
right_child=20 7 8 4 6 9 -8 -9 19 -11 11 12 -14 -15 -16 24 -18 18 -20 -21 29 22 -24 26 -26 -27 -28 28 -30 -31
leaf_value=0.0005939075221545213 -9.7669428481826832e-05 0.0026745955104536135 0.00072685758141101116 0.00072447255855902367 0.0010331491907044888 0.0097904351898518097 2.4192824829214537e-06 0.00047156692144799032 0.0002062350042380172 0.0001998753593830065 -2.7021822291359093e-05 0.00011567359146329058 0.00011634125401401279 0.00079014774897718783 0.0010671477486853228 0.00034242559934771766 -5.0023040535252677e-05 0.0001613690734282388 0.00080623626306164679 -0.00013243446796344866 -0.00019971639493952562 0.0033654376806412571 -0.00018790082860248791 8.7212914611358261e-07 -0.0001710793788236635 0.00036604192801868046 0.00074745436221973255 -0.00015285497166533468 8.6576753754722638e-05 0.00011595853574878591
leaf_weight=62 328 82 63 51 92 104 61 62 52 62 258 68 175 64 87 75 619 112 68 2439 8422 53 51 99 128 63 56 790 52 95
leaf_count=62 328 82 63 51 92 104 61 62 52 62 258 68 175 64 87 75 619 112 68 2439 8422 53 51 99 128 63 56 790 52 95
internal_value=-0.00150467 0.00233961 0.0016041 0.0042246 0.00271183 0.0131713 0.0196753 0.0312069 -0.00128782 0.0258383 0.00162375 0.00387789 0.0100974 0.0186842 0.00228477 0.00515037 0.00124442 0.00476095 0.0121271 -0.00216694 -0.00401564 0.000658197 0.0116667 0.00869863 0.00112745 0.000590061 0.00461538 -0.00219239 -0.0027936 -0.00425335
internal_weight=14793 5844 5700 2991 2560 431 153 144 2709 166 2407 1514 307 132 1207 265 1120 501 180 2491 8949 432 104 218 203 321 155 893 842 8517
internal_count=14793 5844 5700 2991 2560 431 153 144 2709 166 2407 1514 307 132 1207 265 1120 501 180 2491 8949 432 104 218 203 321 155 893 842 8517
is_linear=0
shrinkage=0.05


Tree=7
num_leaves=31
num_cat=0
split_feature=126 0 28 4 83 92 15 131 82 41 2 50 82 135 30 128 88 92 104 80 14 29 105 8 142 81 36 61 50 80
split_gain=52.1223 43.5831 14.7056 16.7657 13.2962 12.7181 9.55685 10.1821 9.38644 8.11345 6.17893 5.8663 5.77508 4.52088 4.3606 5.50161 7.36397 8.32262 3.58438 6.08281 3.49086 7.01844 2.95942 2.78922 3.93532 4.51865 2.77961 2.35458 2.28842 2.06921
threshold=38.500000000000007 0.20185000000000003 44.050000000000004 0.0024794665000000007 21.050000000000004 13.750000000000005 0.001501041666666667 29.116437666821316 24.346000000000004 57.500000000000007 0.0099073270000000022 1028.4500000000003 20.170000000000002 73.085000000000022 -0.65142857142857136 9.4017455261924869 19.162500000000005 20.550000000000008 1.0000000180025095e-35 35.712500000000013 0.017271703000000003 49.95000000000001 13.500000000000002 0.0018370844672581175 568.4478379580122 31.150000000000002 266.80440885000007 68.850000000000009 1021.9500000000002 10.237500000000002
decision_type=2 2 2 2 2 2 2 2 2 2 2 2 2 2 2 2 2 2 2 2 2 2 2 2 2 2 2 2 2 2
left_child=1 2 4 9 6 -3 11 8 -8 -4 27 14 -13 29 15 16 -1 -18 19 -2 23 22 -22 24 -17 -26 -23 -6 -27 -9
right_child=18 5 3 -5 10 -7 7 13 -10 -11 -12 12 -14 -15 -16 20 17 -19 -20 -21 21 26 -24 -25 25 28 -28 -29 -30 -31
leaf_value=0.00068965963421575513 -0.00010396391946539317 0.0025408657349309332 -0.00011342009920264666 0.00089213583961792278 0.00037803723656331338 0.00044798857537559089 0.00023304447604681908 0.00054138543150785204 0.0093393791401361476 0.00074236143983096991 0.00020185913617778818 0.001238351403684971 1.3172398682984237e-05 0.00062703711663664782 -9.3865665891279288e-05 -6.45131097551702e-05 3.7702470413024912e-05 0.0075529033256035265 -0.00018934022301736673 0.002784731090859706 0.00042572076521957269 0.00038732838861580559 -0.00013071624606761961 -7.6445172375775523e-05 0.00081585540558000999 -3.3804078858530583e-05 0.0014905039008397403 -0.00017286095486623545 0.00017778772019579769 0.00019885613575303259
leaf_weight=85 356 82 101 89 51 62 75 51 73 50 69 51 50 85 666 337 333 68 8517 76 58 51 143 559 96 155 50 1853 70 431
leaf_count=85 356 82 101 89 51 62 75 51 73 50 69 51 50 85 666 337 333 68 8517 76 58 51 143 559 96 155 50 1853 70 431
internal_value=-0.00160606 0.00206587 0.00137607 0.0134647 0.00084142 0.0291379 0.00269782 0.00784916 0.0194966 0.00322368 -0.00243668 0.00136495 0.0131373 0.00477113 0.000913172 0.00207876 0.00670431 0.00383084 -0.00400447 0.000427251 0.000592104 0.00539604 -1.18619e-09 -0.000599344 0.00160091 0.00555901 0.0160784 -0.00297375 0.00163717 0.00286749
internal_weight=14793 5844 5700 240 5460 144 3487 715 148 151 1973 2772 101 567 2671 2005 486 401 8949 432 1519 302 201 1217 658 321 101 1904 225 482
internal_count=14793 5844 5700 240 5460 144 3487 715 148 151 1973 2772 101 567 2671 2005 486 401 8949 432 1519 302 201 1217 658 321 101 1904 225 482
is_linear=0
shrinkage=0.05


Tree=8
num_leaves=31
num_cat=0
split_feature=93 0 133 92 15 28 135 0 131 22 94 24 50 24 88 93 85 99 91 23 19 75 85 134 75 132 49 133 1 12
split_gain=48.1466 31.0278 21.0518 14.6617 10.8867 11.3288 11.7768 8.65709 8.55263 7.27307 7.27755 7.26599 8.67595 6.60533 5.67125 5.58782 12.5501 5.22009 4.24702 3.82099 5.0111 4.20226 3.42663 3.00747 2.96363 2.59288 2.53988 2.39916 2.07166 3.27717
threshold=267.31568370000008 0.20185000000000003 88.200000000000003 12.450000000000005 0.00092500000000000015 44.050000000000004 21.465000000000003 0.44465000000000005 29.116437666821316 1.0000000180025095e-35 15.500000000000002 32.300000000000004 1027.4500000000003 31.350000000000005 36.187500000000007 272.65757605000005 274.02124170000008 0.90000000000003422 18.050000000000004 23.929861111111116 -0.0013485714285714284 6.4500000000000011 281.22793975000008 6.205000000000001 5.5500000000000007 10.500000000000002 981.75000000000011 88.200000000000003 0.014147579000000002 0.039821943000000005
decision_type=2 2 2 2 2 2 2 2 2 2 2 2 2 2 2 2 2 2 2 2 2 2 2 2 2 2 2 2 2 2
left_child=7 2 4 -3 11 8 -7 22 14 10 -10 12 13 -2 -6 23 -17 -13 -19 20 -20 -22 25 26 -18 27 -11 -1 -21 -30
right_child=1 3 -4 -5 5 6 -8 -9 9 15 -12 17 -14 -15 -16 16 24 18 19 28 21 -23 -24 -25 -26 -27 -28 -29 29 -31
leaf_value=-0.00017928051377400327 -0.00014093436202719065 0.0025190275013114234 0.009441475138626098 0.00015389840844453747 0.00015027855191040865 0.00039318747806922828 0.0011817564594470322 0.00043487690552597978 8.6021317967164434e-05 -3.0634805179630352e-05 0.0013338506896654421 -0.00013451839095194641 0.001190465925635938 0.00031408831213959078 0.0030145376264440011 0.00066197172565985287 0.0012262088867211599 -0.00018176382181438915 0.00039283257889710562 -0.00011684824716101254 0.00025196130576635812 8.1719940267608655e-05 0.00074643269545673636 -9.3617165288509234e-05 -1.8347655832036972e-05 0.00016990909741094724 0.00062535597480247243 0.0015646603249848637 9.1758032521749872e-05 -2.3367006837714245e-05
leaf_weight=9088 204 68 71 58 62 63 55 54 62 71 55 1717 78 75 58 68 58 416 52 258 94 338 154 743 255 55 63 78 125 197
leaf_count=9088 204 68 71 58 62 63 55 54 62 71 55 1717 78 75 58 68 58 416 52 258 94 338 154 743 255 55 63 78 125 197
internal_value=-0.00170745 0.00207362 0.00148024 0.0264961 0.00110487 0.00451053 0.0193697 -0.00385896 0.00332219 0.00219477 0.0140678 -0.000440226 0.00631285 0.00214286 0.0160744 0.00107625 0.00612565 -0.00119762 0.000975691 0.00265258 0.00592783 0.0041224 -0.00397504 -0.00111617 0.00184713 -0.0040989 0.00574074 -0.0041644 -7.74539e-05 0.00258514
internal_weight=14793 5364 5238 126 5167 1613 118 9429 1495 1375 117 3554 357 279 120 1258 381 3197 1480 1064 484 432 9375 877 313 9221 134 9166 580 322
internal_count=14793 5364 5238 126 5167 1613 118 9429 1495 1375 117 3554 357 279 120 1258 381 3197 1480 1064 484 432 9375 877 313 9221 134 9166 580 322
is_linear=0
shrinkage=0.05


Tree=9
num_leaves=31
num_cat=0
split_feature=103 0 28 4 92 92 96 100 15 13 24 0 24 104 18 88 32 56 2 30 30 47 6 140 142 96 142 85 44 85
split_gain=48.334 32.2063 12.6704 11.5099 10.3951 12.0072 10.4942 8.15707 5.97522 8.54067 8.75752 5.64289 4.54356 4.52433 7.27688 11.7362 4.01141 4.6465 4.53362 4.19635 3.83865 5.1046 3.32004 2.6508 5.03405 2.41341 3.77138 2.75262 2.38786 2.2911
threshold=1207.3000000000002 0.20185000000000003 44.050000000000004 0.0022618450000000006 21.050000000000008 23.150000000000006 33.062500000000007 2.9500000000000459 0.0016031250000000002 0.0016890983402777779 51.350000000000001 0.44465000000000005 46.000000000000007 1.0000000180025095e-35 0.005004166666666668 35.412500000000016 3.7500000000000004 -2.9575093999999917 0.0016973490000000001 -1.2928571428571429 -2.8385714285714254 99.500000000000014 0.0050833333333333347 75.180000000000021 787.12634431116578 41.187500000000007 140.86793954763615 271.71253630000007 512.50000000000011 272.28611560000007
decision_type=2 2 2 2 2 2 2 2 2 2 2 2 2 2 2 2 2 2 2 2 2 2 2 2 2 2 2 2 2 2
left_child=1 2 4 -4 7 6 -6 23 16 10 -10 13 28 14 -2 -16 17 -9 25 -20 -7 22 -22 -1 -25 27 -27 -18 -8 -15
right_child=11 -3 3 -5 5 20 12 8 9 -11 -12 -13 -14 29 15 -17 18 -19 19 -21 21 -23 -24 24 -26 26 -28 -29 -30 -31
leaf_value=-0.00011366799248897758 -0.00013735718787515183 0.0021465184223603637 9.6798931319235561e-05 0.0012721824138574962 0.00010971778939470826 -0.00017952720885707632 0.0089694014310313271 0.00029037164984068017 0.00020224577098889901 0.00015866322591299054 0.00076278370542346915 0.00036870105501969033 0.0020031341022191868 -0.00017370612166853569 -0.00020064117623823241 0.0030958883384768982 0.00018953072721988694 0.00090196879955801871 0.0003483194099030665 -1.9429020283359278e-05 -6.9174942525993341e-05 0.0007528213619134625 0.00070289040358828688 0.0039661982761298288 -5.111819791169179e-05 -2.2916815633856203e-05 0.00031735900564125989 -9.7657851580352571e-05 0.0066381437766129224 -7.1694766872930496e-05
leaf_weight=1940 275 97 68 66 90 176 51 171 66 192 60 60 64 8199 91 63 69 61 60 54 159 55 52 51 77 260 147 690 53 1276
leaf_count=1940 275 97 68 66 90 176 51 171 66 192 60 60 64 8199 91 63 69 61 60 54 159 55 52 51 77 260 147 690 53 1276
internal_value=-0.00176491 0.00233954 0.00175047 0.0168519 0.00130572 0.00691155 0.0154633 0.000296229 0.00272802 0.00894984 0.0190157 -0.00375464 0.0228106 -0.00384806 0.00116279 0.00983871 0.0014111 0.00744635 0.000308352 0.00978261 0.00188487 0.00567416 0.00207547 -0.00185355 0.00507752 -0.000621252 0.00247549 -0.00228947 0.0292857 -0.00407556
internal_weight=14793 4829 4732 134 4598 700 258 3898 1830 318 126 9964 168 9904 429 154 1512 232 1280 114 442 266 211 2068 128 1166 407 759 104 9475
internal_count=14793 4829 4732 134 4598 700 258 3898 1830 318 126 9964 168 9904 429 154 1512 232 1280 114 442 266 211 2068 128 1166 407 759 104 9475
is_linear=0
shrinkage=0.05


end of trees

feature_importances:
total_tp_next_48h=13
last_osi=12
gust_last_obs=12
pct_forest=11
min_t2m_next_24h=10
last_R_t=8
gust_max_obs=8
mslma_t=8
wind_speed_max_next_24h=8
last_P_t=7
gust_trend_last6h_obs=7
cumul_tp_since_onset=7
osi_trend_last6h=6
frac_zero_72h=6
gust_max_last6h_obs=6
gust_peak4h_mean_next_24h=6
pre_event_mean_osi=5
wind_speed_max_next_6h=5
min_t2m_next_6h=5
min_t2m_next_48h=5
pct_developed=5
pct_wetland=5
pct_unmapped=5
tree_canopy_pct=5
forest_x_customers=5
tp_rate_next_48h=5
last_N_t=4
hours_since_peak=4
cumul_gust_since_onset=4
gust_gt30_since_onset=4
hours_since_obs=4
pop_density=4
N_t_mean_72h=3
soil_moist_t=3
blh_t=3
gust_mean_next_24h=3
gust_max_next_48h=3
gust_mean_next_48h=3
wind_speed_max_next_48h=3
gust_peak4h_mean_next_48h=3
pressure_change_6h=3
log_customers=3
n_utilities=3
pct_agriculture=3
osi_mean_72h=2
R_t_mean_72h=2
pre_event_max_outage_pct=2
storm_onset_max_osi=2
storm_onset_mean_osi=2
gust_mean_obs=2
gust_gt40_obs=2
t2m_t=2
lcc_t=2
mcc_t=2
sp_t=2
gust_x_hso=2
gust_peak4h_mean_next_6h=2
gust_max_next_24h=2
gust_gt30_next_24h=2
t2m_at_t1h=2
t2m_at_t6h=2
pct_forest_classified=2
last_outage_pct=1
osi_std_72h=1
outage_pct_mean_72h=1
outage_pct_max_72h=1
N_t_max_72h=1
R_t_max_72h=1
gust_gt30_obs=1
cumul_gust_obs=1
wind_speed_t=1
d2m_t=1
r2_t=1
dewpoint_c_t=1
gust_max_next_6h=1
gust_gt30_next_48h=1
pressure_change_3h=1
wind_speed_at_t24h=1
gust_at_t48h=1
t2m_at_t48h=1
tp_rate_next_6h=1

parameters:
[boosting: gbdt]
[objective: quantile]
[metric: rmse]
[tree_learner: serial]
[device_type: cpu]
[data_sample_strategy: bagging]
[data: ]
[valid: ]
[num_iterations: 2000]
[learning_rate: 0.05]
[num_leaves: 31]
[num_threads: 8]
[seed: 42]
[deterministic: 0]
[force_col_wise: 0]
[force_row_wise: 0]
[histogram_pool_size: -1]
[max_depth: -1]
[min_data_in_leaf: 50]
[min_sum_hessian_in_leaf: 0.001]
[bagging_fraction: 0.8]
[pos_bagging_fraction: 1]
[neg_bagging_fraction: 1]
[bagging_freq: 5]
[bagging_seed: 42]
[bagging_by_query: 0]
[feature_fraction: 0.8]
[feature_fraction_bynode: 1]
[feature_fraction_seed: 42]
[extra_trees: 0]
[extra_seed: 12879]
[early_stopping_round: 0]
[early_stopping_min_delta: 0]
[first_metric_only: 0]
[max_delta_step: 0]
[lambda_l1: 0.1]
[lambda_l2: 1]
[linear_lambda: 0]
[min_gain_to_split: 0]
[drop_rate: 0.1]
[max_drop: 50]
[skip_drop: 0.5]
[xgboost_dart_mode: 0]
[uniform_drop: 0]
[drop_seed: 42]
[top_rate: 0.2]
[other_rate: 0.1]
[min_data_per_group: 100]
[max_cat_threshold: 32]
[cat_l2: 10]
[cat_smooth: 10]
[max_cat_to_onehot: 4]
[top_k: 20]
[monotone_constraints: ]
[monotone_constraints_method: basic]
[monotone_penalty: 0]
[feature_contri: ]
[forcedsplits_filename: ]
[refit_decay_rate: 0.9]
[cegb_tradeoff: 1]
[cegb_penalty_split: 0]
[cegb_penalty_feature_lazy: ]
[cegb_penalty_feature_coupled: ]
[path_smooth: 0]
[interaction_constraints: ]
[verbosity: -1]
[saved_feature_importance_type: 0]
[use_quantized_grad: 0]
[num_grad_quant_bins: 4]
[quant_train_renew_leaf: 0]
[stochastic_rounding: 1]
[linear_tree: 0]
[max_bin: 255]
[max_bin_by_feature: ]
[min_data_in_bin: 3]
[bin_construct_sample_cnt: 200000]
[data_random_seed: 42]
[is_enable_sparse: 1]
[enable_bundle: 1]
[use_missing: 1]
[zero_as_missing: 0]
[feature_pre_filter: 1]
[pre_partition: 0]
[two_round: 0]
[header: 0]
[label_column: ]
[weight_column: ]
[group_column: ]
[ignore_column: ]
[categorical_feature: ]
[forcedbins_filename: ]
[precise_float_parser: 0]
[parser_config_file: ]
[objective_seed: 16083]
[num_class: 1]
[is_unbalance: 0]
[scale_pos_weight: 1]
[sigmoid: 1]
[boost_from_average: 1]
[reg_sqrt: 0]
[alpha: 0.9]
[fair_c: 1]
[poisson_max_delta_step: 0.7]
[tweedie_variance_power: 1.5]
[lambdarank_truncation_level: 30]
[lambdarank_norm: 1]
[label_gain: ]
[lambdarank_position_bias_regularization: 0]
[eval_at: ]
[multi_error_top_k: 1]
[auc_mu_weights: ]
[num_machines: 1]
[local_listen_port: 12400]
[time_out: 120]
[machine_list_filename: ]
[machines: ]
[gpu_platform_id: -1]
[gpu_device_id: -1]
[gpu_device_id_list: ]
[gpu_use_dp: 0]
[num_gpu: 1]

end of parameters

pandas_categorical:[]
