tree
version=v4
num_class=1
num_tree_per_iteration=1
label_index=0
max_feature_idx=162
objective=regression
feature_names=last_osi last_P_t last_N_t last_D_t last_R_t last_outage_pct osi_mean_72h osi_max_72h osi_std_72h outage_pct_mean_72h outage_pct_max_72h N_t_mean_72h N_t_max_72h R_t_mean_72h R_t_max_72h pre_event_mean_osi pre_event_max_outage_pct storm_onset_max_osi storm_onset_mean_osi osi_trend_last6h is_worsening frac_zero_72h hours_since_peak gust_mean_obs gust_max_obs gust_gt30_obs gust_gt40_obs cumul_gust_obs gust_last_obs gust_max_last6h_obs gust_trend_last6h_obs gust_t wind_speed_t wind_sin_t wind_cos_t t2m_t d2m_t tp_t rain_t csnow_t sdwe_t r2_t vpd_t soil_moist_t blh_t tcc_t lcc_t mcc_t hcc_t sp_t mslma_t sdswrf_t direct_rad_t diffuse_rad_t et0_t temp_c_t dewpoint_c_t icing_risk_t gust_exceed_30 soil_moist_x_gust is_snowing gust_x_hso gust_x_phase soil_gust_x_phase gust_exceed30_x_hso gust_max_next_1h gust_mean_next_1h wind_speed_max_next_1h total_tp_next_1h min_t2m_next_1h gust_gt30_next_1h gust_gt40_next_1h gust_peak4h_mean_next_1h gust_max_next_6h gust_mean_next_6h wind_speed_max_next_6h total_tp_next_6h min_t2m_next_6h gust_gt30_next_6h gust_gt40_next_6h gust_peak4h_mean_next_6h gust_max_next_24h gust_mean_next_24h wind_speed_max_next_24h total_tp_next_24h min_t2m_next_24h gust_gt30_next_24h gust_gt40_next_24h gust_peak4h_mean_next_24h gust_max_next_48h gust_mean_next_48h wind_speed_max_next_48h total_tp_next_48h min_t2m_next_48h gust_gt30_next_48h gust_gt40_next_48h gust_peak4h_mean_next_48h gust_change_1h gust_change_3h pressure_change_3h pressure_change_6h temp_change_6h wind_change_1h cumul_gust_since_onset cumul_tp_since_onset gust_gt30_since_onset gust_at_t1h wind_speed_at_t1h t2m_at_t1h tp_at_t1h gust_at_t6h wind_speed_at_t6h t2m_at_t6h tp_at_t6h gust_at_t24h wind_speed_at_t24h t2m_at_t24h tp_at_t24h gust_at_t48h wind_speed_at_t48h t2m_at_t48h tp_at_t48h hour_of_day hour_sin hour_cos days_since_onset hours_since_obs storm_phase log_customers rural_urban_code is_metro pop_density n_utilities pct_forest pct_developed pct_agriculture pct_water pct_wetland pct_unmapped pct_forest_classified tree_canopy_pct tree_canopy_std forest_x_customers window_len_next_1h is_full_next_1h tp_rate_next_1h gust_gt30_frac_next_1h has_weather_at_t1h window_len_next_6h is_full_next_6h tp_rate_next_6h gust_gt30_frac_next_6h has_weather_at_t6h window_len_next_24h is_full_next_24h tp_rate_next_24h gust_gt30_frac_next_24h has_weather_at_t24h window_len_next_48h is_full_next_48h tp_rate_next_48h gust_gt30_frac_next_48h has_weather_at_t48h
feature_infos=[0:0.55230000000000001] [0:0.82424180700000005] [0:0.065400654000000003] [0:0.90465771100000003] [0:0.058582058999999999] [0:82.420000000000002] [3.3333333333333335e-05:0.072337499999999999] [0.00029999999999999997:0.59799999999999998] [7.0710678118654754e-05:0.18169104839251773] [0.0048611111111111112:11.391249999999999] [0.050000000000000003:100] [1.7098222222222223e-05:0.018623942125000001] [0.000178314:0.37916412199999999] [1.7052208333333331e-05:0.0135610985] [0.00014467000000000001:0.18675781699999999] [0:0.025660416666666668] [0:30.77] [0:0.59799999999999998] [0:0.20940416666666664] [-0.055854285714285697:0.019237142857142855] [0:1] [0:0.86111111111111116] [0:71] [13.769444444444444:31.258333333333326] [29.100000000000001:69.400000000000006] [0:33] [0:18] [991.39999999999998:2250.5999999999995] [3.5:44.200000000000003] [15.6:62.399999999999999] [-5.5599999999999996:3.3114285714285714] [1.3:58.299999999999997] [0.10000000000000001:36.600000000000001] [-0.99999998467913431:0.99999999987412524] [-0.99999999369183823:0.99109782185603668] [260.48599419999999:298.4303941] [257.97581079999998:289.8677619] [0:9.6999999999999993] [0:9.6999999999999993] [0:2.3100000000000001] [0:0.080000000000000002] [15:100] [0:2.4500000000000002] [0.17100000000000001:0.52000000000000002] [10:2960] [0:100] [0:100] [0:100] [0:100] [898.5:1020.1] [986.79999999999995:1031.5999999999999] [0:857] [0:727] [0:435] [0:0.60999999999999999] [-12.664005799999984:25.280394100000024] [-15.174189200000001:16.717761900000028] [0:1] [0:28.299999999999997] [0.44460000000000005:23.550000000000001] [0:1] [4.5:3429.8999999999996] [0:106.59999999999999] [0:47.100000000000001] [0:1282.3999999999999] [2.1000000000000001:58.299999999999997] [1.7000000000000002:54.400000000000006] [0.20000000000000001:36.600000000000001] [0:14.699999999999999] [260.48599419999999:298.21776599999998] [0:2] [0:2] [1.7000000000000002:54.400000000000006] [3.6000000000000001:58.299999999999997] [2.5428571428571431:48.385714285714286] [1.2:36.600000000000001] [0:23] [260.48599419999999:296.40927479999999] [0:7] [0:7] [2.9500000000000002:51.224999999999994] [3.6000000000000001:58.299999999999997] [2.9500000000000002:42.796000000000006] [1.2:36.600000000000001] [0:51.199999999999996] [259.85092730000002:288.3249495] [0:25] [0:19] [2.9500000000000002:51.224999999999994] [3.6000000000000001:58.299999999999997] [2.9500000000000002:37.420408163265307] [1.2:36.600000000000001] [0:52.900000000000006] [259.85092730000002:288.3249495] [0:42] [0:22] [2.9500000000000002:51.224999999999994] [-24.299999999999997:23.800000000000001] [-27.399999999999999:35.700000000000003] [-6.1000000000000227:8.9000000000000909] [-10.600000000000023:13.200000000000045] [-18.266987999999969:21.845291299999985] [-15.300000000000001:28.000000000000004] [362.30000000000001:4359.2999999999993] [0:53.200000000000003] [0:61] [1.3:58.299999999999997] [0:36.600000000000001] [260.48599419999999:298.4303941] [0:11.300000000000001] [1.3:57.100000000000001] [0:34.899999999999999] [260.48599419999999:298.4303941] [0:11.300000000000001] [1.3:56.899999999999999] [0:34.899999999999999] [259.85092730000002:298.36374050000001] [0:11.300000000000001] [1.3:52.899999999999999] [0:34.299999999999997] [261.10630900000001:296.39282830000002] [0:9.6999999999999993] [0:23] [-1:1] [-1:1] [1:6] [1:143] [0:3] [8.316055720364643:13.272345954174847] [1:9] [0:1] [8.3691524328166658:2766.2496601348944] [1:14] [2.9100000000000001:87.799999999999997] [2.3100000000000001:77.180000000000007] [0.040000000000000001:85.829999999999998] [0.01:5.5099999999999998] [0:19.780000000000001] [1.9299999999999999:18.32] [2.9672682777607835:95.815074496056084] [2.71:81.680000000000007] [13.6:40.350000000000001] [27.746514212657143:931.74929212165569] none none [0:7.3499999999999996] [0:1] none [2:7] [0:1] [0:3.2857142857142856] [0:1] [0:1] [2:25] [0:1] [0:2.048] [0:1] [0:1] [2:49] [0:1] [0:1.0795918367346939] [0:0.8571428571428571] [0:1]
tree_sizes=2968 2695 2682 2680 2687 2668 2641 2691 2677 2723 2733 2701 2676 2658 2656 2682 2674

Tree=0
num_leaves=31
num_cat=0
split_feature=2 50 131 98 3 29 85 112 66 85 139 76 129 119 3 63 25 1 66 139 118 66 6 131 68 76 136 128 2 122
split_gain=0.016885 0.00575025 0.00526361 0.00499027 0.00141806 0.00110806 0.00113862 0.00149655 0.00165767 0.000594692 0.000492041 0.000532401 0.000490851 0.000387957 0.000306775 0.000382957 0.000388529 0.000294802 0.00022434 0.000381236 0.000161033 0.000155756 0.000116156 9.7586e-05 9.30649e-05 6.90424e-05 5.80836e-05 4.17003e-05 2.65129e-05 2.02842e-05
threshold=0.048280649000000009 1012.4500000000002 87.127452563964752 11.500000000000004 0.008539529500000002 46.550000000000004 265.46541995000007 286.85458100000005 28.625000000000004 267.53152515000005 89.033414029013926 0.35000000000000009 5.5000000000000009 21.050000000000004 0.0012356915000000001 23.388200000000001 10.500000000000002 0.11545941950000001 31.325000000000006 22.545201051522437 4.5500000000000007 31.625000000000004 0.042731250000000005 262.29400413077127 2.2500000000000004 2.0500000000000007 3.9100000000000006 8.679992067279418 0.0014317860000000002 17.500000000000004
decision_type=2 2 2 2 2 2 2 10 2 2 2 2 2 10 2 2 2 2 2 2 8 2 2 2 2 2 2 2 2 2
left_child=1 2 3 4 14 6 -6 8 -8 25 13 28 18 20 15 16 -1 -15 24 -20 -3 22 26 -21 29 -4 27 -22 -12 -11
right_child=-2 10 9 -5 5 -7 7 -9 -10 12 11 -13 -14 17 -16 -17 -18 -19 19 23 21 -23 -24 -25 -26 -27 -28 -29 -30 -31
leaf_value=0.0015832804423326237 0.0024870172117667871 0.0015807410985609191 0.0015362745764292442 0.0021252417032450507 0.0015807410985609191 0.0015807410985609191 0.0017222175988052943 0.0015807410985609191 0.0021606535958133945 0.0015423653435604995 0.0015571307981962139 0.001742463400372158 0.0017394374499329105 0.0015660948010337663 0.0015807410985609191 0.0015807410985609191 0.0017721138167029655 0.0016967205558998523 0.0015807410985609191 0.0015807410985609191 0.0015807410985609191 0.0015807410985609191 0.0015807410985609191 0.0017279511527219203 0.0015807410985609191 0.0015807410985609191 0.0015807410985609191 0.0015201103967220758 0.0015807410985609191 0.0015807410985609191
leaf_weight=132 50 54 557 78 50 92 93 53 69 224 136 50 68 174 151 87 85 51 243 96 51 87 54 80 100 180 99 3155 67 57
leaf_count=132 50 54 557 78 50 92 93 53 69 224 136 50 68 174 151 87 85 51 243 96 51 87 54 80 100 180 99 3155 67 57
internal_value=0.00158074 0.00157366 0.00163223 0.00172972 0.00168496 0.00176321 0.00181574 0.00186568 0.00194205 0.00158074 0.00153567 0.00158788 0.00160604 0.00153078 0.00161232 0.00164403 0.00168072 0.00158074 0.00158827 0.0016172 0.00152658 0.0015251 0.00152336 0.00167315 0.00156953 0.00154523 0.00152214 0.00152087 0.00157371 0.00154919
internal_weight=6523 6473 2495 890 812 357 265 215 162 1605 3978 253 868 3725 455 304 217 225 800 419 3500 3446 3359 176 381 737 3305 3206 203 281
internal_count=6523 6473 2495 890 812 357 265 215 162 1605 3978 253 868 3725 455 304 217 225 800 419 3500 3446 3359 176 381 737 3305 3206 203 281
is_linear=0
shrinkage=1


Tree=1
num_leaves=31
num_cat=0
split_feature=2 58 131 103 76 129 120 138 94 99 18 14 138 103 12 21 15 77 122 119 137 160 126 128 131 68 116 160 90 135
split_gain=0.0152605 0.00500511 0.0056095 0.00478485 0.00191122 0.00159386 0.00125415 0.00140453 0.0012781 0.000593358 0.000704403 0.000500457 0.000480875 0.000229042 0.00021069 0.000154987 0.000145553 0.000120404 0.000108998 0.000171842 9.00526e-05 7.78071e-05 6.74601e-05 6.59308e-05 4.76917e-05 4.52639e-05 4.26034e-05 2.81159e-05 2.63279e-05 2.43721e-05
threshold=0.048280649000000009 3.0500000000000012 87.127452563964752 1157.7000000000005 1.0500000000000005 7.5000000000000009 269.09429945000005 4.6950000000000012 21.500000000000004 -2.3500000000000223 0.0010333333333333336 0.0082561165000000023 3.8450000000000002 1024.8000000000002 0.024723278000000005 0.12500000000000003 0.0019208333333333336 290.14184375000008 15.500000000000002 6.3500000000000005 15.125000000000002 0.23775510204081637 86.500000000000014 8.7220295134169206 111.69009300119471 2.3500000000000005 295.15882835000008 0.0059714795008912669 26.243877551020411 0.115
decision_type=2 2 2 2 2 2 10 2 2 2 2 2 2 2 2 2 2 2 2 10 2 2 2 2 2 2 10 2 2 2
left_child=1 4 3 -3 12 18 7 8 -5 10 -4 -7 13 -1 -13 -14 -15 20 25 24 23 27 -18 -17 -20 -6 29 -11 -12 -25
right_child=-2 2 9 6 5 11 -8 -9 -10 21 28 14 15 16 -16 17 22 -19 19 -21 -22 -23 -24 26 -26 -27 -28 -29 -30 -31
leaf_value=7.0385157583802138e-05 0.00086185081446470298 0.00062622960105323329 0.00022055923599691597 0.00049438510625623164 -2.7642099712983114e-05 0 0 6.4724767082562826e-06 3.3090606771028513e-05 0 0 0.00030547710966021517 0 -3.785512387224457e-05 1.4515897019695977e-05 0 4.1273947020208004e-05 0 0.00010042953471669793 0 0 0 0 0 0 0 0 -3.8719085937373171e-05 1.9340013740134923e-05 -5.6734451152350141e-05
leaf_weight=92 50 71 59 64 298 66 120 96 54 50 67 73 122 331 52 51 98 95 69 100 84 72 89 58 75 93 76 383 261 3254
leaf_count=92 50 71 59 64 298 66 120 96 54 50 67 73 122 331 52 51 98 95 69 100 84 72 89 58 75 93 76 383 261 3254
internal_value=0 -6.44749e-06 8.03342e-05 0.000234799 -2.91703e-05 3.73562e-05 0.000135045 0.000207362 0.000327353 4.41796e-06 5.53795e-05 0.000163597 -4.29576e-05 0 0.000225196 -4.9675e-05 -1.4682e-05 -5.15544e-05 0 2.53299e-05 -5.30559e-05 -2.47866e-05 0 -5.43057e-05 6.36151e-05 -1.71504e-05 -5.51554e-05 -3.41247e-05 9.88961e-06 -5.60719e-05
internal_weight=6523 6473 1297 405 5176 826 334 214 118 892 387 191 4350 610 125 3740 518 3618 635 244 3523 505 187 3439 144 391 3388 433 328 3312
internal_count=6523 6473 1297 405 5176 826 334 214 118 892 387 191 4350 610 125 3740 518 3618 635 244 3523 505 187 3439 144 391 3388 433 328 3312
is_linear=0
shrinkage=0.05


Tree=2
num_leaves=31
num_cat=0
split_feature=2 50 134 98 58 137 62 62 33 131 100 84 59 140 25 141 49 65 18 2 134 119 138 80 134 94 110 75 69 122
split_gain=0.013791 0.00489457 0.00449932 0.0062232 0.00166028 0.000702373 0.00170625 0.000510314 0.000864017 0.00040713 0.000565657 0.000405594 0.000260056 0.000276964 0.000234255 0.00021044 0.00028368 0.000534409 0.000388393 0.000685666 7.72093e-05 7.38367e-05 0.00012796 0.00014349 6.0736e-05 5.67068e-05 4.5853e-05 4.14142e-05 3.96052e-05 7.42028e-05
threshold=0.048280649000000009 1012.4500000000002 8.6650000000000009 13.950000000000003 8.8499999999999996 1.0000000180025095e-35 46.050000000000004 30.050000000000004 -0.019754405416409253 118.63798839404522 3.8000000000000118 2.350000000000001 13.851600000000001 16.940000000000001 3.5000000000000004 35.07500000000001 988.55000000000007 23.350000000000005 0.0058562500000000012 0.0010573005000000001 10.640000000000002 6.2500000000000009 4.4450000000000012 29.337500000000006 9.4850000000000012 27.500000000000004 36.050000000000004 18.150000000000002 293.33762475000009 19.500000000000004
decision_type=2 2 2 2 2 2 2 2 2 2 2 2 2 2 2 2 2 2 2 2 2 10 2 2 2 2 10 2 2 2
left_child=1 2 3 4 5 6 -1 8 -7 10 14 -4 20 -14 -3 16 17 18 -12 -20 24 22 23 -9 -13 -16 27 -26 29 -22
right_child=-2 9 11 -5 -6 7 -8 21 -10 -11 15 12 13 -15 25 -17 -18 -19 19 -21 28 -23 -24 -25 26 -27 -28 -29 -30 -31
leaf_value=0 0.00081960322525963995 0 -4.0097601467360928e-05 0.00066732897534860648 0.00030381360320571926 0.00027484079238043215 0.00036827789481791239 0 0 -5.6857299348829539e-05 0 0 0 0.0001338301613866882 -5.0311145049792815e-05 -9.6916978521133586e-06 0 0 0.00031885140477723602 0 -2.7824074422377271e-05 -1.2085487220258196e-06 0 0.00010796093552586778 0 0 0 9.1933400945847448e-05 0 0
leaf_weight=59 50 124 507 54 98 54 61 70 50 2176 52 128 78 85 1040 185 89 147 52 53 406 246 167 74 50 60 55 62 94 97
leaf_count=59 50 124 507 54 98 54 61 70 50 2176 52 128 78 85 1040 185 89 147 52 53 406 246 167 74 50 60 55 62 94 97
internal_value=0 -5.80543e-06 4.81717e-05 0.00013507 9.59683e-05 6.31388e-05 0.000185047 3.32082e-05 0.000137824 -4.092e-05 -1.8881e-05 -5.87793e-07 1.36845e-05 7.19033e-05 -3.94615e-05 1.60586e-05 4.08644e-05 6.69509e-05 0.0001308 0.000186177 0 4.50238e-06 2.50347e-05 5.9622e-05 2.3427e-05 -4.75869e-05 4.32526e-05 6.161e-05 -7.14996e-06 -1.60347e-05
internal_weight=6523 6473 2495 933 879 781 120 661 104 3978 1802 1562 1055 163 1224 578 393 304 157 105 892 557 311 144 295 1100 167 112 597 503
internal_count=6523 6473 2495 933 879 781 120 661 104 3978 1802 1562 1055 163 1224 578 393 304 157 105 892 557 311 144 295 1100 167 112 597 503
is_linear=0
shrinkage=0.05


Tree=3
num_leaves=31
num_cat=0
split_feature=2 50 131 103 3 28 59 99 15 131 100 14 82 123 49 54 37 138 141 92 116 10 136 98 131 34 3 28 75 16
split_gain=0.0124659 0.00446984 0.00410696 0.0041672 0.00159271 0.00310984 0.000559233 0.000417245 0.000402695 0.000362627 0.000503747 0.000406118 0.000604646 0.000338649 0.0002623 0.000242158 0.000206936 0.00017583 9.8688e-05 8.8489e-05 8.57466e-05 6.46423e-05 4.60184e-05 3.86609e-05 3.80809e-05 2.58646e-05 2.31839e-05 2.14057e-05 1.47695e-05 1.16393e-05
threshold=0.048280649000000009 1012.4500000000002 87.127452563964752 901.70000000000016 0.008539529500000002 20.900000000000002 12.524850000000001 -3.7499999999999996 0.0010927083333333336 118.63798839404522 3.8000000000000118 0.020602420000000007 13.876000000000003 -0.5 971.75000000000011 0.22500000000000003 1.1500000000000001 10.875000000000002 30.920000000000005 15.750000000000002 295.15882835000008 0.31000000000000005 1.2600000000000002 11.500000000000004 111.69009300119471 0.29313045811611643 0.011628853000000001 42.250000000000007 15.550000000000002 2.3150000000000004
decision_type=2 2 2 2 2 2 2 2 2 2 2 2 2 2 2 2 2 2 2 2 10 2 2 2 2 2 2 2 2 2
left_child=1 2 3 -1 8 -6 19 13 -5 10 17 22 -13 -4 -10 16 23 21 -17 28 -11 -3 29 24 -9 -14 -18 -26 -7 -12
right_child=-2 9 7 4 5 6 -8 15 14 20 11 12 25 -15 -16 18 26 -19 -20 -21 -22 -23 -24 -25 27 -27 -28 -29 -30 -31
leaf_value=0.00057831811735350471 0.00077942662480827679 0 0.00014471931111806842 0 0.00046429921454989938 0 0.0002080121118302636 0 0.00016770787515163059 -5.5574480936228667e-05 -2.644043312126586e-05 0.00022316618099861411 0 0 0 0 2.5285691308619622e-05 0 6.3937828419635416e-05 0 0 -4.626971403987123e-05 0 0 -4.3482145620095377e-05 2.6511195071140286e-05 0 0 5.6706346888353839e-05 0
leaf_weight=53 50 61 81 348 81 53 72 171 67 2125 225 52 77 115 52 118 109 86 102 75 51 1077 73 54 715 91 79 61 89 60
leaf_count=53 50 61 81 348 81 53 72 171 67 2125 225 52 77 115 52 118 109 86 102 75 51 1077 73 54 715 91 79 61 89 60
internal_value=6.38338e-08 -5.30341e-06 4.62434e-05 0.00013234 9.74775e-05 0.000177541 7.86046e-05 0 2.31161e-05 -3.88937e-05 -1.78401e-05 1.47816e-05 7.14413e-05 6.64838e-05 0.00010234 -1.10561e-05 -2.2518e-05 -3.73259e-05 2.80875e-05 1.19745e-05 -5.40157e-05 -4.34091e-05 -6.2116e-06 -3.3259e-05 -3.56528e-05 0 8.0903e-06 -4.09071e-05 4.20191e-05 -2.12295e-05
internal_weight=6523 6473 2495 890 837 370 289 1605 467 3978 1802 578 220 196 119 1409 1189 1224 220 217 2176 1138 358 1001 947 168 188 776 142 285
internal_count=6523 6473 2495 890 837 370 289 1605 467 3978 1802 578 220 196 119 1409 1189 1224 220 217 2176 1138 358 1001 947 168 188 776 142 285
is_linear=0
shrinkage=0.05


Tree=4
num_leaves=31
num_cat=0
split_feature=2 50 134 58 136 46 33 104 139 76 4 84 113 43 122 103 114 49 118 119 59 59 136 62 14 6 128 100 2 122
split_gain=0.0112663 0.00407952 0.00376304 0.00487479 0.00696759 0.000704383 0.00167676 0.00231312 0.000371187 0.000446859 0.000367577 0.000343683 0.000258848 0.000303078 0.000291134 0.000242661 0.000227718 0.000322469 0.000134764 0.000131596 0.000165316 0.000126564 5.75702e-05 4.19689e-05 4.03943e-05 3.50181e-05 2.86727e-05 1.82843e-05 1.78033e-05 1.44328e-05
threshold=0.048280649000000009 1012.4500000000002 8.6650000000000009 8.1500000000000039 0.23500000000000001 50.500000000000007 -0.019754405416409253 5.4500000000000011 89.033414029013926 0.35000000000000009 0.027773778500000002 2.350000000000001 1.0000000180025095e-35 0.33150000000000007 9.5000000000000018 1243.1500000000003 30.250000000000004 966.25000000000011 4.5500000000000007 6.0500000000000007 10.322600000000001 11.246350000000001 3.9100000000000006 58.70000000000001 0.013671265000000002 0.035966666666666675 8.679992067279418 7.6499999999999782 0.0014317860000000002 16.500000000000004
decision_type=2 2 2 2 2 2 2 2 2 2 2 2 10 2 2 2 10 2 8 10 2 2 2 2 2 2 2 2 2 2
left_child=1 2 3 5 -5 6 7 -1 10 28 18 -4 13 -13 -15 -12 17 -16 -3 20 -7 22 25 -22 29 26 -20 -28 -10 -14
right_child=-2 8 11 4 -6 19 -8 -9 9 -11 15 12 24 14 16 -17 -18 -19 21 -21 23 -23 -24 -25 -26 -27 27 -29 -30 -31
leaf_value=0.00039860077498355843 0.00074121941055066204 0 -3.6559524846994668e-05 0 0.00064651897364474838 0 0 6.7341609967395388e-07 -1.8626838139883737e-05 0.00014864144819975813 0.00011480441548651559 0 -2.7007805923449074e-05 0 0 0 0 0.00021117862565369608 0 -1.0009430435543729e-06 0.00012604288307037289 0 0 0 0 0 -5.1151321754898711e-05 0 0 0
leaf_weight=94 50 54 507 54 96 135 152 103 136 50 50 359 230 80 62 57 50 81 51 192 55 169 103 52 124 53 3127 61 67 69
leaf_count=94 50 54 507 54 96 135 152 103 136 50 50 359 230 80 62 57 50 81 51 192 55 169 103 52 124 53 3127 61 67 69
internal_value=3.04938e-07 -4.75947e-06 4.4452e-05 0.000123907 0.000391345 6.58624e-05 0.000120939 0.000216854 -3.68849e-05 7.06741e-06 -4.12131e-05 0 1.30637e-05 3.54592e-05 7.52999e-05 2.46327e-05 0.000108443 0.000140701 -4.45483e-05 9.90222e-06 3.90973e-05 -4.59251e-05 -4.80338e-05 8.52414e-05 -8.60956e-06 -4.92252e-05 -4.98977e-05 -5.05181e-05 -3.85094e-06 -2.10091e-05
internal_weight=6523 6473 2495 933 150 783 349 197 3978 253 3725 1562 1055 632 273 107 193 143 3618 434 242 3564 3395 107 423 3292 3239 3188 203 299
internal_count=6523 6473 2495 933 150 783 349 197 3978 253 3725 1562 1055 632 273 107 193 143 3618 434 242 3564 3395 107 423 3292 3239 3188 203 299
is_linear=0
shrinkage=0.05


Tree=5
num_leaves=31
num_cat=0
split_feature=66 103 131 120 92 150 129 99 161 140 138 116 21 77 4 120 84 135 24 136 14 100 2 122 119 77 25 128 114 104
split_gain=0.00609074 0.00983442 0.00298521 0.00386444 0.00667939 0.00145761 0.00119893 0.00106381 0.000822389 0.000820513 0.000319879 0.000268727 0.000358445 0.000265007 0.000233626 0.00026514 0.000133902 0.000119041 0.000107094 7.58239e-05 7.37971e-05 7.48086e-05 6.21336e-05 4.3736e-05 9.59593e-05 3.78736e-05 2.1107e-05 2.03529e-05 1.95505e-05 1.26392e-05
threshold=29.925000000000008 746.95000000000005 60.811436445759 269.09429945000005 13.550000000000002 0.32142857142857156 7.5000000000000009 -3.6499999999999768 0.071428571428571438 17.375000000000004 5.3900000000000015 270.10771365000005 0.36805555555555564 292.56198715000005 0.027773778500000002 269.80196225000003 2.2500000000000004 0.115 66.15000000000002 3.9100000000000006 0.00064102450000000008 5.5499999999999554 0.0016532625000000003 17.500000000000004 5.4500000000000011 289.72760365000005 15.500000000000002 8.9916910153496676 20.450000000000003 4.5500000000000016
decision_type=2 2 2 10 2 2 2 2 2 2 2 8 2 2 2 10 2 2 2 2 2 2 2 2 10 2 2 2 8 2
left_child=5 -2 3 4 -3 10 23 9 -8 -4 11 12 -1 16 20 -16 29 -12 19 25 -13 -22 26 28 -25 -19 -18 -5 -7 -9
right_child=1 2 7 27 -6 6 8 13 -10 -11 17 14 -14 -15 15 -17 22 18 -20 -21 21 -23 -24 24 -26 -27 -28 -29 -30 -31
leaf_value=0.00011116609414217665 0.00063731480476016708 0.00074636807324542824 0 3.0143158919437545e-05 0 0 0.00025140795305671828 0 0 0.00023653351416977957 0 0 0 7.2707061871997875e-05 0 0.00011741725620455467 0 -5.1863191700755572e-05 0 0 -4.2734577432794601e-05 0 4.3108197509044237e-05 6.6045903652587568e-05 0 0 -1.3195585587894244e-05 0 -1.6727909332068155e-05 -3.7810505486165701e-05
leaf_weight=84 78 67 83 55 72 75 97 50 52 88 59 57 197 96 55 51 102 2725 64 82 896 121 81 75 59 51 319 83 237 360
leaf_count=84 78 67 83 55 72 75 97 50 52 88 59 57 197 96 55 51 102 2725 64 82 896 121 81 75 59 51 319 83 237 360
internal_value=0 8.77804e-05 5.44921e-05 0.000203573 0.000388973 -2.59747e-05 4.3752e-05 1.50863e-05 0.000166097 0.000130475 -3.64476e-05 -1.22424e-05 2.33923e-05 0 -2.49746e-05 2.24784e-05 -1.28068e-05 -4.66259e-05 -4.81629e-05 -4.96512e-05 -3.43258e-05 -3.77553e-05 0 0 2.6051e-05 -5.10519e-05 -2.64482e-06 0 -7.52451e-06 -3.43341e-05
internal_weight=6571 1534 1456 277 139 5037 595 1179 149 171 4442 1461 281 1008 1180 106 912 2981 2922 2858 1074 1017 502 446 134 2776 421 138 312 410
internal_count=6571 1534 1456 277 139 5037 595 1179 149 171 4442 1461 281 1008 1180 106 912 2981 2922 2858 1074 1017 502 446 134 2776 421 138 312 410
is_linear=0
shrinkage=0.05


Tree=6
num_leaves=31
num_cat=0
split_feature=66 118 134 28 150 137 120 129 94 99 15 101 131 34 33 141 33 155 21 133 119 35 30 137 135 6 90 119 128 24
split_gain=0.0055556 0.00932592 0.00252739 0.00302073 0.00132134 0.00112287 0.0025576 0.0010842 0.000741275 0.00038109 0.000363227 0.000286147 0.000230272 0.000282462 0.00020639 0.000185631 0.000324884 0.000144615 0.000137842 9.61601e-05 9.11826e-05 8.13876e-05 7.18438e-05 5.33838e-05 4.25037e-05 4.15342e-05 4.02779e-05 8.22961e-05 3.78532e-05 4.18791e-05
threshold=29.925000000000008 29.950000000000003 9.1700000000000017 11.250000000000002 0.32142857142857156 1.7350000000000001 269.66918515000003 7.5000000000000009 3.5000000000000004 -2.2499999999999996 0.0010833333333333335 -4.5204926499999649 102.00208775980865 -0.035408017458618782 -0.067243980907297982 29.910000000000004 0.31971962599187365 0.4860000000000001 0.12500000000000003 86.075000000000017 21.050000000000004 293.87113845000005 -0.78857142857142926 15.125000000000002 0.33500000000000008 0.042731250000000005 19.766326530612247 6.4500000000000011 8.6591197270031213 31.000000000000004
decision_type=2 10 2 2 2 2 10 2 2 2 2 2 2 2 2 2 2 2 2 2 10 2 2 2 2 2 2 8 2 2
left_child=4 2 3 -2 11 10 -7 26 -9 15 -5 12 13 -1 -12 -4 17 -17 -13 20 21 23 -11 24 -20 28 27 -6 -26 -30
right_child=1 -3 9 5 7 6 -8 8 -10 22 14 18 -14 -15 -16 16 -18 -19 19 -21 -22 -23 -24 -25 25 -27 -28 -29 29 -31
leaf_value=0 0.00042035435043861363 0.00071938796959441619 0 0 5.0676606668701854e-05 0.00044118483681575261 0 0.00023896581982022996 0 -3.2144285931236976e-05 0.00016655860684685261 0 -2.553545089661687e-05 0.00010771004039120318 0 0.00019264969061594223 0 0 0 0 0 0 0 0 0 0 -8.6448335800160607e-06 0 0 -4.8388395421143404e-05
leaf_weight=73 88 56 224 248 110 60 52 97 52 453 55 114 239 96 68 61 51 51 55 119 169 58 67 74 51 59 285 51 93 3242
leaf_count=73 88 56 224 248 110 60 52 97 52 453 55 114 239 96 68 61 51 51 55 119 169 58 67 74 51 59 285 51 93 3242
internal_value=1.31023e-08 8.40397e-05 5.61162e-05 0.000138523 -2.4596e-05 7.60818e-05 0.000220203 4.16232e-05 0.000157968 0 1.86577e-05 -3.45987e-05 0 4.96569e-05 9.14738e-05 4.13446e-05 8.29088e-05 0.000131011 -3.86705e-05 -4.03332e-05 -4.17243e-05 -4.34125e-05 -2.3572e-05 -4.44088e-05 -4.52984e-05 -4.59949e-05 0 2.21277e-05 -4.6723e-05 -4.73791e-05
internal_weight=6571 1534 1478 571 5037 483 112 595 149 907 371 4442 408 169 123 387 163 112 4034 3920 3801 3632 520 3574 3500 3445 446 161 3386 3335
internal_count=6571 1534 1478 571 5037 483 112 595 149 907 371 4442 408 169 123 387 163 112 4034 3920 3801 3632 520 3574 3500 3445 446 161 3386 3335
is_linear=0
shrinkage=0.05


Tree=7
num_leaves=31
num_cat=0
split_feature=59 103 36 138 33 28 99 70 19 128 137 68 13 128 34 119 18 93 119 106 33 135 42 90 63 141 128 108 108 3
split_gain=0.0052034 0.0119671 0.00169096 0.00226663 0.00174195 0.00261908 0.000980535 0.000899809 0.00157203 0.0020727 0.000732898 0.000624559 0.000300362 0.000259441 0.000249634 0.000249553 0.000183092 0.000123871 0.000120632 8.85848e-05 7.49116e-05 7.01332e-05 7.03408e-05 2.99195e-05 2.50059e-05 6.41462e-05 1.99316e-05 1.66709e-05 4.24869e-05 2.17147e-05
threshold=14.168700000000003 1199.4000000000003 283.63354340000006 4.6950000000000012 -0.029843977896650203 25.300000000000001 -0.14999999999997723 1.5000000000000002 -1.0000000180025095e-35 9.8952285402787279 1.7350000000000001 0.35000000000000009 0.0028602459097222224 10.240406117949886 0.28608504443507127 6.2500000000000009 0.0013604166666666667 262.73697230000005 22.050000000000004 25.550000000000004 -0.86770184647247739 0.115 1.3450000000000004 27.96734693877551 10.767600000000003 28.365000000000006 8.6591197270031213 286.29033095000005 292.69171975000006 0.029123678000000004
decision_type=2 2 2 2 2 2 2 2 2 2 2 2 2 2 2 8 2 2 10 2 2 2 2 2 2 2 2 2 2 2
left_child=2 -2 7 4 5 -4 10 11 20 -10 23 12 17 15 19 16 -13 -1 21 -14 -9 -19 26 -3 -22 -26 -23 29 -29 -5
right_child=1 6 3 27 -6 -7 -8 8 9 -11 -12 13 14 -15 -16 -17 -18 18 -20 -21 24 22 -24 -25 25 -27 -28 28 -30 -31
leaf_value=0 0.00085129475303498718 3.6461549030385685e-05 0.00057140706702908976 3.3045603120531029e-05 0 8.2427398128568262e-06 -1.1184441161809632e-05 -2.8533243790540533e-05 0.00037351452062102912 0 0.00027742466904199511 0 -3.1857506528281392e-05 0 7.4039285856269997e-05 0 0.00013840702674360278 0 0 0 0 0 0 0 0 5.46737000044423e-05 -4.4009508507757656e-05 -2.291416478821566e-05 0 0
leaf_weight=92 56 70 58 75 75 62 173 224 69 77 66 52 292 211 99 99 100 54 131 53 81 57 72 52 124 75 3586 226 59 51
leaf_count=92 56 70 58 75 75 62 173 224 69 77 66 52 292 211 99 99 100 54 131 53 81 57 72 52 124 75 3586 226 59 51
internal_value=1.36723e-07 0.000171573 -1.06936e-05 6.6682e-05 0.000206595 0.000324234 5.02589e-05 -2.00568e-05 3.17024e-05 0.000176592 0.000133015 -2.79512e-05 -3.41821e-05 2.10211e-05 0 5.81868e-05 9.82553e-05 -3.85538e-05 -4.00104e-05 -1.48113e-05 -6.35168e-07 -4.16707e-05 -4.25308e-05 1.26207e-05 3.91181e-06 1.82777e-05 -4.35071e-05 0 -6.73449e-06 1.50344e-05
internal_weight=6571 417 6154 606 195 120 361 5548 650 146 188 4898 4436 462 444 251 152 3992 3900 345 504 3769 3715 122 280 199 3643 411 285 126
internal_count=6571 417 6154 606 195 120 361 5548 650 146 188 4898 4436 462 444 251 152 3992 3900 345 504 3769 3715 122 280 199 3643 411 285 126
is_linear=0
shrinkage=0.05


Tree=8
num_leaves=31
num_cat=0
split_feature=59 103 50 128 117 100 70 133 105 136 123 103 29 100 4 133 11 76 80 99 2 135 66 123 98 24 92 136 115 141
split_gain=0.00473527 0.0120517 0.0019176 0.00217506 0.00161101 0.000900142 0.0008129 0.00110911 0.00207974 0.000616987 0.000566232 0.000482126 0.000366197 0.000275432 0.000309933 0.000303196 0.000167113 0.000159425 8.32559e-05 6.92406e-05 7.4893e-05 5.3019e-05 4.62295e-05 4.90702e-05 4.32333e-05 4.24486e-05 2.53606e-05 2.51467e-05 2.40108e-05 1.72345e-05
threshold=14.359100000000002 1199.4000000000003 1006.2500000000001 9.5825325461623994 0.15000000000000005 -5.3500000000000218 1.5000000000000002 66.560000000000016 16.500000000000004 0.6100000000000001 0.60355339059327384 1255.5500000000002 37.400000000000006 3.7500000000000004 0.027773778500000002 80.390000000000015 0.0032577515486111115 0.45000000000000007 34.437500000000007 -3.7499999999999996 2.3000000000000003e-05 0.115 40.07500000000001 -0.78656609248549292 -9.7499999999999964 31.000000000000004 13.150000000000004 3.9100000000000006 12.250000000000002 38.130000000000003
decision_type=2 2 2 2 10 2 2 2 2 2 2 2 2 2 2 2 2 2 2 2 2 2 2 2 2 2 2 2 10 2
left_child=2 -2 3 4 9 -3 13 26 -9 -1 12 -5 -11 18 15 16 -15 -17 21 20 -13 -4 23 -21 -25 -23 -8 -27 -18 -26
right_child=1 5 6 11 -6 -7 7 8 -10 10 -12 19 -14 14 -16 17 28 -19 -20 22 -22 25 -24 24 29 27 -28 -29 -30 -31
leaf_value=0 0.00089446067023541851 0.0001788432248104073 0 0.00013378975585737863 0.00036016962908816874 0 -2.1962866368002408e-05 0.00039614697043064307 0 0.00028607414591217258 0 5.2452228659578948e-05 0 -3.6528626278531252e-05 9.8922259440216434e-05 0 0 0.00010885784419560179 0 0 0 0 0 0 -3.3603774763512314e-05 -4.6610267958632282e-05 0 0 2.611750561548185e-05 0
leaf_weight=186 50 89 51 63 75 232 131 54 54 68 59 72 50 1021 50 91 132 51 123 213 60 72 62 61 538 2579 62 72 87 63
leaf_count=186 50 89 51 63 75 232 131 54 54 68 59 72 50 1021 50 91 132 51 123 213 60 72 62 61 538 2579 62 72 87 63
internal_value=3.26284e-07 0.000174304 -9.30441e-06 3.71401e-05 0.000131616 4.41724e-05 -2.61377e-05 4.67282e-05 0.000177442 6.97978e-05 0.000136484 0 0.000199397 -3.23685e-05 -9.5172e-06 -1.71245e-05 -2.76083e-05 3.90122e-05 -4.19315e-05 -7.47168e-06 1.0115e-05 -4.37172e-05 -1.52878e-05 -1.95498e-05 -2.6268e-05 -4.46725e-05 -1.1818e-06 -4.57147e-05 0 -3.06507e-05
internal_weight=6571 371 6200 1570 438 321 4630 301 108 363 177 1132 118 4329 1432 1382 1240 142 2897 1069 132 2774 937 875 662 2723 193 2651 219 601
internal_count=6571 371 6200 1570 438 321 4630 301 108 363 177 1132 118 4329 1432 1382 1240 142 2897 1069 132 2774 937 875 662 2723 193 2651 219 601
is_linear=0
shrinkage=0.05


Tree=9
num_leaves=31
num_cat=0
split_feature=58 103 29 119 92 50 128 34 21 16 132 116 29 76 13 75 133 116 14 34 119 135 3 112 46 116 21 66 24 97
split_gain=0.00431932 0.0108079 0.00216459 0.00203425 0.00313707 0.000987208 0.000939779 0.000552734 0.000711606 0.000978541 0.00102015 0.000496244 0.000733408 0.00109658 0.00024918 0.000303662 0.000241691 0.000229627 0.000198608 0.000137137 0.000104604 5.15028e-05 4.27076e-05 4.63976e-05 3.04181e-05 2.56832e-05 1.88882e-05 1.82364e-05 1.40837e-05 1.32182e-05
threshold=3.0500000000000012 746.95000000000005 26.350000000000005 8.1500000000000004 12.150000000000004 1006.4500000000002 9.5825325461623994 -0.45512103079692601 0.46527777777777785 0.24500000000000002 3.5000000000000004 266.79444230000007 37.400000000000006 8.0500000000000025 0.0028602459097222224 16.950000000000003 80.390000000000015 272.63693580000006 0.021129117500000003 0.33825376641650434 22.050000000000004 9.4400000000000031 1.0000000180025095e-35 269.04638645000006 5.5000000000000009 295.15882835000008 0.28472222222222227 31.175000000000008 31.000000000000004 -6.6499999999999995
decision_type=2 2 2 10 2 2 2 2 2 2 2 10 2 2 2 2 2 8 2 2 10 2 2 10 2 10 2 2 2 2
left_child=5 -2 3 4 -3 6 11 8 26 -10 -11 -1 13 -13 16 19 20 -18 -12 -16 25 -9 -8 -24 -25 27 -4 28 -7 -26
right_child=1 2 7 -5 -6 14 22 21 9 10 18 12 -14 -15 15 -17 17 -19 -20 -21 -22 -23 23 24 29 -27 -28 -29 -30 -31
leaf_value=0 0.00072134569157242376 0.00059298405900767273 6.4571685724904097e-06 0 0 0 2.3014805428829273e-05 0 0 0.00036657435864165976 0 0.00031852068744165295 0 0 -3.5267149986859446e-05 0.00010341002361730797 7.107193476852109e-05 -1.7961382110015995e-05 0.00012433492894713566 1.7853419898608841e-05 0 -3.4467751198279816e-05 0 0 0 0 -1.3313569370401188e-05 0 -4.1782848689362034e-05 -2.7858230935654168e-05
leaf_weight=70 63 58 107 71 51 107 63 54 153 57 83 85 53 65 290 66 94 291 50 73 127 337 99 74 54 73 240 58 3122 383
leaf_count=70 63 58 107 71 51 107 63 54 153 57 83 85 53 65 290 66 94 291 50 73 127 337 99 74 54 73 240 58 3122 383
internal_value=5.16381e-07 8.19085e-05 4.54537e-05 0.000207828 0.000342498 -1.90806e-05 2.43219e-05 1.36282e-05 4.35407e-05 9.47612e-05 0.000170238 0.000103048 0.000142633 0.000199066 -2.97926e-05 0 -3.38639e-05 0 4.66726e-05 -1.08285e-05 -3.80338e-05 -2.63801e-05 -3.00307e-07 -1.09253e-05 -1.92092e-05 -3.97371e-05 0 -4.04181e-05 -4.09521e-05 -2.45958e-05
internal_weight=6571 1324 1261 180 109 5247 946 1081 690 343 190 273 203 150 4301 429 3872 385 133 363 3487 391 673 610 511 3360 347 3287 3229 437
internal_count=6571 1324 1261 180 109 5247 946 1081 690 343 190 273 203 150 4301 429 3872 385 133 363 3487 391 673 610 511 3360 347 3287 3229 437
is_linear=0
shrinkage=0.05


Tree=10
num_leaves=31
num_cat=0
split_feature=2 50 128 120 33 128 120 155 44 140 155 99 119 0 126 116 74 16 128 73 2 115 16 135 123 50 128 129 28 76
split_gain=0.0118869 0.0024728 0.0024177 0.00222598 0.00305382 0.00258543 0.00184208 0.000481485 0.00051808 0.000488512 0.000582251 0.000508085 0.000302979 0.000206214 0.000322547 0.000248314 0.000199894 0.000153199 0.000139971 6.78213e-05 5.90049e-05 5.46815e-05 2.77611e-05 2.10005e-05 1.34629e-05 1.30879e-05 6.66034e-06 5.16421e-06 4.47726e-06 4.1806e-06
threshold=0.048280649000000009 1012.4500000000002 9.2761749268019429 269.25117230000006 -0.019754405416409253 9.0453989606889742 283.96764370000005 0.098000000000000032 1052.5000000000002 30.730000000000004 0.47400000000000003 -2.0499999999999541 3.9500000000000006 0.089450000000000016 18.500000000000004 269.73504475000004 13.164285714285716 1.2050000000000003 9.5242581603116321 36.050000000000004 3.2200000000000003e-05 9.9500000000000011 2.3850000000000002 0.115 -0.9159756150367534 1001.4500000000002 9.5982079090713466 5.5000000000000009 7.3500000000000005 1.0000000180025095e-35
decision_type=2 2 2 10 2 2 10 2 2 2 2 2 10 2 2 8 2 2 2 2 2 10 2 2 2 2 2 2 2 2
left_child=1 2 3 4 5 -1 7 24 21 26 11 -11 -5 15 16 18 -15 -12 -3 23 -16 -9 -23 -17 -4 -13 -10 -20 -26 -28
right_child=-2 13 6 12 -6 -7 -8 8 9 10 17 25 -14 14 20 19 -18 -19 27 -21 -22 22 -24 -25 28 -27 29 -29 -30 -31
leaf_value=0.00013557892715462445 0.00076166929562996135 6.1449217138169316e-05 0 0.0001197451745846432 0 0.00067827528103376169 0.0003041868072110587 0 1.4426908186578655e-05 0.00023129546765421067 0 0 -1.3819184961212954e-05 0.00012578940572562455 0 0 0 6.7940175933818827e-05 -1.4511527543322561e-05 0 -3.2679045295290166e-05 -3.050170360125922e-05 0 -4.0278566464457599e-05 0 3.1790048303852982e-05 0 0 -3.8463357293157152e-05 -6.9400029955565926e-06
leaf_weight=87 50 86 55 50 59 57 51 121 79 103 175 53 136 69 64 52 56 83 162 125 323 348 53 3003 53 67 156 51 518 216
leaf_count=87 50 86 55 50 59 57 51 121 79 103 175 53 136 69 64 52 56 83 162 125 323 348 53 3003 53 67 156 51 518 216
internal_value=6.70703e-07 -4.5215e-06 3.33263e-05 0.000148823 0.000263859 0.000388075 9.83804e-06 7.54403e-08 1.81773e-05 4.21471e-05 7.72806e-05 0.000139026 0 -2.96743e-05 0 -3.40332e-05 6.94579e-05 4.27556e-06 0 -3.82398e-05 -2.26182e-05 -1.5058e-05 -2.52002e-05 -3.97187e-05 -3.39569e-05 1.72491e-05 0 -1.00034e-05 -3.63701e-05 0
internal_weight=6561 6511 2520 389 203 144 2131 2080 1454 932 481 223 186 3991 512 3479 125 258 299 3180 387 522 401 3055 626 120 451 213 571 372
internal_count=6561 6511 2520 389 203 144 2131 2080 1454 932 481 223 186 3991 512 3479 125 258 299 3180 387 522 401 3055 626 120 451 213 571 372
is_linear=0
shrinkage=0.05


Tree=11
num_leaves=31
num_cat=0
split_feature=2 50 131 75 49 88 129 138 99 44 140 103 16 15 134 3 92 115 36 115 145 51 88 122 131 135 2 36 1 34
split_gain=0.0107463 0.00225025 0.00240038 0.00260057 0.0034865 0.00242069 0.000625808 0.000601286 0.000471863 0.000451498 0.000600474 0.000301476 0.000550431 0.00027791 0.000197336 0.00019408 0.000130338 0.00036483 0.000262047 0.000115121 9.42001e-05 8.64172e-05 6.95027e-05 4.40121e-05 4.00177e-05 3.74258e-05 3.53336e-05 2.62228e-05 1.31689e-05 8.18282e-06
threshold=0.048280649000000009 1012.4500000000002 66.389093735741838 19.050000000000004 975.45000000000016 37.88750000000001 7.5000000000000009 3.6950000000000007 -3.6499999999999768 1057.5000000000002 17.375000000000004 1118.5000000000002 0.67500000000000016 0.00066354166666666677 6.8250000000000011 0.22414210450000002 0.45000000000000007 8.7500000000000018 265.92847410000007 10.550000000000002 1.3750000000000002 318.50000000000006 31.537500000000005 16.500000000000004 50.928189353158515 3.7650000000000001 0.0012445365000000003 260.73115600000006 0.26909827700000005 -0.96244592158205977
decision_type=2 2 2 2 2 2 2 2 2 2 2 2 2 2 2 2 2 8 2 10 2 2 2 2 2 2 2 2 2 2
left_child=1 2 3 6 5 -5 23 -8 9 -4 -11 12 -10 -9 16 24 29 18 -18 -17 21 25 -15 -1 -16 -13 -27 -26 -21 -3
right_child=-2 14 8 4 -6 -7 7 13 11 10 -12 20 -14 22 15 19 17 -19 -20 28 -22 -23 -24 -25 27 26 -28 -29 -30 -31
leaf_value=-2.8294217871981734e-05 0.00072433256134436493 0 0 0.00074825095358320665 0 0.00010239518171986744 0.0002587620749730956 0 0 0 0.00019437840016957992 0 0.00018878092857588713 0.00013546616569025597 0 -1.8967871146742254e-05 0 -9.6438774497861211e-06 0.00014019584519571384 7.0094906232380123e-05 0 0 0 0 0 -3.3659309095351694e-05 0 -3.8689734108590806e-05 0 -2.9546820215858006e-05
leaf_weight=139 50 62 72 50 77 51 54 95 58 88 98 53 51 53 56 153 84 193 83 53 204 215 51 71 88 864 176 2880 60 279
leaf_count=139 50 62 72 50 77 51 54 95 58 88 98 53 51 53 56 153 84 193 83 53 204 215 51 71 88 864 176 2880 60 279
internal_value=7.54841e-07 -4.1443e-06 3.19227e-05 0.000115531 0.000282952 0.000475347 3.99196e-05 9.51975e-05 6.94631e-07 6.54826e-05 0.00010943 -6.56849e-06 6.58588e-05 2.47412e-05 -2.81725e-05 -3.33565e-05 0 1.67976e-05 7.6993e-05 0 -1.51345e-05 -2.1087e-05 8.82206e-05 -3.11597e-06 -3.70256e-05 -2.70098e-05 -2.92668e-05 -3.78213e-05 4.51504e-05 -2.55917e-05
internal_weight=6561 6511 2520 641 178 101 463 253 1879 258 186 1621 109 199 3991 3290 701 360 167 266 1512 1308 104 210 3024 1093 1040 2968 113 341
internal_count=6561 6511 2520 641 178 101 463 253 1879 258 186 1621 109 199 3991 3290 701 360 167 266 1512 1308 104 210 3024 1093 1040 2968 113 341
is_linear=0
shrinkage=0.05


Tree=12
num_leaves=31
num_cat=0
split_feature=2 50 131 75 49 88 129 96 88 85 141 31 0 126 116 80 68 128 84 80 21 99 2 9 138 122 77 135 139 137
split_gain=0.00971438 0.00206364 0.00220388 0.00237234 0.00316606 0.00210034 0.000573463 0.000582657 0.00055489 0.000424367 0.000658669 0.00108559 0.000177683 0.000281128 0.000212257 0.000185001 0.000166542 0.000116482 8.70439e-05 6.75604e-05 5.87582e-05 6.00123e-05 5.3317e-05 4.4709e-05 7.8222e-05 4.00883e-05 3.76787e-05 1.74812e-05 1.54463e-05 1.57181e-05
threshold=0.048280649000000009 1012.4500000000002 66.389093735741838 19.050000000000004 975.45000000000016 37.88750000000001 7.5000000000000009 32.787500000000016 29.787500000000005 270.47798050000006 30.920000000000005 31.450000000000003 0.089450000000000016 18.500000000000004 269.73504475000004 16.087500000000006 2.2500000000000004 9.5242581603116321 11.250000000000002 33.712500000000013 0.15972222222222224 -3.7499999999999996 3.2200000000000003e-05 0.55895833333333356 6.995000000000001 16.500000000000004 289.11561430000006 0.115 4.7745827319159639 0.015000000000000001
decision_type=2 2 2 2 2 2 2 2 2 2 2 2 2 2 8 2 2 2 2 2 2 2 2 2 2 2 2 2 2 2
left_child=1 2 3 6 5 -5 25 8 -8 16 -11 -12 14 15 17 -14 20 -3 -13 27 -4 -22 -15 24 -18 -1 28 -16 -23 -30
right_child=-2 12 9 4 -6 -7 7 -9 -10 10 11 18 13 22 19 -17 23 -19 -20 -21 21 26 -24 -25 -26 -27 -28 -29 29 -31
leaf_value=-2.6889612255087872e-05 0.00068882606572051553 5.6476053476886255e-05 0 0.00071157197284229179 0 9.7373879297475263e-05 1.7329842667095359e-05 0 0.00029908837355535736 0 0 0.00026836515417220366 0.00011893608900337172 0 0 0 6.2677424485105387e-05 -8.0056708544514734e-06 1.0493741858981759e-05 0 0 0 -3.0136644862680294e-05 0 0 0 0 -3.6556959778894246e-05 0 -3.5009360060703078e-05
leaf_weight=139 50 86 65 50 77 51 95 104 54 262 110 75 70 64 52 55 93 213 52 94 71 76 323 115 58 71 50 3034 50 802
leaf_count=139 50 86 65 50 77 51 95 104 54 262 110 75 70 64 52 55 93 213 52 94 71 76 323 115 58 71 50 3034 50 802
internal_value=8.57062e-07 -3.76322e-06 3.07436e-05 0.00011087 0.000271043 0.000454447 3.8064e-05 9.10335e-05 0.00015409 7.05395e-07 4.24522e-05 0.000103464 -2.68063e-05 0 -3.08536e-05 6.55774e-05 -1.07892e-05 0 0.000202749 -3.47597e-05 -2.1495e-05 -2.51105e-05 -2.03684e-05 1.5232e-05 3.38067e-05 -2.184e-06 -2.88013e-05 -3.60519e-05 -3.12339e-05 -3.32828e-05
internal_weight=6561 6511 2520 641 178 101 463 253 149 1879 499 237 3991 512 3479 125 1380 299 127 3180 1114 1049 387 266 151 210 978 3086 928 852
internal_count=6561 6511 2520 641 178 101 463 253 149 1879 499 237 3991 512 3479 125 1380 299 127 3180 1114 1049 387 266 151 210 978 3086 928 852
is_linear=0
shrinkage=0.05


Tree=13
num_leaves=31
num_cat=0
split_feature=2 50 128 120 33 128 105 133 134 120 56 119 85 141 49 22 7 68 115 21 118 133 44 69 138 88 139 119 85 115
split_gain=0.00877989 0.00189552 0.00202385 0.0018819 0.00266367 0.0023135 0.000798182 0.00104047 0.000248392 0.000303185 0.000684692 0.000209304 0.00020703 0.000287834 0.000370027 0.000411595 0.000168414 0.000155897 0.000101498 5.9136e-05 5.90603e-05 5.42601e-05 6.09724e-05 7.77735e-05 4.03104e-05 2.99211e-05 2.83616e-05 2.21614e-05 1.81006e-05 8.23473e-06
threshold=0.048280649000000009 1011.5500000000001 9.2761749268019429 269.25117230000006 -0.019754405416409253 9.0453989606889742 7.5000000000000009 40.775000000000006 6.8250000000000011 275.76281500000005 -7.2311082499999761 4.0500000000000007 270.47798050000006 29.910000000000004 978.55000000000007 5.5000000000000009 0.17610000000000003 1.6500000000000004 10.550000000000002 0.15972222222222224 4.9500000000000011 45.95000000000001 987.50000000000011 285.7682875000001 14.615000000000002 27.762500000000006 4.7745827319159639 12.750000000000002 269.69186675000009 2.6500000000000008
decision_type=2 2 2 10 2 2 2 2 2 10 2 10 2 2 2 2 2 2 10 2 8 2 2 2 2 2 2 10 2 8
left_child=1 2 3 4 5 -1 7 -4 9 27 -11 -5 17 -14 15 -15 20 19 -18 -8 -10 -19 -23 -24 25 -21 -27 29 -28 -3
right_child=-2 8 6 11 -6 -7 12 -9 16 10 -12 -13 13 14 -16 -17 18 21 -20 24 -22 22 23 -25 -26 26 28 -29 -30 -31
leaf_value=0.00011639715444206641 0.00065506005425727473 0 0 9.6907740808092061e-05 0 0.0006320244158018011 0 0.00026593980665011127 0 0 0.00015876229304697347 -1.406832439037556e-05 0 0 0 0.00018721271018627954 -1.7351319225722801e-05 0 4.2251297399992646e-05 0 -3.4953504391370958e-05 0 7.8978834019433758e-05 0 0 0 -3.3398568413549506e-05 0 0 -2.9393744249500741e-05
leaf_weight=87 50 67 60 52 59 57 73 66 62 166 88 128 216 57 64 87 154 163 115 51 3032 84 85 51 55 62 790 50 81 349
leaf_count=87 50 67 60 52 59 57 73 66 62 166 88 128 216 57 64 87 154 163 115 51 3032 84 85 51 55 62 790 50 81 349
internal_value=1.02241e-06 -3.33215e-06 3.07395e-05 0.000137054 0.000241702 0.000357934 8.3273e-06 0.000129728 -2.48201e-05 0 4.56567e-05 0 0 3.10838e-05 7.35374e-05 0.000119056 -3.05366e-05 -8.45482e-06 0 -1.99451e-05 -3.39053e-05 1.18502e-05 2.92882e-05 4.99638e-05 -2.38303e-05 -2.64934e-05 -2.86412e-05 -2.20184e-05 -3.09831e-05 -2.59962e-05
internal_weight=6561 6511 2428 383 203 144 2045 126 4083 720 254 180 1919 424 208 144 3363 1495 269 1112 3094 383 220 136 1039 984 933 466 871 416
internal_count=6561 6511 2428 383 203 144 2045 126 4083 720 254 180 1919 424 208 144 3363 1495 269 1112 3094 383 220 136 1039 984 933 466 871 416
is_linear=0
shrinkage=0.05


Tree=14
num_leaves=31
num_cat=0
split_feature=2 50 138 103 50 137 42 142 93 15 133 114 99 84 0 126 116 100 61 75 77 37 133 104 80 2 99 59 138 133
split_gain=0.0079379 0.00172905 0.00167195 0.00258958 0.00105405 0.00136991 0.000885444 0.00130686 0.00200711 0.000282197 0.00022233 0.000273262 0.00017705 0.000174403 0.000150249 0.000239983 0.000182127 0.000171366 0.000126889 0.000123794 9.06201e-05 8.89819e-05 8.29063e-05 6.83827e-05 6.07231e-05 4.84949e-05 4.25282e-05 3.50348e-05 1.13197e-05 1.12477e-05
threshold=0.048280649000000009 1012.4500000000002 4.745000000000001 979.80000000000007 993.95000000000016 1.4850000000000001 0.6150000000000001 193.38585785282802 265.98722190000007 0.00092083333333333351 43.690000000000005 22.150000000000002 -3.9000000000000337 12.350000000000003 0.089450000000000016 18.500000000000004 269.73504475000004 6.0999999999999668 1742.3500000000001 13.65 289.42828990000004 2.0500000000000003 80.390000000000015 18.550000000000008 33.712500000000013 3.2200000000000003e-05 -3.5499999999999541 14.759850000000002 5.3500000000000005 86.820000000000007
decision_type=2 2 2 2 2 2 2 2 2 2 2 10 2 2 2 2 8 2 2 2 2 2 2 2 2 2 2 2 2 2
left_child=1 2 3 -1 5 -5 19 -8 -9 12 -11 18 13 -4 16 17 22 -16 -12 -6 21 23 28 26 29 -17 -14 -21 -3 -18
right_child=-2 14 9 4 6 -7 7 8 -10 10 11 -13 20 -15 15 25 24 -19 -20 27 -22 -23 -24 -25 -26 -27 -28 -29 -30 -31
leaf_value=0.00041718692283999794 0.00062294927280448725 0 0.00010040779680431504 0 1.52146186684197e-05 0.00038472731273267766 0 0.00044274975530358713 0 0 0.00014228889360694966 0 0 0 0.0001101309217884173 0 -3.3314721413221634e-05 0 0 -3.8034473205782578e-05 0 0 5.7743016249362207e-05 0 0 -2.7892980952395945e-05 -4.130888338000675e-05 0 -1.2764930366823541e-05 0
leaf_weight=59 50 62 55 51 94 53 116 54 53 191 102 90 55 58 73 64 3018 52 54 285 163 114 61 106 94 323 712 55 176 68
leaf_count=59 50 62 55 51 94 53 116 54 53 191 102 90 55 58 73 64 3018 52 54 285 163 114 61 106 94 323 712 55 176 68
internal_value=1.05113e-06 -3.05174e-06 2.84704e-05 8.70642e-05 5.43943e-05 0.000208579 2.21089e-05 0.000105572 0.000231015 0 3.47578e-05 6.62768e-05 -1.18115e-05 3.35826e-05 -2.42101e-05 0 -2.79339e-05 6.10177e-05 0.000106122 -9.42646e-06 -2.06413e-05 -2.6938e-05 0 -3.27846e-05 -3.15719e-05 -1.83635e-05 -3.80234e-05 -3.09264e-05 -1.50571e-06 -3.28072e-05
internal_weight=6561 6511 2520 820 761 104 657 223 107 1700 437 246 1263 113 3991 512 3479 125 156 434 1150 987 299 873 3180 387 767 340 238 3086
internal_count=6561 6511 2520 820 761 104 657 223 107 1700 437 246 1263 113 3991 512 3479 125 156 434 1150 987 299 873 3180 387 767 340 238 3086
is_linear=0
shrinkage=0.05


Tree=15
num_leaves=31
num_cat=0
split_feature=59 103 50 105 102 122 139 49 84 93 42 16 36 13 119 104 137 47 119 17 36 3 73 30 84 6 104 104 33 83
split_gain=0.00300344 0.00816013 0.00132663 0.000865652 0.000727643 0.000295525 0.00038304 0.000425127 0.000911388 0.000338223 0.000295586 0.000292098 0.00025719 0.000296053 0.000241258 0.000405106 0.00021677 0.000172459 0.000136491 0.000192961 0.000131708 0.000124875 0.000110047 8.24445e-05 3.74072e-05 3.70044e-05 2.33565e-05 1.68376e-05 1.89342e-05 1.0966e-05
threshold=14.359100000000002 1199.4000000000003 1007.6500000000002 6.5000000000000009 -7.2499999999999991 15.500000000000002 22.268858183044618 955.6500000000002 11.450000000000005 264.57181340000005 0.6150000000000001 0.74500000000000011 274.77628910000004 0.00075518531250000018 13.750000000000002 2.6500000000000008 0.045000000000000005 40.500000000000007 3.8500000000000001 0.023500000000000004 261.08226905000009 0.13177609650000002 17.650000000000002 -0.78857142857142926 5.950000000000002 0.014288194444444445 1.8500000000000005 25.650000000000002 -0.98415470565086649 25.350000000000005
decision_type=2 2 2 2 2 2 2 2 2 2 2 2 2 2 10 2 2 2 8 2 2 2 2 2 2 2 2 2 2 2
left_child=2 -2 3 -1 -5 10 29 -8 9 -9 23 -12 -3 -14 16 21 18 -13 19 -4 -18 26 -23 25 -11 -6 -16 28 -20 -7
right_child=1 12 14 4 5 6 7 8 -10 24 11 17 13 -15 15 -17 20 -19 27 -21 -22 22 -24 -25 -26 -27 -28 -29 -30 -31
leaf_value=0.00023182602030944756 0.00073181001188155894 0 0 0.00020778932449152656 -3.4192890162182471e-05 0 0 0.00030447966037055237 0 0 0 0.00016387961770912324 0.00014551158558716499 0 -2.7242209378184124e-05 0.00013631425414657245 0 0 0 0.00011538450291680586 -3.7237106519773602e-05 7.2661399289075749e-05 0 0 8.317605976816804e-05 0 0 0 -2.0134724215919386e-05 -1.5052255575111217e-05
leaf_weight=54 50 138 50 51 578 111 113 61 108 51 127 56 75 96 512 51 154 51 85 54 2742 58 142 161 51 53 74 52 445 120
leaf_count=54 50 138 50 51 578 111 113 61 108 51 127 56 75 96 512 51 154 51 85 54 2742 58 142 161 51 53 74 52 445 120
internal_value=0 0.000140817 -7.74648e-06 2.78752e-05 1.82797e-05 9.22193e-06 3.7574e-05 6.88924e-05 0.000103079 0.000177526 -2.92422e-06 3.9649e-05 2.70059e-05 7.10823e-05 -2.29554e-05 0 -2.86073e-05 0.000100907 0 4.87799e-05 -3.463e-05 -7.68854e-06 1.34542e-05 -2.1842e-05 5.08406e-05 -3.04094e-05 -2.3433e-05 -1.25198e-05 -1.58546e-05 0
internal_weight=6524 359 6165 1746 1692 1641 615 384 271 163 1026 234 309 171 4419 837 3582 107 686 104 2896 786 200 792 102 631 586 582 530 231
internal_count=6524 359 6165 1746 1692 1641 615 384 271 163 1026 234 309 171 4419 837 3582 107 686 104 2896 786 200 792 102 631 586 582 530 231
is_linear=0
shrinkage=0.05


Tree=16
num_leaves=31
num_cat=0
split_feature=59 15 50 131 85 116 29 137 99 132 119 134 137 36 119 17 11 90 140 50 4 73 135 2 81 105 104 49 73 1
split_gain=0.00272007 0.0073905 0.00121574 0.00115062 0.00103276 0.00249735 0.00104166 0.00183052 0.000258635 0.000336835 0.000220559 0.000433403 0.000195827 0.000121262 0.000120354 0.000176697 8.74993e-05 7.0365e-05 5.86375e-05 4.62492e-05 3.30104e-05 2.917e-05 2.45262e-05 2.37465e-05 1.93488e-05 0.000132712 3.86106e-05 1.27839e-05 4.67494e-05 9.9611e-06
threshold=14.359100000000002 0.0040145833333333344 1007.6500000000002 104.25131654813585 266.81470900000005 267.84176380000002 30.450000000000003 0.62000000000000011 -0.14999999999997723 3.5000000000000004 13.750000000000002 6.8100000000000014 0.045000000000000005 261.08226905000009 3.8500000000000001 0.023500000000000004 0.0027435850625000002 26.243877551020411 17.960000000000004 993.45000000000016 0.0066404355000000007 41.250000000000007 7.9300000000000006 0.00015343650000000002 35.850000000000001 22.500000000000004 7.3500000000000023 988.55000000000007 18.850000000000005 4.5550000000000003e-05
decision_type=2 2 2 2 2 10 2 2 2 2 10 2 2 2 8 2 2 2 2 2 2 2 2 2 2 2 2 2 2 2
left_child=2 8 3 4 24 -6 7 -7 9 -2 12 -12 14 -14 15 -4 20 19 -19 -5 -13 -15 -21 -16 25 -1 -26 28 -18 -24
right_child=1 -3 10 17 5 6 -8 -9 -10 -11 11 16 13 21 23 -17 27 18 -20 22 -22 -23 29 -25 26 -27 -28 -29 -30 -31
leaf_value=0 0.00016094982119916419 0.00063382472220602671 0 0 0.00042552574135925171 0.0003420662912655756 0 0 -1.010149406374049e-05 0 0.00012231642341837013 -3.0045571284934551e-05 0 -3.610018046934478e-05 -2.0135399226790576e-05 0.00010972017334543952 5.2019794007554243e-05 0 4.6411669392546167e-05 0 0 0 0 0 0 6.7789530984083306e-05 -3.5935774358635665e-05 0 0 -2.8326201265721438e-05
leaf_weight=90 58 61 50 90 63 72 235 87 140 100 67 406 154 2689 344 54 54 206 74 57 68 53 82 238 52 78 87 89 153 473
leaf_count=90 58 61 50 90 63 72 235 87 140 100 67 406 154 2689 344 54 54 206 74 57 68 53 82 238 52 78 87 89 153 473
internal_value=0 0.000134219 -7.14579e-06 2.69153e-05 7.34277e-05 0.000121008 5.87041e-05 0.000157428 1.34509e-05 6.56988e-05 -2.1738e-05 0 -2.71444e-05 -3.28677e-05 0 4.58129e-05 -9.26197e-06 -4.22304e-06 7.29635e-06 -1.59339e-05 -2.44901e-05 -3.53759e-05 -2.19039e-05 -1.17513e-05 0 1.35998e-05 -1.10566e-05 0 1.23957e-05 -2.52834e-05
internal_weight=6524 359 6165 1746 764 457 394 159 298 158 4419 837 3582 2896 686 104 770 982 280 702 474 2742 612 582 307 168 139 296 207 555
internal_count=6524 359 6165 1746 764 457 394 159 298 158 4419 837 3582 2896 686 104 770 982 280 702 474 2742 612 582 307 168 139 296 207 555
is_linear=0
shrinkage=0.05


end of trees

feature_importances:
last_N_t=20
wind_speed_at_t48h=18
log_customers=17
mslma_t=16
pop_density=14
pressure_change_3h=12
cumul_gust_since_onset=12
pct_unmapped=11
t2m_at_t24h=10
pct_agriculture=10
pct_wetland=10
wind_sin_t=9
soil_moist_x_gust=9
hour_of_day=9
pct_forest=9
last_D_t=8
sp_t=8
t2m_at_t48h=8
pct_developed=8
frac_zero_72h=7
gust_mean_next_1h=7
total_tp_next_6h=7
total_tp_next_24h=7
pressure_change_6h=7
cumul_tp_since_onset=7
rural_urban_code=7
pct_water=7
tree_canopy_std=7
pre_event_mean_osi=6
pre_event_max_outage_pct=6
wind_cos_t=6
d2m_t=6
wind_speed_max_next_6h=6
min_t2m_next_24h=6
wind_speed_at_t24h=6
pct_forest_classified=6
R_t_max_72h=5
gust_last_obs=5
gust_max_last6h_obs=5
total_tp_next_1h=5
min_t2m_next_6h=5
gust_peak4h_mean_next_6h=5
gust_peak4h_mean_next_24h=5
total_tp_next_48h=5
tree_canopy_pct=5
last_R_t=4
osi_mean_72h=4
gust_max_obs=4
gust_exceed_30=4
gust_max_next_6h=4
gust_mean_next_48h=4
gust_change_3h=4
gust_gt30_since_onset=4
gust_at_t48h=4
hour_sin=4
hours_since_obs=4
last_osi=3
last_P_t=3
R_t_mean_72h=3
storm_onset_mean_osi=3
gust_gt30_obs=3
vpd_t=3
blh_t=3
gust_x_phase=3
min_t2m_next_48h=3
gust_gt30_next_48h=3
gust_at_t24h=3
tp_rate_next_24h=3
N_t_mean_72h=2
storm_onset_max_osi=2
gust_trend_last6h_obs=2
tp_t=2
lcc_t=2
soil_gust_x_phase=2
min_t2m_next_1h=2
gust_gt30_next_1h=2
t2m_at_t1h=2
t2m_at_t6h=2
n_utilities=2
tp_rate_next_6h=2
tp_rate_next_48h=2
osi_max_72h=1
outage_pct_mean_72h=1
outage_pct_max_72h=1
N_t_max_72h=1
osi_trend_last6h=1
hours_since_peak=1
gust_t=1
t2m_t=1
soil_moist_t=1
mcc_t=1
sdswrf_t=1
et0_t=1
dewpoint_c_t=1
gust_x_hso=1
gust_max_next_1h=1
gust_mean_next_6h=1
gust_max_next_24h=1
gust_mean_next_24h=1
wind_speed_max_next_24h=1
gust_peak4h_mean_next_48h=1
gust_change_1h=1
temp_change_6h=1
wind_change_1h=1
gust_at_t1h=1
gust_at_t6h=1
tp_at_t6h=1
tp_at_t24h=1
forest_x_customers=1
tp_rate_next_1h=1
gust_gt30_frac_next_48h=1

parameters:
[boosting: gbdt]
[objective: regression]
[metric: custom]
[tree_learner: serial]
[device_type: cpu]
[data_sample_strategy: bagging]
[data: ]
[valid: ]
[num_iterations: 2000]
[learning_rate: 0.05]
[num_leaves: 31]
[num_threads: 1]
[seed: 42]
[deterministic: 1]
[force_col_wise: 1]
[force_row_wise: 0]
[histogram_pool_size: -1]
[max_depth: -1]
[min_data_in_leaf: 50]
[min_sum_hessian_in_leaf: 0.001]
[bagging_fraction: 0.8]
[pos_bagging_fraction: 1]
[neg_bagging_fraction: 1]
[bagging_freq: 5]
[bagging_seed: 42]
[bagging_by_query: 0]
[feature_fraction: 0.8]
[feature_fraction_bynode: 1]
[feature_fraction_seed: 42]
[extra_trees: 0]
[extra_seed: 12879]
[early_stopping_round: 0]
[early_stopping_min_delta: 0]
[first_metric_only: 0]
[max_delta_step: 0]
[lambda_l1: 0.1]
[lambda_l2: 1]
[linear_lambda: 0]
[min_gain_to_split: 0]
[drop_rate: 0.1]
[max_drop: 50]
[skip_drop: 0.5]
[xgboost_dart_mode: 0]
[uniform_drop: 0]
[drop_seed: 42]
[top_rate: 0.2]
[other_rate: 0.1]
[min_data_per_group: 100]
[max_cat_threshold: 32]
[cat_l2: 10]
[cat_smooth: 10]
[max_cat_to_onehot: 4]
[top_k: 20]
[monotone_constraints: ]
[monotone_constraints_method: basic]
[monotone_penalty: 0]
[feature_contri: ]
[forcedsplits_filename: ]
[refit_decay_rate: 0.9]
[cegb_tradeoff: 1]
[cegb_penalty_split: 0]
[cegb_penalty_feature_lazy: ]
[cegb_penalty_feature_coupled: ]
[path_smooth: 0]
[interaction_constraints: ]
[verbosity: -1]
[saved_feature_importance_type: 0]
[use_quantized_grad: 0]
[num_grad_quant_bins: 4]
[quant_train_renew_leaf: 0]
[stochastic_rounding: 1]
[linear_tree: 0]
[max_bin: 255]
[max_bin_by_feature: ]
[min_data_in_bin: 3]
[bin_construct_sample_cnt: 200000]
[data_random_seed: 42]
[is_enable_sparse: 1]
[enable_bundle: 1]
[use_missing: 1]
[zero_as_missing: 0]
[feature_pre_filter: 1]
[pre_partition: 0]
[two_round: 0]
[header: 0]
[label_column: ]
[weight_column: ]
[group_column: ]
[ignore_column: ]
[categorical_feature: ]
[forcedbins_filename: ]
[precise_float_parser: 0]
[parser_config_file: ]
[objective_seed: 16083]
[num_class: 1]
[is_unbalance: 0]
[scale_pos_weight: 1]
[sigmoid: 1]
[boost_from_average: 1]
[reg_sqrt: 0]
[alpha: 0.9]
[fair_c: 1]
[poisson_max_delta_step: 0.7]
[tweedie_variance_power: 1.5]
[lambdarank_truncation_level: 30]
[lambdarank_norm: 1]
[label_gain: ]
[lambdarank_position_bias_regularization: 0]
[eval_at: ]
[multi_error_top_k: 1]
[auc_mu_weights: ]
[num_machines: 1]
[local_listen_port: 12400]
[time_out: 120]
[machine_list_filename: ]
[machines: ]
[gpu_platform_id: -1]
[gpu_device_id: -1]
[gpu_device_id_list: ]
[gpu_use_dp: 0]
[num_gpu: 1]

end of parameters

pandas_categorical:[]
