tree
version=v4
num_class=1
num_tree_per_iteration=1
label_index=0
max_feature_idx=162
objective=huber
feature_names=last_osi last_P_t last_N_t last_D_t last_R_t last_outage_pct osi_mean_72h osi_max_72h osi_std_72h outage_pct_mean_72h outage_pct_max_72h N_t_mean_72h N_t_max_72h R_t_mean_72h R_t_max_72h pre_event_mean_osi pre_event_max_outage_pct storm_onset_max_osi storm_onset_mean_osi osi_trend_last6h is_worsening frac_zero_72h hours_since_peak gust_mean_obs gust_max_obs gust_gt30_obs gust_gt40_obs cumul_gust_obs gust_last_obs gust_max_last6h_obs gust_trend_last6h_obs gust_t wind_speed_t wind_sin_t wind_cos_t t2m_t d2m_t tp_t rain_t csnow_t sdwe_t r2_t vpd_t soil_moist_t blh_t tcc_t lcc_t mcc_t hcc_t sp_t mslma_t sdswrf_t direct_rad_t diffuse_rad_t et0_t temp_c_t dewpoint_c_t icing_risk_t gust_exceed_30 soil_moist_x_gust is_snowing gust_x_hso gust_x_phase soil_gust_x_phase gust_exceed30_x_hso gust_max_next_1h gust_mean_next_1h wind_speed_max_next_1h total_tp_next_1h min_t2m_next_1h gust_gt30_next_1h gust_gt40_next_1h gust_peak4h_mean_next_1h gust_max_next_6h gust_mean_next_6h wind_speed_max_next_6h total_tp_next_6h min_t2m_next_6h gust_gt30_next_6h gust_gt40_next_6h gust_peak4h_mean_next_6h gust_max_next_24h gust_mean_next_24h wind_speed_max_next_24h total_tp_next_24h min_t2m_next_24h gust_gt30_next_24h gust_gt40_next_24h gust_peak4h_mean_next_24h gust_max_next_48h gust_mean_next_48h wind_speed_max_next_48h total_tp_next_48h min_t2m_next_48h gust_gt30_next_48h gust_gt40_next_48h gust_peak4h_mean_next_48h gust_change_1h gust_change_3h pressure_change_3h pressure_change_6h temp_change_6h wind_change_1h cumul_gust_since_onset cumul_tp_since_onset gust_gt30_since_onset gust_at_t1h wind_speed_at_t1h t2m_at_t1h tp_at_t1h gust_at_t6h wind_speed_at_t6h t2m_at_t6h tp_at_t6h gust_at_t24h wind_speed_at_t24h t2m_at_t24h tp_at_t24h gust_at_t48h wind_speed_at_t48h t2m_at_t48h tp_at_t48h hour_of_day hour_sin hour_cos days_since_onset hours_since_obs storm_phase log_customers rural_urban_code is_metro pop_density n_utilities pct_forest pct_developed pct_agriculture pct_water pct_wetland pct_unmapped pct_forest_classified tree_canopy_pct tree_canopy_std forest_x_customers window_len_next_1h is_full_next_1h tp_rate_next_1h gust_gt30_frac_next_1h has_weather_at_t1h window_len_next_6h is_full_next_6h tp_rate_next_6h gust_gt30_frac_next_6h has_weather_at_t6h window_len_next_24h is_full_next_24h tp_rate_next_24h gust_gt30_frac_next_24h has_weather_at_t24h window_len_next_48h is_full_next_48h tp_rate_next_48h gust_gt30_frac_next_48h has_weather_at_t48h
feature_infos=[0:0.55230000000000001] [0:0.82424180700000005] [0:0.065400654000000003] [0:0.90465771100000003] [0:0.058582058999999999] [0:82.420000000000002] [4.1666666666666669e-06:0.26529999999999998] [0.0001:0.65049999999999997] [1.9982631347136334e-05:0.22470370552747407] [0.00083333333333333328:39.644861111111112] [0.02:100] [3.1208333333333337e-06:0.018623942125000001] [7.4900000000000005e-05:0.37916412199999999] [3.1208333333333337e-06:0.017093115180555556] [7.4900000000000005e-05:0.18675781699999999] [0:0.38653749999999998] [0:100] [0:0.59799999999999998] [0:0.20940416666666664] [-0.055854285714285697:0.019237142857142855] [0:1] [0:0.95833333333333337] [0:71] [13.769444444444444:31.258333333333326] [29.100000000000001:70] [0:35] [0:18] [991.39999999999998:2250.5999999999995] [3.5:47.5] [15.6:64.5] [-6.477142857142856:3.3114285714285714] [0.90000000000000002:58.299999999999997] [0:38] [-0.99999999953664132:0.99999999987412524] [-0.99999999369183823:1] [259.85092730000002:298.4303941] [257.33913039999999:289.8677619] [0:11.300000000000001] [0:11.300000000000001] [0:2.6600000000000001] [0:0.080000000000000002] [15:100] [0:2.5] [0.17000000000000001:0.52300000000000002] [10:3090] [0:100] [0:100] [0:100] [0:100] [884.60000000000002:1022.4] [986.70000000000005:1031.5999999999999] [0:863] [0:731] [0:454] [0:0.60999999999999999] [-13.299072699999954:25.280394100000024] [-15.81086959999999:16.717761900000028] [0:1] [0:28.299999999999997] [0.24840000000000004:23.550000000000001] [0:1] [1.6000000000000001:3819.7999999999997] [0:107.59999999999999] [0:47.100000000000001] [0:1689.7999999999997] [1.3999999999999999:58.299999999999997] [1.2999999999999998:54.400000000000006] [0.10000000000000001:38] [0:14.699999999999999] [259.85092730000002:298.21776599999998] [0:2] [0:2] [1.2999999999999998:54.400000000000006] [2.7999999999999998:58.299999999999997] [2.0571428571428569:49.328571428571429] [0.40000000000000002:38] [0:25.200000000000003] [259.85092730000002:296.40927479999999] [0:7] [0:7] [2.5999999999999996:52.024999999999999] [8.3000000000000007:58.299999999999997] [4.5520000000000005:42.796000000000006] [5:38] [0:51.199999999999996] [259.85092730000002:286.57337899999999] [0:25] [0:19] [7.5:52.024999999999999] [10.1:58.299999999999997] [5.3392857142857135:37.651020408163269] [5.0999999999999996:38] [0:52.900000000000006] [259.85092730000002:282.77648069999998] [0:42] [0:22] [9.375:52.024999999999999] [-24.299999999999997:23.800000000000001] [-32:35.700000000000003] [-6.1000000000000227:9.3000000000000682] [-10.600000000000023:13.700000000000045] [-20.027499999999975:21.845291299999985] [-15.300000000000001:28.000000000000004] [348.89999999999998:4155.3000000000002] [0:53.200000000000003] [0:61] [0.90000000000000002:58.299999999999997] [0:38] [259.85092730000002:298.4303941] [0:11.300000000000001] [0.90000000000000002:58.299999999999997] [0:38] [259.85092730000002:298.4303941] [0:11.300000000000001] [0.90000000000000002:58.299999999999997] [0:38] [259.85092730000002:298.4303941] [0:11.300000000000001] [0.90000000000000002:53.799999999999997] [0:34.299999999999997] [259.85092730000002:296.58327589999999] [0:11.300000000000001] [0:23] [-1:1] [-1:1] [1:5] [1:120] [0:3] [7.9247959139564355:13.272327018090158] [1:9] [0:1] [8.3691524328166658:3138.2235042681623] [1:14] [2.4399999999999999:88.719999999999999] [2.21:77.180000000000007] [0.040000000000000001:85.829999999999998] [0.01:5.5099999999999998] [0:19.780000000000001] [1.9299999999999999:18.32] [2.5641025641025643:95.815074496056084] [2.71:81.680000000000007] [13.6:40.350000000000001] [23.724227923039628:931.7442536362413] none none [0:7.3499999999999996] [0:1] none none none [0:3.6000000000000005] [0:1] none none none [0:2.048] [0:1] none [25:49] [0:1] [0:1.0795918367346939] [0:0.8571428571428571] [0:1]
tree_sizes=3054 2768 2814 2705 2742 2752 2746 2740 2760 2783 2734 2807 2728 2744 2758 2723 2743 2704 2800 2718 2716

Tree=0
num_leaves=31
num_cat=0
split_feature=92 85 126 138 140 80 117 114 114 142 74 28 93 142 19 138 35 101 22 2 19 30 131 81 85 43 92 3 83 18
split_gain=0.00491275 0.0025377 0.00502071 0.00444547 0.0024057 0.00297275 0.000997971 0.00107282 0.000920004 0.00173751 0.000665944 0.000493018 0.000540261 0.000838262 0.000482428 0.000577972 0.000470951 0.000738389 0.000291907 0.00139499 0.000275374 0.000264428 0.000311988 0.000220956 0.000138534 0.000274462 0.000473773 0.000131451 0.000123767 0.000104078
threshold=7.450000000000002 280.17666835000006 15.500000000000002 5.3600000000000003 73.360000000000014 37.187500000000007 1.4500000000000002 35.050000000000004 29.850000000000005 730.0272198377213 24.464285714285719 23.950000000000003 269.31174855000006 786.39888458605481 -0.0030385714285714282 4.3400000000000007 284.16577435000005 -3.5384646499999799 1.0000000180025095e-35 0.0059917800000000012 5.7142857142857171e-06 -0.95857142857142885 132.55684451396999 38.95000000000001 276.10173990000004 0.35550000000000004 11.350000000000003 0.0083636115000000014 18.950000000000003 0.017208333333333336
decision_type=2 2 2 2 2 2 2 2 2 2 2 2 2 2 2 2 2 2 2 2 2 2 2 2 2 2 2 2 2 2
left_child=8 4 3 -3 6 16 7 24 18 -10 14 12 13 23 -9 -16 -6 -18 19 -1 21 22 -8 -4 27 -26 -27 -2 -17 -29
right_child=1 2 11 -5 5 -7 20 10 9 -11 -12 -13 -14 -15 15 28 17 -19 -20 -21 -22 -23 -24 -25 25 26 -28 29 -30 -31
leaf_value=0.00062485964442341151 0.00062042760644412821 0.0014364917242680032 0.00068550926287342631 0.00066603773325828392 0.0006388651205582503 0.0010701554300974001 0.00083044340081104109 0.0006388651205582503 0.0006388651205582503 0.00090265973042620714 0.0006388651205582503 0.0006388651205582503 0.00063897296529765476 0.0006388651205582503 0.000903567299138539 0.0006388651205582503 0.00090194179110146197 0.00066665335186259994 0.00061283921493744383 0.00088924078147775004 0.0006388651205582503 0.0006388651205582503 0.00065150435716127616 0.00098269696717614161 0.0006388651205582503 0.00081444924004850329 0.0006388651205582503 0.00065354206063002998 0.00071789587005478405 0.00062795062798639396
leaf_weight=364 1864 50 62 53 213 73 142 107 619 72 333 264 164 52 83 50 69 194 10181 54 101 56 112 60 889 63 159 749 236 827
leaf_count=364 1864 50 62 53 213 73 142 107 619 72 333 264 164 52 83 50 69 194 10181 54 101 56 112 60 889 63 159 749 236 827
internal_value=0.000638865 0.000671855 0.000763337 0.00109219 0.000660841 0.000761746 0.000650356 0.000643599 0.000618604 0.000671481 0.000697033 0.000698121 0.000738271 0.000802755 0.000734968 0.000762017 0.000703161 0.000748085 0.000614682 0.000647597 0.000726124 0.000749772 0.000771508 0.000873925 0.000635188 0.000648467 0.000698335 0.000629445 0.000702737 0.000638865
internal_weight=18315 7025 705 103 6320 549 5771 5360 11290 691 809 602 338 174 476 369 476 263 10599 418 411 310 254 122 4551 1111 222 3440 286 1576
internal_count=18315 7025 705 103 6320 549 5771 5360 11290 691 809 602 338 174 476 369 476 263 10599 418 411 310 254 122 4551 1111 222 3440 286 1576
is_linear=0
shrinkage=1


Tree=1
num_leaves=31
num_cat=0
split_feature=92 133 116 43 133 35 81 134 142 33 83 42 121 2 119 123 22 53 9 124 2 115 80 112 107 92 42 99 123 42
split_gain=0.00450777 0.00359443 0.00291713 0.00493421 0.00100589 0.00118113 0.000932065 0.0010006 0.000892162 0.00075731 0.00106166 0.00169434 0.000710158 0.00202162 0.000605664 0.000412725 0.000378445 0.000642954 0.000481721 0.000157241 0.000289275 0.000139839 0.000136976 0.000130452 0.000159018 9.7912e-05 0.000106321 0.000101922 0.00010707 8.25522e-05
threshold=7.450000000000002 88.200000000000003 292.50906310000005 0.37450000000000006 79.980000000000004 284.16577435000005 41.95000000000001 8.4150000000000009 779.97322007526816 0.58301290948210438 31.000000000000004 0.45500000000000007 0.15000000000000005 0.0030276435000000002 6.4500000000000011 1.0000000180025095e-35 36.500000000000007 4.5000000000000009 0.045486111111111123 -0.98296291314453399 0.0012152840000000003 17.050000000000004 17.687500000000004 286.38105610000008 13.050000000000002 17.450000000000006 0.74500000000000011 -3.4000000000000337 -0.37940952255126059 0.38500000000000006
decision_type=2 2 2 2 2 2 2 2 2 2 2 2 10 2 10 2 2 2 2 2 2 2 2 2 2 2 2 2 2 2
left_child=12 2 4 6 9 -6 -4 -8 14 25 15 -12 19 -14 -7 16 29 18 -18 20 -1 -21 -9 -10 -25 -2 -27 -28 -29 -11
right_child=1 -3 3 -5 5 8 7 22 23 10 11 -13 13 -15 -16 -17 17 -19 -20 21 -22 -23 -24 24 -26 26 27 28 -30 -31
leaf_value=-6.8354336961123793e-06 -1.2441595792584174e-05 0.00034021822867695545 9.9514878286299713e-07 0.0004893316495537661 0 0.00031674860755010744 0.00028613534381972619 8.325407574676895e-05 0 3.8940143975185645e-05 0.00033192681906220973 0 0 0.00029444331349168354 0 0 0 0 0.00025318964636963177 -2.5371196795841001e-05 0.00011758222008425304 0 0 0.00012940524575118985 0 -2.2451415159550528e-06 0 7.7571203661501854e-05 0 0
leaf_weight=386 2495 95 383 84 340 99 90 97 88 168 74 74 624 63 57 1136 57 78 82 9615 50 552 104 58 64 668 92 131 113 298
leaf_count=386 2495 95 383 84 340 99 90 97 88 168 74 74 624 63 57 1136 57 78 82 9615 50 552 104 58 64 668 92 131 113 298
internal_value=8.25005e-08 3.17963e-05 2.67984e-05 0.00012024 1.4495e-05 7.13567e-05 6.61763e-05 0.000134544 0.000133622 6.22429e-06 3.15111e-05 0.000164404 -1.92091e-05 2.68106e-05 0.000232938 1.78668e-05 4.85581e-05 0.000107281 0.000171473 -2.26646e-05 0 -2.3966e-05 4.08343e-05 3.53937e-05 6.92851e-05 -6.56732e-06 3.05335e-06 2.83995e-05 4.63618e-05 1.03349e-05
internal_weight=18315 7025 6930 758 6172 706 674 291 366 5466 1967 148 11290 687 156 1819 683 217 139 10603 436 10167 201 210 122 3499 1004 336 244 466
internal_count=18315 7025 6930 758 6172 706 674 291 366 5466 1967 148 11290 687 156 1819 683 217 139 10603 436 10167 201 210 122 3499 1004 336 244 466
is_linear=0
shrinkage=0.05


Tree=2
num_leaves=31
num_cat=0
split_feature=103 122 13 133 103 128 100 43 81 114 137 114 114 137 67 140 93 128 117 33 112 22 23 9 119 9 50 137 140 13
split_gain=0.00412424 0.00278961 0.00358372 0.00384629 0.00302051 0.00125368 0.000871039 0.000865322 0.00141136 0.000712629 0.000519198 0.00104771 0.00173944 0.000425592 0.000354366 0.000340989 0.000357599 0.0003348 0.000226142 0.000221714 0.00028467 0.000326913 0.000178135 0.000154986 0.000117595 0.000113899 9.9637e-05 0.000130677 0.000100916 9.20649e-05
threshold=1502.0000000000002 9.5000000000000018 0.0040352463333333342 20.835000000000004 601.75000000000011 8.451898608804397 -0.69999999999998852 0.35450000000000004 48.550000000000004 31.550000000000004 0.055000000000000007 16.550000000000004 17.650000000000002 1.0000000180025095e-35 4.9500000000000011 17.960000000000004 273.44375130000009 8.9457198291655953 1.0000000180025095e-35 0.066877942068385335 281.10065935000006 12.500000000000002 22.076388888888893 0.047777777777777787 11.850000000000003 1.8463888888888891 1012.2500000000001 0.14500000000000005 17.960000000000004 0.0029375659652777783
decision_type=2 2 2 2 2 2 2 2 2 2 2 2 2 2 2 2 2 2 2 2 2 2 2 2 10 2 2 2 2 2
left_child=1 6 4 -4 -3 -6 13 19 9 -9 11 -2 -13 -1 -11 -16 -17 -14 25 -7 -21 -22 23 -23 -25 -15 -20 -28 -29 -12
right_child=10 2 3 -5 5 7 -8 8 -10 14 29 12 17 18 15 16 -18 -19 26 20 21 22 -24 24 -26 -27 27 28 -30 -31
leaf_value=0.00014023805015236386 -1.8090280542377477e-05 0.00037661728453147937 0 0.00058902559392770538 0.00023266692129719232 -1.8337839375279554e-06 -2.3040870057056532e-05 9.6250451641853758e-07 0.00031348163399824822 0 -2.387045781861486e-05 0.00032699879786670896 9.2139122025676476e-05 -6.5287772826543241e-06 0 0.00022380869521886645 0 0 0 0 1.7204832836012226e-06 0 0 0.0001749971753632369 0 5.7224417365208142e-05 0 0 9.4131903307590549e-05 -1.7299321058995778e-06
leaf_weight=94 1270 73 58 67 93 709 1889 476 67 73 8800 58 131 687 97 134 66 410 66 791 351 64 78 120 60 77 88 149 198 1021
leaf_count=94 1270 73 58 67 93 709 1889 476 67 73 8800 58 131 687 97 134 66 410 66 791 351 64 78 120 60 77 88 149 198 1021
internal_value=2.08538e-07 3.1991e-05 6.38123e-05 0.000333059 5.18268e-05 4.26801e-05 0 3.52615e-05 7.75915e-05 5.26587e-05 -1.73769e-05 4.65179e-06 6.11527e-05 2.93838e-05 0.000105506 0.000129735 0.000170865 2.28758e-05 1.70927e-05 1.51488e-05 2.67819e-05 5.11366e-05 8.93512e-05 0.000111099 0.000137289 0 4.31625e-05 5.21185e-05 6.58938e-05 -2.20782e-05
internal_weight=18315 6625 3377 125 3252 3179 3248 3086 913 846 11690 1869 599 1359 370 297 200 541 1265 2173 1464 673 322 244 180 764 501 435 347 9821
internal_count=18315 6625 3377 125 3252 3179 3248 3086 913 846 11690 1869 599 1359 370 297 200 541 1265 2173 1464 673 322 244 180 764 501 435 347 9821
is_linear=0
shrinkage=0.05


Tree=3
num_leaves=31
num_cat=0
split_feature=114 82 29 124 117 128 88 30 53 120 133 22 59 50 21 128 28 2 2 16 50 126 131 22 33 21 131 120 98 132
split_gain=0.00382182 0.00275154 0.0027015 0.00322494 0.00248053 0.00377914 0.000839833 0.00131441 0.00196828 0.000597764 0.00101888 0.000651214 0.000402156 0.000319153 0.000311472 0.000523308 0.000481239 0.000256477 0.00117622 0.000238686 0.000220364 0.000198091 0.000170075 0.000153255 0.000150217 0.000148999 0.000176223 0.00012984 0.000153495 0.000149881
threshold=29.350000000000005 26.566000000000003 25.400000000000002 -0.78656609248549325 0.45000000000000007 8.6631100625819304 31.312500000000007 -0.50428571428571423 57.500000000000007 270.15917125000004 80.390000000000015 7.5000000000000009 9.6092500000000012 1013.2500000000001 0.4513888888888889 9.6670687419310752 32.150000000000006 0.0059917800000000012 0.0060912370000000002 0.24500000000000002 1020.5500000000001 19.500000000000004 66.863867284344977 9.5000000000000018 0.96918555308798071 0.5902777777777779 128.25942861116394 274.38326190000004 3.3000000000000029 5.5000000000000009
decision_type=2 2 2 2 2 2 2 2 2 8 2 2 2 2 2 2 2 2 2 2 2 2 2 2 2 2 2 10 2 2
left_child=4 2 3 -2 9 -6 -4 19 -9 10 -1 -12 -13 -3 -15 16 22 -11 -19 -8 23 -5 -16 -7 27 26 -25 28 29 -21
right_child=1 13 6 21 5 20 7 8 -10 17 11 12 -14 14 15 -17 -18 18 -20 24 -22 -23 -24 25 -26 -27 -28 -29 -30 -31
leaf_value=-3.3997753735146186e-06 0.00049384864339915618 -3.6421777300116373e-06 0 0 0.00046584567102338236 1.0687768801100597e-05 0 0 0.00040227520954875043 -2.2298543321740408e-05 0 0.00023836995593623929 0 0 0.00025542995554286803 0 0 0.00022428616330404929 -8.8731487499943925e-06 0.00015265546927405312 0 0.00011515410284907073 0 0.00013763943515918251 0 0 0 0 0 0
leaf_weight=2148 97 1286 313 62 58 359 215 57 81 11039 99 91 58 328 70 250 60 57 528 188 164 59 50 142 141 58 57 67 73 60
leaf_count=2148 97 1286 313 62 58 359 215 57 81 11039 99 91 58 328 70 250 60 57 528 188 164 59 50 142 141 58 57 67 73 60
internal_value=3.59217e-07 4.79634e-05 0.000101953 0.000271466 -1.03828e-05 7.20793e-05 6.66473e-05 9.16197e-05 0.000245081 -1.56731e-05 5.46882e-06 0.000102068 0.000167771 8.16438e-06 3.47611e-05 6.27262e-05 0.00012883 -2.04612e-05 5.65649e-06 5.61529e-05 3.58382e-05 4.96217e-05 0.000186467 5.01862e-05 7.45529e-05 8.57259e-05 0.000106502 9.24024e-05 0.000106409 0.000127214
internal_weight=18315 3457 1413 218 14858 838 1195 882 138 14020 2396 248 149 2044 758 430 180 11624 585 744 780 121 120 616 529 257 199 388 321 248
internal_count=18315 3457 1413 218 14858 838 1195 882 138 14020 2396 248 149 2044 758 430 180 11624 585 744 780 121 120 616 529 257 199 388 321 248
is_linear=0
shrinkage=0.05


Tree=4
num_leaves=31
num_cat=0
split_feature=92 133 116 43 117 133 35 81 134 142 114 142 100 114 111 50 41 81 2 2 21 101 93 105 80 41 43 115 136 3
split_gain=0.0035302 0.00287922 0.00236872 0.00405134 0.00123279 0.000823443 0.000887787 0.000800234 0.000781459 0.000698268 0.000679189 0.0013432 0.000669402 0.000582958 0.000578803 0.000310457 0.000228836 0.000273883 0.000212403 0.00115814 0.000137132 0.000124524 0.000150216 0.00041477 0.00010203 8.85231e-05 0.000163995 0.000156491 0.000168074 6.62836e-05
threshold=7.450000000000002 88.200000000000003 292.50906310000005 0.37450000000000006 1.4500000000000002 79.980000000000004 284.16577435000005 41.95000000000001 8.4150000000000009 779.97322007526816 29.850000000000005 730.0272198377213 -5.1499999999999764 37.45000000000001 5.8500000000000005 1010.0500000000001 46.500000000000007 48.550000000000004 0.0059917800000000012 0.0060912370000000002 0.5902777777777779 2.4733302999999869 267.9373339500001 16.500000000000004 17.687500000000004 55.500000000000007 0.35250000000000004 15.65 0.97500000000000009 0.0030458220000000005
decision_type=2 2 2 2 2 2 2 2 2 2 2 2 2 2 2 2 2 2 2 2 2 2 2 2 2 2 2 2 2 2
left_child=10 2 4 7 5 13 -7 -4 -9 12 18 -12 -8 25 -6 -15 -17 -18 -1 -20 21 22 23 -16 -10 26 -2 -28 -29 -11
right_child=1 -3 3 -5 14 6 9 8 24 29 11 -13 -14 15 20 16 17 -19 19 -21 -22 -23 -24 -25 -26 -27 27 28 -30 -31
leaf_value=-2.1735014349330766e-05 -7.3843037201768094e-06 0.00030509337592093293 0 0.0004434936525341233 0.00027337723983132141 0 0 0.00025714302509716088 7.1675438718687336e-05 4.8466121048468361e-05 0 0.00023180935710165429 0.00031938835270011628 0 0.00019660953582691343 0 7.6414324977467246e-06 0.0002420541470902598 0.00022719802957197482 -1.1400742869918535e-05 0 0 0 0 0 -1.3552966721956577e-05 0 0 0.00012971789548258251 0
leaf_weight=10059 1723 95 383 84 51 316 57 90 97 100 619 72 75 122 92 97 86 55 54 486 151 73 110 80 104 2341 425 74 66 78
leaf_count=10059 1723 95 383 84 51 316 57 90 97 100 619 72 75 122 92 97 86 55 54 486 151 73 110 80 104 2341 425 74 66 78
internal_value=4.79569e-07 2.85691e-05 2.40135e-05 0.000108294 1.28368e-05 4.84148e-06 5.90403e-05 5.85163e-05 0.000121519 0.000119013 -1.65568e-05 2.85666e-05 0.000213794 -9.67647e-07 8.43227e-05 5.89189e-05 9.21463e-05 0.000135351 -1.99727e-05 3.59285e-06 5.49042e-05 7.24989e-05 8.78177e-05 0.000121599 3.50663e-05 -6.71669e-06 0 2.36277e-05 7.08213e-05 1.99911e-05
internal_weight=18315 7025 6930 758 6172 5615 626 674 291 310 11290 691 132 4989 557 360 238 141 10599 540 506 355 282 172 201 4629 2288 565 140 178
internal_count=18315 7025 6930 758 6172 5615 626 674 291 310 11290 691 132 4989 557 360 238 141 10599 540 506 355 282 172 201 4629 2288 565 140 178
is_linear=0
shrinkage=0.05


Tree=5
num_leaves=31
num_cat=0
split_feature=92 133 129 14 81 49 2 2 50 81 111 49 142 93 93 43 33 90 30 29 29 105 81 128 50 81 19 104 141 105
split_gain=0.0028743 0.00269485 0.00139288 0.00137316 0.00114243 0.00230597 0.000621146 0.00328805 0.00059523 0.000952131 0.00126047 0.000494974 0.00121144 0.00249775 0.000484344 0.000712951 0.000323377 0.000291283 0.000265625 0.000253612 0.000118863 0.000197333 0.000170559 0.000112386 9.17406e-05 8.27832e-05 7.50602e-05 5.17924e-05 6.74306e-05 8.87492e-05
threshold=7.450000000000002 88.200000000000003 7.5000000000000009 0.0082561165000000023 31.550000000000004 990.55000000000007 0.0059917800000000012 0.0060912370000000002 1009.85 35.550000000000004 4.7500000000000009 953.75000000000011 737.56509152187925 267.65480355000005 270.45069175000009 0.35050000000000003 0.28633554875398504 25.876530612244899 -0.50428571428571423 24.050000000000004 31.050000000000004 9.5000000000000018 51.150000000000013 11.212205432605712 1014.85 29.150000000000002 -0.020031428571428568 0.8500000000000002 31.185000000000006 14.500000000000002
decision_type=2 2 2 2 2 2 2 2 2 2 2 2 2 2 2 2 2 2 2 2 2 2 2 2 2 2 2 2 2 2
left_child=6 2 8 19 -5 11 17 -8 -2 25 -11 -6 16 -14 20 -16 -13 26 -19 -4 21 -12 23 -23 -18 -10 -1 -22 -29 -30
right_child=1 -3 3 4 5 -7 7 -9 9 10 14 12 13 -15 15 -17 24 18 -20 -21 27 22 -24 -25 -26 -27 -28 28 29 -31
leaf_value=0 -1.0579829543039112e-05 0.00030221321480914618 9.59738295194776e-05 0 0 0.00044995662610040936 0.00040103522772816103 0 -1.8707540183141347e-05 0.00029912362105632284 0 0 0.00049472426577120776 0 6.9706888385573701e-06 0.00020462187676199866 0.00015102127312275118 0 9.2190617380919035e-05 0 -4.1868769696383128e-07 0.00014762596039931411 0 0 0 1.0559325300792696e-06 -2.0780558038219611e-05 0 0 6.9275958891921625e-05
leaf_weight=122 2162 89 69 205 161 61 54 518 711 53 266 182 61 56 180 111 97 702 82 657 475 92 52 59 81 646 9912 278 71 109
leaf_count=122 2162 89 69 205 161 61 54 518 711 53 266 182 61 56 180 111 97 702 82 657 475 92 52 59 81 646 9912 278 71 109
internal_value=4.54809e-07 2.59692e-05 2.16351e-05 6.24993e-05 0.000104025 0.000134426 -1.47518e-05 3.30391e-05 8.02497e-06 2.25978e-05 4.73842e-05 9.57757e-05 0.000121866 0.0002751 3.63799e-05 9.99293e-05 5.75909e-05 -1.77437e-05 7.25906e-06 3.84326e-06 1.9564e-05 4.19243e-05 8.04225e-05 0.000107171 0.000105856 -5.6234e-06 -2.01961e-05 2.93772e-06 1.73053e-05 4.11193e-05
internal_weight=18374 6984 6895 1630 904 699 11390 572 5265 3103 1746 638 477 117 1693 291 360 10818 784 726 1402 469 203 151 178 1357 10034 933 458 180
internal_count=18374 6984 6895 1630 904 699 11390 572 5265 3103 1746 638 477 117 1693 291 360 10818 784 726 1402 469 203 151 178 1357 10034 933 458 180
is_linear=0
shrinkage=0.05


Tree=6
num_leaves=31
num_cat=0
split_feature=114 23 117 128 131 11 137 75 2 74 93 75 12 131 6 112 28 131 136 43 103 122 81 141 44 42 13 84 136 77
split_gain=0.00290806 0.0028612 0.00178603 0.00142776 0.00134935 0.00118605 0.000530027 0.00115842 0.00480979 0.000508921 0.000484566 0.00083609 0.00108823 0.000478544 0.000413677 0.00033725 0.000532946 0.00034945 0.000418466 0.000236499 0.000264288 0.000310439 0.000180452 0.000178231 0.000149394 0.000169128 0.000113096 0.000128982 9.00273e-05 0.00012132
threshold=30.150000000000002 18.03680555555556 0.25000000000000006 8.3844366951598737 60.631396245768578 0.0039587592847222233 0.055000000000000007 12.450000000000001 0.0059917800000000012 16.235714285714291 265.51424100000003 13.750000000000002 0.018957412500000003 24.463098825772978 0.0018256944444444447 281.62716020000005 24.650000000000002 121.07560815808249 0.15500000000000003 0.34250000000000008 1029.8500000000001 14.500000000000002 36.250000000000007 31.980000000000004 317.50000000000006 0.63500000000000012 0.0029375659652777783 1.3500000000000005 0.36500000000000005 269.15515750000003
decision_type=2 2 2 2 2 2 2 2 2 2 2 2 2 2 2 2 2 2 2 2 2 2 2 2 2 2 2 2 2 2
left_child=2 -2 6 -4 5 10 7 -1 13 22 -3 19 -13 14 -9 -5 17 18 -17 -12 21 -21 -6 -24 -25 -26 -8 -28 -29 -30
right_child=1 4 3 15 9 -7 26 8 -10 -11 11 12 -14 -15 -16 16 -18 -19 -20 20 -22 -23 23 24 25 -27 27 28 29 -31
leaf_value=-1.6388531674836545e-05 0.00034392138090014472 0 0.00031654310355870113 0 0 0.00029841990393134234 -1.9313981141940448e-05 0 0.00046476839327298688 -4.4976206062497199e-08 0 0.00032406438318710931 0 0 0.00019403088006049712 0 4.825360514196001e-06 0 0.00019433897134475998 0 0 0.00018390403437345361 1.0304054988536822e-05 0 0.00018476913459887056 0 -1.3507233605899132e-05 0 0 6.9550132535310116e-05
leaf_weight=1549 81 192 52 424 198 77 10656 51 66 1526 149 80 72 658 62 58 408 81 140 65 64 67 257 63 96 83 765 100 88 146
leaf_count=1549 81 192 52 424 198 77 10656 51 66 1526 149 80 72 658 62 58 408 81 140 65 64 67 257 63 96 83 765 100 88 146
internal_value=5.79177e-07 4.52335e-05 -8.0542e-06 5.06033e-05 3.53546e-05 9.37214e-05 -1.32352e-05 6.77856e-06 5.55879e-05 1.29614e-05 6.31993e-05 8.9256e-05 0.000194464 1.35274e-05 0.000108322 3.33862e-05 5.50186e-05 0.000110283 0.000146639 2.80247e-05 6.61866e-05 0.000107035 4.85599e-05 6.47619e-05 0.000101739 0.000126683 -1.77231e-05 0 2.33534e-05 4.16557e-05
internal_weight=18374 3070 15304 1163 2989 766 14141 2386 837 2223 689 497 152 771 113 1111 687 279 198 345 196 132 697 499 242 179 11755 1099 334 234
internal_count=18374 3070 15304 1163 2989 766 14141 2386 837 2223 689 497 152 771 113 1111 687 279 198 345 196 132 697 499 242 179 11755 1099 334 234
is_linear=0
shrinkage=0.05


Tree=7
num_leaves=31
num_cat=0
split_feature=114 23 120 133 119 100 142 133 142 31 2 33 43 141 138 107 93 123 41 134 84 118 47 36 14 62 41 137 118 12
split_gain=0.00266843 0.00256838 0.00118498 0.00170147 0.00155042 0.00337182 0.00269009 0.000980887 0.00120247 0.000812191 0.000417896 0.00267196 0.000404808 0.000414171 0.00070075 0.000340076 0.000250772 0.000194974 0.000349321 0.000289836 0.000321037 0.000557243 0.000269527 0.000143869 0.000222768 0.000128757 8.44366e-05 0.000283312 0.000388156 6.50839e-05
threshold=30.150000000000002 18.03680555555556 270.08790600000003 80.210000000000022 6.6500000000000012 -5.0499999999999536 779.97322007526816 79.440000000000012 778.10309634021678 12.65 0.0059917800000000012 -0.99790899713717818 0.32850000000000007 30.670000000000005 4.785000000000001 5.9500000000000011 266.04242460000006 0.37940952255126054 44.500000000000007 10.470000000000001 1.4500000000000004 15.750000000000002 4.5000000000000009 275.28927080000011 0.015047212000000003 34.550000000000004 50.500000000000007 1.4700000000000002 24.850000000000005 0.21664411950000004
decision_type=2 2 8 2 10 2 2 2 2 2 2 2 2 2 2 2 2 2 2 2 2 10 2 2 2 2 2 2 10 2
left_child=2 -2 3 16 5 -5 -7 9 15 12 23 -12 -3 -14 -15 -9 -1 18 -18 20 -20 -22 -23 29 -25 26 27 -11 -29 -4
right_child=1 7 10 4 -6 6 -8 8 -10 25 11 -13 13 14 -16 -17 17 -19 19 -21 21 22 -24 24 -26 -27 -28 28 -30 -31
leaf_value=-8.35991819932245e-06 0.00032693501719067422 0 -1.9266066073414509e-05 0 0 0.0005701394348036654 0 2.8958883640211352e-05 0 0 0.0002850118569288444 -1.1220610881035709e-05 2.2171308588971774e-05 0.00029955437579160763 5.0933969044170667e-05 0.0003449892237133879 0 0 0 0 0 0 0.00028027052904976054 -4.065463916686922e-06 8.0836758664926979e-05 -1.1409645809266297e-05 0 0.00017310733608559935 0 0
leaf_weight=1548 81 230 10774 115 165 74 54 56 150 552 84 525 242 73 164 69 370 529 71 134 50 55 69 484 83 616 649 71 117 120
leaf_count=1548 81 230 10774 115 165 74 54 56 150 552 84 525 242 73 164 69 370 529 71 134 50 55 69 484 83 616 649 71 117 120
internal_value=6.70695e-07 4.34523e-05 -7.58693e-06 1.86071e-05 0.000114356 0.000194438 0.000369938 3.39911e-05 0.00012801 2.25792e-05 -1.50205e-05 2.18426e-05 6.90826e-05 9.57474e-05 0.000149459 0.000244444 2.97927e-06 2.06192e-05 3.70801e-05 7.07944e-05 0.00010338 0.000140034 0.000196465 -1.74172e-05 0 3.6161e-06 1.38803e-05 2.5422e-05 7.92549e-05 -1.87659e-05
internal_weight=18374 3070 15304 3234 408 243 128 2989 275 2714 12070 609 709 479 237 125 2826 1278 749 379 245 174 124 11461 567 2005 1389 740 188 10894
internal_count=18374 3070 15304 3234 408 243 128 2989 275 2714 12070 609 709 479 237 125 2826 1278 749 379 245 174 124 11461 567 2005 1389 740 188 10894
is_linear=0
shrinkage=0.05


Tree=8
num_leaves=31
num_cat=0
split_feature=114 23 131 120 140 142 93 11 44 29 88 105 73 22 33 50 123 116 59 84 14 19 115 99 29 16 128 107 29 98
split_gain=0.00246862 0.0023004 0.00116488 0.00108147 0.0013668 0.00126953 0.00104071 0.00148039 0.000595688 0.000807445 0.000881046 0.00076945 0.000397361 0.00038244 0.003124 0.00028335 0.000238528 0.000337896 0.000530165 0.000182029 0.000291795 0.000105892 0.000252372 9.63246e-05 8.48639e-05 8.04915e-05 0.000132923 0.000131452 0.000125119 6.84446e-05
threshold=30.150000000000002 18.03680555555556 60.631396245768578 270.08790600000003 75.820000000000007 779.97322007526816 265.51424100000003 0.0039587592847222233 407.50000000000006 40.900000000000006 32.237500000000011 8.5000000000000018 23.250000000000004 1.0000000180025095e-35 -0.99790899713717818 1005.85 1.0000000180025095e-35 286.58891200000011 6.3926500000000015 8.9500000000000028 0.018475221000000003 -0.00054857142857142832 10.950000000000001 1.5499999999999547 40.900000000000006 0.22000000000000003 11.639698339053952 10.050000000000002 49.050000000000004 3.3000000000000029
decision_type=2 2 2 8 2 2 2 2 2 2 2 2 2 2 2 2 2 2 2 2 2 2 2 2 2 2 2 2 2 2
left_child=3 -2 6 4 15 -6 -3 8 -8 10 -10 -12 23 14 -5 -1 17 18 -17 -15 -21 22 -18 25 -20 -4 27 28 29 -27
right_child=1 2 12 13 5 -7 7 -9 9 -11 11 -13 -14 19 -16 16 21 -19 24 20 -22 -23 -24 -25 -26 26 -28 -29 -30 -31
leaf_value=-6.6875314291068434e-06 0.00031078762162484587 0 0 0.00034644919810312763 0.00027476441692881351 1.4880954978113543e-05 0 0.00039771961846484129 0 0 0 0.00029066479311047838 -1.150360754669535e-06 -1.7904508379375987e-05 -1.4895004813299118e-05 0.00020722219065646646 0.00011869137474047509 0 4.6937912726940599e-05 -1.3027668776891012e-06 8.7469869880449775e-05 -6.2283541902448522e-06 0 0 0 0.00010609627599369878 0 0 0 0
leaf_weight=1507 81 215 181 66 98 182 150 54 56 110 51 130 1388 11010 400 76 61 205 190 498 96 572 227 116 116 256 89 54 71 68
leaf_count=1507 81 215 181 66 98 182 150 54 56 110 51 130 1388 11010 400 76 61 205 190 498 96 572 227 116 116 256 89 54 71 68
internal_value=7.88891e-07 4.19421e-05 3.28828e-05 -7.142e-06 1.78561e-05 0.000124288 8.71898e-05 0.000123598 8.30348e-05 0.000118937 0.00017078 0.000224147 1.18907e-05 -1.42551e-05 2.62081e-05 6.03712e-06 2.27379e-05 4.78261e-05 7.56122e-05 -1.6313e-05 4.76386e-06 0 2.89674e-05 3.95249e-05 2.60696e-05 4.63505e-05 5.69486e-05 6.79928e-05 7.79956e-05 9.15136e-05
internal_weight=18374 3070 2989 15304 3234 280 766 551 497 347 237 181 2223 12070 466 2954 1447 587 382 11604 594 860 288 835 306 719 538 449 395 324
internal_count=18374 3070 2989 15304 3234 280 766 551 497 347 237 181 2223 12070 466 2954 1447 587 382 11604 594 860 288 835 306 719 538 449 395 324
is_linear=0
shrinkage=0.05


Tree=9
num_leaves=31
num_cat=0
split_feature=114 131 49 117 131 94 93 67 141 80 2 33 133 36 100 112 28 81 81 133 138 131 44 28 35 115 14 30 50 56
split_gain=0.00225297 0.00210891 0.00518678 0.00144332 0.0009267 0.00161386 0.000641541 0.00166908 0.00185182 0.000560429 0.000372385 0.00238288 0.000260336 0.000701593 0.000682321 0.000240096 0.000322779 0.000232573 0.000220156 0.00017786 0.00025464 0.000117232 7.89177e-05 6.76256e-05 6.48348e-05 6.06788e-05 5.39675e-05 5.39404e-05 4.7689e-05 9.38694e-05
threshold=30.150000000000002 50.043530164939476 995.35000000000002 0.25000000000000006 29.301636672347289 15.500000000000002 265.51424100000003 8.7500000000000018 25.640000000000004 18.162500000000005 0.0059917800000000012 -0.99790899713717818 80.210000000000022 275.28927080000011 -5.0499999999999536 281.29016135000006 24.400000000000002 32.95000000000001 36.650000000000013 20.835000000000004 4.785000000000001 126.44258308347843 377.50000000000006 25.600000000000005 283.75499830000007 17.850000000000005 0.15323710800000004 -0.8157142857142855 1010.2500000000001 1.3501611500000197
decision_type=2 2 2 2 2 2 2 2 2 2 2 2 2 2 2 2 2 2 2 2 2 2 2 2 2 2 2 2 2 2
left_child=3 2 6 10 5 -5 -2 -8 -9 18 12 -12 25 -14 -15 -6 17 -17 -3 -20 -21 -19 -22 -10 -13 26 -1 -16 -11 -30
right_child=1 9 -4 4 15 -7 7 8 23 28 11 24 13 14 27 16 -18 21 19 20 22 -23 -24 -25 -26 -27 -28 -29 29 -31
leaf_value=-1.6784986793475878e-05 0 0 0.00060896962985422748 0.00040038811920442411 0 0 0 0.00044637177456135048 7.6475146143585097e-05 -8.4032224810239592e-06 0.00027300177836704756 -1.7180494524644011e-05 -6.817393289869264e-06 0 4.9043107369556571e-06 0 1.7591529304590482e-06 0.00014476386837522631 8.9908978317090547e-06 0.00022359256287131759 0 0 6.6820919764722935e-05 0 1.2176612392583019e-05 0 0 0.00026039966513190796 0 4.8444848687231859e-05
leaf_weight=11903 192 240 52 50 399 75 234 65 53 823 83 532 956 95 52 50 394 138 226 63 77 57 146 51 112 292 64 52 723 125
leaf_count=11903 192 240 52 50 399 75 234 65 53 823 83 532 956 95 52 50 394 138 226 63 77 57 146 51 112 292 64 52 723 125
internal_value=8.28537e-07 4.01511e-05 0.000121582 -6.73504e-06 4.59431e-05 0.000181292 6.96467e-05 0.000105479 0.0002258 1.63033e-05 -1.14239e-05 2.08117e-05 -1.35452e-05 6.23511e-06 9.36602e-05 2.46727e-05 4.38877e-05 9.10296e-05 5.21181e-05 7.11334e-05 0.000102615 0.000115615 4.52703e-05 3.7385e-05 -4.31201e-06 -1.5817e-05 -1.63999e-05 0.000181534 0 8.47892e-06
internal_weight=18374 3070 647 15304 1163 125 595 403 169 2423 14141 727 13414 1155 199 1038 639 245 752 512 286 195 223 104 644 12259 11967 104 1671 848
internal_count=18374 3070 647 15304 1163 125 595 403 169 2423 14141 727 13414 1155 199 1038 639 245 752 512 286 195 223 104 644 12259 11967 104 1671 848
is_linear=0
shrinkage=0.05


Tree=10
num_leaves=31
num_cat=0
split_feature=92 133 142 44 116 43 35 141 131 81 117 2 124 103 36 99 105 81 50 136 35 86 0 9 30 90 155 106 11 7
split_gain=0.0020901 0.00196788 0.00196994 0.00196347 0.0014561 0.00136974 0.00180655 0.00205723 0.00179533 0.00100413 0.000665457 0.000481203 0.00275508 0.00428689 0.000416213 0.00039268 0.00026604 0.000232522 0.000513418 0.000978295 0.000225542 0.000206414 0.000179782 0.000273254 0.000371612 0.000865583 8.9517e-05 8.6249e-05 8.49009e-05 0.000197235
threshold=5.450000000000002 80.210000000000022 779.97322007526816 1317.5000000000002 292.29015645000004 0.35050000000000003 286.02565440000006 31.980000000000004 102.00208775980865 42.050000000000004 0.8500000000000002 0.0059917800000000012 -0.78656609248549325 2676.7500000000005 272.23694120000005 -2.3500000000000223 19.500000000000004 49.400000000000006 1011.4500000000002 0.53500000000000014 283.97192885000004 2.5000000000000004 0.020500000000000001 0.045486111111111123 -1.8871428571428568 27.186734693877558 0.75000000000000011 16.050000000000004 0.002613818597222223 0.052000000000000011
decision_type=2 2 2 2 2 2 2 2 2 2 2 2 2 2 2 2 2 2 2 2 2 2 2 2 2 2 2 2 2 2
left_child=11 4 3 9 10 27 7 -7 -9 14 17 -1 13 -13 -3 -16 21 28 -19 -20 -17 -12 23 -23 25 -25 -4 -6 -2 -30
right_child=1 2 26 -5 5 6 -8 8 -10 -11 16 12 -14 -15 15 20 -18 18 19 -21 -22 22 -24 24 -26 -27 -28 -29 29 -31
leaf_value=-1.5635248051010669e-05 -1.0536090435168035e-05 0 0 0.00044360845029532632 3.0506681325880163e-05 0 0 0.00061566320606129532 7.5477305742280894e-05 0.00031986096837372001 0 0.00059332480365364808 -1.7770552204188558e-05 0 0 0 0 0 0 0.00021919578757153307 0.00024561942754652383 0 0 0.00033501289506544243 2.6717606564195574e-05 0 4.801915346897844e-05 0 5.9362973109963478e-05 -9.7303196313713596e-07
leaf_weight=9914 3821 152 318 66 446 84 75 56 56 56 102 50 434 66 65 51 122 274 91 85 56 94 128 61 154 55 97 115 140 1032
leaf_count=9914 3821 152 318 66 446 84 75 56 56 56 102 50 434 66 65 51 122 274 91 85 56 94 128 61 154 55 97 115 140 1032
internal_value=1.56223e-06 2.13003e-05 9.34488e-05 0.000166892 1.16874e-05 7.39742e-05 0.000169149 0.000249859 0.000392876 0.000104669 2.45098e-06 -1.27717e-05 2.9705e-05 0.000248698 5.12209e-05 0.00010461 4.81516e-05 -2.65001e-06 2.9883e-05 9.76066e-05 0.000163154 6.25443e-05 7.59464e-05 9.49839e-05 0.000121128 0.000202432 2.28899e-06 1.88826e-05 -6.58869e-06 2.01623e-06
internal_weight=18316 7852 861 446 6991 832 271 196 112 380 6159 10464 550 116 324 172 716 5443 450 176 107 594 492 364 270 116 415 561 4993 1172
internal_count=18316 7852 861 446 6991 832 271 196 112 380 6159 10464 550 116 324 172 716 5443 450 176 107 594 492 364 270 116 415 561 4993 1172
is_linear=0
shrinkage=0.05


Tree=11
num_leaves=31
num_cat=0
split_feature=120 133 75 61 56 133 117 28 85 114 44 138 2 2 94 122 9 80 138 118 122 25 17 128 122 92 1 139 44 113
split_gain=0.00194072 0.00250216 0.00331898 0.00179317 0.00276344 0.0031964 0.000618247 0.000538709 0.00053167 0.000457597 0.00050286 0.000780961 0.000345458 0.00310145 0.000318487 0.000494204 0.000368476 0.000191338 0.000264466 0.000348312 0.000196169 0.000201084 0.000548074 0.0004846 0.000247393 8.85442e-05 7.50553e-05 6.3997e-05 0.000207309 5.84328e-05
threshold=272.82356450000003 87.815000000000012 14.050000000000002 159.95000000000002 -2.6081631999999781 36.980000000000011 0.8500000000000002 40.350000000000009 285.04572020000006 31.450000000000003 1182.5000000000002 7.5650000000000004 0.0059917800000000012 0.0060912370000000002 13.500000000000002 18.500000000000004 0.045486111111111123 29.837500000000009 3.0350000000000006 27.950000000000003 6.5000000000000009 14.500000000000002 0.022550000000000004 10.297063255388057 17.500000000000004 15.050000000000002 0.14216828450000005 59.286020373807268 707.50000000000011 1.6500000000000001
decision_type=8 2 2 2 2 2 2 2 2 2 2 2 2 2 2 2 2 2 2 10 2 2 2 2 2 2 2 2 2 2
left_child=1 3 -3 4 7 -6 8 -1 17 12 -11 -12 29 -14 15 -8 -17 18 19 -5 -20 22 27 24 -24 26 -19 28 -22 -2
right_child=9 2 -4 6 5 -7 14 -9 -10 10 11 -13 13 -15 -16 16 -18 25 20 -21 21 -23 23 -25 -26 -27 -28 -29 -30 -31
leaf_value=2.3576610576536926e-06 -1.6239684996713829e-05 0 0.00054175415153925616 0.000169305839715948 0 0.00058354284621232942 1.319805482596946e-05 0.00019045599310492487 0.00014313170959519709 0 0 0.00026344816101746721 0.00038815864199280461 -7.4744998860767039e-06 7.4449307242919483e-06 0 0.00022423420750939586 -1.7335606185138387e-05 -7.9859523282541524e-06 0 9.0085930102967642e-05 0 0.00025790646755402644 0 0 1.4098879058432623e-06 0 -3.8125413458451837e-06 0 0
leaf_weight=391 10144 54 53 61 51 59 223 52 66 236 66 54 52 492 427 52 98 1912 1073 66 82 675 62 99 58 877 207 321 131 122
leaf_count=391 10144 54 53 61 51 59 223 52 66 236 66 54 52 492 427 52 98 1912 1073 66 82 675 62 99 58 877 207 321 131 122
internal_value=1.57563e-06 2.21501e-05 0.000264425 1.77225e-05 0.000105015 0.000334776 9.4991e-06 3.60774e-05 2.77036e-06 -1.1152e-05 4.12589e-05 0.000124146 -1.33442e-05 2.18119e-05 5.10519e-05 8.74495e-05 0.000163906 2.09117e-07 1.08754e-05 8.4151e-05 5.12395e-06 1.84724e-05 3.62413e-05 0.000103584 0.000171816 -7.4792e-06 -1.35156e-05 0 2.69399e-05 -1.5696e-05
internal_weight=18316 7150 107 7043 553 110 6490 443 5690 11166 356 120 10810 544 800 373 150 5624 2628 127 2501 1428 753 219 120 2996 2119 534 213 10266
internal_count=18316 7150 107 7043 553 110 6490 443 5690 11166 356 120 10810 544 800 373 150 5624 2628 127 2501 1428 753 219 120 2996 2119 534 213 10266
is_linear=0
shrinkage=0.05


Tree=12
num_leaves=31
num_cat=0
split_feature=92 133 142 44 116 43 35 35 138 28 44 117 22 33 122 82 116 90 51 90 4 121 82 77 116 106 84 116 19 136
split_gain=0.00177593 0.00173239 0.00181047 0.00169299 0.00121688 0.00120287 0.00166691 0.00180148 0.00165663 0.000861969 0.000911573 0.000561868 0.00038041 0.00317774 0.000282539 0.000536402 0.000278461 0.000147356 0.000195062 0.000193322 0.000133837 0.00017494 0.000311828 0.000672792 0.000126854 7.11946e-05 6.9295e-05 6.88543e-05 6.42666e-05 8.10992e-05
threshold=5.5500000000000016 80.210000000000022 779.97322007526816 1317.5000000000002 292.29015645000004 0.35050000000000003 286.02565440000006 278.40131880000007 4.5600000000000014 24.400000000000002 857.50000000000011 0.8500000000000002 1.0000000180025095e-35 -0.99790899713717818 20.500000000000004 27.760000000000002 282.02418165 26.229591836734699 189.50000000000003 29.223469387755106 0.00029107750000000005 0.15000000000000005 19.578000000000003 276.41035230000006 268.47285740000001 16.050000000000004 18.750000000000007 286.31308490000009 5.7142857142857171e-06 1.0000000000000002
decision_type=2 2 2 2 2 2 2 2 2 2 2 2 2 2 2 2 2 2 2 2 2 10 2 2 2 2 2 2 2 2
left_child=12 4 3 9 11 25 7 -7 -9 10 -3 20 13 -1 27 -16 24 -14 -19 -20 -2 -22 -23 -24 -11 -6 -4 28 29 -13
right_child=1 2 26 -5 5 6 -8 8 -10 16 -12 14 17 -15 15 -17 -18 18 19 -21 21 22 23 -25 -26 -27 -28 -29 -30 -31
leaf_value=0.00037574988001833233 -1.0520008103966357e-05 0.00031625797175983294 0 0.00042014933025298396 2.6556730629691833e-05 0 0 0.00057625449714945268 9.0522228471551599e-05 0 0 5.6717619061954455e-05 -1.5141268093823372e-05 -1.2401540212818237e-05 0.00019407033625777167 0 -9.8450880792639766e-06 0 0.0001093191166797797 0 0 0 0.00017359860731911499 0 0.00011828187591642122 0 4.2044387933410878e-05 0 0 0
leaf_weight=58 2785 80 314 65 440 68 75 56 71 54 61 210 9717 331 87 73 107 278 83 51 2156 193 97 177 75 114 97 148 99 96
leaf_count=58 2785 80 314 65 440 68 75 56 71 54 61 210 9717 331 87 73 107 278 83 51 2156 193 97 177 75 114 97 148 99 96
internal_value=1.65886e-06 1.99757e-05 8.80453e-05 0.000158622 1.08839e-05 6.81464e-05 0.000157299 0.000235527 0.000346595 9.93119e-05 0.000202495 2.34874e-06 -1.14464e-05 3.34665e-05 4.44423e-05 0.000110711 1.59729e-05 -1.3668e-05 8.92449e-06 6.20961e-05 -2.28375e-06 4.55637e-06 3.24177e-05 6.79945e-05 7.57603e-05 1.54822e-05 0 1.60782e-05 2.78697e-05 3.93769e-05
internal_weight=18316 7798 853 442 6945 824 270 195 127 377 141 6121 10518 389 713 160 236 10129 412 134 5408 2623 467 274 129 554 411 553 405 306
internal_count=18316 7798 853 442 6945 824 270 195 127 377 141 6121 10518 389 713 160 236 10129 412 134 5408 2623 467 274 129 554 411 553 405 306
is_linear=0
shrinkage=0.05


Tree=13
num_leaves=31
num_cat=0
split_feature=92 133 75 116 43 133 55 100 52 117 81 141 50 2 43 114 136 41 122 94 114 92 142 21 117 116 105 16 136 9
split_gain=0.00162027 0.00165591 0.00289515 0.00115883 0.00168033 0.000599493 0.000526317 0.000753113 0.00171983 0.00048701 0.000393936 0.000819153 0.000766043 0.00036702 0.00225408 0.000320496 0.000358456 0.000362897 0.00027065 0.000494609 8.24378e-05 6.36474e-05 0.000146206 5.8582e-05 5.77775e-05 5.5206e-05 8.29668e-05 5.45991e-05 5.25984e-05 7.06116e-05
threshold=5.5500000000000016 88.200000000000003 12.550000000000002 292.29015645000004 0.37450000000000006 79.980000000000004 11.015774350000017 -4.8500000000000218 3.5000000000000004 0.8500000000000002 41.650000000000013 31.980000000000004 1020.1500000000002 0.0059917800000000012 0.32950000000000007 37.45000000000001 0.53500000000000014 49.500000000000007 20.500000000000004 12.500000000000002 32.650000000000013 12.350000000000003 771.97106881377954 0.12500000000000003 0.25000000000000006 286.31308490000009 19.500000000000004 5.9600000000000009 1.0000000000000002 0.1075
decision_type=2 2 2 2 2 2 2 2 2 2 2 2 2 2 2 2 2 2 2 2 2 2 2 2 2 2 2 2 2 2
left_child=13 3 -3 5 10 9 21 -8 -9 15 -5 -12 -13 20 -15 23 -17 -18 25 -20 -1 22 -7 27 -25 26 28 -2 29 -11
right_child=1 2 -4 4 -6 6 7 8 -10 18 11 12 -14 14 -16 16 17 -19 19 -21 -22 -23 -24 24 -26 -27 -28 -29 -30 -31
leaf_value=-1.4336079857872657e-05 4.4591162579398559e-05 0 0.00049142334040131093 0 0.00029061318754196861 9.2520717764273285e-05 0 0.00032675611834499503 0 0 1.3353294937492812e-06 0 0.00028931622285163029 0.00028863762119322528 -3.0563893732383783e-06 0 0.00018422487528522665 0 0.00019214412531632329 0 2.7649827287315593e-06 -6.8650032794060727e-06 0 -1.0738004184085761e-05 1.7134673143914149e-07 0 0 0 0 7.3159186488859561e-05
leaf_weight=9720 80 51 50 414 85 59 169 87 109 69 258 71 74 71 484 272 70 68 81 79 243 233 59 4256 507 148 87 122 101 139
leaf_count=9720 80 51 50 414 85 59 169 87 109 69 258 71 74 71 484 272 70 68 81 79 243 233 59 4256 507 148 87 122 101 139
internal_value=1.62922e-06 1.91344e-05 0.000223134 1.57794e-05 6.97474e-05 7.87045e-06 5.14445e-05 9.36999e-05 0.000160838 1.9082e-06 4.03291e-05 7.57024e-05 0.000172862 -1.08743e-05 2.57186e-05 -2.34494e-06 3.84072e-05 0.000103965 4.14301e-05 0.000105468 -1.34169e-05 0 3.52769e-05 -6.72408e-06 -8.52742e-06 1.32624e-05 2.42715e-05 1.09994e-05 3.77296e-05 5.23509e-05
internal_weight=18316 7798 101 7697 902 6795 716 365 196 6079 817 403 145 10518 555 5375 410 138 704 160 9963 351 118 4965 4763 544 396 202 309 208
internal_count=18316 7798 101 7697 902 6795 716 365 196 6079 817 403 145 10518 555 5375 410 138 704 160 9963 351 118 4965 4763 544 396 202 309 208
is_linear=0
shrinkage=0.05


Tree=14
num_leaves=31
num_cat=0
split_feature=103 81 83 111 121 138 114 24 131 131 141 50 155 96 43 93 80 155 131 131 75 98 81 140 19 6 18 121 96 88
split_gain=0.00155505 0.00130748 0.00324439 0.000826879 0.000726371 0.00200673 0.000467681 0.000913003 0.000423602 0.00234481 0.00030547 0.000752991 0.000263502 0.000496327 0.000257915 0.000320054 0.000233996 0.000175956 0.000156666 0.000217199 0.000130626 0.000159519 0.000149657 0.000231653 0.000401355 6.58368e-05 0.000109281 5.35583e-05 4.98916e-05 5.47506e-05
threshold=1531.0000000000002 37.95000000000001 16.650000000000002 4.4500000000000011 0.25000000000000006 4.6250000000000009 28.750000000000004 32.300000000000004 33.15434016127945 32.789184554052362 38.640000000000008 1017.4500000000002 0.4260000000000001 34.612500000000004 0.38850000000000007 273.19449795000008 28.187500000000007 0.49600000000000011 58.951650441636083 46.743987891117847 19.050000000000004 3.0000000000000004 40.750000000000007 33.835000000000001 -8.7142857142857098e-05 0.0008881944444444446 0.01504166666666667 1.0000000180025095e-35 43.062500000000007 46.087500000000013
decision_type=2 2 2 2 10 2 2 2 2 2 2 2 2 2 2 2 2 2 2 2 2 2 2 2 2 2 2 10 2 2
left_child=1 6 -3 -4 10 -6 17 -8 9 12 20 -12 -2 16 -9 -16 -14 -1 19 -19 21 22 -5 28 -25 -7 -27 -10 -24 -30
right_child=8 2 3 4 5 25 7 14 27 -11 11 -13 13 -15 15 -17 -18 18 -20 -21 -22 -23 23 24 -26 26 -28 -29 29 -31
leaf_value=-1.3503119372077757e-05 -1.0895207700681156e-05 0.00040365759906126189 0.00020849907615159356 0 0.00040272542980257606 0 0.00024647876096851716 0 -1.3536400985301618e-05 0.00032717703177507346 0 0.00025050146423061107 0.00021574355811668176 0 0.00013364241503970313 0 0 0 0 0.00014390194883197603 -1.7156144830985919e-06 0 0 0.00017579827055969575 0 7.7825388705865151e-05 0 0 3.7525910676313802e-05 0
leaf_weight=2588 932 64 77 171 50 50 50 704 9901 57 136 50 50 158 90 56 55 60 258 51 708 690 170 90 85 104 105 412 264 80
leaf_count=2588 932 64 77 171 50 50 50 704 9901 57 136 50 50 158 90 56 55 60 258 51 708 690 170 90 85 104 105 412 264 80
internal_value=1.68317e-06 2.09782e-05 4.64223e-05 3.64376e-05 2.97357e-05 0.000105539 5.83741e-07 3.32515e-05 -9.14872e-06 1.66313e-05 1.80675e-05 8.39475e-05 0 4.55606e-05 1.45583e-05 7.49218e-05 0.000129906 -7.67664e-06 1.96002e-05 6.90372e-05 1.03926e-05 1.91446e-05 3.35174e-05 4.40916e-05 0.000101382 2.76077e-05 4.15623e-05 -1.27645e-05 1.47184e-05 2.61708e-05
internal_weight=18316 6751 2894 2830 2753 309 3857 900 11565 1252 2444 186 1195 263 850 146 105 2957 369 111 2258 1550 860 689 175 259 209 10313 514 344
internal_count=18316 6751 2894 2830 2753 309 3857 900 11565 1252 2444 186 1195 263 850 146 105 2957 369 111 2258 1550 860 689 175 259 209 10313 514 344
is_linear=0
shrinkage=0.05


Tree=15
num_leaves=31
num_cat=0
split_feature=114 28 117 17 43 14 93 1 30 126 93 21 131 33 124 36 21 77 33 92 118 28 6 52 2 3 44 115 25 129
split_gain=0.00150688 0.00169969 0.00134931 0.0013478 0.000695052 0.00057618 0.00088915 0.000568113 0.000517037 0.0010019 0.00126599 0.000614154 0.000471808 0.00163511 0.00372169 0.000539869 0.00134454 0.000245651 0.000214124 0.000371244 0.000129687 0.000116387 0.000169008 9.62683e-05 8.6554e-05 5.15202e-05 7.35825e-05 6.0012e-05 3.60632e-05 3.47625e-05
threshold=33.050000000000004 10.250000000000002 0.8500000000000002 0.00035000000000000005 0.35050000000000003 0.018475221000000003 266.81188820000006 0.0032936130000000004 -1.8585714285714297 23.500000000000004 272.91651000000007 0.47916666666666669 33.15434016127945 -0.99790899713717818 -0.5 275.28927080000011 0.39583333333333343 278.92123215000009 0.93055844640369223 12.250000000000004 23.650000000000002 26.400000000000002 0.00035902777777777783 48.500000000000007 0.048280649000000009 0.18062335500000001 767.50000000000011 23.550000000000004 3.5000000000000004 7.5000000000000009
decision_type=2 2 2 2 2 2 2 2 2 2 2 2 2 2 2 2 2 2 2 2 8 2 2 2 2 2 2 2 2 2
left_child=2 3 12 -2 25 20 -7 -8 -6 10 11 -10 13 14 -1 24 -17 28 29 -20 21 22 -4 -24 -15 -3 27 -27 -14 -19
right_child=1 4 5 -5 8 6 7 -9 9 -11 -12 -13 17 15 -16 16 -18 18 19 -21 -22 -23 23 -25 -26 26 -28 -29 -30 -31
leaf_value=0.00051694762730711285 0 0 0 0.00042161164878426797 3.1376853773879159e-06 0 0.0003654256109049519 2.7371792090359946e-05 3.7964213172356616e-05 0 0 0.00039310739965876568 0 -1.7565106992616005e-05 0 0.00023407308820018642 0 -4.4736452544541933e-06 0.00012192016830813373 0 0 0 0.00013622438954997859 0 1.9611014955205703e-05 0 0 8.0611917041943811e-05 -1.3828629475471483e-05 1.1737125083712461e-05
leaf_weight=51 60 1034 93 54 269 54 55 66 58 111 59 74 801 1154 76 82 206 1767 99 112 218 123 89 53 60 55 88 72 10870 373
leaf_count=51 60 1034 93 54 269 54 55 66 58 111 59 74 801 1154 76 82 206 1767 99 112 218 123 89 53 60 55 88 72 10870 373
internal_value=1.27914e-06 4.32038e-05 -3.36181e-06 0.000236038 2.82564e-05 6.14146e-05 0.000148574 0.000223752 7.45614e-05 0.000121459 0.000190595 0.000276112 -6.79323e-06 1.75878e-05 0.000189407 0 6.40675e-05 -9.98329e-06 3.12926e-06 5.13195e-05 2.60569e-05 4.46584e-05 6.53202e-05 9.99814e-05 -1.15979e-05 3.04469e-06 2.5494e-05 5.03383e-05 -1.30531e-05 0
internal_weight=18336 1934 16402 114 1820 751 175 121 571 302 191 132 15651 1629 127 1502 288 14022 2351 211 576 358 235 142 1214 1249 215 127 11671 2140
internal_count=18336 1934 16402 114 1820 751 175 121 571 302 191 132 15651 1629 127 1502 288 14022 2351 211 576 358 235 142 1214 1249 215 127 11671 2140
is_linear=0
shrinkage=0.05


Tree=16
num_leaves=31
num_cat=0
split_feature=117 114 128 28 131 33 115 36 142 74 116 61 43 43 30 50 51 93 108 22 138 92 0 128 43 92 2 102 32 118
split_gain=0.00139509 0.00131801 0.00122153 0.00111501 0.000390739 0.00146447 0.00345255 0.00051493 0.00120825 0.000375727 0.000276146 0.000431892 0.000628243 0.000263955 0.000520008 0.000370794 0.0001833 0.000181632 0.000246118 0.000332879 0.000403808 0.000117115 0.000106985 8.37053e-05 0.000174302 0.000241528 7.28112e-05 5.0942e-05 4.22082e-05 0.000101076
threshold=0.8500000000000002 35.45000000000001 8.6631100625819304 10.250000000000002 33.15434016127945 -0.99790899713717818 6.8500000000000005 275.28927080000011 732.33955336923111 15.235714285714289 292.09952675000005 159.95000000000002 0.33950000000000008 0.35050000000000003 -1.8585714285714297 1024.1500000000003 115.50000000000001 266.04242460000006 279.51421490000007 3.5000000000000004 4.785000000000001 15.150000000000004 0.068950000000000011 9.5821574907389007 0.35950000000000004 17.250000000000007 0.048280649000000009 0.70000000000000007 18.450000000000003 24.450000000000003
decision_type=2 2 2 2 2 2 2 2 2 2 2 2 2 2 2 2 2 2 2 2 2 2 2 2 2 2 2 2 2 10
left_child=1 4 -2 -3 5 6 -1 26 -9 13 21 12 -12 -5 -15 -16 17 -4 -19 -20 -21 -6 -11 24 -23 -26 -7 -22 29 -24
right_child=2 3 16 9 10 7 -8 8 -10 22 11 -13 -14 14 15 -17 -18 18 19 20 27 23 28 -25 25 -27 -28 -29 -30 -31
leaf_value=0 0.00030651152567059568 0.00028155001179865481 0 4.1509143406756251e-06 -1.2195114828543073e-05 -1.6617624223743235e-05 0.0004949277964428452 0 0.0002124158693368372 0 0 0 0.00018960102069095344 0 0.00029288855565798679 1.3658164763390708e-06 0 6.8331920435720074e-06 0 0.0002809116542188609 6.7929500061275557e-05 0 0.00011166860807319468 -4.7790436331644299e-06 0 0.00014999091644750915 1.2050839632418219e-05 0 0 0
leaf_weight=76 54 54 77 199 11794 1192 51 211 91 589 126 573 80 72 58 62 257 247 53 55 93 368 51 1487 56 53 64 54 51 88
leaf_count=76 54 54 77 199 11794 1192 51 211 91 589 126 573 80 72 58 62 257 247 53 55 93 368 51 1487 56 53 64 54 51 88
internal_value=1.33524e-06 -1.50215e-06 6.25053e-05 4.8096e-05 -5.55542e-06 1.62467e-05 0.000179108 0 6.10813e-05 3.28201e-05 -8.4274e-06 1.83099e-05 8.04944e-05 7.45379e-05 0.000121185 0.000184847 4.0423e-05 5.61083e-05 6.73262e-05 0.000106134 0.000135296 -1.03059e-05 5.40197e-06 0 1.91492e-05 7.45309e-05 -1.11707e-05 4.55002e-05 3.89807e-05 5.31672e-05
internal_weight=18336 17446 890 1224 16222 1685 127 1558 302 1170 14537 779 206 391 192 120 836 579 502 255 202 13758 779 1964 477 109 1256 147 190 139
internal_count=18336 17446 890 1224 16222 1685 127 1558 302 1170 14537 779 206 391 192 120 836 579 502 255 202 13758 779 1964 477 109 1256 147 190 139
is_linear=0
shrinkage=0.05


Tree=17
num_leaves=31
num_cat=0
split_feature=114 43 138 117 128 131 33 51 142 36 93 67 100 97 77 33 160 119 21 142 102 120 114 17 84 25 137 139 33 116
split_gain=0.00130913 0.00141969 0.00162415 0.001151 0.000640467 0.000390776 0.00129969 0.00332043 0.000464014 0.00113175 0.000292028 0.000309168 0.000303844 0.000326449 0.000209929 0.000186083 0.000332334 0.000159426 0.000198927 0.000138212 0.000143493 0.000126354 8.3767e-05 8.0025e-05 3.82695e-05 3.23311e-05 3.08235e-05 2.94326e-05 5.72991e-05 9.45016e-05
threshold=33.050000000000004 0.35050000000000003 3.8700000000000006 0.8500000000000002 8.6650084909416858 33.15434016127945 -0.99790899713717818 52.500000000000007 732.33955336923111 275.28927080000011 266.18268485000004 4.7500000000000009 3.1499999999999777 1.3999999999999992 278.92123215000009 0.93055844640369223 0.24897959183673476 11.450000000000001 0.57638888888888895 787.12634431116578 0.15000000000000038 268.55881085000004 38.150000000000013 0.14240000000000003 18.750000000000007 3.5000000000000004 18.300000000000004 77.552807623990191 0.23554726636227133 286.74214735000004
decision_type=2 2 2 2 2 2 2 2 2 2 2 2 2 2 2 2 2 8 2 2 2 10 2 2 2 2 2 2 2 2
left_child=3 22 -3 5 -5 6 7 -1 24 -10 -4 -12 13 -13 25 27 -17 18 19 20 21 -6 -2 -24 -8 -7 -27 -16 -29 -30
right_child=1 2 10 4 17 14 8 -9 9 -11 11 12 -14 -15 15 16 -18 -19 -20 -21 -22 -23 23 -25 -26 26 -28 28 29 -31
leaf_value=0 0 0.00031782395280474294 0 0.00024793125759791951 0.00018096005167432514 0 -1.8038961312956744e-05 0.0004797359431680749 0 0.00020666143279578884 0 0.00018454722128555864 0 1.959655180074218e-06 -4.4184609406652752e-06 0.00011476856293047603 0 0 0 0 0 0 3.4097083601601197e-07 6.8864231239058429e-05 0 -1.2921491594845869e-05 0 0 5.0620895279102914e-05 0
leaf_weight=76 791 87 97 50 85 801 1003 51 348 87 74 143 112 103 1681 99 112 300 105 54 106 51 428 99 64 10799 71 212 163 84
leaf_count=76 791 87 97 50 85 801 1003 51 348 87 74 143 112 103 1681 99 112 300 105 54 106 51 428 99 64 10799 71 212 163 84
internal_value=1.39926e-06 4.04767e-05 0.000103853 -2.90582e-06 5.68917e-05 -6.09806e-06 1.60009e-05 0.000169248 0 4.616e-05 5.86962e-05 7.68318e-05 9.62959e-05 0.000128658 -9.02291e-06 2.99808e-06 4.78967e-05 3.58092e-05 5.68392e-05 7.77646e-05 9.38782e-05 0.000135094 7.00905e-06 2.27892e-05 -1.47079e-05 -1.18728e-05 -1.2601e-05 0 9.41139e-06 2.72379e-05
internal_weight=18336 1934 616 16402 751 15651 1629 127 1502 435 529 432 358 246 14022 2351 211 701 401 296 242 136 1318 527 1067 11671 10870 2140 459 247
internal_count=18336 1934 616 16402 751 15651 1629 127 1502 435 529 432 358 246 14022 2351 211 701 401 296 242 136 1318 527 1067 11671 10870 2140 459 247
is_linear=0
shrinkage=0.05


Tree=18
num_leaves=31
num_cat=0
split_feature=117 114 128 28 74 131 33 67 84 85 61 135 43 94 50 21 142 66 43 53 93 133 102 22 138 118 0 120 21 128
split_gain=0.00121395 0.00113071 0.00098762 0.000975031 0.000339508 0.000321713 0.00115927 0.00326219 0.000451948 0.000317009 0.000379381 0.000638231 0.000225716 0.000329063 0.000378395 0.00027763 0.000171728 0.000355498 0.00060711 0.000167173 0.000175032 0.000189004 0.000294587 0.000311632 0.000416671 0.000112302 9.55231e-05 6.38505e-05 8.67847e-05 9.02278e-05
threshold=0.8500000000000002 35.45000000000001 8.6631100625819304 10.250000000000002 15.235714285714289 33.15434016127945 -0.99790899713717818 11.950000000000001 21.350000000000005 279.09907625000005 153.20000000000002 5.6100000000000003 0.33450000000000008 26.500000000000004 1024.1500000000003 0.47916666666666669 732.33955336923111 21.925000000000004 0.39350000000000007 80.500000000000014 266.04242460000006 21.260000000000002 1.4000000000000015 3.5000000000000004 4.785000000000001 19.950000000000003 0.068950000000000011 273.42723540000003 0.3263888888888889 9.5821574907389007
decision_type=2 2 2 2 2 2 2 2 2 2 2 2 2 2 2 2 2 2 2 2 2 2 2 2 2 10 2 8 2 2
left_child=1 5 -2 -3 12 6 7 -1 16 27 11 -11 -5 14 15 -14 -8 -18 -19 20 -4 -22 23 -23 -25 -12 -6 28 29 -7
right_child=2 3 19 4 26 9 8 -9 -10 10 25 -13 13 -15 -16 -17 17 18 -20 -21 21 22 -24 24 -26 -27 -28 -29 -30 -31
leaf_value=0 0.00028013145464303143 0.00026372164837283146 0 0 0 2.8411572279946995e-05 -1.6570864241471416e-05 0.00047319577393971167 0.00012916203620476669 0 6.6493132964953679e-05 0.00024085502487757954 3.9536570940706532e-07 0 9.2311091426962441e-06 0.00031053314173500534 -2.1597681185924617e-06 0.00016952020646559515 0 0 0 0 0 0.00028058991257421442 4.8673813103912569e-05 -2.4001035216336671e-06 3.6201820800065503e-05 -1.1913914339242572e-05 -7.5734610236114877e-06 0
leaf_weight=77 54 54 78 110 589 349 1052 50 66 51 62 50 52 61 118 50 259 88 93 253 169 52 73 59 152 383 190 9426 3448 768
leaf_count=77 54 54 78 110 589 349 1052 50 66 51 62 50 52 61 118 50 259 88 93 253 169 52 73 59 152 383 190 9426 3448 768
internal_value=1.43748e-06 -1.18958e-06 5.84889e-05 4.47348e-05 3.01413e-05 -4.96547e-06 1.47333e-05 0.000159691 0 -7.59356e-06 2.75289e-05 0.000115597 6.96403e-05 9.35016e-05 0.000121976 0.000202506 -2.84923e-06 1.85833e-05 7.55866e-05 3.7881e-05 5.26523e-05 6.37526e-05 8.66298e-05 0.000111218 0.000138125 0 3.84165e-06 -9.32344e-06 -2.87802e-06 7.13759e-06
internal_weight=18336 17446 890 1224 1170 16222 1685 127 1558 14537 546 101 391 281 220 102 1492 440 181 836 583 505 336 263 211 445 779 13991 4565 1117
internal_count=18336 17446 890 1224 1170 16222 1685 127 1558 14537 546 101 391 281 220 102 1492 440 181 836 583 505 336 263 211 445 779 13991 4565 1117
is_linear=0
shrinkage=0.05


Tree=19
num_leaves=31
num_cat=0
split_feature=114 28 156 117 119 35 43 30 126 93 21 137 75 91 133 119 116 61 92 14 34 13 6 90 124 21 28 107 105 112
split_gain=0.00113028 0.00129692 0.00120787 0.000985526 0.000582788 0.00105683 0.000524258 0.000426063 0.000832943 0.00109668 0.00049187 0.000276856 0.00093172 0.00359274 0.00104455 0.000557097 0.000148188 0.000224928 0.000255801 0.000130152 0.000140211 0.000109122 0.000153802 0.000272875 0.000248987 7.34609e-05 3.82534e-05 3.16927e-05 5.26268e-05 8.04733e-05
threshold=33.050000000000004 10.250000000000002 0.18000000000000002 0.8500000000000002 7.1500000000000012 288.37541980000009 0.35050000000000003 -1.8585714285714297 23.500000000000004 272.91651000000007 0.47916666666666669 0.055000000000000007 12.450000000000001 13.15 86.075000000000017 5.2500000000000009 292.50906310000005 159.95000000000002 12.150000000000004 0.0098261940000000016 -0.74276099128648487 0.0029375659652777783 0.01149513888888889 20.423469387755105 1.0000000180025095e-35 0.36805555555555564 21.050000000000004 14.65 12.500000000000002 277.86072660000008
decision_type=2 2 2 2 8 2 2 2 2 2 2 2 2 2 2 10 2 2 2 2 2 2 2 2 2 2 2 2 2 2
left_child=3 2 -2 11 5 26 27 -8 9 10 -9 12 -1 -14 -15 -16 21 18 -18 -6 -21 -13 23 -23 -25 -22 -5 28 -3 -30
right_child=1 6 -4 4 19 -7 7 8 -10 -11 -12 16 13 14 15 -17 17 -19 -20 20 25 22 -24 24 -26 -27 -28 -29 29 -31
leaf_value=-1.2429217000385862e-05 0.0003835852251359029 0 0 4.3342828467561331e-05 0 0.00033838614241176406 0 2.5928898086037354e-05 0 0 0.00035519568193703895 -1.1612707304190569e-05 0.00046125674708152886 0 0.00021378084150304252 0 0.00015832677123617383 0 0 0 0 0 -3.4923555841126461e-06 0.00016869436712899557 0 0.00012442365046245215 0 -1.6530755550409801e-06 0 3.4296310940494718e-05
leaf_weight=1667 53 210 61 50 342 51 269 58 111 59 74 11308 50 811 95 54 51 386 53 130 54 131 936 58 51 70 54 452 235 352
leaf_count=1667 53 210 61 50 342 51 269 58 111 59 74 11308 50 811 95 54 51 386 53 130 54 131 936 58 51 70 54 452 235 352
internal_value=1.4574e-06 3.77695e-05 0.00020696 -2.52148e-06 5.27818e-05 0.000145716 2.43183e-05 6.45463e-05 0.000106679 0.000169721 0.000249395 -5.49781e-06 8.20935e-06 4.71974e-05 1.99714e-05 0.000141296 -8.71185e-06 1.43906e-05 7.95224e-05 2.00338e-05 4.70706e-05 -1.00202e-05 1.04166e-06 3.94123e-05 9.80047e-05 8.55811e-05 1.29151e-06 1.89051e-06 1.01654e-05 1.90786e-05
internal_weight=18336 1934 114 16402 751 155 1820 571 302 191 132 15651 2677 1010 960 149 12974 490 104 596 254 12484 1176 240 109 124 104 1249 797 587
internal_count=18336 1934 114 16402 751 155 1820 571 302 191 132 15651 2677 1010 960 149 12974 490 104 596 254 12484 1176 240 109 124 104 1249 797 587
is_linear=0
shrinkage=0.05


Tree=20
num_leaves=31
num_cat=0
split_feature=114 103 107 14 54 137 75 49 15 142 122 140 86 49 44 41 138 120 122 21 90 117 33 119 120 124 120 22 41 35
split_gain=0.00112347 0.00155 0.000642378 0.000594234 0.00136424 0.000363199 0.000850995 0.00335295 0.000831914 0.00118043 0.000187958 0.000226401 0.000348275 0.000360709 0.000342088 0.000318892 0.000646084 0.000148302 9.62127e-05 8.59038e-05 0.000163505 7.61558e-05 5.26731e-05 0.000158013 5.01338e-05 4.82631e-05 4.19418e-05 3.74452e-05 3.04075e-05 2.84956e-05
threshold=28.250000000000004 601.75000000000011 14.550000000000002 0.061309237500000009 0.10500000000000002 0.055000000000000007 12.450000000000001 983.95000000000016 0.0021312500000000003 787.12634431116578 3.5000000000000004 30.730000000000004 2.5000000000000004 962.05000000000007 337.50000000000006 31.500000000000004 4.6950000000000012 270.15917125000004 11.500000000000002 0.63194444444444453 29.898979591836738 1.2500000000000002 0.30980735456240044 6.6500000000000012 268.51957785000008 -0.78656609248549325 267.01687730000003 3.5000000000000004 76.500000000000014 285.48839150000009
decision_type=2 2 2 2 2 2 2 2 2 2 2 2 2 2 2 2 2 8 2 2 2 2 2 10 10 2 10 2 2 2
left_child=5 -2 3 10 -5 6 29 8 22 -10 -3 19 -13 -14 -15 -16 -17 21 -18 -12 -21 -7 25 -24 26 28 -23 -20 -8 -1
right_child=1 2 -4 4 -6 17 7 -9 9 -11 11 12 13 14 15 16 18 -19 27 20 -22 24 23 -25 -26 -27 -28 -29 -30 -31
leaf_value=-1.2825019686856093e-05 0.00029065253176795847 0 -7.3963153541852955e-06 0 0.00033151866456855236 0 0 0.00044762581375121669 0.00026511549220557731 0 0 0 0 0 0 0.00027863780392121804 0 -1.160388512901005e-05 0 0 0.00011005565055000426 0 9.647002957486124e-05 0 0 -1.6314860036042769e-05 6.8992712106009596e-05 0.00011065967150224418 3.4744763852936481e-05 0
leaf_weight=1424 56 412 1192 83 56 1834 128 50 77 87 764 263 270 182 107 81 102 9776 53 123 54 63 54 88 68 508 88 138 62 51
leaf_count=1424 56 412 1192 83 56 1834 128 50 77 87 764 263 270 182 107 81 102 9776 53 123 54 63 54 88 68 508 88 138 62 51
internal_value=1.16212e-06 2.50426e-05 1.98468e-05 3.37855e-05 0.000142778 -5.03737e-06 1.13091e-05 4.65687e-05 2.11951e-05 0.000123859 2.58276e-05 3.18653e-05 4.74431e-05 6.17808e-05 8.20183e-05 0.000105078 0.000127741 -8.95552e-06 6.82131e-05 6.7288e-06 3.80279e-05 1.22076e-06 0 2.85822e-05 2.96533e-05 -4.61071e-06 4.5796e-05 9.15298e-05 4.26053e-07 -1.05135e-05
internal_weight=18294 3936 3880 2688 139 14358 2529 1054 1004 164 2549 2137 1196 933 663 481 374 11829 293 941 177 2053 840 142 219 698 151 191 190 1475
internal_count=18294 3936 3880 2688 139 14358 2529 1054 1004 164 2549 2137 1196 933 663 481 374 11829 293 941 177 2053 840 142 219 698 151 191 190 1475
is_linear=0
shrinkage=0.05


end of trees

feature_importances:
gust_at_t24h=23
soil_moist_t=21
pop_density=19
pct_forest=19
last_N_t=18
gust_max_next_24h=17
tp_at_t24h=17
forest_x_customers=17
wind_sin_t=16
min_t2m_next_48h=16
total_tp_next_48h=15
gust_last_obs=13
mslma_t=13
t2m_at_t24h=13
log_customers=13
frac_zero_72h=12
pct_unmapped=12
hours_since_peak=10
t2m_t=10
blh_t=10
t2m_at_t48h=10
hour_of_day=9
gust_trend_last6h_obs=8
pct_wetland=8
R_t_max_72h=7
r2_t=7
wind_speed_max_next_6h=7
gust_gt30_since_onset=7
wind_speed_at_t48h=7
pct_water=7
tree_canopy_std=7
outage_pct_mean_72h=6
osi_trend_last6h=6
gust_max_last6h_obs=6
d2m_t=6
gust_peak4h_mean_next_6h=6
total_tp_next_24h=6
gust_mean_next_48h=6
pressure_change_6h=6
cumul_gust_since_onset=6
wind_speed_at_t24h=6
gust_at_t48h=6
hour_cos=6
tree_canopy_pct=6
sp_t=5
wind_speed_at_t1h=5
t2m_at_t6h=5
osi_mean_72h=4
R_t_mean_72h=4
gust_mean_obs=4
vpd_t=4
gust_x_hso=4
wind_speed_max_next_1h=4
gust_mean_next_6h=4
min_t2m_next_6h=4
min_t2m_next_24h=4
gust_gt30_next_48h=4
tp_at_t48h=4
hour_sin=4
hours_since_obs=4
last_osi=3
last_D_t=3
N_t_mean_72h=3
pre_event_max_outage_pct=3
storm_onset_max_osi=3
gust_gt30_obs=3
sdswrf_t=3
diffuse_rad_t=3
gust_mean_next_24h=3
wind_speed_max_next_24h=3
gust_peak4h_mean_next_24h=3
gust_change_3h=3
pressure_change_3h=3
wind_change_1h=3
wind_speed_at_t6h=3
pct_developed=3
tp_rate_next_24h=3
last_P_t=2
N_t_max_72h=2
storm_onset_mean_osi=2
direct_rad_t=2
dewpoint_c_t=2
soil_moist_x_gust=2
gust_gt30_next_24h=2
gust_peak4h_mean_next_48h=2
temp_change_6h=2
gust_at_t1h=2
rural_urban_code=2
pct_forest_classified=2
last_R_t=1
osi_max_72h=1
pre_event_mean_osi=1
gust_max_obs=1
gust_t=1
wind_speed_t=1
wind_cos_t=1
mcc_t=1
et0_t=1
temp_c_t=1
gust_x_phase=1
gust_mean_next_1h=1
gust_max_next_6h=1
wind_speed_max_next_48h=1
gust_change_1h=1
cumul_tp_since_onset=1
t2m_at_t1h=1
tp_at_t6h=1
n_utilities=1
pct_agriculture=1
gust_gt30_frac_next_24h=1
tp_rate_next_48h=1

parameters:
[boosting: gbdt]
[objective: huber]
[metric: rmse]
[tree_learner: serial]
[device_type: cpu]
[data_sample_strategy: bagging]
[data: ]
[valid: ]
[num_iterations: 2000]
[learning_rate: 0.05]
[num_leaves: 31]
[num_threads: -1]
[seed: 42]
[deterministic: 0]
[force_col_wise: 0]
[force_row_wise: 0]
[histogram_pool_size: -1]
[max_depth: -1]
[min_data_in_leaf: 50]
[min_sum_hessian_in_leaf: 0.001]
[bagging_fraction: 0.8]
[pos_bagging_fraction: 1]
[neg_bagging_fraction: 1]
[bagging_freq: 5]
[bagging_seed: 42]
[bagging_by_query: 0]
[feature_fraction: 0.8]
[feature_fraction_bynode: 1]
[feature_fraction_seed: 42]
[extra_trees: 0]
[extra_seed: 12879]
[early_stopping_round: 0]
[early_stopping_min_delta: 0]
[first_metric_only: 0]
[max_delta_step: 0]
[lambda_l1: 0.1]
[lambda_l2: 1]
[linear_lambda: 0]
[min_gain_to_split: 0]
[drop_rate: 0.1]
[max_drop: 50]
[skip_drop: 0.5]
[xgboost_dart_mode: 0]
[uniform_drop: 0]
[drop_seed: 42]
[top_rate: 0.2]
[other_rate: 0.1]
[min_data_per_group: 100]
[max_cat_threshold: 32]
[cat_l2: 10]
[cat_smooth: 10]
[max_cat_to_onehot: 4]
[top_k: 20]
[monotone_constraints: ]
[monotone_constraints_method: basic]
[monotone_penalty: 0]
[feature_contri: ]
[forcedsplits_filename: ]
[refit_decay_rate: 0.9]
[cegb_tradeoff: 1]
[cegb_penalty_split: 0]
[cegb_penalty_feature_lazy: ]
[cegb_penalty_feature_coupled: ]
[path_smooth: 0]
[interaction_constraints: ]
[verbosity: -1]
[saved_feature_importance_type: 0]
[use_quantized_grad: 0]
[num_grad_quant_bins: 4]
[quant_train_renew_leaf: 0]
[stochastic_rounding: 1]
[linear_tree: 0]
[max_bin: 255]
[max_bin_by_feature: ]
[min_data_in_bin: 3]
[bin_construct_sample_cnt: 200000]
[data_random_seed: 42]
[is_enable_sparse: 1]
[enable_bundle: 1]
[use_missing: 1]
[zero_as_missing: 0]
[feature_pre_filter: 1]
[pre_partition: 0]
[two_round: 0]
[header: 0]
[label_column: ]
[weight_column: ]
[group_column: ]
[ignore_column: ]
[categorical_feature: ]
[forcedbins_filename: ]
[precise_float_parser: 0]
[parser_config_file: ]
[objective_seed: 16083]
[num_class: 1]
[is_unbalance: 0]
[scale_pos_weight: 1]
[sigmoid: 1]
[boost_from_average: 1]
[reg_sqrt: 0]
[alpha: 0.9]
[fair_c: 1]
[poisson_max_delta_step: 0.7]
[tweedie_variance_power: 1.5]
[lambdarank_truncation_level: 30]
[lambdarank_norm: 1]
[label_gain: ]
[lambdarank_position_bias_regularization: 0]
[eval_at: ]
[multi_error_top_k: 1]
[auc_mu_weights: ]
[num_machines: 1]
[local_listen_port: 12400]
[time_out: 120]
[machine_list_filename: ]
[machines: ]
[gpu_platform_id: -1]
[gpu_device_id: -1]
[gpu_device_id_list: ]
[gpu_use_dp: 0]
[num_gpu: 1]

end of parameters

pandas_categorical:[]
