tree
version=v4
num_class=1
num_tree_per_iteration=1
label_index=0
max_feature_idx=162
objective=huber
feature_names=last_osi last_P_t last_N_t last_D_t last_R_t last_outage_pct osi_mean_72h osi_max_72h osi_std_72h outage_pct_mean_72h outage_pct_max_72h N_t_mean_72h N_t_max_72h R_t_mean_72h R_t_max_72h pre_event_mean_osi pre_event_max_outage_pct storm_onset_max_osi storm_onset_mean_osi osi_trend_last6h is_worsening frac_zero_72h hours_since_peak gust_mean_obs gust_max_obs gust_gt30_obs gust_gt40_obs cumul_gust_obs gust_last_obs gust_max_last6h_obs gust_trend_last6h_obs gust_t wind_speed_t wind_sin_t wind_cos_t t2m_t d2m_t tp_t rain_t csnow_t sdwe_t r2_t vpd_t soil_moist_t blh_t tcc_t lcc_t mcc_t hcc_t sp_t mslma_t sdswrf_t direct_rad_t diffuse_rad_t et0_t temp_c_t dewpoint_c_t icing_risk_t gust_exceed_30 soil_moist_x_gust is_snowing gust_x_hso gust_x_phase soil_gust_x_phase gust_exceed30_x_hso gust_max_next_1h gust_mean_next_1h wind_speed_max_next_1h total_tp_next_1h min_t2m_next_1h gust_gt30_next_1h gust_gt40_next_1h gust_peak4h_mean_next_1h gust_max_next_6h gust_mean_next_6h wind_speed_max_next_6h total_tp_next_6h min_t2m_next_6h gust_gt30_next_6h gust_gt40_next_6h gust_peak4h_mean_next_6h gust_max_next_24h gust_mean_next_24h wind_speed_max_next_24h total_tp_next_24h min_t2m_next_24h gust_gt30_next_24h gust_gt40_next_24h gust_peak4h_mean_next_24h gust_max_next_48h gust_mean_next_48h wind_speed_max_next_48h total_tp_next_48h min_t2m_next_48h gust_gt30_next_48h gust_gt40_next_48h gust_peak4h_mean_next_48h gust_change_1h gust_change_3h pressure_change_3h pressure_change_6h temp_change_6h wind_change_1h cumul_gust_since_onset cumul_tp_since_onset gust_gt30_since_onset gust_at_t1h wind_speed_at_t1h t2m_at_t1h tp_at_t1h gust_at_t6h wind_speed_at_t6h t2m_at_t6h tp_at_t6h gust_at_t24h wind_speed_at_t24h t2m_at_t24h tp_at_t24h gust_at_t48h wind_speed_at_t48h t2m_at_t48h tp_at_t48h hour_of_day hour_sin hour_cos days_since_onset hours_since_obs storm_phase log_customers rural_urban_code is_metro pop_density n_utilities pct_forest pct_developed pct_agriculture pct_water pct_wetland pct_unmapped pct_forest_classified tree_canopy_pct tree_canopy_std forest_x_customers window_len_next_1h is_full_next_1h tp_rate_next_1h gust_gt30_frac_next_1h has_weather_at_t1h window_len_next_6h is_full_next_6h tp_rate_next_6h gust_gt30_frac_next_6h has_weather_at_t6h window_len_next_24h is_full_next_24h tp_rate_next_24h gust_gt30_frac_next_24h has_weather_at_t24h window_len_next_48h is_full_next_48h tp_rate_next_48h gust_gt30_frac_next_48h has_weather_at_t48h
feature_infos=[0:0.55230000000000001] [0:0.82424180700000005] [0:0.021710291] [0:0.90465771100000003] [0:0.039181763000000001] [0:82.420000000000002] [4.1666666666666669e-06:0.26529999999999998] [0.0001:0.65049999999999997] [1.9982631347136334e-05:0.22470370552747407] [0.00083333333333333328:39.644861111111112] [0.02:100] [3.1208333333333337e-06:0.018623942125000001] [7.4900000000000005e-05:0.37916412199999999] [3.1208333333333337e-06:0.017093115180555556] [7.4900000000000005e-05:0.119716399] [0:0.38653749999999998] [0:100] [0:0.59799999999999998] [0:0.20940416666666664] [-0.022628571428571428:0.017611428571428573] [0:1] [0:0.95833333333333337] [0:71] [13.03611111111111:31.258333333333326] [29.300000000000001:70] [0:35] [0:18] [938.59999999999991:2250.5999999999995] [3.5:47.5] [15.4:64.5] [-6.477142857142856:3.3114285714285714] [0.59999999999999998:57.799999999999997] [0:38] [-0.99999999953664132:0.99999999913657367] [-0.99999999329043221:1] [259.42265909999998:298.3466019] [257.33913039999999:289.8677619] [0:11.300000000000001] [0:11.300000000000001] [0:2.6600000000000001] [0:0.089999999999999997] [15:100] [0:2.5] [0.16700000000000001:0.52000000000000002] [10:3090] [0:100] [0:100] [0:100] [0:100] [884.60000000000002:1027.2] [986.70000000000005:1031.8] [0:863] [0:737] [0:463] [0:0.60999999999999999] [-13.727340900000002:25.196601900000019] [-15.81086959999999:16.717761900000028] [0:1] [0:27.799999999999997] [0.19259999999999999:23.550000000000001] [0:1] [0.80000000000000004:3819.7999999999997] [0:107.59999999999999] [0:47.100000000000001] [0:1689.7999999999997] [1.2:57.799999999999997] [0.89999999999999991:54.5] [0:38] [0:14.699999999999999] [259.42265909999998:298.21776599999998] [0:2] [0:2] [0.89999999999999991:54.5] [2.7999999999999998:57.799999999999997] [2.0571428571428569:49.328571428571429] [0.40000000000000002:38] [0:26.699999999999999] [259.42265909999998:296.22558249999997] [0:7] [0:7] [2.5999999999999996:52.550000000000004] [8.3000000000000007:57.799999999999997] [4.5520000000000005:43.052] [5.0999999999999996:38] [0:51.199999999999996] [259.42265909999998:286.57337899999999] [0:25] [0:19] [7.5:52.550000000000004] [10.1:57.799999999999997] [5.3392857142857135:37.897959183673471] [5.0999999999999996:38] [0:52.900000000000006] [259.42265909999998:281.94003939999999] [0:40] [0:22] [9.375:52.550000000000004] [-24.299999999999997:28.199999999999999] [-32:35.700000000000003] [-6.1999999999999318:10.599999999999909] [-10.899999999999977:14.599999999999909] [-20.027499999999975:21.845291299999985] [-15.300000000000001:28.000000000000004] [347.09999999999997:4155.3000000000002] [0:53.200000000000003] [0:61] [0.59999999999999998:57.799999999999997] [0:38] [259.42265909999998:298.3466019] [0:11.300000000000001] [0.90000000000000002:57.799999999999997] [0:38] [259.42265909999998:298.3466019] [0:11.300000000000001] [0.90000000000000002:57.799999999999997] [0:38] [259.42265909999998:298.3466019] [0:11.300000000000001] [0.90000000000000002:53.799999999999997] [0:34.299999999999997] [259.42265909999998:296.58327589999999] [0:11.300000000000001] [0:23] [-1:1] [-1:1] [1:5] [1:120] [0:3] [7.1180162044653335:13.453719692845613] [1:9] [0:1] [8.3691524328166658:11939.655837338518] [1:14] [0.96999999999999997:88.719999999999999] [2.21:86.629999999999995] [0.040000000000000001:87.469999999999999] [0.01:5.5099999999999998] [0:19.780000000000001] [1.8899999999999999:18.32] [0.98868616858628067:95.815074496056084] [2.2000000000000002:80.340000000000003] [12.65:40.140000000000001] [8.0679963363985543:851.59337963521523] none none [0:7.3499999999999996] [0:1] none none none [0:3.8142857142857141] [0:1] none none none [0:2.048] [0:1] none [25:49] [0:1] [0:1.0795918367346939] [0:0.81632653061224492] [0:1]
tree_sizes=3025 2820 2769 2771 2781 2790 2779 2738 2808 2710 2749 2719 2751

Tree=0
num_leaves=31
num_cat=0
split_feature=92 91 93 18 85 138 101 50 140 120 88 126 92 155 138 142 114 103 23 114 138 138 91 23 28 50 135 3 2 2
split_gain=0.00656311 0.0037383 0.00424961 0.00181799 0.00155234 0.00481583 0.00570813 0.00131961 0.000874551 0.00143198 0.000654904 0.000978283 0.000492675 0.000542503 0.00121828 0.000526805 0.000382735 0.000293887 0.00023352 0.000199275 0.000193119 0.000223684 0.000289021 0.000168458 0.00015961 0.000175467 0.000141094 0.000137597 0.000116002 0.000103563
threshold=7.5500000000000016 14.15 263.75719270000008 0.063537500000000011 280.68343040000008 4.4450000000000012 7.1949302499999712 1003.7500000000001 77.430000000000021 269.18661785000006 31.837500000000006 28.500000000000004 14.350000000000003 0.2980000000000001 4.785000000000001 336.7235080293604 29.250000000000004 1718.8500000000001 21.557638888888892 36.850000000000001 3.4400000000000004 2.8400000000000003 28.750000000000004 18.550694444444449 19.100000000000005 1021.35 29.415000000000003 0.15259067450000002 0.0006863590000000001 0.0059917800000000012
decision_type=2 2 2 2 2 2 2 2 2 10 2 2 2 2 2 2 2 2 2 2 2 2 2 2 2 2 2 2 2 2
left_child=16 2 -2 4 8 6 -6 -5 10 -10 27 12 13 15 -15 -12 29 20 -17 -20 21 -13 -23 26 25 -7 -22 -3 -14 -1
right_child=1 3 -4 7 5 24 -8 -9 9 -11 11 17 28 14 -16 18 -18 -19 19 -21 23 22 -24 -25 -26 -27 -28 -29 -30 -31
leaf_value=0.00064980046134991613 0.0012942840487102591 0.00065977736345628629 0.00067635116251905123 0.00067635116251905123 0.00070378198313647284 0.00076360734657549586 0.0014288631799616472 0.00093603373267881699 0.00067635116251905123 0.001028316598132701 0.00068494739064184178 0.00067635116251905123 0.00067635116251905123 0.0010421285916464682 0.00067635116251905123 0.00067635116251905123 0.0006819751383466149 0.00066743150571631693 0.00085923419237085683 0.00067635116251905123 0.00067635116251905123 0.00088475097783460128 0.00067635116251905123 0.00067962387765874729 0.00067635116251905123 0.00067635116251905123 0.00077722094358701496 0.00071338528981369743 0.00072944703361860468 0.00067635116251905123
leaf_weight=10063 59 1458 56 86 81 117 57 154 72 52 385 107 336 60 50 51 812 1098 144 77 110 54 54 1607 251 51 100 81 116 516
leaf_count=10063 59 1458 56 86 81 117 57 154 72 52 385 107 336 60 50 51 812 1098 144 77 110 54 54 1607 251 51 100 81 116 516
internal_value=0.000676644 0.000715299 0.0010018 0.000709679 0.000703816 0.000785571 0.0010425 0.000848636 0.000695393 0.0008309 0.000691664 0.000701943 0.000740669 0.00076648 0.000891031 0.000737734 0.000653585 0.000685248 0.000793829 0.000816356 0.000697334 0.000747938 0.000799986 0.00068856 0.000688375 0.000728508 0.000732908 0.000665868 0.000685729 0.000650933
internal_weight=18315 6924 115 6809 6569 557 138 240 6012 124 5888 4349 1219 767 110 657 11391 3130 272 221 2032 215 108 1817 419 168 210 1539 452 10579
internal_count=18315 6924 115 6809 6569 557 138 240 6012 124 5888 4349 1219 767 110 657 11391 3130 272 221 2032 215 108 1817 419 168 210 1539 452 10579
is_linear=0
shrinkage=1


Tree=1
num_leaves=31
num_cat=0
split_feature=92 133 91 116 23 108 81 85 22 137 92 140 115 0 53 94 88 23 112 19 141 135 36 121 88 85 119 22 53 133
split_gain=0.00601813 0.00371122 0.00308515 0.00266595 0.00255423 0.00176846 0.00129522 0.00115293 0.00155134 0.00101529 0.000727018 0.000487223 0.000556162 0.000396686 0.000381438 0.000333364 0.000240717 0.000247208 0.000325475 0.000170452 0.000217183 0.000161916 0.00015817 0.000155668 0.000149809 0.000215672 0.000106553 0.000102154 0.000126222 9.09129e-05
threshold=7.5500000000000016 80.210000000000022 14.250000000000002 292.40618020000005 18.970833333333335 290.20898235000004 47.95000000000001 272.30478455000008 6.5000000000000009 1.7550000000000001 10.850000000000003 54.330000000000005 21.150000000000002 0.21365000000000003 1.5000000000000002 19.500000000000004 30.187500000000007 18.550694444444449 282.10680840000003 -0.0030385714285714282 31.090000000000003 29.415000000000003 264.67255995000005 1.0000000180025095e-35 46.475000000000016 276.37884665000007 7.2500000000000009 1.0000000180025095e-35 257.50000000000006 84.075000000000017
decision_type=2 2 2 2 2 2 2 2 2 2 2 2 2 2 2 2 2 2 2 2 2 2 2 10 2 2 10 2 2 2
left_child=15 3 -3 6 -5 10 13 -8 9 -9 -4 12 19 16 -15 27 -2 18 -18 -6 -21 -20 -17 -19 -10 -26 -7 28 -1 -29
right_child=1 2 5 4 11 26 7 8 24 -11 -12 -13 -14 14 -16 22 17 23 21 20 -22 -23 -24 -25 25 -27 -28 29 -30 -31
leaf_value=-1.0466050488931854e-05 -1.9546033301300715e-05 0.00046667887529997063 0.00019227098426416713 0.00048050264002157231 0 0.0003331209469018923 0 1.3295242331981354e-05 0 0.00043690446191142068 0 0 1.0097323191066998e-05 0 0.00017005464807405825 7.8447534198115786e-05 0 -3.8342655227358242e-06 1.7353720519437112e-07 0 0.00020393425914815388 0.00013759562481979786 0 2.0520793705637537e-05 0.00014650880297969643 0 4.0355390357552661e-05 -2.6264393965970169e-05 7.1777567377116956e-05 0
leaf_weight=434 1123 77 66 50 60 88 192 52 119 67 379 125 208 78 68 65 165 2518 134 66 187 105 804 840 56 51 50 9606 51 431
leaf_count=434 1123 77 66 50 60 88 192 52 119 67 379 125 208 78 68 65 165 2518 134 66 187 105 804 840 56 51 50 9606 51 431
internal_value=4.54226e-07 3.7479e-05 0.000151672 2.46268e-05 0.000117677 0.000100777 1.20786e-05 8.62311e-05 0.000141041 0.000295118 3.84486e-05 8.11673e-05 0.000102466 3.15453e-06 8.41843e-05 -2.16136e-05 0 6.76807e-06 4.41204e-05 0.000147697 0.000169248 8.17023e-05 3.51341e-06 7.73883e-07 3.69422e-05 7.96006e-05 0.000264071 -2.41641e-05 0 -2.52499e-05
internal_weight=18315 6924 660 6264 696 583 5568 537 345 119 445 646 521 5031 146 11391 4885 3762 404 313 253 239 869 3358 226 107 138 10522 485 10037
internal_count=18315 6924 660 6264 696 583 5568 537 345 119 445 646 521 5031 146 11391 4885 3762 404 313 253 239 869 3358 226 107 138 10522 485 10037
is_linear=0
shrinkage=0.05


Tree=2
num_leaves=31
num_cat=0
split_feature=92 133 116 43 133 28 124 81 80 22 126 93 140 133 0 51 114 114 88 28 122 103 10 104 114 2 53 133 4 118
split_gain=0.00552244 0.00342353 0.00253083 0.00464314 0.00119531 0.00160291 0.0013971 0.00118847 0.00117922 0.00107716 0.00132564 0.00108797 0.000484101 0.000486108 0.000360101 0.000342747 0.000324217 0.000306144 0.000218143 0.000236756 0.000206268 0.000136182 0.000106061 9.71325e-05 0.000100259 8.95292e-05 0.000215468 9.10238e-05 6.56299e-05 5.82487e-05
threshold=7.5500000000000016 88.200000000000003 292.40618020000005 0.37650000000000006 80.210000000000022 27.700000000000003 1.0000000180025095e-35 47.95000000000001 31.962500000000006 8.5000000000000018 37.500000000000007 266.26511550000004 54.330000000000005 23.815000000000001 0.21365000000000003 1.5000000000000002 29.250000000000004 38.050000000000004 30.187500000000007 7.0500000000000007 11.500000000000002 1647.1000000000006 5.8000000000000007 4.7500000000000009 32.250000000000007 0.0059917800000000012 252.50000000000003 84.075000000000017 0.00091263800000000001 30.550000000000004
decision_type=2 2 2 2 2 2 2 2 2 2 2 2 2 2 2 2 2 2 2 2 2 2 2 2 2 2 2 2 2 10
left_child=16 2 4 12 7 6 8 14 -6 10 11 -9 13 -4 18 -16 25 -15 -2 20 -20 22 -21 -18 -25 27 -27 29 -24 -1
right_child=1 -3 3 -5 5 -7 -8 9 -10 -11 -12 -13 -14 17 15 -17 23 -19 19 21 -22 -23 28 24 -26 26 -28 -29 -30 -31
leaf_value=-2.5746075852491606e-05 -1.856959991176145e-05 0.00033642020737725321 2.8387642747142129e-05 0.00053958779908597882 0.00040954253199661358 0 1.7106621699935909e-05 0.00035034322726928762 0 0 0 4.7810614704192975e-05 0 0.00018901070989743552 0 0.00016167514578498506 0 0 0.00010196471660184358 0 0 -1.0262862275097381e-05 0 0 9.964041141267025e-05 -1.3133323235934344e-05 9.4777247302094931e-05 0 3.0667216896344448e-05 0
leaf_weight=9328 1123 96 283 63 88 238 133 98 51 227 102 110 171 183 78 68 706 50 120 1282 155 1206 309 55 51 466 50 380 690 355
leaf_count=9328 1123 96 283 63 88 238 133 98 51 227 102 110 171 183 78 68 706 50 120 1282 155 1206 309 55 51 466 50 380 690 355
internal_value=6.01707e-07 3.60778e-05 3.10743e-05 0.000119014 1.93826e-05 9.40361e-05 0.000176722 1.16312e-05 0.00029252 8.26839e-05 0.000143128 0.000215268 7.24508e-05 9.65722e-05 3.0386e-06 8.0251e-05 -2.05248e-05 0.000157546 0 6.47504e-06 5.18618e-05 1.44831e-06 9.83304e-06 5.29432e-06 4.98239e-05 -2.29794e-05 0 -2.40285e-05 2.20408e-05 -2.49705e-05
internal_weight=18315 6924 6828 750 6078 510 272 5568 139 537 310 208 687 516 5031 146 11391 233 4885 3762 275 3487 2281 812 106 10579 516 10063 999 9683
internal_count=18315 6924 6828 750 6078 510 272 5568 139 537 310 208 687 516 5031 146 11391 233 4885 3762 275 3487 2281 812 106 10579 516 10063 999 9683
is_linear=0
shrinkage=0.05


Tree=3
num_leaves=31
num_cat=0
split_feature=92 133 28 56 120 116 23 56 81 22 126 93 108 140 115 0 53 114 88 28 122 121 131 140 124 33 104 136 89 83
split_gain=0.00505216 0.00314875 0.00314767 0.00311593 0.00428127 0.00222775 0.00211971 0.00118119 0.00108225 0.000983559 0.00121385 0.000942348 0.000797114 0.000409157 0.000452063 0.000326964 0.00030787 0.000295891 0.000197713 0.000216756 0.000182441 0.000117731 8.9267e-05 0.000131629 8.87757e-05 0.000116433 8.82907e-05 9.25179e-05 8.66707e-05 0.000117811
threshold=7.5500000000000016 80.210000000000022 26.850000000000005 -2.5025185499999902 269.02195385000005 292.40618020000005 18.970833333333335 4.746799400000044 47.95000000000001 8.5000000000000018 37.500000000000007 266.26511550000004 288.31147770000001 54.330000000000005 21.150000000000002 0.21365000000000003 1.5000000000000002 29.250000000000004 30.187500000000007 7.0500000000000007 11.500000000000002 1.0000000180025095e-35 380.14928055474451 17.375000000000004 -0.98296291314453399 -0.99685182043256437 4.7500000000000009 0.25500000000000006 44.050000000000004 18.050000000000004
decision_type=2 2 2 2 10 2 2 2 2 2 2 2 2 2 2 2 2 2 2 2 2 10 2 2 2 2 2 2 2 2
left_child=17 5 3 -3 12 8 -7 -6 15 10 11 -10 -5 14 22 18 -17 24 -2 20 -20 -21 23 -8 25 -1 -19 -28 29 -23
right_child=1 2 -4 4 7 6 13 -9 9 -11 -12 -13 -14 -15 -16 16 -18 26 19 21 -22 28 -24 -25 -26 -27 27 -29 -30 -31
leaf_value=7.129498014275633e-05 -1.764194660976979e-05 0 4.7035076379698193e-06 0 0.00083168453171207884 0.00044034965489973891 0 0.00024385420780448591 0.00033300300192624699 0 0 4.5441619088435533e-05 0.00023715876818046746 0 7.3495245027315729e-06 0 0.00015370854435431007 0 9.6908614849638042e-05 -2.285488116372739e-06 0 0 0 0.00018183232710261438 -2.2785302101329297e-05 -9.0957462812479821e-06 9.4389672660738898e-05 0 0 4.2295709656087489e-05
leaf_weight=50 1123 92 305 81 52 50 69 50 98 227 102 110 80 125 208 78 68 706 120 2635 155 105 57 187 10145 384 52 54 302 445
leaf_count=50 1123 92 305 81 52 50 69 50 98 227 102 110 80 125 208 78 68 706 120 2635 155 105 57 187 10145 384 52 54 302 445
internal_value=7.06749e-07 3.46484e-05 0.000139956 0.000241774 0.000329138 2.27341e-05 0.000107881 0.000597241 1.11755e-05 7.90042e-05 0.000136762 0.000205796 0.000125782 7.3779e-05 9.3308e-05 2.92772e-06 7.65116e-05 -1.94869e-05 0 6.19575e-06 4.96452e-05 1.32241e-06 0.000134302 0.000151346 -2.18379e-05 0 4.9818e-06 4.74493e-05 1.83319e-05 3.0224e-05
internal_weight=18315 6924 660 355 263 6264 696 102 5568 537 310 208 161 646 521 5031 146 11391 4885 3762 275 3487 313 256 10579 434 812 106 852 550
internal_count=18315 6924 660 355 263 6264 696 102 5568 537 310 208 161 646 521 5031 146 11391 4885 3762 275 3487 313 256 10579 434 812 106 852 550
is_linear=0
shrinkage=0.05


Tree=4
num_leaves=31
num_cat=0
split_feature=92 133 116 43 133 28 126 36 81 85 137 19 93 140 41 0 51 114 133 88 23 122 121 2 53 133 104 114 89 21
split_gain=0.00462621 0.00288931 0.00214074 0.00388379 0.000976249 0.00133293 0.00120659 0.00151101 0.000987296 0.000980634 0.00108056 0.00130619 0.00150789 0.000406535 0.000420316 0.000297438 0.000276435 0.000269942 0.000249164 0.000178186 0.000203693 0.000356053 0.000119027 8.16961e-05 0.000193144 8.21021e-05 8.01485e-05 8.82062e-05 7.97685e-05 6.14168e-05
threshold=7.5500000000000016 88.200000000000003 292.40618020000005 0.37650000000000006 80.210000000000022 27.700000000000003 30.500000000000004 279.44596520000005 47.95000000000001 272.30478455000008 1.0650000000000002 -0.00045714285714285675 266.49494775000005 54.330000000000005 43.500000000000007 0.21365000000000003 1.5000000000000002 29.250000000000004 20.835000000000004 30.187500000000007 18.550694444444449 3.5000000000000004 1.0000000180025095e-35 0.0059917800000000012 252.50000000000003 84.075000000000017 4.7500000000000009 32.250000000000007 44.150000000000013 0.65972222222222232
decision_type=2 2 2 2 2 2 2 2 2 2 2 2 2 2 2 2 2 2 2 2 2 2 10 2 2 2 2 2 2 2
left_child=17 2 4 13 8 6 -6 -8 15 -10 -11 12 -12 14 18 19 -17 23 -4 -2 21 -21 -22 25 -25 -1 -19 -28 29 -24
right_child=1 -3 3 -5 5 -7 7 -9 9 10 11 -13 -14 -15 -16 16 -18 26 -20 20 22 -23 28 24 -26 -27 27 -29 -30 -31
leaf_value=-2.2638419344289354e-05 -1.6760634745969262e-05 0.00030967617260365538 0 0.00049544926184125876 0 0 0.00040001449737054131 4.8046849225175797e-05 0 0 0.00043843680762562789 0 3.0451416420207043e-05 0 1.7676809065429864e-05 0 0.00014613449941400862 0 0.00017893475258171584 0.00015433975126370571 -3.5524067265708686e-06 3.522911575994611e-06 3.6100624040131828e-05 -1.1376039480912301e-05 9.1010074102086945e-05 0 0 9.1849899758576965e-05 0 0
leaf_weight=9683 1123 96 85 63 78 238 84 110 192 120 78 73 74 171 256 78 68 706 175 63 2518 341 474 466 50 380 55 51 299 67
leaf_count=9683 1123 96 85 63 78 238 84 110 192 120 78 73 74 171 256 78 68 706 175 63 2518 341 474 466 50 380 55 51 299 67
internal_value=8.16158e-07 3.33047e-05 2.86421e-05 0.000109629 1.78097e-05 8.5447e-05 0.00016085 0.000227356 1.07024e-05 7.55068e-05 0.000126295 0.000190717 0.000273989 6.63125e-05 8.84173e-05 2.77799e-06 7.29564e-05 -1.84942e-05 0.000138578 0 5.87117e-06 3.97101e-05 3.00869e-07 -2.07459e-05 0 -2.17429e-05 4.67994e-06 4.51558e-05 1.77873e-05 2.93064e-05
internal_weight=18315 6924 6828 750 6078 510 272 194 5568 537 345 225 152 687 516 5031 146 11391 260 4885 3762 404 3358 10579 516 10063 812 106 840 541
internal_count=18315 6924 6828 750 6078 510 272 194 5568 537 345 225 152 687 516 5031 146 11391 260 4885 3762 404 3358 10579 516 10063 812 106 840 541
is_linear=0
shrinkage=0.05


Tree=5
num_leaves=31
num_cat=0
split_feature=92 13 43 116 43 133 99 136 81 22 103 55 22 53 100 90 140 11 49 14 122 133 133 88 27 122 135 73 36 81
split_gain=0.00337807 0.00267195 0.00174982 0.00128386 0.00198682 0.00116287 0.00140726 0.00210742 0.000551971 0.00064656 0.000965382 0.000357153 0.000287948 0.00204754 0.000261117 0.000218793 0.000204794 0.000183086 0.000185079 0.00019883 0.000186111 0.000157851 0.000151844 0.000144836 0.00021371 0.000310746 8.65512e-05 7.73357e-05 4.76853e-05 8.73567e-05
threshold=7.3500000000000023 0.0039296913055555565 0.33650000000000008 292.64227095000007 0.36750000000000005 79.980000000000004 -0.19999999999987492 0.10000000000000002 47.95000000000001 6.5000000000000009 1516.6000000000001 17.115740650000053 1.0000000180025095e-35 271.50000000000006 -4.8500000000000218 24.115306122448985 54.330000000000005 0.0025682991041666671 969.85000000000002 0.024988164500000003 8.5000000000000018 88.200000000000003 23.815000000000001 30.912500000000005 1335.6500000000003 3.5000000000000004 15.950000000000001 17.050000000000004 265.75130235000006 39.850000000000001
decision_type=2 2 2 2 2 2 2 2 2 2 2 2 2 2 2 2 2 2 2 2 2 2 2 2 2 2 2 2 2 2
left_child=12 3 -3 5 16 8 11 -8 17 10 -10 -7 13 -1 -13 21 22 23 -19 20 -20 -14 -5 -2 25 -25 -22 -23 29 -17
right_child=1 2 -4 4 -6 6 7 -9 9 -11 -12 14 15 -15 -16 28 -18 18 19 -21 26 27 -24 24 -26 -27 -28 -29 -30 -31
leaf_value=-7.8695973125763318e-06 -1.938298056051838e-05 0 0.0003696237042458961 1.1161737651500324e-05 0.00032928699446693575 0 0 0.00039615428012803027 0.00022571630713437947 4.6305894595236589e-07 0 0.0001590303277480416 -2.2008212893956956e-05 0.00031628578310259267 0 0 0 0 0 0 0 0 0.0001051530434618322 0.00015842607213320057 -3.51821426797526e-06 2.2380126881290182e-06 0.00011010631872065468 6.7254502779930513e-05 -1.6951048848340662e-06 7.2871050095503931e-05
leaf_weight=475 1161 76 95 248 82 263 89 79 109 362 72 64 9557 51 57 66 152 519 168 220 59 52 193 50 2384 327 166 51 1065 62
leaf_count=475 1161 76 95 248 82 263 89 79 109 362 72 64 9557 51 57 66 152 519 168 220 59 52 193 50 2384 327 166 51 1065 62
internal_value=0 2.75831e-05 0.000225434 2.18603e-05 8.86884e-05 1.36981e-05 8.36182e-05 0.000207642 5.89536e-06 5.37985e-05 0.000132408 1.59722e-05 -1.65644e-05 1.46128e-05 9.0132e-05 -1.85373e-05 4.65026e-05 0 1.83901e-05 3.71167e-05 5.83824e-05 -2.104e-05 6.37533e-05 -4.35895e-06 1.53098e-07 3.65444e-05 8.94484e-05 2.00637e-05 0 3.00065e-05
internal_weight=18374 6995 171 6824 675 6149 552 168 5597 543 181 384 11379 526 121 10853 593 5054 1132 613 393 9660 441 3922 2761 377 225 103 1193 128
internal_count=18374 6995 171 6824 675 6149 552 168 5597 543 181 384 11379 526 121 10853 593 5054 1132 613 393 9660 441 3922 2761 377 225 103 1193 128
is_linear=0
shrinkage=0.05


Tree=6
num_leaves=31
num_cat=0
split_feature=92 13 43 116 43 137 49 62 56 83 21 2 53 140 82 103 104 75 88 93 116 92 103 137 114 139 82 141 103 90
split_gain=0.00309677 0.00241726 0.00155297 0.00117593 0.00180398 0.00134794 0.00126281 0.0018767 0.00133281 0.000487286 0.000428054 0.000270043 0.00114033 0.000191393 0.000181303 0.000305066 0.000226345 0.000171794 0.000227218 0.000151029 0.000228402 0.000299514 0.000171859 0.00014526 0.000137017 0.000127173 0.000110029 0.000109814 0.000108722 8.0922e-05
threshold=7.5500000000000016 0.0039296913055555565 0.33650000000000008 292.64227095000007 0.36750000000000005 1.0000000180025095e-35 956.35000000000002 21.950000000000003 6.2977205500000375 33.550000000000004 0.61805555555555569 0.0023607900000000002 276.50000000000006 54.330000000000005 21.934000000000008 1647.1000000000006 0.35000000000000009 21.650000000000002 34.612500000000004 265.47140015000008 285.83731780000005 26.750000000000007 1475.3500000000001 0.26500000000000007 36.45000000000001 85.299518965764761 19.582000000000004 34.190000000000005 1690.8500000000001 24.115306122448985
decision_type=2 2 2 2 2 2 2 2 2 2 2 2 2 2 2 2 2 2 2 2 2 2 2 2 2 2 2 2 2 2
left_child=11 3 -3 5 13 6 -2 -8 -9 14 -11 25 28 24 -7 16 -16 18 -18 -20 21 22 23 -21 27 29 -27 -5 -13 -1
right_child=1 2 -4 4 -6 9 7 8 -10 10 -12 12 -14 -15 15 -17 17 -19 19 20 -22 -23 -24 -25 -26 26 -28 -29 -30 -31
leaf_value=-2.1494689458924639e-05 0 0 0.00035133503235082724 0 0.00031743895185150557 -1.240866753902509e-05 0 0.00049641663906974532 8.3253204527409261e-05 0 0.00016998585637423299 1.5313759416222124e-05 0.00017513131511014252 0 0 -7.4502403453848363e-06 0 0 0 0 1.2263176385750736e-05 0 0 0.00013099193233754962 0 -4.9650607876747942e-06 5.3000504417615317e-05 0.00012905980775112361 -1.6808131503131669e-05 -6.8147160029663333e-07
leaf_weight=8558 118 76 95 109 81 1211 91 59 87 86 85 228 91 152 925 1489 438 368 216 58 400 65 85 290 178 560 92 133 922 1028
leaf_count=8558 118 76 95 109 81 1211 91 59 87 86 85 228 91 152 925 1489 438 368 216 58 400 65 85 290 178 560 92 133 922 1028
internal_value=9.16876e-08 2.68432e-05 0.000215227 2.12775e-05 8.64645e-05 1.34294e-05 0.00010881 0.000175996 0.000286471 6.61313e-06 9.06966e-05 -1.55423e-05 3.30517e-06 4.45337e-05 3.10268e-06 8.5921e-06 1.87448e-05 2.85504e-05 3.58445e-05 4.79479e-05 5.71958e-05 8.31694e-05 9.8379e-05 0.000115181 6.19341e-05 -1.83153e-05 0 8.97511e-05 -6.0878e-06 -1.97845e-05
internal_weight=18374 6895 171 6724 653 6071 355 237 146 5716 171 11479 1241 572 5545 4334 2845 1920 1552 1114 898 498 433 348 420 10238 652 242 1150 9586
internal_count=18374 6895 171 6724 653 6071 355 237 146 5716 171 11479 1241 572 5545 4334 2845 1920 1552 1114 898 498 433 348 420 10238 652 242 1150 9586
is_linear=0
shrinkage=0.05


Tree=7
num_leaves=31
num_cat=0
split_feature=92 13 43 116 43 137 59 81 137 36 116 2 53 140 90 6 51 133 115 142 65 88 23 122 118 16 108 41 128 77
split_gain=0.00283669 0.00219567 0.00137638 0.00108715 0.00160098 0.00122024 0.00196304 0.000392133 0.000564556 0.0016039 0.000865142 0.000248513 0.00212356 0.000179632 0.000167594 0.000137267 0.000143168 0.000136402 0.000131145 0.000126419 0.000234133 0.000113953 0.000131326 0.000261226 8.22123e-05 6.75391e-05 9.32943e-05 4.56325e-05 4.1149e-05 5.07859e-05
threshold=7.5500000000000016 0.0039296913055555565 0.33650000000000008 292.64227095000007 0.36750000000000005 1.0000000180025095e-35 9.3432500000000029 47.95000000000001 1.7550000000000001 273.14435375000011 285.83731780000005 0.0059917800000000012 265.50000000000006 54.330000000000005 24.115306122448985 0.022078472222222225 2.5000000000000004 88.200000000000003 21.950000000000003 760.83511572926238 21.750000000000004 28.987500000000004 18.550694444444449 3.5000000000000004 14.850000000000003 1.0650000000000002 278.57647350000008 52.500000000000007 10.133735740856517 275.08442125000005
decision_type=2 2 2 2 2 2 2 2 2 2 2 2 2 2 2 2 2 2 2 2 2 2 2 2 8 2 2 2 2 2
left_child=11 3 -3 5 13 6 19 15 -9 10 -10 14 -13 18 17 21 -17 -1 -5 -2 -21 -7 23 -23 -19 27 28 -24 29 -27
right_child=1 2 -4 4 -6 7 -8 8 9 -11 -12 12 -14 -15 -16 16 -18 24 -20 20 -22 22 25 -25 -26 26 -28 -29 -30 -31
leaf_value=-1.979009602805028e-05 0 0 0.00033395126354131819 8.4082962700099772e-05 0.00030176056262129486 -1.5396141925765895e-05 0.00031212788581214731 0 0.00041113324134270303 0 0 -7.8901261167545644e-06 0.00032434356244658718 0 0 0 9.764939328035964e-05 6.8710595158193546e-05 0 0 0.00013246176577707625 0.00013070993467590597 0 4.6318023691250399e-07 0 7.9376680168125957e-05 0 -1.1974298915350145e-05 0 0
leaf_weight=9596 162 76 95 259 81 1016 88 332 51 143 52 539 50 152 1191 79 73 50 161 51 54 59 895 396 53 89 1052 1247 182 50
leaf_count=9596 162 76 95 259 81 1016 88 332 51 143 52 539 50 152 1191 79 73 50 161 51 54 59 895 396 53 89 1052 1247 182 50
internal_value=1.85885e-07 2.5799e-05 0.000205524 2.0455e-05 8.31864e-05 1.28715e-05 0.000103679 6.34007e-06 4.56313e-05 0.000102933 0.000252425 -1.47643e-05 1.23404e-05 4.30359e-05 -1.66904e-05 9.39026e-07 4.76712e-05 -1.88671e-05 5.98955e-05 1.54119e-05 5.98508e-05 0 3.32154e-06 2.85668e-05 1.84098e-05 0 8.6995e-06 -5.50152e-06 3.23616e-05 5.60672e-05
internal_weight=18374 6895 171 6724 653 6071 355 5716 578 246 103 11479 589 572 10890 5138 152 9699 420 267 105 4986 3970 455 103 3515 1373 2142 321 139
internal_count=18374 6895 171 6724 653 6071 355 5716 578 246 103 11479 589 572 10890 5138 152 9699 420 267 105 4986 3970 455 103 3515 1373 2142 321 139
is_linear=0
shrinkage=0.05


Tree=8
num_leaves=31
num_cat=0
split_feature=92 13 116 23 137 59 1 83 21 22 19 140 115 114 88 103 104 141 93 137 93 49 81 94 107 141 39 84 23 123
split_gain=0.00260996 0.00199918 0.000988795 0.00130123 0.0011061 0.00176458 0.000470954 0.000421704 0.000361946 0.000235127 0.00173699 0.000201173 0.000286523 0.000160661 0.000143904 0.000254861 0.000202791 0.000170174 0.000223745 0.000127491 0.000130788 0.000153679 0.000161944 0.000114517 0.000206966 9.6737e-05 8.75299e-05 7.22767e-05 6.67266e-05 6.52099e-05
threshold=7.3500000000000023 0.0039296913055555565 292.64227095000007 19.043055555555558 1.0000000180025095e-35 9.3432500000000029 0.030836468000000002 33.550000000000004 0.61805555555555569 1.0000000180025095e-35 0.00035714285714285703 54.330000000000005 18.950000000000003 29.850000000000005 28.987500000000004 1647.1000000000006 0.35000000000000009 38.640000000000008 266.45537655000004 0.75500000000000012 265.47140015000008 988.55000000000007 40.750000000000007 5.5000000000000009 9.9500000000000011 34.190000000000005 0.24500000000000002 17.150000000000006 27.462500000000002 0.78656609248549325
decision_type=2 2 2 2 2 2 2 2 2 2 2 2 2 2 2 2 2 2 2 2 2 2 2 2 2 2 2 2 2 2
left_child=9 2 4 -4 5 23 -3 14 -9 10 -1 12 25 26 -6 16 27 19 -19 -18 -21 22 -22 24 -2 -5 -11 -16 29 -24
right_child=1 6 3 11 7 -7 -8 8 -10 13 -12 -13 -14 -15 15 -17 17 18 -20 20 21 -23 28 -25 -26 -27 -28 -29 -30 -31
leaf_value=0.0002733833189278689 0 0.00028886465710896913 0.00033756543414640948 0 -1.2120921669672624e-05 0.00029669684684092089 2.3742988945741668e-05 0 0.00015736502942630516 -1.8552954058394449e-05 -8.2991155429240203e-06 0 7.4623528216965378e-06 1.6280621262449445e-06 -8.3246048004057207e-06 -7.3076144358664326e-06 0 0 0.00013260895555228645 0 0 0 0.00010043777984006027 0 0.00012714699042915974 0.00014414611546703944 0 2.7390023524941815e-05 0 0
leaf_weight=58 51 92 51 70 1061 88 79 86 85 9860 468 147 267 686 831 1503 771 84 98 310 198 240 229 164 52 140 307 163 84 51
leaf_count=58 51 92 51 70 1061 88 79 86 85 9860 468 147 267 686 831 1503 771 84 98 310 198 240 229 164 52 140 307 163 84 51
internal_value=3.20467e-07 2.46171e-05 1.95542e-05 7.84079e-05 1.22689e-05 9.88168e-05 0.000196301 6.08714e-06 8.43862e-05 -1.41769e-05 1.37331e-05 4.87205e-05 6.44657e-05 -1.59913e-05 2.80238e-06 7.37081e-06 1.62169e-05 2.51974e-05 8.03533e-05 1.71726e-05 2.80276e-05 3.86781e-05 5.30672e-05 1.40774e-05 5.71269e-05 0.000112866 -1.7672e-05 0 7.38443e-05 8.76169e-05
internal_weight=18374 6995 6824 675 6149 355 171 5794 171 11379 526 624 477 10853 5623 4562 3059 2065 182 1883 1112 802 562 267 103 210 10167 994 364 280
internal_count=18374 6995 6824 675 6149 355 171 5794 171 11379 526 624 477 10853 5623 4562 3059 2065 182 1883 1112 802 562 267 103 210 10167 994 364 280
is_linear=0
shrinkage=0.05


Tree=9
num_leaves=31
num_cat=0
split_feature=92 133 28 94 73 120 116 94 81 36 129 2 2 120 124 11 118 49 114 19 85 135 49 19 133 81 23 112 135 28
split_gain=0.00239591 0.00176428 0.0017923 0.00202846 0.00180596 0.00274893 0.00146577 0.00119681 0.000399298 0.000463577 0.000806152 0.00022142 0.000206315 0.000861069 0.00193959 0.000184974 0.00017321 0.000169508 0.000156365 0.000122516 0.000121411 0.000123654 0.000145991 0.000120163 0.000111112 0.000105682 0.000162352 0.00019147 0.000203333 0.000104102
threshold=7.3500000000000023 80.210000000000022 26.850000000000005 14.500000000000002 19.050000000000004 269.02195385000005 292.64227095000007 7.5000000000000009 47.95000000000001 273.14435375000011 6.5000000000000009 4.1050000000000008e-05 0.0023607900000000002 284.74956700000001 -0.70710678118654757 0.0026079879722222228 17.650000000000002 995.55000000000007 41.150000000000013 -0.003815714285714283 277.99500290000009 67.780000000000015 969.85000000000002 -0.0030385714285714282 88.200000000000003 32.350000000000001 18.550694444444449 282.75458710000004 29.415000000000003 22.500000000000004
decision_type=2 2 2 2 2 10 2 2 2 2 2 2 2 10 2 2 10 2 2 2 2 2 2 2 2 2 2 2 2 2
left_child=12 6 3 4 -3 11 8 -8 15 10 -10 -6 24 -14 -15 25 -17 18 23 -18 21 22 -21 -9 -1 -2 27 -27 -29 -25
right_child=1 2 -4 -5 5 -7 7 17 9 -11 -12 -13 13 14 -16 16 19 -19 -20 20 -22 -23 -24 29 -26 26 -28 28 -30 -31
leaf_value=-1.6725055662040017e-05 -1.7228586503842171e-05 0 0 0 0.00019079500920964745 0.00058248927766283332 0.00032683271089856711 0 2.4842249812563461e-05 0 0.00028787095490591966 0 -1.2416458173164231e-05 0.00033796787064049329 0 0 0 0 0 0 0 0 9.2834782030799018e-05 0 1.6634638296070404e-05 0 -3.4052030743959396e-06 0 0.00012109215677433914 0.00012902937265312661
leaf_weight=10038 1064 50 306 109 54 77 56 72 218 275 50 58 1018 59 159 435 128 163 78 128 160 71 246 78 105 177 2517 146 92 187
leaf_count=10038 1064 50 306 109 54 77 56 72 218 275 50 58 1018 59 159 435 128 163 78 128 160 71 246 78 105 177 2517 146 92 187
internal_value=4.462e-07 2.37335e-05 0.000103189 0.00018117 0.000262411 0.000332781 1.47352e-05 8.74059e-05 5.77228e-06 4.67154e-05 9.33899e-05 0.000113223 -1.34306e-05 2.6669e-06 9.56681e-05 4.90807e-07 1.8768e-05 5.50489e-05 7.23632e-05 3.39255e-05 4.3583e-05 5.71091e-05 6.85807e-05 8.7186e-05 -1.58852e-05 -3.6039e-06 0 3.00913e-05 5.98239e-05 0.000103867
internal_weight=18374 6995 654 348 239 189 6341 634 5707 543 268 112 11379 1236 218 5164 1168 578 415 733 605 445 374 337 10143 3996 2932 415 238 265
internal_count=18374 6995 654 348 239 189 6341 634 5707 543 268 112 11379 1236 218 5164 1168 578 415 733 605 445 374 337 10143 3996 2932 415 238 265
is_linear=0
shrinkage=0.05


Tree=10
num_leaves=31
num_cat=0
split_feature=92 13 43 116 133 49 46 43 88 50 137 93 49 77 2 2 9 92 139 50 140 41 88 74 141 81 104 14 29 137
split_gain=0.00250136 0.00261253 0.00173143 0.000689684 0.00082941 0.00117744 0.0025581 0.000827741 0.000819311 0.000897775 0.00145653 0.00138237 0.000403166 0.000354473 0.000314573 0.00315879 0.000168369 0.000164367 0.000272139 0.000140979 0.000138211 0.000111955 0.000104305 0.000119382 0.000190727 0.000208964 0.000206535 6.40631e-05 4.41697e-05 3.80961e-05
threshold=7.5500000000000016 0.0039296913055555565 0.33650000000000008 294.00043860000005 80.210000000000022 958.05000000000007 26.500000000000004 0.36150000000000004 43.612500000000011 1008.1500000000002 1.4400000000000002 266.29957915000006 975.1500000000002 286.09935920000004 0.0059917800000000012 0.0060912370000000002 3.3623611111111114 2.5500000000000012 85.299518965764761 1002.4500000000002 54.330000000000005 45.500000000000007 29.137500000000006 18.464285714285719 35.760000000000012 36.850000000000001 0.45000000000000007 0.018157382500000003 47.300000000000004 1.0000000180025095e-35
decision_type=2 2 2 2 2 2 2 2 2 2 2 2 2 2 2 2 2 2 2 2 2 2 2 2 2 2 2 2 2 2
left_child=14 3 -3 4 8 -6 12 20 16 -10 -11 -12 13 -7 17 -16 22 29 -19 -18 21 -5 28 24 -24 -26 -27 -13 -2 -1
right_child=1 2 -4 7 5 6 -8 -9 9 10 11 27 -14 -15 15 -17 19 18 -20 -21 -22 -23 23 -25 25 26 -28 -29 -30 -31
leaf_value=0 -1.9105259635181807e-05 0 0.00037934332717585762 7.216715230234973e-05 0 0 0.00044506925802609965 0.00022695311856177404 0 0 0.00040079471130911133 9.1269420015578358e-05 0 0.00021578475097924763 0.00039471519421427868 -7.8144057786744268e-06 0 -5.3920135407037402e-06 8.6317734042798598e-05 8.6177306190550628e-05 0 0 0 -5.9737392106565759e-07 0 0 0.00013465095735606012 0 0 -1.8266963239336398e-05
leaf_weight=391 969 70 87 205 213 54 59 91 296 213 70 63 139 50 51 511 63 1873 83 103 119 81 448 3137 110 83 100 61 61 8462
leaf_count=391 969 70 87 205 213 54 59 91 296 213 70 63 139 50 51 511 63 1873 83 103 119 81 448 3137 110 83 100 61 61 8462
internal_value=1.68008e-06 2.55598e-05 0.000229677 2.00692e-05 1.46022e-05 7.65914e-05 0.000140374 7.91912e-05 8.19842e-06 5.88293e-05 0.000107111 0.000206587 4.43819e-05 0.000119065 -1.24661e-05 2.04693e-05 1.8811e-07 -1.46428e-05 0 5.01441e-05 3.31979e-05 5.25643e-05 -4.92852e-07 2.17312e-06 2.06255e-05 5.1918e-05 8.45346e-05 5.46237e-05 -1.53724e-05 -1.75553e-05
internal_weight=18316 6945 157 6788 6292 515 302 496 5777 703 407 194 243 104 11371 562 5074 10809 1956 166 405 286 4908 3878 741 293 183 124 1030 8853
internal_count=18316 6945 157 6788 6292 515 302 496 5777 703 407 194 243 104 11371 562 5074 10809 1956 166 405 286 4908 3878 741 293 183 124 1030 8853
is_linear=0
shrinkage=0.05


Tree=11
num_leaves=31
num_cat=0
split_feature=92 13 122 128 142 66 74 92 36 61 67 14 44 128 9 51 2 2 114 86 74 137 139 133 83 104 133 84 6 12
split_gain=0.00229107 0.00237259 0.000801927 0.000642367 0.000725026 0.00142579 0.00120541 0.000834658 0.000724653 0.000631773 0.00145633 0.000734671 0.000821323 0.000871688 0.000445342 0.000414748 0.0002806 0.00286028 0.00015216 0.000146906 0.000459043 0.000228148 0.000233162 0.000213308 0.000248963 0.000142441 0.000100461 6.7757e-05 0.000106845 5.29082e-05
threshold=7.5500000000000016 0.0039296913055555565 12.500000000000002 9.4838347729937542 737.56509152187925 21.775000000000002 30.221428571428579 11.550000000000002 280.23556365000007 133.65000000000003 12.750000000000002 0.025648871000000004 717.50000000000011 8.922191521710662 3.4161111111111118 3.5000000000000004 0.0059917800000000012 0.0060912370000000002 31.250000000000004 2.5000000000000004 18.464285714285719 0.43500000000000005 33.334427712442256 53.695000000000007 23.850000000000005 4.7500000000000009 82.02000000000001 0.45000000000000007 0.0018930555555555558 0.039230613500000004
decision_type=2 2 2 2 2 2 2 2 2 2 2 2 2 2 2 2 2 2 2 2 2 2 2 2 2 2 2 2 2 2
left_child=16 3 -3 4 7 -6 8 9 -7 -2 11 12 13 -11 19 -16 18 -18 26 29 21 -21 -23 24 -24 -20 -1 -28 -29 -5
right_child=1 2 -4 14 5 6 -8 -9 -10 10 -12 -13 -14 -15 15 -17 17 -19 25 20 -22 22 23 -25 -26 -27 27 28 -30 -31
leaf_value=-1.6695274980385852e-05 0 3.7055397013880467e-05 0.00035796144818714068 -1.6213555704378959e-05 0 0.00045745496069866937 0 0 5.7245762549553481e-05 4.035090594269979e-05 0 0 0 0.0003896276536003522 0 0.00015717339790361016 0.0003753589754789853 -7.4244488083152754e-06 0 0 0 0 0.00016932399259878076 0 0 8.344488122586555e-05 -2.8826543096353189e-06 0 7.1453682384933073e-05 0
leaf_weight=9727 164 84 73 966 126 59 62 1034 57 67 312 59 62 95 80 95 51 511 577 276 2704 183 130 90 55 52 303 66 84 112
leaf_count=9727 164 84 73 966 126 59 62 1034 57 67 312 59 62 95 80 95 51 511 577 276 2704 183 130 90 55 52 303 66 84 112
internal_value=1.68039e-06 2.4543e-05 0.000219233 1.92719e-05 4.28497e-05 0.000119512 0.000210358 2.70052e-05 0.000305706 6.68362e-05 9.13583e-05 0.000174171 0.00021553 0.000276982 7.65948e-06 8.70823e-05 -1.18445e-05 1.90361e-05 -1.39143e-05 3.45623e-06 9.32889e-06 4.43685e-05 6.62942e-05 9.70614e-05 0.000129794 4.53175e-06 -1.55455e-05 0 3.32427e-05 -1.06304e-05
internal_weight=18316 6945 157 6788 2097 304 178 1793 116 759 595 283 224 162 4691 175 11371 562 10809 4516 3438 734 458 275 185 629 10180 453 150 1078
internal_count=18316 6945 157 6788 2097 304 178 1793 116 759 595 283 224 162 4691 175 11371 562 10809 4516 3438 734 458 275 185 629 10180 453 150 1078
is_linear=0
shrinkage=0.05


Tree=12
num_leaves=31
num_cat=0
split_feature=92 13 43 116 43 133 49 49 99 88 85 137 131 100 131 131 16 126 11 121 128 140 88 23 135 122 41 122 133 84
split_gain=0.00211019 0.00216864 0.00155714 0.000594612 0.00070772 0.000689395 0.00104664 0.00227305 0.00158439 0.000723072 0.000796789 0.0009504 0.000512091 0.000335729 0.000255478 0.00262624 0.000189126 0.00014748 0.000147305 0.000228036 0.000140569 0.000117692 0.000104088 0.000176828 0.00016893 0.000145224 9.64422e-05 6.53753e-05 5.79153e-05 0.000158788
threshold=7.5500000000000016 0.0039296913055555565 0.33650000000000008 294.00043860000005 0.36150000000000004 80.210000000000022 958.05000000000007 975.1500000000002 -0.1999999999999886 43.612500000000011 272.30478455000008 1.0300000000000002 69.265150281751673 -5.0499999999999536 33.15434016127945 32.789184554052362 0.93500000000000016 23.500000000000004 0.0025682991041666671 1.0000000180025095e-35 9.986477217735418 54.330000000000005 31.837500000000006 18.550694444444449 29.415000000000003 11.500000000000002 45.500000000000007 9.5000000000000018 84.075000000000017 0.15000000000000005
decision_type=2 2 2 2 2 2 2 2 2 2 2 2 2 2 2 2 2 2 2 10 2 2 2 2 2 2 2 2 2 2
left_child=14 3 -3 5 21 9 -7 8 13 18 -11 -12 -13 -8 15 28 -14 -16 22 -20 -21 26 -2 24 -24 -26 -5 -22 -1 -30
right_child=1 2 -4 4 -6 6 7 -9 -10 10 11 12 16 -15 17 -17 -18 -19 19 20 27 -23 23 -25 25 -27 -28 -29 29 -31
leaf_value=-1.3277161452046689e-05 -1.5281985331670085e-05 0 0.00035128433342668523 6.6133964459747849e-05 0.0002110964669270249 0 0.00017170066116738814 0 0.00050529417899881749 0 0 0.000293621032456779 0 0 0 0.00035695194571207353 0.00011788808435661317 -1.643194620371425e-05 0 0 0 0 0 -2.336160434120886e-06 0.0001256216838959659 0 0 8.7196541201666229e-05 -1.1250298284334763e-06 5.5818910068757468e-05
leaf_weight=831 1310 70 87 205 91 213 53 142 54 258 177 78 87 53 1346 51 103 8779 694 120 56 119 193 2381 76 60 81 184 234 130
leaf_count=831 1310 70 87 205 91 213 53 142 54 258 177 78 87 53 1346 51 103 8779 694 120 56 119 193 2381 76 60 81 184 234 130
internal_value=1.72702e-06 2.36756e-05 0.000209979 1.85998e-05 7.36519e-05 1.34545e-05 7.00936e-05 0.000130394 0.000259412 7.52873e-06 5.50721e-05 9.61963e-05 0.000155484 8.387e-05 -1.12396e-05 7.66864e-06 7.13569e-05 -1.40608e-05 0 1.74608e-05 4.9701e-05 3.00101e-05 -3.40485e-06 4.9568e-07 3.60864e-05 7.88634e-05 4.79502e-05 7.18216e-05 -3.3434e-06 5.61067e-06
internal_weight=18316 6945 157 6788 496 6292 515 302 160 5777 703 445 268 106 11371 1246 190 10125 5074 1054 360 405 4020 2710 329 136 286 240 1195 364
internal_count=18316 6945 157 6788 496 6292 515 302 160 5777 703 445 268 106 11371 1246 190 10125 5074 1054 360 405 4020 2710 329 136 286 240 1195 364
is_linear=0
shrinkage=0.05


end of trees

feature_importances:
pct_forest=22
total_tp_next_48h=18
gust_peak4h_mean_next_24h=14
t2m_at_t24h=13
last_N_t=12
soil_moist_t=12
gust_at_t24h=12
pct_wetland=12
tree_canopy_pct=12
gust_mean_obs=11
gust_max_next_24h=11
sp_t=9
hour_of_day=9
gust_last_obs=8
diffuse_rad_t=8
min_t2m_next_48h=8
R_t_mean_72h=7
hours_since_peak=7
cumul_gust_since_onset=7
cumul_tp_since_onset=7
d2m_t=6
min_t2m_next_24h=6
pct_agriculture=6
osi_trend_last6h=5
hours_since_obs=5
tree_canopy_std=5
last_osi=4
r2_t=4
mslma_t=4
sdswrf_t=4
wind_speed_max_next_24h=4
gust_gt30_next_48h=4
wind_speed_at_t24h=4
t2m_at_t48h=4
tp_at_t48h=4
log_customers=4
pop_density=4
pct_unmapped=4
N_t_mean_72h=3
R_t_max_72h=3
frac_zero_72h=3
dewpoint_c_t=3
gust_mean_next_6h=3
total_tp_next_24h=3
gust_mean_next_48h=3
wind_speed_max_next_48h=3
t2m_at_t1h=3
gust_at_t48h=3
hour_cos=3
pct_forest_classified=3
forest_x_customers=3
osi_mean_72h=2
outage_pct_mean_72h=2
pre_event_max_outage_pct=2
soil_moist_x_gust=2
gust_max_next_6h=2
min_t2m_next_6h=2
gust_mean_next_24h=2
gust_max_next_48h=2
pressure_change_3h=2
pressure_change_6h=2
t2m_at_t6h=2
pct_water=2
last_P_t=1
last_D_t=1
last_R_t=1
outage_pct_max_72h=1
N_t_max_72h=1
storm_onset_mean_osi=1
cumul_gust_obs=1
gust_max_last6h_obs=1
wind_sin_t=1
csnow_t=1
blh_t=1
lcc_t=1
temp_c_t=1
gust_x_hso=1
gust_x_phase=1
gust_max_next_1h=1
gust_mean_next_1h=1
wind_speed_max_next_1h=1
wind_speed_max_next_6h=1
gust_peak4h_mean_next_6h=1
gust_gt30_next_24h=1
temp_change_6h=1
wind_speed_at_t1h=1
wind_speed_at_t48h=1
hour_sin=1
rural_urban_code=1
tp_rate_next_24h=1

parameters:
[boosting: gbdt]
[objective: huber]
[metric: rmse]
[tree_learner: serial]
[device_type: cpu]
[data_sample_strategy: bagging]
[data: ]
[valid: ]
[num_iterations: 2000]
[learning_rate: 0.05]
[num_leaves: 31]
[num_threads: -1]
[seed: 42]
[deterministic: 0]
[force_col_wise: 0]
[force_row_wise: 0]
[histogram_pool_size: -1]
[max_depth: -1]
[min_data_in_leaf: 50]
[min_sum_hessian_in_leaf: 0.001]
[bagging_fraction: 0.8]
[pos_bagging_fraction: 1]
[neg_bagging_fraction: 1]
[bagging_freq: 5]
[bagging_seed: 42]
[bagging_by_query: 0]
[feature_fraction: 0.8]
[feature_fraction_bynode: 1]
[feature_fraction_seed: 42]
[extra_trees: 0]
[extra_seed: 12879]
[early_stopping_round: 0]
[early_stopping_min_delta: 0]
[first_metric_only: 0]
[max_delta_step: 0]
[lambda_l1: 0.1]
[lambda_l2: 1]
[linear_lambda: 0]
[min_gain_to_split: 0]
[drop_rate: 0.1]
[max_drop: 50]
[skip_drop: 0.5]
[xgboost_dart_mode: 0]
[uniform_drop: 0]
[drop_seed: 42]
[top_rate: 0.2]
[other_rate: 0.1]
[min_data_per_group: 100]
[max_cat_threshold: 32]
[cat_l2: 10]
[cat_smooth: 10]
[max_cat_to_onehot: 4]
[top_k: 20]
[monotone_constraints: ]
[monotone_constraints_method: basic]
[monotone_penalty: 0]
[feature_contri: ]
[forcedsplits_filename: ]
[refit_decay_rate: 0.9]
[cegb_tradeoff: 1]
[cegb_penalty_split: 0]
[cegb_penalty_feature_lazy: ]
[cegb_penalty_feature_coupled: ]
[path_smooth: 0]
[interaction_constraints: ]
[verbosity: -1]
[saved_feature_importance_type: 0]
[use_quantized_grad: 0]
[num_grad_quant_bins: 4]
[quant_train_renew_leaf: 0]
[stochastic_rounding: 1]
[linear_tree: 0]
[max_bin: 255]
[max_bin_by_feature: ]
[min_data_in_bin: 3]
[bin_construct_sample_cnt: 200000]
[data_random_seed: 42]
[is_enable_sparse: 1]
[enable_bundle: 1]
[use_missing: 1]
[zero_as_missing: 0]
[feature_pre_filter: 1]
[pre_partition: 0]
[two_round: 0]
[header: 0]
[label_column: ]
[weight_column: ]
[group_column: ]
[ignore_column: ]
[categorical_feature: ]
[forcedbins_filename: ]
[precise_float_parser: 0]
[parser_config_file: ]
[objective_seed: 16083]
[num_class: 1]
[is_unbalance: 0]
[scale_pos_weight: 1]
[sigmoid: 1]
[boost_from_average: 1]
[reg_sqrt: 0]
[alpha: 0.9]
[fair_c: 1]
[poisson_max_delta_step: 0.7]
[tweedie_variance_power: 1.5]
[lambdarank_truncation_level: 30]
[lambdarank_norm: 1]
[label_gain: ]
[lambdarank_position_bias_regularization: 0]
[eval_at: ]
[multi_error_top_k: 1]
[auc_mu_weights: ]
[num_machines: 1]
[local_listen_port: 12400]
[time_out: 120]
[machine_list_filename: ]
[machines: ]
[gpu_platform_id: -1]
[gpu_device_id: -1]
[gpu_device_id_list: ]
[gpu_use_dp: 0]
[num_gpu: 1]

end of parameters

pandas_categorical:[]
