tree
version=v4
num_class=1
num_tree_per_iteration=1
label_index=0
max_feature_idx=162
objective=huber
feature_names=last_osi last_P_t last_N_t last_D_t last_R_t last_outage_pct osi_mean_72h osi_max_72h osi_std_72h outage_pct_mean_72h outage_pct_max_72h N_t_mean_72h N_t_max_72h R_t_mean_72h R_t_max_72h pre_event_mean_osi pre_event_max_outage_pct storm_onset_max_osi storm_onset_mean_osi osi_trend_last6h is_worsening frac_zero_72h hours_since_peak gust_mean_obs gust_max_obs gust_gt30_obs gust_gt40_obs cumul_gust_obs gust_last_obs gust_max_last6h_obs gust_trend_last6h_obs gust_t wind_speed_t wind_sin_t wind_cos_t t2m_t d2m_t tp_t rain_t csnow_t sdwe_t r2_t vpd_t soil_moist_t blh_t tcc_t lcc_t mcc_t hcc_t sp_t mslma_t sdswrf_t direct_rad_t diffuse_rad_t et0_t temp_c_t dewpoint_c_t icing_risk_t gust_exceed_30 soil_moist_x_gust is_snowing gust_x_hso gust_x_phase soil_gust_x_phase gust_exceed30_x_hso gust_max_next_1h gust_mean_next_1h wind_speed_max_next_1h total_tp_next_1h min_t2m_next_1h gust_gt30_next_1h gust_gt40_next_1h gust_peak4h_mean_next_1h gust_max_next_6h gust_mean_next_6h wind_speed_max_next_6h total_tp_next_6h min_t2m_next_6h gust_gt30_next_6h gust_gt40_next_6h gust_peak4h_mean_next_6h gust_max_next_24h gust_mean_next_24h wind_speed_max_next_24h total_tp_next_24h min_t2m_next_24h gust_gt30_next_24h gust_gt40_next_24h gust_peak4h_mean_next_24h gust_max_next_48h gust_mean_next_48h wind_speed_max_next_48h total_tp_next_48h min_t2m_next_48h gust_gt30_next_48h gust_gt40_next_48h gust_peak4h_mean_next_48h gust_change_1h gust_change_3h pressure_change_3h pressure_change_6h temp_change_6h wind_change_1h cumul_gust_since_onset cumul_tp_since_onset gust_gt30_since_onset gust_at_t1h wind_speed_at_t1h t2m_at_t1h tp_at_t1h gust_at_t6h wind_speed_at_t6h t2m_at_t6h tp_at_t6h gust_at_t24h wind_speed_at_t24h t2m_at_t24h tp_at_t24h gust_at_t48h wind_speed_at_t48h t2m_at_t48h tp_at_t48h hour_of_day hour_sin hour_cos days_since_onset hours_since_obs storm_phase log_customers rural_urban_code is_metro pop_density n_utilities pct_forest pct_developed pct_agriculture pct_water pct_wetland pct_unmapped pct_forest_classified tree_canopy_pct tree_canopy_std forest_x_customers window_len_next_1h is_full_next_1h tp_rate_next_1h gust_gt30_frac_next_1h has_weather_at_t1h window_len_next_6h is_full_next_6h tp_rate_next_6h gust_gt30_frac_next_6h has_weather_at_t6h window_len_next_24h is_full_next_24h tp_rate_next_24h gust_gt30_frac_next_24h has_weather_at_t24h window_len_next_48h is_full_next_48h tp_rate_next_48h gust_gt30_frac_next_48h has_weather_at_t48h
feature_infos=[0:0.55230000000000001] [0:0.82424180700000005] [0:0.065400654000000003] [0:0.90465771100000003] [0:0.058582058999999999] [0:82.420000000000002] [4.1666666666666669e-06:0.26529999999999998] [0.0001:0.65049999999999997] [1.9982631347136334e-05:0.22470370552747407] [0.00083333333333333328:39.644861111111112] [0.02:100] [3.1208333333333337e-06:0.018623942125000001] [7.4900000000000005e-05:0.37916412199999999] [3.1208333333333337e-06:0.017093115180555556] [7.4900000000000005e-05:0.18675781699999999] [0:0.38653749999999998] [0:100] [0:0.59799999999999998] [0:0.20940416666666664] [-0.055854285714285697:0.019237142857142855] [0:1] [0:0.95833333333333337] [0:71] [13.769444444444444:31.258333333333326] [29.100000000000001:70] [0:35] [0:18] [991.39999999999998:2250.5999999999995] [3.5:47.5] [15.6:64.5] [-6.477142857142856:3.3114285714285714] [0.90000000000000002:58.299999999999997] [0:38] [-0.99999999953664132:0.99999999987412524] [-0.99999999369183823:1] [259.85092730000002:298.4303941] [257.33913039999999:289.8677619] [0:11.300000000000001] [0:11.300000000000001] [0:2.6600000000000001] [0:0.080000000000000002] [15:100] [0:2.5] [0.17000000000000001:0.52300000000000002] [10:3090] [0:100] [0:100] [0:100] [0:100] [884.60000000000002:1022.4] [986.70000000000005:1031.5999999999999] [0:863] [0:731] [0:454] [0:0.60999999999999999] [-13.299072699999954:25.280394100000024] [-15.81086959999999:16.717761900000028] [0:1] [0:28.299999999999997] [0.24840000000000004:23.550000000000001] [0:1] [1.6000000000000001:3819.7999999999997] [0:107.59999999999999] [0:47.100000000000001] [0:1689.7999999999997] [1.3999999999999999:58.299999999999997] [1.2999999999999998:54.400000000000006] [0:38] [0:14.699999999999999] [259.85092730000002:298.21776599999998] [0:2] [0:2] [1.2999999999999998:54.400000000000006] [2.7999999999999998:58.299999999999997] [2.0571428571428569:49.328571428571429] [0.40000000000000002:38] [0:25.200000000000003] [259.85092730000002:296.40927479999999] [0:7] [0:7] [2.5999999999999996:52.024999999999999] [5.9000000000000004:58.299999999999997] [4.25:42.796000000000006] [2.6000000000000001:38] [0:51.199999999999996] [259.85092730000002:288.3249495] [0:25] [0:19] [4.9250000000000007:52.024999999999999] [5.9000000000000004:58.299999999999997] [4.25:37.651020408163269] [2.6000000000000001:38] [0:52.900000000000006] [259.85092730000002:288.3249495] [0:42] [0:22] [4.9250000000000007:52.024999999999999] [-24.299999999999997:23.800000000000001] [-32:35.700000000000003] [-6.1000000000000227:9.3000000000000682] [-10.600000000000023:13.700000000000045] [-20.027499999999975:21.845291299999985] [-15.300000000000001:28.000000000000004] [348.89999999999998:4391.1000000000004] [0:53.200000000000003] [0:61] [0.90000000000000002:58.299999999999997] [0:38] [259.85092730000002:298.4303941] [0:11.300000000000001] [0.90000000000000002:58.299999999999997] [0:38] [259.85092730000002:298.4303941] [0:11.300000000000001] [0.90000000000000002:58.299999999999997] [0:38] [259.85092730000002:298.4303941] [0:11.300000000000001] [0.90000000000000002:53.799999999999997] [0:34.299999999999997] [259.85092730000002:296.58327589999999] [0:11.300000000000001] [0:23] [-1:1] [-1:1] [1:6] [1:138] [0:3] [7.9247959139564355:13.272345954174847] [1:9] [0:1] [8.3691524328166658:3138.2235042681623] [1:14] [2.4399999999999999:88.719999999999999] [2.21:77.180000000000007] [0.040000000000000001:85.829999999999998] [0.01:5.5099999999999998] [0:19.780000000000001] [1.9299999999999999:18.32] [2.5641025641025643:95.815074496056084] [2.71:81.680000000000007] [13.6:40.350000000000001] [23.724227923039628:931.74929212165569] none none [0:7.3499999999999996] [0:1] none none none [0:3.6000000000000005] [0:1] none [7:25] [0:1] [0:2.048] [0:1] [0:1] [7:49] [0:1] [0:1.0795918367346939] [0:0.8571428571428571] [0:1]
tree_sizes=3006 2873 2863 2842 2917 2905 2853 2836 2766 2924 2819 2837 2849 2837 2816 2750 2827 2854 2732 2729 2792 2780 2767 2724 2796 2804 2803 2825

Tree=0
num_leaves=31
num_cat=0
split_feature=11 61 120 137 73 92 5 5 25 89 156 0 61 134 123 114 122 93 137 44 6 101 122 5 108 137 50 108 142 73
split_gain=0.00861272 0.0186724 0.011144 0.010388 0.00374838 0.00290665 0.0028828 0.00286103 0.00215547 0.00305633 0.00305754 0.00194436 0.00280331 0.00141653 0.00270406 0.00342119 0.0013053 0.00120973 0.00284083 0.000978999 0.000873871 0.0008 0.000700491 0.000877682 0.000686365 0.00052028 0.00039889 0.000378354 0.000259506 0.000391071
threshold=0.0037234360069444443 294.2000000000001 283.0530141000001 0.60500000000000009 33.250000000000007 1.6500000000000006 0.33000000000000002 20.970000000000002 14.500000000000002 38.050000000000004 0.18000000000000002 0.028450000000000003 240.15000000000003 6.4500000000000011 0.60355339059327384 18.650000000000002 15.500000000000002 262.77291675000004 1.0000000180025095e-35 1602.5000000000002 0.0063694444444444458 7.8967956000000195 15.500000000000002 14.220000000000001 276.70940845000007 0.60500000000000009 1005.35 284.32815015000011 732.33955336923111 21.150000000000002
decision_type=2 2 10 2 2 2 2 2 2 2 2 2 2 2 2 8 2 2 2 2 2 2 2 2 2 2 2 2 2 2
left_child=4 2 7 -4 11 28 -7 -2 9 -6 -11 17 16 14 -14 -16 20 18 -1 21 -13 -12 23 -8 -25 -26 -19 -10 -3 -30
right_child=1 5 3 -5 8 6 22 -9 27 10 19 12 13 -15 15 -17 -18 26 -20 -21 -22 -23 -24 24 25 -27 -28 -29 29 -31
leaf_value=0.001272376132276141 0.00092451427937927479 0.00088651595789144872 0.0012565043835480842 0.002285302336226422 0.00091683913599049059 0.0013428034347858437 0.00091683913599049059 0.0013209459203411687 0.00090525620820551252 0.001415122053544827 0.0009477903668224008 0.00091683913599049059 0.00091683913599049059 0.0008922295710755584 0.0015018584858711057 0.00091683913599049059 0.00091683913599049059 0.00091683913599049059 0.00091683913599049059 0.0011968180994661565 0.0011389109412079149 0.001170607723689789 0.00091683913599049059 0.00091683913599049059 0.00096197756450749645 0.0011736280534515914 0.00088025991151963255 0.00094267464528533212 0.00091683913599049059 0.0010590611032274574
leaf_weight=63 146 1049 80 53 626 67 168 91 1328 69 422 67 223 1862 51 50 118 899 340 95 263 60 268 83 122 151 10880 1223 94 53
leaf_count=63 146 1049 80 53 626 67 168 91 1328 69 422 67 223 1862 51 50 118 899 340 95 263 60 268 83 122 151 10880 1223 94 53
internal_value=0.000917532 0.00100637 0.00133386 0.00171094 0.000906238 0.000944801 0.00101592 0.0010988 0.000949851 0.00100326 0.00107964 0.000894645 0.00093235 0.000911153 0.00100426 0.00121788 0.0010467 0.000886081 0.00096629 0.00103007 0.00109776 0.000986347 0.000981461 0.00101504 0.00105941 0.0010978 0.000882909 0.000921239 0.000897857 0.000944664
internal_weight=21064 2425 370 133 18639 2055 859 237 3823 1272 646 14816 2634 2186 324 101 448 12182 403 577 330 482 792 524 356 273 11779 2551 1196 147
internal_count=21064 2425 370 133 18639 2055 859 237 3823 1272 646 14816 2634 2186 324 101 448 12182 403 577 330 482 792 524 356 273 11779 2551 1196 147
is_linear=0
shrinkage=1


Tree=1
num_leaves=31
num_cat=0
split_feature=11 126 19 90 73 105 103 131 93 105 0 126 134 123 69 93 18 126 2 9 29 0 122 93 90 65 92 50 36 101
split_gain=0.00786535 0.0247286 0.0112286 0.00882771 0.00341749 0.00456686 0.00291397 0.00232266 0.00323046 0.00180582 0.0017565 0.0041478 0.00125741 0.00254209 0.0027484 0.00109047 0.00257319 0.00104653 0.000843337 0.000781166 0.000681177 0.000644038 0.000675894 0.000558909 0.00124442 0.000483795 0.00040335 0.000357834 0.000221655 0.000219552
threshold=0.0037234360069444443 16.500000000000004 -0.0019928571428571525 23.590816326530618 33.250000000000007 2.5000000000000004 2558.7000000000003 63.778943440450405 265.54915570000009 25.500000000000004 0.028450000000000003 16.500000000000004 6.4500000000000011 0.60355339059327384 275.76689850000008 262.77291675000004 0.0050791666666666676 45.500000000000007 0.0012152840000000003 0.80118055555555567 44.550000000000004 0.21365000000000003 16.500000000000004 264.57910575000005 26.147959183673475 36.050000000000004 8.0500000000000025 1005.35 270.24040760000008 6.3813562000000283
decision_type=2 2 2 2 2 2 2 2 2 2 2 2 2 2 2 2 2 2 2 2 2 2 2 2 2 2 2 2 2 2
left_child=4 2 26 -4 10 -6 7 8 9 -3 15 19 13 -13 -15 16 -1 18 23 -12 25 -9 -23 24 -7 -20 -2 -17 -19 -25
right_child=1 6 3 -5 5 17 -8 21 -10 -11 11 12 -14 14 -16 27 -18 28 20 -21 -22 22 -24 29 -26 -27 -28 -29 -30 -31
leaf_value=0 0.00020002217555986754 0.00056244313203467013 0.00046102433722728731 0.0013920202125976815 0.00039115679904253654 0.00031332674142347595 -2.6113201078041979e-05 9.3766409466760503e-06 0 5.5994758842124222e-05 0 0 -2.5760961071019077e-05 0.00054133962834804639 0 0 0.0003380379055261074 -2.2228255919314567e-05 3.6135337463549698e-05 0.00020504623971712689 2.9427546165575121e-06 0.00019356964795449696 0 0 2.6907690382371705e-05 0.00035509990030805646 0 -3.4750431987747363e-05 1.0989516312315787e-05 4.0886665806100609e-05
leaf_weight=340 70 77 102 53 87 57 1132 626 72 55 58 239 1934 51 50 899 63 834 68 302 113 125 60 751 282 61 53 10880 1173 397
leaf_count=340 70 77 102 53 87 57 1132 626 72 55 58 239 1934 51 50 899 63 834 68 302 113 125 60 751 282 61 53 10880 1173 397
internal_value=7.91262e-07 8.56957e-05 0.00052949 0.000818299 -9.99088e-06 3.16328e-05 2.56844e-05 8.83429e-05 0.000244546 0.000391025 -2.107e-05 1.47055e-05 -8.19868e-06 7.68196e-05 0.000286417 -2.92163e-05 4.66789e-05 2.18202e-05 5.04051e-05 0.000172856 0.000143395 4.26409e-05 0.000127663 3.18252e-05 9.05524e-05 0.000226996 0.000121558 -3.22412e-05 -3.28138e-07 1.00679e-05
internal_weight=21064 2425 278 155 18639 3823 2147 1015 204 132 14816 2634 2274 340 101 12182 403 3736 1729 360 242 811 185 1487 339 129 123 11779 2007 1148
internal_count=21064 2425 278 155 18639 3823 2147 1015 204 132 14816 2634 2274 340 101 12182 403 3736 1729 360 242 811 185 1487 339 129 123 11779 2007 1148
is_linear=0
shrinkage=0.05


Tree=2
num_leaves=31
num_cat=0
split_feature=11 126 1 128 73 105 103 131 0 126 63 134 123 115 93 18 126 104 138 112 141 13 80 112 141 12 150 93 94 49
split_gain=0.00716847 0.0225007 0.011957 0.00733936 0.00312608 0.00411301 0.00267455 0.00176419 0.00158768 0.00374596 0.00156393 0.00113182 0.00231586 0.00257374 0.000982878 0.00233096 0.000967478 0.00109835 0.000824286 0.000700631 0.000668459 0.000296036 0.00035153 0.00025512 0.000226646 0.000311084 0.000206881 0.000203653 0.000200234 0.000168075
threshold=0.0037234360069444443 16.500000000000004 0.14216828450000005 9.6877539620773927 33.250000000000007 2.5000000000000004 2445.900000000001 87.127452563964752 0.028450000000000003 16.500000000000004 7.4960500000000012 6.4500000000000011 0.60355339059327384 6.7500000000000009 262.77291675000004 0.0050791666666666676 45.500000000000007 4.8500000000000014 5.8600000000000003 281.37996270000002 38.640000000000008 0.0035040081111111115 34.437500000000007 280.59592180000004 28.175000000000001 0.0027630430000000002 0.23571428571428579 265.4424831500001 17.500000000000004 981.6500000000002
decision_type=2 2 2 2 2 2 2 2 2 2 2 2 2 8 2 2 2 2 2 2 2 2 2 2 2 2 2 2 2 2
left_child=4 2 28 -4 8 -6 7 10 14 19 -3 12 -11 -14 15 -1 17 20 -12 -10 24 22 -9 -19 -7 -26 -18 -16 -2 -27
right_child=1 6 3 -5 5 16 -8 21 9 11 18 -13 13 -15 27 -17 26 23 -20 -21 -22 -23 -24 -25 25 29 -28 -29 -30 -31
leaf_value=0 0 0 0.0012566991356577509 0.00043413558155337413 0.00037182119992973064 0 -2.1322436743000689e-05 1.2957638740856429e-05 0.00019541373310462209 0 0.00036767004456417078 -2.4473578616544619e-05 0.00051942677020773637 0 -1.314056425376527e-05 0.00032140011053797938 -1.5707139627122893e-05 0.00028177370015934383 6.9612067433938923e-05 0 0.00016955025054784004 0 0.00015398484319358315 2.4690456796937115e-05 0 6.762395249548884e-05 1.6533161343687236e-05 -3.4258794216987833e-05 0.00013084814925185548 0
leaf_weight=340 62 95 62 103 87 665 1208 302 300 239 123 1934 51 50 2258 63 1196 71 90 60 94 238 91 71 191 523 811 9521 51 114
leaf_count=340 62 95 62 103 87 665 1208 302 300 239 123 1934 51 50 2258 63 1196 71 90 60 94 238 91 71 191 523 811 9521 51 114
internal_value=8.88266e-07 8.1951e-05 0.000505332 0.000779049 -9.39387e-06 3.0397e-05 2.45929e-05 8.89407e-05 -2e-05 1.3952e-05 0.000190663 -7.71047e-06 7.27714e-05 0.000272883 -2.77521e-05 4.40432e-05 2.10109e-05 4.84938e-05 0.000266008 0.000164279 3.26378e-05 3.1154e-05 5.86111e-05 0.000189269 2.05633e-05 3.80203e-05 -1.8751e-07 -3.06364e-05 5.84687e-05 5.56532e-05
internal_weight=21064 2425 278 165 18639 3823 2147 939 14816 2634 308 2274 340 101 12182 403 3736 1729 213 360 1587 631 393 142 1493 828 2007 11779 113 637
internal_count=21064 2425 278 165 18639 3823 2147 939 14816 2634 308 2274 340 101 12182 403 3736 1729 213 360 1587 631 393 142 1493 828 2007 11779 113 637
is_linear=0
shrinkage=0.05


Tree=3
num_leaves=31
num_cat=0
split_feature=11 61 160 103 80 105 0 82 29 0 61 120 66 14 35 124 23 93 41 93 49 112 0 122 108 75 21 132 137 76
split_gain=0.0065407 0.0141108 0.00940245 0.00270078 0.00263942 0.00294716 0.00258336 0.00259369 0.00164437 0.00146609 0.0023017 0.00204548 0.00162855 0.00132882 0.000844166 0.000810777 0.000796282 0.00102978 0.00210432 0.000669862 0.0008192 0.00131067 0.000560004 0.000919851 0.000541458 0.000462979 0.000408137 0.000404602 0.000357729 0.000521193
threshold=0.0037234360069444443 294.2000000000001 0.016496598639455788 2445.900000000001 29.637500000000006 2.5000000000000004 0.1072 19.226000000000003 35.250000000000007 0.028450000000000003 827.25000000000011 272.71942680000006 7.7750000000000012 0.0079691775000000024 283.46851775000005 -0.12940952255126037 22.102083333333336 265.66934210000005 79.500000000000014 263.75733265000002 972.95000000000016 267.94386845000002 0.18275000000000005 15.500000000000002 277.88661455000005 24.250000000000004 0.14583333333333337 2.5000000000000004 1.0000000180025095e-35 0.15000000000000005
decision_type=2 2 2 2 2 2 2 2 2 2 2 8 2 2 2 2 2 2 2 2 2 2 2 2 2 2 2 2 2 2
left_child=4 2 -2 8 9 -6 -4 -8 15 19 11 -11 -13 -14 26 -3 17 18 25 20 -1 -22 -10 24 -24 -16 -7 -15 29 -12
right_child=1 3 6 -5 5 14 7 -9 22 10 28 12 13 27 16 -17 -18 -19 -20 -21 21 -23 23 -25 -26 -27 -28 -29 -30 -31
leaf_value=-1.4151347363690307e-06 0.00083451780586983658 0.00043475216554016101 0 -2.0220175999219064e-05 0.00032242224585865022 0.00010879693310447405 0.00048382916788681352 0 1.1176681053337933e-05 0 0 0 0.0004772295953008715 0 0.00037453666155973534 7.1004120183693252e-05 1.7026510653892862e-05 1.8801928952638972e-05 0 -3.0123605042058795e-05 0 0.00032423164028911678 0 0 0.00026448567470832151 3.0466141187050606e-05 -7.7502347330494384e-06 0.00016581638758374087 -2.5569197944244477e-05 0.00017248328453239414
leaf_weight=668 87 58 116 1206 83 75 102 65 482 347 86 149 55 50 98 80 1399 334 94 11066 74 51 52 77 100 50 2069 236 1601 54
leaf_count=668 87 58 116 1206 83 75 102 65 482 347 86 149 55 50 98 80 1399 334 94 11066 74 51 52 77 100 50 2069 236 1601 54
internal_value=9.47182e-07 7.83862e-05 0.000363227 2.45173e-05 -8.86334e-06 2.55015e-05 0.000198309 0.000323919 9.38981e-05 -1.92129e-05 1.36946e-05 8.2846e-05 0.000148758 0.000208984 1.8228e-05 0.000261883 4.19401e-05 9.36509e-05 0.000175876 -2.67887e-05 1.34311e-05 0.000131834 5.3949e-05 0.000121797 0.000193211 0.000292838 -1.29344e-06 0.000138494 -1.67087e-05 4.86188e-05
internal_weight=21064 2425 370 2055 18639 4202 283 167 849 14437 2578 837 490 341 4119 138 1975 576 242 11859 793 125 711 229 152 148 2144 286 1741 140
internal_count=21064 2425 370 2055 18639 4202 283 167 849 14437 2578 837 490 341 4119 138 1975 576 242 11859 793 125 711 229 152 148 2144 286 1741 140
is_linear=0
shrinkage=0.05


Tree=4
num_leaves=31
num_cat=0
split_feature=11 61 160 73 103 1 103 128 1 0 63 120 74 138 35 120 133 23 42 137 21 1 122 73 116 119 134 110 81 140
split_gain=0.00597954 0.0128342 0.00838771 0.00262457 0.00248746 0.00236988 0.00180872 0.00750686 0.00151072 0.00130536 0.00214713 0.00189744 0.0017422 0.00197759 0.00104227 0.000867437 0.00081598 0.000709847 0.000952292 0.000654403 0.00102443 0.000562322 0.0006853 0.000565587 0.000446805 0.000346329 0.000338948 0.0004593 0.000752501 0.000326897
threshold=0.0037234360069444443 294.2000000000001 0.016496598639455788 33.250000000000007 2445.900000000001 0.20970769550000004 759.15000000000009 10.05339352179625 0.0032936130000000004 0.028450000000000003 7.3544500000000008 272.71942680000006 12.178571428571432 5.4150000000000009 283.46851775000005 274.16654275000002 88.200000000000003 22.102083333333336 0.37500000000000006 2.1500000000000008 0.50694444444444453 0.14216828450000005 16.500000000000004 34.350000000000001 271.88302285000003 10.950000000000001 6.4500000000000011 14.450000000000001 30.650000000000002 73.360000000000014
decision_type=2 2 2 2 2 2 2 2 2 2 2 8 2 2 2 10 2 2 2 2 2 2 2 2 8 10 2 2 2 2
left_child=3 2 -2 9 8 -4 7 -5 -3 16 11 -11 25 -14 -8 -7 24 18 -16 20 -20 -10 23 -23 29 -13 27 -12 -29 -1
right_child=1 4 5 6 -6 15 14 -9 21 10 26 12 13 -15 17 -17 -18 -19 19 -21 -22 22 -24 -25 -26 -27 -28 28 -30 -31
leaf_value=-1.315276923123701e-05 0.00079326606897914395 0.00029046433621710861 3.5674174008497225e-05 0.00063197589454440676 -1.9210004778154408e-05 7.3775751802981283e-05 -7.3991706247109194e-06 0 0 0 -2.5512821084172208e-06 0 0.00056452650811479545 0.00012584234696441855 0 0.00052346230377532687 0.0001133343611708488 2.0083310475800594e-05 5.4841416346233828e-05 0 0.00032270641432883429 2.8184916221119705e-05 0 0.00019850702355179241 -3.1777059824297748e-05 9.1949036164552578e-05 -2.5490987524809445e-05 0.00021897478891225869 0 4.5057137226798602e-05
leaf_weight=2370 87 96 169 62 1206 50 1751 166 251 328 136 118 51 154 165 64 91 1324 143 107 105 184 144 174 9478 148 1575 67 57 243
leaf_count=2370 87 96 169 62 1206 50 1751 166 251 328 136 118 51 154 165 64 91 1324 143 107 105 184 144 174 9478 148 1575 67 57 243
internal_value=1.03379e-06 7.50824e-05 0.000346791 -8.33548e-06 2.35848e-05 0.000189621 2.80883e-05 0.000167105 9.0208e-05 -1.80727e-05 1.25982e-05 8.19859e-05 0.000146433 0.000261461 1.78372e-05 0.000372066 -2.51153e-05 4.45019e-05 9.69206e-05 0.00014295 0.000189173 5.76947e-05 8.82301e-05 0.000125217 -2.65801e-05 3.84101e-05 -1.49197e-05 2.98134e-05 0.000105046 -5.81151e-06
internal_weight=21064 2425 370 18639 2055 283 3823 228 849 14816 2634 799 471 205 3595 114 12182 1844 520 355 248 753 502 358 12091 266 1835 260 124 2613
internal_count=21064 2425 370 18639 2055 283 3823 228 849 14816 2634 799 471 205 3595 114 12182 1844 520 355 248 753 502 358 12091 266 1835 260 124 2613
is_linear=0
shrinkage=0.05


Tree=5
num_leaves=31
num_cat=0
split_feature=19 72 126 0 126 33 133 108 85 3 81 161 84 141 137 15 90 115 25 44 133 50 22 50 93 3 36 18 92 136
split_gain=0.00576873 0.00659873 0.00409365 0.0055261 0.00910002 0.00157952 0.00148082 0.00365672 0.00146665 0.00150223 0.0017851 0.00409105 0.00127367 0.00116022 0.00206806 0.0020569 0.00110465 0.000630273 0.000771205 0.000530116 0.00049284 0.000807102 0.000321342 0.00135307 0.000308046 0.000300472 0.000256457 0.000215903 0.000197192 0.000212535
threshold=0.017289999999999996 22.975000000000005 83.500000000000014 0.16220000000000004 16.500000000000004 0.6219743321159773 88.200000000000003 280.45722130000007 267.18632590000004 0.073562897500000016 38.350000000000001 0.091836734693877556 8.2500000000000018 33.720000000000006 1.2100000000000002 0.00016145833333333336 28.232653061224493 14.15 21.500000000000004 692.50000000000011 79.980000000000004 1017.0500000000001 1.0000000180025095e-35 1027.8500000000001 266.67321180000005 0.10747792800000001 271.86315705000004 0.0073062500000000011 18.550000000000008 0.65500000000000014
decision_type=2 2 2 2 2 2 2 2 2 2 2 2 2 2 2 2 2 10 2 2 2 2 2 2 2 2 2 2 2 2
left_child=2 -2 3 5 -5 6 8 -8 20 10 24 -12 17 -13 -15 -16 -6 18 19 -11 26 -22 23 -4 28 -7 -1 -26 29 -10
right_child=1 -3 22 4 16 25 7 -9 9 12 11 13 -14 14 15 -17 -18 -19 -20 -21 21 -23 -24 -25 27 -27 -28 -29 -30 -31
leaf_value=-2.1054557928807763e-05 0 0.0007555420867417222 -1.8552250630368643e-05 0.00061592593272210682 7.0137994154688664e-06 -3.0246147505798247e-05 0.00052040778880016708 0 6.574978073512619e-05 0 0.00047681607366363706 8.068747196251191e-06 0 5.9295062322256169e-06 0.00053098144363805959 6.8643004922099254e-05 0.00023090472004607765 5.7968813899124351e-05 0 0.00028710708391534151 0 0.00019780655367098856 -3.1684822824885853e-05 0.00025174844517515834 -2.5242742592335215e-05 1.302486608107571e-05 9.5466492478173612e-06 7.0173240008933703e-06 0 0
leaf_weight=2821 53 53 302 97 345 2507 50 78 315 50 59 1004 340 257 53 104 81 318 80 179 258 70 8010 51 1503 301 650 478 364 291
leaf_count=2821 53 53 302 97 345 2507 50 78 315 50 59 1004 340 257 53 104 81 318 80 179 258 70 8010 51 1503 301 650 478 364 291
internal_value=-3.55601e-09 0.000365942 -2.10453e-06 1.55782e-05 0.000175041 8.27672e-06 1.84843e-05 0.000190272 1.55284e-05 3.24628e-05 1.86817e-05 6.36863e-05 9.03179e-05 4.26493e-05 0.000114242 0.000258737 6.17353e-05 0.000132831 0.000193309 0.000242381 -7.20669e-06 4.8072e-05 -2.94545e-05 6.97624e-06 -2.16362e-06 -2.38248e-05 -1.38828e-05 -1.49363e-05 1.87608e-05 3.70836e-05
internal_weight=21122 106 21016 12653 523 12130 9322 128 9194 5395 4428 1477 967 1418 414 157 426 627 309 229 3799 328 8363 353 2951 2808 3471 1981 970 606
internal_count=21122 106 21016 12653 523 12130 9322 128 9194 5395 4428 1477 967 1418 414 157 426 627 309 229 3799 328 8363 353 2951 2808 3471 1981 970 606
is_linear=0
shrinkage=0.05


Tree=6
num_leaves=31
num_cat=0
split_feature=2 80 161 1 33 120 136 84 133 96 138 73 28 33 141 22 63 45 75 35 84 101 33 120 29 35 88 128 99 3
split_gain=0.00518801 0.00608056 0.00321422 0.00677481 0.00495183 0.00175205 0.00495994 0.001568 0.00124251 0.00136216 0.00122278 0.0018871 0.00107059 0.000918377 0.000865956 0.000624348 0.00203704 0.00250307 0.000604625 0.000738769 0.000446157 0.000437789 0.000408121 0.000540575 0.000412295 0.000316523 0.000313101 0.000311535 0.000260822 0.000335964
threshold=0.048280649000000009 24.712500000000006 0.27551020408163268 0.22401337150000003 -0.049934176317569079 282.45143570000005 0.96500000000000008 3.2500000000000013 88.200000000000003 13.937500000000002 3.8950000000000005 32.250000000000007 22.600000000000005 0.59057536382168052 33.720000000000006 1.0000000180025095e-35 7.3544500000000008 90.500000000000014 19.050000000000004 284.05828875000003 11.250000000000002 -0.18857340000002407 0.11728942026430013 264.05615945000005 30.450000000000003 292.39076815000004 33.562500000000007 10.330891640792609 2.049999999999955 0.052576056500000003
decision_type=2 2 2 2 2 10 2 2 2 2 2 2 2 2 2 2 2 2 2 2 2 2 2 8 2 2 2 2 2 2
left_child=2 -2 7 5 -5 13 -7 8 15 -10 11 -9 -13 14 -4 16 17 -1 -16 -20 25 -6 23 -12 26 -21 27 -25 -17 -30
right_child=1 -3 3 4 21 6 -8 10 9 -11 22 12 -14 -15 18 28 -18 -19 19 20 -22 -23 -24 24 -26 -27 -28 -29 29 -31
leaf_value=0.00047844063637289677 0 0.00071480755054786156 9.6035768039948746e-06 0.00059375584215069039 0 2.148724939418929e-05 0.00055095730660684509 0 0 0.00032890540830311907 0.00018491119773805901 0.00038579587315042151 0 -1.7710131244627686e-05 8.9580242205416791e-06 -2.8587173382754794e-05 -1.3114595332981914e-05 0 0 0.00035484920231121505 2.1531709770326498e-05 0.00015469438934387933 -1.0458734686402066e-05 0.00011556823616750767 0 3.0062704280904e-05 0 0 -1.9130803892146293e-05 1.5908493939619353e-05
leaf_weight=50 52 54 1783 90 70 276 58 144 54 51 58 76 58 1712 259 9392 419 65 69 72 85 98 1268 220 858 52 185 75 2646 773
leaf_count=50 52 54 1783 90 70 276 58 144 54 51 58 76 58 1712 259 9392 419 65 69 72 85 98 1268 220 858 52 185 75 2646 773
internal_value=0 0.00034723 -1.81445e-06 3.47151e-05 0.00028459 1.87425e-05 0.000129727 -1.24255e-05 -1.98459e-05 0.000144715 1.97947e-05 0.000120726 0.000255083 8.27924e-06 2.96112e-05 -2.15261e-05 2.72114e-05 0.000216088 8.66075e-05 0.000140737 0.000187376 8.68458e-05 7.34457e-06 2.70905e-05 1.63821e-05 0.000259979 5.37587e-05 8.56778e-05 -2.39498e-05 -9.74446e-06
internal_weight=21122 106 21016 4624 258 4366 334 16392 13450 105 2942 278 134 4032 2320 13345 534 115 537 278 209 168 2664 1396 1338 124 480 295 12811 3419
internal_count=21122 106 21016 4624 258 4366 334 16392 13450 105 2942 278 134 4032 2320 13345 534 115 537 278 209 168 2664 1396 1338 124 480 295 12811 3419
is_linear=0
shrinkage=0.05


Tree=7
num_leaves=31
num_cat=0
split_feature=2 31 103 3 126 44 33 3 81 103 126 141 138 75 49 131 92 32 128 156 112 75 3 49 120 139 77 126 132 112
split_gain=0.00465936 0.00554868 0.00354321 0.00669012 0.00627595 0.00246122 0.00177454 0.00123658 0.00144018 0.00272159 0.000989205 0.000887832 0.00160586 0.00173991 0.00209158 0.000851494 0.00177622 0.00588785 0.000639345 0.000632988 0.000629207 0.000311259 0.000274973 0.000240546 0.000217944 0.000185515 0.000176171 0.000165499 0.000164689 0.000134534
threshold=0.048280649000000009 23.150000000000002 2143.4500000000003 0.24682756200000003 16.500000000000004 842.50000000000011 0.6219743321159773 0.073562897500000016 38.350000000000001 759.15000000000009 40.500000000000007 31.050000000000004 4.6950000000000012 19.450000000000003 975.35000000000002 33.15434016127945 0.35000000000000009 7.3500000000000005 8.3415737753565686 0.10000000000000002 291.5375658000001 25.350000000000005 0.10747792800000001 982.6500000000002 274.08299675000006 69.750164521640428 271.92561825000007 65.500000000000014 2.5000000000000004 268.1673679000001
decision_type=2 2 2 2 2 2 2 2 2 2 2 2 2 2 2 2 2 2 2 2 2 2 2 2 8 2 2 2 2 2
left_child=2 -2 3 6 5 -5 7 8 18 -10 21 -11 13 25 -15 16 -4 -18 19 -1 -6 26 -8 27 -17 -13 -9 -20 29 -29
right_child=1 -3 15 4 20 -7 22 10 9 11 -12 12 -14 14 -16 24 17 -19 23 -21 -22 -23 -24 -25 -26 -27 -28 28 -30 -31
leaf_value=0.00020186658228148622 0 0.00070664969858554808 -2.0091004527853761e-05 0.00017602674383644562 7.5341531027080655e-06 0.00081450761239689775 -2.7818659055261293e-05 0 0.00038321597466392635 8.4441397024987618e-07 5.0718111475239248e-06 9.4238075997430044e-05 1.0157849666759725e-05 0.00057647887569921166 4.6770169501542067e-06 0 0.00048702960594833539 0 0 0 0.0002040907478603913 0 1.4506319614523983e-05 -2.0392757521343441e-05 -2.8469307565027884e-05 0 0.00014704346581702704 0 0 8.6645130565683192e-05
leaf_weight=75 56 50 741 56 218 56 2528 67 63 929 421 62 415 53 50 863 80 266 2070 57 79 81 286 1570 9068 73 448 63 120 158
leaf_count=75 56 50 741 56 218 56 2528 67 63 929 421 62 415 53 50 863 80 266 2070 57 79 81 286 1570 9068 73 448 63 120 158
internal_value=0 0.000329193 -1.58879e-06 1.97035e-05 0.000218141 0.000543898 1.06963e-05 2.49067e-05 1.48352e-05 5.43821e-05 7.69472e-05 3.78946e-05 8.28774e-05 0.000188185 0.000349696 -2.13638e-05 1.79956e-05 0.000113795 0 0.000106712 7.71048e-05 0.00011925 -2.17371e-05 -4.58813e-06 -2.61767e-05 2.65275e-05 0.000134018 3.63478e-06 3.60967e-05 6.2144e-05
internal_weight=21122 106 21016 9998 409 112 9589 6775 5758 1645 1017 1582 653 238 103 11018 1087 346 4113 132 297 596 2814 3981 9931 135 515 2411 341 221
internal_count=21122 106 21016 9998 409 112 9589 6775 5758 1645 1017 1582 653 238 103 11018 1087 346 4113 132 297 596 2814 3981 9931 135 515 2411 341 221
is_linear=0
shrinkage=0.05


Tree=8
num_leaves=31
num_cat=0
split_feature=2 80 103 3 126 44 73 138 28 81 36 8 120 133 96 11 122 1 136 1 44 2 94 137 111 91 34 137 120 89
split_gain=0.0042001 0.00513358 0.00324724 0.00614365 0.00566859 0.00212352 0.00159696 0.00159816 0.0043194 0.00439297 0.00186986 0.0014709 0.00115734 0.00108679 0.00116404 0.000578779 0.000573271 0.000690427 0.000456511 0.000406914 0.000380065 0.00037387 0.000449901 0.000339982 0.00111797 0.00316399 0.000282013 0.000211104 0.00018771 0.000162626
threshold=0.048280649000000009 24.712500000000006 2143.4500000000003 0.24682756200000003 16.500000000000004 842.50000000000011 33.250000000000007 4.7550000000000008 11.250000000000002 37.750000000000007 284.56541140000007 0.018014152908063796 272.71942680000006 88.200000000000003 13.937500000000002 0.0041754242777777787 16.500000000000004 0.32127834050000009 1.0200000000000002 0.022067102000000002 1042.5000000000002 0.00091637800000000014 15.500000000000002 0.055000000000000007 8.3500000000000032 11.050000000000002 0.022216414128894687 1.6300000000000001 267.75173240000004 46.750000000000007
decision_type=2 2 2 2 2 2 2 2 2 2 2 2 10 2 2 2 2 2 2 2 2 2 2 2 2 2 2 2 8 2
left_child=2 -2 3 6 5 -5 11 8 9 -8 18 20 -13 23 -15 26 17 -6 -10 -20 -1 -9 -23 24 -4 -26 -14 -28 -25 -24
right_child=1 -3 13 4 16 -7 7 21 10 -11 -12 12 15 14 -16 -17 -18 -19 19 -21 -22 22 29 28 25 -27 27 -29 -30 -31
leaf_value=-2.4027552196567862e-05 0 0.00065080859478952016 -2.225640380889182e-05 0.00016737981009690996 0 0.00077449672097971327 0 1.7145574884501982e-06 -6.6715679025273597e-08 0.00061155961749904389 0.00026126068537875351 0 0 0 0.00030286021034743712 0 0 0.00023755045880716354 0 0.00015888889322591089 1.9020461245869551e-06 0 0.0001508576635304845 8.3544310400719351e-06 0.00039372599672955966 0 0.00020304039668066548 0 -2.7075775139017698e-05 0
leaf_weight=3587 52 54 1268 56 115 56 73 1931 637 76 89 543 60 54 51 102 98 84 56 88 1782 118 123 168 64 266 198 52 9147 74
leaf_count=3587 52 54 1268 56 115 56 73 1931 637 76 89 543 60 54 51 102 98 84 56 88 1782 118 123 168 64 266 198 52 9147 74
internal_value=0 0.000312682 -1.35939e-06 1.90152e-05 0.00020921 0.000519354 1.03605e-05 3.88936e-05 9.16849e-05 0.000344635 4.22772e-05 -3.58413e-06 5.2458e-05 -2.03016e-05 0.00013245 0.000115653 7.4124e-05 0.000123905 1.06265e-05 9.20862e-05 -1.44915e-05 1.26871e-05 6.39095e-05 -2.22414e-05 0 8.09e-05 0.000149716 0.000174877 -2.58992e-05 0.00011045
internal_weight=21122 106 21016 9998 409 112 9589 3265 1019 149 870 6324 955 11018 105 412 297 199 781 144 5369 2246 315 10913 1598 330 310 250 9315 197
internal_count=21122 106 21016 9998 409 112 9589 3265 1019 149 870 6324 955 11018 105 412 297 199 781 144 5369 2246 315 10913 1598 330 310 250 9315 197
is_linear=0
shrinkage=0.05


Tree=9
num_leaves=31
num_cat=0
split_feature=2 106 103 0 126 44 49 105 133 90 9 120 26 34 5 92 29 120 112 120 112 63 2 123 22 5 124 76 133 5
split_gain=0.00376703 0.00475602 0.00296586 0.00562382 0.00513513 0.00182277 0.00151974 0.0012612 0.000976057 0.00119437 0.000900684 0.00164285 0.00121651 0.000919996 0.000746803 0.00066769 0.000660851 0.000565591 0.000554318 0.000552952 0.000474437 0.000325955 0.000387308 0.000294793 0.00122665 0.00021674 0.000191359 0.00018209 0.00020465 0.000180201
threshold=0.048280649000000009 22.050000000000004 2143.4500000000003 0.15060000000000004 16.500000000000004 842.50000000000011 987.6500000000002 2.5000000000000004 88.200000000000003 9.9733805668016213 0.80118055555555567 275.26735470000006 2.5000000000000004 -0.96811360546942904 0.33000000000000002 17.250000000000007 24.050000000000004 269.9481967000001 291.5375658000001 264.43194870000008 274.44617785000008 7.5682000000000009 0.0012152840000000003 0.91597561503675362 1.0000000180025095e-35 8.6600000000000019 -0.37940952255126015 0.45000000000000007 80.660000000000011 2.4050000000000007
decision_type=2 2 2 2 2 2 2 2 2 2 2 10 2 2 2 2 2 10 2 10 2 2 2 2 2 2 2 2 2 2
left_child=2 -2 3 6 5 -5 7 -1 23 -10 13 14 -13 16 15 -12 17 -9 -6 -18 -14 -15 -23 27 -25 -16 -27 -4 -29 -8
right_child=1 -3 8 4 18 -7 29 10 9 -11 11 12 20 21 25 -17 19 -19 -20 -21 -22 22 -24 24 -26 26 -28 28 -30 -31
leaf_value=0.00020978773609500712 0 0.0006277744626209757 -2.7320387986785863e-05 0.00015915764983921626 4.2304609681374441e-06 0.00073645126778150406 -2.5485462741421669e-05 0.00022874035528940638 0 0.0003018417181424322 0.00024366357090963302 0.00034267371330945311 0 -2.1487597877631717e-05 -4.8894737184252581e-06 0 0.00018808457477650833 0 0.00018955969608691706 8.1669341329726711e-06 0.00012710179436386103 0 7.939072086618071e-05 0.0002297585921613583 -9.157797835173118e-06 6.6525652337943379e-05 0 -1.1461291294259126e-05 6.3782880388105198e-05 1.2692619767483907e-06
leaf_weight=94 53 53 8080 56 218 56 2414 94 55 50 70 77 127 1607 753 53 52 50 79 788 188 1921 172 55 1316 251 485 1377 85 393
leaf_count=94 53 53 8080 56 218 56 2414 94 55 50 70 77 127 1607 753 53 52 50 79 788 188 1921 172 55 1316 251 485 1377 85 393
internal_value=1.43887e-07 0.00029626 -1.12578e-06 1.83369e-05 0.000200344 0.000496015 1.00323e-05 2.3184e-05 -1.92405e-05 0.000125164 1.97828e-05 4.82624e-05 0.000142542 6.52321e-06 2.21618e-05 0.000143296 4.98695e-05 0.000156616 7.0776e-05 2.54604e-05 7.68686e-05 -3.66393e-06 7.63698e-06 -2.10994e-05 0 8.7103e-06 2.93962e-05 -2.42151e-05 -3.62839e-06 -1.99599e-05
internal_weight=21122 106 21016 9998 409 112 9589 6782 11018 105 6688 2004 392 4684 1612 123 984 144 297 840 315 3700 2093 10913 1371 1489 736 9542 1462 2807
internal_count=21122 106 21016 9998 409 112 9589 6782 11018 105 6688 2004 392 4684 1612 123 984 144 297 840 315 3700 2093 10913 1371 1489 736 9542 1462 2807
is_linear=0
shrinkage=0.05


Tree=10
num_leaves=31
num_cat=0
split_feature=103 1 126 11 73 105 133 88 0 133 122 82 86 44 138 86 93 29 69 22 33 101 140 104 30 112 124 122 93 91
split_gain=0.00324159 0.00785099 0.00835619 0.00461609 0.0015519 0.00199754 0.00101487 0.00122085 0.000884242 0.000911751 0.000710556 0.000702052 0.000638448 0.000623417 0.000619615 0.00176281 0.00111222 0.000876326 0.00108921 0.000285123 0.000932517 0.000284757 0.000399859 0.000576884 0.000231865 0.000157095 0.000174048 0.000143281 0.000134544 0.000130756
threshold=2224.0999999999999 0.14216828450000005 16.500000000000004 0.0062985810763888902 33.250000000000007 2.5000000000000004 88.200000000000003 13.637500000000001 0.033800000000000004 88.200000000000003 16.500000000000004 20.258000000000006 19.500000000000004 752.50000000000011 4.7550000000000008 4.5000000000000009 264.52062330000007 28.650000000000002 285.33836140000005 1.0000000180025095e-35 0.24424037149030417 7.2781255999999823 33.835000000000001 0.35000000000000009 -0.088571428571428398 280.75472430000008 0.60355339059327384 2.5000000000000004 265.24347685000004 18.150000000000002
decision_type=2 2 2 2 2 2 2 2 2 2 2 2 2 2 2 2 2 2 2 2 2 2 2 2 2 2 2 2 2 2
left_child=1 4 3 13 8 -6 19 -8 9 28 12 25 27 -3 15 16 -7 18 -17 20 -2 -16 -23 -24 -19 26 -10 -4 -1 -29
right_child=6 2 10 -5 5 14 7 -9 11 -11 -12 -13 -14 -15 21 17 -18 24 -20 -21 -22 22 23 -25 -26 -27 -28 29 -30 -31
leaf_value=0 -2.0706948822661672e-06 8.9937263269998063e-06 0 0.00089018891250956453 0.00026768984548337026 0.0004279801895066736 0 0.00030731322280332161 0.00014119967621059807 0.00014541913141040755 0 0 0.00029345386530237126 0.00033481296341284178 0 0 3.8187322450674531e-05 -5.4292381505357051e-07 0.00029081326546447327 -2.2520775276253936e-05 0.0002162254913983976 0 0 0.00019450304124802643 0.00010084227383343029 0 0 0 -2.0610092329703766e-05 8.6794444871987118e-05
leaf_weight=912 429 55 66 51 94 54 56 50 198 81 201 443 51 124 1775 57 80 692 65 10019 50 213 76 87 56 50 59 50 4646 256
leaf_count=912 429 55 66 51 94 54 56 50 198 81 201 443 51 124 1775 57 80 692 65 10019 50 213 76 87 56 50 59 50 4646 256
internal_value=6.92765e-07 2.06229e-05 0.000166107 0.000427035 7.19726e-06 3.55739e-05 -1.85555e-05 0.000128412 -6.45397e-06 -1.39161e-05 6.14028e-05 4.29372e-05 9.87281e-05 0.000263085 2.69914e-05 6.04533e-05 0.000234312 2.76963e-05 0.000152453 -2.05278e-05 1.07023e-05 9.02844e-06 4.85139e-05 0.000107265 4.96346e-07 0.000100964 0.000117011 5.79119e-05 -1.71634e-05 7.23987e-05
internal_weight=21096 10492 854 230 9638 3249 10604 106 6389 5639 624 750 423 179 3155 1004 134 870 122 10498 479 2151 376 163 748 307 257 372 5558 306
internal_count=21096 10492 854 230 9638 3249 10604 106 6389 5639 624 750 423 179 3155 1004 134 870 122 10498 479 2151 376 163 748 307 257 372 5558 306
is_linear=0
shrinkage=0.05


Tree=11
num_leaves=31
num_cat=0
split_feature=103 1 120 134 73 138 86 120 136 101 0 88 44 133 90 0 133 82 123 0 128 80 123 22 2 44 109 92 137 23
split_gain=0.00296516 0.00716129 0.00731444 0.00719601 0.00141939 0.00161317 0.00461634 0.00446174 0.00153892 0.00138491 0.00133227 0.00132081 0.00237173 0.000910377 0.00113836 0.000805874 0.000824246 0.000589743 0.000457884 0.000322288 0.000292186 0.000274213 0.000264874 0.000954827 0.00019344 0.000131982 8.86488e-05 8.35733e-05 0.000108853 0.000107993
threshold=2224.0999999999999 0.14216828450000005 282.24761290000009 9.4850000000000012 33.250000000000007 4.7550000000000008 4.5000000000000009 268.94007390000007 0.88500000000000012 4.7810124000000096 0.16220000000000004 36.112500000000004 1137.5000000000002 88.200000000000003 9.9082482993197285 0.034600000000000006 88.200000000000003 20.258000000000006 0.12940952255126045 0.18275000000000005 9.478801397250173 35.562500000000007 0.91597561503675362 1.0000000180025095e-35 0.00091637800000000014 1067.5000000000002 0.15000000000000005 9.8500000000000032 0.18500000000000003 26.097222222222225
decision_type=2 2 10 2 2 2 2 10 2 2 2 2 2 2 2 2 2 2 2 2 2 2 2 2 2 2 2 2 2 2
left_child=1 4 9 -4 15 6 7 -6 -8 18 -11 -10 -13 22 -15 16 25 20 -3 -20 -17 -7 26 -24 27 -1 -2 -23 -29 -30
right_child=13 2 3 -5 5 21 8 -9 11 10 -12 12 -14 14 -16 17 -18 -19 19 -21 -22 24 23 -25 -26 -27 -28 28 29 -31
leaf_value=-2.1686699065728412e-05 -2.3902368651818354e-05 0 0.00096533427538683593 9.0263131132815042e-05 0.00073393173455941617 -4.6009615665507656e-06 0 7.9241398040291017e-05 0 3.4775293245599771e-05 0.00038859706017179774 0 0.00042878574355712868 0 0.00029149785758188679 0 0.00013823684508901263 0 1.3785212580367681e-05 0.00017221560757832324 0.00012105953946754482 0 0.00019806333984148696 -7.6398942636771583e-06 8.964768394384415e-05 -1.7122373940198055e-06 0 0 5.210686009508419e-05 0
leaf_weight=3786 8534 281 54 67 52 1279 674 94 81 97 77 80 77 55 51 60 81 424 183 95 237 241 58 1242 143 1801 664 96 311 121
leaf_count=3786 8534 281 54 67 52 1279 674 94 81 97 77 80 77 55 51 60 81 424 183 95 237 241 58 1242 143 1801 664 96 311 121
internal_value=7.86009e-07 1.98557e-05 0.000158821 0.000526486 7.00841e-06 3.4152e-05 8.53382e-05 0.000349839 3.71816e-05 9.06822e-05 0.000221249 0.000146215 0.000230733 -1.76109e-05 0.000121231 -6.01565e-06 -1.30319e-05 4.21573e-05 4.07896e-05 8.62695e-05 9.61948e-05 7.12634e-06 -1.95005e-05 0 2.90363e-05 -1.61441e-05 -2.24943e-05 1.117e-05 2.40119e-05 3.65086e-05
internal_weight=21096 10492 854 121 9638 3249 1058 146 912 733 174 238 157 10604 106 6389 5668 721 559 278 297 2191 10498 1300 912 5587 9198 769 528 432
internal_count=21096 10492 854 121 9638 3249 1058 146 912 733 174 238 157 10604 106 6389 5668 721 559 278 297 2191 10498 1300 912 5587 9198 769 528 432
is_linear=0
shrinkage=0.05


Tree=12
num_leaves=31
num_cat=0
split_feature=103 5 120 128 101 33 0 2 112 119 133 88 8 5 54 49 0 123 49 116 0 123 22 29 123 0 74 26 89 105
split_gain=0.00270615 0.00658881 0.0066183 0.0054255 0.00125197 0.00116811 0.0011624 0.00100802 0.00125715 0.00179126 0.000815197 0.0010399 0.000646911 0.0010704 0.00171944 0.000502107 0.000658262 0.000424173 0.000311119 0.000308462 0.000274902 0.000239525 0.000863225 0.000213197 0.000826197 0.000208359 0.000194706 0.000188361 0.00015542 0.000153686
threshold=2224.0999999999999 14.220000000000001 282.24761290000009 10.428241251524872 4.7810124000000096 0.6219743321159773 0.16220000000000004 0.0035617145000000003 293.94823230000003 6.0500000000000007 88.200000000000003 13.637500000000001 0.01450896897339729 0.085000000000000006 0.065000000000000016 967.6500000000002 0.046600000000000009 0.12940952255126045 980.45000000000016 272.73087180000005 0.18275000000000005 0.91597561503675362 1.0000000180025095e-35 24.050000000000004 -0.78656609248549292 0.051700000000000003 28.87857142857143 7.5000000000000009 41.650000000000013 3.5000000000000004
decision_type=2 2 10 2 2 2 2 2 2 10 2 2 2 2 2 2 2 2 2 10 2 2 2 2 2 2 2 2 2 2
left_child=1 5 4 -4 17 7 -6 8 12 -10 21 -12 18 14 -14 16 -9 -3 23 -15 -19 -2 -23 24 -1 -21 -11 28 -28 -25
right_child=10 2 3 -5 6 -7 -8 15 9 26 11 -13 13 19 -16 -17 -18 20 -20 25 -22 22 -24 29 -26 -27 27 -29 -30 -31
leaf_value=0.0001822917716151962 -2.1385546698151887e-05 0 0.00084359256061537552 6.5897621734322577e-05 3.3054271612780545e-05 -2.0229832234116513e-05 0.00036941630698446461 0.00022600721598763806 0.0003688060919720508 0 0 0.00027996020462916365 0.00040360642158283064 -1.0862000698429323e-06 0 2.4624137196427664e-05 0 1.3099699523358454e-05 -1.8356861113912728e-05 0 0.00016369452241368288 0.0001883280155262752 -7.258207054761158e-06 8.3012244637887175e-05 0 8.0353394671277858e-05 0 0 0.00013816231647228742 0
leaf_weight=82 9198 281 61 60 97 2714 77 128 56 93 56 50 51 445 54 294 71 183 1852 158 95 58 1242 55 264 239 66 124 102 2790
leaf_count=82 9198 281 61 60 97 2714 77 128 56 93 56 50 51 445 54 294 71 183 1852 158 95 58 1242 55 264 239 66 124 102 2790
internal_value=8.34108e-07 1.90608e-05 0.000152368 0.000502643 8.71278e-05 6.71549e-06 0.000211736 1.80007e-05 1.18076e-05 9.38712e-05 -1.67287e-05 0.000114284 4.91665e-06 4.30162e-05 0.000198392 8.84776e-05 0.000157219 3.91036e-05 -1.25371e-06 1.74968e-05 8.28854e-05 -1.85386e-05 0 7.10888e-06 4.46769e-05 5.08398e-05 4.00754e-05 6.14583e-05 9.66173e-05 7.69037e-07
internal_weight=21096 10492 854 121 733 9638 174 6924 6431 441 10604 106 5990 947 105 493 199 559 5043 842 278 10498 1300 3191 346 397 385 292 168 2845
internal_count=21096 10492 854 121 733 9638 174 6924 6431 441 10604 106 5990 947 105 493 199 559 5043 842 278 10498 1300 3191 346 397 385 292 168 2845
is_linear=0
shrinkage=0.05


Tree=13
num_leaves=31
num_cat=0
split_feature=11 126 1 131 80 105 134 77 38 1 126 10 42 69 21 94 43 46 104 104 81 116 75 11 112 90 139 105 49 14
split_gain=0.0025325 0.0073504 0.00454407 0.00345162 0.00132815 0.00121869 0.00318852 0.00112945 0.000695378 0.000638212 0.00134032 0.000760182 0.00202969 0.000520572 0.000530896 0.000842459 0.000521483 0.000600281 0.00109856 0.000369167 0.000332136 0.000324056 0.000331861 0.000486546 0.00030779 0.000237016 0.000270433 0.000122971 0.000118574 0.000117864
threshold=0.0037234360069444443 16.500000000000004 0.14216828450000005 91.929801993785844 28.812500000000007 4.5000000000000009 6.9000000000000012 291.53108990000004 0.35000000000000003 0.03833609100000001 16.500000000000004 7.9600000000000017 0.115 283.40101265000004 0.4513888888888889 4.5000000000000009 0.34150000000000008 50.500000000000007 0.35000000000000009 21.250000000000011 43.750000000000007 268.36470880000007 11.350000000000003 0.00073266582638888903 281.22657825000005 27.940816326530619 21.541071789871136 18.500000000000004 969.75000000000011 0.0017784480000000002
decision_type=2 2 2 2 2 2 2 2 2 2 2 2 2 2 2 2 2 2 2 2 2 8 2 2 2 2 2 2 2 2
left_child=4 2 -2 -4 9 6 -6 8 19 21 24 12 -12 -7 -15 -16 -17 18 -18 25 -20 22 23 -1 27 -3 -27 -11 -28 -8
right_child=1 7 3 -5 5 13 29 -9 -10 10 11 -13 -14 14 15 16 17 -19 20 -21 -22 -23 -24 -25 -26 26 28 -29 -30 -31
leaf_value=0 0 -1.3337399021260862e-05 0.00083664412107162147 0.00023677578080951055 0.00045745872538071513 -2.7804777879030454e-06 -1.1500009656593449e-05 0.0002162178979799559 0.00014397441103561695 0.00013820141054429199 0.00034069911773258358 -1.6036881579419928e-05 0 0 0.00022167060743986104 1.8486831988783484e-06 0 0 0.00034787288811905518 0.00012717923576631372 1.6035264261696349e-05 -2.0921671735381873e-05 -1.3070081395970629e-06 0.00017865425239254435 0 0 0 0 0.00013270881905407656 7.4250534908416879e-05
leaf_weight=89 114 1658 52 118 56 2489 101 68 86 238 55 1986 168 921 80 684 97 135 62 54 50 10431 824 64 58 129 50 56 73 50
leaf_count=89 114 1658 52 118 56 2489 101 68 86 238 55 1986 168 921 80 684 97 135 62 54 50 10431 824 64 58 129 50 56 73 50
internal_value=9.16947e-07 4.94325e-05 0.000288862 0.000453324 -5.05169e-06 1.74141e-05 0.000137928 1.48469e-05 5.62723e-06 -1.30093e-05 8.23429e-06 -4.06908e-06 7.97884e-05 1.07568e-05 2.98194e-05 5.31455e-05 3.49689e-05 8.61353e-05 0.00013905 0 0.000245432 -1.82169e-05 5.54023e-06 7.46534e-05 9.9402e-05 -4.1754e-06 3.61563e-05 0.000120132 9.01086e-05 0
internal_weight=21096 2402 284 170 18694 4725 207 2118 2050 13969 2561 2209 223 4518 2029 1108 1028 344 209 1964 112 11408 977 153 352 1910 252 294 123 151
internal_count=21096 2402 284 170 18694 4725 207 2118 2050 13969 2561 2209 223 4518 2029 1108 1028 344 209 1964 112 11408 977 153 352 1910 252 294 123 151
is_linear=0
shrinkage=0.05


Tree=14
num_leaves=31
num_cat=0
split_feature=94 1 120 133 76 122 28 120 103 155 138 73 33 34 137 75 35 141 155 155 141 94 3 92 133 91 82 94 0 120
split_gain=0.00237732 0.00573298 0.0100488 0.00147593 0.0029527 0.00122919 0.000985348 0.00088836 0.00243509 0.000832842 0.00126065 0.00218656 0.0005839 0.000493445 0.000351505 0.000580819 0.00131899 0.000296796 0.000527779 0.000316319 0.000209777 0.000525804 0.000200854 0.000199336 0.000179389 0.000248875 0.000132842 0.000127671 0.000181085 0.0002034
threshold=13.500000000000002 0.12794352700000003 283.45730200000008 88.200000000000003 0.45000000000000007 16.500000000000004 38.20000000000001 282.74593505000007 679.45000000000016 0.23800000000000004 3.8950000000000005 33.550000000000004 0.079961891825563805 -0.84961132145367946 0.055000000000000007 9.3500000000000032 266.79696690000009 33.720000000000006 0.45800000000000002 0.25800000000000006 38.640000000000008 5.5000000000000009 0.10097021400000002 4.8500000000000014 80.210000000000022 11.450000000000001 24.570000000000007 9.5000000000000018 0.029700000000000001 275.35076665000003
decision_type=2 2 10 2 2 2 2 10 2 2 2 2 2 2 2 2 2 2 2 2 2 2 2 2 2 2 2 2 2 10
left_child=3 7 5 9 -5 6 23 13 -9 14 11 -11 -8 17 15 -1 -17 -2 19 -19 -12 -22 -15 -3 -18 -26 -24 -16 -29 -30
right_child=1 2 -4 4 -6 -7 12 8 -10 10 20 -13 -14 22 27 16 24 18 -20 -21 21 -23 26 -25 25 -27 -28 28 29 -31
leaf_value=-1.6027496233460991e-05 1.0014831977425571e-05 0 0.00086525840346582178 0 0.00043490004860619334 0 0.00037947436305218205 0.00040923602335099605 1.0728573637741782e-05 0 0 0.00031234223028265038 8.4244824530972065e-05 -1.6912893236832699e-05 -1.9377070130766904e-05 0.00028314838861506536 0 0 0 0.00020356208512416893 0.00018030912773914074 0 7.2824742449235845e-05 7.7091953826425203e-05 0.00011975814671420856 0 0 -1.3277237742858442e-05 0 9.143854811642226e-05
leaf_weight=1393 1074 52 50 99 55 142 80 51 269 138 2025 94 96 2080 10826 52 595 57 130 90 56 141 87 159 84 146 249 519 104 103
leaf_count=1393 1074 52 50 99 55 142 80 51 269 138 2025 94 96 2080 10826 52 595 57 130 90 56 141 87 159 84 146 249 519 104 103
internal_value=9.93992e-07 3.26939e-05 0.00018037 -7.70569e-06 0.000143908 0.000104691 0.0001513 1.05107e-05 9.0894e-05 -9.45617e-06 1.64478e-05 0.000127733 0.000248074 2.33305e-06 -1.44178e-05 1.6453e-06 3.53973e-05 2.7553e-05 7.72869e-05 0.000141899 2.52697e-06 5.21574e-05 -9.70658e-06 4.62033e-05 1.34043e-05 5.08322e-05 1.9985e-05 -1.80069e-05 0 4.16629e-05
internal_weight=21096 4666 579 16430 154 529 387 4087 320 16276 2454 232 176 3767 13822 2270 877 1351 277 147 2222 197 2416 211 825 230 336 11552 726 207
internal_count=21096 4666 579 16430 154 529 387 4087 320 16276 2454 232 176 3767 13822 2270 877 1351 277 147 2222 197 2416 211 825 230 336 11552 726 207
is_linear=0
shrinkage=0.05


Tree=15
num_leaves=31
num_cat=0
split_feature=2 116 103 3 93 49 133 69 44 44 62 92 138 73 65 134 139 92 90 75 104 18 100 132 11 118 134 13 36 115
split_gain=0.00363191 0.00525679 0.00195765 0.00305786 0.00304584 0.00128989 0.00132159 0.00382392 0.000735838 0.000706 0.000877851 0.00119325 0.0011478 0.00178701 0.00499078 0.000532504 0.000438453 0.000412592 0.000689012 0.000380344 0.000299706 0.000255249 0.000191743 0.000273012 0.000184451 0.000180496 0.0001318 0.000162325 0.000158176 0.000113988
threshold=0.048280649000000009 273.26044525000003 2513.3500000000008 0.26752381500000005 271.12701695000004 987.6500000000002 88.200000000000003 279.17195220000008 892.50000000000011 612.50000000000011 37.750000000000007 14.750000000000004 4.7550000000000008 33.550000000000004 29.850000000000005 7.7150000000000007 83.777273392101407 9.4500000000000028 28.524489795918374 16.850000000000005 0.35000000000000009 0.0044291666666666672 2.0999999999999663 5.5000000000000009 0.0030514102222222229 32.95000000000001 18.985000000000003 0.0016980622152777782 264.74818525000006 8.3500000000000032
decision_type=2 10 2 2 2 2 2 2 2 2 2 2 2 2 2 2 2 2 2 2 2 2 2 2 2 8 2 2 2 10
left_child=2 -2 3 5 17 6 9 -8 -6 24 11 12 13 21 -15 -16 -12 -5 -19 29 -14 -11 -23 -24 -1 26 27 28 -22 -18
right_child=1 -3 -4 4 8 -7 7 -9 -10 10 16 -13 20 14 15 -17 19 18 -20 -21 25 22 23 -25 -26 -27 -28 -29 -30 -31
leaf_value=-1.983010056735812e-05 0 0.00065997525123998014 -1.9448843767373158e-05 0 0.0001176999367746982 -1.7527688129104232e-05 0.00051877607327233089 0 0.00057110654472304384 0 -1.327784114661686e-06 0 0 0.00064395029237736409 0.00016957292582653105 0 3.5981365800289839e-05 0 0.00023785942977269772 0.00014598844480423533 0 0 0.00014741244195881468 0 1.9410179612672966e-05 0 0 0 8.9869526784063639e-05 0
leaf_weight=1533 64 50 8537 142 56 3695 50 74 50 160 3032 864 371 59 96 114 315 139 63 93 73 55 104 52 250 137 78 126 452 197
leaf_count=1533 64 50 8537 142 56 3695 50 74 50 160 3032 864 371 59 96 114 315 139 63 93 73 55 104 52 250 137 78 126 452 197
internal_value=5.05762e-07 0.000280868 -7.93461e-07 1.16175e-05 0.000139977 6.36737e-06 1.76285e-05 0.000182554 0.000381639 1.44879e-05 2.25424e-05 4.41728e-05 6.66137e-05 0.000124122 0.00022658 8.31254e-05 4.85872e-06 5.01281e-05 9.67044e-05 4.40647e-05 3.27448e-05 3.5984e-05 7.26781e-05 0.000100925 -1.15176e-05 4.89412e-05 5.88464e-05 6.62008e-05 7.87646e-05 1.55561e-05
internal_weight=21081 114 20967 12430 450 11980 8285 124 106 8161 6378 2741 1877 640 269 210 3637 344 202 605 1237 371 211 156 1783 866 729 651 525 512
internal_count=21081 114 20967 12430 450 11980 8285 124 106 8161 6378 2741 1877 640 269 210 3637 344 202 605 1237 371 211 156 1783 866 729 651 525 512
is_linear=0
shrinkage=0.05


Tree=16
num_leaves=31
num_cat=0
split_feature=11 126 141 0 77 73 105 26 76 137 76 42 93 0 126 103 30 77 124 115 82 136 115 41 44 11 77 11 118 49
split_gain=0.00236653 0.0076253 0.00647922 0.00212582 0.00142635 0.00118155 0.00371784 0.000687371 0.000565863 0.00167953 0.00108671 0.000516611 0.00121101 0.000391433 0.00124473 0.000383681 0.000458038 0.000839978 0.000792688 0.000625069 0.000203924 0.000203113 0.000195878 0.000322771 0.000140533 0.00011214 0.000106099 8.01286e-05 6.91663e-05 6.84684e-05
threshold=0.0037234360069444443 16.500000000000004 21.910000000000004 0.16220000000000004 291.53108990000004 38.050000000000004 3.5000000000000004 1.5000000000000002 0.45000000000000007 1.0000000180025095e-35 1.1500000000000006 0.59500000000000008 265.52041945000002 0.034600000000000006 16.500000000000004 2657.3500000000008 -1.5699999999999987 278.65902305000003 0.60355339059327384 12.250000000000002 23.750000000000004 1.925 19.750000000000004 61.500000000000007 692.50000000000011 0.0017990082222222226 291.92480000000006 0.0029984518125000005 36.150000000000013 976.85000000000002
decision_type=2 2 2 2 2 2 2 2 2 2 2 2 2 2 2 2 2 2 2 10 2 2 10 2 2 2 2 2 10 2
left_child=5 2 -2 -4 15 8 -7 11 13 10 -10 -8 -13 26 24 16 -3 18 19 -18 -12 -9 29 -24 -15 -16 27 -1 -26 -11
right_child=1 4 3 -5 -6 6 7 21 9 22 20 12 -14 14 25 -17 17 -19 -20 -21 -22 -23 23 -25 28 -27 -28 -29 -30 -31
leaf_value=-1.9533237528755217e-05 0.00079476115079679796 0 0 0.00034377012203444849 0.00023701921109708227 0.00045178278566499321 3.0939304518320444e-06 -9.6407485791922998e-07 0.00032831176476023623 0 8.7549736119096151e-05 0.00035210808383779745 0 0 3.3226072555407879e-05 -1.5693621454321408e-05 0.00033960693957879606 0 0 0 0 7.5012230312091155e-05 0 0.00015638846885778157 0.00012910224667618431 -1.5446544211616835e-05 3.4006152689175366e-06 0 0 -1.4531881659961034e-05
leaf_weight=11062 55 746 148 86 68 51 193 1524 64 1687 83 52 75 60 70 1072 64 100 57 56 67 89 59 50 208 1622 171 347 52 1043
leaf_count=11062 55 746 148 86 68 51 193 1524 64 1687 83 52 75 60 70 1072 64 100 57 56 67 89 59 50 208 1622 171 347 52 1043
internal_value=5.44108e-07 4.69209e-05 0.000288522 0.000145382 1.22115e-05 -5.29394e-06 3.05646e-05 1.66381e-05 -9.87005e-06 8.57777e-06 0.000143439 8.37917e-05 0.000166382 -1.43819e-05 4.02881e-06 2.41951e-06 2.62798e-05 8.16269e-05 0.000149009 0.000221452 2.97948e-05 1.74031e-07 0 6.32742e-05 9.60146e-05 -1.04611e-05 -1.80126e-05 -1.8772e-05 0.000112624 -4.2486e-06
internal_weight=21081 2452 289 234 2163 18629 1984 1933 16645 3053 214 320 127 13592 2012 2095 1023 277 177 120 150 1613 2839 109 320 1692 11580 11409 260 2730
internal_count=21081 2452 289 234 2163 18629 1984 1933 16645 3053 214 320 127 13592 2012 2095 1023 277 177 120 150 1613 2839 109 320 1692 11580 11409 260 2730
is_linear=0
shrinkage=0.05


Tree=17
num_leaves=31
num_cat=0
split_feature=2 155 126 0 119 44 133 108 34 0 126 29 104 134 75 75 43 140 99 77 104 43 122 66 85 44 25 73 28 119
split_gain=0.00310283 0.00475968 0.00167852 0.00204512 0.00291005 0.00150327 0.000860071 0.00326499 0.000953328 0.000827027 0.00110641 0.000789235 0.00137717 0.00158829 0.00161845 0.000350193 0.000717334 0.000589364 0.000611664 0.000839109 0.000293456 0.000236881 0.000301012 0.000207264 0.000640857 0.000196722 0.00029251 0.000173717 0.00107415 0.000164082
threshold=0.048280649000000009 0.022902097902097903 84.500000000000014 0.16220000000000004 14.550000000000002 702.50000000000011 87.815000000000012 278.97227290000006 -0.86986098904908371 0.034600000000000006 16.500000000000004 25.400000000000002 0.35000000000000009 9.2700000000000014 16.450000000000003 17.350000000000005 0.33950000000000008 17.960000000000004 -1.7499999999999998 279.54129820000009 17.150000000000009 0.32350000000000007 15.500000000000002 21.675000000000004 264.41854675000008 692.50000000000011 20.500000000000004 38.850000000000001 13.200000000000001 12.65
decision_type=2 2 2 2 10 2 2 2 2 2 2 2 2 2 2 2 2 2 2 2 2 2 2 2 2 2 2 2 2 10
left_child=2 -2 3 6 21 -6 8 -8 11 20 25 12 -1 14 -14 -13 -17 -18 19 -19 27 22 -5 24 -22 -11 29 -10 -29 -27
right_child=1 -3 -4 4 5 -7 7 -9 9 10 -12 15 13 -15 -16 16 17 18 -20 -21 23 -23 -24 -25 -26 26 -28 28 -30 -31
leaf_value=4.5161649809238212e-06 0.00061487551068869215 0 -1.8307019100972915e-05 0.00010802602274608621 2.6998006711949072e-05 0.00046231054812352927 0.00038586138178980554 -2.5338843024104718e-06 -1.8062823240135191e-05 0 5.9984418398404604e-08 -6.2833694622193157e-06 1.0639211246031985e-05 0 0.0005198735875289953 1.9844048708422024e-06 0 0 0 0.00028071048843090611 0.00018035444964788032 0 0 0 0 1.9900212373843862e-05 2.3403613873701451e-05 0.00022697653880151427 -8.1182984913937428e-06 0.00022832788330972862
leaf_weight=307 51 63 8252 133 63 78 70 131 5969 83 1316 851 52 90 56 978 130 72 104 103 68 207 61 815 146 78 165 51 433 105
leaf_count=307 51 63 8252 133 63 78 70 131 5969 83 1316 851 52 90 56 978 130 72 104 103 68 207 61 815 146 78 165 51 433 105
internal_value=6.60249e-07 0.000259775 -5.2245e-07 1.0627e-05 0.000106138 0.00030458 5.95531e-06 0.000109216 3.79506e-06 -3.41524e-06 2.67314e-05 2.98691e-05 8.84409e-05 0.000192764 0.000322905 1.43858e-05 3.06652e-05 8.68794e-05 0.000127729 0.000186128 -1.11251e-05 2.33403e-05 6.44981e-05 1.09771e-05 5.46562e-05 9.64063e-05 0.000113639 -1.54254e-05 6.76173e-06 0.000167255
internal_weight=21081 114 20967 12715 542 141 12173 201 11972 9229 1747 2743 505 198 108 2238 1387 409 279 175 7482 401 194 1029 214 431 348 6453 484 183
internal_count=21081 114 20967 12715 542 141 12173 201 11972 9229 1747 2743 505 198 108 2238 1387 409 279 175 7482 401 194 1029 214 431 348 6453 484 183
is_linear=0
shrinkage=0.05


Tree=18
num_leaves=31
num_cat=0
split_feature=19 59 103 3 126 85 73 105 6 93 133 54 104 82 118 35 49 133 46 142 92 90 93 75 155 138 15 75 93 49
split_gain=0.00278305 0.0045647 0.00154102 0.00233702 0.00239397 0.00107157 0.000906752 0.00313995 0.000747519 0.000842381 0.000693144 0.000785666 0.00107912 0.000831308 0.000448017 0.000446851 0.0005065 0.000406815 0.000384578 0.000988306 0.000383385 0.000661602 0.000331523 0.000217204 0.000271553 0.000479549 0.000126324 0.000148148 0.000115791 0.000281741
threshold=0.017289999999999996 9.376750000000003 2513.3500000000008 0.26752381500000005 16.500000000000004 262.86203795000006 38.050000000000004 3.5000000000000004 0.0057555555555555563 271.73722495000004 23.815000000000001 0.15500000000000003 0.45000000000000007 33.38600000000001 14.15 280.1803208500001 987.6500000000002 80.210000000000022 52.500000000000007 787.12634431116578 9.4500000000000028 28.524489795918374 265.60172760000006 18.850000000000005 0.32052631578947371 5.5950000000000006 0.00093958333333333339 18.250000000000004 264.57064015000009 966.75000000000011
decision_type=2 2 2 2 2 2 2 2 2 2 2 2 2 2 8 2 2 2 2 2 2 2 2 2 2 2 2 2 2 2
left_child=2 -2 3 5 -5 -1 8 -8 14 28 -9 26 -13 22 17 16 -11 23 -19 -20 -6 -22 -14 -7 -25 -26 -12 -28 29 -10
right_child=1 -3 -4 4 20 6 7 10 9 15 11 12 13 -15 -16 -17 -18 18 19 -21 21 -23 -24 24 25 -27 27 -29 -30 -31
leaf_value=0.00017553832656437622 0 0.00060031111812100329 -1.6930526452471053e-05 0.00034948854614578356 0 -8.3187180856675466e-06 0.00042418767590928701 0 0 0.000138934844908332 0 0 0.00043136282907788108 0 -1.8097930457793776e-05 0 0 0 0.00024150913945049981 0 0 0.00022445186290331716 6.0328033527744426e-05 0 0.00020207818563156769 0 0 0.00011731551142635427 -1.8983000717377585e-06 8.1206648842214096e-05
leaf_weight=93 64 50 8537 98 144 1935 51 1126 308 295 377 159 53 68 5109 91 140 166 77 154 143 65 51 176 55 80 64 50 1151 151
leaf_count=93 64 50 8537 98 144 1935 51 1126 308 295 377 159 53 68 5109 91 140 166 77 154 143 65 51 176 55 80 64 50 1151 151
internal_value=7.60737e-07 0.000246141 -3.46638e-07 1.06415e-05 0.000122968 5.99497e-06 4.23327e-06 3.50558e-05 -1.49523e-06 2.40594e-05 2.20902e-05 5.71064e-05 0.000118122 0.000205842 -9.18371e-06 7.94941e-05 0.000100997 6.157e-06 5.29831e-05 9.46571e-05 4.49274e-05 8.94155e-05 0.00029934 0 3.6208e-05 8.94394e-05 5.65446e-06 5.36932e-05 2.80669e-06 2.54531e-05
internal_weight=21081 114 20967 12430 450 11980 11887 1999 9888 2136 1948 822 331 172 7752 526 435 2643 397 231 352 208 104 2246 311 135 491 114 1610 459
internal_count=21081 114 20967 12430 450 11980 11887 1999 9888 2136 1948 822 331 172 7752 526 435 2643 397 231 352 208 104 2246 311 135 491 114 1610 459
is_linear=0
shrinkage=0.05


Tree=19
num_leaves=31
num_cat=0
split_feature=2 155 126 1 119 44 49 105 89 14 34 43 75 140 82 82 6 126 96 29 134 1 43 93 138 89 77 140 84 69
split_gain=0.002494 0.00440326 0.00141889 0.0017068 0.00242667 0.00114617 0.000759295 0.00109981 0.00113308 0.00146386 0.000471458 0.00054262 0.000921963 0.000983728 0.000709523 0.00184912 0.000452245 0.00118414 0.000293308 0.00026844 0.000316068 0.000191822 0.000304009 0.000188759 0.000546875 0.000142382 0.000120729 0.000175513 0.000118085 0.000139243
threshold=0.048280649000000009 0.022902097902097903 84.500000000000014 0.22401337150000003 14.550000000000002 702.50000000000011 987.05000000000007 2.5000000000000004 25.050000000000004 0.018659123000000003 -0.86986098904908371 0.32950000000000007 17.350000000000005 17.960000000000004 33.38600000000001 31.166 0.0057555555555555563 16.500000000000004 35.01250000000001 42.95000000000001 9.8350000000000026 0.011753816500000002 0.34250000000000008 265.66934210000005 5.9850000000000003 28.150000000000002 267.44965255000005 68.935000000000016 11.450000000000005 278.59175810000005
decision_type=2 2 2 2 10 2 2 2 2 2 2 2 2 2 2 2 2 2 2 2 2 2 2 2 2 2 2 2 2 2
left_child=2 -2 3 6 18 -6 7 -1 9 -9 11 -10 -13 -14 15 23 25 19 -5 20 -18 22 -19 24 -15 26 -12 -28 29 -20
right_child=1 -3 -4 4 5 -7 -8 8 10 -11 16 12 13 14 -16 -17 17 21 28 -21 -22 -23 -24 -25 -26 -27 27 -29 -30 -31
leaf_value=0.0001899016636945397 0.00057606460891502836 0 -1.6593824130890496e-05 0 2.1969153078024739e-05 0.00040357214464080139 -1.4197058271194649e-05 0 0 0.00029827176017614525 0 0 0 0.00022735790709079345 0 0.0003825497566345696 0.00024120659193613395 0 0 3.5152330057923231e-05 0 -5.4362256662254982e-06 9.6320481239362311e-05 9.4535095005160308e-07 0 -1.3316499741819513e-05 0 0.00012254442553173497 0 0.00013033186971293426
leaf_weight=90 51 63 8252 245 66 84 3317 95 1335 78 134 534 204 69 99 84 83 88 69 234 58 1446 128 156 72 3638 110 54 51 94
leaf_count=90 51 63 8252 245 66 84 3317 95 1335 78 134 534 204 69 99 84 83 88 69 234 58 1446 128 156 72 3638 110 54 51 94
internal_value=8.16954e-07 0.00023309 -2.18541e-07 1.00162e-05 9.21629e-05 0.000270037 5.46354e-06 1.34531e-05 1.10312e-05 0.000139141 7.8294e-06 2.58099e-05 5.00852e-05 8.84811e-05 0.000127523 0.000158494 0 1.92592e-05 2.2704e-05 9.9417e-05 0.000169859 0 4.4865e-05 7.72747e-05 0.000125911 -9.7555e-06 1.68941e-05 4.84399e-05 6.7182e-05 8.78468e-05
internal_weight=21081 114 20967 12715 609 150 12106 8789 8699 173 8526 2553 1218 684 480 381 5973 2037 459 375 141 1662 216 297 141 3936 298 164 214 163
internal_count=21081 114 20967 12715 609 150 12106 8789 8699 173 8526 2553 1218 684 480 381 5973 2037 459 375 141 1662 216 297 141 3936 298 164 214 163
is_linear=0
shrinkage=0.05


Tree=20
num_leaves=31
num_cat=0
split_feature=103 11 120 131 101 73 105 133 88 0 0 120 6 137 2 59 93 73 104 112 137 92 83 34 16 105 50 122 101 19
split_gain=0.00165637 0.00279336 0.00275982 0.00320123 0.000975469 0.000877432 0.00141721 0.00075965 0.000999724 0.000693171 0.000663132 0.000631896 0.00053391 0.000565069 0.000487847 0.0005567 0.000456342 0.00216286 0.000221453 0.000193114 0.000190475 0.000516392 0.00128046 0.000150823 0.000178069 0.00013396 0.000131689 0.000128246 0.000124502 0.000161249
threshold=2088.4500000000003 0.0037234360069444443 273.84553545000006 87.127452563964752 4.5591862000000001 33.250000000000007 2.5000000000000004 88.200000000000003 13.637500000000001 0.12700000000000003 0.033800000000000004 272.71942680000006 0.014288194444444445 1.0250000000000001 0.0030276435000000002 12.656350000000002 264.57064015000009 34.550000000000004 4.5500000000000016 280.75472430000008 0.055000000000000007 0.35000000000000009 11.050000000000002 -0.9716476183330407 0.97500000000000009 17.500000000000004 1007.5500000000001 14.500000000000002 9.8644326999999823 -6.8571428571427944e-05
decision_type=2 2 10 2 2 2 2 2 2 2 2 10 2 2 2 2 2 2 2 2 2 2 2 2 2 2 2 2 2 2
left_child=1 5 4 -4 18 10 -7 20 -9 -5 26 -12 -6 -14 16 -16 17 -8 -3 27 21 -2 -23 24 -19 -26 -1 -13 -18 -30
right_child=7 2 3 9 12 6 14 8 -10 -11 11 19 13 -15 15 -17 28 23 -20 -21 -22 22 -24 -25 25 -27 -28 -29 29 -31
leaf_value=2.0009603969431482e-06 -1.3177508767862711e-05 -1.1531227217026915e-06 0.0005416702795468753 0 0 0.00023260571163007809 0.00032593141259433024 0 0.00027903552617370976 0.00019883266384301642 0 0.0001157306943359386 0.00031408214893886139 0 0 0.0002015061242204598 -5.5090945518659537e-06 0 8.5955747727227086e-05 0 -1.5417613332887921e-05 0.00022048788082708434 0 0 0.00015589915371982409 0 -1.4776492161929983e-05 0 0 0.00010634493220758318
leaf_weight=957 1232 522 72 94 62 88 64 54 50 81 389 263 65 56 121 84 1552 126 74 51 9630 87 346 458 51 53 4082 56 200 58
leaf_count=957 1232 522 72 94 62 88 64 54 50 81 389 263 65 56 121 84 1552 126 74 51 9630 87 346 458 51 53 4082 56 200 58
internal_value=1.62579e-06 1.70408e-05 9.54197e-05 0.000245315 4.12282e-05 7.15957e-06 3.00334e-05 -1.1025e-05 0.000118386 9.25919e-05 -3.24477e-06 3.89462e-05 0.000143013 0.00020442 2.17028e-05 9.99915e-05 1.34511e-05 4.61619e-05 1.41306e-06 8.58211e-05 -1.26696e-05 2.23012e-07 4.98143e-05 1.24447e-05 4.57626e-05 9.40586e-05 -1.05983e-05 0.000100239 0 3.1934e-05
internal_weight=21078 9679 1026 247 779 8653 2855 11399 104 175 5798 759 183 121 2767 205 2562 752 596 370 11295 1665 433 688 230 104 5039 319 1810 258
internal_count=21078 9679 1026 247 779 8653 2855 11399 104 175 5798 759 183 121 2767 205 2562 752 596 370 11295 1665 433 688 230 104 5039 319 1810 258
is_linear=0
shrinkage=0.05


Tree=21
num_leaves=31
num_cat=0
split_feature=103 11 33 24 1 73 105 0 100 2 65 93 73 41 140 76 6 124 139 85 92 112 34 16 101 19 105 123 118 100
split_gain=0.00152049 0.00255787 0.00294669 0.00277265 0.0014287 0.00080881 0.00126976 0.000596347 0.000552896 0.000444548 0.000589053 0.000418193 0.00194583 0.00033924 0.000326559 0.000988195 0.00172789 0.000320794 0.000195837 0.000248438 0.000338079 0.00017647 0.000140409 0.000163038 0.000114934 0.000143388 0.000114906 0.000113478 0.000112143 0.00010718
threshold=2088.4500000000003 0.0037234360069444443 -0.090118864276000715 46.350000000000001 0.19961611100000001 33.250000000000007 2.5000000000000004 0.033800000000000004 2.0999999999999663 0.0030276435000000002 36.050000000000004 264.57064015000009 34.550000000000004 61.500000000000007 75.820000000000007 0.45000000000000007 0.0015680555555555558 -0.12940952255126037 21.541071789871136 278.62721005000009 13.950000000000005 280.75472430000008 -0.9716476183330407 0.97500000000000009 9.8644326999999823 -6.8571428571427944e-05 17.500000000000004 0.98296291314453421 15.450000000000001 6.3000000000000123
decision_type=2 2 2 2 2 2 2 2 2 2 2 2 2 2 2 2 2 2 2 2 2 2 2 2 2 2 2 2 10 2
left_child=1 5 3 -3 -5 7 -7 28 -9 11 -11 12 -8 -6 27 -16 -17 18 -4 20 -20 29 23 -14 -13 -26 -25 -2 -1 -10
right_child=14 2 17 4 13 6 9 8 21 10 -12 24 22 -15 15 16 -18 -19 19 -21 -22 -23 -24 26 25 -27 -28 -29 -30 -31
leaf_value=0 -1.414751486276831e-05 0.00050789730914818523 0 0 0.00028406654017878519 0.00022110610023395405 0.00030988556025505001 0 0.00012699224246951173 0 0.00018440484949458166 -5.2338172632951489e-06 0 2.0163721008319756e-05 -7.4965023470342941e-07 0 0.00036188918221644907 -3.4560559491941781e-06 0.0002368212521519037 0 0 0 0 0.00014825409602473464 0 0.00010111780421585397 0 4.5338154573083498e-06 -1.4456899919958701e-05 0
leaf_weight=1278 10256 69 75 165 112 88 64 411 193 107 98 1552 126 65 552 82 53 385 50 51 54 50 458 51 200 58 53 456 3761 105
leaf_count=1278 10256 69 75 165 112 88 64 411 193 107 98 1552 126 65 552 82 53 385 50 51 54 50 458 51 200 58 53 456 3761 105
internal_value=1.66003e-06 1.64358e-05 9.14626e-05 0.000196146 0.000117374 6.95239e-06 2.8916e-05 -3.00365e-06 3.69437e-05 2.09197e-05 9.58832e-05 1.29355e-05 4.42489e-05 0.000215901 -1.04479e-05 2.0251e-05 0.000142259 1.31818e-05 6.25716e-05 9.45301e-05 0.000138533 8.32629e-05 1.18677e-05 4.40416e-05 0 3.07432e-05 9.02724e-05 -1.28852e-05 -1.00189e-05 9.78138e-05
internal_weight=21078 9679 1026 411 342 8653 2855 5798 759 2767 205 2562 752 177 11399 687 135 615 230 155 104 348 688 230 1810 258 104 10712 5039 298
internal_count=21078 9679 1026 411 342 8653 2855 5798 759 2767 205 2562 752 177 11399 687 135 615 230 155 104 348 688 230 1810 258 104 10712 5039 298
is_linear=0
shrinkage=0.05


Tree=22
num_leaves=31
num_cat=0
split_feature=103 5 108 44 52 24 50 103 101 93 138 35 4 133 90 81 5 44 123 137 111 91 41 43 21 43 135 50 15 132
split_gain=0.00139705 0.00236758 0.0032547 0.00477124 0.00113205 0.00146668 0.000885045 0.0018635 0.00453913 0.000666896 0.00109039 0.00130988 0.00126161 0.000635635 0.000890103 0.000549794 0.000507928 0.000320009 0.000309557 0.000162719 0.000525539 0.00186192 0.000154811 0.000148089 0.000131407 0.000126721 0.000113132 9.56357e-05 8.7243e-05 7.6931e-05
threshold=2088.4500000000003 12.795000000000002 275.40628555000006 997.50000000000011 411.50000000000006 58.45000000000001 1009.6500000000002 759.15000000000009 -1.9343415999999818 264.40368030000008 5.5950000000000006 286.68579585000003 0.00018379200000000003 88.200000000000003 9.9082482993197285 39.650000000000013 2.4050000000000007 572.50000000000011 0.60355339059327384 0.055000000000000007 8.5500000000000025 11.050000000000002 34.500000000000007 0.38350000000000006 0.57638888888888895 0.29950000000000004 3.6700000000000004 994.25000000000011 0.0020656250000000002 6.5000000000000009
decision_type=2 2 2 2 2 2 2 2 2 2 2 2 2 2 2 2 2 2 2 2 2 2 2 2 2 2 2 2 2 2
left_child=1 6 3 -3 18 -6 7 8 -1 10 11 28 15 19 -15 -13 26 -18 -4 20 -2 -22 -19 24 -20 -24 -8 -21 -9 -27
right_child=13 2 4 -5 5 -7 16 9 -10 -11 -12 12 -14 14 -16 -17 17 22 23 27 21 -23 25 -25 -26 29 -28 -29 -30 -31
leaf_value=0 -1.1613259198977183e-05 1.687087867503578e-05 0 0.00070960038204877782 0 0.0003904777730624016 2.5433088967367755e-06 0 0.00058391034268710177 2.3886555082081516e-06 0 0.00017672044237191257 0.00043869859266983861 0 0.00025770598600502128 0 0 0 0.00012484043851840535 6.8797748217724091e-06 0.00029629045597561566 0 0 0 0 7.2122916288979395e-05 -1.6705133617647132e-05 -1.4979418294227035e-05 6.7975760695419943e-05 0
leaf_weight=56 1295 79 488 51 51 52 424 212 50 2254 415 87 54 53 51 82 552 112 105 206 65 305 92 53 53 441 3760 9424 52 104
leaf_count=56 1295 79 488 51 51 52 424 212 50 2254 415 87 54 53 51 82 552 112 105 206 65 305 92 53 53 441 3760 9424 52 104
internal_value=1.69034e-06 1.58599e-05 9.20486e-05 0.000330144 4.68648e-05 0.000206024 7.16079e-06 2.8002e-05 0.000237603 1.93054e-05 5.59918e-05 0.000106711 0.000198261 -9.90292e-06 0.000108153 8.98943e-05 -4.32517e-06 2.15201e-05 1.60085e-05 -1.1442e-05 3.04701e-07 5.54135e-05 4.32512e-05 6.70568e-05 9.12357e-05 5.29687e-05 -1.35596e-05 -1.3992e-05 1.00545e-05 6.21181e-05
internal_weight=21078 9679 932 130 802 103 8747 3262 106 3156 902 487 223 11399 104 169 5485 1301 699 11295 1665 370 749 211 158 637 4184 9630 264 545
internal_count=21078 9679 932 130 802 103 8747 3262 106 3156 902 487 223 11399 104 169 5485 1301 699 11295 1665 370 749 211 158 637 4184 9630 264 545
is_linear=0
shrinkage=0.05


Tree=23
num_leaves=31
num_cat=0
split_feature=126 13 133 105 33 1 126 74 73 103 91 137 42 76 67 141 54 133 50 93 137 80 55 123 28 6 126 61 65 50
split_gain=0.00129542 0.00183288 0.00256201 0.00220589 0.00450688 0.000679287 0.00149001 0.000888548 0.000573996 0.00481609 0.000529636 0.00137482 0.000457108 0.00035983 0.000377867 0.000313945 0.000392744 0.000426312 0.000294215 0.000197455 0.00063708 0.000196021 0.000143025 0.000201974 0.000180612 0.00014145 0.000171628 0.000141941 0.000138278 0.000104783
threshold=83.500000000000014 0.0040352463333333342 20.835000000000004 25.500000000000004 -0.049934176317569079 0.099690291500000014 16.500000000000004 23.221428571428579 38.050000000000004 759.15000000000009 11.450000000000001 0.015000000000000001 0.25500000000000006 6.3500000000000023 16.850000000000005 34.320000000000007 0.10500000000000002 56.385000000000012 1024.7500000000002 263.19536835000008 0.045000000000000005 34.437500000000007 7.5522735000000134 -0.70710678118654735 31.200000000000006 0.0059791666666666665 11.500000000000002 69.40000000000002 18.850000000000005 1027.9500000000003
decision_type=2 2 2 2 2 2 2 2 2 2 2 2 2 2 2 2 2 2 2 2 2 2 2 2 2 2 2 2 2 2
left_child=1 5 -3 4 -4 8 7 12 10 -10 11 -1 -7 19 -15 -11 -17 -18 -14 20 -12 -8 -23 -24 -25 -21 27 -27 -29 -2
right_child=29 2 3 -5 -6 6 21 -9 9 15 13 -13 18 14 -16 16 17 -19 -20 25 -22 22 23 24 -26 26 -28 28 -30 -31
leaf_value=0.00024668965140299407 -1.5133419000335169e-05 0 0.00054905756197664831 0 8.659620490483702e-06 0 0 0 0.00047836844872077127 0 0.00017541453196639036 0 0.00025567106475362717 3.9939954707148137e-06 0.00012967155088073584 0 0.00015600722844911669 0 0 -1.4625032081769385e-05 0 0 0 0 0.00012751883681141578 0 -3.8418788222842906e-06 0 0.00010957998236805114 0
leaf_weight=74 7593 339 95 69 98 85 1051 66 57 1370 57 185 152 583 85 129 122 58 50 6151 264 143 68 68 118 66 937 65 92 788
leaf_count=74 7593 339 95 69 98 85 1051 66 57 1370 57 185 152 583 85 129 122 58 50 6151 264 143 68 68 118 66 937 65 92 788
internal_value=1.7003e-06 1.19795e-05 9.78254e-05 0.000215079 0.000301891 7.29309e-06 3.57847e-05 0.000129117 1.82018e-06 2.83229e-05 -2.97386e-06 6.58416e-05 0.000167943 -5.73125e-06 2.76297e-05 9.79254e-06 5.52404e-05 0.000103204 0.000213644 -9.30949e-06 2.44171e-05 9.50769e-06 3.95018e-05 6.19488e-05 8.90693e-05 -1.14772e-05 9.05734e-07 4.31037e-05 6.98565e-05 -1.32754e-05
internal_weight=21078 12697 601 262 193 12096 1801 353 10295 1736 8559 259 287 8300 668 1679 309 180 202 7632 321 1448 397 254 186 7311 1160 223 157 8381
internal_count=21078 12697 601 262 193 12096 1801 353 10295 1736 8559 259 287 8300 668 1679 309 180 202 7632 321 1448 397 254 186 7311 1160 223 157 8381
is_linear=0
shrinkage=0.05


Tree=24
num_leaves=31
num_cat=0
split_feature=161 120 104 1 51 133 76 88 120 112 115 44 83 82 99 43 49 106 49 105 138 49 92 17 74 112 67 131 111 32
split_gain=0.00119022 0.00244841 0.0037057 0.00100612 0.00124176 0.000681388 0.00188497 0.000614463 0.00056692 0.00180911 0.0005578 0.000366436 0.000211206 0.000417691 0.00033026 0.000478778 0.000884905 0.000212117 0.000195495 0.000243612 0.000449416 0.000255273 0.000193168 0.000161175 0.000242459 0.000240289 0.000640763 0.000153611 0.000640416 0.00100825
threshold=0.27551020408163268 282.45143570000005 4.1500000000000012 0.22401337150000003 472.50000000000006 88.200000000000003 0.25000000000000006 24.762500000000006 267.08633320000007 293.94823230000003 7.6500000000000012 552.50000000000011 27.750000000000004 29.826000000000004 -0.59999999999996578 0.33950000000000008 970.35000000000002 33.150000000000013 980.85000000000002 26.500000000000004 3.2400000000000007 972.1500000000002 17.450000000000006 0.039000000000000007 24.907142857142862 273.83770430000004 9.9500000000000011 33.215842738206554 8.9500000000000011 9.5500000000000025
decision_type=2 10 2 2 2 2 2 2 8 2 10 2 2 2 2 2 2 2 2 2 2 2 2 2 2 2 2 2 2 2
left_child=5 3 7 11 -5 8 -7 -3 9 10 -1 -2 13 -13 15 -15 17 -17 19 20 21 -10 -19 -22 25 -25 -27 28 -20 -30
right_child=1 2 -4 4 -6 6 -8 -9 18 -11 -12 12 -14 14 -16 16 -18 22 27 -21 23 -23 -24 24 -26 26 -28 -29 29 -31
leaf_value=0.00012956084350535516 -1.2386773139327017e-05 0.00016163070369451087 0.00051112137111698449 2.3580231360728459e-05 0.0003382288777864679 0 0.00034914351978930464 0 0 0.0003223588744507512 0 0 0 1.036800365834575e-05 0 0 0.00028484829798091797 0.0001346250058478817 -7.6930814507534251e-06 -1.1135089027062113e-05 -6.5943591600444781e-07 0.00019562209504097244 0 0 0 0 0.00018882591722863405 -1.4685416909614205e-05 0.00028426559567200387 0
leaf_weight=85 1527 96 62 194 52 92 50 204 51 51 706 751 800 387 198 135 71 94 479 3115 2468 50 69 142 332 93 90 8534 50 50
leaf_count=85 1527 96 62 194 52 92 50 204 51 51 706 751 800 387 198 135 71 94 479 3115 2468 50 69 142 332 93 90 8534 50 50
internal_value=1.70875e-06 2.42375e-05 0.000150226 1.23754e-05 0.000111434 -4.34745e-06 0.000102573 5.7579e-05 -5.59217e-06 3.32128e-05 7.87343e-06 5.06576e-06 1.77004e-05 2.7744e-05 4.96836e-05 6.48444e-05 0.000108282 4.86802e-05 -8.03196e-06 -4.43947e-07 8.33016e-06 0.000113478 8.69136e-05 3.29707e-06 2.57368e-05 5.65359e-05 9.44871e-05 -1.27626e-05 6.93374e-06 0.000125884
internal_weight=21078 4640 362 4278 246 16438 142 300 16296 842 791 4032 2505 1705 954 756 369 298 15454 6341 3226 101 163 3125 657 325 183 9113 579 100
internal_count=21078 4640 362 4278 246 16438 142 300 16296 842 791 4032 2505 1705 954 756 369 298 15454 6341 3226 101 163 3125 657 325 183 9113 579 100
is_linear=0
shrinkage=0.05


Tree=25
num_leaves=31
num_cat=0
split_feature=11 126 49 0 68 141 75 134 103 36 98 114 123 2 55 112 100 11 18 35 141 84 15 34 13 84 11 30 150 104
split_gain=0.00133923 0.00515679 0.00420627 0.000730722 0.000575968 0.00101703 0.000544772 0.00116328 0.00192947 0.00107208 0.00119997 0.000405753 0.000320775 0.00121074 0.001868 0.000290452 0.00020114 0.000208772 0.000162011 0.000159145 0.00027171 0.000341465 0.000265867 0.000144581 0.000142744 0.000133584 0.000121435 0.000135277 0.000114354 0.00011562
threshold=0.0037234360069444443 16.500000000000004 973.95000000000016 0.1072 0.15000000000000005 21.910000000000004 16.350000000000005 7.5650000000000004 759.15000000000009 283.08144275000006 -5.2999999999999972 21.150000000000002 0.78656609248549325 0.0059917800000000012 -1.0222108499999647 292.75051650000006 3.9500000000000459 0.00062295414583333336 0.00019791666666666669 283.67573435000003 33.255000000000003 11.950000000000005 0.00088437500000000007 -0.98792186433031726 0.00061467323611111128 8.1500000000000039 0.0030176637500000008 -0.78857142857142926 0.05000000000000001 14.950000000000005
decision_type=2 2 2 2 2 2 2 2 2 2 2 10 2 2 2 2 2 2 2 2 2 2 2 2 2 2 2 2 2 2
left_child=6 2 -2 -4 15 -6 12 8 -8 18 -11 -5 28 16 -15 -3 -14 -18 -10 26 -21 22 23 -22 -12 -17 -9 -28 -1 -30
right_child=1 4 3 11 5 -7 7 19 9 10 24 -13 13 14 -16 25 17 -19 -20 20 21 -23 -24 -25 -26 -27 27 -29 29 -31
leaf_value=-1.3346933916482781e-05 0.00066315351251758782 -9.4437919168538118e-06 0 0 0.00024379369323614285 8.8151022034185877e-06 0.00029872170070941541 -1.4100833323165484e-05 6.7283905966582502e-05 0.00033825368251477896 0 0.00026178917100149016 -7.4506620240552401e-06 0.00037050922450904632 0 0 0 5.0377419108239279e-05 0 0 0 0 0 0.00015082928413814119 6.5988769954128658e-05 0.00013281024291035676 0 8.1217164123396899e-05 -8.8761630841476194e-06 1.8873174796631935e-05
leaf_weight=9186 52 1627 94 54 68 313 81 2149 89 58 53 90 2184 56 73 68 266 355 755 818 66 289 64 121 99 51 247 59 1032 582
leaf_count=9186 52 1627 94 54 68 313 81 2149 89 58 53 90 2184 56 73 68 266 355 755 818 66 289 64 121 99 51 247 59 1032 582
internal_value=2.61572e-06 3.77233e-05 0.000235855 0.000119191 8.26183e-06 6.4371e-05 -1.66051e-06 1.22012e-05 5.66444e-05 3.30358e-05 0.000134714 0.000189776 -7.01908e-06 6.60213e-06 0.000155781 -1.1497e-06 0 2.47676e-05 1.6902e-06 0 1.26182e-05 4.06885e-05 8.3317e-05 0.000113315 2.26642e-05 6.97164e-05 -8.59622e-06 1.36954e-05 -1.11827e-05 0
internal_weight=21099 2417 290 238 2127 381 18682 4948 1135 1054 210 144 13734 2934 129 1746 2805 621 844 3813 1358 540 251 187 152 119 2455 306 10800 1614
internal_count=21099 2417 290 238 2127 381 18682 4948 1135 1054 210 144 13734 2934 129 1746 2805 621 844 3813 1358 540 251 187 152 119 2455 306 10800 1614
is_linear=0
shrinkage=0.05


Tree=26
num_leaves=31
num_cat=0
split_feature=11 126 30 1 44 73 105 133 68 19 36 75 78 1 50 126 112 85 82 93 132 120 112 123 118 50 155 105 116 73
split_gain=0.00123626 0.0047191 0.00400704 0.00111574 0.000928557 0.000617628 0.0021947 0.00222104 0.000541479 0.000881021 0.000375483 0.00139142 0.0026733 0.000299258 0.000709399 0.000535945 0.00023675 0.000212278 0.000374237 0.000152776 0.000222496 0.000453701 0.000695989 0.000136637 0.000280009 0.000710942 9.94239e-05 9.19638e-05 0.000130219 8.77648e-05
threshold=0.0037234360069444443 16.500000000000004 -1.4871428571428555 0.18829585800000004 842.50000000000011 38.050000000000004 5.5000000000000009 45.00500000000001 1.1500000000000004 -0.00087142857142856716 284.56541140000007 19.350000000000005 2.5000000000000004 0.056562766000000007 1028.0500000000002 15.500000000000002 292.75051650000006 277.80697100000003 33.38600000000001 264.41854675000008 1.5000000000000002 275.56405630000006 266.79696690000009 0.60355339059327384 8.4500000000000011 1017.2500000000001 0.32450000000000007 19.500000000000004 279.06791590000006 12.350000000000003
decision_type=2 2 2 2 2 2 2 2 2 2 2 2 2 2 2 2 2 2 2 2 2 10 2 2 10 2 2 2 8 2
left_child=5 2 3 -2 -5 10 7 -7 16 -10 13 -12 -13 19 15 29 23 -8 -19 20 21 -1 -23 -3 -25 -26 -18 28 -17 -15
right_child=1 8 -4 4 -6 6 17 -9 9 -11 11 12 -14 14 -16 27 26 18 -20 -21 -22 22 -24 24 25 -27 -28 -29 -30 -31
leaf_value=0 0 -1.250727569036557e-05 0.00060222382551376459 0 0.00032480038686321999 0 2.1401913797296037e-06 0.00048168646461887814 0.00026395970042838876 0 0 0.00045148982074746496 0 0 0.00014738220128007623 6.4233894186511219e-05 0 0.00017307545520789402 0 -1.1768499344218342e-05 -4.9781629105143671e-06 0 0.00018071733686016303 -1.1618737298604264e-06 0 0.00022402088658754319 0.00012629743523435676 -1.2982280463166692e-05 0 8.1781735828079574e-05
leaf_weight=228 109 1405 61 50 70 53 1770 51 52 63 451 52 71 51 89 86 71 53 52 11854 1503 100 103 272 162 51 51 1544 348 223
leaf_count=228 109 1405 61 50 70 53 1770 51 52 63 451 52 71 51 89 86 71 53 52 11854 1503 100 103 272 162 51 51 1544 348 223
internal_value=2.56964e-06 3.63009e-05 0.000225882 0.000101712 0.000206681 -1.52845e-06 2.44659e-05 0.000249047 8.00936e-06 0.000113343 -4.90892e-06 3.34112e-05 0.000182289 -6.58463e-06 8.86925e-06 1.11291e-06 0 9.21783e-06 8.0211e-05 -9.57153e-06 1.30943e-06 3.47706e-05 9.01126e-05 -2.40967e-06 1.65196e-05 6.23633e-05 6.8722e-05 -5.68224e-06 8.76428e-06 6.81911e-05
internal_weight=21099 2417 290 229 120 18682 1979 104 2127 115 16703 574 123 16129 2341 2252 2012 1875 105 13788 1934 431 203 1890 485 213 122 1978 434 274
internal_count=21099 2417 290 229 120 18682 1979 104 2127 115 16703 574 123 16129 2341 2252 2012 1875 105 13788 1934 431 203 1890 485 213 122 1978 434 274
is_linear=0
shrinkage=0.05


Tree=27
num_leaves=31
num_cat=0
split_feature=94 120 15 138 1 122 55 123 42 137 138 75 110 126 133 86 99 23 128 110 68 128 43 11 115 30 112 135 29 36
split_gain=0.00114272 0.00373961 0.00835274 0.00161922 0.000825201 0.000669113 0.000571852 0.000478125 0.00128389 0.000846201 0.00171626 0.00248515 0.00194773 0.000352473 0.000450399 0.000450624 0.000406534 0.000625163 0.000881723 0.000975548 0.000303643 0.0014506 0.000229683 0.000191246 0.0003991 0.000598884 0.00016226 0.000365745 0.000149957 0.000143465
threshold=13.500000000000002 282.74593505000007 0.0037166666666666672 4.3850000000000007 0.22401337150000003 15.500000000000002 4.787507000000006 0.60355339059327384 0.72500000000000009 0.055000000000000007 4.4450000000000012 8.7500000000000018 22.850000000000005 31.500000000000004 21.260000000000002 12.500000000000002 -0.45000000000004542 22.661111111111115 10.015051282128496 36.95000000000001 0.35000000000000009 8.3844366951598737 0.26950000000000007 0.002701735930555556 10.050000000000002 -1.3700000000000008 271.57515055000005 2.5400000000000005 43.250000000000007 284.69280075000006
decision_type=2 10 2 2 2 2 2 2 2 2 2 2 2 2 2 2 2 2 2 2 2 2 2 2 10 2 2 2 2 2
left_child=7 4 3 -3 13 6 -6 20 9 10 11 -9 -13 28 -15 -16 17 18 19 -17 29 -22 -8 -11 -25 -26 27 -12 -2 -1
right_child=1 2 -4 -5 5 -7 22 8 -10 23 26 12 -14 14 15 16 -18 -19 -20 -21 21 -23 -24 24 25 -27 -28 -29 -30 -31
leaf_value=-1.3561046500860951e-05 -1.9048945256384957e-05 0.00026341479219863689 0.00075594902428036386 0 0 0 2.7439901095931412e-05 0 0.00021067832111505518 -1.0587728128537446e-05 0.00015427405621548217 0.0005827817107581046 5.6288079272099593e-05 0 0 0.00043461620201409428 0 2.6494025877726544e-05 0 7.9386649092405298e-06 0.000255686466076315 0 0.00033906305120658462 0 0 0.00019870249240016969 -4.6217265271839996e-06 0 5.190998911823947e-06 2.5275727719137928e-05
leaf_weight=9962 1455 74 54 239 60 82 55 119 78 3157 54 50 66 1051 261 52 110 308 74 54 57 1317 52 607 123 67 523 99 684 155
leaf_count=9962 1455 74 54 239 60 82 55 119 78 3157 54 50 66 1051 261 52 110 308 74 54 57 1317 52 607 123 67 523 99 684 155
internal_value=2.51599e-06 2.44893e-05 0.000178341 6.06757e-05 1.01507e-05 9.9169e-05 0.000156817 -3.41831e-06 9.08384e-06 4.78153e-06 4.86776e-05 0.000165338 0.000329001 3.41868e-06 1.9898e-05 4.67878e-05 7.08779e-05 9.07311e-05 0.00017227 0.000266087 -9.23167e-06 1.09639e-05 0.000226916 -4.07764e-06 1.54248e-05 7.88535e-05 5.52812e-07 5.06236e-05 -8.96235e-06 -1.24694e-05
internal_weight=21099 4665 367 313 4298 249 167 16434 4943 4865 911 235 116 4049 1910 859 598 488 180 106 11491 1374 107 3954 797 190 676 153 2139 10117
internal_count=21099 4665 367 313 4298 249 167 16434 4943 4865 911 235 116 4049 1910 859 598 488 180 106 11491 1374 107 3954 797 190 676 153 2139 10117
is_linear=0
shrinkage=0.05


end of trees

feature_importances:
hours_since_obs=30
last_osi=27
pct_forest=25
t2m_at_t48h=24
gust_max_next_6h=22
min_t2m_next_48h=22
cumul_gust_since_onset=22
last_P_t=20
N_t_mean_72h=20
gust_gt30_since_onset=20
blh_t=19
t2m_at_t6h=18
sp_t=17
pct_wetland=17
last_N_t=15
wind_speed_max_next_6h=15
hour_sin=15
pct_unmapped=15
total_tp_next_48h=13
hour_of_day=12
mslma_t=11
cumul_tp_since_onset=11
pct_developed=11
tree_canopy_std=11
last_D_t=10
last_outage_pct=10
wind_sin_t=10
gust_mean_next_24h=10
temp_change_6h=10
gust_max_last6h_obs=9
soil_moist_t=9
gust_mean_next_48h=9
wind_cos_t=8
t2m_t=8
total_tp_next_6h=8
log_customers=8
d2m_t=7
min_t2m_next_6h=7
gust_peak4h_mean_next_6h=7
gust_gt30_next_48h=7
wind_speed_at_t24h=7
tp_rate_next_24h=7
osi_mean_72h=6
osi_trend_last6h=6
hours_since_peak=6
gust_x_hso=6
gust_max_next_24h=6
total_tp_next_24h=6
gust_peak4h_mean_next_24h=6
t2m_at_t1h=6
pop_density=6
tree_canopy_pct=6
pre_event_mean_osi=5
storm_onset_mean_osi=5
gust_last_obs=5
gust_trend_last6h_obs=5
vpd_t=5
min_t2m_next_1h=5
min_t2m_next_24h=5
gust_max_next_48h=5
wind_speed_max_next_48h=5
t2m_at_t24h=5
gust_at_t48h=5
wind_speed_at_t48h=5
hour_cos=5
n_utilities=5
pct_water=5
R_t_mean_72h=4
frac_zero_72h=4
gust_mean_obs=4
r2_t=4
soil_gust_x_phase=4
gust_max_next_1h=4
gust_mean_next_6h=4
gust_gt30_next_24h=4
pressure_change_3h=4
pressure_change_6h=4
pct_forest_classified=4
R_t_max_72h=3
gust_gt30_obs=3
gust_gt40_obs=3
et0_t=3
temp_c_t=3
total_tp_next_1h=3
gust_peak4h_mean_next_48h=3
gust_at_t6h=3
wind_speed_at_t6h=3
gust_gt30_frac_next_48h=3
osi_std_72h=2
outage_pct_mean_72h=2
pre_event_max_outage_pct=2
gust_max_obs=2
wind_speed_t=2
lcc_t=2
soil_moist_x_gust=2
gust_mean_next_1h=2
wind_speed_max_next_1h=2
wind_speed_max_next_24h=2
gust_at_t1h=2
gust_at_t24h=2
pct_agriculture=2
forest_x_customers=2
tp_rate_next_6h=2
gust_gt30_frac_next_24h=2
tp_rate_next_48h=2
last_R_t=1
outage_pct_max_72h=1
N_t_max_72h=1
storm_onset_max_osi=1
gust_t=1
rain_t=1
tcc_t=1
sdswrf_t=1
direct_rad_t=1
gust_x_phase=1
gust_peak4h_mean_next_1h=1
gust_gt30_next_6h=1
gust_change_3h=1
tp_at_t1h=1

parameters:
[boosting: gbdt]
[objective: huber]
[metric: rmse]
[tree_learner: serial]
[device_type: cpu]
[data_sample_strategy: bagging]
[data: ]
[valid: ]
[num_iterations: 2000]
[learning_rate: 0.05]
[num_leaves: 31]
[num_threads: -1]
[seed: 42]
[deterministic: 0]
[force_col_wise: 0]
[force_row_wise: 0]
[histogram_pool_size: -1]
[max_depth: -1]
[min_data_in_leaf: 50]
[min_sum_hessian_in_leaf: 0.001]
[bagging_fraction: 0.8]
[pos_bagging_fraction: 1]
[neg_bagging_fraction: 1]
[bagging_freq: 5]
[bagging_seed: 42]
[bagging_by_query: 0]
[feature_fraction: 0.8]
[feature_fraction_bynode: 1]
[feature_fraction_seed: 42]
[extra_trees: 0]
[extra_seed: 12879]
[early_stopping_round: 0]
[early_stopping_min_delta: 0]
[first_metric_only: 0]
[max_delta_step: 0]
[lambda_l1: 0.1]
[lambda_l2: 1]
[linear_lambda: 0]
[min_gain_to_split: 0]
[drop_rate: 0.1]
[max_drop: 50]
[skip_drop: 0.5]
[xgboost_dart_mode: 0]
[uniform_drop: 0]
[drop_seed: 42]
[top_rate: 0.2]
[other_rate: 0.1]
[min_data_per_group: 100]
[max_cat_threshold: 32]
[cat_l2: 10]
[cat_smooth: 10]
[max_cat_to_onehot: 4]
[top_k: 20]
[monotone_constraints: ]
[monotone_constraints_method: basic]
[monotone_penalty: 0]
[feature_contri: ]
[forcedsplits_filename: ]
[refit_decay_rate: 0.9]
[cegb_tradeoff: 1]
[cegb_penalty_split: 0]
[cegb_penalty_feature_lazy: ]
[cegb_penalty_feature_coupled: ]
[path_smooth: 0]
[interaction_constraints: ]
[verbosity: -1]
[saved_feature_importance_type: 0]
[use_quantized_grad: 0]
[num_grad_quant_bins: 4]
[quant_train_renew_leaf: 0]
[stochastic_rounding: 1]
[linear_tree: 0]
[max_bin: 255]
[max_bin_by_feature: ]
[min_data_in_bin: 3]
[bin_construct_sample_cnt: 200000]
[data_random_seed: 42]
[is_enable_sparse: 1]
[enable_bundle: 1]
[use_missing: 1]
[zero_as_missing: 0]
[feature_pre_filter: 1]
[pre_partition: 0]
[two_round: 0]
[header: 0]
[label_column: ]
[weight_column: ]
[group_column: ]
[ignore_column: ]
[categorical_feature: ]
[forcedbins_filename: ]
[precise_float_parser: 0]
[parser_config_file: ]
[objective_seed: 16083]
[num_class: 1]
[is_unbalance: 0]
[scale_pos_weight: 1]
[sigmoid: 1]
[boost_from_average: 1]
[reg_sqrt: 0]
[alpha: 0.9]
[fair_c: 1]
[poisson_max_delta_step: 0.7]
[tweedie_variance_power: 1.5]
[lambdarank_truncation_level: 30]
[lambdarank_norm: 1]
[label_gain: ]
[lambdarank_position_bias_regularization: 0]
[eval_at: ]
[multi_error_top_k: 1]
[auc_mu_weights: ]
[num_machines: 1]
[local_listen_port: 12400]
[time_out: 120]
[machine_list_filename: ]
[machines: ]
[gpu_platform_id: -1]
[gpu_device_id: -1]
[gpu_device_id_list: ]
[gpu_use_dp: 0]
[num_gpu: 1]

end of parameters

pandas_categorical:[]
