tree
version=v4
num_class=1
num_tree_per_iteration=1
label_index=0
max_feature_idx=162
objective=huber
feature_names=last_osi last_P_t last_N_t last_D_t last_R_t last_outage_pct osi_mean_72h osi_max_72h osi_std_72h outage_pct_mean_72h outage_pct_max_72h N_t_mean_72h N_t_max_72h R_t_mean_72h R_t_max_72h pre_event_mean_osi pre_event_max_outage_pct storm_onset_max_osi storm_onset_mean_osi osi_trend_last6h is_worsening frac_zero_72h hours_since_peak gust_mean_obs gust_max_obs gust_gt30_obs gust_gt40_obs cumul_gust_obs gust_last_obs gust_max_last6h_obs gust_trend_last6h_obs gust_t wind_speed_t wind_sin_t wind_cos_t t2m_t d2m_t tp_t rain_t csnow_t sdwe_t r2_t vpd_t soil_moist_t blh_t tcc_t lcc_t mcc_t hcc_t sp_t mslma_t sdswrf_t direct_rad_t diffuse_rad_t et0_t temp_c_t dewpoint_c_t icing_risk_t gust_exceed_30 soil_moist_x_gust is_snowing gust_x_hso gust_x_phase soil_gust_x_phase gust_exceed30_x_hso gust_max_next_1h gust_mean_next_1h wind_speed_max_next_1h total_tp_next_1h min_t2m_next_1h gust_gt30_next_1h gust_gt40_next_1h gust_peak4h_mean_next_1h gust_max_next_6h gust_mean_next_6h wind_speed_max_next_6h total_tp_next_6h min_t2m_next_6h gust_gt30_next_6h gust_gt40_next_6h gust_peak4h_mean_next_6h gust_max_next_24h gust_mean_next_24h wind_speed_max_next_24h total_tp_next_24h min_t2m_next_24h gust_gt30_next_24h gust_gt40_next_24h gust_peak4h_mean_next_24h gust_max_next_48h gust_mean_next_48h wind_speed_max_next_48h total_tp_next_48h min_t2m_next_48h gust_gt30_next_48h gust_gt40_next_48h gust_peak4h_mean_next_48h gust_change_1h gust_change_3h pressure_change_3h pressure_change_6h temp_change_6h wind_change_1h cumul_gust_since_onset cumul_tp_since_onset gust_gt30_since_onset gust_at_t1h wind_speed_at_t1h t2m_at_t1h tp_at_t1h gust_at_t6h wind_speed_at_t6h t2m_at_t6h tp_at_t6h gust_at_t24h wind_speed_at_t24h t2m_at_t24h tp_at_t24h gust_at_t48h wind_speed_at_t48h t2m_at_t48h tp_at_t48h hour_of_day hour_sin hour_cos days_since_onset hours_since_obs storm_phase log_customers rural_urban_code is_metro pop_density n_utilities pct_forest pct_developed pct_agriculture pct_water pct_wetland pct_unmapped pct_forest_classified tree_canopy_pct tree_canopy_std forest_x_customers window_len_next_1h is_full_next_1h tp_rate_next_1h gust_gt30_frac_next_1h has_weather_at_t1h window_len_next_6h is_full_next_6h tp_rate_next_6h gust_gt30_frac_next_6h has_weather_at_t6h window_len_next_24h is_full_next_24h tp_rate_next_24h gust_gt30_frac_next_24h has_weather_at_t24h window_len_next_48h is_full_next_48h tp_rate_next_48h gust_gt30_frac_next_48h has_weather_at_t48h
feature_infos=[0:0.55230000000000001] [0:0.82424180700000005] [0:0.021710291] [0:0.90465771100000003] [0:0.039181763000000001] [0:82.420000000000002] [4.1666666666666669e-06:0.26529999999999998] [0.0001:0.65049999999999997] [1.9982631347136334e-05:0.22470370552747407] [0.00083333333333333328:39.644861111111112] [0.02:100] [3.1208333333333337e-06:0.018623942125000001] [7.4900000000000005e-05:0.37916412199999999] [3.1208333333333337e-06:0.017093115180555556] [7.4900000000000005e-05:0.119716399] [0:0.38653749999999998] [0:100] [0:0.59799999999999998] [0:0.20940416666666664] [-0.022628571428571428:0.017611428571428573] [0:1] [0:0.95833333333333337] [0:71] [13.03611111111111:31.258333333333326] [29.300000000000001:70] [0:35] [0:18] [938.59999999999991:2250.5999999999995] [3.5:47.5] [15.4:64.5] [-6.477142857142856:3.3114285714285714] [0.59999999999999998:57.799999999999997] [0:38] [-0.99999999953664132:0.99999999913657367] [-0.99999999329043221:1] [259.42265909999998:298.3466019] [257.33913039999999:289.8677619] [0:11.300000000000001] [0:11.300000000000001] [0:2.6600000000000001] [0:0.089999999999999997] [15:100] [0:2.5] [0.16700000000000001:0.52000000000000002] [10:3090] [0:100] [0:100] [0:100] [0:100] [884.60000000000002:1027.2] [986.70000000000005:1031.8] [0:863] [0:737] [0:463] [0:0.60999999999999999] [-13.727340900000002:25.196601900000019] [-15.81086959999999:16.717761900000028] [0:1] [0:27.799999999999997] [0.19259999999999999:23.550000000000001] [0:1] [0.80000000000000004:3819.7999999999997] [0:107.59999999999999] [0:47.100000000000001] [0:1689.7999999999997] [1.2:57.799999999999997] [0.89999999999999991:54.5] [0:38] [0:14.699999999999999] [259.42265909999998:298.21776599999998] [0:2] [0:2] [0.89999999999999991:54.5] [2.7999999999999998:57.799999999999997] [2.0571428571428569:49.328571428571429] [0.40000000000000002:38] [0:26.699999999999999] [259.42265909999998:296.22558249999997] [0:7] [0:7] [2.5999999999999996:52.550000000000004] [8.3000000000000007:57.799999999999997] [4.5520000000000005:43.052] [5.0999999999999996:38] [0:51.199999999999996] [259.42265909999998:286.57337899999999] [0:25] [0:19] [7.5:52.550000000000004] [10.1:57.799999999999997] [5.3392857142857135:37.897959183673471] [5.0999999999999996:38] [0:52.900000000000006] [259.42265909999998:281.94003939999999] [0:40] [0:22] [9.375:52.550000000000004] [-24.299999999999997:28.199999999999999] [-32:35.700000000000003] [-6.1999999999999318:10.599999999999909] [-10.899999999999977:14.599999999999909] [-20.027499999999975:21.845291299999985] [-15.300000000000001:28.000000000000004] [347.09999999999997:4155.3000000000002] [0:53.200000000000003] [0:61] [0.59999999999999998:57.799999999999997] [0:38] [259.42265909999998:298.3466019] [0:11.300000000000001] [0.90000000000000002:57.799999999999997] [0:38] [259.42265909999998:298.3466019] [0:11.300000000000001] [0.90000000000000002:57.799999999999997] [0:38] [259.42265909999998:298.3466019] [0:11.300000000000001] [0.90000000000000002:53.799999999999997] [0:34.299999999999997] [259.42265909999998:296.58327589999999] [0:11.300000000000001] [0:23] [-1:1] [-1:1] [1:5] [1:120] [0:3] [7.1180162044653335:13.453719692845613] [1:9] [0:1] [8.3691524328166658:11939.655837338518] [1:14] [0.96999999999999997:88.719999999999999] [2.21:86.629999999999995] [0.040000000000000001:87.469999999999999] [0.01:5.5099999999999998] [0:19.780000000000001] [1.8899999999999999:18.32] [0.98868616858628067:95.815074496056084] [2.2000000000000002:80.340000000000003] [12.65:40.140000000000001] [8.0679963363985543:851.59337963521523] none none [0:7.3499999999999996] [0:1] none none none [0:3.8142857142857141] [0:1] none none none [0:2.048] [0:1] none [25:49] [0:1] [0:1.0795918367346939] [0:0.81632653061224492] [0:1]
tree_sizes=3034 2760 2766 2773 2763 2769 2775 2753 2787 2775 2748 2723 2697 2696 2732 2722 2701 2695 2718 2667 2719 2694 2775 2749 2712 2696

Tree=0
num_leaves=31
num_cat=0
split_feature=92 13 43 138 85 115 117 82 93 81 43 138 114 104 140 93 138 77 156 155 35 2 2 33 114 23 82 80 43 43
split_gain=0.00464016 0.00280933 0.0030332 0.0020268 0.00246588 0.00491806 0.00152984 0.00179278 0.000853805 0.000984519 0.000975126 0.000975322 0.000692563 0.000963255 0.000662653 0.000496287 0.000456219 0.000390349 0.000360654 0.000350407 0.000317591 0.000300818 0.0015553 0.000117787 0.000109575 6.25793e-05 5.42208e-05 6.23294e-05 5.3582e-05 4.84067e-05
threshold=6.8500000000000023 0.0039296913055555565 0.33650000000000008 3.7550000000000003 279.09014655000004 12.65 0.25000000000000006 29.692000000000004 265.98484370000006 38.95000000000001 0.35550000000000004 4.6950000000000012 30.850000000000005 4.7500000000000009 76.750000000000014 267.29493785000005 2.6750000000000003 278.4019785000001 0.26000000000000006 0.67400000000000015 281.38028880000007 0.0059917800000000012 0.0060912370000000002 0.38594825911900665 29.550000000000004 22.261805555555558 26.286000000000005 45.125 0.26050000000000006 0.35150000000000003
decision_type=2 2 2 2 2 2 2 2 2 2 2 2 2 2 2 2 2 2 2 2 2 2 2 2 2 2 2 2 2 2
left_child=12 3 -3 4 6 -6 16 -8 26 14 23 -12 21 -14 19 -16 17 -2 -13 24 -21 -1 -23 -11 -10 -20 -5 -28 -25 -30
right_child=1 2 -4 8 5 -7 7 -9 9 10 11 18 13 -15 15 -17 -18 -19 25 20 -22 22 -24 28 -26 -27 27 -29 29 -31
leaf_value=0.00056580595027344235 0.00075296921461151729 0.00059083302134414165 0.0010194000333287375 0.00059083302134414165 0.00059872135133537104 0.0012838385052874807 0.0010445679856213991 0.00059083302134414165 0.00057468610304675313 0.00059083302134414165 0.00085550463460146132 0.00076612534283929329 0.00059083302134414165 0.00079964916599343551 0.00081930388881117284 0.00059083302134414165 0.00059083302134414165 0.00059083302134414165 0.00059083302134414165 0.00073980694823218664 0.00059083302134414165 0.00086597076577836518 0.00057981338527867776 0.00059083302134414165 0.00059671778963261307 0.00062781094692555535 0.00057387478046257959 0.00059083302134414165 0.00063689028724091376 0.00059083302134414165
leaf_weight=10012 97 77 92 470 87 50 50 50 1428 291 118 68 518 66 56 65 634 66 121 69 186 50 466 56 514 149 1657 66 624 62
leaf_count=10012 97 77 92 470 87 50 50 50 1428 291 118 68 518 66 56 65 634 66 121 69 186 50 466 56 514 149 1657 66 624 62
internal_value=0.000591078 0.000622602 0.000827206 0.000616942 0.000682472 0.000888206 0.000645186 0.000834925 0.000604803 0.000619458 0.000651608 0.000716046 0.000571092 0.000620456 0.000596632 0.000710073 0.000614837 0.000689617 0.000651973 0.000590833 0.000645303 0.000567876 0.000598349 0.000618234 0.000583091 0.000604232 0.00058164 0.000577188 0.000628796 0.00063271
internal_weight=18315 7203 169 7034 1034 137 897 100 6000 3807 1489 456 11112 584 2318 121 797 163 338 2197 255 10528 516 1033 1942 270 2193 1723 742 686
internal_count=18315 7203 169 7034 1034 137 897 100 6000 3807 1489 456 11112 584 2318 121 797 163 338 2197 255 10528 516 1033 1942 270 2193 1723 742 686
is_linear=0
shrinkage=1


Tree=1
num_leaves=31
num_cat=0
split_feature=92 133 116 43 133 55 100 52 81 55 137 81 43 142 94 91 2 2 33 123 23 50 66 15 50 128 111 115 83 138
split_gain=0.00425731 0.0035606 0.00241516 0.00559282 0.00122038 0.00130454 0.00157338 0.00248751 0.00101909 0.00196297 0.00305899 0.000791606 0.000593969 0.000890732 0.000402647 0.000872621 0.000277411 0.00140086 0.00023767 0.000360046 0.000772441 0.00157818 7.27851e-05 7.01908e-05 4.7747e-05 4.5769e-05 4.31117e-05 3.96721e-05 3.50744e-05 3.48134e-05
threshold=6.8500000000000023 88.200000000000003 292.40618020000005 0.37450000000000006 80.210000000000022 11.362226400000027 -4.9999999999999423 55.500000000000007 47.95000000000001 6.6515662500000312 1.7550000000000001 41.95000000000001 0.34950000000000003 193.38585785282802 18.500000000000004 18.950000000000003 0.0059917800000000012 0.0060912370000000002 0.38594825911900665 1.0000000180025095e-35 18.550694444444449 1022.7500000000001 15.425000000000002 0.0014354166666666671 1022.7500000000001 8.3421844997515411 14.550000000000002 16.950000000000003 17.550000000000004 6.4350000000000014
decision_type=2 2 2 2 2 2 2 2 2 2 2 2 2 2 2 2 2 2 2 2 2 2 2 2 2 2 2 2 2 2
left_child=14 2 4 11 8 -6 -7 -8 18 10 -10 -4 22 -14 16 -16 27 -18 24 20 21 -20 -13 -22 25 -2 -21 -1 -26 -28
right_child=1 -3 3 -5 5 6 7 -9 9 -11 -12 12 13 -15 15 -17 17 -19 19 26 23 -23 -24 -25 28 -27 29 -29 -30 -31
leaf_value=-2.4008488526081365e-05 0 0.00033274748468093004 0 0.00053181661050640851 0 0 0.00049302374304551865 0 0 0 0.00041565748574377338 5.2099914870504099e-05 3.9468920024644009e-06 0.00036143479699113476 0.00020567950715269913 0 0.00026165060639637072 -9.6191888293698842e-06 0.00029157471794279854 -9.8134669160816523e-06 0 0 0 3.7792256885376564e-05 0 -1.4260425211595142e-05 0 0 3.4658033335489723e-05 2.1381024910780802e-05
leaf_weight=9640 106 98 389 73 270 109 71 69 121 362 88 138 69 60 53 768 50 453 82 967 637 101 68 148 156 2501 222 148 72 226
leaf_count=9640 106 98 389 73 270 109 71 69 121 362 88 138 69 60 53 768 50 453 82 967 637 101 68 148 156 2501 222 148 72 226
internal_value=4.15721e-07 3.06201e-05 2.57029e-05 0.000108658 1.44136e-05 8.86615e-05 0.000171453 0.000282873 6.87936e-06 7.02362e-05 0.000191848 5.84206e-05 0.000115127 0.000210183 -1.87143e-05 1.11866e-05 -2.15865e-05 7.89101e-06 0 1.15704e-05 3.54405e-05 0.000130026 3.07192e-05 6.89183e-06 -9.8475e-06 -1.22972e-05 -1.24147e-06 -2.36127e-05 0 6.10583e-06
internal_weight=18315 7203 7105 797 6308 519 249 140 5789 571 209 724 335 129 11112 821 10291 503 5218 2383 968 183 206 785 2835 2607 1415 9788 228 448
internal_count=18315 7203 7105 797 6308 519 249 140 5789 571 209 724 335 129 11112 821 10291 503 5218 2383 968 183 206 785 2835 2607 1415 9788 228 448
is_linear=0
shrinkage=0.05


Tree=2
num_leaves=31
num_cat=0
split_feature=114 28 138 117 128 36 92 140 9 36 43 140 132 124 22 119 28 116 43 2 33 88 128 21 51 100 93 61 83 124
split_gain=0.00405086 0.00414154 0.00376843 0.00272554 0.0036584 0.000840228 0.000712122 0.00133258 0.00126952 0.00153897 0.000690843 0.000628825 0.000904113 0.00101556 0.000620628 0.000478397 0.000970282 0.000396936 0.000567935 0.000251056 0.00111077 0.000219379 0.000213255 0.000408638 0.000140818 0.00012676 0.000101125 9.00943e-05 7.02198e-05 0.000103998
threshold=33.050000000000004 14.900000000000002 4.745000000000001 0.35000000000000003 8.3844366951598737 274.72143455000008 7.7500000000000018 75.820000000000007 0.22930555555555557 274.17154025000008 0.35050000000000003 17.375000000000004 1.5000000000000002 0.25881904510252057 3.5000000000000004 7.1500000000000012 27.100000000000005 292.18134435000007 0.35550000000000004 0.0059917800000000012 -0.99799484117595971 34.187500000000007 9.4017455261924869 0.57638888888888895 78.500000000000014 -2.5999999999999654 270.03839050000005 1099.9000000000003 28.350000000000005 0.78656609248549303
decision_type=2 2 2 2 2 2 2 2 2 2 2 2 2 2 2 8 2 2 2 2 2 2 2 2 2 2 2 2 2 2
left_child=3 2 -2 6 -5 10 19 17 -9 -10 22 -12 -13 14 -14 16 21 28 -19 -1 -21 -6 23 -3 25 27 -4 -17 -8 -30
right_child=1 5 26 4 15 -7 7 8 9 -11 11 12 13 -15 -16 24 -18 18 -20 20 -22 -23 -24 -25 -26 -27 -28 -29 29 -31
leaf_value=-2.2218867368905388e-05 0.00064240118751392097 0 0 0.00047310646976455413 1.5503156575670629e-05 0 -1.2304632392119786e-05 0 0 0.0003594428247043311 0 0 5.2843737509895367e-05 0 0.00038331155502381386 6.4518205369424708e-05 0 0 0.0001590244821004273 0.00019637133052833315 -1.1679194885287879e-05 0.00031289031824234499 4.5684551783740144e-06 0.0001591396105556945 0 0 0.00014419723779564403 0 0 6.9510307173583326e-05
leaf_weight=10304 59 131 64 54 54 604 3356 150 64 79 126 73 65 83 95 289 84 273 83 70 460 57 605 88 463 96 58 55 219 54
leaf_count=10304 59 131 64 54 54 604 3356 150 64 79 126 73 65 83 95 289 84 273 83 70 460 57 605 88 463 96 58 55 219 54
internal_value=5.46694e-07 6.69968e-05 0.000299392 -7.52931e-06 6.58449e-05 4.16826e-05 -1.34575e-05 2.80995e-06 0.000106181 0.000212271 6.49893e-05 0.000119881 0.00015825 0.000204447 0.000281277 4.08538e-05 0.000117744 -3.56086e-06 4.44203e-05 -2.03421e-05 6.70105e-06 0.000214289 2.93748e-05 7.48443e-05 1.86067e-05 3.88327e-05 8.89855e-05 5.33492e-05 -9.6561e-06 4.58034e-06
internal_weight=18315 2051 181 16264 1152 1870 15112 4278 293 143 1266 442 316 243 160 1098 195 3985 356 10834 530 111 824 219 903 440 122 344 3629 273
internal_count=18315 2051 181 16264 1152 1870 15112 4278 293 143 1266 442 316 243 160 1098 195 3985 356 10834 530 111 824 219 903 440 122 344 3629 273
is_linear=0
shrinkage=0.05


Tree=3
num_leaves=31
num_cat=0
split_feature=114 29 33 117 128 35 134 92 119 92 140 6 56 119 28 116 141 2 33 93 83 53 100 100 22 133 22 91 83 124
split_gain=0.00373423 0.00410752 0.0033759 0.00249477 0.00328923 0.000748486 0.00112752 0.000673874 0.000785286 0.000650135 0.00121185 0.00115187 0.00137629 0.000438458 0.000899509 0.000363179 0.000409525 0.00022554 0.00100512 0.00016702 0.000134525 0.00012581 0.000136274 0.00011714 7.69353e-05 9.56872e-05 0.000156736 0.000148132 6.38787e-05 9.44537e-05
threshold=33.050000000000004 26.350000000000005 0.88251439764886974 0.35000000000000003 8.3844366951598737 278.95179395000008 8.7650000000000023 11.850000000000003 18.850000000000005 7.7500000000000018 75.820000000000007 0.0017229166666666671 1.0251041500000329 7.1500000000000012 27.100000000000005 292.18134435000007 38.660000000000004 0.0059917800000000012 -0.99799484117595971 266.76900545000007 29.250000000000004 2.5000000000000004 -2.450000000000045 -5.3500000000000218 6.5000000000000009 12.760000000000002 45.500000000000007 19.450000000000003 28.350000000000005 0.78656609248549303
decision_type=2 2 2 2 2 2 2 2 10 2 2 2 2 8 2 2 2 2 2 2 2 2 2 2 2 2 2 2 2 2
left_child=3 2 -2 9 -5 6 7 8 -3 17 15 -12 -13 14 19 28 -17 -1 -19 -6 -8 22 -15 -7 -25 -26 27 -27 -11 -30
right_child=1 5 -4 4 13 23 20 -9 -10 10 11 12 -14 21 -16 16 -18 18 -20 -21 -22 -23 -24 24 25 26 -28 -29 29 -31
leaf_value=-2.1108030380339773e-05 0 0.00031014454668737651 0.00049615192660356266 0.00044988123267797748 8.7585693987455385e-06 -3.6812264083177175e-06 4.5737725736423525e-05 1.3865661572563755e-05 0 -1.168958401479039e-05 0 0 0.00034169533156182301 5.8398656009803817e-05 0 0 0.00016032766016024443 0.00018669103926890465 -1.1096501923628342e-05 0.00029337519472270895 0 0 0 0 0 0 0 0.00013177148876953711 0 6.6097980523905289e-05
leaf_weight=10304 65 114 97 54 52 438 307 112 52 3356 150 64 79 273 84 292 64 70 460 59 231 545 85 310 122 56 59 88 219 54
leaf_count=10304 65 114 97 54 52 438 307 112 52 3356 150 64 79 273 84 292 64 70 460 59 231 545 85 310 122 56 59 88 219 54
internal_value=6.85282e-07 6.44899e-05 0.000310201 -7.05697e-06 6.31188e-05 4.06194e-05 7.76399e-05 0.000163251 0.000233415 -1.27412e-05 2.76257e-06 0.000101352 0.000202411 3.9156e-05 0.000112981 -3.25552e-06 4.25717e-05 -1.93243e-05 5.91257e-06 0.000205953 2.39048e-05 1.75754e-05 4.06687e-05 7.7642e-06 2.35139e-05 4.08493e-05 6.19615e-05 9.00208e-05 -9.13901e-06 3.89538e-06
internal_weight=18315 2051 162 16264 1152 1889 816 278 166 15112 4278 293 143 1098 195 3985 356 10834 530 111 538 903 358 1073 635 325 203 144 3629 273
internal_count=18315 2051 162 16264 1152 1889 816 278 166 15112 4278 293 143 1098 195 3985 356 10834 530 111 538 903 358 1073 635 325 203 144 3629 273
is_linear=0
shrinkage=0.05


Tree=4
num_leaves=31
num_cat=0
split_feature=114 23 117 133 64 43 93 140 138 92 133 96 51 33 88 116 43 104 129 142 18 2 33 138 86 35 114 94 88 41
split_gain=0.00341654 0.00377937 0.00229886 0.00247758 0.00265346 0.00150707 0.00114791 0.000873765 0.00177718 0.000521255 0.000898832 0.000729945 0.000509696 0.00046848 0.000447049 0.000408569 0.000518025 0.000311588 0.000292246 0.000421108 0.000232162 0.000203408 0.00092642 0.000174639 8.81975e-05 6.92962e-05 5.66946e-05 4.60437e-05 4.52147e-05 4.73122e-05
threshold=33.050000000000004 18.550694444444449 0.25000000000000006 80.210000000000022 54.599999999999973 0.35050000000000003 266.18342950000005 17.375000000000004 4.6950000000000012 7.7500000000000018 80.390000000000015 31.962500000000009 64.500000000000014 0.58386471977390386 31.462500000000006 292.18134435000007 0.35550000000000004 1.8500000000000005 1.5000000000000002 603.29706001742341 0.063537500000000011 0.0059917800000000012 -0.99799484117595971 4.785000000000001 9.5000000000000018 285.25897545000004 31.050000000000004 18.500000000000004 33.787500000000016 61.500000000000007
decision_type=2 2 2 2 2 2 2 2 2 2 2 2 2 2 2 2 2 2 2 2 2 2 2 2 2 2 2 2 2 2
left_child=2 -2 9 13 -5 20 -7 -8 -9 21 15 -12 -10 -4 -15 27 -17 -14 -16 23 24 26 -23 -20 28 -13 -1 -11 -3 -30
right_child=1 5 3 4 -6 6 7 8 12 10 11 25 17 14 18 16 -18 -19 19 -21 -22 22 -24 -25 -26 -27 -28 -29 29 -31
leaf_value=-2.0509572840025052e-05 0.00048933904480347927 0 0 0 0.00046417896162796149 0 0 0.00040267134868832166 0 -1.3718391729903606e-05 0.00020301998190385957 0 6.0670583357023107e-06 0 0 0 0.00015567809561039991 0.0002411218562163133 0.00024409764289089254 0 9.866997488037063e-05 0.00018047957153508574 -1.0506296760349473e-05 5.2168122951243844e-05 0 4.5976906273045604e-05 0 0 3.8777698174782512e-05 0
leaf_weight=10143 52 124 640 84 74 134 131 92 101 2762 95 162 79 165 95 259 81 77 82 79 86 69 459 127 801 104 119 665 324 50
leaf_count=10143 52 124 640 84 74 134 131 92 101 2762 95 162 79 165 95 259 81 77 82 79 86 69 459 127 801 104 119 665 324 50
internal_value=7.9687e-07 6.18325e-05 -6.59605e-06 5.52853e-05 0.000244769 4.79726e-05 0.000114529 0.000150789 0.00019362 -1.25179e-05 1.50309e-06 7.76146e-05 9.81345e-05 2.56946e-05 5.96925e-05 -4.48255e-06 4.50565e-05 0.000154732 8.94691e-05 0.000114735 1.47978e-05 -1.83449e-05 5.29428e-06 0.000152084 5.32732e-06 1.35077e-05 -2.00488e-05 -1.08677e-05 2.27114e-05 3.14293e-05
internal_weight=18315 2051 16264 1346 158 1999 614 480 349 14918 4128 361 257 1188 548 3767 340 156 383 288 1385 10790 528 209 1299 266 10262 3427 498 374
internal_count=18315 2051 16264 1346 158 1999 614 480 349 14918 4128 361 257 1188 548 3767 340 156 383 288 1385 10790 528 209 1299 266 10262 3427 498 374
is_linear=0
shrinkage=0.05


Tree=5
num_leaves=31
num_cat=0
split_feature=92 13 81 116 103 133 28 36 100 51 122 49 44 90 91 89 9 44 22 19 27 30 132 81 93 89 69 103 33 29
split_gain=0.0028709 0.00394435 0.00451401 0.00112921 0.00417822 0.00118624 0.001217 0.00161012 0.00232494 0.00272022 0.000539253 0.00107631 0.00176522 0.000306027 0.000559279 0.000228177 0.000189915 0.000344768 0.000184713 0.000991166 0.000140333 0.000273809 8.47225e-05 8.26802e-05 0.000188729 0.000123471 0.00023171 4.99759e-05 9.12714e-05 5.42735e-05
threshold=7.450000000000002 0.0039296913055555565 45.750000000000007 292.18134435000007 611.45000000000005 79.980000000000004 27.700000000000003 275.20394130000005 -4.8500000000000218 107.50000000000001 20.500000000000004 990.6500000000002 332.50000000000006 25.692857142857147 18.850000000000005 41.850000000000001 3.4161111111111118 667.50000000000011 1.0000000180025095e-35 0.00035714285714285703 1801.6500000000003 -1.8571428571428568 3.5000000000000004 38.850000000000001 266.04093065000006 48.95000000000001 279.81364110000004 1261.3500000000001 0.25053420168939533 46.000000000000007
decision_type=2 2 2 2 2 2 2 2 2 2 2 2 2 2 2 2 2 2 2 2 2 2 2 2 2 2 2 2 2 2
left_child=13 3 -3 5 -5 10 7 -7 -9 -10 16 -12 -13 18 -15 -6 23 -18 19 -1 21 -17 -23 -2 -25 27 -27 -26 -29 -30
right_child=1 2 -4 4 15 6 -8 8 9 -11 11 12 -14 14 -16 20 17 -19 -20 -21 -22 22 -24 24 25 26 -28 28 29 -31
leaf_value=0.00020351755737634848 -1.1199035841344599e-05 1.1787473037240537e-05 0.00059402180449868677 0.00048526461974567314 0 0 0 0 0.00060312554451684268 9.1703986340276432e-06 5.9649360011965149e-06 0 0.0003883620773636462 0.00017014569971555223 0 0 0.00014522772183458291 0 -1.9377869785374978e-05 -1.0215987191527388e-05 1.7104114662279788e-06 0 0.00021115936651646433 -1.0659251727334689e-05 0 0.00013735174840576292 0 0 6.1985242385049732e-05 0
leaf_weight=58 2583 106 65 59 282 116 233 75 63 54 571 68 55 50 860 86 58 84 10008 443 212 56 59 1146 470 63 52 140 132 67
leaf_count=58 2583 106 65 59 282 116 233 75 63 54 571 68 55 50 860 86 58 84 10008 443 212 56 59 1146 470 63 52 140 132 67
internal_value=0 2.55905e-05 0.000264341 1.87975e-05 7.75594e-05 1.06091e-05 8.15511e-05 0.000146669 0.000235154 0.000373766 2.69272e-06 4.42807e-05 0.000180348 -1.51523e-05 9.26675e-06 3.51171e-05 -2.29193e-06 5.17156e-05 -1.77432e-05 4.92358e-06 5.87461e-05 9.38444e-05 0.000145729 -5.02523e-06 2.65999e-07 1.92184e-05 7.35853e-05 5.23598e-06 2.08034e-05 4.332e-05
internal_weight=18374 6955 171 6784 754 6030 541 308 192 117 5489 694 123 11419 910 695 4795 142 10509 501 413 201 115 4653 2070 924 115 809 339 199
internal_count=18374 6955 171 6784 754 6030 541 308 192 117 5489 694 123 11419 910 695 4795 142 10509 501 413 201 115 4653 2070 924 115 809 339 199
is_linear=0
shrinkage=0.05


Tree=6
num_leaves=31
num_cat=0
split_feature=85 138 49 84 139 122 128 114 18 100 112 136 135 2 128 43 120 45 75 84 128 101 30 117 90 4 18 103 122 85
split_gain=0.00280709 0.00274422 0.00680565 0.00125287 0.00235946 0.00220531 0.00238853 0.00116287 0.000608823 0.00049895 0.000345327 0.000760975 0.000301509 0.000298881 0.000548712 0.00106686 0.000199966 0.000238785 0.000272662 0.000196547 0.000464331 0.000440341 0.00018136 0.000174622 0.000137894 0.000121886 0.000247674 9.37206e-05 0.000107822 8.43072e-05
threshold=278.1752831500001 3.7250000000000005 993.1500000000002 17.050000000000004 84.467414954242443 6.5000000000000009 9.4398986113331897 35.45000000000001 0.063537500000000011 -0.35000000000002268 291.70018510000006 0.47500000000000003 28.975000000000005 0.0031384280000000004 9.4838347729937542 0.33050000000000007 272.18398430000008 83.500000000000014 11.550000000000002 2.9500000000000006 8.3844366951598737 0.74963539999998841 -2.7499999999999987 0.25000000000000006 26.155102040816331 7.2100000000000018e-05 0.01609375 1572.7500000000002 10.500000000000002 276.11494225000007
decision_type=2 2 2 2 2 2 2 2 2 2 2 2 2 2 2 2 8 2 2 2 2 2 2 2 2 2 2 2 2 2
left_child=3 2 -2 7 23 -6 -7 13 9 -9 12 -12 -3 19 15 -15 17 -14 -19 -1 21 -21 -11 -5 -25 -24 -27 28 -16 -22
right_child=1 10 -4 4 5 6 -8 8 -10 22 11 -13 16 14 27 -17 -18 18 -20 20 29 -23 25 24 -26 26 -28 -29 -30 -31
leaf_value=-1.8208050406757865e-05 2.8350324468491508e-05 0 0.00071805967117273084 -2.3496625877465156e-06 0 0.00060386871355014467 2.5324138177893474e-05 0 0.00020250645107353196 0 0.00021143479960096816 0 0 0.0002679022807082252 0 0 0 0.00019842095873329009 0 0.00016999768948003857 -1.1513977921349616e-05 0 0 7.8615158624870677e-05 0 0.00018735494119849342 0 -1.6096967160896515e-05 6.6192297849233402e-05 1.2201069314137496e-05
leaf_weight=10727 148 601 55 560 74 53 57 690 63 112 88 140 148 56 146 229 97 69 59 72 2504 63 52 127 72 92 82 822 71 245
leaf_count=10727 148 601 55 560 74 53 57 690 63 112 88 140 148 56 146 229 97 69 59 72 2504 63 52 127 72 92 82 822 71 245
internal_value=1.32866e-07 6.82843e-05 0.000242331 -5.219e-06 4.99824e-05 0.000211099 0.000352051 -8.78204e-06 3.9944e-05 2.49353e-05 3.45571e-05 9.52193e-05 1.51456e-05 -1.26787e-05 7.61917e-06 7.05583e-05 5.11219e-05 7.30299e-05 0.000126807 -1.50209e-05 -1.43085e-06 8.61253e-05 7.46116e-05 4.11858e-06 4.72414e-05 0.000101543 0.000122947 -4.88873e-06 1.45116e-05 -7.57856e-06
internal_weight=18374 1405 203 16969 943 184 110 16026 1091 1028 1202 228 974 14935 1324 285 373 276 128 13611 2884 135 338 759 199 226 174 1039 217 2749
internal_count=18374 1405 203 16969 943 184 110 16026 1091 1028 1202 228 974 14935 1324 285 373 276 128 13611 2884 135 338 759 199 226 174 1039 217 2749
is_linear=0
shrinkage=0.05


Tree=7
num_leaves=31
num_cat=0
split_feature=103 13 81 114 23 120 137 119 43 137 111 29 30 122 137 114 114 128 21 19 114 93 73 33 10 21 16 4 114 133
split_gain=0.00251024 0.00358682 0.00480335 0.00138722 0.00422277 0.000745423 0.000846865 0.00221599 0.000517488 0.000455563 0.000432561 0.00100008 0.000412044 0.000380626 0.000376679 0.000794246 0.00218805 0.000297216 0.000180927 0.000173027 0.000150143 0.000103789 0.00020063 0.000212561 0.000156071 9.12221e-05 0.000150724 0.000251269 4.5057e-05 4.12885e-05
threshold=1531.3000000000002 0.0039296913055555565 45.750000000000007 32.550000000000004 18.550694444444449 271.89275465000009 1.0000000180025095e-35 6.5500000000000007 0.35550000000000004 0.75500000000000012 6.1500000000000012 23.950000000000003 -2.7414285714285724 10.500000000000002 0.055000000000000007 16.550000000000004 17.650000000000002 8.6897550436737365 0.47916666666666669 -0.00060857142857142859 38.050000000000004 265.72783320000002 28.750000000000004 0.26075492095931085 8.1950000000000021 0.34027777777777785 0.14500000000000005 0.0016345230000000004 29.850000000000005 1.5900000000000001
decision_type=2 2 2 2 2 10 2 10 2 2 2 2 2 2 2 2 2 2 2 2 2 2 2 2 2 2 2 2 2 2
left_child=1 3 -3 5 -5 6 7 -1 20 -10 11 -8 -11 -14 15 -2 -17 -18 -15 21 -6 -12 -23 -24 -25 -22 -27 -28 -7 -16
right_child=14 2 -4 4 8 28 10 -9 9 12 19 -13 13 18 29 16 17 -19 -20 -21 25 22 23 24 -26 26 27 -29 -30 -31
leaf_value=0.00037957781581280872 -1.3141687998139716e-05 0 0.00061694639412841453 0.00050698507241113996 0 -1.7260981909388122e-05 0.00021555684568992612 0 2.1949964812847598e-06 0 0 0 0 4.0530887935721477e-05 0 0.0003760699054870273 9.8611568577973828e-05 0 0.00030113442242311119 -2.1559628896992513e-06 0 0 0 0.00016934212381505256 0 0 0 0.00014215302968179769 0 -1.7650689381718803e-05
leaf_weight=59 1187 81 59 52 630 2119 85 113 199 69 165 151 52 67 64 50 86 390 77 1535 108 293 86 74 79 116 151 93 178 9906
leaf_count=59 1187 81 59 52 630 2119 85 113 199 69 165 151 52 67 64 50 86 390 77 1535 108 293 86 74 79 116 151 93 178 9906
internal_value=2.80761e-07 2.49633e-05 0.000277131 1.87697e-05 5.92848e-05 4.50265e-06 2.33884e-05 0.000133965 4.08667e-05 8.81465e-05 1.36058e-05 7.94432e-05 0.000133643 0.000171305 -1.34282e-05 6.17007e-06 5.91799e-05 1.46924e-05 0.00021548 4.37294e-06 1.62753e-05 2.58973e-05 3.69474e-05 7.15651e-05 0.000106922 3.76966e-05 4.97785e-05 7.20354e-05 -1.50282e-05 -1.72973e-05
internal_weight=18374 6691 140 6551 1614 4937 2640 172 1562 464 2468 236 265 196 11683 1713 526 476 144 2232 1098 697 532 239 153 468 360 244 2297 9970
internal_count=18374 6691 140 6551 1614 4937 2640 172 1562 464 2468 236 265 196 11683 1713 526 476 144 2232 1098 697 532 239 153 468 360 244 2297 9970
is_linear=0
shrinkage=0.05


Tree=8
num_leaves=31
num_cat=0
split_feature=103 13 81 114 23 120 137 119 111 29 137 131 128 137 114 114 128 141 13 99 14 1 122 114 84 138 102 50 73 137
split_gain=0.00231071 0.00324766 0.00432127 0.00128978 0.00379123 0.000680613 0.00076085 0.00200143 0.000388863 0.000902813 0.000349934 0.000564311 0.000510491 0.000341326 0.00072588 0.00197047 0.000269425 0.000256943 0.000161583 0.000127782 0.000123 0.000163728 0.000429096 4.18391e-05 3.93014e-05 3.88364e-05 3.50405e-05 3.49303e-05 3.42719e-05 3.19962e-05
threshold=1531.3000000000002 0.0039296913055555565 45.750000000000007 32.550000000000004 18.550694444444449 271.89275465000009 1.0000000180025095e-35 6.5500000000000007 6.1500000000000012 23.950000000000003 0.75500000000000012 49.891498158895921 8.922191521710662 0.055000000000000007 16.550000000000004 17.650000000000002 8.6897550436737365 33.340000000000011 0.000664283326388889 -2.0499999999999541 0.025648871000000004 0.0042704430000000014 16.500000000000004 29.850000000000005 17.850000000000005 1.9850000000000001 0.7999999999999996 1021.9500000000002 20.850000000000005 18.300000000000004
decision_type=2 2 2 2 2 10 2 10 2 2 2 2 2 2 2 2 2 2 2 2 2 2 2 2 2 2 2 2 2 2
left_child=1 3 -3 5 -5 6 7 -1 9 -8 27 12 -12 14 -2 -16 -17 28 24 -19 21 22 -20 -7 -10 -15 -21 -6 -13 -27
right_child=13 2 -4 4 10 23 8 -9 18 -11 11 17 -14 25 15 16 -18 19 20 26 -22 -23 -24 -25 -26 29 -28 -29 -30 -31
leaf_value=0.00036091523495269945 -1.2485156791874697e-05 0 0.00058661319238308357 0.00048211411519178174 0 -1.6398340026584811e-05 0.00020490432290793 0 -9.7702561090552666e-06 0 0 2.4383506102590995e-05 0.00027327711569127779 0 0.00035763509685114286 9.3737661312655394e-05 0 0 0 0.000139603670653014 0 6.3082630459693393e-06 0.00019780974924028021 0 7.4537355481681785e-06 -1.7072040590336355e-05 0 1.8759159253448646e-05 0 0
leaf_weight=59 1187 81 59 52 402 2119 85 113 1170 151 68 180 67 64 50 86 390 52 114 99 261 486 55 178 146 9831 51 285 358 75
leaf_count=59 1187 81 59 52 402 2119 85 113 1170 151 68 180 67 64 50 86 390 52 114 99 261 486 55 178 146 9831 51 285 358 75
internal_value=4.09949e-07 2.40989e-05 0.000264223 1.81646e-05 5.72438e-05 4.36734e-06 2.2443e-05 0.000127493 1.3048e-05 7.55778e-05 3.96012e-05 6.14949e-05 0.000167201 -1.273e-05 5.8292e-06 5.65913e-05 1.38034e-05 3.52634e-05 4.16645e-06 8.71515e-05 2.14274e-05 3.3325e-05 8.11123e-05 -1.42323e-05 -4.05867e-06 -1.64205e-05 0.000111025 4.39996e-06 6.37928e-06 -1.67682e-05
internal_weight=18374 6691 140 6551 1614 4937 2640 172 2468 236 1562 875 135 11683 1713 526 476 740 2232 202 916 655 169 2297 1316 9970 150 687 538 9906
internal_count=18374 6691 140 6551 1614 4937 2640 172 2468 236 1562 875 135 11683 1713 526 476 740 2232 202 916 655 169 2297 1316 9970 150 687 538 9906
is_linear=0
shrinkage=0.05


Tree=9
num_leaves=31
num_cat=0
split_feature=85 138 49 117 133 114 50 112 136 105 131 136 51 100 49 133 84 73 73 115 19 59 138 2 33 86 129 115 95 131
split_gain=0.00223485 0.00225368 0.00588691 0.00101724 0.00150035 0.000897018 0.000729379 0.000321722 0.000615394 0.000305096 0.000294929 0.000464454 0.000723947 0.000287375 0.000446054 0.000253333 0.000901517 0.000665311 0.000203907 0.00021124 0.000214112 0.000158562 0.000270504 0.000146711 0.000704109 0.000123731 6.0757e-05 5.86141e-05 5.43638e-05 4.82386e-05
threshold=278.1752831500001 4.0050000000000008 993.75000000000011 0.25000000000000006 84.075000000000017 33.050000000000004 1021.9500000000002 291.70018510000006 0.47500000000000003 17.500000000000004 86.399070695009968 0.14500000000000005 85.500000000000014 -4.099999999999965 990.6500000000002 80.390000000000015 8.1500000000000039 32.150000000000013 19.450000000000003 13.850000000000003 2.7142857142857138e-05 4.1338000000000008 7.1350000000000007 0.0035617145000000003 -0.99799484117595971 6.5000000000000009 2.5000000000000004 18.050000000000004 14.500000000000002 46.914709146432635
decision_type=2 2 2 2 2 2 2 2 2 2 2 2 2 2 2 2 2 2 2 2 2 2 2 2 2 2 2 2 2 2
left_child=3 2 25 5 9 15 29 18 -9 13 11 -8 -13 14 26 23 -17 -18 19 -3 21 22 -21 27 -25 -2 -5 -1 -12 -7
right_child=1 7 -4 4 -6 6 10 8 -10 -11 28 12 -14 -15 -16 16 17 -19 -20 20 -22 -23 -24 24 -26 -27 -28 -29 -30 -31
leaf_value=-1.6032677997447256e-05 0 0 0.00069166765983704956 0 0.00027814532800859065 2.665878975327674e-05 0 0.00019250173573440903 0 0 3.4763090019432093e-05 0 0.00026448491434601481 0 0.00020825085923019396 -8.5004004537673905e-06 0.00020409410014001069 0 -3.2583131954981019e-06 0.00020714374880725475 0 0 0 0.00014378380860729392 -7.0994888032245041e-06 7.6794988782037568e-05 4.0078068056987486e-05 0 0 -6.1531643575902608e-06
leaf_weight=11827 77 168 50 72 66 129 55 87 140 505 348 72 91 217 67 786 94 106 504 63 65 112 50 82 887 89 168 598 55 744
leaf_count=11827 77 168 50 72 66 129 55 87 140 505 348 72 91 217 67 786 94 106 504 63 65 112 50 82 887 89 168 598 55 744
internal_value=5.39475e-07 6.13532e-05 0.000213623 -4.20447e-06 4.16897e-05 -7.68766e-06 2.82095e-05 2.93331e-05 8.69191e-05 2.14137e-05 6.96008e-05 0.000125778 0.000167946 4.85022e-05 7.96397e-05 -1.17666e-05 9.91162e-06 0.000106829 1.04765e-05 3.64581e-05 6.25407e-05 8.60511e-05 0.000134748 -1.37363e-05 6.49186e-07 3.64144e-05 2.22737e-05 -1.52605e-05 2.65997e-05 0
internal_weight=18374 1405 216 16969 1095 15874 1494 1189 227 1029 621 218 163 524 307 14380 986 200 962 458 290 225 113 13394 969 166 240 12425 403 873
internal_count=18374 1405 216 16969 1095 15874 1494 1189 227 1029 621 218 163 524 307 14380 986 200 962 458 290 225 113 13394 969 166 240 12425 403 873
is_linear=0
shrinkage=0.05


Tree=10
num_leaves=31
num_cat=0
split_feature=103 13 54 126 128 44 33 142 34 29 73 140 131 131 88 82 43 50 29 133 113 82 119 134 117 141 19 42 12 48
split_gain=0.00216624 0.00216062 0.00384617 0.00105088 0.00104601 0.000706698 0.000908621 0.000864859 0.00136992 0.00153577 0.00112181 0.000480101 0.000406126 0.00305131 0.000391122 0.000760342 0.000443699 0.000700352 0.000265919 0.00042195 0.000211633 0.000264667 0.000147606 0.000133547 0.000114349 9.09803e-05 0.000175001 4.02672e-05 2.92513e-05 5.1233e-05
threshold=1488.1000000000001 0.0039296913055555565 0.095000000000000015 10.500000000000002 9.4838347729937542 292.50000000000006 0.19844569047038449 737.56509152187925 -0.42721002323551038 24.050000000000004 28.450000000000003 76.750000000000014 33.15434016127945 32.789184554052362 31.737500000000008 25.710000000000004 0.35550000000000004 1019.6500000000002 30.150000000000002 26.335000000000004 0.8500000000000002 26.370000000000008 11.450000000000001 7.2800000000000002 0.15000000000000005 35.010000000000012 -0.00043714285714285697 0.67500000000000016 0.013321443500000002 94.500000000000014
decision_type=2 2 2 2 2 2 2 2 2 2 2 2 2 2 2 2 2 2 2 2 2 2 10 2 2 2 2 2 2 2
left_child=1 3 -3 -1 5 -5 11 8 -8 -10 28 -7 13 20 -6 16 18 -18 19 -16 27 -22 -21 -19 -17 -26 -27 -2 -11 -30
right_child=12 2 -4 4 14 6 7 -9 9 10 -12 -13 -14 -15 15 24 17 23 -20 22 21 -23 -24 -25 25 26 -28 -29 29 -31
leaf_value=-1.4673502596324808e-05 -1.3203662811224738e-05 0 0.00056351292681658665 0 -8.3077393979034307e-06 0 0 0.00031338378839447273 0.00036871638956108657 0 0.0002932047157797074 0.00015295339332409307 -1.453412310532542e-05 0.00036152817568896962 0 -3.2274587288165269e-06 0 0 0 0.00022389352453151682 0.00013902651185195022 0 0 0.00020868163972523573 0 0.00010035495533226454 0 0 0 4.7782534582127172e-05
leaf_weight=1468 1198 74 51 225 977 394 297 73 79 94 54 54 10420 59 85 1087 52 62 417 51 55 79 53 142 312 93 96 53 52 110
leaf_count=1468 1198 74 51 225 977 394 297 73 79 94 54 54 10420 59 85 1087 52 62 417 51 55 79 53 142 312 93 96 53 52 110
internal_value=1.52582e-06 2.5078e-05 0.000233962 2.01247e-05 3.16675e-05 6.85886e-05 8.39236e-05 0.000118617 9.01873e-05 0.000152018 7.97097e-05 1.38765e-05 -1.08622e-05 1.21664e-05 1.47657e-05 2.60064e-05 6.41493e-05 0.000126961 2.92122e-05 7.88998e-05 0 5.58252e-05 0.000145983 0.000169555 2.12772e-06 2.36901e-05 5.17679e-05 -9.30327e-06 1.42547e-05 2.77311e-05
internal_weight=18316 6452 125 6327 4859 1432 1207 759 686 389 310 448 11864 1444 3427 2450 862 256 606 189 1385 134 104 204 1588 501 189 1251 256 162
internal_count=18316 6452 125 6327 4859 1432 1207 759 686 389 310 448 11864 1444 3427 2450 862 256 606 189 1385 134 104 204 1588 501 189 1251 256 162
is_linear=0
shrinkage=0.05


Tree=11
num_leaves=31
num_cat=0
split_feature=117 128 114 29 61 121 137 75 2 133 36 108 67 92 85 29 88 90 114 21 23 32 124 29 21 135 75 106 41 142
split_gain=0.00182108 0.0035886 0.00166777 0.00172863 0.00234518 0.00063336 0.000511777 0.00113974 0.00360709 0.00139724 0.000709037 0.000439681 0.0004192 0.000649145 0.000280115 0.000271336 0.000372262 0.000689676 0.000265162 0.000377672 0.00011617 0.000110435 0.000102447 7.84182e-05 7.82356e-05 8.32917e-05 7.44109e-05 6.9077e-05 5.27838e-05 5.06985e-05
threshold=0.8500000000000002 8.3844366951598737 33.050000000000004 26.350000000000005 155.15000000000001 0.15000000000000005 0.055000000000000007 12.450000000000001 0.0059917800000000012 84.075000000000017 276.14711510000001 278.88540485000004 4.9500000000000011 12.150000000000004 276.11494225000007 30.650000000000002 29.337500000000006 25.423469387755109 26.250000000000004 0.68750000000000011 18.970833333333335 10.65 0.1294095225512602 46.750000000000007 0.52083333333333337 18.130000000000003 15.950000000000001 30.550000000000004 53.500000000000007 324.71721579655133
decision_type=2 2 2 2 2 10 2 2 2 2 2 2 2 2 2 2 2 2 2 2 2 2 2 2 2 2 2 2 2 2
left_child=2 -2 6 4 -4 21 7 -1 9 -9 -11 12 -7 -14 -8 16 -3 20 -16 29 -18 22 23 28 25 -17 -27 -28 -5 -20
right_child=1 15 3 5 -6 11 14 8 -10 10 -12 -13 13 -15 18 24 17 -19 19 -21 -22 -23 -24 -25 -26 26 27 -29 -30 -31
leaf_value=-1.1398307440881586e-05 0.00048797033933463841 0 0.00049328702996432445 6.9615641213136478e-05 0 0 -1.4186676989386136e-05 -3.4746473708071281e-07 0.0003970037389304658 0 0.00024824867844235211 0 0.00025929849421421142 0 -7.4211352852760548e-06 0 0.00030813665909031095 0 0 0.00016338284668301515 1.8971716848647938e-05 -1.8004733706629669e-06 0 0 0 0 9.0383273543048583e-05 0 0 2.3080419780632617e-05
leaf_weight=1492 50 67 50 184 87 54 11745 698 73 52 91 189 95 53 745 99 51 131 199 58 52 766 202 124 229 70 97 58 86 369
leaf_count=1492 50 67 50 184 87 54 11745 698 73 52 91 189 95 53 745 99 51 131 199 58 52 766 202 124 229 70 97 58 86 369
internal_value=1.55578e-06 7.08526e-05 -1.75871e-06 4.21865e-05 0.000217812 2.54941e-05 -7.43407e-06 1.2799e-05 5.7732e-05 2.1908e-05 0.00016451 8.27549e-05 0.000136526 0.000180078 -1.15275e-05 4.00411e-05 8.16046e-05 0.000111885 7.60241e-06 3.34397e-05 0.000211814 5.33876e-06 2.28772e-05 3.79396e-05 8.28613e-06 2.68114e-05 4.42167e-05 6.3442e-05 5.31173e-05 1.11196e-05
internal_weight=18316 904 17412 1890 137 1753 15522 2406 914 841 143 391 202 148 13116 854 301 234 1371 626 103 1362 596 394 553 324 225 155 270 568
internal_count=18316 904 17412 1890 137 1753 15522 2406 914 841 143 391 202 148 13116 854 301 234 1371 626 103 1362 596 394 553 324 225 155 270 568
is_linear=0
shrinkage=0.05


Tree=12
num_leaves=31
num_cat=0
split_feature=117 128 116 61 28 137 33 32 55 133 122 52 90 121 77 119 22 90 88 43 93 19 110 23 100 21 89 23 49 13
split_gain=0.00167796 0.00322259 0.00148155 0.00128872 0.00517127 0.000421389 0.00112657 0.00462174 0.000764413 0.00140687 0.00101879 0.00207217 0.00043153 0.000483784 0.000317631 0.000284482 0.000243976 0.000485379 0.000433924 0.000176429 0.00017261 0.000197107 0.000112363 0.00092476 7.50164e-05 0.000113514 4.78916e-05 8.70923e-05 6.75741e-05 5.95692e-05
threshold=0.8500000000000002 8.3844366951598737 292.40618020000005 163.25000000000003 15.250000000000002 0.055000000000000007 -0.99799484117595971 12.450000000000001 11.362226400000027 80.210000000000022 5.5000000000000009 3.5000000000000004 25.964285714285719 0.25000000000000006 276.43155530000007 14.250000000000002 36.500000000000007 25.423469387755109 31.837500000000006 0.31950000000000006 273.37482570000003 -0.0030385714285714282 20.450000000000003 22.563194444444452 -4.9999999999999423 0.50694444444444453 41.850000000000001 25.891666666666669 994.75000000000011 0.00061467323611111128
decision_type=2 2 2 2 2 2 2 2 2 2 2 2 2 10 2 10 2 2 2 2 2 2 2 2 2 2 2 2 2 2
left_child=2 -2 5 4 -4 6 7 -1 -8 -10 -11 -12 -7 22 15 -15 24 18 -18 -6 21 -21 23 -14 25 -3 -5 28 29 -28
right_child=1 16 3 26 19 12 8 -9 9 10 11 -13 13 14 -16 -17 17 -19 -20 20 -22 -23 -24 -25 -26 -27 27 -29 -30 -31
leaf_value=0 0.00046405021641654536 6.3702780806518448e-05 0.000552866049091805 -3.5796959472415768e-06 0 -1.3846319670669119e-05 -1.2822962752428188e-05 0.00053788669874170328 0 0 0.00043504323958105115 0 0.00022442471061082209 0.00020379644468967539 0 0 0 0 0.00026840893030135991 0 0 0.00012584693701140739 -3.3955004502428093e-06 0 0 0 0 0 0 0.00010007204908134345
leaf_weight=138 50 133 60 341 147 11158 1739 50 310 59 67 53 50 68 93 69 58 137 56 51 103 130 2091 297 391 79 63 147 64 64
leaf_count=138 50 133 60 341 147 11158 1739 50 310 59 67 53 50 68 93 69 58 137 56 51 103 130 2091 297 391 79 63 147 64 64
internal_value=1.581e-06 6.80975e-05 -1.58899e-06 5.23135e-05 0.000114289 -5.78269e-06 1.26212e-05 0.000130142 4.07595e-07 5.75928e-05 0.000169025 0.000252089 -9.36093e-06 7.5225e-06 7.67436e-05 0.000124951 3.85517e-05 8.47081e-05 0.000162097 4.05216e-05 6.35338e-05 9.32308e-05 0 2.71642e-05 1.09524e-05 3.49375e-05 4.26127e-08 1.84461e-05 4.16507e-05 6.26257e-05
internal_weight=18316 904 17412 1170 491 16242 2416 188 2228 489 179 120 13826 2668 230 137 854 251 114 431 284 181 2438 347 603 212 679 338 191 127
internal_count=18316 904 17412 1170 491 16242 2416 188 2228 489 179 120 13826 2668 230 137 854 251 114 431 284 181 2438 347 603 212 679 338 191 127
is_linear=0
shrinkage=0.05


Tree=13
num_leaves=31
num_cat=0
split_feature=117 128 114 43 73 137 33 53 55 15 43 122 137 128 4 107 105 116 114 67 29 99 21 8 53 73 142 99 50 9
split_gain=0.00155014 0.00289167 0.00143736 0.00173147 0.00255745 0.000414168 0.000989849 0.0038721 0.00050812 0.00119739 0.000992618 0.000287625 0.00029262 0.00028651 0.000355918 0.000941374 0.000277913 0.000329148 0.00023785 0.000254563 0.000549366 0.000216994 0.000301625 0.000252385 0.000115956 0.00010276 6.38316e-05 5.4363e-05 4.63131e-05 7.46988e-05
threshold=0.8500000000000002 8.3844366951598737 33.050000000000004 0.37850000000000006 16.250000000000004 0.055000000000000007 -0.99799484117595971 126.50000000000001 11.362226400000027 0.0021312500000000003 0.30450000000000005 9.5000000000000018 0.75500000000000012 9.4017455261924869 0.0012481850000000004 12.450000000000001 19.500000000000004 286.24530300000009 26.250000000000004 6.9500000000000011 25.950000000000006 -0.85000000000002263 0.54861111111111127 0.011668712943750105 149.50000000000003 21.350000000000005 513.85978378364098 0.19999999999998866 1021.0500000000001 0.89826388888888886
decision_type=2 2 2 2 2 2 2 2 2 2 2 2 2 2 2 2 2 2 2 2 2 2 2 2 2 2 2 2 2 2
left_child=2 -2 5 13 -5 6 7 -1 -8 -10 -11 -6 -13 14 -4 -16 17 21 -7 20 -20 22 23 24 -3 26 27 28 -15 -30
right_child=1 16 3 4 11 18 8 -9 9 10 -12 12 -14 25 15 -17 -18 -19 19 -21 -22 -23 -24 -25 -26 -27 -28 -29 29 -31
leaf_value=0 0.00044130266600547535 0.00021141910771571438 8.1172420970972137e-06 0.00049784018475489296 0 -1.3687897308570794e-05 -1.1044224469307555e-05 0.00049438642854725278 0 0 0.00027253563305004556 0 0.00018738433086863636 0 0.00026005368657217444 0 0 0 0.00014779944736801557 -2.3634596999379047e-06 0 0 0 0 0 -4.3834845921496788e-06 0 0 9.9962638170425294e-05 0
leaf_weight=142 50 109 332 50 73 10747 1713 50 358 56 87 58 54 50 65 56 199 206 91 2020 258 80 127 78 55 834 75 89 83 71
leaf_count=142 50 109 332 50 73 10747 1713 50 358 56 87 58 54 50 65 56 199 206 91 2020 258 80 127 78 55 834 75 89 83 71
internal_value=1.58469e-06 6.55171e-05 -1.45099e-06 3.93278e-05 0.000168833 -6.74065e-06 1.13568e-05 0.000120127 0 4.59784e-05 0.000167803 5.08316e-05 0.000103036 1.78287e-05 5.2307e-05 0.000131511 3.71772e-05 5.3484e-05 -1.04422e-05 2.1716e-06 4.26378e-05 7.74508e-05 9.36046e-05 0.000128235 0.000167457 6.45864e-07 2.5575e-05 3.69287e-05 5.11737e-05 6.48883e-05
internal_weight=18316 904 17412 1890 235 15522 2406 192 2214 501 143 185 112 1655 453 121 854 655 13116 2369 349 449 369 242 164 1202 368 293 204 154
internal_count=18316 904 17412 1890 235 15522 2406 192 2214 501 143 185 112 1655 453 121 854 655 13116 2369 349 449 369 242 164 1202 368 293 204 154
is_linear=0
shrinkage=0.05


Tree=14
num_leaves=31
num_cat=0
split_feature=103 13 52 114 27 140 55 82 43 116 94 4 81 131 131 99 111 137 113 27 19 128 19 93 128 65 114 43 42 137
split_gain=0.00159838 0.00175427 0.00298435 0.000810191 0.00157285 0.000717754 0.00128249 0.000616707 0.000478199 0.000366958 0.000377462 0.000611452 0.000385281 0.000308712 0.00255779 0.000237247 0.000235405 0.000148812 0.000147969 0.000215559 0.000141669 0.00013358 0.000238446 0.000132779 0.000191382 0.000157498 8.16648e-05 5.12861e-05 3.29012e-05 2.38181e-05
threshold=1488.1000000000001 0.0039296913055555565 1.0000000180025095e-35 32.550000000000004 1343.8500000000001 75.820000000000007 12.232842700000051 24.514000000000006 0.35550000000000004 280.38023150000009 22.500000000000004 7.2100000000000018e-05 39.550000000000004 33.15434016127945 32.789184554052362 -0.85000000000002263 4.6500000000000012 0.97500000000000009 0.8500000000000002 1638.0000000000002 -0.00088571428571428623 9.3590620473672761 -0.00092999999999999951 265.77285665000005 9.6940619704490469 21.650000000000002 29.050000000000004 0.38050000000000006 0.67500000000000016 18.300000000000004
decision_type=2 2 2 2 2 2 2 2 2 2 2 2 2 2 2 2 2 2 2 2 2 2 2 2 2 2 2 2 2 2
left_child=1 3 -3 5 -5 15 -7 -8 17 -10 11 -11 -13 14 18 16 -1 -6 28 -20 23 22 -19 -18 25 -25 -17 -28 -2 -15
right_child=13 2 -4 4 8 6 7 -9 9 10 -12 12 -14 29 -16 26 20 21 19 -21 -22 -23 -24 24 -26 -27 27 -29 -30 -31
leaf_value=0.00010932948937968906 -1.1798247607469568e-05 0 0.00050551344288703377 0.00033199317533007375 0 0 0 0.0002989595369941526 0 0 1.0252156865714243e-05 0 0.00031709180252581889 -1.2509818702691787e-05 0.00033081614672361568 -1.2917970231520778e-05 0 0.00013227345021776449 0.0001271229981252605 0 0 1.5113526750802083e-06 0 0 0 0.00017920475662803114 0 4.729714935820084e-05 0 0
leaf_weight=72 1198 75 50 51 551 153 51 74 62 92 175 51 72 10352 59 2316 126 82 50 84 1270 379 55 72 262 51 247 63 53 68
leaf_count=72 1198 75 50 51 551 153 51 74 62 92 175 51 72 10352 59 2316 126 82 50 84 1270 379 55 72 262 51 247 63 53 68
internal_value=1.59713e-06 2.18539e-05 0.000210288 1.73083e-05 4.89243e-05 5.81479e-06 8.37144e-05 0.000202396 3.59187e-05 8.14543e-05 0.000100166 0.000149816 0.000226772 -8.9986e-06 1.09068e-05 0 1.46089e-05 1.18891e-05 0 4.59691e-05 7.91457e-06 3.18055e-05 7.87619e-05 3.01622e-05 4.5461e-05 0.000101449 -8.66935e-06 6.93427e-06 -8.22246e-06 -1.22377e-05
internal_weight=18316 6452 125 6327 1570 4757 278 125 1519 452 390 215 123 11864 1444 4479 1853 1067 1385 134 1781 516 137 511 385 123 2626 310 1251 10420
internal_count=18316 6452 125 6327 1570 4757 278 125 1519 452 390 215 123 11864 1444 4479 1853 1067 1385 134 1781 516 137 511 385 123 2626 310 1251 10420
is_linear=0
shrinkage=0.05


Tree=15
num_leaves=31
num_cat=0
split_feature=85 61 138 84 133 122 114 50 23 99 93 88 116 118 29 2 124 134 122 33 15 92 105 94 133 135 44 43 73 117
split_gain=0.00131425 0.00110271 0.00316874 0.000668165 0.00210101 0.00216733 0.000538297 0.000519896 0.000536352 0.00127899 0.000983275 0.000244346 0.000211562 0.000221431 0.00018903 0.000172679 0.000958032 0.00175918 0.000111552 0.000102223 9.21084e-05 0.000108963 9.39485e-05 7.56663e-05 5.40281e-05 4.90376e-05 4.47708e-05 4.40427e-05 0.000139368 4.13864e-05
threshold=278.1752831500001 178.10000000000005 4.0050000000000008 17.050000000000004 84.075000000000017 7.5000000000000009 38.050000000000004 1017.35 22.563194444444452 -2.0499999999999541 269.25953705000006 31.837500000000006 274.65517090000009 27.750000000000004 46.45000000000001 0.0031384280000000004 -0.9159756150367534 7.2800000000000002 16.500000000000004 0.3635767801089923 0.0033833333333333337 10.450000000000005 18.500000000000004 19.500000000000004 82.02000000000001 26.005000000000003 707.50000000000011 0.35050000000000003 20.650000000000002 0.8500000000000002
decision_type=2 2 2 2 2 2 2 2 2 2 2 2 2 10 2 2 2 2 2 2 2 2 2 2 2 2 2 2 2 2
left_child=3 2 -2 6 18 -6 15 8 9 -3 -11 -4 -8 14 -14 23 17 -17 -5 -20 -18 -22 -23 24 29 -9 -27 -25 -29 -1
right_child=1 7 11 4 5 -7 12 25 -10 10 -12 -13 13 -15 -16 16 20 -19 19 -21 21 22 -24 27 -26 26 -28 28 -30 -31
leaf_value=-1.2565680784910132e-05 0.00050635021507189901 0 0 0 0 0.00047909506473913036 0 -1.527214571030357e-05 0 0.00032350949985876862 0 9.0816089433428727e-05 0.00016908026044736135 1.5501989033567307e-05 0 0.00035241138119123543 -1.715820720733497e-05 0 0 6.1716491241876119e-05 0 9.3287086899673333e-05 0 -4.6649971029465154e-06 0 3.431753247105432e-05 0 7.6106507273167759e-05 0 0
leaf_weight=11573 50 85 113 609 52 51 172 465 257 83 55 99 81 394 63 54 786 103 94 144 285 60 52 1107 601 106 114 74 337 217
leaf_count=11573 50 85 113 609 52 51 172 465 257 83 55 99 81 394 63 54 786 103 94 144 285 60 52 1107 601 106 114 74 337 217
internal_value=3.39558e-07 4.66406e-05 0.000142865 -3.27476e-06 3.67255e-05 0.000250333 -5.97132e-06 2.06082e-05 6.10844e-05 0.000118315 0.000213453 3.16888e-05 3.52626e-05 5.12007e-05 0.000113613 -8.22124e-06 6.83437e-06 0.000124084 4.58885e-06 3.5236e-05 -4.59497e-06 7.69613e-06 5.1179e-05 -1.00315e-05 -1.13236e-05 -5.13767e-07 7.9836e-06 0 1.44473e-05 -1.2092e-05
internal_weight=18336 1427 262 16909 950 103 15959 1165 480 223 138 212 710 538 144 15249 1340 157 847 238 1183 397 112 13909 12391 685 220 1518 411 11790
internal_count=18336 1427 262 16909 950 103 15959 1165 480 223 138 212 710 538 144 15249 1340 157 847 238 1183 397 112 13909 12391 685 220 1518 411 11790
is_linear=0
shrinkage=0.05


Tree=16
num_leaves=31
num_cat=0
split_feature=103 133 64 104 114 23 62 43 30 122 114 104 117 131 33 114 116 84 82 33 59 47 114 19 77 25 115 67 35 135
split_gain=0.00118058 0.00133314 0.00288338 0.0011932 0.000913577 0.00162641 0.00237431 0.000407785 0.000362206 0.000652863 0.000432042 0.000334026 0.000209248 0.000173254 0.0007932 0.00125077 0.000130243 0.000123166 0.000351673 9.83257e-05 0.000123655 0.000117354 6.99345e-05 6.3356e-05 8.1843e-05 0.000209796 5.13449e-05 3.45645e-05 2.6452e-05 2.5391e-05
threshold=1502.4000000000003 80.210000000000022 54.599999999999973 0.75000000000000011 29.350000000000005 18.550694444444449 21.650000000000002 0.35150000000000003 -1.8571428571428568 11.500000000000002 32.850000000000001 0.45000000000000007 0.8500000000000002 33.15434016127945 -0.99799484117595971 13.950000000000001 286.24530300000009 10.150000000000004 26.102000000000007 0.28363710479102655 4.4697000000000005 4.5000000000000009 37.850000000000001 -0.0032299999999999972 275.87129355000008 22.500000000000004 16.450000000000003 6.6500000000000012 285.67963940000004 85.145000000000024
decision_type=2 2 2 2 2 2 2 2 2 2 2 2 2 2 2 2 2 2 2 2 2 2 2 2 2 2 2 2 2 2
left_child=1 4 3 28 12 6 -6 22 -9 -10 -11 -12 26 14 15 -2 19 -16 -19 -14 -21 -22 -7 -24 -25 -26 -1 -13 -3 -15
right_child=13 2 -4 -5 5 7 -8 8 9 10 11 27 16 29 17 -17 -18 18 -20 20 21 -23 23 24 25 -27 -28 -29 -30 -31
leaf_value=-1.2223459746882796e-05 0 -9.2081580340838362e-06 0.00036402718728373431 0.00022195611787044205 0.0004600154409576631 0 0 0 0 0 0 0.00033446912347401319 0 -1.1597343001611966e-05 -1.3133413421972118e-05 0.00031767569864849286 0 0.00012396599731552918 0 0 0 0.00011046838135615787 0 0 0 0.00014215627070236089 0 5.7675812254348755e-05 2.0545491887181317e-05 0
leaf_weight=2986 55 301 86 69 54 1098 55 307 156 80 58 57 52 10186 1020 50 145 65 231 51 55 118 115 115 136 53 288 60 95 139
leaf_count=2986 55 301 86 69 54 1098 55 307 156 80 58 57 52 10186 1020 50 145 65 231 51 55 118 115 115 136 53 288 60 95 139
internal_value=4.02256e-07 1.75962e-05 9.31138e-05 3.16061e-05 9.86386e-06 3.45458e-05 0.000227696 2.27922e-05 5.471e-05 8.61475e-05 0.000135349 0.000181062 -4.44594e-06 -8.8193e-06 5.3144e-06 0.000138042 2.56777e-05 -1.57583e-06 2.13261e-05 4.66901e-05 6.14515e-05 8.16075e-05 4.36551e-06 2.20263e-05 3.44586e-05 5.46165e-05 -9.85287e-06 0.000236588 0 -1.1249e-05
internal_weight=18336 6590 551 465 6039 2344 109 2235 718 411 255 175 3695 11746 1421 105 421 1316 296 276 224 173 1517 419 304 189 3274 117 396 10325
internal_count=18336 6590 551 465 6039 2344 109 2235 718 411 255 175 3695 11746 1421 105 421 1316 296 276 224 173 1517 419 304 189 3274 117 396 10325
is_linear=0
shrinkage=0.05


Tree=17
num_leaves=31
num_cat=0
split_feature=85 61 138 119 84 122 131 114 55 119 88 67 134 135 124 2 53 160 104 32 117 13 111 139 38 67 81 19 16 42
split_gain=0.00114021 0.000985118 0.00277544 0.000904764 0.000582365 0.00109739 0.000789513 0.00045588 0.000362215 0.000527055 0.000218023 0.000180915 0.000484055 0.000160696 0.000155549 0.00104985 0.000152871 0.000151434 0.000121308 0.000178656 0.000115779 0.000212608 7.2337e-05 4.98949e-05 4.7392e-05 4.60468e-05 6.20154e-05 9.46068e-05 4.66039e-05 4.23373e-05
threshold=278.1752831500001 178.10000000000005 4.0050000000000008 6.5500000000000007 20.650000000000006 18.500000000000004 59.956631411209223 34.250000000000007 5.9605939000000214 14.750000000000002 31.837500000000006 5.7500000000000009 8.7650000000000023 26.005000000000003 -0.9159756150367534 0.0059917800000000012 16.500000000000004 0.17142857142857149 0.35000000000000009 10.550000000000002 0.8500000000000002 0.0013542329861111113 13.350000000000003 89.033414029013926 0.45000000000000007 10.950000000000001 42.050000000000004 -0.0030385714285714282 0.24500000000000002 0.32500000000000007
decision_type=2 2 2 8 2 2 2 2 2 10 2 2 2 2 2 2 2 2 2 2 2 2 2 2 2 2 2 2 2 2
left_child=4 2 -2 -3 7 -6 -7 14 9 11 -4 -9 -13 -5 15 23 17 -15 -19 -20 24 -22 -23 -1 -16 26 -11 -28 -29 -30
right_child=1 3 10 13 5 6 -8 8 -10 25 -12 12 -14 16 20 -17 -18 18 19 -21 21 22 -24 -25 -26 -27 27 28 29 -31
leaf_value=-6.131115056858833e-06 0.00047545969742464415 0.00018727959870854026 0 -8.3298614877252027e-06 0 0.0003409806159941261 0 0 0 0 8.5066588057270564e-05 0.00024021596990328714 0 0 -1.1361206378473588e-05 0.00017382822523803623 0 0 0.00016983130440124884 0 0 0.00012270961594813522 0 2.9979900568921403e-05 0 0 0 0 0 9.6459378135965918e-05
leaf_weight=1559 50 75 113 633 420 50 73 51 672 88 99 77 83 54 12210 87 238 50 64 51 282 50 50 76 649 176 75 50 50 81
leaf_count=1559 50 75 113 633 420 50 73 51 672 88 99 77 83 54 12210 87 238 50 64 51 282 50 50 76 649 176 75 50 50 81
internal_value=4.85004e-07 4.36144e-05 0.000134661 1.87527e-05 -2.8615e-06 4.72086e-05 0.000178612 -4.83103e-06 2.15037e-05 4.60868e-05 2.89548e-05 0.000115711 0.000142967 2.41279e-06 -7.6357e-06 4.66674e-06 2.81954e-05 5.82424e-05 8.23182e-05 0.000110957 -9.61346e-06 1.20461e-05 7.6242e-05 -1.37903e-06 -1.06466e-05 8.07073e-06 2.07855e-05 3.43982e-05 5.45012e-05 7.05562e-05
internal_weight=18336 1427 262 1165 16909 543 123 16366 1403 731 212 211 160 1090 14963 1722 457 219 165 115 13241 382 100 1635 12859 520 344 256 181 131
internal_count=18336 1427 262 1165 16909 543 123 16366 1403 731 212 211 160 1090 14963 1722 457 219 165 115 13241 382 100 1635 12859 520 344 256 181 131
is_linear=0
shrinkage=0.05


Tree=18
num_leaves=31
num_cat=0
split_feature=85 61 138 119 84 133 114 55 119 118 134 88 135 124 33 134 53 92 104 32 117 14 126 93 92 38 32 81 19 139
split_gain=0.00104211 0.000889794 0.00249445 0.000816031 0.000541199 0.0015372 0.000415112 0.000336797 0.000488209 0.000291903 0.000348292 0.000199497 0.000147494 0.000141524 0.000579084 0.00150085 0.000140087 0.000141141 0.000109163 0.000153858 0.000104998 0.00018931 8.03374e-05 8.58161e-05 4.88069e-05 4.35063e-05 4.23771e-05 6.03978e-05 9.0771e-05 3.00993e-05
threshold=278.1752831500001 178.10000000000005 4.0050000000000008 6.5500000000000007 20.650000000000006 80.660000000000011 34.250000000000007 5.9605939000000214 14.750000000000002 27.750000000000004 8.7650000000000023 31.837500000000006 26.005000000000003 -0.9159756150367534 -0.99799484117595971 6.6450000000000005 16.500000000000004 8.4500000000000046 0.35000000000000009 10.550000000000002 0.8500000000000002 0.020693614500000002 49.500000000000007 266.76900545000007 27.850000000000005 0.45000000000000007 8.6500000000000004 42.550000000000004 -0.0030385714285714282 89.033414029013926
decision_type=2 2 2 8 2 2 2 2 10 10 2 2 2 2 2 2 2 2 2 2 2 2 2 2 2 2 2 2 2 2
left_child=4 2 -2 -3 6 22 13 8 9 10 -8 -4 -5 14 15 -1 17 -14 -19 -20 25 -22 23 -6 -25 -15 27 -10 -29 -16
right_child=1 3 11 12 5 -7 7 -9 26 -11 -12 -13 16 20 29 -17 -18 18 19 -21 21 -23 -24 24 -26 -27 -28 28 -30 -31
leaf_value=0.00032025900436779284 0.00045215285799035795 0.0001780388310458205 0 -7.9140255367380641e-06 0 0.00028759301027275801 0.00022709621766275301 0 0 0 0 8.0855792336660676e-05 0 -1.0793192625479976e-05 -5.8170280082852311e-06 0 0 0 0.00016147037454272952 0 0 7.3337695874440596e-05 0 0.00010294284777885948 0 0 0 0 6.1800584628497805e-05 1.8046267934550994e-05
leaf_weight=50 50 75 113 633 110 59 81 672 89 51 79 99 54 12210 1491 97 238 50 64 51 286 96 273 51 50 649 241 57 133 84
leaf_count=50 50 75 113 633 110 59 81 672 89 51 79 99 54 12210 1491 97 238 50 64 51 286 96 273 51 50 649 241 57 133 84
internal_value=5.65567e-07 4.17994e-05 0.00012854 1.79104e-05 -2.62086e-06 4.56416e-05 -4.53032e-06 2.05668e-05 4.42897e-05 0.000111348 0.000144425 2.69779e-05 2.15631e-06 -7.2189e-06 4.43914e-06 9.99575e-05 2.70088e-05 5.57721e-05 7.90444e-05 0.000106272 -9.11284e-06 1.12452e-05 5.30612e-06 3.18086e-05 6.48557e-05 -1.01072e-05 7.3209e-06 2.18653e-05 3.86189e-05 -1.36109e-06
internal_weight=18336 1427 262 1165 16909 543 16366 1403 731 211 160 212 1090 14963 1722 147 457 219 165 115 13241 382 484 211 101 12859 520 279 190 1575
internal_count=18336 1427 262 1165 16909 543 16366 1403 731 211 160 212 1090 14963 1722 147 457 219 165 115 13241 382 484 211 101 12859 520 279 190 1575
is_linear=0
shrinkage=0.05


Tree=19
num_leaves=31
num_cat=0
split_feature=103 133 64 114 94 43 36 43 122 133 133 67 117 137 124 32 116 33 21 67 55 100 128 114 19 36 69 137 52 118
split_gain=0.000964336 0.00109744 0.00255146 0.000764502 0.00142004 0.000627246 0.0010753 0.000508659 0.000405907 0.000404399 0.000381697 0.000774131 0.000160491 0.000150559 0.000556291 0.00253143 0.000109953 8.58034e-05 0.0001086 6.72583e-05 6.58031e-05 0.000210374 0.000172937 6.25384e-05 5.47667e-05 5.67377e-05 6.94096e-05 8.71263e-05 5.24506e-05 4.94346e-05
threshold=1502.4000000000003 80.210000000000022 54.599999999999973 29.350000000000005 5.5000000000000009 0.36750000000000005 270.04730310000008 0.35150000000000003 10.500000000000002 20.835000000000004 50.070000000000007 7.5500000000000007 0.8500000000000002 0.055000000000000007 -0.9159756150367534 12.450000000000001 286.24530300000009 0.28363710479102655 0.5902777777777779 5.4500000000000011 11.774801650000031 -5.1499999999999764 9.0494084161360799 37.850000000000001 -0.0032299999999999972 270.04730310000008 275.80787030000005 1.2600000000000002 411.50000000000006 26.050000000000004
decision_type=2 2 2 2 2 2 2 2 2 2 2 2 2 2 2 2 2 2 2 2 2 2 2 2 2 2 2 2 2 10
left_child=1 3 5 12 -5 -3 -7 23 -9 -10 11 -11 -1 14 15 -2 17 -14 29 -12 -16 -22 -23 -6 -25 26 -26 -28 -21 -19
right_child=13 2 -4 4 7 6 -8 8 9 10 19 -13 16 -15 20 -17 -18 18 -20 28 21 22 -24 24 25 -27 27 -29 -30 -31
leaf_value=-8.7903951839771327e-06 0 0 0.00033946195269953904 0.00026971300842706117 0 0 0.00029967562585678773 0 0 0.00033468934396824489 0 0 0 -1.0205932353183815e-05 -1.102383232536532e-05 0.00037479420443758672 0 0.00010708763849566152 0 7.8766248261672448e-05 0 0.00013817389699957299 0 0 0 0 0 0.00010949288354523951 0 0
leaf_weight=3274 165 313 86 64 1120 102 50 217 153 61 59 69 52 10015 1241 54 145 94 80 112 170 51 50 115 54 119 69 69 63 50
leaf_count=3274 165 313 86 64 1120 102 50 217 153 61 59 69 52 10015 1241 54 145 94 80 112 170 51 50 115 54 119 69 69 63 50
internal_value=6.14012e-07 1.617e-05 8.48108e-05 9.06639e-06 3.16628e-05 2.6357e-05 0.000111198 2.26734e-05 5.75167e-05 8.15662e-05 0.000110507 0.000195556 -3.92001e-06 -7.68855e-06 3.98685e-06 7.96961e-05 2.20383e-05 4.16207e-05 5.55519e-05 4.13492e-05 -3.7197e-06 1.12636e-05 7.41252e-05 2.87215e-06 1.99007e-05 3.13185e-05 4.81722e-05 6.68614e-05 5.6906e-05 8.16152e-05
internal_weight=18336 6590 551 6039 2344 465 152 2280 734 517 364 130 3695 11746 1731 219 421 276 224 234 1512 271 101 1546 426 311 192 138 175 144
internal_count=18336 6590 551 6039 2344 465 152 2280 734 517 364 130 3695 11746 1731 219 421 276 224 234 1512 271 101 1546 426 311 192 138 175 144
is_linear=0
shrinkage=0.05


Tree=20
num_leaves=31
num_cat=0
split_feature=116 112 117 139 89 134 122 105 9 1 114 43 116 118 54 54 43 137 75 75 139 120 105 129 103 135 1 118 43 137
split_gain=0.00112607 0.00146762 0.000885635 0.00120732 0.000340268 0.000344095 0.000330132 0.00065334 0.000479404 0.00090501 0.000263287 0.000207492 0.000334202 0.000279881 0.000434571 0.000265931 0.000143489 0.000136353 0.000418579 0.00158722 0.000369568 6.09652e-05 6.24322e-05 7.68902e-05 5.53007e-05 9.31174e-05 3.69514e-05 0.00010106 9.64211e-05 3.09063e-05
threshold=293.73551695000009 286.02616050000006 0.25000000000000006 90.664525633972247 41.850000000000001 8.3850000000000016 18.500000000000004 17.500000000000004 0.04895833333333334 0.0036259670000000003 30.350000000000005 0.35450000000000004 280.38023150000009 27.650000000000002 0.21500000000000002 0.075000000000000025 0.34950000000000003 0.055000000000000007 12.750000000000002 13.15 89.033414029013926 267.97330700000003 19.500000000000004 1.5000000000000002 1222.7500000000002 22.680000000000003 0.14340941100000001 25.150000000000002 0.28950000000000004 18.300000000000004
decision_type=2 2 2 2 2 2 2 2 2 2 2 2 2 10 2 2 2 2 2 2 2 8 2 2 2 2 2 10 2 2
left_child=2 4 10 6 -2 16 21 8 -8 -10 17 26 -13 14 15 -14 -6 18 -1 -20 -21 22 23 -4 -25 -26 -12 28 -28 -19
right_child=1 -3 3 -5 5 -7 7 -9 9 -11 11 12 13 -15 -16 -17 -18 29 19 20 -22 -23 -24 24 25 -27 27 -29 -30 -31
leaf_value=-1.1023642354566395e-05 0 0.0002826673983917604 0 0.00022612865187500534 0 1.3520000707698964e-05 0 0 0.00028255899650214748 0 -2.337292021315855e-06 0 0 0 0 0.00022630810525363734 0.00022731770668402672 -1.0182556908410662e-05 0.00027090580647168419 -3.4457476601320952e-06 9.7746291763710884e-05 -1.6413119047888924e-06 0 0 0 9.1181003989082197e-05 0 0 0.00010260452331699939 0
leaf_weight=1414 338 72 66 82 53 293 73 199 81 54 1291 211 53 205 55 78 51 11567 65 567 96 717 123 76 54 104 52 81 54 69
leaf_count=1414 338 72 66 82 53 293 73 199 81 54 1291 211 53 205 55 78 51 11567 65 567 96 717 123 76 54 104 52 81 54 69
internal_value=1.40923e-06 5.92322e-05 -9.76542e-07 3.37449e-05 3.01969e-05 6.18353e-05 2.0178e-05 5.96654e-05 0.00012151 0.000177489 -4.86046e-06 1.07575e-05 3.54912e-05 6.37889e-05 0.000110777 0.000160047 0.00014891 -7.58171e-06 2.24243e-06 3.48477e-05 3.80151e-06 1.65824e-06 1.90342e-05 3.20764e-05 4.62151e-05 6.34527e-05 0 2.13033e-05 5.62014e-05 -9.81988e-06
internal_weight=18294 807 17487 1629 735 397 1547 407 208 135 15858 2080 602 391 186 131 104 13778 2142 728 663 1140 423 300 234 158 1478 187 106 11636
internal_count=18294 807 17487 1629 735 397 1547 407 208 135 15858 2080 602 391 186 131 104 13778 2142 728 663 1140 423 300 234 158 1478 187 106 11636
is_linear=0
shrinkage=0.05


Tree=21
num_leaves=31
num_cat=0
split_feature=114 23 62 133 110 14 117 14 161 67 54 26 88 142 52 121 2 104 85 119 124 2 47 88 23 100 119 6 56 137
split_gain=0.000997394 0.0010849 0.00175502 0.00076226 0.00176678 0.000590392 0.000281219 0.000265131 0.000383078 0.000219448 0.000239927 0.000353759 0.000435058 0.000448165 0.000326031 0.000128713 0.000222097 0.000154849 9.53098e-05 0.00031893 6.77106e-05 0.000561271 0.00153566 6.88686e-05 5.89513e-05 0.000147899 3.50007e-05 7.50854e-05 2.67632e-05 1.69853e-05
threshold=29.850000000000005 18.550694444444449 21.950000000000003 88.200000000000003 22.950000000000003 0.061309237500000009 0.8500000000000002 0.018475221000000003 0.27551020408163268 14.750000000000002 0.085000000000000006 8.5000000000000018 31.837500000000006 336.7235080293604 339.50000000000006 0.15000000000000005 3.2200000000000003e-05 0.95000000000000018 280.37767375000004 8.5500000000000025 -0.78656609248549325 0.0059917800000000012 37.500000000000007 39.987500000000004 23.179861111111112 -4.8500000000000218 8.5500000000000025 0.0012694444444444448 11.459649250000043 8.5100000000000016
decision_type=2 2 2 2 2 2 2 2 2 2 2 2 2 2 2 10 2 2 2 10 2 2 2 2 2 2 8 2 2 2
left_child=3 2 -2 6 -5 9 18 26 -9 10 15 12 -12 -14 -15 -3 -17 -18 20 -20 21 -1 -23 28 25 -25 27 -8 29 -22
right_child=1 5 -4 4 -6 -7 7 8 -10 -11 11 -13 13 14 -16 16 17 -19 19 -21 23 22 -24 24 -26 -27 -28 -29 -30 -31
leaf_value=-5.837286563045382e-06 0.00039873093671793382 -6.7185734693080952e-07 0 0 0.00034677540345001039 0.00018220866899840379 6.716939846645816e-05 0.00019841351659684173 0 0 0 0 0 0.00017108932882599887 0 0 0 0.00012400318364400967 0.00012547278285637731 0 -1.1411844986181726e-05 0.00031784172849524223 0 0 0 9.289321903027789e-05 0 0 0 0
leaf_weight=2644 51 858 72 96 50 59 60 51 97 1064 129 368 138 193 91 126 51 82 55 198 9841 50 88 51 491 59 343 54 440 344
leaf_count=2644 51 858 72 96 50 59 60 51 97 1064 129 368 138 193 91 126 51 82 55 198 9841 50 88 51 491 59 343 54 440 344
internal_value=1.4161e-06 2.6576e-05 0.000176885 -3.75285e-06 0.000108043 1.90871e-05 -5.19431e-06 2.65326e-05 8.55083e-05 1.43124e-05 2.41075e-05 4.38767e-05 6.93597e-05 9.407e-05 0.000130634 3.34562e-06 3.58367e-05 8.14583e-05 -6.89262e-06 1.82186e-05 -7.70434e-06 0 9.71927e-05 -9.44155e-06 1.01767e-06 3.65151e-05 0 2.75841e-05 -1.05038e-05 -1.10301e-05
internal_weight=18294 3282 123 15012 146 3159 14866 605 148 3100 2036 919 551 422 284 1117 259 133 14261 253 14008 2782 138 11226 601 110 457 114 10625 10185
internal_count=18294 3282 123 15012 146 3159 14866 605 148 3100 2036 919 551 422 284 1117 259 133 14261 253 14008 2782 138 11226 601 110 457 114 10625 10185
is_linear=0
shrinkage=0.05


Tree=22
num_leaves=31
num_cat=0
split_feature=116 112 117 128 81 128 29 36 124 17 121 2 119 141 82 24 161 84 115 80 124 2 103 112 141 19 85 92 74 116
split_gain=0.00100422 0.00128351 0.000748146 0.00151069 0.000359632 0.000421689 0.000323973 0.000563393 0.000361609 0.000605253 0.000288977 0.000609716 0.000795275 0.000133841 0.000130521 8.35589e-05 0.000101277 8.14475e-05 0.000196237 4.69794e-05 4.69786e-05 0.000185333 0.000527694 3.48413e-05 6.31467e-05 8.57611e-05 2.88992e-05 2.77766e-05 3.3459e-05 5.65111e-05
threshold=293.73551695000009 286.02616050000006 0.25000000000000006 8.3844366951598737 41.650000000000013 9.5358599736102736 30.450000000000003 272.25006405000005 1.0000000180025095e-35 0.0013500000000000003 0.15000000000000005 0.00026399350000000003 8.7500000000000018 20.220000000000002 19.190000000000008 53.20000000000001 0.45918367346938782 7.8500000000000023 6.8500000000000005 17.587500000000006 -0.9159756150367534 0.0023607900000000002 2625.0500000000006 290.68778080000004 33.775000000000013 -0.00043714285714285697 279.46601305000007 12.750000000000002 26.792857142857144 269.66397185000005
decision_type=2 2 2 2 2 2 2 2 2 2 10 2 10 2 2 2 2 2 2 2 2 2 2 2 2 2 2 2 2 2
left_child=2 4 10 -4 -2 -6 7 -5 -9 -10 17 13 -13 -12 -14 16 -16 20 -19 -7 21 -1 -23 -8 -25 -26 -22 28 29 -20
right_child=1 -3 3 6 5 19 23 8 9 -11 11 12 14 -15 15 -17 -18 18 27 -21 26 22 -24 24 25 -27 -28 -29 -30 -31
leaf_value=-6.1937340416902554e-06 0 0.00026565661408287821 0.00024655853198369805 0 0.00017030181935349421 2.9618960098110918e-05 -3.6997599248424603e-06 0 0 0.00027079376122948317 5.5941134013924712e-05 0.00025818831792375109 0 -8.1686506975518898e-06 0.00011395158634848868 0 0 7.0836260139875567e-05 0 0 -1.0208820881453665e-05 0.00017920767972959262 0 0 7.3062960299077005e-05 0 0 -6.7992709442805728e-06 0 3.9961170680776884e-05
leaf_weight=1259 409 72 80 172 86 157 800 139 84 68 83 54 148 1074 75 55 71 96 105 83 10309 53 91 113 83 90 178 1476 588 143
leaf_count=1259 409 72 80 172 86 157 800 139 84 68 83 54 148 1074 75 55 71 96 105 83 10309 53 91 113 83 90 178 1476 588 143
internal_value=1.40046e-06 5.60033e-05 -8.36534e-07 3.10501e-05 2.83394e-05 6.75064e-05 1.65422e-05 5.15719e-05 9.51308e-05 0.000152251 -4.42909e-06 1.5024e-05 6.81554e-05 0 2.38126e-05 5.09692e-05 7.06464e-05 -6.90213e-06 0 9.37067e-06 -8.62615e-06 0 5.34981e-05 0 1.62878e-05 3.66723e-05 -9.77561e-06 -1.29318e-06 2.45089e-06 1.88713e-05
internal_weight=18294 807 17487 1629 735 326 1549 463 291 152 15858 1560 403 1157 349 201 146 14298 2408 240 11890 1403 144 1086 286 173 10487 2312 836 248
internal_count=18294 807 17487 1629 735 326 1549 463 291 152 15858 1560 403 1157 349 201 146 14298 2408 240 11890 1403 144 1086 286 173 10487 2312 836 248
is_linear=0
shrinkage=0.05


Tree=23
num_leaves=31
num_cat=0
split_feature=114 103 53 133 110 117 67 14 94 121 75 134 16 2 122 73 49 85 119 25 49 33 22 117 119 28 133 14 94 137
split_gain=0.000857387 0.00106104 0.00205256 0.000629514 0.00157428 0.000283397 0.000280913 0.000241272 0.00030273 0.000184684 0.000330516 0.000644481 0.000115522 0.000207125 0.00011343 0.000240431 0.000176061 9.52913e-05 0.000250665 6.03853e-05 7.12428e-05 5.73012e-05 0.00109055 5.2117e-05 4.96821e-05 0.000117239 3.65236e-05 9.60775e-05 2.81754e-05 2.58952e-05
threshold=30.350000000000005 787.75000000000011 205.50000000000003 88.200000000000003 22.950000000000003 0.8500000000000002 14.750000000000002 0.018475221000000003 13.500000000000002 0.15000000000000005 13.750000000000002 9.1100000000000012 1.2750000000000001 0.0006863590000000001 10.500000000000002 27.350000000000005 963.95000000000016 280.37767375000004 8.5500000000000025 16.500000000000004 987.85000000000002 -0.99881218561277674 1.0000000180025095e-35 1.0000000180025095e-35 8.5500000000000025 26.400000000000002 80.390000000000015 0.020693614500000002 25.500000000000004 18.300000000000004
decision_type=2 2 2 2 2 2 2 2 2 10 2 2 2 2 2 2 2 2 10 2 2 2 2 2 8 2 2 2 2 2
left_child=3 2 -2 5 -5 17 9 24 -9 14 12 -12 -11 -14 -3 19 -17 21 -19 20 -16 22 -1 29 25 -7 28 -28 -25 -23
right_child=1 6 -4 4 -6 7 -8 8 -10 10 11 -13 13 -15 15 16 -18 18 -20 -21 -22 23 -24 26 -26 -27 27 -29 -30 -31
leaf_value=0.00021495958261296216 0 0 0.00039133854437534604 0 0.00032411256480212189 7.6130514312858894e-05 -5.3166805861041206e-07 0.00018511168334918934 0 0 0.00027715319450876189 0 0 0.00012112777487217641 0 0 0.00014414783774849933 0.00011249542259304834 0 0 5.9933955265334686e-05 -9.4728615295582871e-06 -7.8243946631538472e-06 -5.7996764752423074e-06 0 0 0 7.4979987144490283e-05 2.0082862874436323e-05 0
leaf_weight=57 121 599 58 99 50 71 996 52 104 288 50 50 81 70 73 53 73 56 206 459 94 11544 788 1571 353 50 60 57 56 55
leaf_count=57 121 599 58 99 50 71 996 52 104 288 50 50 81 70 73 53 73 56 206 459 94 11544 788 1571 353 50 60 57 56 55
internal_value=1.40876e-06 2.57186e-05 0.000147276 -3.15692e-06 9.73586e-05 -4.48801e-06 1.63989e-05 2.68857e-05 8.21406e-05 2.79607e-05 5.63571e-05 0.000151112 2.31149e-05 5.87084e-05 1.29e-05 2.59881e-05 9.29594e-05 -6.20362e-06 1.89742e-05 4.40701e-06 3.11621e-05 -7.02225e-06 1.5298e-06 -7.93862e-06 0 3.19073e-05 0 2.6978e-05 -1.82578e-06 -9.15034e-06
internal_weight=18294 3065 179 15229 149 15080 2886 630 156 1890 539 100 439 151 1351 752 126 14450 262 626 167 14188 845 13343 474 121 1744 117 1627 11599
internal_count=18294 3065 179 15229 149 15080 2886 630 156 1890 539 100 439 151 1351 752 126 14450 262 626 167 14188 845 13343 474 121 1744 117 1627 11599
is_linear=0
shrinkage=0.05


Tree=24
num_leaves=31
num_cat=0
split_feature=116 43 115 133 155 120 137 75 28 85 81 74 16 89 43 53 93 121 2 53 18 50 122 155 43 128 161 89 137 124
split_gain=0.000862116 0.00127235 0.00320106 0.000837625 0.00264359 0.000287903 0.000429684 0.000656742 0.000248295 0.00059912 0.000178303 0.00018513 0.000190496 0.000121142 0.000216342 0.000116589 0.000174647 9.44645e-05 0.000364942 0.000779022 7.15562e-05 0.000164535 9.75275e-05 9.37475e-05 7.06787e-05 4.63128e-05 2.57927e-05 3.35834e-05 2.24425e-05 2.10678e-05
threshold=293.73551695000009 0.37450000000000006 13.250000000000002 88.200000000000003 0.21800000000000005 271.89275465000009 1.0000000180025095e-35 16.950000000000003 7.0500000000000007 275.65593470000005 41.95000000000001 16.464285714285719 0.24500000000000002 55.050000000000004 0.35550000000000004 176.50000000000003 272.44644055000003 1.0000000180025095e-35 0.0012152840000000003 121.50000000000001 0.063537500000000011 1010.2500000000001 16.500000000000004 0.81400000000000017 0.32550000000000007 8.3421844997515411 0.60204081632653073 34.050000000000004 8.3900000000000023 -0.9159756150367534
decision_type=2 2 2 2 2 8 2 2 2 2 2 2 2 2 2 2 2 10 2 2 2 2 2 2 2 2 2 2 2 2
left_child=3 10 -3 5 -5 6 7 24 9 -8 -2 12 -12 20 -15 -14 -17 29 -19 -20 22 -22 26 25 -1 -24 27 -10 -29 -7
right_child=1 2 -4 4 -6 17 8 -9 13 -11 11 -13 15 14 -16 16 -18 18 19 -21 21 -23 23 -25 -26 -27 -28 28 -30 -31
leaf_value=0 0 0 0.00049284064285327791 0 0.000411619313007595 0 0 0.00022060496762181479 0 0.00017444639178687744 0 0 0 0 0.00012588034398264289 0.00018129277932871449 0 -3.4266839680511159e-06 0 0.00023442156344572141 0 8.0544657174922424e-05 4.7186624808371279e-05 4.7592260033870705e-05 5.0241797698877888e-05 0 0 -1.2618018358147252e-05 0 -9.7635272264779443e-06
leaf_weight=124 380 56 53 121 50 1290 242 59 313 70 64 82 51 60 52 71 50 1179 134 51 116 84 51 128 69 1299 501 2720 175 8599
leaf_count=124 380 56 53 121 50 1290 242 59 313 70 64 82 51 60 52 71 50 1179 134 51 116 84 51 128 69 1299 501 2720 175 8599
internal_value=1.43277e-06 5.20158e-05 0.000215607 -6.18497e-07 0.000108691 -1.99291e-06 6.36964e-06 7.10769e-05 2.69151e-06 4.60185e-05 1.90443e-05 4.68197e-05 7.00241e-05 0 5.14373e-05 9.73148e-05 0.00012577 -6.94301e-06 2.906e-06 6.99472e-05 -8.48767e-07 2.64006e-05 -2.8681e-06 6.25247e-06 0 0 -7.85097e-06 -9.55797e-06 -1.14114e-05 -8.80722e-06
internal_weight=18294 807 109 17487 171 17316 6063 252 5811 312 698 318 236 5499 112 172 121 11253 1364 185 5387 200 5187 1478 193 1350 3709 3208 2895 9889
internal_count=18294 807 109 17487 171 17316 6063 252 5811 312 698 318 236 5499 112 172 121 11253 1364 185 5387 200 5187 1478 193 1350 3709 3208 2895 9889
is_linear=0
shrinkage=0.05


Tree=25
num_leaves=31
num_cat=0
split_feature=133 36 114 23 43 116 142 101 93 129 2 59 112 33 54 128 30 114 107 81 50 44 52 29 84 74 11 42 81 139
split_gain=0.0011054 0.00437483 0.00100555 0.00191602 0.000452476 0.000479615 0.000684281 0.000839803 0.000965604 0.000195502 0.000859313 0.00422097 0.000453627 0.000676268 0.000931732 0.00011547 0.000163143 0.000108248 0.000101559 8.39582e-05 0.000137787 0.000186809 0.000259135 0.000396911 5.95508e-05 0.000193577 0.000365676 2.97751e-05 2.16955e-05 1.91023e-05
threshold=88.200000000000003 276.49416015000003 32.850000000000001 18.550694444444449 0.35050000000000003 280.38023150000009 193.38585785282802 0.69071619999999723 272.90191565000003 7.5000000000000009 0.0059917800000000012 7.9090000000000016 288.90883360000004 0.26075492095931085 0.085000000000000006 9.1911065815618631 -2.8299999999999987 24.650000000000002 10.15 32.45000000000001 1013.0500000000001 387.50000000000006 309.50000000000006 32.750000000000007 2.5500000000000012 24.292857142857148 0.0011850308680555557 0.41500000000000004 45.550000000000004 4.7745827319159639
decision_type=2 2 2 2 2 2 2 2 2 2 2 2 2 2 2 2 2 2 2 2 2 2 2 2 2 2 2 2 2 2
left_child=2 -2 9 -4 15 -6 -7 27 -9 17 12 -12 24 -14 -15 16 -5 28 19 -19 -21 -22 23 -23 -11 26 -26 -8 -1 -20
right_child=1 -3 3 4 5 6 7 8 -10 10 11 -13 13 14 -16 -17 -18 18 29 20 21 22 -24 -25 25 -27 -28 -29 -30 -31
leaf_value=-8.8537130524824377e-06 0 0.00051543863381364372 0.00032490858594883324 8.9608048318736151e-05 0 0 3.0696097201374105e-05 0.00030280896336660682 0 -9.6261851264412414e-06 -1.4591523887515853e-06 0.00048853822644155621 0 0 0.0002505903559780743 0 0 0 0 0 0 0.00017255849427136728 0 0 0 -7.824845421016509e-07 0.00016459883908352753 0 0 -6.2933448745572226e-06
leaf_weight=9436 146 51 57 88 173 139 78 104 56 2217 138 53 143 62 80 1111 184 328 155 281 231 96 66 110 75 469 51 57 171 1957
leaf_count=9436 146 51 57 88 173 139 78 104 56 2217 138 53 143 62 80 1111 184 328 155 281 231 96 66 110 75 469 51 57 171 1957
internal_value=2.77609e-06 0.000120565 1.21694e-06 3.44047e-05 2.34135e-05 6.02153e-05 8.84551e-05 0.000131446 0.000211675 -2.68938e-06 7.55539e-06 0.000110303 0 6.10639e-05 0.000138854 3.61656e-06 3.3522e-05 -5.70468e-06 9.15998e-07 1.42753e-05 2.35863e-05 3.93694e-05 6.76177e-05 9.57058e-05 -4.90325e-06 4.29203e-06 6.2408e-05 0 -8.44677e-06 -3.75499e-06
internal_weight=18363 197 18166 2047 1990 607 434 295 160 16119 3288 191 3097 285 142 1383 272 12831 3224 1112 784 503 272 206 2812 595 126 135 9607 2112
internal_count=18363 197 18166 2047 1990 607 434 295 160 16119 3288 191 3097 285 142 1383 272 12831 3224 1112 784 503 272 206 2812 595 126 135 9607 2112
is_linear=0
shrinkage=0.05


end of trees

feature_importances:
gust_at_t24h=37
soil_moist_t=29
pct_forest=24
log_customers=22
pct_wetland=22
wind_sin_t=20
tp_at_t24h=20
last_N_t=19
t2m_at_t24h=17
wind_speed_at_t48h=16
hour_of_day=15
gust_max_next_24h=14
pct_unmapped=14
gust_mean_obs=13
gust_max_last6h_obs=13
min_t2m_next_48h=13
osi_trend_last6h=12
min_t2m_next_24h=12
total_tp_next_48h=12
cumul_gust_since_onset=12
hour_cos=12
gust_peak4h_mean_next_24h=11
total_tp_next_24h=10
pressure_change_6h=10
R_t_mean_72h=9
mslma_t=9
wind_speed_max_next_1h=9
gust_max_next_6h=9
pop_density=9
frac_zero_72h=8
d2m_t=8
diffuse_rad_t=8
temp_c_t=8
pct_developed=8
gust_last_obs=7
sp_t=7
wind_speed_max_next_6h=7
gust_mean_next_24h=7
gust_gt30_next_48h=7
cumul_tp_since_onset=7
wind_speed_at_t24h=7
pct_agriculture=7
tree_canopy_pct=7
forest_x_customers=7
R_t_max_72h=6
hours_since_peak=6
wind_speed_t=6
direct_rad_t=6
gust_x_hso=6
gust_max_next_48h=6
t2m_at_t6h=6
tp_at_t48h=6
pct_forest_classified=6
gust_trend_last6h_obs=5
blh_t=5
et0_t=5
gust_mean_next_48h=5
pressure_change_3h=5
gust_gt30_since_onset=5
wind_speed_at_t6h=5
gust_at_t48h=5
t2m_at_t48h=5
tree_canopy_std=5
last_R_t=4
outage_pct_mean_72h=4
pre_event_max_outage_pct=4
storm_onset_mean_osi=4
t2m_t=4
vpd_t=4
sdswrf_t=4
wind_speed_max_next_24h=4
rural_urban_code=4
last_P_t=3
pre_event_mean_osi=3
cumul_gust_obs=3
soil_moist_x_gust=3
gust_exceed30_x_hso=3
gust_mean_next_6h=3
min_t2m_next_6h=3
wind_speed_max_next_48h=3
gust_at_t6h=3
pct_water=3
tp_rate_next_24h=3
gust_gt30_frac_next_48h=3
osi_mean_72h=2
gust_gt30_obs=2
rain_t=2
r2_t=2
mcc_t=2
dewpoint_c_t=2
gust_x_phase=2
min_t2m_next_1h=2
gust_peak4h_mean_next_6h=2
gust_gt30_next_24h=2
temp_change_6h=2
wind_speed_at_t1h=2
tp_at_t6h=2
hours_since_obs=2
n_utilities=2
osi_std_72h=1
outage_pct_max_72h=1
N_t_mean_72h=1
N_t_max_72h=1
storm_onset_max_osi=1
gust_max_obs=1
gust_gt40_obs=1
wind_cos_t=1
tcc_t=1
hcc_t=1
gust_max_next_1h=1
gust_mean_next_1h=1
gust_gt40_next_48h=1
gust_peak4h_mean_next_48h=1
wind_change_1h=1
gust_at_t1h=1
t2m_at_t1h=1
hour_sin=1
gust_gt30_frac_next_24h=1
tp_rate_next_48h=1

parameters:
[boosting: gbdt]
[objective: huber]
[metric: rmse]
[tree_learner: serial]
[device_type: cpu]
[data_sample_strategy: bagging]
[data: ]
[valid: ]
[num_iterations: 2000]
[learning_rate: 0.05]
[num_leaves: 31]
[num_threads: -1]
[seed: 42]
[deterministic: 0]
[force_col_wise: 0]
[force_row_wise: 0]
[histogram_pool_size: -1]
[max_depth: -1]
[min_data_in_leaf: 50]
[min_sum_hessian_in_leaf: 0.001]
[bagging_fraction: 0.8]
[pos_bagging_fraction: 1]
[neg_bagging_fraction: 1]
[bagging_freq: 5]
[bagging_seed: 42]
[bagging_by_query: 0]
[feature_fraction: 0.8]
[feature_fraction_bynode: 1]
[feature_fraction_seed: 42]
[extra_trees: 0]
[extra_seed: 12879]
[early_stopping_round: 0]
[early_stopping_min_delta: 0]
[first_metric_only: 0]
[max_delta_step: 0]
[lambda_l1: 0.1]
[lambda_l2: 1]
[linear_lambda: 0]
[min_gain_to_split: 0]
[drop_rate: 0.1]
[max_drop: 50]
[skip_drop: 0.5]
[xgboost_dart_mode: 0]
[uniform_drop: 0]
[drop_seed: 42]
[top_rate: 0.2]
[other_rate: 0.1]
[min_data_per_group: 100]
[max_cat_threshold: 32]
[cat_l2: 10]
[cat_smooth: 10]
[max_cat_to_onehot: 4]
[top_k: 20]
[monotone_constraints: ]
[monotone_constraints_method: basic]
[monotone_penalty: 0]
[feature_contri: ]
[forcedsplits_filename: ]
[refit_decay_rate: 0.9]
[cegb_tradeoff: 1]
[cegb_penalty_split: 0]
[cegb_penalty_feature_lazy: ]
[cegb_penalty_feature_coupled: ]
[path_smooth: 0]
[interaction_constraints: ]
[verbosity: -1]
[saved_feature_importance_type: 0]
[use_quantized_grad: 0]
[num_grad_quant_bins: 4]
[quant_train_renew_leaf: 0]
[stochastic_rounding: 1]
[linear_tree: 0]
[max_bin: 255]
[max_bin_by_feature: ]
[min_data_in_bin: 3]
[bin_construct_sample_cnt: 200000]
[data_random_seed: 42]
[is_enable_sparse: 1]
[enable_bundle: 1]
[use_missing: 1]
[zero_as_missing: 0]
[feature_pre_filter: 1]
[pre_partition: 0]
[two_round: 0]
[header: 0]
[label_column: ]
[weight_column: ]
[group_column: ]
[ignore_column: ]
[categorical_feature: ]
[forcedbins_filename: ]
[precise_float_parser: 0]
[parser_config_file: ]
[objective_seed: 16083]
[num_class: 1]
[is_unbalance: 0]
[scale_pos_weight: 1]
[sigmoid: 1]
[boost_from_average: 1]
[reg_sqrt: 0]
[alpha: 0.9]
[fair_c: 1]
[poisson_max_delta_step: 0.7]
[tweedie_variance_power: 1.5]
[lambdarank_truncation_level: 30]
[lambdarank_norm: 1]
[label_gain: ]
[lambdarank_position_bias_regularization: 0]
[eval_at: ]
[multi_error_top_k: 1]
[auc_mu_weights: ]
[num_machines: 1]
[local_listen_port: 12400]
[time_out: 120]
[machine_list_filename: ]
[machines: ]
[gpu_platform_id: -1]
[gpu_device_id: -1]
[gpu_device_id_list: ]
[gpu_use_dp: 0]
[num_gpu: 1]

end of parameters

pandas_categorical:[]
