tree
version=v4
num_class=1
num_tree_per_iteration=1
label_index=0
max_feature_idx=162
objective=huber
feature_names=last_osi last_P_t last_N_t last_D_t last_R_t last_outage_pct osi_mean_72h osi_max_72h osi_std_72h outage_pct_mean_72h outage_pct_max_72h N_t_mean_72h N_t_max_72h R_t_mean_72h R_t_max_72h pre_event_mean_osi pre_event_max_outage_pct storm_onset_max_osi storm_onset_mean_osi osi_trend_last6h is_worsening frac_zero_72h hours_since_peak gust_mean_obs gust_max_obs gust_gt30_obs gust_gt40_obs cumul_gust_obs gust_last_obs gust_max_last6h_obs gust_trend_last6h_obs gust_t wind_speed_t wind_sin_t wind_cos_t t2m_t d2m_t tp_t rain_t csnow_t sdwe_t r2_t vpd_t soil_moist_t blh_t tcc_t lcc_t mcc_t hcc_t sp_t mslma_t sdswrf_t direct_rad_t diffuse_rad_t et0_t temp_c_t dewpoint_c_t icing_risk_t gust_exceed_30 soil_moist_x_gust is_snowing gust_x_hso gust_x_phase soil_gust_x_phase gust_exceed30_x_hso gust_max_next_1h gust_mean_next_1h wind_speed_max_next_1h total_tp_next_1h min_t2m_next_1h gust_gt30_next_1h gust_gt40_next_1h gust_peak4h_mean_next_1h gust_max_next_6h gust_mean_next_6h wind_speed_max_next_6h total_tp_next_6h min_t2m_next_6h gust_gt30_next_6h gust_gt40_next_6h gust_peak4h_mean_next_6h gust_max_next_24h gust_mean_next_24h wind_speed_max_next_24h total_tp_next_24h min_t2m_next_24h gust_gt30_next_24h gust_gt40_next_24h gust_peak4h_mean_next_24h gust_max_next_48h gust_mean_next_48h wind_speed_max_next_48h total_tp_next_48h min_t2m_next_48h gust_gt30_next_48h gust_gt40_next_48h gust_peak4h_mean_next_48h gust_change_1h gust_change_3h pressure_change_3h pressure_change_6h temp_change_6h wind_change_1h cumul_gust_since_onset cumul_tp_since_onset gust_gt30_since_onset gust_at_t1h wind_speed_at_t1h t2m_at_t1h tp_at_t1h gust_at_t6h wind_speed_at_t6h t2m_at_t6h tp_at_t6h gust_at_t24h wind_speed_at_t24h t2m_at_t24h tp_at_t24h gust_at_t48h wind_speed_at_t48h t2m_at_t48h tp_at_t48h hour_of_day hour_sin hour_cos days_since_onset hours_since_obs storm_phase log_customers rural_urban_code is_metro pop_density n_utilities pct_forest pct_developed pct_agriculture pct_water pct_wetland pct_unmapped pct_forest_classified tree_canopy_pct tree_canopy_std forest_x_customers window_len_next_1h is_full_next_1h tp_rate_next_1h gust_gt30_frac_next_1h has_weather_at_t1h window_len_next_6h is_full_next_6h tp_rate_next_6h gust_gt30_frac_next_6h has_weather_at_t6h window_len_next_24h is_full_next_24h tp_rate_next_24h gust_gt30_frac_next_24h has_weather_at_t24h window_len_next_48h is_full_next_48h tp_rate_next_48h gust_gt30_frac_next_48h has_weather_at_t48h
feature_infos=[0:0.55230000000000001] [0:0.82424180700000005] [0:0.021710291] [0:0.90465771100000003] [0:0.039181763000000001] [0:82.420000000000002] [4.1666666666666669e-06:0.26529999999999998] [0.0001:0.65049999999999997] [1.9982631347136334e-05:0.22470370552747407] [0.00083333333333333328:39.644861111111112] [0.02:100] [3.1208333333333337e-06:0.018623942125000001] [7.4900000000000005e-05:0.37916412199999999] [3.1208333333333337e-06:0.017093115180555556] [7.4900000000000005e-05:0.119716399] [0:0.38653749999999998] [0:100] [0:0.59799999999999998] [0:0.20940416666666664] [-0.022628571428571428:0.017611428571428573] [0:1] [0:0.95833333333333337] [0:71] [13.03611111111111:31.258333333333326] [29.300000000000001:70] [0:35] [0:18] [938.59999999999991:2250.5999999999995] [3.5:47.5] [15.4:64.5] [-6.477142857142856:3.3114285714285714] [0.59999999999999998:57.799999999999997] [0:38] [-0.99999999953664132:0.99999999913657367] [-0.99999999329043221:1] [261.05202270000001:298.3466019] [257.33913039999999:289.8677619] [0:11.300000000000001] [0:11.300000000000001] [0:2.6600000000000001] [0:0.089999999999999997] [15:100] [0:2.5] [0.16700000000000001:0.52000000000000002] [10:3090] [0:100] [0:100] [0:100] [0:100] [884.60000000000002:1027] [986.70000000000005:1031.8] [0:840] [0:731] [0:463] [0:0.60999999999999999] [-12.097977299999968:25.196601900000019] [-15.81086959999999:16.717761900000028] [0:1] [0:27.799999999999997] [0.19259999999999999:23.550000000000001] [0:1] [0.80000000000000004:3819.7999999999997] [0:107.59999999999999] [0:47.100000000000001] [0:1689.7999999999997] [1.2:57.799999999999997] [0.89999999999999991:54.5] [0:38] [0:14.699999999999999] [260.0631818:298.21776599999998] [0:2] [0:2] [0.89999999999999991:54.5] [5.4000000000000004:57.799999999999997] [3.5714285714285716:49.328571428571429] [0.40000000000000002:38] [0:26.699999999999999] [259.42265909999998:296.22558249999997] [0:7] [0:7] [4.3499999999999996:52.550000000000004] [13.199999999999999:57.799999999999997] [8.2360000000000007:43.052] [6:38] [0:51.199999999999996] [259.42265909999998:286.57337899999999] [0:25] [0:19] [12.25:52.550000000000004] [13.199999999999999:57.799999999999997] [7.961224489795919:37.897959183673471] [6:38] [0:52.900000000000006] [259.42265909999998:281.94003939999999] [0:40] [0:22] [12.75:52.550000000000004] [-24.299999999999997:28.199999999999999] [-32:35.700000000000003] [-6.1999999999999318:10.599999999999909] [-10.899999999999977:14.599999999999909] [-20.027499999999975:21.845291299999985] [-15.300000000000001:28.000000000000004] [347.09999999999997:3733.5999999999999] [0:53.200000000000003] [0:61] [0.59999999999999998:57.799999999999997] [0:38] [260.0631818:298.3466019] [0:11.300000000000001] [1.3999999999999999:57.799999999999997] [0:38] [259.42265909999998:298.3466019] [0:11.300000000000001] [0.90000000000000002:57.799999999999997] [0:38] [259.42265909999998:298.3466019] [0:11.300000000000001] [0.90000000000000002:53.799999999999997] [0:34.299999999999997] [259.42265909999998:296.58327589999999] [0:11.300000000000001] [0:23] [-1:1] [-1:1] [1:4] [1:96] [0:2] [7.1180162044653335:13.453719692845613] [1:9] [0:1] [8.3691524328166658:11939.655837338518] [1:14] [0.96999999999999997:88.719999999999999] [2.21:86.629999999999995] [0.040000000000000001:87.469999999999999] [0.01:5.5099999999999998] [0:19.780000000000001] [1.8899999999999999:18.32] [0.98868616858628067:95.815074496056084] [2.2000000000000002:80.340000000000003] [12.65:40.140000000000001] [8.0679963363985543:851.54750536995925] none none [0:7.3499999999999996] [0:1] none none none [0:3.8142857142857141] [0:1] none none none [0:2.048] [0:1] none none none [0:1.0795918367346939] [0:0.81632653061224492] none
tree_sizes=2936 2947 2984 2980 2927 2979 3003 2941 2979 2963 2895 2926 2923 2879 2908 2932 2917 2940 2835 2894 2944 2968 2868 2974 2898 2898 2901

Tree=0
num_leaves=31
num_cat=0
split_feature=133 90 103 0 133 160 141 77 49 112 10 103 43 138 100 2 160 0 134 85 139 50 6 82 138 133 41 2 124 29
split_gain=0.585735 0.921991 0.102948 0.137302 0.094254 0.0624399 0.105824 0.0295843 0.0248514 0.013821 0.0107189 0.00680404 0.00629801 0.00795368 0.00845093 0.00594242 0.00501929 0.00489095 0.00389553 0.00374585 0.00498619 0.00269653 0.00247752 0.00220462 0.00272634 0.00208393 0.00181782 0.00181139 0.0117676 0.00170785
threshold=88.200000000000003 25.328571428571433 1201.1500000000003 0.21365000000000003 80.210000000000022 0.34795918367346951 25.270000000000007 275.55836775000006 1005.9500000000002 283.88579930000009 31.090000000000003 2130.6000000000008 0.37150000000000005 4.8350000000000009 3.9500000000000459 0.00093457300000000007 0.37244897959183682 0.41135000000000005 10.385000000000002 272.33746340000005 84.467414954242443 1022.35 0.021504166666666668 14.978000000000003 3.9200000000000004 67.000000000000014 59.500000000000007 0.0059917800000000012 -0.9159756150367534 30.450000000000003
decision_type=2 2 2 2 2 2 2 2 2 2 2 2 2 2 2 2 2 2 2 2 2 2 2 2 2 2 2 2 2 2
left_child=2 11 3 4 7 9 -7 8 10 29 12 -2 15 14 -14 23 21 19 -15 27 22 -9 -21 24 -1 -18 -20 -4 -29 -6
right_child=1 -3 17 -5 5 6 -8 16 -10 -11 -12 -13 13 18 -16 -17 25 -19 26 20 -22 -23 -24 -25 -26 -27 -28 28 -30 -31
leaf_value=0.0036629606095963346 0.0039594840902031844 0.011843516434502897 0.0031254628215935548 0.0054045475219982476 0.0035507571886716602 0.0039155354790544709 0.0068425479548339645 0.0031546600519823343 0.0045490708015126302 0.0042535870429688694 0.0040479078923066 0.0032170496732501423 0.0034447412338665523 0.003271540471416558 0.0044055095847355778 0.0037132887930113449 0.003271540471416558 0.0035640377175593951 0.0033085730624110295 0.0031805344042514019 0.0036003201676810654 0.003271540471416558 0.0034573927168444684 0.0032562648222168875 0.0033071690638875224 0.003492180642108161 0.00384257721171944 0.0039363321822198389 0.0031385988603279875 0.0032298634342324312
leaf_weight=84 50 50 7832 86 55 94 50 1487 55 58 76 51 63 155 57 104 281 62 52 1368 77 663 74 605 262 197 61 51 379 99
leaf_count=84 50 50 7832 86 55 94 50 1487 55 58 76 51 63 155 57 104 281 62 52 1368 77 663 74 605 262 197 61 51 379 99
internal_value=0.00327183 0.00635985 0.00323977 0.00343333 0.00339459 0.00417549 0.00498396 0.00332704 0.00349893 0.00359741 0.0034568 0.00353871 0.00342169 0.00359815 0.00394803 0.00335181 0.00322594 0.00314794 0.00342097 0.00314476 0.0032222 0.00319207 0.00319833 0.00330661 0.00340883 0.0033677 0.00364318 0.00313113 0.00324614 0.00331327
internal_weight=14638 151 14487 4644 4558 356 144 4202 1574 212 1519 101 1443 388 120 1055 2628 9843 268 9781 1519 2150 1442 951 346 478 113 8262 430 154
internal_count=14638 151 14487 4644 4558 356 144 4202 1574 212 1519 101 1443 388 120 1055 2628 9843 268 9781 1519 2150 1442 951 346 478 113 8262 430 154
is_linear=0
shrinkage=1


Tree=1
num_leaves=31
num_cat=0
split_feature=133 90 61 0 133 119 101 85 77 49 85 133 28 100 29 2 114 50 6 15 77 21 138 83 160 137 69 0 133 2
split_gain=0.529601 0.833766 0.0758837 0.135923 0.0327035 0.0434115 0.0411198 0.0306321 0.0201624 0.0175108 0.0121924 0.0272029 0.0119472 0.00654855 0.00881755 0.00693383 0.00621393 0.00511685 0.00489676 0.00486775 0.00400497 0.00360906 0.00262417 0.0036834 0.0023762 0.00205741 0.00323662 0.00189324 0.00177309 0.00167834
threshold=88.200000000000003 25.328571428571433 409.55000000000007 0.21365000000000003 79.980000000000004 9.8500000000000032 -1.4780022500000027 284.51171220000009 275.55836775000006 1006.4500000000002 273.84030045000003 80.390000000000015 44.050000000000004 3.3000000000000118 27.300000000000001 0.00093457300000000007 14.350000000000003 1028.5500000000002 0.021504166666666668 0.0021312500000000003 273.28730910000007 0.52083333333333337 3.9200000000000004 15.15 0.39897959183673476 1.0000000180025095e-35 290.24630005000006 0.051850000000000007 67.000000000000014 0.0059917800000000012
decision_type=2 2 2 2 2 2 2 2 2 2 2 2 2 2 2 2 2 2 2 2 2 2 2 2 2 2 2 2 2 2
left_child=2 16 3 4 8 6 -6 10 9 12 25 17 13 -1 -15 22 -2 18 -12 -7 -14 -17 23 -16 27 26 -4 -10 -26 -27
right_child=1 -3 7 -5 5 19 -8 -9 24 -11 11 -13 20 14 15 21 -18 -19 -20 -21 -22 -23 -24 -25 28 29 -28 -29 -30 -31
leaf_value=-1.9200847547698452e-05 -5.21939122672148e-05 0.0081517811559652011 -8.0431293453838706e-05 0.0022032018075278758 0.0024788306063661973 -1.0951916131696948e-05 0.00039622528630435094 0.00095173762488925332 -8.794845545148602e-05 0.0011193485760472518 -7.3812363089130299e-05 0.00085730569496912971 0.0010460060631381706 0.00075305947010785752 0.00045301114308614993 0.0005506296614771122 0.00065460350013185533 0.00044357176101327228 0.00031044268790407975 0.00048873010456848608 0.00025085628097648235 0 6.6651927067187555e-06 0 0 -0.00013955457675812464 0.00031328110201727776 4.131444478956231e-05 0.00029532237020647722 -2.0394093575871805e-05
leaf_weight=475 51 50 294 79 50 126 58 67 1358 51 1465 90 51 70 93 142 50 52 83 64 55 52 552 82 97 8129 62 299 81 410
leaf_count=475 51 50 294 79 50 126 58 67 1358 51 1465 90 51 70 93 142 50 52 83 64 55 52 552 82 97 8129 62 299 81 410
internal_value=5.83539e-07 0.00293692 -2.98778e-05 0.000160316 0.000115442 0.000619312 0.00142016 -9.88304e-05 7.0408e-05 0.000199266 -0.000106042 1.44248e-05 0.000165545 0.000124036 0.000197682 0.000149277 0.000251673 -3.037e-05 -4.97945e-05 0.000132862 0.000686358 0.000419609 6.9794e-05 0.000239342 -4.08859e-05 -0.000129491 0 -6.15969e-05 0.000123246 -0.000134422
internal_weight=14638 151 14487 3835 3756 298 108 10652 3458 1623 10585 1690 1572 1466 991 921 101 1600 1548 190 106 194 727 175 1835 8895 356 1657 178 8539
internal_count=14638 151 14487 3835 3756 298 108 10652 3458 1623 10585 1690 1572 1466 991 921 101 1600 1548 190 106 194 727 175 1835 8895 356 1657 178 8539
is_linear=0
shrinkage=0.05


Tree=2
num_leaves=31
num_cat=0
split_feature=133 90 126 0 133 100 137 88 77 118 23 120 2 142 133 95 77 120 120 89 14 92 133 50 137 69 133 2 113 136
split_gain=0.478858 0.753981 0.0733352 0.102979 0.0857978 0.0609107 0.0606656 0.0949525 0.026541 0.0181897 0.0132226 0.0190106 0.0112706 0.00936448 0.0062447 0.00621685 0.00570606 0.00513428 0.0039833 0.00553313 0.00391185 0.00380424 0.00257614 0.00229749 0.00219177 0.0040546 0.00203853 0.00140257 0.0100306 0.00117797
threshold=88.200000000000003 25.328571428571433 39.500000000000007 0.21365000000000003 80.210000000000022 1.2500000000000002 0.015000000000000001 36.112500000000004 275.55836775000006 24.850000000000005 18.550694444444449 279.57570415000004 0.0006863590000000001 518.59598981673639 59.215000000000011 8.5000000000000018 268.94578905000009 273.01185545000004 274.65931845000006 49.550000000000004 0.024047289000000003 19.550000000000008 67.000000000000014 1022.35 1.0000000180025095e-35 290.24630005000006 55.255000000000003 0.0059917800000000012 0.75000000000000011 0.37000000000000005
decision_type=2 2 2 2 2 2 2 2 2 2 2 2 2 2 2 2 2 2 2 2 2 2 2 2 2 2 2 2 2 2
left_child=2 16 3 4 8 -5 7 9 10 -6 11 13 18 -1 15 17 -2 -14 -12 26 -8 23 -23 -10 25 -4 29 -26 -29 -20
right_child=1 -3 24 5 6 -7 20 -9 21 -11 12 -13 14 -15 -16 -17 -18 -19 19 -21 -22 22 -24 -25 27 -27 -28 28 -30 -31
leaf_value=0.0014059774272189114 -5.1052288841814377e-05 0.007752183844499729 -7.8525562711131947e-05 0.00049989942733276015 0.0012094653664502806 0.0028356690114399175 -3.3190737306103696e-05 0.0030142548684185992 -0.00010191071840459897 3.8444676159997472e-05 -4.6132254573808944e-05 -1.3007837356111081e-05 0.00016363045354213969 0.00041550959275249227 7.7084285930590046e-05 8.9005613612243908e-05 0.00062396077713107369 0.00093207390695581877 0.00028060780961764977 0.00057497237152978446 0.00043950027946521649 -6.195885428318195e-06 0.00021158110295538192 0 -0.00013159408788172855 0.00035678670063722309 -4.3011835428610248e-05 -0.00012723233679641193 0.00059885818140443289 4.8420776580587299e-05
leaf_weight=62 51 50 301 74 71 52 126 62 2284 79 556 75 50 72 157 79 50 105 124 66 56 320 193 801 7828 64 187 364 53 226
leaf_count=62 51 50 301 74 71 52 126 62 2284 79 556 75 50 72 157 79 50 105 124 66 56 320 193 801 7828 64 187 364 53 226
internal_value=8.16509e-07 0.00279295 -2.8132e-05 0.00010757 7.55418e-05 0.00151798 0.000787067 0.00136176 2.21398e-05 0.000630179 0.000181917 0.000561525 0.000127178 0.000917843 0.000360828 0.000528789 0.000236934 0.000718878 4.38006e-05 0.000134941 8.65371e-05 -5.4612e-05 6.62604e-05 -7.63469e-05 -0.000121342 0 7.05972e-05 -0.000126649 -2.17738e-05 0.000145491
internal_weight=14638 151 14487 5877 5751 126 394 212 5357 150 1759 209 1550 134 391 234 101 155 1159 603 182 3598 513 3085 8610 365 537 8245 417 350
internal_count=14638 151 14487 5877 5751 126 394 212 5357 150 1759 209 1550 134 391 234 101 155 1159 603 182 3598 513 3085 8610 365 537 8245 417 350
is_linear=0
shrinkage=0.05


Tree=3
num_leaves=31
num_cat=0
split_feature=133 90 103 18 137 90 120 50 9 2 112 75 128 101 4 4 72 114 1 92 137 24 137 82 124 139 114 137 103 28
split_gain=0.432987 0.681829 0.0780168 0.103936 0.0741422 0.0889808 0.0439222 0.0190275 0.0130751 0.0130383 0.0105813 0.00765728 0.00983878 0.00818878 0.0076173 0.00946959 0.00815607 0.00527068 0.00412478 0.00293418 0.00393581 0.00280005 0.0026789 0.00603369 0.0158009 0.00480685 0.00208789 0.00198773 0.0018157 0.00173023
threshold=88.200000000000003 25.328571428571433 1201.1500000000003 0.063537500000000011 1.0000000180025095e-35 25.328571428571433 274.38358365000005 1027.3500000000001 0.042777777777777783 0.00036114100000000004 283.68809900000002 7.3500000000000005 9.293439940087163 -5.0159615500000134 1.1520000000000002e-05 0.0033372235000000004 12.425000000000002 14.350000000000003 0.61966513750000007 20.250000000000004 0.13500000000000004 58.550000000000004 0.055000000000000007 25.900000000000006 -0.9159756150367534 84.467414954242443 23.350000000000005 18.300000000000004 995.55000000000018 7.0500000000000007
decision_type=2 2 2 2 2 2 2 2 2 2 2 2 2 2 2 2 2 2 2 2 2 2 2 2 2 2 2 2 2 2
left_child=2 17 3 4 5 10 -5 9 29 11 -1 12 13 -6 -11 16 -16 -2 22 21 28 -13 23 -4 -25 -26 -23 -24 -21 -9
right_child=1 -3 18 6 7 -7 -8 8 -10 14 -12 19 -14 -15 15 -17 -18 -19 -20 20 -22 26 27 24 25 -27 -28 -29 -30 -31
leaf_value=0 -5.1025184136681041e-05 0.007372174899221636 -0.00011187124388308816 0.00044497012711535388 0.00094371909778526999 0.0028500831282843708 0.002553967739748318 0.00034102760725391082 0.00096850414385157141 -3.0373087425978622e-05 0.00076902772699806671 -9.2672543758215642e-05 5.5171703788683487e-06 0.00016942556453870968 8.76784488818058e-05 0.00013436889562417034 0.00081959265088692244 0.00059589943792054661 0.00027506631053256572 0.00057293633989912438 -1.4234189797964549e-05 0.00023343169111011879 -0.00012249650189257767 0.00093046144922622137 -9.4424200595927661e-05 0.00035995176417812107 -1.2402792697355043e-05 0.00012532579880855573 2.4076020224283461e-05 0
leaf_weight=76 51 50 912 53 60 50 61 52 93 194 91 2024 463 130 76 358 136 50 62 50 208 112 8399 51 286 72 236 61 52 69
leaf_count=76 51 50 912 53 60 50 61 52 93 194 91 2024 463 130 76 358 136 50 62 50 208 112 8399 51 286 72 236 61 52 69
internal_value=9.91529e-07 0.00265604 -2.65187e-05 0.000141926 0.000103039 0.00100406 0.00162934 5.63248e-05 0.00051635 3.09683e-05 0.000407927 -1.03061e-05 0.000141164 0.000443778 0.000217452 0.000310462 0.000582326 0.000222917 -0.000106506 -4.90879e-05 8.84914e-05 -6.9205e-05 -0.000109464 -3.75021e-05 0.000116002 0 5.28319e-05 -0.000120104 0.000344619 0.000122753
internal_weight=14638 151 14487 4644 4530 217 114 4313 214 4099 167 3335 653 190 764 570 212 101 9843 2682 310 2372 9781 1321 409 358 348 8460 102 121
internal_count=14638 151 14487 4644 4530 217 114 4313 214 4099 167 3335 653 190 764 570 212 101 9843 2682 310 2372 9781 1321 409 358 348 8460 102 121
is_linear=0
shrinkage=0.05


Tree=4
num_leaves=31
num_cat=0
split_feature=133 90 103 18 133 119 138 120 50 77 9 2 116 133 103 15 131 88 96 75 124 30 1 160 133 74 160 33 61 12
split_gain=0.391495 0.61658 0.0707373 0.0977538 0.0654458 0.050324 0.0302893 0.0282136 0.0199283 0.011807 0.0100535 0.00914381 0.00841514 0.00667868 0.00484854 0.00458675 0.0114846 0.0337871 0.00625903 0.00424265 0.00668598 0.00388828 0.00303831 0.00262096 0.00178561 0.00175704 0.00159232 0.00109991 0.000938854 0.000882379
threshold=88.200000000000003 25.328571428571433 1173.5500000000002 0.063537500000000011 80.210000000000022 9.3500000000000032 4.4350000000000014 276.21030935000005 1027.3500000000001 275.55836775000006 0.042777777777777783 0.0006863590000000001 286.26938360000008 59.215000000000011 2130.6000000000008 0.00092500000000000015 33.845472724088289 32.987500000000004 44.562500000000007 6.7500000000000009 0.78656609248549303 0.31428571428571334 0.083848462000000026 0.37244897959183682 67.000000000000014 10.935714285714289 0.52346938775510221 0.36612146111310101 222.65000000000001 0.09273153100000002
decision_type=2 2 2 2 2 2 2 2 2 2 2 2 2 2 2 2 2 2 2 2 2 2 2 2 2 2 2 2 2 2
left_child=2 14 3 4 8 6 -6 -5 9 11 26 19 -7 21 -2 -4 17 -17 29 20 -1 -13 -20 25 -25 -11 -10 -26 -15 -18
right_child=1 -3 15 7 5 12 -8 -9 10 23 -12 13 -14 28 -16 16 18 -19 22 -21 -22 -23 -24 24 27 -27 -28 -29 -30 -31
leaf_value=1.1781488189590161e-05 0.00056830228828510057 0.0070107939576401438 -0.00012040846514606472 0.00065702909882252162 0.0023837472594888942 -3.9222673069038489e-06 0.0007518991224455538 0.0025133109792961545 0.00034296929108117743 3.9869543855694731e-06 0.00092059407921314749 0.00034948828019222008 0.00060230906723783963 0.00019909225200878133 -5.0105547057822919e-05 -3.9487763925903679e-05 -0.00011023596703641268 0.0012027383068966694 0 5.8938517098065563e-06 0.00067501890895929303 0.00099795832096268499 0.0003973405566191718 -1.5470402680671677e-05 0 -9.7036864538031643e-05 0 0.00026004154705423603 0 0
leaf_weight=124 50 50 7133 50 60 117 80 52 51 467 93 114 88 84 51 209 2261 70 160 859 67 55 85 195 50 1557 56 130 61 159
leaf_count=124 50 50 7133 50 60 117 80 52 51 467 93 114 88 84 51 209 2261 70 160 859 67 55 85 195 50 1557 56 130 61 159
internal_value=1.1972e-06 0.00252584 -2.4945e-05 0.000141585 0.000103926 0.000764321 0.00149867 0.00166713 4.49951e-05 1.77038e-05 0.000530964 0.00013607 0.000233702 0.000375532 0.000209588 -9.83263e-05 -4.3103e-05 0.000257507 -7.65343e-05 5.94126e-05 0.000272781 0.00059457 0.000155937 -4.75409e-05 6.70727e-05 -7.12679e-05 0.000140629 0.00018371 8.36689e-05 -0.00010219
internal_weight=14638 151 14487 4410 4308 345 140 102 3963 3763 200 1364 205 314 101 10077 2944 279 2665 1050 191 169 245 2399 375 2024 107 180 145 2420
internal_count=14638 151 14487 4410 4308 345 140 102 3963 3763 200 1364 205 314 101 10077 2944 279 2665 1050 191 169 245 2399 375 2024 107 180 145 2420
is_linear=0
shrinkage=0.05


Tree=5
num_leaves=31
num_cat=0
split_feature=133 83 93 18 133 82 138 120 44 93 77 23 120 2 133 95 112 140 82 128 15 15 92 96 21 105 92 36 28 4
split_gain=0.399063 0.580026 0.0600891 0.071565 0.0794161 0.0771526 0.0798066 0.0507272 0.017669 0.0101013 0.0111302 0.0100955 0.0190793 0.0101291 0.00610645 0.0045612 0.00314185 0.00249745 0.00229961 0.00344449 0.00197322 0.00744825 0.00207043 0.00157005 0.00233033 0.00144194 0.00130225 0.00121013 0.00100553 0.000977002
threshold=88.200000000000003 14.450000000000001 267.14417930000008 0.063537500000000011 79.980000000000004 24.898000000000003 4.4350000000000014 273.46900440000007 387.50000000000006 270.77153565000009 275.55836775000006 18.550694444444449 279.57570415000004 0.00064742850000000008 59.215000000000011 8.5000000000000018 282.86512610000005 61.045000000000009 14.314000000000002 9.0769232520067131 0.00092500000000000015 0.00094270833333333348 10.750000000000002 39.662500000000009 0.40972222222222227 9.5000000000000018 6.5500000000000025 269.20687145000005 27.700000000000003 0.0033372235000000004
decision_type=2 2 2 2 2 2 2 2 2 2 2 2 2 2 2 2 2 2 2 2 2 2 2 2 2 2 2 2 2 2
left_child=2 -2 20 4 9 8 -7 -5 -6 17 11 12 -11 18 15 29 -10 -4 19 -13 -1 -22 -23 -24 -25 27 -12 -19 -21 -15
right_child=1 -3 3 7 5 6 -8 -9 16 10 26 13 -14 14 -16 -17 -18 25 -20 28 21 22 23 24 -26 -27 -28 -29 -30 -31
leaf_value=-0.00011927008911368524 0.0001475967505515049 0.0066577609938315383 -7.9974253726171939e-05 0.00034392212291589077 0.00094951853405315575 0.0031685658221048754 0.00044362850468147733 0.0021624167287456141 -9.0850649082481312e-05 0.0010150540032585317 -9.0612775858919678e-05 0.00050839643511068776 -1.9933291923327702e-05 0.00094221645877951227 4.519765214290996e-05 7.2388626844518253e-05 0.00028633184760880852 0.00033490964737887098 -7.2957197243597233e-06 -8.1543817456074221e-06 0.0003670256301855809 -0.00010714147118446225 -5.773978149508449e-05 0 0.00029903430421484873 -1.2208965694633494e-05 1.2233925808881404e-05 0 0.00017041199811226868 0.00038165769186262284
leaf_weight=6297 95 54 2008 104 74 57 60 69 134 95 452 58 66 71 114 55 84 69 626 141 92 1941 483 137 90 173 770 85 105 57
leaf_count=6297 95 54 2008 104 74 57 60 69 134 95 452 58 66 71 114 55 84 69 626 141 92 1941 483 137 90 173 770 85 105 57
internal_value=2.88589e-06 0.00256897 -2.31929e-05 0.000106225 7.27791e-05 0.000741769 0.00182914 0.00110621 0.000284257 1.62973e-05 8.46604e-05 0.000181903 0.000562405 0.000127487 0.000383313 0.000565378 3.22985e-05 -5.79803e-05 4.00932e-05 0.000153774 -0.000102874 -6.33835e-05 -8.03385e-05 0 0.000100689 6.16656e-05 -2.17622e-05 0.000176456 4.82014e-05 0.000736246
internal_weight=14716 149 14567 5527 5354 409 117 173 292 4945 2610 1388 161 1227 297 183 218 2335 930 304 9040 2743 2651 710 227 327 1222 154 246 128
internal_count=14716 149 14567 5527 5354 409 117 173 292 4945 2610 1388 161 1227 297 183 218 2335 930 304 9040 2743 2651 710 227 327 1222 154 246 128
is_linear=0
shrinkage=0.05


Tree=6
num_leaves=31
num_cat=0
split_feature=103 13 137 90 6 33 50 135 49 2 137 35 41 92 101 21 25 75 124 92 137 12 83 3 137 88 22 101 103 150
split_gain=0.0948306 0.196505 0.145288 0.371292 0.064984 0.0295687 0.014818 0.0130026 0.011662 0.00911955 0.00597479 0.0162767 0.00515289 0.00452235 0.00448436 0.00392561 0.00381771 0.00277293 0.00331815 0.00242664 0.00364506 0.00241597 0.00409458 0.00208002 0.00205405 0.00197163 0.00173736 0.00938168 0.00165237 0.00152471
threshold=1231.6000000000001 0.0039296913055555565 1.0000000180025095e-35 26.505102040816336 0.021504166666666668 -0.41610446781345783 1027.2500000000002 29.415000000000003 979.55000000000007 0.00036114100000000004 1.0000000180025095e-35 290.50171500000005 61.500000000000007 22.450000000000006 -5.2301700499999972 0.52083333333333337 2.5000000000000004 7.0500000000000007 0.78656609248549303 20.250000000000004 0.13500000000000004 0.096316070500000003 21.050000000000004 0.037226010000000011 18.300000000000004 26.037500000000005 1.0000000180025095e-35 -7.3461507499999916 989.95000000000016 0.66428571428571426
decision_type=2 2 2 2 2 2 2 2 2 2 2 2 2 2 2 2 2 2 2 2 2 2 2 2 2 2 2 2 2 2
left_child=1 2 3 8 6 -6 9 16 -1 14 11 29 13 23 17 -14 -8 18 -4 25 28 24 -23 -11 26 -16 27 -12 -21 -2
right_child=10 -3 4 -5 5 -7 7 -9 -10 12 21 -13 15 -15 19 -17 -18 -19 -20 20 -22 22 -24 -25 -26 -27 -28 -29 -30 -31
leaf_value=0 -9.0564135169536136e-05 0.0024239605723050776 0 0.0048515390481477152 0.0017935746769384983 0.00015494413354264741 0.00043768232769350742 0.00099513692490290837 0.00077136194783088282 -8.1154263924259227e-05 0.00063025151678434055 0.00086445064824918014 0.00060693064295995773 0.00046463424200949595 1.4666898309847706e-05 1.2688741918527591e-05 -1.7552586093104049e-05 1.7407702154608194e-05 0.00054254913003918572 0.00052158934184936461 -1.8586594111263327e-05 -5.4314911635168798e-05 0.00035749579133775313 0.00011093845989921776 0.00015782845670072988 -8.6417210344199642e-05 -0.00010864507808454842 -8.5717825553896477e-05 3.2790660809496325e-05 0.00014805837428320955
leaf_weight=140 271 95 76 56 77 54 64 71 79 208 50 58 106 72 524 62 96 312 73 53 275 251 75 353 60 2077 8452 434 63 79
leaf_count=140 271 95 76 56 77 54 64 71 79 208 50 58 106 72 524 62 96 312 73 53 275 251 75 353 60 2077 8452 434 63 79
internal_value=2.9365e-06 0.000180552 0.000135469 0.00125087 6.76791e-05 0.00116228 3.4341e-05 0.000424123 0.000289552 1.19053e-05 -8.75755e-05 9.34323e-05 0.000164551 8.86897e-05 -2.20941e-05 0.000418586 0.000135073 0.000119973 0.000299858 -4.56867e-05 6.41187e-05 -9.60433e-05 2.59398e-05 3.08024e-05 -0.000101022 -6.41333e-05 -0.000103337 -2.97787e-07 0.000301405 -2.21902e-05
internal_weight=14716 4986 4891 275 4616 131 4485 231 219 4254 9730 408 801 633 3453 168 160 461 149 2992 391 9322 326 561 8996 2601 8936 484 116 350
internal_count=14716 4986 4891 275 4616 131 4485 231 219 4254 9730 408 801 633 3453 168 160 461 149 2992 391 9322 326 561 8996 2601 8936 484 116 350
is_linear=0
shrinkage=0.05


Tree=7
num_leaves=31
num_cat=0
split_feature=140 85 138 93 0 77 50 9 11 89 49 92 139 84 89 101 2 89 36 12 83 50 2 101 142 19 84 114 6 126
split_gain=0.126012 0.268965 0.352612 0.04348 0.089643 0.0306981 0.0145135 0.0136898 0.0108753 0.0132618 0.00710994 0.00644614 0.02047 0.0223895 0.00609125 0.00555923 0.00421698 0.00295815 0.00292728 0.0029003 0.00484442 0.00286544 0.00273799 0.00716675 0.00251823 0.0023766 0.00165358 0.00152902 0.00149619 0.00120332
threshold=75.820000000000007 277.82451485000007 5.955000000000001 270.77153565000009 0.21365000000000003 289.97645580000005 1027.2500000000002 0.042777777777777783 0.0044062812152777788 43.95000000000001 979.55000000000007 20.050000000000008 84.467414954242443 14.150000000000004 38.95000000000001 0.093555649999984794 0.0035617145000000003 53.750000000000007 284.34021570000004 0.096316070500000003 21.050000000000004 1028.5500000000002 0.0035617145000000003 -8.2842028499999838 127.74809539787391 2.7142857142857138e-05 1.6500000000000006 18.050000000000004 0.0086486111111111121 34.500000000000007
decision_type=2 2 2 2 2 2 2 2 2 2 2 2 2 2 2 2 2 2 2 2 2 2 2 2 2 2 2 2 2 2
left_child=3 5 -3 11 6 18 8 -8 14 -10 -4 19 21 -14 28 16 17 24 -2 22 -21 26 -1 -24 -16 27 -13 -26 -5 -25
right_child=1 2 10 4 -6 -7 7 -9 9 -11 -12 12 13 -15 15 -17 -18 -19 -20 20 -22 -23 23 29 25 -27 -28 -29 -30 -31
leaf_value=-0.00010422240174490251 -8.396363975079201e-05 0.0048041350586796542 0.00017260373727577435 -8.2846361237579115e-05 0.0019821066166041418 0.0011995258465524077 8.0984469197360078e-05 0.001250972173633581 0 0.00098829753537003342 0.00097335506623289479 9.9419144670940759e-05 0.0014493010121605396 0 0 -7.4215469290294271e-06 0.00057252463074595051 0.00050975820098540423 0.00029994210513655613 -4.9831675878862857e-05 0.00036956663248764184 0.00028971140462575326 0.00047976475020033727 5.3453681745061965e-05 0.00012254042135637498 0 -8.4438304788635906e-05 0.00039033323252014694 9.5284223518654856e-05 -9.0055460888709526e-05
leaf_weight=8782 531 77 77 797 64 53 67 52 65 69 70 118 50 59 364 592 71 58 50 266 87 59 68 149 209 111 870 150 113 568
leaf_count=8782 531 77 77 797 64 53 67 52 65 69 70 118 50 59 364 592 71 58 50 266 87 59 68 149 209 111 870 150 113 568
internal_value=3.06891e-06 0.000591032 0.00207686 -3.30133e-05 0.000143039 5.57524e-05 9.71834e-05 0.000640071 7.01666e-05 0.000510748 0.000591698 -7.76934e-05 3.08368e-05 0.000681912 4.39912e-05 0.000105226 0.000179598 0.000142117 -4.18756e-05 -9.08465e-05 4.01605e-05 -3.27597e-05 -9.62066e-05 -1.52337e-07 0.000109982 0.000186576 -5.73457e-05 0.000249094 -5.51581e-05 -5.32361e-05
internal_weight=14716 858 224 13858 2782 634 2718 119 2599 134 147 11076 1156 109 2465 1555 963 892 581 9920 353 1047 9567 785 834 470 988 359 910 717
internal_count=14716 858 224 13858 2782 634 2718 119 2599 134 147 11076 1156 109 2465 1555 963 892 581 9920 353 1047 9567 785 834 470 988 359 910 717
is_linear=0
shrinkage=0.05


Tree=8
num_leaves=31
num_cat=0
split_feature=133 90 93 18 133 82 138 120 28 50 32 135 126 17 137 43 83 136 93 83 1 15 15 92 138 137 24 44 86 7
split_gain=0.323652 0.569821 0.0451678 0.0535637 0.0576357 0.058825 0.0622229 0.0384516 0.0143847 0.0138646 0.0134833 0.0100601 0.00839658 0.00519605 0.00413771 0.0109628 0.00318843 0.0024101 0.00297777 0.00209314 0.00184808 0.00151418 0.00623005 0.00158359 0.00190092 0.00170324 0.00139374 0.000978466 0.000908534 0.00147449
threshold=88.200000000000003 25.063265306122453 267.14417930000008 0.063537500000000011 79.980000000000004 24.898000000000003 4.4350000000000014 273.46900440000007 21.250000000000004 1027.2500000000002 4.5500000000000007 29.415000000000003 10.500000000000002 0.011500000000000002 0.75500000000000012 0.37350000000000005 13.050000000000002 0.33500000000000008 271.47531805000006 8.9500000000000011 0.036738039000000007 0.00092500000000000015 0.00094270833333333348 10.750000000000002 4.1800000000000006 0.65500000000000014 52.150000000000013 107.50000000000001 10.500000000000002 0.039000000000000007
decision_type=2 2 2 2 2 2 2 2 2 2 2 2 2 2 2 2 2 2 2 2 2 2 2 2 2 2 2 2 2 2
left_child=2 -2 21 4 9 8 -7 -5 10 12 -6 16 13 19 26 17 -11 18 -16 -4 27 -1 -23 -24 25 -25 -15 -14 -26 -30
right_child=1 -3 3 7 5 6 -8 -9 -10 11 -12 -13 20 14 15 -17 -18 -19 -20 -21 -22 22 23 24 28 -27 -28 -29 29 -31
leaf_value=-0.00010385066982843893 5.0659721196279858e-05 0.0066089512612305451 0.0002062673243831558 0.00028652897968311754 0.0012567323054018843 0.0027658203515677779 0.00034993442047156445 0.0018782877180991428 -4.8857575527912178e-06 0.0004086217054236119 1.4141369675389093e-05 0.00089338772633784343 7.4218358400257253e-05 -2.5855878904081918e-05 0 0.00079627605876561982 -8.3000442607450885e-06 9.3328630113058897e-06 0.00056515522961196824 -6.1114606780823027e-05 1.9315262450349123e-05 0.00033894133432367719 -9.343467347953527e-05 0.00039272022740848256 -8.585529617792703e-05 0 0.00014337101183762706 -7.2843085421961978e-05 0.00026058537940506154 -2.5386236977907689e-05
leaf_weight=6297 99 50 83 104 53 57 60 69 188 62 51 72 84 191 58 89 93 205 61 460 722 92 1941 51 414 57 215 2550 55 133
leaf_count=6297 99 50 83 104 53 57 60 69 188 62 51 72 84 191 58 89 93 205 61 460 722 92 1941 51 414 57 215 2550 55 133
internal_value=3.18287e-06 0.00231415 -2.02691e-05 9.18758e-05 6.28056e-05 0.000632778 0.00158274 0.000957274 0.000230974 1.45339e-05 0.000700942 0.000395527 -2.81745e-06 0.0001007 0.000180611 0.000294921 0.000127968 0.000139792 0.000320915 -1.07489e-05 -4.63358e-05 -8.93894e-05 -5.43433e-05 -6.99999e-05 0 0.000185774 5.16064e-05 -6.62293e-05 -4.05289e-05 3.27567e-05
internal_weight=14716 149 14567 5527 5354 409 117 173 292 4945 104 227 4718 1362 819 413 155 324 119 543 3356 9040 2743 2651 710 108 406 2634 602 188
internal_count=14716 149 14567 5527 5354 409 117 173 292 4945 104 227 4718 1362 819 413 155 324 119 543 3356 9040 2743 2651 710 108 406 2634 602 188
is_linear=0
shrinkage=0.05


Tree=9
num_leaves=31
num_cat=0
split_feature=139 86 103 18 33 139 92 22 85 77 49 2 115 96 88 24 82 85 50 92 128 15 15 95 140 82 28 101 66 92
split_gain=0.104636 0.249656 0.0388422 0.055623 0.0322798 0.0297797 0.0464347 0.0668092 0.0275015 0.0144654 0.0145014 0.00711149 0.00534912 0.0042879 0.00399531 0.00551711 0.0037163 0.00343585 0.00234209 0.00159832 0.00237436 0.00156123 0.00791034 0.00233576 0.00187306 0.00153132 0.0015065 0.00108224 0.00173299 0.00095204
threshold=90.664525633972247 10.500000000000002 1272.5500000000004 0.06499583333333335 -0.41610446781345783 84.467414954242443 17.250000000000007 6.5000000000000009 277.82451485000007 275.55836775000006 1005.9500000000002 0.0006863590000000001 12.15 42.175000000000011 25.512500000000006 37.500000000000007 24.514000000000006 271.88859360000004 1021.4500000000002 10.050000000000002 9.4017455261924869 0.00092500000000000015 0.00093958333333333339 3.5000000000000004 17.375000000000004 19.126000000000001 7.0500000000000007 -2.8752575000000031 11.275000000000002 17.450000000000006
decision_type=2 2 2 2 2 2 2 2 2 2 2 2 2 2 2 2 2 2 2 2 2 2 2 2 2 2 2 2 2 2
left_child=2 8 3 5 -5 9 13 -8 16 10 11 14 -10 -7 15 -1 -2 -13 29 20 -17 -4 -23 -24 -25 -19 -20 28 -28 -11
right_child=1 -3 21 4 -6 6 7 -9 12 18 -12 17 -14 -15 -16 19 -18 25 26 -21 -22 22 23 24 -26 -27 27 -29 -30 -31
leaf_value=0.00055132677715300817 -0.00010073783250885136 0.0030755533956267601 -9.8380101098212989e-05 0.0019308683539566119 0.00018888798212806173 -4.5421792809985153e-05 0.00029086972534492992 0.0026768384324204106 0.0013172250279672401 -9.4329425739020329e-05 0.00095523834850808433 0.00060995216105514739 0.00038672417711289734 0.00045599652297544086 -1.8588887270954861e-05 0.00037653979326912135 0.00027610131572274602 0.00031751086247700389 0.00018586307164793783 -3.697171909720158e-05 4.2740563826572739e-05 0.00055918302487435886 -7.9369551024584175e-05 -5.407823390632563e-06 0.00024424457665347038 1.7577811320899666e-06 0 -2.5142681859156473e-05 0.00035552779776980081 0
leaf_weight=79 276 90 6524 63 58 181 83 50 52 1453 54 93 52 51 699 86 84 114 111 140 262 50 2289 172 98 109 57 959 50 277
leaf_count=79 276 90 6524 63 58 181 83 50 52 1453 54 93 52 51 699 86 84 114 111 140 262 50 2289 172 98 109 57 959 50 277
internal_value=3.26201e-06 0.000677025 -2.27877e-05 8.83065e-05 0.00114525 6.10026e-05 0.00049562 0.00123845 0.000195427 2.48822e-05 0.000144448 0.000113028 0.000907708 4.48286e-05 5.51544e-05 0.000154741 0 0.00032821 -4.07141e-05 7.93184e-05 0.0001404 -8.4511e-05 -4.78901e-05 -6.19186e-05 6.73235e-05 0.000186192 1.0008e-05 -3.77433e-06 0.000139905 -7.80971e-05
internal_weight=14716 554 14162 5029 121 4908 365 133 464 4543 1636 1582 104 232 1266 567 360 316 2907 488 348 9133 2609 2559 270 223 1177 1066 107 1730
internal_count=14716 554 14162 5029 121 4908 365 133 464 4543 1636 1582 104 232 1266 567 360 316 2907 488 348 9133 2609 2559 270 223 1177 1066 107 1730
is_linear=0
shrinkage=0.05


Tree=10
num_leaves=31
num_cat=0
split_feature=139 156 93 18 139 36 120 116 50 104 69 3 112 8 44 100 89 15 30 88 0 28 137 137 99 137 26 28 105 91
split_gain=0.0891729 0.20803 0.0327281 0.0477606 0.0341157 0.0514934 0.0328083 0.0256957 0.00993729 0.00847156 0.00820639 0.00615925 0.00582626 0.00551837 0.00720702 0.00497871 0.00420698 0.00234506 0.00317319 0.00197438 0.00179484 0.00145881 0.00144772 0.00140656 0.00127856 0.00393888 0.00122569 0.000854328 0.000866883 0.00169651
threshold=90.664525633972247 0.38000000000000006 267.39996630000007 0.063537500000000011 85.299518965764761 268.35656255000004 273.46900440000007 291.67943850000006 1027.2500000000002 0.75000000000000011 276.33708320000005 0.0084883540000000018 284.70507255000007 0.0033121497835936343 752.50000000000011 4.2500000000000009 32.95000000000001 0.00021875000000000006 0.31428571428571334 18.387500000000006 0.41135000000000005 27.700000000000003 0.62000000000000011 18.300000000000004 4.4500000000000464 0.36000000000000004 13.500000000000002 7.0500000000000007 10.500000000000002 20.950000000000003
decision_type=2 2 2 2 2 2 2 2 2 2 2 2 2 2 2 2 2 2 2 2 2 2 2 2 2 2 2 2 2 2
left_child=2 7 20 4 8 -6 -5 12 11 10 -10 19 -2 14 -13 -15 -14 -17 21 22 23 -19 -4 24 -1 -26 -23 28 -21 -30
right_child=1 -3 3 6 5 -7 -8 -9 9 -11 -12 13 16 15 -16 17 -18 18 -20 27 -22 26 -24 -25 25 -27 -28 -29 29 -31
leaf_value=-8.7348660089327671e-05 -6.992828313685989e-05 0.0028000781518241406 0.00031249495041133331 0.000199480718569248 0 0.0015376534223308369 0.0017849879480405326 0.0012407031381963844 0.0010404495173873055 0 9.0283523201370577e-05 0.00078564638258807264 0 -1.6268756727475425e-05 2.96470848427686e-06 1.6427527483159389e-05 0.00061882668956448998 0 0.0005145808527420039 -4.2641691205418111e-05 0.00017305960331118273 0.00025451302279746167 0 0.00013607079171509083 0.00041958004914169372 -7.1586959781901296e-05 0 -8.2001360961850257e-05 -3.2714312636436698e-06 0.00032113511139868938
leaf_weight=8641 294 91 54 79 122 94 67 50 62 87 56 60 53 1281 83 325 62 116 82 347 56 219 118 55 50 179 81 1680 51 55
leaf_count=8641 294 91 54 79 122 94 67 50 62 87 56 60 53 1281 83 325 62 116 82 347 56 219 118 55 50 179 81 1680 51 55
internal_value=1.79004e-06 0.000626107 -2.22509e-05 7.81466e-05 5.08188e-05 0.000664721 0.000968283 0.000179083 2.17588e-05 0.000361828 0.000636088 5.26945e-06 3.43954e-05 6.51486e-05 0.00036926 4.19386e-05 0.000342508 0.000138516 0.00020798 -5.09377e-05 -8.00345e-05 0.000134464 0.000100623 -8.22019e-05 -8.41342e-05 1.52736e-05 0.000192782 -6.55436e-05 0 0.000119752
internal_weight=14650 550 14100 5119 4973 216 146 459 4757 205 118 4552 409 2247 143 2104 115 823 498 2305 8981 416 172 8925 8870 229 300 2133 453 106
internal_count=14650 550 14100 5119 4973 216 146 459 4757 205 118 4552 409 2247 143 2104 115 823 498 2305 8981 416 172 8925 8870 229 300 2133 453 106
is_linear=0
shrinkage=0.05


Tree=11
num_leaves=31
num_cat=0
split_feature=133 90 103 18 137 133 106 77 49 13 92 134 0 3 30 95 29 84 15 131 82 96 83 126 131 3 138 13 24 134
split_gain=0.242759 0.471293 0.0360821 0.0513917 0.0335313 0.0303676 0.00909877 0.00812692 0.0125988 0.00719049 0.00589834 0.00939451 0.00370372 0.00259358 0.00254042 0.00415027 0.00232913 0.00224535 0.00208791 0.00704333 0.0266149 0.00247377 0.00201194 0.00261156 0.00149866 0.00108558 0.00101529 0.000982622 0.00231706 0.000897829
threshold=88.200000000000003 25.063265306122453 1160.3000000000004 0.063537500000000011 1.0000000180025095e-35 84.075000000000017 12.750000000000002 276.46267095000002 1005.9500000000002 0.0029774413125000006 19.550000000000008 5.6900000000000004 0.41135000000000005 0.014970919000000001 0.31428571428571334 3.5000000000000004 31.050000000000004 1.2500000000000004 0.00092500000000000015 33.845472724088289 26.214000000000002 42.912500000000009 16.250000000000004 21.500000000000004 46.914709146432635 0.057744021000000006 4.120000000000001 0.0011338282986111112 55.150000000000013 10.385000000000002
decision_type=2 2 2 2 2 2 2 2 2 2 2 2 2 2 2 2 2 2 2 2 2 2 2 2 2 2 2 2 2 2
left_child=2 17 3 4 5 6 -1 8 9 13 25 -12 18 16 24 -16 22 -2 -4 20 -20 -21 23 26 -15 -9 -6 28 -26 -23
right_child=1 -3 12 -5 7 -7 -8 10 -10 -11 11 -13 -14 14 15 -17 -18 -19 19 21 -22 29 -24 -25 27 -27 -28 -29 -30 -31
leaf_value=0.00080075312926575345 -0.00015296567844128923 0.0059077470030124285 -8.8110621600197443e-05 0.0012431852328342015 0.00022697646618464117 0.001722819421132127 0 -7.9953767555371812e-05 0.00084908052465988921 0.00058381838667726806 0.00065333385541299855 1.1394981491685029e-05 0.0002852388589257208 0.00035134133111824396 0 0.00069769035055047292 -7.1452652515397298e-05 0.00029004492094934585 -1.5265995476187929e-05 -8.0305178233144617e-05 0.0012108027943594486 0 -2.8751098761425792e-05 0.00051396912425986441 0 7.9494061148217232e-06 0 0 0.00025236511571052504 0.00014305659165464541
leaf_weight=55 56 50 7245 96 78 54 99 1486 58 73 75 299 66 56 58 52 442 50 224 2292 52 146 167 50 153 330 179 286 156 167
leaf_count=55 56 50 7245 96 78 54 99 1486 58 73 75 299 66 56 58 52 442 50 224 2292 52 146 167 50 153 330 179 286 156 167
internal_value=1.90506e-06 0.00195776 -1.89346e-05 0.000102004 7.44794e-05 0.000693398 0.000291388 4.08639e-05 0.000119736 9.22371e-05 -2.19937e-05 0.000154858 -7.04779e-05 6.75236e-05 0.000136085 0.000372757 5.02511e-06 1.00303e-05 -7.33181e-05 -3.4366e-05 0.000201219 -6.13125e-05 8.68664e-05 0.000165882 8.79148e-05 -6.12328e-05 7.70516e-05 5.41846e-05 0.000116486 6.16539e-05
internal_weight=14650 156 14494 4302 4206 208 154 3998 1808 1750 2190 374 10192 1677 761 110 916 106 10126 2881 276 2605 474 307 651 1816 257 595 309 313
internal_count=14650 156 14494 4302 4206 208 154 3998 1808 1750 2190 374 10192 1677 761 110 916 106 10126 2881 276 2605 474 307 651 1816 257 595 309 313
is_linear=0
shrinkage=0.05


Tree=12
num_leaves=31
num_cat=0
split_feature=133 90 103 18 137 82 32 50 104 3 69 41 43 101 1 92 3 15 131 82 96 2 93 136 107 134 92 139 14 83
split_gain=0.219493 0.426468 0.0328684 0.049402 0.0312709 0.0268592 0.0177486 0.00740402 0.00651097 0.00586025 0.00530087 0.00446086 0.012634 0.00380223 0.00369544 0.00229013 0.00231801 0.0020891 0.00663453 0.0249164 0.00282676 0.00167001 0.00162041 0.00150242 0.00148521 0.00120689 0.0011307 0.00186565 0.00100822 0.000901462
threshold=88.200000000000003 24.854081632653067 1146.8500000000004 0.06499583333333335 1.0000000180025095e-35 24.898000000000003 4.0500000000000007 1027.3500000000001 0.75000000000000011 0.010936583000000001 276.33708320000005 56.500000000000007 0.38850000000000007 -6.4727797499999999 0.61966513750000007 22.450000000000006 0.03267248100000001 0.00092500000000000015 33.845472724088289 26.214000000000002 44.337500000000013 0.0011514315000000002 271.82759050000004 0.30500000000000005 7.1500000000000012 10.385000000000002 15.350000000000003 84.776263981478465 0.021183272000000003 17.350000000000005
decision_type=2 2 2 2 2 2 2 2 2 2 2 2 2 2 2 2 2 2 2 2 2 2 2 2 2 2 2 2 2 2
left_child=2 24 3 4 5 6 -1 9 10 13 -9 15 22 -6 17 21 -17 -4 19 -19 -20 -11 -13 -24 -2 -22 29 -28 -27 -15
right_child=1 -3 14 -5 7 -7 -8 8 -10 11 -12 12 -14 26 -16 16 -18 18 20 -21 25 -23 23 -25 -26 28 27 -29 -30 -31
leaf_value=0.0010692698858831278 -0.00015184123045764862 0.0055649596495697135 -8.3503061419958004e-05 0.0013342968652104901 0.00029813363435442588 0.0016837001153558401 -2.9355560487042215e-05 0.00091666688787705834 0 -3.427753176832587e-05 9.2231915668190378e-05 0 0.00077089948028636474 -1.0084243232810861e-05 0.00028754307849874968 0.00049461719562084638 0 -1.4506088550034392e-05 -7.4628437695975754e-05 0.0011532666599325073 0 0.00011623934981404936 0.00039572891342264696 5.8840820724812885e-05 0.00021683722569902717 0 -3.0336719502839711e-06 0.00030048030622613933 0.00033454673451226396 -9.3135944802479533e-05
leaf_weight=50 54 51 7332 79 83 51 103 61 75 638 51 178 89 728 67 51 54 224 2374 54 127 253 68 161 51 66 409 53 68 947
leaf_count=50 54 51 7332 79 83 51 103 61 75 638 51 178 89 728 67 51 54 224 2374 54 127 253 68 161 51 66 409 53 68 947
internal_value=2.01424e-06 0.0018618 -1.77849e-05 9.99606e-05 7.46567e-05 0.000678206 0.000301817 4.16305e-05 0.000349848 2.46668e-05 0.000589641 0.000101947 0.000226335 -2.50423e-05 -6.6026e-05 3.48224e-05 0.000255627 -6.88541e-05 -3.0251e-05 0.000197727 -5.62661e-05 2.93885e-06 9.34013e-05 0.000181902 0 9.13177e-05 -4.00665e-05 2.15597e-05 0.0001963 -6.00503e-05
internal_weight=14650 156 14494 4182 4103 204 153 3899 187 3712 112 1492 496 2220 10312 996 105 10245 2913 278 2635 891 407 229 105 261 2137 462 134 1675
internal_count=14650 156 14494 4182 4103 204 153 3899 187 3712 112 1492 496 2220 10312 996 105 10245 2913 278 2635 891 407 229 105 261 2137 462 134 1675
is_linear=0
shrinkage=0.05


Tree=13
num_leaves=31
num_cat=0
split_feature=133 90 103 18 133 119 44 50 104 92 17 46 116 1 4 73 84 85 15 136 141 103 7 54 32 99 113 99 35 4
split_gain=0.198456 0.38603 0.0298064 0.0446021 0.028647 0.0273257 0.0202445 0.00770182 0.00857979 0.00489673 0.00446691 0.00395399 0.00346424 0.00335131 0.00276756 0.00218455 0.00189961 0.00188965 0.00328835 0.00189895 0.0045545 0.00167834 0.00155393 0.00318692 0.00146296 0.00140656 0.00124152 0.0103093 0.000841898 0.00115557
threshold=88.200000000000003 25.063265306122453 1146.8500000000004 0.06499583333333335 80.210000000000022 9.3500000000000032 752.50000000000011 1026.7500000000002 0.75000000000000011 24.450000000000006 0.025250000000000005 7.5000000000000009 286.26938360000008 0.61966513750000007 0.0040377470000000004 12.350000000000003 1.2500000000000004 273.95978370000006 0.00093958333333333339 0.6100000000000001 35.440000000000005 940.6500000000002 0.048900000000000006 0.095000000000000015 2.5500000000000003 1.3000000000000116 1.3500000000000003 1.350000000000023 274.14449575000009 0.00060696000000000003
decision_type=2 2 2 2 2 2 2 2 2 2 2 2 2 2 2 2 2 2 2 2 2 2 2 2 2 2 2 2 2 2
left_child=2 16 3 4 7 6 -6 10 9 -9 15 21 -7 17 -13 24 -2 26 -19 -20 -21 22 23 -12 25 -1 -4 -28 29 -17
right_child=1 -3 13 -5 5 12 -8 8 -10 -11 11 14 -14 -15 -16 28 -18 18 19 20 -22 -23 -24 -25 -26 -27 27 -29 -30 -31
leaf_value=0 -0.00014316714295235119 0.0053453594965257633 -7.9235638622039117e-05 0.0012684159787604585 0.0015331049439572227 -5.6568617628027611e-05 0.00016070143309232938 0.0009902834345552104 0 0.00021220567588423604 0.00042961111052336492 0.00050669312526264076 0.00033988068408719952 0.00027337734794320354 2.7244398314040861e-05 -2.0244303631746635e-05 0.00026501479046191001 -5.1928633253033922e-05 0 0.00053013032834937088 0 0 2.308128084238336e-05 0 0 0.00040805796652291202 -7.0221341122355939e-05 0.00067559733542878479 -6.6990421303857897e-05 0.00023210810744265996
leaf_weight=59 56 50 8206 79 86 103 52 53 102 68 99 91 88 67 81 119 50 1157 190 75 62 810 243 68 212 55 505 50 1659 55
leaf_count=59 56 50 8206 79 86 103 52 53 102 68 99 91 88 67 81 119 50 1157 190 75 62 810 243 68 212 55 505 50 1659 55
internal_value=2.07469e-06 0.0017705 -1.67349e-05 9.53707e-05 7.12628e-05 0.00051898 0.00105682 3.07812e-05 0.000316027 0.000599324 1.13764e-05 8.22139e-05 0.000100866 -6.26886e-05 0.000311271 -3.19977e-05 3.31988e-06 -6.54009e-05 -9.24864e-06 0.000126217 0.000268822 4.55972e-05 0.000128006 0.000249872 8.11016e-05 0.000224736 -7.43396e-05 0 -5.48721e-05 3.18214e-05
internal_weight=14650 156 14494 4182 4103 329 138 3774 223 121 3551 1392 191 10312 172 2159 106 10245 1484 327 137 1220 410 167 326 114 8761 555 1833 174
internal_count=14650 156 14494 4182 4103 329 138 3774 223 121 3551 1392 191 10312 172 2159 106 10245 1484 327 137 1220 410 167 326 114 8761 555 1833 174
is_linear=0
shrinkage=0.05


Tree=14
num_leaves=31
num_cat=0
split_feature=133 90 103 9 133 49 94 120 22 32 77 49 2 133 138 82 120 7 0 92 96 100 116 2 113 77 133 0 80 2
split_gain=0.17943 0.349236 0.0271532 0.0335704 0.0288466 0.0269956 0.036732 0.0255285 0.00999129 0.010308 0.00683287 0.00930868 0.00256839 0.00263375 0.00217622 0.00251048 0.00214926 0.00365702 0.00173043 0.00146043 0.00165016 0.00154998 0.00133595 0.00124461 0.00851333 0.00108443 0.00297249 0.00101849 0.000819394 0.000733339
threshold=88.200000000000003 24.854081632653067 1209.6500000000003 3.3623611111111114 80.210000000000022 965.95000000000016 15.500000000000002 273.46900440000007 7.5000000000000009 5.3500000000000005 275.55836775000006 1005.9500000000002 0.00036114100000000004 59.215000000000011 3.9200000000000004 14.314000000000002 273.55540765000006 0.039000000000000007 0.41135000000000005 19.550000000000008 37.037500000000009 -2.8500000000000223 269.92385940000003 0.0035617145000000003 1.3500000000000003 286.54706405000007 78.110000000000014 0.018250000000000006 11.962500000000004 0.00097368600000000008
decision_type=2 2 2 2 2 2 2 2 2 2 2 2 2 2 2 2 2 2 2 2 2 2 2 2 2 2 2 2 2 2
left_child=2 22 3 4 10 -6 8 -5 -7 -10 11 12 14 16 15 -1 -14 -18 23 28 -21 -22 -2 25 27 -4 -27 -25 -12 -19
right_child=1 -3 18 7 5 6 -8 -9 9 -11 19 -13 13 -15 -16 -17 17 29 -20 20 21 -23 -24 24 -26 26 -28 -29 -30 -31
leaf_value=0.00040541583821464749 0.00020373282514461047 0.0050348193806488651 -7.7527959294080036e-05 3.8610407209361396e-05 -0.00011499056947495854 -4.7804657520065384e-05 0.0018985644370288848 0.0014182248468533522 0.0011886666060802651 0.00016844771938823969 7.3703100315362786e-06 0.0007659754277435396 0 0 -2.3556706044447319e-06 2.6791819685122984e-05 0.00075807013736468648 0 0.00017936557389592993 0 0 0.0003418721482833066 -0.0001465676391327923 0.0001360651330442461 0.00061789392023438631 -4.5771352891636763e-05 0.00026694466656700561 -6.5518344874214329e-05 -6.0510542000367684e-05 0.00027645120854849205
leaf_weight=76 51 51 7872 70 112 61 58 81 55 70 424 52 51 158 827 183 53 53 61 310 50 77 54 53 50 889 80 783 1808 77
leaf_count=76 51 51 7872 70 112 61 58 81 55 70 424 52 51 158 827 183 53 53 61 310 50 77 54 53 50 889 80 783 1808 77
internal_value=2.18345e-06 0.00168372 -1.5685e-05 8.25416e-05 5.69551e-05 0.000489027 0.000786027 0.000816025 0.000404071 0.000662898 1.9025e-05 0.000103937 7.67615e-05 0.000189145 3.14593e-05 0.000158257 0.000296392 0.000376031 -6.3426e-05 -2.77985e-05 5.04777e-05 0.000202358 0 -6.54809e-05 -2.82556e-06 -7.11934e-05 -1.45505e-05 -4.66175e-05 -4.53789e-05 0.000177511
internal_weight=14650 156 14494 4706 4555 356 244 151 186 125 4199 1530 1478 392 1086 259 234 183 9788 2669 437 127 105 9727 886 8841 969 836 2232 130
internal_count=14650 156 14494 4706 4555 356 244 151 186 125 4199 1530 1478 392 1086 259 234 183 9788 2669 437 127 105 9727 886 8841 969 836 2232 130
is_linear=0
shrinkage=0.05


Tree=15
num_leaves=31
num_cat=0
split_feature=133 86 93 133 0 36 94 100 35 50 135 100 96 24 33 26 41 22 137 32 3 75 99 139 14 0 137 30 34 106
split_gain=0.139976 0.246117 0.027326 0.0300706 0.0324446 0.0288989 0.0472744 0.0240219 0.0152613 0.00701553 0.0077359 0.00534677 0.00682959 0.0113014 0.00255859 0.00205862 0.0025836 0.00286684 0.00156236 0.00134719 0.00167552 0.00127606 0.00113764 0.00383094 0.00107937 0.000831939 0.000796475 0.000776485 0.000841349 0.000715158
threshold=88.200000000000003 4.5000000000000009 267.14417930000008 79.980000000000004 0.21365000000000003 268.08106340000001 15.500000000000002 1.2500000000000002 281.20417655000006 1027.2500000000002 29.415000000000003 4.4500000000000464 41.912500000000001 50.850000000000009 -0.74585708830773034 13.500000000000002 60.500000000000007 7.5000000000000009 1.5500000000000003 3.4500000000000006 0.050651599000000005 15.15 4.4500000000000464 69.145222415553789 0.015212125500000001 0.41135000000000005 18.300000000000004 -1.915714285714285 -0.030617655027352197 8.8500000000000032
decision_type=2 2 2 2 2 2 2 2 2 2 2 2 2 2 2 2 2 2 2 2 2 2 2 2 2 2 2 2 2 2
left_child=2 -2 22 4 9 14 8 -6 -7 11 18 24 19 -14 -5 16 -15 -18 -11 -13 -21 -10 25 -24 -4 26 -1 -26 -29 -30
right_child=1 -3 3 5 7 6 -8 -9 21 10 -12 12 13 15 -16 -17 17 -19 -20 20 -22 -23 23 -25 27 -27 -28 28 29 -31
leaf_value=-7.2165155830453939e-05 -3.6197425969611627e-05 0.0040403102953477784 -4.5858316057649149e-05 -0.00011073744150929193 0.00016754873979870786 0.0010805250837001949 0.0022189423958815704 0.0016430251906988107 -5.2593993630522618e-05 -7.2838842902066446e-05 0.00072973772344994356 0.00019870737355328553 0.00080522912648004234 2.041652322105196e-05 0.00028819747722729394 0 0.00065570294593558895 2.1315934656466299e-05 0.00022711117094295337 -5.9531071253945286e-05 9.162532650173566e-05 0.00025011932990952015 -5.3264560020637723e-05 0.00042545738451949824 -3.0711830043474666e-05 8.7513348865156463e-05 7.8603649000573924e-05 0 0 0.0001788319627418518
leaf_weight=8676 93 58 2372 121 75 59 51 53 62 69 71 83 77 130 58 164 56 52 74 601 252 50 187 50 408 55 56 306 61 175
leaf_count=8676 93 58 2372 121 75 59 51 53 62 69 71 83 77 130 58 164 56 52 74 601 252 50 187 50 408 55 56 306 61 175
internal_value=3.31095e-06 0.001513 -1.21648e-05 7.54718e-05 4.14386e-05 0.000492918 0.000872911 0.000825249 0.000431827 2.00022e-05 0.000299887 6.24213e-06 8.84488e-05 0.000242101 0 0.000120101 0.00021414 0.000399127 4.81571e-05 4.30621e-06 -8.96545e-06 3.93156e-05 -6.59403e-05 2.80865e-05 -2.72851e-05 -6.90482e-05 -7.06168e-05 1.38312e-05 5.65647e-05 0.000127301
internal_weight=14655 151 14504 5480 5079 401 222 128 171 4951 214 4737 1415 479 179 402 238 108 143 936 853 112 9024 237 3322 8787 8732 950 542 236
internal_count=14655 151 14504 5480 5079 401 222 128 171 4951 214 4737 1415 479 179 402 238 108 143 936 853 112 9024 237 3322 8787 8732 950 542 236
is_linear=0
shrinkage=0.05


Tree=16
num_leaves=31
num_cat=0
split_feature=133 90 103 18 137 44 89 81 30 77 2 137 160 134 61 85 15 128 77 133 53 6 49 45 61 15 99 96 81 141
split_gain=0.126236 0.225389 0.0253287 0.0350011 0.0216681 0.0225953 0.0138856 0.00713502 0.0136645 0.0114369 0.00489026 0.00482802 0.00407025 0.00434696 0.00361449 0.00315475 0.00381437 0.00863034 0.00187563 0.00276259 0.00158184 0.0013514 0.00125425 0.00123097 0.00110205 0.000916821 0.00309204 0.00190285 0.00167876 0.000892865
threshold=88.200000000000003 24.10510204081633 1120.4000000000003 0.06499583333333335 1.0000000180025095e-35 782.50000000000011 38.850000000000001 28.950000000000003 -3.5399999999999996 274.71475915000002 0.00021126900000000001 5.580000000000001 0.41326530612244899 5.79 21.500000000000004 276.14923485000003 0.0011052083333333337 9.232155983247015 275.14644470000002 13.645000000000001 36.500000000000007 0.021504166666666668 987.35000000000002 88.500000000000014 94.65000000000002 0.00092500000000000015 4.4500000000000464 39.662500000000009 42.250000000000007 30.73
decision_type=2 2 2 2 2 2 2 2 2 2 2 2 2 2 2 2 2 2 2 2 2 2 2 2 2 2 2 2 2 2
left_child=2 -2 3 4 5 6 -1 8 9 -6 12 20 -9 -14 -10 25 21 -18 19 -16 22 -17 -12 -21 -25 -4 27 -27 -29 -30
right_child=1 -3 15 -5 7 -7 -8 10 14 -11 11 -13 13 -15 18 16 17 -19 -20 23 -22 -23 -24 24 -26 26 -28 28 29 -31
leaf_value=0.00037806172908368845 0 0.0041075833135982981 -7.2116443543693797e-05 0.0011489955364959315 0.00018749107339820689 0 0.0017234473708416702 -6.381764973522587e-05 0.00042320712375628434 0.0011767029468983149 6.2690531480645475e-05 0.00059570534067990429 0.00053022058993770652 5.5523698059782104e-06 0 -3.5750803746143637e-05 0.00078964992326327065 0 -1.711662107779451e-05 3.4110664574268409e-05 -1.7227260391066649e-05 0.0002068602245609805 0.00039142742899077185 5.2391818677217266e-05 0.00046729525365578394 -6.3600967097060827e-05 0.00029752107541291764 0.00027262160875104758 -4.6400570598606372e-05 0.00010961065376969642
leaf_weight=51 100 51 6701 77 93 93 50 1807 72 56 191 54 57 191 219 766 50 138 479 99 184 58 54 58 85 2270 64 66 288 133
leaf_count=51 100 51 6701 77 93 93 50 1807 72 56 191 54 57 191 219 766 50 138 479 99 184 58 54 58 85 2270 64 66 288 133
internal_value=3.33009e-06 0.00143702 -1.13493e-05 9.58232e-05 7.34186e-05 0.00058928 0.00110348 4.48602e-05 0.000147508 0.000597975 -1.66058e-07 0.000140789 -3.57799e-05 0.000147867 7.57236e-05 -5.22198e-05 2.83756e-05 0.000232596 4.33728e-05 0.000116948 7.06466e-05 -1.23832e-05 0.000156769 0.00023329 0.000335267 -6.13126e-05 -3.38608e-05 -4.34714e-05 4.00486e-05 0
internal_weight=14655 151 14504 3970 3893 194 101 3699 1161 149 2538 483 2055 248 1012 10534 1012 188 940 461 429 824 245 242 143 9522 2821 2757 487 421
internal_count=14655 151 14504 3970 3893 194 101 3699 1161 149 2538 483 2055 248 1012 10534 1012 188 940 461 429 824 245 242 143 9522 2821 2757 487 421
is_linear=0
shrinkage=0.05


Tree=17
num_leaves=31
num_cat=0
split_feature=133 82 103 18 137 44 89 77 49 11 92 43 85 133 18 2 138 75 128 137 126 113 99 3 25 4 27 137 77 137
split_gain=0.114373 0.209269 0.0230694 0.031573 0.0196877 0.0204784 0.0123518 0.006319 0.0108074 0.00479582 0.0043821 0.00786717 0.00286943 0.00366077 0.00326959 0.00284519 0.00497187 0.00198885 0.00329113 0.00194149 0.00125243 0.00087838 0.00893658 0.000756424 0.000748829 0.000906968 0.000763173 0.000713459 0.000640168 0.00137876
threshold=88.200000000000003 24.716000000000005 1120.4000000000003 0.06499583333333335 1.0000000180025095e-35 782.50000000000011 38.850000000000001 276.46267095000002 1005.9500000000002 0.0044062812152777788 20.650000000000006 0.32950000000000007 276.14923485000003 80.210000000000022 0.063537500000000011 0.0006863590000000001 6.7500000000000009 6.4500000000000011 9.232155983247015 0.99500000000000011 25.500000000000004 1.3500000000000003 1.5999999999999661 0.063342813000000012 2.5000000000000004 0.0018649930000000003 1880.3500000000001 18.300000000000004 286.32691830000005 1.0000000180025095e-35
decision_type=2 2 2 2 2 2 2 2 2 2 2 2 2 2 2 2 2 2 2 2 2 2 2 2 2 2 2 2 2 2
left_child=2 -2 3 4 5 6 -1 8 9 15 23 20 21 14 -14 17 19 18 -6 -17 -12 27 -23 -9 -19 -26 -27 28 -4 -30
right_child=1 -3 12 -5 7 -7 -8 10 -10 -11 11 -13 13 -15 -16 16 -18 24 -20 -21 -22 22 -24 -25 25 26 -28 -29 29 -31
leaf_value=0.00035952215997090559 0 0.0037977305751597415 -6.8509197690752336e-05 0.001092282314628112 0.0004835678293297421 0 0.0016389646473587217 -6.3802940302322723e-05 0.0007956027349152058 0.00054206372840010365 0.00018472791325752568 0.00070830318432988997 -2.3522444622837316e-05 0.0004028711672471531 0.00032449124752817362 0.00010516962473532961 0 0.00013676040313839621 1.7902416151965785e-05 0.00063179814824645692 -4.7149361425492757e-05 -5.8491849003887619e-05 0.00062684129886432722 1.412974993672169e-05 -4.4051270626713715e-05 0 0.00016825854954125439 6.9511789704186164e-05 0.00022413590418128641 -3.6158632803932147e-05
leaf_weight=51 96 55 7948 77 61 93 50 1424 57 58 82 53 880 60 72 59 143 95 166 73 152 557 51 273 702 200 101 65 50 851
leaf_count=51 96 55 7948 77 61 93 50 1424 57 58 82 53 880 60 72 59 143 95 166 73 152 557 51 273 702 200 101 65 50 851
internal_value=3.43945e-06 0.00136811 -1.05167e-05 9.17469e-05 7.03977e-05 0.000562241 0.00105179 4.31059e-05 0.000113737 8.68159e-05 -1.54563e-05 0.000160996 -4.95369e-05 2.71863e-05 0 6.68619e-05 0.000216349 3.19257e-05 0.000166539 0.000436566 1.32705e-05 -5.82181e-05 0 -4.83202e-05 0 -8.73154e-06 5.69589e-05 -6.21837e-05 -6.37238e-05 -1.59382e-05
internal_weight=14655 151 14504 3970 3893 194 101 3699 1715 1658 1984 287 10534 1012 952 1600 275 1325 227 132 234 9522 608 1697 1098 1003 301 8914 8849 901
internal_count=14655 151 14504 3970 3893 194 101 3699 1715 1658 1984 287 10534 1012 952 1600 275 1325 227 132 234 9522 608 1697 1098 1003 301 8914 8849 901
is_linear=0
shrinkage=0.05


Tree=18
num_leaves=31
num_cat=0
split_feature=133 90 103 0 137 33 50 43 18 43 81 85 18 137 28 43 92 136 61 112 135 104 100 28 135 99 42 16 137 28
split_gain=0.103134 0.191418 0.0213594 0.0279324 0.0165905 0.020145 0.0103858 0.00877005 0.00548959 0.00637031 0.00642133 0.00399631 0.00581058 0.00668558 0.0225795 0.00401909 0.0023182 0.0030814 0.00205349 0.00181345 0.00244901 0.00163606 0.0013711 0.00113742 0.00110639 0.000917026 0.00400049 0.000870176 0.00084643 0.000788041
threshold=88.200000000000003 24.10510204081633 1013.85 0.19770000000000001 1.0000000180025095e-35 -0.82839290385196018 1025.8500000000001 0.32650000000000007 0.0061020833333333335 0.35950000000000004 27.950000000000003 271.22426345000008 0.063537500000000011 0.025000000000000005 25.600000000000005 0.30350000000000005 20.650000000000006 0.87500000000000011 201.90000000000006 275.58506540000002 18.570000000000004 0.95000000000000018 5.3000000000000123 7.0500000000000007 21.185000000000006 4.4500000000000464 0.23500000000000001 1.2050000000000003 0.045000000000000005 5.7500000000000009
decision_type=2 2 2 2 2 2 2 2 2 2 2 2 2 2 2 2 2 2 2 2 2 2 2 2 2 2 2 2 2 2
left_child=2 -2 3 4 5 -1 8 -8 16 24 -11 25 13 14 -13 -14 19 -18 -12 20 -6 -22 23 29 28 -4 -27 -24 -10 -15
right_child=1 -3 11 -5 6 -7 7 -9 9 10 18 12 15 22 -16 -17 17 -19 -20 -21 21 -23 27 -25 -26 26 -28 -29 -30 -31
leaf_value=0 0 0.0037600872895787829 -6.2982162123698134e-05 0.0012535207933004405 -5.1591528006220046e-05 0.0010696463778391342 0 0.00080118721921410604 0 0.00083970221930393689 0.00030961240246193483 0.0011519265262307631 1.3721698824058394e-05 0 0 0.00057320085374600678 0.000470886106664289 0 0 -5.787806736808262e-05 6.3382764856214605e-06 0.00046503611302425814 0 -5.0602168829142677e-05 -3.3045162226417156e-06 -5.8495147453834097e-05 0.00042037694835771791 0.0002636044208632309 0.00019474946845195743 0.00020514631961080911
leaf_weight=73 100 51 7937 52 106 91 59 83 57 56 124 52 92 89 203 73 53 73 85 1430 69 53 66 2609 386 211 52 56 146 68
leaf_count=73 100 51 7937 52 106 91 59 83 57 56 124 52 92 89 203 73 53 73 85 1430 69 53 66 2609 386 211 52 56 146 68
internal_value=3.51075e-06 0.0012994 -9.72462e-06 0.000108717 8.63795e-05 0.000576818 5.54523e-05 0.00047301 3.09103e-05 0.000135758 0.000341305 -4.10009e-05 3.98716e-06 -9.70085e-06 0.00023284 0.000293331 -1.6527e-05 0.000183366 0.000180591 -3.48331e-05 8.74906e-05 0.00024842 -3.29202e-05 -4.15343e-05 3.43829e-05 -5.97578e-05 1.84811e-05 0.000120478 0.000130219 7.68759e-05
internal_weight=14655 151 14504 2996 2944 164 2780 142 2638 854 265 11508 3308 3143 255 165 1784 126 209 1658 228 122 2888 2766 589 8200 263 122 203 157
internal_count=14655 151 14504 2996 2944 164 2780 142 2638 854 265 11508 3308 3143 255 165 1784 126 209 1658 228 122 2888 2766 589 8200 263 122 203 157
is_linear=0
shrinkage=0.05


Tree=19
num_leaves=31
num_cat=0
split_feature=133 82 103 0 133 44 50 9 112 2 0 93 133 86 21 93 6 7 88 129 36 4 14 0 29 89 15 22 99 29
split_gain=0.0933388 0.177878 0.0193573 0.0252291 0.0108167 0.0226256 0.00969164 0.0083665 0.00757775 0.00389966 0.00363653 0.00307255 0.0110701 0.0187506 0.00295259 0.00317057 0.00238484 0.00213844 0.00180446 0.00185272 0.00182005 0.00134134 0.00177948 0.00151701 0.00108323 0.00107855 0.000920464 0.00108541 0.000897246 0.00383295
threshold=88.200000000000003 24.716000000000005 1013.85 0.19770000000000001 79.980000000000004 272.50000000000006 1025.8500000000001 0.042777777777777783 283.68809900000002 0.00021126900000000001 0.41135000000000005 267.14417930000008 80.660000000000011 8.5000000000000018 0.56250000000000011 271.91319415000004 0.021504166666666668 0.25110000000000005 18.962500000000002 2.5000000000000004 271.22744265000006 0.0018649930000000003 0.015295619000000002 0.012750000000000003 44.050000000000004 39.45000000000001 0.0010062500000000002 6.5000000000000009 4.4500000000000464 41.70000000000001
decision_type=2 2 2 2 2 2 2 2 2 2 2 2 2 2 2 2 2 2 2 2 2 2 2 2 2 2 2 2 2 2
left_child=2 -2 3 4 6 -6 9 -8 -7 18 11 28 16 -14 15 -11 25 -18 19 -1 -21 -20 -23 -24 -17 -13 -27 -28 -4 -30
right_child=1 -3 10 -5 5 8 7 -9 -10 14 -12 12 13 -15 -16 24 17 -19 21 20 -22 22 23 -25 -26 26 27 -29 29 -31
leaf_value=0 -1.8434364237785387e-05 0.0034769460114850003 -5.8638365516094005e-05 0.0011920273415788234 0.0011716594980975641 -9.8517018901994952e-05 3.3554745017239362e-06 0.00084381648252435419 0.00045479343587155174 0.00056391729019291141 0.00030251640987714656 -6.480772665803243e-05 -7.7107026533899351e-05 0.0012026074475736594 0 0 0.00034645022943539477 0 -4.1174233067149357e-05 0.00038230973136777407 0 -3.5133112913172231e-05 0.00038469930446433228 3.0757761919597181e-05 0.00024764060299915135 -1.6712122549985641e-05 0.00025580379911591285 0 -5.4764930990789621e-05 0.00042444887601852639
leaf_weight=109 96 55 8555 52 68 139 73 69 98 76 73 1088 50 50 108 82 82 57 1547 88 54 164 62 134 73 1085 71 160 187 50
leaf_count=109 96 55 8555 52 68 139 73 69 98 76 73 1088 50 50 108 82 82 57 1547 88 54 164 62 134 73 1085 71 160 187 50
internal_value=3.49543e-06 0.00123632 -9.07906e-06 0.000103655 8.23351e-05 0.000366264 4.75001e-05 0.000449758 0.000110219 2.24519e-05 -3.88692e-05 -4.15121e-05 4.01907e-06 0.000518817 0.000179938 0.000281543 -1.44552e-05 0.000181584 -4.35358e-08 0.000123224 0.000243204 -1.89446e-05 6.258e-05 0.000169484 0.00010831 -2.79401e-05 0 9.27977e-05 -5.57669e-05 2.66852e-05
internal_weight=14655 151 14504 2996 2944 305 2639 142 237 2497 11508 11435 2643 100 339 231 2543 139 2158 251 142 1907 360 196 155 2404 1316 231 8792 237
internal_count=14655 151 14504 2996 2944 305 2639 142 237 2497 11508 11435 2643 100 339 231 2543 139 2158 251 142 1907 360 196 155 2404 1316 231 8792 237
is_linear=0
shrinkage=0.05


Tree=20
num_leaves=31
num_cat=0
split_feature=133 90 103 0 133 49 161 22 35 77 120 50 96 22 137 104 139 112 2 113 50 77 140 29 28 141 139 0 49 160
split_gain=0.119755 0.273682 0.0170734 0.0219168 0.0185041 0.0239482 0.0243806 0.00904971 0.0118604 0.00564025 0.00353403 0.00405347 0.00382997 0.00651762 0.00742908 0.0034226 0.00202604 0.00128327 0.00110418 0.0071592 0.000902952 0.000887979 0.00233925 0.000876534 0.000861398 0.000788573 0.000871879 0.000705107 0.000608217 0.000573668
threshold=88.200000000000003 25.328571428571433 1272.5500000000004 0.21365000000000003 80.210000000000022 965.95000000000016 0.31632653061224497 7.5000000000000009 282.95396155000009 275.55836775000006 272.19306875000007 1026.8500000000001 41.037500000000016 6.5000000000000009 3.0650000000000004 1.5500000000000005 87.909013442563847 274.31926110000001 0.0035617145000000003 1.2500000000000002 1022.4500000000002 286.32691830000005 71.610000000000014 29.150000000000002 7.0500000000000007 35.440000000000005 59.043261275430304 0.018250000000000006 976.35000000000002 0.35612244897959194
decision_type=2 2 2 2 2 2 2 2 2 2 2 2 2 2 2 2 2 2 2 2 2 2 2 2 2 2 2 2 2 2
left_child=2 28 3 4 9 -6 7 -7 -9 10 23 12 25 14 17 -15 20 -14 21 27 29 -4 -23 -1 -22 -12 -27 -20 -2 -11
right_child=1 -3 18 -5 5 6 -8 8 -10 16 11 -13 13 15 -16 -17 -18 -19 19 -21 24 22 -24 -25 -26 26 -28 -29 -30 -31
leaf_value=0.00013638771535624984 8.8516166221119894e-05 0.0043908991332236667 -5.987901766714871e-05 0.00080826340231044238 -0.00013979937496338792 -7.6837208594731762e-05 0.0014954068078731179 0.0011654041814376196 7.0441514059947454e-05 -5.8773850981675597e-05 -3.9127772833154399e-05 0.000541629484970613 0 0 0.00097298449915359485 0.0003252408530266514 0.00022450262514131641 0.00031845731242676281 0.00011384272549486043 0.00057998108862175645 0.00014857068032219251 -2.6521229134450714e-05 0.00032014286978736375 -5.1518898119702134e-05 -1.7031785218583184e-06 0.00016400782349134174 0 -4.9017583109909467e-05 -0.00013446145883438387 0
leaf_weight=65 50 50 7584 97 128 65 68 52 67 1669 288 65 51 314 53 101 78 86 57 50 100 890 50 396 838 138 128 729 61 335
leaf_count=65 50 50 7584 97 128 65 68 52 67 1669 288 65 51 314 53 101 78 86 57 50 100 890 50 396 838 138 128 729 61 335
internal_value=6.61097e-06 0.00135873 -8.1074e-06 6.42833e-05 4.89522e-05 0.000384867 0.000670626 0.000332352 0.000596304 2.06835e-05 9.44539e-05 0.000139347 0.000112029 0.000199435 0.000447003 7.3269e-05 -1.8839e-05 0.000201713 -4.8722e-05 4.76796e-07 -2.70637e-05 -5.41332e-05 -2.44753e-06 -1.39641e-05 9.13384e-06 7.3796e-06 7.6418e-05 -3.07242e-05 0 -4.64963e-05
internal_weight=14703 161 14542 5182 5085 380 252 184 119 4705 1685 1224 1159 605 190 415 3020 137 9360 836 2942 8524 940 461 938 554 266 786 111 2004
internal_count=14703 161 14542 5182 5085 380 252 184 119 4705 1685 1224 1159 605 190 415 3020 137 9360 836 2942 8524 940 461 938 554 266 786 111 2004
is_linear=0
shrinkage=0.05


Tree=21
num_leaves=31
num_cat=0
split_feature=133 90 103 1 133 49 161 35 81 120 124 4 28 4 30 16 75 2 126 92 30 2 113 49 132 1 116 1 161 133
split_gain=0.10828 0.247507 0.0154865 0.0197759 0.0167037 0.0217725 0.0220863 0.00762799 0.00526407 0.00489475 0.00773768 0.00423298 0.00413233 0.00442269 0.00332653 0.00291967 0.00197015 0.00173432 0.00141164 0.00100729 0.00142163 0.00100693 0.00646808 0.000882229 0.0008005 0.000779344 0.000716164 0.000642824 0.000615712 0.000558898
threshold=88.200000000000003 25.328571428571433 1272.5500000000004 0.32127834050000009 80.210000000000022 965.95000000000016 0.33673469387755106 280.77279185000003 28.850000000000005 286.27422155000005 0.91597561503675351 0.00018379200000000003 44.050000000000004 0.0021535670000000003 -3.5399999999999996 0.41500000000000009 5.8500000000000005 0.00091637800000000014 5.5000000000000009 20.250000000000004 -1.031428571428572 0.0035617145000000003 1.2500000000000002 989.55000000000007 2.5000000000000004 0.61966513750000007 270.15380325000007 0.021912286000000003 0.11224489795918369 84.075000000000017
decision_type=2 2 2 2 2 2 2 2 2 2 2 2 2 2 2 2 2 2 2 2 2 2 2 2 2 2 2 2 2 2
left_child=2 26 3 4 8 -6 7 -7 9 10 14 -9 17 -14 -1 -12 -16 19 -19 -10 -21 25 27 24 -18 29 -2 -23 -25 -4
right_child=1 -3 21 -5 5 6 -8 11 12 -11 15 -13 13 -15 16 -17 23 18 -20 20 -22 22 -24 28 -26 -27 -28 -29 -30 -31
leaf_value=0.00041347365181346228 8.4272657873891331e-05 0.0041756589794029282 -5.5520219034411496e-05 0.00076826260244587858 -0.00013286359172969581 0.00090095719209570878 0.0015445461448169745 0.0003682016877304374 -5.0006091127230824e-05 -5.2647488891066871e-05 0.00086578396891062379 -0.00013569810573244468 0 0.00053639824034845728 0.00028206896019379742 0.00017109031707939653 0 0.00028426112134510015 1.4790497746495468e-05 0 0.00023874023018766253 0.00010824873316370691 0.00055155067031235243 8.4522053467420244e-05 0.00015088420115470552 0.00010606914630523277 -0.00015936214630966317 -4.6570061765260735e-05 -6.3009750351964827e-05 1.1493148451994789e-06
leaf_weight=85 58 50 8190 97 128 50 55 87 2475 295 55 60 59 69 93 52 61 66 381 402 66 57 50 74 191 56 53 729 281 278
leaf_count=85 58 50 8190 97 128 50 55 87 2475 295 55 60 59 69 93 52 61 66 381 402 66 57 50 74 191 56 53 729 281 278
internal_value=6.4205e-06 0.00129213 -7.55814e-06 6.1368e-05 4.67519e-05 0.000365953 0.000638607 0.000353904 1.98369e-05 0.000111193 0.000170976 0.000129217 -9.58951e-06 0.000265363 0.000108307 0.000579182 6.35819e-05 -2.15209e-05 6.62845e-05 -3.65737e-05 2.37574e-05 -4.62545e-05 4.91476e-07 2.14744e-05 9.67828e-05 -5.14252e-05 0 -2.88662e-05 -1.80607e-05 -5.30695e-05
internal_weight=14703 161 14542 5182 5085 380 252 197 4705 1187 892 147 3518 128 785 107 700 3390 447 2943 468 9360 836 607 252 8524 111 786 355 8468
internal_count=14703 161 14542 5182 5085 380 252 197 4705 1187 892 147 3518 128 785 107 700 3390 447 2943 468 9360 836 607 252 8524 111 786 355 8468
is_linear=0
shrinkage=0.05


Tree=22
num_leaves=31
num_cat=0
split_feature=133 90 103 11 137 44 50 43 19 92 85 126 22 137 92 137 15 131 88 96 5 5 88 104 23 11 133 85 83 116
split_gain=0.0978956 0.223836 0.0142465 0.024308 0.0107429 0.0132802 0.00537441 0.00597645 0.00333941 0.0083358 0.00304681 0.00260315 0.00281274 0.00240787 0.00186597 0.00277475 0.00162428 0.00693769 0.0206299 0.00212819 0.00237829 0.00161395 0.00149298 0.00235432 0.000890244 0.000873684 0.000925263 0.000796988 0.000777644 0.000647574
threshold=88.200000000000003 25.328571428571433 1025.0000000000002 0.0056461346597222236 1.0000000180025095e-35 802.50000000000011 1025.8500000000001 0.32650000000000007 -0.0075142857142857051 8.2500000000000018 283.98056145000004 13.500000000000002 6.5000000000000009 8.2350000000000012 20.650000000000006 0.13500000000000004 0.00092500000000000015 33.845472724088289 32.987500000000004 42.912500000000009 8.3850000000000016 1.6050000000000002 18.387500000000006 0.45000000000000007 21.881250000000001 0.0043609413958333341 9.5800000000000018 277.61824710000008 29.250000000000004 270.15380325000007
decision_type=2 2 2 2 2 2 2 2 2 2 2 2 2 2 2 2 2 2 2 2 2 2 2 2 2 2 2 2 2 2
left_child=2 29 3 4 5 -1 8 -8 9 -6 11 12 -4 14 21 -16 -13 18 -18 -19 -21 22 23 -10 -23 26 -26 -28 -22 -2
right_child=1 -3 10 -5 6 -7 7 -9 13 -11 -12 16 -14 -15 15 -17 17 19 -20 20 28 24 -24 -25 25 -27 27 -29 -30 -31
leaf_value=0.00087698237624822528 8.0130454922039201e-05 0.0039709698002301534 0.00035188119982109024 0.0010571242261721637 0.00075247155007295908 0 0 0.00058449072220208753 0 -6.8961147111482344e-05 0.00028353951562861671 -5.2007193778661898e-05 0 0.00034217068755372932 0.0003550847319226402 0 -1.3296672836494393e-05 -5.0965006723379554e-05 0.00087475101544632066 0 1.8255090070548852e-05 -4.0799744925639999e-05 -5.3788378035347757e-05 0.00036081166622222685 0 -3.8322542408153552e-05 0.00020709938703595204 0 0.0003917346725575044 -0.00015154159776607735
leaf_weight=88 58 50 84 63 52 87 69 92 144 51 71 7849 177 52 89 93 230 2559 85 258 59 110 1590 55 112 53 243 64 63 53
leaf_count=88 58 50 84 63 52 87 69 92 144 51 71 7849 177 52 89 93 230 2559 85 258 59 110 1590 55 112 53 243 64 63 53
internal_value=6.28073e-06 0.00122879 -6.99388e-06 8.74921e-05 6.54415e-05 0.000447526 4.02456e-05 0.000322322 2.15167e-05 0.000300914 -3.31092e-05 -3.55523e-05 0.000115463 8.43961e-06 0 0.00015525 -3.95626e-05 -8.00213e-06 0.000212522 -3.34027e-05 7.15655e-05 -1.03509e-05 -3.56519e-05 8.38024e-05 5.87728e-05 9.25863e-05 0.000121102 0.000165858 0.000253385 0
internal_weight=14703 161 14542 3107 3044 175 2869 161 2708 103 11435 11364 261 2605 2553 182 11103 3254 315 2939 380 2371 1789 199 582 472 419 307 122 111
internal_count=14703 161 14542 3107 3044 175 2869 161 2708 103 11435 11364 261 2605 2553 182 11103 3254 315 2939 380 2371 1789 199 582 472 419 307 122 111
is_linear=0
shrinkage=0.05


Tree=23
num_leaves=31
num_cat=0
split_feature=133 90 103 11 139 119 35 124 75 108 33 15 131 88 96 1 43 45 91 126 2 42 98 92 75 126 117 138 126 24
split_gain=0.0885183 0.20243 0.0128861 0.0219559 0.00976459 0.0130724 0.00555819 0.00542889 0.0145654 0.00382251 0.00282608 0.00280612 0.0101581 0.0295733 0.00442653 0.00409528 0.00255546 0.00307878 0.00123825 0.00115884 0.00105558 0.00103009 0.000852279 0.00079619 0.000565025 0.000475662 0.000489252 0.000468579 0.000625289 0.000438542
threshold=88.200000000000003 25.328571428571433 1025.0000000000002 0.0056461346597222236 85.299518965764761 8.6500000000000004 278.47678280000008 0.91597561503675351 7.1500000000000012 282.16646840000004 0.17133161086567877 0.00092500000000000015 33.845472724088289 32.987500000000004 42.912500000000009 0.083848462000000026 0.36550000000000005 97.500000000000014 29.750000000000004 8.5000000000000018 0.00026399350000000003 0.28500000000000009 -3.2999999999999989 22.950000000000006 11.15 9.5000000000000018 0.55000000000000016 7.5550000000000006 20.500000000000004 54.300000000000004
decision_type=2 2 2 2 2 2 2 2 2 2 2 2 2 2 2 2 2 2 2 2 2 2 2 2 2 2 2 2 2 2
left_child=2 24 3 4 6 9 7 16 -9 -6 -7 25 13 -13 -14 21 20 -18 -17 -19 27 -16 -10 29 -2 -4 -27 -1 -29 -8
right_child=1 -3 11 -5 5 10 23 8 22 -11 -12 12 14 -15 15 18 17 19 -20 -21 -22 -23 -24 -25 -26 26 -28 28 -30 -31
leaf_value=-4.0462833972670585e-05 -0.00012699573304416844 0.0037763144431507915 4.1630906529131939e-05 0.0010050938880726789 0.0011652218554894821 -1.4408722126972861e-05 -5.9015009472234903e-05 0.0010770206423386787 -3.7265046305643983e-06 0.00032732426945585762 0.0003523931575961539 -1.2634718188163279e-05 -4.7746785810584666e-05 0.0010159040707972294 0.00019924449195467131 6.8106323207160391e-05 1.3911899163590364e-05 4.0352168300439817e-05 0.00047993899783913929 0.00048226271517375031 0.00018018987592894741 -3.3993825006707655e-05 0.00018892144109535416 9.3851693289772291e-05 8.9948881362158549e-05 -5.2615254338726394e-05 0 0 0.00019551236222255017 1.6390519217845409e-05
leaf_weight=526 61 50 87 63 50 145 1209 51 74 50 66 230 2574 94 57 66 188 51 84 87 78 235 73 83 50 7380 628 150 50 113
leaf_count=526 61 50 87 63 50 145 1209 51 74 50 66 230 2574 94 57 66 188 51 84 87 78 235 73 83 50 7380 628 150 50 113
internal_value=6.06323e-06 0.00116855 -6.5428e-06 8.32984e-05 6.22546e-05 0.000328931 2.99703e-05 0.000104285 0.00035028 0.000803167 7.78616e-05 -3.13959e-05 5.84731e-06 0.000272592 -2.12318e-05 0.000121651 5.6489e-05 0.000174822 0.000333496 0.000356384 2.1395e-06 0 5.87885e-05 -3.67398e-05 0 -4.73788e-05 -4.89752e-05 -1.03338e-05 4.38369e-05 -4.87828e-05
internal_weight=14703 161 14542 3107 3044 311 2733 1328 198 100 211 11435 3340 324 3016 442 1130 326 150 138 804 292 147 1405 111 8095 8008 726 200 1322
internal_count=14703 161 14542 3107 3044 311 2733 1328 198 100 211 11435 3340 324 3016 442 1130 326 150 138 804 292 147 1405 111 8095 8008 726 200 1322
is_linear=0
shrinkage=0.05


Tree=24
num_leaves=31
num_cat=0
split_feature=139 85 92 103 0 139 56 94 100 54 129 43 139 50 9 0 136 135 84 100 14 139 18 120 42 121 5 17 105 120
split_gain=0.027893 0.0957977 0.132561 0.0107106 0.0157294 0.0098654 0.0181446 0.0188904 0.00524718 0.00593389 0.00731925 0.00406578 0.00391836 0.00204223 0.00195257 0.00176172 0.00109067 0.00250535 0.000817658 0.00961941 0.000907774 0.00112142 0.000888182 0.000715724 0.000708748 0.000643815 0.000564634 0.000507558 0.000696918 0.000643343
threshold=90.664525633972247 277.82451485000007 20.950000000000006 1272.5500000000004 0.21365000000000003 84.467414954242443 -4.8292804999999808 15.500000000000002 4.4500000000000464 0.055000000000000007 6.5000000000000009 0.37150000000000005 54.179310905759607 1028.0500000000002 0.042777777777777783 0.0073000000000000009 0.29500000000000004 77.345000000000013 6.3500000000000014 3.7500000000000004 0.020547432000000001 86.062514532428807 0.063537500000000011 270.44348755000004 0.27500000000000008 0.45000000000000007 1.6050000000000002 0.03425000000000001 11.500000000000002 269.21101180000005
decision_type=2 2 2 2 2 2 2 2 2 2 2 2 2 2 2 2 2 2 2 2 2 2 2 2 2 2 2 2 2 2
left_child=3 15 -3 4 5 8 25 -8 13 10 11 16 -13 27 -15 23 17 -10 -5 20 -20 22 -22 -2 -11 -7 -26 -1 29 -29
right_child=1 2 -4 18 -6 6 7 -9 9 24 -12 12 -14 14 -16 -17 -18 -19 19 -21 21 -23 -24 -25 26 -27 -28 28 -30 -31
leaf_value=-3.9342642307478801e-05 -0.00026427784399941652 0.00020006742242281803 0.0032540849899232852 -5.0336922013663024e-05 0.00068136686057075667 0 0.00012778342573001284 0.0012296300000743941 0.00039315427984430219 0.00017402370042938337 0.00064800996800421179 0.00069960900156538152 0 0 0.00036117434836559193 9.9847946275258436e-05 0 0 -4.6250220316162028e-05 0.00066136077743566635 -2.2615828078089341e-05 0.00022316735954333686 0.00017231286089327115 -4.1712078027194362e-05 -5.3850708048603046e-05 -0.00016268796849220813 3.7758793730107919e-05 0 -1.5455790191125796e-05 0.00016846497818593753
leaf_weight=2125 85 97 59 6215 97 103 99 79 61 55 90 56 54 85 66 99 268 54 2133 50 625 58 63 199 392 72 243 73 838 110
leaf_count=2125 85 97 59 6215 97 103 99 79 61 55 90 56 54 85 66 99 268 54 2133 50 625 58 63 199 392 72 243 73 838 110
internal_value=5.94835e-06 0.000358826 0.00140033 -7.15155e-06 5.10902e-05 3.75203e-05 0.000292695 0.000648876 1.66563e-05 0.000103363 0.000220701 0.000131418 0.000403843 -1.53271e-05 0.000159327 -5.49102e-05 3.93073e-05 0.000169176 -3.96747e-05 -1.53349e-05 -2.90488e-05 1.34369e-05 0 -0.000126562 0 -4.28117e-05 -1.0928e-05 -2.53468e-05 0 9.15409e-05
internal_weight=14703 539 156 14164 5020 4923 353 178 4570 1273 583 493 110 3297 151 383 383 115 9144 2929 2879 746 688 284 690 175 635 3146 1021 183
internal_count=14703 539 156 14164 5020 4923 353 178 4570 1273 583 493 110 3297 151 383 383 115 9144 2929 2879 746 688 284 690 175 635 3146 1021 183
is_linear=0
shrinkage=0.05


Tree=25
num_leaves=31
num_cat=0
split_feature=133 94 103 17 92 88 35 75 128 4 3 84 15 131 29 105 100 104 2 123 116 4 4 133 96 82 73 119 131 121
split_gain=0.0635726 0.114906 0.0100524 0.0174895 0.00717686 0.0139816 0.00523594 0.00441305 0.00790088 0.00338279 0.00441434 0.00318788 0.00265962 0.0115106 0.0056327 0.00869418 0.0141761 0.00585021 0.0021754 0.00200006 0.00273079 0.00194736 0.00297194 0.00115573 0.00114905 0.000944775 0.000645065 0.00104274 0.000623153 0.00054977
threshold=88.200000000000003 15.500000000000002 1013.85 0.21455000000000005 17.050000000000008 36.712500000000013 278.06477650000005 6.9500000000000011 9.293439940087163 4.9350000000000007e-05 3.3800000000000002e-05 0.35000000000000009 0.00092500000000000015 28.932590165984791 42.95000000000001 26.500000000000004 5.4500000000000464 0.65000000000000024 0.00026399350000000003 -0.37940952255126059 285.43764285000003 0.00017288850000000004 0.004290368000000001 84.075000000000017 40.537500000000009 19.822000000000006 14.250000000000002 10.15 110.55122614849988 0.25000000000000006
decision_type=2 2 2 2 2 2 2 2 2 2 2 2 2 2 2 2 2 2 2 2 2 2 2 2 2 2 2 2 2 2
left_child=2 -2 3 4 6 9 7 8 -1 10 -6 18 -4 -14 -15 16 17 -16 -9 -12 -21 -20 -23 26 -19 -11 27 -8 -26 -10
right_child=1 -3 12 -5 5 -7 23 11 29 25 19 -13 13 14 15 -17 -18 24 21 20 -22 22 -24 -25 28 -27 -28 -29 -30 -31
leaf_value=0.00070613520997903827 0 0.0028719665192464298 -4.5069075503950597e-05 0.00099695401683942784 -1.6136938005953719e-05 0.001026304493471067 0.00018513970649928525 -2.3879842497522409e-05 0 -9.1968544632739716e-05 8.0142538036203148e-05 0.00042212799178707673 0.00072454457531619652 -4.7771576479063332e-05 0.00064087533252037393 -2.9840714464511302e-05 0.0010275097801326907 -8.577926403664737e-05 0 0.00084522742300417611 0.00018015361290842218 0.00053548186061725875 0 -0.00026539901480646225 0 0.00012350194612517951 -5.1705936786433263e-05 -1.4817829678954246e-05 0.0001625002168761621 0.00017574374744211895
leaf_weight=79 97 53 8105 50 72 50 79 648 91 143 69 52 54 2329 51 553 54 82 56 50 59 60 64 63 83 74 1011 192 170 51
leaf_count=79 97 53 8105 50 72 50 79 648 91 143 69 52 54 2329 51 553 54 82 56 50 59 60 64 63 83 74 1011 192 170 51
internal_value=2.47914e-06 0.00102336 -7.811e-06 7.29833e-05 5.53735e-05 0.000225306 1.73349e-05 9.96181e-05 0.000302911 0.000126853 0.000252382 4.26026e-05 -2.94541e-05 6.55548e-06 -3.82548e-06 9.41607e-05 0.00026106 0.000138539 1.22559e-05 0.000388412 0.000535598 0.000169382 0.000283709 -4.63303e-05 4.55027e-05 0 -3.14693e-05 2.55564e-05 0.000107908 4.02474e-05
internal_weight=14644 150 14494 3013 2963 517 2446 1101 221 467 250 880 11481 3376 3322 993 440 386 828 178 109 180 124 1345 335 217 1282 271 253 142
internal_count=14644 150 14494 3013 2963 517 2446 1101 221 467 250 880 11481 3376 3322 993 440 386 828 178 109 180 124 1345 335 217 1282 271 253 142
is_linear=0
shrinkage=0.05


Tree=26
num_leaves=31
num_cat=0
split_feature=139 86 6 93 1 35 50 82 134 67 17 61 21 61 30 2 99 126 2 94 106 13 82 139 67 13 14 135 23 89
split_gain=0.0169993 0.0497944 0.199014 0.00992896 0.0228619 0.00436802 0.00428637 0.00368515 0.00639706 0.00329532 0.00314773 0.00619727 0.00305393 0.00246111 0.00195662 0.00174171 0.0037753 0.00235257 0.0028931 0.00151302 0.00131669 0.00111834 0.00101584 0.000833553 0.00080997 0.000669241 0.000804185 0.000576177 0.000539541 0.000920596
threshold=86.716077848590643 9.5000000000000018 0.0018930555555555558 271.02185860000003 0.32127834050000009 278.47678280000008 1026.8500000000001 24.614000000000008 4.04 3.5500000000000003 0.011500000000000002 37.900000000000013 0.50694444444444453 181.40000000000001 0.31428571428571334 0.00036114100000000004 4.1999999999999895 37.500000000000007 0.00056819300000000015 17.500000000000004 13.350000000000003 0.0029774413125000006 14.81 68.020508047736911 6.2500000000000009 0.0011006858958333336 0.010363074500000001 15.950000000000001 19.625000000000004 38.350000000000001
decision_type=2 2 2 2 2 2 2 2 2 2 2 2 2 2 2 2 2 2 2 2 2 2 2 2 2 2 2 2 2 2
left_child=3 7 19 15 5 6 10 9 -9 -2 28 -12 14 20 23 -1 17 18 -17 -3 -11 -20 24 25 -14 26 -13 -7 29 -5
right_child=1 2 -4 4 -6 27 -8 8 -10 13 11 12 22 -15 -16 16 -18 -19 21 -21 -22 -23 -24 -25 -26 -27 -28 -29 -30 -31
leaf_value=-4.3696883171373642e-05 0.00020995948885224369 4.788077214850919e-05 0.0029113356633192434 -3.2972999169171583e-05 0.0010446630696533249 -7.7323485072657624e-05 0.00044364563030705872 -9.2604274859827386e-05 0.00049336406296903368 -0.00052388235711707521 0.0005935433767137485 0 0.00025424660632359942 -3.760213954179403e-05 0.00044739797133513715 0.0004217358541211717 0.00041758056253052528 -3.5587163128364742e-05 0 -0.00020862698851948627 -2.7866751524225731e-05 0.00022184909103794889 -6.4984375719171121e-05 0.00031695336116050995 0 0 0.00025923457167260092 0 -6.7009475450494901e-05 0.0001551341576479751
leaf_weight=8693 94 66 77 117 59 391 92 68 94 51 70 80 51 475 68 58 53 1708 429 114 51 66 285 59 60 212 80 540 286 97
leaf_count=8693 94 66 77 117 59 391 92 68 94 51 70 80 51 475 68 58 53 1708 429 114 51 66 285 59 60 212 80 540 286 97
internal_value=2.45318e-06 0.000192609 0.000799613 -1.24832e-05 7.58647e-05 5.04714e-05 0.000102464 0 0.000217668 -4.70884e-05 7.73393e-05 0.000130744 8.83451e-05 -9.79058e-05 0.000171017 -3.3386e-05 3.19126e-06 -4.4923e-06 8.24131e-05 -8.72049e-05 -0.000327097 3.18033e-05 -3.40347e-06 0.000114903 0.000109235 6.86883e-05 0.000146023 -3.1132e-05 -1.58072e-05 2.93597e-05
internal_weight=14644 1090 257 13554 2547 2488 1557 833 162 671 1465 965 895 577 499 11007 2314 2261 553 180 102 495 396 431 111 372 160 931 500 214
internal_count=14644 1090 257 13554 2547 2488 1557 833 162 671 1465 965 895 577 499 11007 2314 2261 553 180 102 495 396 431 111 372 160 931 500 214
is_linear=0
shrinkage=0.05


end of trees

feature_importances:
pct_forest=51
pct_wetland=33
last_N_t=27
total_tp_next_48h=24
cumul_gust_since_onset=24
mslma_t=21
last_osi=20
pre_event_mean_osi=18
min_t2m_next_6h=18
gust_mean_next_48h=18
pct_forest_classified=18
gust_mean_next_24h=16
storm_onset_mean_osi=15
t2m_at_t48h=15
sp_t=14
min_t2m_next_24h=13
last_R_t=12
gust_last_obs=12
gust_peak4h_mean_next_48h=12
pct_unmapped=12
min_t2m_next_48h=11
pressure_change_6h=11
hours_since_obs=11
last_P_t=10
soil_moist_t=10
gust_peak4h_mean_next_24h=10
last_D_t=9
wind_speed_max_next_6h=9
wind_speed_max_next_24h=9
gust_max_next_48h=9
pressure_change_3h=9
hours_since_peak=8
gust_trend_last6h_obs=8
t2m_t=8
blh_t=8
temp_change_6h=8
pop_density=8
osi_mean_72h=7
gust_max_last6h_obs=7
gust_x_hso=7
cumul_tp_since_onset=7
t2m_at_t6h=7
t2m_at_t24h=7
pct_agriculture=7
tp_rate_next_48h=7
outage_pct_mean_72h=6
R_t_max_72h=6
gust_max_obs=6
wind_sin_t=6
total_tp_next_24h=6
tp_at_t6h=6
hour_cos=6
log_customers=6
pct_developed=6
pct_water=6
N_t_mean_72h=5
R_t_mean_72h=5
storm_onset_max_osi=5
frac_zero_72h=5
wind_speed_t=5
d2m_t=5
gust_gt30_next_24h=5
gust_gt30_next_48h=5
wind_speed_at_t48h=5
osi_max_72h=4
gust_mean_obs=4
r2_t=4
min_t2m_next_1h=4
gust_max_next_24h=4
gust_gt40_next_48h=4
gust_gt30_since_onset=4
gust_at_t24h=4
tree_canopy_pct=4
tree_canopy_std=4
last_outage_pct=3
N_t_max_72h=3
vpd_t=3
gust_at_t1h=3
gust_gt30_frac_next_48h=3
pre_event_max_outage_pct=2
osi_trend_last6h=2
gust_gt30_obs=2
gust_gt40_obs=2
tcc_t=2
et0_t=2
wind_speed_max_next_1h=2
gust_max_next_6h=2
wind_speed_max_next_48h=2
tp_at_t48h=2
rural_urban_code=2
forest_x_customers=2
osi_std_72h=1
outage_pct_max_72h=1
cumul_gust_obs=1
wind_cos_t=1
lcc_t=1
diffuse_rad_t=1
dewpoint_c_t=1
gust_mean_next_1h=1
gust_peak4h_mean_next_1h=1
gust_mean_next_6h=1
gust_peak4h_mean_next_6h=1
gust_change_3h=1
wind_speed_at_t1h=1
t2m_at_t1h=1
wind_speed_at_t24h=1
tp_at_t24h=1
gust_at_t48h=1
hour_sin=1
n_utilities=1
tp_rate_next_6h=1
gust_gt30_frac_next_24h=1

parameters:
[boosting: gbdt]
[objective: huber]
[metric: rmse]
[tree_learner: serial]
[device_type: cpu]
[data_sample_strategy: bagging]
[data: ]
[valid: ]
[num_iterations: 2000]
[learning_rate: 0.05]
[num_leaves: 31]
[num_threads: -1]
[seed: 42]
[deterministic: 0]
[force_col_wise: 0]
[force_row_wise: 0]
[histogram_pool_size: -1]
[max_depth: -1]
[min_data_in_leaf: 50]
[min_sum_hessian_in_leaf: 0.001]
[bagging_fraction: 0.8]
[pos_bagging_fraction: 1]
[neg_bagging_fraction: 1]
[bagging_freq: 5]
[bagging_seed: 42]
[bagging_by_query: 0]
[feature_fraction: 0.8]
[feature_fraction_bynode: 1]
[feature_fraction_seed: 42]
[extra_trees: 0]
[extra_seed: 12879]
[early_stopping_round: 0]
[early_stopping_min_delta: 0]
[first_metric_only: 0]
[max_delta_step: 0]
[lambda_l1: 0.1]
[lambda_l2: 1]
[linear_lambda: 0]
[min_gain_to_split: 0]
[drop_rate: 0.1]
[max_drop: 50]
[skip_drop: 0.5]
[xgboost_dart_mode: 0]
[uniform_drop: 0]
[drop_seed: 42]
[top_rate: 0.2]
[other_rate: 0.1]
[min_data_per_group: 100]
[max_cat_threshold: 32]
[cat_l2: 10]
[cat_smooth: 10]
[max_cat_to_onehot: 4]
[top_k: 20]
[monotone_constraints: ]
[monotone_constraints_method: basic]
[monotone_penalty: 0]
[feature_contri: ]
[forcedsplits_filename: ]
[refit_decay_rate: 0.9]
[cegb_tradeoff: 1]
[cegb_penalty_split: 0]
[cegb_penalty_feature_lazy: ]
[cegb_penalty_feature_coupled: ]
[path_smooth: 0]
[interaction_constraints: ]
[verbosity: -1]
[saved_feature_importance_type: 0]
[use_quantized_grad: 0]
[num_grad_quant_bins: 4]
[quant_train_renew_leaf: 0]
[stochastic_rounding: 1]
[linear_tree: 0]
[max_bin: 255]
[max_bin_by_feature: ]
[min_data_in_bin: 3]
[bin_construct_sample_cnt: 200000]
[data_random_seed: 42]
[is_enable_sparse: 1]
[enable_bundle: 1]
[use_missing: 1]
[zero_as_missing: 0]
[feature_pre_filter: 1]
[pre_partition: 0]
[two_round: 0]
[header: 0]
[label_column: ]
[weight_column: ]
[group_column: ]
[ignore_column: ]
[categorical_feature: ]
[forcedbins_filename: ]
[precise_float_parser: 0]
[parser_config_file: ]
[objective_seed: 16083]
[num_class: 1]
[is_unbalance: 0]
[scale_pos_weight: 1]
[sigmoid: 1]
[boost_from_average: 1]
[reg_sqrt: 0]
[alpha: 0.9]
[fair_c: 1]
[poisson_max_delta_step: 0.7]
[tweedie_variance_power: 1.5]
[lambdarank_truncation_level: 30]
[lambdarank_norm: 1]
[label_gain: ]
[lambdarank_position_bias_regularization: 0]
[eval_at: ]
[multi_error_top_k: 1]
[auc_mu_weights: ]
[num_machines: 1]
[local_listen_port: 12400]
[time_out: 120]
[machine_list_filename: ]
[machines: ]
[gpu_platform_id: -1]
[gpu_device_id: -1]
[gpu_device_id_list: ]
[gpu_use_dp: 0]
[num_gpu: 1]

end of parameters

pandas_categorical:[]
