tree
version=v4
num_class=1
num_tree_per_iteration=1
label_index=0
max_feature_idx=162
objective=huber
feature_names=last_osi last_P_t last_N_t last_D_t last_R_t last_outage_pct osi_mean_72h osi_max_72h osi_std_72h outage_pct_mean_72h outage_pct_max_72h N_t_mean_72h N_t_max_72h R_t_mean_72h R_t_max_72h pre_event_mean_osi pre_event_max_outage_pct storm_onset_max_osi storm_onset_mean_osi osi_trend_last6h is_worsening frac_zero_72h hours_since_peak gust_mean_obs gust_max_obs gust_gt30_obs gust_gt40_obs cumul_gust_obs gust_last_obs gust_max_last6h_obs gust_trend_last6h_obs gust_t wind_speed_t wind_sin_t wind_cos_t t2m_t d2m_t tp_t rain_t csnow_t sdwe_t r2_t vpd_t soil_moist_t blh_t tcc_t lcc_t mcc_t hcc_t sp_t mslma_t sdswrf_t direct_rad_t diffuse_rad_t et0_t temp_c_t dewpoint_c_t icing_risk_t gust_exceed_30 soil_moist_x_gust is_snowing gust_x_hso gust_x_phase soil_gust_x_phase gust_exceed30_x_hso gust_max_next_1h gust_mean_next_1h wind_speed_max_next_1h total_tp_next_1h min_t2m_next_1h gust_gt30_next_1h gust_gt40_next_1h gust_peak4h_mean_next_1h gust_max_next_6h gust_mean_next_6h wind_speed_max_next_6h total_tp_next_6h min_t2m_next_6h gust_gt30_next_6h gust_gt40_next_6h gust_peak4h_mean_next_6h gust_max_next_24h gust_mean_next_24h wind_speed_max_next_24h total_tp_next_24h min_t2m_next_24h gust_gt30_next_24h gust_gt40_next_24h gust_peak4h_mean_next_24h gust_max_next_48h gust_mean_next_48h wind_speed_max_next_48h total_tp_next_48h min_t2m_next_48h gust_gt30_next_48h gust_gt40_next_48h gust_peak4h_mean_next_48h gust_change_1h gust_change_3h pressure_change_3h pressure_change_6h temp_change_6h wind_change_1h cumul_gust_since_onset cumul_tp_since_onset gust_gt30_since_onset gust_at_t1h wind_speed_at_t1h t2m_at_t1h tp_at_t1h gust_at_t6h wind_speed_at_t6h t2m_at_t6h tp_at_t6h gust_at_t24h wind_speed_at_t24h t2m_at_t24h tp_at_t24h gust_at_t48h wind_speed_at_t48h t2m_at_t48h tp_at_t48h hour_of_day hour_sin hour_cos days_since_onset hours_since_obs storm_phase log_customers rural_urban_code is_metro pop_density n_utilities pct_forest pct_developed pct_agriculture pct_water pct_wetland pct_unmapped pct_forest_classified tree_canopy_pct tree_canopy_std forest_x_customers window_len_next_1h is_full_next_1h tp_rate_next_1h gust_gt30_frac_next_1h has_weather_at_t1h window_len_next_6h is_full_next_6h tp_rate_next_6h gust_gt30_frac_next_6h has_weather_at_t6h window_len_next_24h is_full_next_24h tp_rate_next_24h gust_gt30_frac_next_24h has_weather_at_t24h window_len_next_48h is_full_next_48h tp_rate_next_48h gust_gt30_frac_next_48h has_weather_at_t48h
feature_infos=[0:0.55230000000000001] [0:0.82424180700000005] [0:0.065400654000000003] [0:0.90465771100000003] [0:0.058582058999999999] [0:82.420000000000002] [4.1666666666666669e-06:0.26529999999999998] [0.0001:0.65049999999999997] [1.9982631347136334e-05:0.22470370552747407] [0.00083333333333333328:39.644861111111112] [0.02:100] [3.1208333333333337e-06:0.018623942125000001] [7.4900000000000005e-05:0.37916412199999999] [3.1208333333333337e-06:0.017093115180555556] [7.4900000000000005e-05:0.18675781699999999] [0:0.38653749999999998] [0:100] [0:0.59799999999999998] [0:0.20940416666666664] [-0.055854285714285697:0.019237142857142855] [0:1] [0:0.95833333333333337] [0:71] [13.769444444444444:31.258333333333326] [29.100000000000001:70] [0:35] [0:18] [991.39999999999998:2250.5999999999995] [3.5:47.5] [15.6:64.5] [-6.477142857142856:3.3114285714285714] [0.90000000000000002:58.299999999999997] [0:38] [-0.99999999953664132:0.99999999987412524] [-0.99999999369183823:1] [259.85092730000002:298.4303941] [257.33913039999999:289.8677619] [0:11.300000000000001] [0:11.300000000000001] [0:2.6600000000000001] [0:0.080000000000000002] [15:100] [0:2.5] [0.17000000000000001:0.52300000000000002] [10:3090] [0:100] [0:100] [0:100] [0:100] [884.60000000000002:1022.4] [986.70000000000005:1031.5999999999999] [0:863] [0:731] [0:454] [0:0.60999999999999999] [-13.299072699999954:25.280394100000024] [-15.81086959999999:16.717761900000028] [0:1] [0:28.299999999999997] [0.24840000000000004:23.550000000000001] [0:1] [1.6000000000000001:3819.7999999999997] [0:107.59999999999999] [0:47.100000000000001] [0:1689.7999999999997] [1.3999999999999999:58.299999999999997] [1.2999999999999998:54.400000000000006] [0.10000000000000001:38] [0:14.699999999999999] [259.85092730000002:298.21776599999998] [0:2] [0:2] [1.2999999999999998:54.400000000000006] [2.7999999999999998:58.299999999999997] [2.0571428571428569:49.328571428571429] [0.40000000000000002:38] [0:25.200000000000003] [259.85092730000002:296.40927479999999] [0:7] [0:7] [2.5999999999999996:52.024999999999999] [8.3000000000000007:58.299999999999997] [4.5520000000000005:42.796000000000006] [5:38] [0:51.199999999999996] [259.85092730000002:286.57337899999999] [0:25] [0:19] [7.5:52.024999999999999] [10.1:58.299999999999997] [5.3392857142857135:37.651020408163269] [5.0999999999999996:38] [0:52.900000000000006] [259.85092730000002:282.77648069999998] [0:42] [0:22] [9.375:52.024999999999999] [-24.299999999999997:23.800000000000001] [-32:35.700000000000003] [-6.1000000000000227:9.3000000000000682] [-10.600000000000023:13.700000000000045] [-20.027499999999975:21.845291299999985] [-15.300000000000001:28.000000000000004] [348.89999999999998:4155.3000000000002] [0:53.200000000000003] [0:61] [0.90000000000000002:58.299999999999997] [0:38] [259.85092730000002:298.4303941] [0:11.300000000000001] [0.90000000000000002:58.299999999999997] [0:38] [259.85092730000002:298.4303941] [0:11.300000000000001] [0.90000000000000002:58.299999999999997] [0:38] [259.85092730000002:298.4303941] [0:11.300000000000001] [0.90000000000000002:53.799999999999997] [0:34.299999999999997] [259.85092730000002:296.58327589999999] [0:11.300000000000001] [0:23] [-1:1] [-1:1] [1:5] [1:120] [0:3] [7.9247959139564355:13.272327018090158] [1:9] [0:1] [8.3691524328166658:3138.2235042681623] [1:14] [2.4399999999999999:88.719999999999999] [2.21:77.180000000000007] [0.040000000000000001:85.829999999999998] [0.01:5.5099999999999998] [0:19.780000000000001] [1.9299999999999999:18.32] [2.5641025641025643:95.815074496056084] [2.71:81.680000000000007] [13.6:40.350000000000001] [23.724227923039628:931.7442536362413] none none [0:7.3499999999999996] [0:1] none none none [0:3.6000000000000005] [0:1] none none none [0:2.048] [0:1] none [25:49] [0:1] [0:1.0795918367346939] [0:0.8571428571428571] [0:1]
tree_sizes=3039 2772 2862 2777 2817 2826 2752 2691 2832 2773 2818 2789 2728 2728 2814 2718 2721 2766 2752 2735

Tree=0
num_leaves=31
num_cat=0
split_feature=92 91 93 18 85 92 135 101 81 80 136 117 92 23 115 12 16 81 138 2 53 92 99 50 90 88 104 82 140 2
split_gain=0.00657643 0.00335514 0.00540237 0.00208762 0.00168891 0.00444943 0.00131033 0.00127128 0.00068278 0.00132049 0.000564237 0.000663746 0.000547094 0.000922431 0.000796905 0.000950997 0.000950907 0.000505362 0.000557056 0.000484512 0.00178838 0.000297702 0.000218298 0.000208095 0.000161223 0.000118538 9.23607e-05 8.79038e-05 7.29225e-05 0.00023021
threshold=7.5500000000000016 14.15 263.75733265000002 0.06209375000000001 280.86619585000011 10.150000000000004 2.5400000000000005 -0.76270560000000376 34.95000000000001 25.162500000000005 0.15500000000000003 1.0000000180025095e-35 14.350000000000003 25.256944444444446 21.550000000000004 0.0031429340000000004 1.0650000000000002 40.050000000000004 5.3600000000000003 0.0059917800000000012 255.50000000000003 5.0500000000000016 -2.8500000000000223 1000.5500000000001 25.694897959183677 29.162500000000005 0.35000000000000009 26.210000000000004 65.14500000000001 7.3000000000000013e-05
decision_type=2 2 2 2 2 2 2 2 2 2 2 2 2 2 2 2 2 2 2 2 2 2 2 2 2 2 2 2 2 2
left_child=19 2 -2 4 6 -6 10 -5 25 12 27 -12 13 14 15 -10 -17 -7 -19 21 24 -1 -9 -11 -21 -8 -14 -3 -25 -30
right_child=1 3 -4 7 5 17 8 22 9 23 11 -13 26 -15 -16 16 -18 18 -20 20 -22 -23 -24 28 -26 -27 -28 -29 29 -31
leaf_value=0.00068863514444777465 0.0014016220091738092 0.00078627795129978238 0.00071668850804733287 0.00071668850804733287 0.0012194423446109997 0.00071668850804733287 0.00069462695308758525 0.00076317384905935062 0.00071668850804733287 0.00070388211117521581 0.00071668850804733287 0.0010605653166806538 0.00071668850804733287 0.0007177551635631018 0.00071668850804733287 0.0010948141474457329 0.0008222996472463382 0.00097245626633681915 0.00073928533082259578 0.00069741521153304157 0.0010153091457819326 0.00071668850804733287 0.0010785323792619928 0.00072238646744742039 0.00078354938561033623 0.00071668850804733287 0.00075081403828946094 0.00071668850804733287 0.00080210777594912465 0.00071668850804733287
leaf_weight=9758 52 94 77 94 66 300 1050 51 84 978 58 61 189 247 84 97 166 58 163 473 51 1024 87 1327 50 894 289 108 149 136
leaf_count=9758 52 94 77 94 66 300 1050 51 84 978 58 61 189 247 84 97 166 58 163 473 51 1024 87 1327 50 894 289 108 149 136
internal_value=0.000717089 0.000755626 0.00101227 0.000750004 0.000743912 0.000826564 0.000734992 0.000900944 0.000728455 0.000741355 0.00083493 0.000934102 0.000786016 0.000816922 0.000862046 0.000895444 0.0009428 0.000766348 0.000823878 0.000693912 0.000733737 0.000691326 0.000999131 0.000719472 0.000715304 0.00070617 0.000731622 0.000751094 0.000732032 0.000759285
internal_weight=18315 6959 129 6830 6598 587 6011 232 5690 3746 321 119 1156 678 431 347 263 521 221 11356 574 10782 138 2590 523 1944 478 202 1612 285
internal_count=18315 6959 129 6830 6598 587 6011 232 5690 3746 321 119 1156 678 431 347 263 521 221 11356 574 10782 138 2590 523 1944 478 202 1612 285
is_linear=0
shrinkage=1


Tree=1
num_leaves=31
num_cat=0
split_feature=92 133 116 138 33 133 99 142 81 85 131 50 88 2 53 141 0 53 15 50 92 88 14 50 128 30 95 133 116 80
split_gain=0.0060383 0.00352928 0.00300305 0.00329331 0.0024077 0.00121504 0.00162846 0.00179588 0.000923642 0.00104679 0.000894714 0.00121726 0.000458635 0.000442095 0.00161696 0.000410586 0.000345771 0.000402699 0.000311483 0.000316009 0.000268962 0.00025509 0.000252745 0.000251675 0.00014905 0.000192324 0.000145994 8.86889e-05 8.1303e-05 0.00015492
threshold=7.5500000000000016 88.200000000000003 292.29015645000004 3.7550000000000003 0.96918555308798071 79.440000000000012 -0.1999999999999886 779.97322007526816 47.95000000000001 272.70500095000006 65.098110623250292 1017.2500000000001 31.562500000000007 0.0059917800000000012 255.50000000000003 28.605000000000004 0.21365000000000003 1.5000000000000002 0.0021312500000000003 1009.6500000000002 5.0500000000000016 29.162500000000005 0.0028837585000000003 1000.5500000000001 10.629304255873203 -1.5699999999999987 2.5000000000000004 88.200000000000003 285.88863720000006 23.187500000000007
decision_type=2 2 2 2 2 2 2 2 2 2 2 2 2 2 2 2 2 2 2 2 2 2 2 2 2 2 2 2 2 2
left_child=13 2 5 4 -4 8 18 -8 16 -10 11 -11 -5 20 26 -14 21 -18 -7 -20 27 -2 -17 -23 -12 -26 -15 -1 29 -25
right_child=1 -3 3 12 -6 6 7 -9 9 10 24 -13 15 14 -16 22 17 -19 19 -21 -22 23 -24 28 25 -27 -28 -29 -30 -31
leaf_value=-2.72050714926842e-05 -2.3000057281374217e-05 0.00034415709853798646 6.9705042550507738e-05 0 0.00059349542213154075 0 0.00037039573547640193 3.3905013665489138e-05 0 0.00044704421615689155 0 0 0 -1.873986678151935e-05 0.00028397674290037969 0 0 0.00017590784727902054 0.00014253281812142272 0 0 -1.1050504363711202e-05 0.00016462728825455562 5.3822553376442184e-05 0 0.00016315671268390397 5.9857531294095374e-05 0 0 9.1270663709263847e-06
leaf_weight=9664 986 95 72 201 65 331 94 136 238 50 142 50 151 468 51 84 77 60 85 84 1024 1174 216 370 53 52 55 94 688 1405
leaf_count=9664 986 95 72 201 65 331 94 136 238 50 142 50 151 468 51 84 77 60 85 84 1024 1174 216 370 53 52 55 94 688 1405
internal_value=5.82054e-07 3.75177e-05 3.24958e-05 0.000125416 0.00035695 1.95861e-05 8.11038e-05 0.00019408 1.02354e-05 6.97727e-05 0.00012537 0.000266051 6.86364e-05 -2.16133e-05 1.62258e-05 9.66569e-05 1.85495e-06 7.98917e-05 1.88709e-05 7.50341e-05 -2.40927e-05 0 0.000132059 5.637e-06 4.741e-05 9.36703e-05 -8.33923e-07 -2.66508e-05 1.56217e-05 2.12842e-05
internal_weight=18315 6959 6864 789 137 6075 730 230 5345 585 347 100 652 11356 574 451 4760 137 500 169 10782 4623 300 3637 247 105 523 9758 2463 1775
internal_count=18315 6959 6864 789 137 6075 730 230 5345 585 347 100 652 11356 574 451 4760 137 500 169 10782 4623 300 3637 247 105 523 9758 2463 1775
is_linear=0
shrinkage=0.05


Tree=2
num_leaves=31
num_cat=0
split_feature=92 133 116 43 137 0 133 99 142 81 116 93 137 2 51 103 1 15 50 122 88 114 105 88 50 15 0 133 124 22
split_gain=0.00552602 0.00317169 0.00276042 0.00301625 0.00147099 0.00127732 0.00110518 0.00148383 0.00158606 0.000854125 0.000979324 0.000838138 0.00106742 0.000403265 0.00147098 0.00277344 0.00032344 0.000284836 0.000284142 0.000281049 0.000269892 0.000259317 0.00025411 0.000213195 0.000164825 0.000142393 0.000254119 0.000127471 9.41106e-05 0.000165201
threshold=7.5500000000000016 88.200000000000003 292.29015645000004 0.36750000000000005 0.76500000000000012 0.13935000000000003 79.440000000000012 -0.1999999999999886 779.97322007526816 47.95000000000001 272.6873126000001 266.35071390000002 1.4700000000000002 0.0059917800000000012 350.50000000000006 2759.0500000000006 0.11517102900000002 0.0021312500000000003 1009.6500000000002 8.5000000000000018 31.562500000000007 30.550000000000004 20.500000000000004 29.162500000000005 1000.5500000000001 0.00066354166666666677 0.029250000000000002 87.745000000000019 0.78656609248549303 10.500000000000002
decision_type=2 2 2 2 2 2 2 2 2 2 2 2 2 2 2 2 2 2 2 2 2 2 2 2 2 2 2 2 2 2
left_child=13 2 6 5 -5 20 9 17 -9 16 -11 12 -12 21 -15 -16 23 -8 -19 -18 -4 27 -21 -2 -25 -22 -27 -1 -26 -30
right_child=1 -3 3 4 -6 -7 7 8 -10 10 11 -13 -14 14 15 -17 19 18 -20 22 25 -23 -24 24 28 26 -28 -29 29 -31
leaf_value=-2.5769299888715135e-05 -2.3794091413360388e-05 0.00032712849112613189 0 0.00058044176826635007 9.5543950747693332e-05 0.00028894215101791452 0 0.000352070895906524 3.2222137906302139e-05 0 1.2166855508220609e-05 1.6527925292471593e-05 0.00034983092383635044 -1.61972693001594e-05 0.00045211185718401869 0 0 0.00013548905098929916 0 9.7897419040738511e-05 6.6043243256203191e-06 1.4241602692438697e-06 0 -1.175910002102985e-05 2.0962279841400652e-06 0.00013882916646508871 0 0 0 6.3072633484500691e-05
leaf_weight=9949 950 95 179 55 66 66 331 94 136 238 82 186 79 453 51 70 282 85 84 222 238 640 180 1021 1589 126 59 193 283 233
leaf_count=9949 950 95 179 55 66 66 331 94 136 238 82 186 79 453 51 70 282 85 84 222 238 640 180 1021 1589 126 59 193 283 233
internal_value=7.24099e-07 3.60674e-05 3.12637e-05 0.000120406 0.000359887 6.90804e-05 1.88453e-05 7.75783e-05 0.000185546 9.87549e-06 6.71416e-05 0.00012094 0.000209854 -2.04954e-05 1.54427e-05 0.000174042 1.7747e-06 1.76618e-05 7.14708e-05 3.41596e-05 3.62448e-05 -2.28736e-05 6.10482e-05 -2.44052e-06 2.45545e-06 5.88186e-05 9.87132e-05 -2.48999e-05 1.17265e-05 3.16499e-05
internal_weight=18315 6959 6864 789 121 668 6075 730 230 5345 585 347 161 11356 574 121 4760 500 169 684 602 10782 402 4076 3126 423 185 10142 2105 516
internal_count=18315 6959 6864 789 121 668 6075 730 230 5345 585 347 161 11356 574 121 4760 500 169 684 602 10782 402 4076 3126 423 185 10142 2105 516
is_linear=0
shrinkage=0.05


Tree=3
num_leaves=31
num_cat=0
split_feature=92 133 116 28 137 0 133 99 142 81 116 16 131 131 136 105 0 53 88 15 50 94 88 50 114 122 15 0 13 21
split_gain=0.00505957 0.00284957 0.00253554 0.00138105 0.00255521 0.00109381 0.00100563 0.00135264 0.00139808 0.000784628 0.000912264 0.000792404 0.000378448 0.00130442 0.000313487 0.000521381 0.000301961 0.000354188 0.000270213 0.000260564 0.000255413 0.000220641 0.000208119 0.000210593 0.000165807 0.000135616 0.000159878 0.000223657 0.000264092 8.79425e-05
threshold=7.5500000000000016 88.200000000000003 292.29015645000004 12.250000000000002 0.65500000000000014 0.12700000000000003 79.440000000000012 -0.1999999999999886 779.97322007526816 47.95000000000001 272.6873126000001 0.10500000000000002 33.15434016127945 32.789184554052362 0.53500000000000014 14.500000000000002 0.21365000000000003 1.5000000000000002 31.562500000000007 0.0021312500000000003 1009.6500000000002 21.500000000000004 29.162500000000005 1000.5500000000001 30.150000000000002 13.500000000000002 0.00011562500000000002 0.028450000000000003 0.000664283326388889 0.40972222222222227
decision_type=2 2 2 2 2 2 2 2 2 2 2 2 2 2 2 2 2 2 2 2 2 2 2 2 2 2 2 2 2 2
left_child=12 2 6 4 -4 18 9 19 -9 16 -11 -12 13 24 -13 -16 22 -18 -5 -8 -21 -14 -2 -24 29 -20 -27 28 -28 -1
right_child=1 -3 3 5 -6 -7 7 8 -10 10 11 14 21 -15 15 -17 17 -19 25 20 -22 -23 23 -25 -26 26 27 -29 -30 -31
leaf_value=0 -2.0800341944648751e-05 0.00031094244122414243 0.00053689244652159072 0 5.3210287497732964e-05 0.00027323431816886812 0 0.0003346526419995108 3.0622789278746546e-05 0 0.0003289322971763528 0 -2.4441478575329761e-05 0.00024429129890896469 0 0.00023131481641030409 0 0.0001646888390737853 0 0.00012879336828793681 0 0 -1.0004217288918725e-05 1.4275660853366823e-05 7.1364835581996217e-05 0 0 0 0.00019159538369837288 -2.2440868499649973e-05
leaf_weight=253 986 95 58 178 105 67 331 94 136 238 50 160 9642 54 77 60 77 60 54 85 84 635 1174 2463 54 90 57 89 91 718
leaf_count=253 986 95 58 178 105 67 331 94 136 238 50 160 9642 54 77 60 77 60 54 85 84 635 1174 2463 54 90 57 89 91 718
internal_value=8.5091e-07 3.46788e-05 3.00822e-05 0.000115573 0.00025803 7.01527e-05 1.81388e-05 7.42272e-05 0.000177434 9.53076e-06 6.44361e-05 0.000116384 -1.94399e-05 5.18828e-06 6.28392e-05 0.00011919 1.72062e-06 7.46488e-05 3.6439e-05 1.65125e-05 6.80836e-05 -2.25124e-05 0 5.0633e-06 -2.76089e-06 6.09502e-05 7.32133e-05 9.52184e-05 0.000135036 -1.20964e-05
internal_weight=18315 6959 6864 789 163 626 6075 730 230 5345 585 347 11356 1079 297 137 4760 137 559 500 169 10277 4623 3637 1025 381 327 237 148 971
internal_count=18315 6959 6864 789 163 626 6075 730 230 5345 585 347 11356 1079 297 137 4760 137 559 500 169 10277 4623 3637 1025 381 327 237 148 971
is_linear=0
shrinkage=0.05


Tree=4
num_leaves=31
num_cat=0
split_feature=92 91 116 43 139 69 0 81 85 131 116 126 131 131 88 81 50 114 142 43 133 21 116 23 32 93 136 104 92 139
split_gain=0.0046197 0.0026919 0.00213653 0.00271989 0.00149169 0.00138209 0.000922692 0.000648074 0.000852299 0.000762236 0.00148826 0.000517473 0.000349119 0.00117767 0.000346965 0.000265252 0.000402386 0.000205791 0.000193455 0.000170547 0.000256425 0.000161977 0.000203464 0.000227017 0.000313229 0.000192887 0.000205104 0.00015965 0.00015786 0.000302339
threshold=7.5500000000000016 13.65 292.29015645000004 0.37650000000000006 91.048068522959113 289.49230295000007 0.13935000000000003 47.95000000000001 272.44599015000006 65.098110623250292 284.25792420000005 57.500000000000007 33.15434016127945 32.789184554052362 31.562500000000007 34.95000000000001 1001.1500000000002 28.850000000000005 317.58550324999493 0.31450000000000006 23.815000000000001 0.54861111111111127 288.15114060000002 22.612500000000004 11.750000000000002 266.43829945000004 0.69000000000000006 1.2500000000000004 2.1500000000000008 89.852467926376718
decision_type=2 2 2 2 2 2 2 2 2 2 2 2 2 2 2 2 2 2 2 2 2 2 2 2 2 2 2 2 2 2
left_child=12 -2 4 6 7 11 14 15 -9 10 -10 -6 13 28 -4 -3 -17 -14 -18 -16 -21 22 23 24 25 -20 -27 -11 -1 -30
right_child=1 2 3 -5 5 -7 -8 8 9 27 -12 -13 17 -15 19 16 18 -19 21 20 -22 -23 -24 -25 -26 26 -28 -29 29 -31
leaf_value=-1.4590864188307411e-05 0.00039276040770548415 -8.8006031799243584e-06 0 0.00039473460909171196 0 0.00028708166386202336 0.00026125286159660744 0 0.00043043710064991439 0 0 0.00016266297056930713 -2.3345351368542569e-05 0.0002322988227771765 0 -8.6897862296402401e-06 0 0 0 1.3003679059116487e-05 0.00013798516905136373 5.1320561389930321e-06 0 1.862900691503235e-05 1.5343001789156709e-05 0.00028178189587492854 1.1545367189683016e-05 9.7077064498181351e-05 0 0.00013778112494322817
leaf_weight=878 53 1893 194 81 223 98 66 226 51 174 54 64 9552 54 102 1017 616 725 58 204 156 616 213 412 186 63 59 80 97 50
leaf_count=878 53 1893 194 81 223 98 66 226 51 174 54 64 9552 54 102 1017 616 725 58 204 156 616 213 412 186 63 59 80 97 50
internal_value=9.68404e-07 3.33017e-05 2.97627e-05 0.000107738 1.8668e-05 0.000115284 6.81236e-05 1.12694e-05 6.18486e-05 0.000110206 0.000236199 3.84676e-05 -1.84065e-05 5.14509e-06 4.07144e-05 4.52015e-06 1.3846e-05 -2.1366e-05 2.64033e-05 6.50054e-05 8.12449e-05 3.55664e-05 4.94196e-05 6.13437e-05 9.56212e-05 0.000150408 0.000192901 3.77928e-05 -2.16348e-06 3.78759e-05
internal_weight=18315 6959 6906 803 6103 385 722 5718 585 359 105 287 11356 1079 656 5133 3240 10277 2223 462 360 1607 991 778 366 180 122 254 1025 147
internal_count=18315 6959 6906 803 6103 385 722 5718 585 359 105 287 11356 1079 656 5133 3240 10277 2223 462 360 1607 991 778 366 180 122 254 1025 147
is_linear=0
shrinkage=0.05


Tree=5
num_leaves=31
num_cat=0
split_feature=92 91 116 43 18 133 108 92 103 77 27 88 50 140 41 141 43 141 93 131 131 115 90 123 36 49 21 142 155 92
split_gain=0.00343178 0.00238026 0.00125545 0.00249714 0.000744322 0.000802422 0.00085947 0.000880301 0.000741129 0.000533113 0.00044759 0.00037707 0.000706403 0.00028847 0.000292616 0.000278566 0.000304001 0.000255146 0.000250214 0.000244896 0.000844491 0.000192425 0.000178112 0.00015107 0.000137776 0.000137334 0.000301777 0.000105371 9.98553e-05 8.66917e-05
threshold=7.5500000000000016 13.65 294.04448480000002 0.37550000000000006 0.058362500000000005 79.980000000000004 290.35676260000008 24.750000000000007 1602.5000000000002 273.34111155000005 1595.3500000000001 34.662500000000009 1008.1500000000002 54.655000000000008 43.500000000000007 38.640000000000008 0.34350000000000008 31.890000000000004 265.84903375000005 33.15434016127945 32.789184554052362 21.550000000000004 22.468367346938781 0.78656609248549325 267.09256310000006 990.25000000000011 0.4513888888888889 692.84370810973348 0.32200000000000012 2.1500000000000008
decision_type=2 2 2 2 2 2 2 2 2 2 2 2 2 2 2 2 2 2 2 2 2 2 2 2 2 2 2 2 2 2
left_child=19 -2 4 13 5 11 9 10 24 -7 -8 28 -13 14 17 16 -14 -4 -18 20 29 23 -21 25 -6 26 -20 -28 -3 -1
right_child=1 2 3 -5 8 6 7 -9 -10 -11 -12 12 15 -15 -16 -17 18 -19 21 22 -22 -23 -24 -25 -26 -27 27 -29 -30 -31
leaf_value=-1.3702763789140074e-05 0.00035842361648194911 -1.727183822135859e-05 0 0.00042759656327816947 5.1818393227942476e-07 0.00012789237801977529 0.00030916968333400189 0 0 0 6.4031816108874398e-06 -5.9825747387513434e-06 4.2077266144612761e-06 0 0 0.00014593028897551472 0 0.00016294577828204608 3.3719392563969579e-05 -2.2641749476021675e-05 0.00019513250929726797 0 -7.2587272852055074e-07 0 0.00026352063265117721 0 0.00024140541472464187 3.1295304774845856e-06 0 2.196613145796993e-05
leaf_weight=903 55 1391 68 56 52 95 84 54 84 489 58 1354 846 154 92 86 148 116 198 8793 54 57 1573 67 69 72 82 56 1033 135
leaf_count=903 55 1391 68 56 52 95 84 54 84 489 58 1354 846 154 92 86 148 116 198 8793 54 57 1573 67 69 72 82 56 1033 135
internal_value=-3.04016e-07 2.72279e-05 2.37924e-05 0.000103282 1.69331e-05 1.28894e-05 6.08966e-05 0.000156216 0.000113714 2.01464e-05 0.000221379 5.00466e-06 1.75331e-05 4.85503e-05 7.91904e-05 4.03764e-05 3.10617e-05 0.000115516 5.70737e-05 -1.73594e-05 1.21902e-06 7.30446e-05 -1.97988e-05 8.35768e-05 0.000192409 9.51459e-05 0.00010957 0.000181403 -8.26415e-06 -4.23475e-06
internal_weight=18374 6916 6861 486 6375 6170 780 196 205 584 142 5390 2966 430 276 1612 1526 184 680 11458 1092 532 10366 475 121 408 336 138 2424 1038
internal_count=18374 6916 6861 486 6375 6170 780 196 205 584 142 5390 2966 430 276 1612 1526 184 680 11458 1092 532 10366 475 121 408 336 138 2424 1038
is_linear=0
shrinkage=0.05


Tree=6
num_leaves=31
num_cat=0
split_feature=92 91 116 43 18 139 103 84 0 88 50 25 138 120 30 140 41 114 142 141 22 53 2 139 56 2 39 11 84 100
split_gain=0.00315854 0.00214051 0.00114418 0.00190113 0.000653839 0.000685589 0.000667881 0.0005597 0.000908335 0.000479047 0.000733227 0.000364105 0.00105221 0.000633079 0.00104954 0.000278198 0.00030447 0.000240543 0.000238637 0.000230245 0.000195509 0.00090061 0.000150957 0.000149567 0.000145676 0.000139267 0.000129662 0.00010948 0.00010928 6.90893e-05
threshold=7.5500000000000016 13.65 293.76405065000006 0.37650000000000006 0.058362500000000005 91.048068522959113 1602.5000000000002 8.4500000000000028 0.0034500000000000004 34.662500000000009 1007.7500000000001 17.500000000000004 4.785000000000001 269.36425775000004 -1.7171428571428573 54.655000000000008 45.500000000000007 29.850000000000005 721.14303845763686 31.890000000000004 1.0000000180025095e-35 222.50000000000003 0.00091637800000000014 63.813624473293878 -6.0413823499999628 0.0049793635000000011 0.10500000000000002 0.01171224859027778 8.0500000000000025 -3.1999999999999882
decision_type=2 2 2 2 2 2 2 2 2 2 2 2 2 10 2 2 2 2 2 2 2 2 2 2 2 2 2 2 2 2
left_child=17 -2 4 15 5 9 24 -7 -9 28 -11 12 13 14 -12 16 19 20 -19 -4 21 -1 -13 25 -6 -24 27 -22 -3 -14
right_child=1 2 3 -5 6 7 -8 8 -10 10 11 22 29 -15 -16 -17 -18 18 -20 -21 26 -23 23 -25 -26 -27 -28 -29 -30 -31
leaf_value=-1.0853704027346762e-05 0.00034082245427417292 -1.6892573089482449e-05 0 0.00037022940196508114 0 0 0 7.0855971659794337e-06 0.00026777801885535677 -3.7067539388003523e-06 0.000302794429536382 0 0 0 0 0 0 0 9.3016853947842281e-05 0.00014939839778188409 -2.2436576154407797e-05 0.0001867204891016172 0.00013548535973865057 0 0.00025053283647035384 0 0 0 2.1086597827241927e-07 4.3851095683836123e-05
leaf_weight=358 55 1462 80 61 50 174 84 131 83 1356 113 581 385 69 74 163 84 638 72 139 9429 63 65 163 69 52 776 122 1163 260
leaf_count=358 55 1462 80 61 50 174 84 131 83 1356 113 581 385 69 74 163 84 638 72 139 9429 63 65 163 69 52 776 122 1163 260
internal_value=-1.15693e-07 2.6289e-05 2.29896e-05 9.57231e-05 1.61346e-05 1.22753e-05 0.000107552 7.7886e-05 0.000132226 6.95936e-06 2.06614e-05 4.22422e-05 6.6126e-05 0.000155889 0.000204057 4.83673e-05 7.66914e-05 -1.64907e-05 7.0175e-06 0.000107644 -1.85093e-05 7.23609e-06 1.14006e-05 4.17342e-05 0.000183246 8.55366e-05 -2.00435e-05 -2.16406e-05 -7.4137e-06 2.25728e-05
internal_weight=18374 6916 6861 527 6334 6131 203 388 214 5743 3118 1762 901 256 187 466 303 11458 710 219 10748 421 861 280 119 117 10327 9551 2625 645
internal_count=18374 6916 6861 527 6334 6131 203 388 214 5743 3118 1762 901 256 187 466 303 11458 710 219 10748 421 861 280 119 117 10327 9551 2625 645
is_linear=0
shrinkage=0.05


Tree=7
num_leaves=31
num_cat=0
split_feature=92 133 77 18 116 108 138 138 22 123 18 103 116 88 80 116 81 104 142 134 118 2 51 86 141 10 13 114 133 30
split_gain=0.00290038 0.00125138 0.00249308 0.00202985 0.00134576 0.00114158 0.00101632 0.00201086 0.000757917 0.000591559 0.000482117 0.000441412 0.000385987 0.000257615 0.000393187 0.000372962 0.000390369 0.000323112 0.000320751 0.000272098 0.000226568 0.00044134 0.00159636 0.000181271 0.000158548 0.00012362 0.000119439 0.000120531 0.000114096 9.17931e-05
threshold=7.5500000000000016 79.980000000000004 273.14595530000003 0.0039416666666666671 292.29015645000004 289.80057930000004 3.7550000000000003 3.5500000000000003 7.5000000000000009 0.12940952255126045 0.058362500000000005 1602.5000000000002 282.38122890000005 29.587500000000006 25.162500000000005 285.42760780000003 36.850000000000001 0.45000000000000007 694.77599263721379 12.240000000000002 12.550000000000002 0.0059917800000000012 310.50000000000006 2.5000000000000004 30.670000000000005 0.87000000000000011 0.0028292562638888891 29.850000000000005 86.075000000000017 -1.4871428571428555
decision_type=2 2 2 2 2 2 2 2 2 2 2 2 2 2 2 2 2 2 2 2 10 2 2 2 2 2 2 2 2 2
left_child=20 4 3 -3 10 -4 7 -6 -7 -10 13 12 -12 -2 15 16 -15 -18 19 -19 28 26 -23 -8 -25 -26 27 -22 -1 -28
right_child=1 2 5 -5 6 8 23 -9 9 -11 11 -13 -14 14 -16 -17 17 18 -20 -21 21 22 -24 24 25 -27 29 -29 -30 -31
leaf_value=-2.2509214380265399e-05 -1.7396550997987407e-05 0 0 0.00049914861163415482 0 0 0 0.00046698952378673156 5.3699594391831994e-05 0.00037854754302672663 0.00024290795204860382 0 0 0 0 0 0 0.00021684189819421533 0 0 -1.7584984223212174e-05 0 0.00028819333374595493 0 0 0.0001046134613069334 0 8.960941797205894e-07 0 4.6699245820090305e-05
leaf_weight=7038 1064 50 528 63 59 86 159 50 88 50 58 84 50 189 3069 518 112 117 55 55 2955 171 57 144 57 211 219 566 326 126
leaf_count=7038 1064 50 528 63 59 86 159 50 88 50 58 84 50 189 3069 518 112 117 55 55 2955 171 57 144 57 211 219 566 326 126
internal_value=0 2.53675e-05 8.30665e-05 0.000308803 1.62807e-05 4.21409e-05 8.32138e-05 0.000235389 0.000136482 0.000209246 6.86195e-06 8.55569e-05 0.000151938 2.96331e-06 9.4454e-06 3.59106e-05 6.56879e-05 9.78971e-05 0.000133546 0.000167749 -1.56312e-05 -4.55775e-06 6.00696e-05 4.50626e-05 6.25275e-05 8.64645e-05 -9.67673e-06 -1.31951e-05 -2.11071e-05 1.17145e-05
internal_weight=18374 6916 865 113 6051 752 680 109 224 138 5371 192 108 5179 4115 1046 528 339 227 172 11458 4094 228 571 412 268 3866 3521 7364 345
internal_count=18374 6916 865 113 6051 752 680 109 224 138 5371 192 108 5179 4115 1046 528 339 227 172 11458 4094 228 571 412 268 3866 3521 7364 345
is_linear=0
shrinkage=0.05


Tree=8
num_leaves=31
num_cat=0
split_feature=92 91 116 138 18 105 140 142 116 83 50 6 141 6 17 129 86 131 131 86 118 13 131 108 114 112 139 56 81 139
split_gain=0.00266506 0.00178297 0.000975874 0.0016816 0.000580278 0.000591106 0.000557682 0.000601598 0.000493018 0.000430753 0.000575675 0.000322598 0.000227791 0.000303872 0.000532481 0.000550052 0.000571306 0.000207392 0.000746628 0.000178756 0.000170221 0.000150591 0.000118153 0.000183171 0.000104671 0.00010375 9.23147e-05 8.63695e-05 8.19829e-05 7.12153e-05
threshold=7.5500000000000016 13.65 294.04448480000002 3.7550000000000003 0.058362500000000005 19.500000000000004 73.360000000000014 779.97322007526816 286.74214735000004 18.850000000000005 1007.7500000000001 0.0018256944444444447 31.185000000000006 0.00044166666666666676 0.036200000000000003 3.5000000000000004 7.5000000000000009 33.15434016127945 32.789184554052362 2.5000000000000004 20.250000000000004 0.0029375659652777783 58.815508921636585 278.8866696500001 37.650000000000013 278.05447855000006 9.0273104052038207 -6.0413823499999628 37.350000000000001 91.048068522959113
decision_type=2 2 2 2 2 2 2 2 2 2 2 2 2 2 2 2 2 2 2 2 10 2 2 2 2 2 2 2 2 2
left_child=17 -2 4 -4 6 27 9 8 11 28 -11 -8 22 -14 15 -15 -17 18 29 -5 -19 -22 23 -12 -21 26 -23 -6 -3 -1
right_child=1 2 3 19 5 -7 7 -9 -10 10 12 -13 13 14 -16 16 -18 20 -20 24 21 25 -24 -25 -26 -27 -28 -29 -30 -31
leaf_value=-1.3996375972159909e-05 0.0003122700476965942 -1.4427489385360472e-05 0.00031343707744263506 0 0 0 0 4.343108077359349e-06 0 -2.1177013931603831e-06 0.00010130528345155058 0.00020751166060542278 0 2.3463012236114142e-05 2.082033476192486e-05 8.8843228754390416e-06 0.00032452539200335202 -2.0207299700857859e-05 0.00018413780567193912 8.4414694473790332e-05 -7.7387552193860054e-06 0 0 0 0 0 9.7713482899962399e-05 0.00025169100193003644 1.6812507798093452e-06 1.1274695067098999e-05
leaf_weight=768 55 1929 78 140 52 94 56 406 70 1394 80 129 191 154 417 64 71 8453 54 175 1731 50 544 156 93 53 79 59 509 270
leaf_count=768 55 1929 78 140 52 94 56 406 70 1394 80 129 191 154 417 64 71 8453 54 175 1731 50 544 156 93 53 79 59 509 270
internal_value=0 2.44894e-05 2.14086e-05 9.17854e-05 1.52457e-05 0.000101139 1.15657e-05 5.58183e-05 0.000117907 5.33939e-06 1.83619e-05 0.000160501 3.83563e-05 5.74144e-05 7.2536e-05 0.000129586 0.000212818 -1.48128e-05 2.21391e-06 3.65231e-05 -1.70888e-05 -6.93138e-07 9.9919e-06 3.96906e-05 6.07411e-05 3.86714e-05 6.40341e-05 0.00017891 -9.01501e-06 -2.60613e-06
internal_weight=18374 6916 6861 486 6375 205 6170 661 255 5509 3071 185 1677 897 706 289 135 11458 1092 408 10366 1913 780 236 268 182 129 111 2438 1038
internal_count=18374 6916 6861 486 6375 205 6170 661 255 5509 3071 185 1677 897 706 289 135 11458 1092 408 10366 1913 780 236 268 182 129 111 2438 1038
is_linear=0
shrinkage=0.05


Tree=9
num_leaves=31
num_cat=0
split_feature=92 91 116 138 3 139 84 105 81 131 141 51 21 21 118 2 49 86 82 80 116 2 25 141 33 92 81 11 114 133
split_gain=0.0024548 0.00160194 0.000882197 0.00135239 0.000532825 0.0006206 0.000792352 0.00047019 0.000632491 0.000951121 0.000273528 0.000250783 0.00027594 0.000373811 0.000195186 0.00037341 0.00154672 0.000175747 0.000166535 0.000175358 0.000162393 0.000156679 0.000154055 0.000130937 0.000132234 0.000130815 0.000157867 0.000113219 0.000104716 9.96468e-05
threshold=7.5500000000000016 13.65 293.76405065000006 3.7550000000000003 0.0083636115000000014 91.048068522959113 9.3500000000000032 20.500000000000004 46.150000000000013 84.484492496050322 28.240000000000006 1.5000000000000002 0.54861111111111127 0.36805555555555564 12.550000000000002 0.0059917800000000012 973.95000000000016 2.5000000000000004 20.690000000000001 24.912500000000005 280.41148255000007 0.0011514315000000002 14.500000000000002 28.365000000000006 0.97288189631320499 26.850000000000005 35.550000000000004 0.0029984518125000005 31.150000000000002 86.075000000000017
decision_type=2 2 2 2 2 2 2 2 2 2 2 2 2 2 10 2 2 2 2 2 2 2 2 2 2 2 2 2 2 2
left_child=14 -2 4 -4 18 7 -7 8 10 -10 -6 -12 13 -13 29 27 -17 -5 -3 20 22 -15 25 -19 -25 26 -20 28 -16 -1
right_child=1 2 3 17 5 6 -8 -9 9 -11 11 12 -14 21 15 16 -18 23 19 -21 -22 -23 -24 24 -26 -27 -28 -29 -30 -31
leaf_value=-2.0450480870408602e-05 0.00029693535879687265 -2.058438053697562e-05 0.00028300166829445163 0 -3.1711321172569393e-06 0 0.00024227872837748437 -1.1246502885133501e-06 0.00024246165001570285 9.8676185193393639e-06 2.1006148464150348e-06 2.9205450580474389e-05 0 0.00025014933867720685 -1.7376550571775563e-05 0 0.00028587294265564983 0 0 0 0 0 0 0.00010654858965620631 0 0 0.00012274765645333967 4.7704005645919397e-06 2.4110856419751093e-07 0
leaf_weight=7038 55 715 81 146 434 67 80 969 98 174 596 295 188 60 2675 173 55 90 50 1860 435 55 71 150 60 51 136 731 460 326
leaf_count=7038 55 715 81 146 434 67 80 969 98 174 596 295 188 60 2675 173 55 90 50 1860 435 55 71 150 60 51 136 731 460 326
internal_value=0 2.36663e-05 2.07041e-05 8.48724e-05 1.45634e-05 2.97803e-05 0.0001369 2.25038e-05 3.71787e-05 0.000112566 2.14526e-05 3.45822e-05 5.85503e-05 8.16989e-05 -1.40524e-05 -3.69917e-06 5.56701e-05 3.7151e-05 0 6.58619e-06 2.72225e-05 0.00017184 5.56612e-05 5.92398e-05 8.09792e-05 7.51041e-05 9.44873e-05 -8.507e-06 -1.31979e-05 -1.91281e-05
internal_weight=18374 6916 6861 527 6334 3016 147 2869 1900 272 1628 1194 598 410 11458 4094 228 446 3318 2603 743 115 308 300 210 237 186 3866 3135 7364
internal_count=18374 6916 6861 527 6334 3016 147 2869 1900 272 1628 1194 598 410 11458 4094 228 446 3318 2603 743 115 308 300 210 237 186 3866 3135 7364
is_linear=0
shrinkage=0.05


Tree=10
num_leaves=31
num_cat=0
split_feature=92 91 116 93 101 138 140 142 116 116 88 137 33 2 124 9 12 105 141 142 50 50 19 13 3 128 36 103 133 137
split_gain=0.00245637 0.00179747 0.000995467 0.000971174 0.000882274 0.00172575 0.000728441 0.000779701 0.000549978 0.000682866 0.000496514 0.00136862 0.000467281 0.000387439 0.00259536 0.000292358 0.000271027 0.000316224 0.000302375 0.000212729 0.000251925 0.00019801 0.000316947 9.40658e-05 9.06564e-05 9.03719e-05 8.98698e-05 0.000126359 0.000120971 0.000153387
threshold=5.0500000000000016 13.550000000000002 292.29015645000004 271.72302510000003 5.9839655000000116 4.5600000000000014 73.360000000000014 779.97322007526816 286.74214735000004 268.01261825000006 49.562500000000007 1.7650000000000003 0.297001593824957 0.0059917800000000012 -0.9159756150367534 2.0786111111111119 0.014901176000000002 22.500000000000004 25.325000000000006 84.379482245102579 1015.7500000000001 1023.4500000000002 -0.00099428571428571426 0.0040352463333333342 0.036811257500000007 9.168058974278372 271.81930855000007 1602.5000000000002 23.815000000000001 0.055000000000000007
decision_type=2 2 2 2 2 2 2 2 2 2 2 2 2 2 2 2 2 2 2 2 2 2 2 2 2 2 2 2 2 2
left_child=13 -2 6 4 15 -6 10 8 9 -8 16 -12 -11 23 -15 25 -3 18 -18 20 -20 26 -23 -1 -5 -4 -21 28 -28 -30
right_child=1 2 3 24 5 -7 7 -9 -10 12 11 -13 -14 14 -16 -17 17 -19 19 21 -22 22 -24 -25 -26 -27 27 -29 29 -31
leaf_value=-1.7502304548156756e-05 0.00026255648707134517 -5.8042928442170365e-06 0 -7.0976976952584158e-06 0.00045939570385503196 9.7607066115750413e-06 0 5.4436334010346752e-06 0 0.0003204070693958107 0 0.0003082737243362228 1.6787328163298941e-05 0.00031307689404997481 -7.9221824769118459e-06 0.00018906817454527217 0 -5.9101688976430995e-06 0.00019943133203923933 0 0 0 0.00012648911115064511 0 3.2877463784840146e-05 3.9551691147322751e-05 0 0 0 7.3945302606956255e-05
leaf_weight=9377 80 3220 61 228 56 75 63 413 64 85 107 50 61 68 473 54 515 889 55 545 50 117 134 368 198 294 97 156 102 261
leaf_count=9377 80 3220 61 228 56 75 63 413 64 85 107 50 61 68 473 54 515 889 55 545 50 117 134 368 198 294 97 156 102 261
internal_value=2.02553e-06 2.29841e-05 1.99118e-05 6.86666e-05 0.000113648 0.000241874 1.24435e-05 6.22129e-05 0.000129513 0.000168621 6.21967e-06 9.49721e-05 0.000228543 -1.38509e-05 2.37033e-05 5.98927e-05 3.12147e-06 1.46707e-05 2.61327e-05 3.75844e-05 0.000122762 2.76294e-05 7.36671e-05 -1.6451e-05 0 2.57227e-05 1.33187e-05 2.64237e-05 4.02459e-05 5.36862e-05
internal_weight=18316 8030 7950 966 540 131 6984 686 273 209 6298 157 146 10286 541 409 6141 2921 2032 1517 105 1412 251 9745 426 355 1161 616 460 363
internal_count=18316 8030 7950 966 540 131 6984 686 273 209 6298 157 146 10286 541 409 6141 2921 2032 1517 105 1412 251 9745 426 355 1161 616 460 363
is_linear=0
shrinkage=0.05


Tree=11
num_leaves=31
num_cat=0
split_feature=92 133 116 138 92 129 83 21 62 100 32 2 2 133 133 92 83 107 88 104 139 126 116 104 142 15 75 8 96 94
split_gain=0.00226797 0.00111309 0.00115229 0.000778638 0.000710391 0.000487424 0.000859304 0.000717171 0.00047785 0.000643332 0.000549712 0.00029092 0.00222936 0.000261476 0.00025364 0.000203059 0.000179726 0.000396762 0.00056069 0.000637536 0.00015859 0.00014751 0.000127312 0.00017777 0.000144198 0.000126264 0.000203282 0.000203098 0.000123307 8.10509e-05
threshold=7.5500000000000016 88.200000000000003 292.29015645000004 3.7550000000000003 10.150000000000004 7.5000000000000009 31.000000000000004 0.47916666666666669 21.950000000000003 -1.0499999999999543 11.65 0.0059917800000000012 0.0060912370000000002 60.115000000000002 25.455000000000002 2.5500000000000012 16.850000000000005 5.4500000000000011 34.662500000000009 0.65000000000000024 88.311154322955772 14.500000000000002 271.3992593000001 0.55000000000000016 178.94132777377956 0.001175 14.750000000000002 0.010958005739522747 36.587500000000013 22.500000000000004
decision_type=2 2 2 2 2 2 2 2 2 2 2 2 2 2 2 2 2 2 2 2 2 2 2 2 2 2 2 2 2 2
left_child=11 2 5 4 -4 16 7 8 -7 25 -11 15 -13 14 -5 -1 -2 18 -18 -20 -17 -16 -19 -24 -25 -10 -27 -28 -26 -30
right_child=1 -3 3 13 -6 6 -8 -9 9 10 -12 12 -14 -15 21 20 17 22 19 -21 -22 -23 23 24 28 26 27 -29 29 -31
leaf_value=-1.6824048170968025e-05 -1.0216657168076986e-05 0.00019851490534109669 0.00036423292586362181 6.847631954018572e-06 1.0130707008405196e-05 0 0.00021248762625442684 -2.0974790292470188e-06 0 0.00032221801089397039 0 0.00033716745832113227 -1.4138173318265563e-06 0 0 -2.0908875573937088e-06 0 -5.4378838553607848e-06 0 0.00025033709210022258 6.5686335235012744e-05 0.00014039439004175813 0 0 0 0 0.00016104252279151496 0 8.8691654723007697e-05 4.8930905159416179e-06
leaf_weight=8820 1262 97 53 229 65 226 75 740 144 61 57 50 530 211 55 1864 130 1269 54 68 89 161 769 384 253 56 68 60 208 208
leaf_count=8820 1262 97 53 229 65 226 75 740 144 61 57 50 530 211 55 1864 130 1269 54 68 89 161 769 384 253 56 68 60 208 208
internal_value=2.03424e-06 2.47285e-05 2.15166e-05 8.02856e-05 0.000212918 1.32173e-05 3.85499e-05 2.56286e-05 6.35474e-05 9.3555e-05 0.000206264 -1.14451e-05 1.96985e-05 4.85299e-05 7.02498e-05 -1.35876e-05 3.94506e-06 1.07879e-05 7.24657e-05 0.000148988 0 0.000114085 4.12056e-06 1.352e-05 2.71626e-05 3.7306e-05 6.46631e-05 9.96797e-05 4.12156e-05 5.8895e-05
internal_weight=18316 6963 6866 774 118 6092 1487 1412 672 446 118 11353 580 656 445 10773 4605 3343 252 122 1953 216 3091 1822 1053 328 184 128 669 416
internal_count=18316 6963 6866 774 118 6092 1487 1412 672 446 118 11353 580 656 445 10773 4605 3343 252 122 1953 216 3091 1822 1053 328 184 128 669 416
is_linear=0
shrinkage=0.05


Tree=12
num_leaves=31
num_cat=0
split_feature=92 91 116 43 56 140 142 88 137 108 99 140 131 131 18 53 92 139 119 10 19 88 80 116 92 117 12 21 119 13
split_gain=0.0020879 0.00178871 0.000954963 0.000860628 0.000923943 0.000521589 0.000563078 0.000481279 0.00111128 0.00048083 0.000382357 0.000370312 0.000343579 0.00201714 0.000239611 0.000260128 0.000203943 0.000439373 0.000188196 0.000160571 0.00025511 0.000141943 0.000217922 0.000244305 0.000252991 0.000239728 0.000228072 0.000383159 0.000131667 0.000115746
threshold=7.5500000000000016 13.65 292.29015645000004 0.36750000000000005 -1.1896497999999835 73.360000000000014 779.97322007526816 49.562500000000007 1.7650000000000003 288.04284970000009 -0.30000000000001131 54.655000000000008 33.15434016127945 32.789184554052362 0.058362500000000005 1.5000000000000002 2.1500000000000008 89.852467926376718 20.150000000000002 1.2250000000000003 -0.0026585714285714272 29.162500000000005 25.162500000000005 286.01060155000005 14.450000000000005 1.1500000000000001 0.0031429340000000004 0.47916666666666669 12.350000000000003 0.0029375659652777783
decision_type=2 2 2 2 2 2 2 2 2 2 2 2 2 2 2 2 2 2 10 2 2 2 2 2 2 2 2 2 10 2
left_child=12 -2 5 11 -5 7 9 14 -9 10 -7 18 13 16 21 -16 -1 -18 19 -4 -21 -3 23 24 25 26 -23 -28 -14 -30
right_child=1 2 3 4 -6 6 -8 8 -10 -11 -12 -13 28 -15 15 -17 17 -19 -20 20 -22 22 -24 -25 -26 -27 27 -29 29 -31
leaf_value=-1.0219392430443386e-05 0.00031186233980796328 -1.5186158957024918e-05 0 0.00035400467203726296 0 0 4.9340604150783463e-06 0 0.00028627487239610478 0.00023194240463713609 0.00014817795637474561 0 -1.6237869605201583e-05 0.00032063963804759236 0 0.00012375370728350812 0 0.00016900827657905811 0 0 0.000147068545752704 0 0 0 0 0 0 0.00023222619067528286 -4.6279298582512798e-06 4.2647403640027428e-05
leaf_weight=903 55 986 79 59 52 121 393 89 50 83 50 234 8834 50 98 85 90 52 123 73 170 52 3109 490 309 67 62 74 1281 143
leaf_count=903 55 986 79 59 52 121 393 89 50 83 50 234 8834 50 98 85 90 52 123 73 170 52 3109 490 309 67 62 74 1281 143
internal_value=2.04858e-06 2.38305e-05 2.07687e-05 7.39088e-05 0.000215666 1.30788e-05 5.66924e-05 6.99788e-06 0.000100051 0.000116834 3.08692e-05 4.3099e-05 -1.08712e-05 1.35237e-05 3.61622e-06 6.01975e-05 0 5.39002e-05 7.0056e-05 9.0738e-05 0.000112001 6.23099e-07 5.57101e-06 2.52765e-05 4.76863e-05 8.65412e-05 0.000115392 0.000150104 -1.39637e-05 0
internal_weight=18316 6963 6908 790 111 6118 647 5471 139 254 171 679 11353 1095 5332 183 1045 142 445 322 243 5149 4163 1054 564 255 188 136 10258 1424
internal_count=18316 6963 6908 790 111 6118 647 5471 139 254 171 679 11353 1095 5332 183 1045 142 445 322 243 5149 4163 1054 564 255 188 136 10258 1424
is_linear=0
shrinkage=0.05


Tree=13
num_leaves=31
num_cat=0
split_feature=92 91 116 43 101 140 83 131 36 142 116 116 140 131 131 33 1 53 63 114 117 92 49 42 128 8 118 13 134 88
split_gain=0.00192197 0.00160825 0.000876216 0.000775161 0.000898221 0.000479165 0.00051105 0.0013574 0.00258727 0.000504492 0.000371687 0.000495313 0.000343835 0.000311428 0.00182477 0.000306611 0.000203324 0.000222869 0.00026248 0.000201782 0.000182927 0.000181857 0.000423086 0.000151611 0.000170833 0.000153589 0.000138131 0.000142852 0.000184755 0.000112365
threshold=7.5500000000000016 13.65 292.29015645000004 0.36750000000000005 5.9839655000000116 73.360000000000014 31.000000000000004 61.566851497295069 273.09473495000003 779.97322007526816 286.74214735000004 268.01261825000006 54.655000000000008 33.15434016127945 32.789184554052362 0.33249746864564839 0.11517102900000002 1.0000000180025095e-35 11.174450000000002 40.750000000000007 0.25000000000000006 2.1500000000000008 963.75000000000011 0.41500000000000004 10.009782615183983 0.0032285104984595384 19.950000000000003 0.0029375659652777783 9.8350000000000026 29.162500000000005
decision_type=2 2 2 2 2 2 2 2 2 2 2 2 2 2 2 2 2 2 2 2 2 2 2 2 2 2 10 2 2 2
left_child=13 -2 5 12 -5 6 16 8 -8 10 11 -7 19 14 21 -13 29 -18 20 23 -19 -1 -23 -4 25 -25 -15 -28 -29 -3
right_child=1 2 3 4 -6 9 7 -9 -10 -11 -12 15 -14 26 -16 -17 17 18 -20 -21 -22 22 -24 24 -26 -27 27 28 -30 -31
leaf_value=-9.7089878782910608e-06 0.00029654769153629403 -1.6971856704007411e-05 0 0 0.00036040471661922147 0 0.00044665944338224739 0 0 4.6879832747168236e-06 0 0.00027132673994659066 0 -1.6083323448133252e-05 0.00030492201363028706 0 0 0.00013292470062351055 0 0 0 0 0.00014704896323206469 0 1.6393829423232719e-05 0.00020910281881653995 -5.6672881032946028e-06 0 0.00010668820205797031 1.8484914153689134e-06
leaf_weight=903 55 950 64 58 53 60 56 228 54 393 58 82 234 8313 50 54 349 123 138 103 83 77 65 51 144 83 1755 124 66 3490
leaf_count=903 55 950 64 58 53 60 56 228 54 393 58 82 234 8313 50 54 349 123 138 103 83 77 65 51 144 83 1755 124 66 3490
internal_value=2.07315e-06 2.29783e-05 2.00339e-05 7.10082e-05 0.000206341 1.26241e-05 6.75077e-06 6.67426e-05 0.000210182 5.44857e-05 0.000111607 0.000144361 4.12607e-05 -1.03089e-05 1.28124e-05 0.000197499 1.81427e-06 2.73799e-05 5.58838e-05 6.72531e-05 9.15153e-05 0 5.08273e-05 8.57432e-05 0.000101965 0.000156083 -1.32654e-05 0 3.96801e-05 -1.05543e-06
internal_weight=18316 6963 6908 790 111 6118 5471 338 110 647 254 196 679 11353 1095 136 5133 693 344 445 206 1045 142 342 278 134 10258 1945 190 4440
internal_count=18316 6963 6908 790 111 6118 5471 338 110 647 254 196 679 11353 1095 136 5133 693 344 445 206 1045 142 342 278 134 10258 1945 190 4440
is_linear=0
shrinkage=0.05


Tree=14
num_leaves=31
num_cat=0
split_feature=92 91 116 120 138 101 140 142 83 131 107 108 99 131 131 1 51 63 92 135 118 13 43 4 88 103 43 19 94 66
split_gain=0.00177255 0.0014452 0.000814719 0.00079085 0.000724988 0.00143666 0.000446841 0.000458382 0.000454016 0.00121767 0.00237358 0.000379932 0.000326442 0.000281215 0.00165136 0.000185892 0.000204617 0.000239694 0.000159744 0.00040641 0.000124933 0.000129738 0.00016415 0.00014674 0.000101614 0.000111881 0.000126171 0.000126943 6.99953e-05 6.6332e-05
threshold=7.5500000000000016 13.65 292.29015645000004 271.83589120000005 4.4850000000000003 5.9839655000000116 73.360000000000014 779.97322007526816 31.000000000000004 61.566851497295069 13.15 288.04284970000009 -0.30000000000001131 33.15434016127945 32.789184554052362 0.11517102900000002 1.0000000180025095e-35 11.174450000000002 2.1500000000000008 5.1100000000000003 19.950000000000003 0.0029375659652777783 0.33150000000000007 0.0018303560000000002 29.162500000000005 1572.1500000000003 0.38150000000000006 -0.00035142857142857127 8.5000000000000018 17.375000000000004
decision_type=2 2 2 10 2 2 2 2 2 2 2 2 2 2 2 2 2 2 2 2 10 2 2 2 2 2 2 2 2 2
left_child=13 -2 6 4 5 -4 8 11 15 10 -10 12 -8 14 18 24 -17 -18 -1 -20 -15 -22 -23 -24 -3 26 28 -28 -26 -6
right_child=1 2 3 -5 29 -7 7 -9 9 -11 -12 -13 -14 20 -16 16 17 -19 19 -21 21 22 23 -25 25 -27 27 -29 -30 -31
leaf_value=-9.224075729173263e-06 0.00028198507875328818 -1.6124156498203675e-05 3.8098283751757063e-05 0 5.4581527920058415e-05 0.00043366010222631638 0 4.4541788069237471e-06 0.00044139377739860349 0 0 0.00021160062764422386 0.00013559419987002768 -1.5279253834296885e-05 0.00028997485525906092 0 8.7566089777533641e-05 0 0.00015743723071257894 0 -5.3840850466109242e-06 0 0.00013948750011170179 0 1.9540869876357688e-05 -8.386331182666251e-06 8.2336428827258675e-05 0 -1.2174464036005735e-06 0
leaf_weight=903 55 950 100 326 259 54 121 393 52 228 58 83 50 8313 50 349 206 138 53 89 1755 69 53 68 459 1231 122 267 1411 51
leaf_count=903 55 950 100 326 259 54 121 393 52 228 58 83 50 8313 50 349 206 138 53 89 1755 69 53 68 459 1231 122 267 1411 51
internal_value=2.09951e-06 2.2182e-05 1.93493e-05 6.85545e-05 0.000110664 0.000210963 1.21683e-05 5.26268e-05 6.4612e-06 6.30534e-05 0.000198915 0.000107244 2.65858e-05 -9.77795e-06 1.20808e-05 1.74924e-06 2.62019e-05 5.35143e-05 0 4.74853e-05 -1.25996e-05 0 3.78368e-05 7.48668e-05 -9.46533e-07 1.75609e-06 9.49667e-06 3.63916e-05 1.21313e-06 4.42424e-05
internal_weight=18316 6963 6908 790 464 154 6118 647 5471 338 110 254 171 11353 1095 5133 693 344 1045 142 10258 1945 190 121 4440 3490 2259 389 1870 310
internal_count=18316 6963 6908 790 464 154 6118 647 5471 338 110 254 171 11353 1095 5133 693 344 1045 142 10258 1945 190 121 4440 3490 2259 389 1870 310
is_linear=0
shrinkage=0.05


Tree=15
num_leaves=31
num_cat=0
split_feature=92 11 131 85 138 43 32 82 34 92 131 49 49 92 7 85 114 24 91 110 137 53 138 21 53 84 133 138 133 99
split_gain=0.00189472 0.000943077 0.000900337 0.0006616 0.00229573 0.000502717 0.000561443 0.000376657 0.000691353 0.000581221 0.000703308 0.00121759 0.00173314 0.001138 0.000210084 0.000240137 0.000199327 0.0002585 0.000172369 0.000315805 0.000145803 0.000454205 0.00120183 0.000124219 0.000124035 9.90894e-05 9.39722e-05 8.38489e-05 0.000117277 6.83711e-05
threshold=7.5500000000000016 0.0039587592847222233 87.127452563964752 282.29473025000004 4.4450000000000012 0.29250000000000004 12.450000000000001 19.454000000000004 -0.49969754679370099 14.350000000000003 61.566851497295069 957.55000000000007 990.05000000000007 9.2500000000000018 0.17770000000000002 274.04680445000002 29.350000000000005 42.300000000000004 27.750000000000004 22.950000000000003 0.055000000000000007 222.50000000000003 4.4350000000000014 0.47916666666666669 2.5000000000000004 1.0500000000000005 86.075000000000017 13.125000000000002 26.335000000000004 -2.1499999999999768
decision_type=2 2 2 2 2 2 2 2 2 2 2 2 2 2 2 2 2 2 2 2 2 2 2 2 2 2 2 2 2 2
left_child=16 3 5 7 -5 -3 -7 29 27 10 11 -10 13 -13 -4 -16 20 -18 19 23 21 25 -23 -12 -17 -1 -27 -9 -29 -2
right_child=1 2 14 4 -6 6 -8 8 9 -11 18 12 -14 -15 15 24 17 -19 -20 -21 -22 22 -24 -25 -26 26 -28 28 -30 -31
leaf_value=-1.6380462145034588e-05 3.6204657441035194e-07 0 0 0.00030736479743996179 0 0.00027211941193590685 0 0 0 4.7020295964964344e-06 0 1.8724278762786985e-05 0 0.00042733908769522803 0 0 9.2472016865564194e-05 0 0 0 -1.4766473379414497e-05 0.00027625132001906787 0 0.00015467727544654782 0.00014033033657525891 0 6.277615942522199e-05 0 6.8518475182910066e-05 -1.8332030094200732e-05
leaf_weight=1184 60 83 207 86 240 123 67 2979 89 757 91 56 58 87 101 55 86 671 203 193 8974 52 142 83 82 207 65 84 109 1062
leaf_count=1184 60 83 207 86 240 123 67 2979 89 757 91 56 58 87 101 55 86 671 203 193 8974 52 142 83 82 207 65 84 109 1062
internal_value=2.02995e-06 2.28142e-05 7.88449e-05 1.55508e-05 8.70839e-05 0.000154278 0.000201804 1.07458e-05 1.73266e-05 4.41425e-05 7.30064e-05 0.000142011 0.000210052 0.000303286 2.1115e-05 5.50411e-05 -1.0233e-05 1.13527e-05 2.89551e-05 4.97179e-05 -1.22426e-05 0 7.30336e-05 9.85367e-05 9.79648e-05 -8.0918e-06 9.60107e-06 2.07109e-06 3.39217e-05 -1.28806e-05
internal_weight=18336 6955 718 6237 326 273 190 5911 4789 1617 860 290 201 143 445 238 11381 757 570 367 10624 1650 194 174 137 1456 272 3172 193 1122
internal_count=18336 6955 718 6237 326 273 190 5911 4789 1617 860 290 201 143 445 238 11381 757 570 367 10624 1650 194 174 137 1456 272 3172 193 1122
is_linear=0
shrinkage=0.05


Tree=16
num_leaves=31
num_cat=0
split_feature=92 116 43 91 133 77 75 108 22 81 66 22 115 1 114 142 12 81 124 2 63 19 122 4 90 117 122 99 15 39
split_gain=0.00174158 0.000865606 0.00189871 0.00145926 0.000860508 0.00184599 0.000906756 0.000706995 0.000530887 0.000361776 0.00075309 0.00176976 0.000354058 0.000259869 0.000182108 0.000247475 0.000162233 0.000153784 0.000126044 0.000426467 0.000119069 0.000133412 0.000141289 0.000209978 0.000131847 0.000156742 0.000188708 0.000100841 8.92549e-05 8.83241e-05
threshold=7.5500000000000016 292.29015645000004 0.36750000000000005 22.350000000000005 79.440000000000012 272.88047510000007 13.65 289.80057930000004 7.5000000000000009 47.95000000000001 20.475000000000005 8.5000000000000018 10.050000000000002 0.18311337450000004 29.350000000000005 721.14303845763686 0.020393872000000004 38.95000000000001 -0.9159756150367534 0.0059917800000000012 12.401400000000002 -0.0028999999999999985 9.5000000000000018 0.00091263800000000001 29.383673469387755 0.25000000000000006 21.500000000000004 -1.4500000000000453 0.00071250000000000013 0.24500000000000002
decision_type=2 2 2 2 2 2 2 2 2 2 2 2 2 2 2 2 2 2 2 2 2 2 2 2 2 2 2 2 2 2
left_child=14 4 13 -4 9 6 -6 -7 -9 16 11 -11 -10 17 18 -16 27 -3 19 -1 21 -18 -23 -24 25 26 -25 -2 -19 -20
right_child=1 2 3 -5 5 7 -8 8 12 10 -12 -13 -14 -15 15 -17 20 28 29 -21 -22 22 23 24 -26 -27 -28 -29 -30 -31
leaf_value=-2.8013579128086985e-06 0 0 0.00048175169470578475 2.9161466754258339e-06 0.00043497987706787714 0 7.4952636069216154e-06 0 0.00024739952187938138 0.00034621474354994022 0 0 0 0.00013282839468809323 0 9.4045368840852458e-05 0 0 -1.4758389392017604e-05 0.00013271609405092022 0 0 0 0.00014590655420043975 0 0 0 -1.6345460144956785e-05 7.7486540284692226e-05 1.10740808244216e-06
leaf_weight=1191 1633 283 50 57 50 485 52 80 72 61 448 96 59 73 678 79 431 203 9038 59 542 425 118 141 60 87 61 1271 117 336
leaf_count=1191 1633 283 50 57 50 485 52 80 72 61 448 96 59 73 678 79 431 203 9038 59 542 425 118 141 60 87 61 1271 117 336
internal_value=2.06118e-06 2.19943e-05 7.31814e-05 0.000275356 1.46798e-05 6.38651e-05 0.000267779 2.64663e-05 0.000103151 6.43534e-06 4.30766e-05 0.00013796 0.000164753 3.34353e-05 -9.68164e-06 1.08281e-05 7.30711e-07 1.29245e-05 -1.16145e-05 0 1.31033e-05 2.16058e-05 3.26437e-05 5.28021e-05 7.2304e-05 8.62909e-05 0.000112105 -5.49581e-06 3.88845e-05 -1.36563e-05
internal_weight=18336 6955 783 107 6172 798 102 696 211 5374 605 157 131 676 11381 757 4769 603 10624 1250 1865 1323 892 467 349 289 202 2904 320 9374
internal_count=18336 6955 783 107 6172 798 102 696 211 5374 605 157 131 676 11381 757 4769 603 10624 1250 1865 1323 892 467 349 289 202 2904 320 9374
is_linear=0
shrinkage=0.05


Tree=17
num_leaves=31
num_cat=0
split_feature=160 11 131 85 138 43 67 82 34 160 128 49 14 80 84 61 140 107 7 100 114 24 137 61 49 142 138 139 99 145
split_gain=0.00159057 0.000822193 0.000801759 0.000568337 0.00198355 0.000417213 0.000627017 0.000339793 0.000613666 0.000500926 0.000608283 0.00109413 0.000983434 0.000552503 0.00109399 0.00031018 0.000271687 0.000253586 0.000183748 0.000212922 0.00016598 0.000275646 0.000128856 0.000413943 0.00117479 0.000120987 7.04786e-05 0.000101907 6.22026e-05 6.10318e-05
threshold=0.15345368916797494 0.0039587592847222233 87.127452563964752 282.29473025000004 4.4450000000000012 0.29250000000000004 12.450000000000001 19.454000000000004 -0.49969754679370099 0.29285714285714293 9.4818148761958678 990.05000000000007 0.0049694070000000012 27.437500000000004 7.8500000000000023 353.75000000000006 33.835000000000001 6.4500000000000011 0.17770000000000002 -4.099999999999965 30.150000000000002 42.300000000000004 0.055000000000000007 1987.3500000000001 980.55000000000007 514.75078376520605 13.125000000000002 31.486002835234142 -2.1499999999999768 0.12500000000000003
decision_type=2 2 2 2 2 2 2 2 2 2 2 2 2 2 2 2 2 2 2 2 2 2 2 2 2 2 2 2 2 2
left_child=20 3 5 7 -5 -3 17 28 26 10 11 12 -10 14 -14 16 -12 -7 -4 -20 22 -22 23 29 -25 -21 -9 -28 -2 -1
right_child=1 2 18 4 -6 6 -8 8 9 -11 15 -13 13 -15 -16 -17 -18 -19 19 25 21 -23 -24 24 -26 -27 27 -29 -30 -31
leaf_value=-1.3759261213337202e-05 0 0 0 0.00028548271882504321 0 5.2412279929860297e-05 1.1733639475572824e-05 0 0 4.2042333325178392e-06 0 0 4.3907591849953552e-05 3.6030186758860174e-06 0.00052499339696413915 0 0.000130085266090067 0.00039708042757151174 0 0.00013882530488529786 0.00010105027110272969 0 -1.331304136833929e-05 0 0.00027585879186232232 0 0 6.7317207858556599e-05 -1.7509569950790497e-05 5.4392271246866592e-06
leaf_weight=1258 61 83 207 86 240 52 83 2979 54 757 99 82 50 51 51 364 109 55 110 74 75 632 9001 179 50 54 97 96 1077 170
leaf_count=1258 61 83 207 86 240 52 83 2979 54 757 99 82 50 51 51 364 109 55 110 74 75 632 9001 179 50 54 97 96 1077 170
internal_value=2.1081e-06 2.11292e-05 7.35471e-05 1.43e-05 8.07391e-05 0.000144766 0.000188482 9.78923e-06 1.61062e-05 4.13622e-05 6.82198e-05 0.000133115 0.000194816 0.000259649 0.000338617 2.66439e-05 7.52101e-05 0.000277911 1.84178e-05 5.05477e-05 -9.11986e-06 1.10809e-05 -1.09299e-05 0 6.40661e-05 9.41287e-05 1.64652e-06 3.08637e-05 -1.2395e-05 -7.97257e-06
internal_weight=18336 6971 718 6253 326 273 190 5927 4789 1617 860 288 206 152 101 572 208 107 445 238 11365 707 10658 1657 229 128 3172 193 1138 1428
internal_count=18336 6971 718 6253 326 273 190 5927 4789 1617 860 288 206 152 101 572 208 107 445 238 11365 707 10658 1657 229 128 3172 193 1138 1428
is_linear=0
shrinkage=0.05


Tree=18
num_leaves=31
num_cat=0
split_feature=92 116 43 133 112 18 108 22 88 136 50 131 114 28 50 114 112 6 43 137 53 100 123 85 33 85 84 133 124 99
split_gain=0.00148275 0.000777156 0.00167962 0.000732634 0.00175003 0.000930758 0.000694287 0.000479024 0.000407712 0.000762106 0.000878706 0.000976891 0.000335351 0.00028836 0.000200292 0.000152251 0.000211444 0.000133131 0.000122243 0.000120588 0.00038708 0.00125495 0.000110227 0.000144059 0.000220342 0.000197775 8.41159e-05 8.65433e-05 7.60481e-05 6.14914e-05
threshold=7.5500000000000016 292.29015645000004 0.37650000000000006 79.440000000000012 273.35709550000007 0.0035104166666666673 289.80057930000004 7.5000000000000009 45.01250000000001 0.53500000000000014 1008.1500000000002 100.63249964160396 23.250000000000004 38.20000000000001 1021.6500000000002 29.350000000000005 274.92326920000005 0.0057555555555555563 0.33650000000000008 0.055000000000000007 222.50000000000003 4.1499999999999782 0.60355339059327384 274.63250000000005 0.92372729012651 278.1608668500001 1.0500000000000005 86.075000000000017 0.78656609248549303 -1.3500000000000225
decision_type=2 2 2 2 2 2 2 2 2 2 2 2 2 2 2 2 2 2 2 2 2 2 2 2 2 2 2 2 2 2
left_child=15 3 13 8 5 -5 -6 -8 17 -10 -11 -12 -9 14 18 19 -17 28 -3 20 26 -22 23 -19 25 -25 -1 -28 -2 -30
right_child=1 2 -4 4 6 -7 7 12 9 10 11 -13 -14 -15 -16 16 -18 22 -20 -21 21 -23 -24 24 -26 -27 27 -29 29 -31
leaf_value=-1.4573926461093739e-05 -8.5403062800574425e-06 0 0.00030661464970664284 0 -4.1148155948736726e-06 0.00037080857711201262 0 0.00025726450462675309 0 0 0.00034007988614290821 0 0 0.00013291312182528518 0 8.0934345069576721e-05 0 9.4858608799668127e-07 8.8362894992303879e-05 -1.2747958706893156e-05 0 0.00027873567760287611 0 0.00012500052219178225 0 0 0 6.0296947819972159e-05 2.0211171923215234e-05 0
leaf_weight=1184 2698 128 73 51 470 66 80 60 270 71 66 62 71 87 373 91 666 635 122 8974 143 51 478 125 172 51 207 65 472 274
leaf_count=1184 2698 128 73 51 470 66 80 60 270 71 66 62 71 87 373 91 666 635 122 8974 143 51 478 125 172 51 207 65 472 274
internal_value=2.16362e-06 2.05665e-05 6.91201e-05 1.35867e-05 5.90293e-05 0.000241562 2.00295e-05 9.71613e-05 5.89884e-06 5.06255e-05 0.000124697 0.000202821 0.000155673 3.72724e-05 1.57121e-05 -8.64405e-06 9.88222e-06 5.93621e-07 5.10752e-05 -1.04355e-05 0 6.80384e-05 1.40434e-05 2.39388e-05 5.14398e-05 9.12663e-05 -6.67939e-06 9.29756e-06 -3.66303e-06 7.27062e-06
internal_weight=18336 6955 783 6172 798 117 681 211 5374 469 199 128 131 710 623 11381 757 4905 250 10624 1650 194 1461 983 348 176 1456 272 3444 746
internal_count=18336 6955 783 6172 798 117 681 211 5374 469 199 128 131 710 623 11381 757 4905 250 10624 1650 194 1461 983 348 176 1456 272 3444 746
is_linear=0
shrinkage=0.05


Tree=19
num_leaves=31
num_cat=0
split_feature=92 116 43 91 133 112 18 108 22 18 124 115 122 81 88 12 19 118 50 19 129 100 17 84 1 21 133 73 105 141
split_gain=0.00136012 0.000709445 0.00152886 0.00125784 0.000672623 0.00159594 0.000808097 0.00064566 0.000443578 0.000372024 0.000357093 0.000278449 0.000256761 0.000463336 0.000225552 0.000151865 0.000170953 0.000144086 0.000373704 0.00129044 0.00245397 0.000107923 9.69255e-05 9.52195e-05 0.000162234 0.000165235 9.43244e-05 0.000108038 9.20389e-05 0.000127312
threshold=7.5500000000000016 292.29015645000004 0.36750000000000005 22.350000000000005 79.440000000000012 273.35709550000007 0.0035104166666666673 289.80057930000004 7.5000000000000009 0.06209375000000001 0.1294095225512602 10.050000000000002 2.5000000000000004 47.95000000000001 32.812500000000007 0.0028856460000000004 -0.0027957142857142846 12.550000000000002 1020.5500000000001 0.00011285714285714278 6.5000000000000009 -1.0000000180025095e-35 0.025400000000000002 6.950000000000002 0.0031113485000000001 0.61805555555555569 86.075000000000017 24.950000000000003 21.500000000000004 28.605000000000004
decision_type=2 2 2 2 2 2 2 2 2 2 2 2 2 2 2 2 2 10 2 2 2 2 2 2 2 2 2 2 2 2
left_child=17 4 14 -4 9 6 -6 -7 -9 12 -11 -10 13 23 -3 -16 -17 26 -19 -20 -21 -18 -14 -2 25 -25 -1 -28 29 -24
right_child=1 2 3 -5 5 7 -8 8 11 10 -12 -13 22 -15 15 16 21 18 19 20 -22 -23 28 24 -26 -27 27 -29 -30 -31
leaf_value=-1.3908768157200747e-05 0 0 0.0004386173321593864 0 0 -3.909511464590629e-06 0.00035254487558876153 0 0.00022388993848449304 0.00014403529094813983 0 0 -8.4277048062895613e-06 0.00015022520703312212 0 0 0.00010349631254591465 -8.1695854854240563e-06 0 0 0.00044023125605655456 0 0 0.00010247677737879713 0 0 0 7.0965553861407728e-05 -4.6648537618844162e-06 2.6565917679292989e-05
leaf_weight=6979 314 256 50 57 51 470 66 80 72 94 92 59 2565 78 61 90 208 3258 657 102 51 61 448 103 158 52 280 54 619 851
leaf_count=6979 314 256 50 57 51 470 66 80 72 94 92 59 2565 78 61 90 208 3258 657 102 51 61 448 103 158 52 280 54 619 851
internal_value=2.15894e-06 1.97911e-05 6.62677e-05 0.000248459 1.30752e-05 5.66528e-05 0.000231192 1.90396e-05 9.35208e-05 5.6647e-06 7.5931e-05 0.000149826 2.16779e-06 3.05737e-05 2.97198e-05 5.25332e-05 6.54368e-05 -8.17772e-06 0 2.97285e-05 0.000160009 8.53944e-05 -1.1901e-06 7.51157e-06 2.95121e-05 6.59773e-05 -1.23823e-05 4.53516e-06 5.88279e-06 1.47548e-05
internal_weight=18336 6955 783 107 6172 798 117 681 211 5374 186 131 5188 705 676 420 359 11381 4068 810 153 269 4483 627 313 155 7313 334 1918 1299
internal_count=18336 6955 783 107 6172 798 117 681 211 5374 186 131 5188 705 676 420 359 11381 4068 810 153 269 4483 627 313 155 7313 334 1918 1299
is_linear=0
shrinkage=0.05


end of trees

feature_importances:
total_tp_next_48h=35
t2m_at_t24h=32
pop_density=24
pct_forest=24
gust_peak4h_mean_next_24h=19
mslma_t=17
soil_moist_t=16
forest_x_customers=16
pct_unmapped=15
gust_max_next_24h=14
last_N_t=13
wind_speed_max_next_48h=13
gust_at_t24h=13
tree_canopy_pct=11
storm_onset_mean_osi=10
diffuse_rad_t=10
pressure_change_3h=10
pct_forest_classified=10
tree_canopy_std=10
frac_zero_72h=9
pct_wetland=9
last_osi=8
min_t2m_next_24h=8
t2m_at_t1h=8
R_t_mean_72h=7
pre_event_mean_osi=7
hours_since_peak=7
sp_t=7
total_tp_next_24h=7
osi_trend_last6h=6
gust_peak4h_mean_next_6h=6
cumul_gust_since_onset=6
gust_gt30_since_onset=6
gust_at_t48h=6
last_P_t=5
N_t_max_72h=5
wind_sin_t=5
wind_speed_max_next_24h=5
min_t2m_next_48h=5
pressure_change_6h=5
cumul_tp_since_onset=5
hour_of_day=5
hour_cos=5
N_t_mean_72h=4
sdswrf_t=4
gust_mean_next_24h=4
gust_gt30_next_24h=4
temp_change_6h=4
t2m_at_t6h=4
wind_speed_at_t24h=4
tp_at_t24h=4
log_customers=4
pct_water=4
osi_mean_72h=3
gust_trend_last6h_obs=3
wind_speed_t=3
d2m_t=3
dewpoint_c_t=3
soil_gust_x_phase=3
min_t2m_next_6h=3
gust_mean_next_48h=3
gust_gt30_next_48h=3
wind_speed_at_t1h=3
hour_sin=3
rural_urban_code=3
last_D_t=2
last_R_t=2
osi_max_72h=2
osi_std_72h=2
outage_pct_max_72h=2
R_t_max_72h=2
pre_event_max_outage_pct=2
storm_onset_max_osi=2
gust_mean_obs=2
gust_max_obs=2
gust_gt30_obs=2
gust_last_obs=2
wind_cos_t=2
csnow_t=2
r2_t=2
gust_x_hso=2
gust_mean_next_1h=2
wind_speed_max_next_6h=2
wind_speed_at_t48h=2
t2m_at_t48h=2
hours_since_obs=2
pct_developed=2
pct_agriculture=2
tp_rate_next_48h=2
outage_pct_mean_72h=1
cumul_gust_obs=1
vpd_t=1
gust_x_phase=1
wind_speed_max_next_1h=1
min_t2m_next_1h=1
gust_max_next_6h=1
gust_gt40_next_48h=1
gust_peak4h_mean_next_48h=1
gust_at_t6h=1
tp_rate_next_1h=1
tp_rate_next_24h=1

parameters:
[boosting: gbdt]
[objective: huber]
[metric: rmse]
[tree_learner: serial]
[device_type: cpu]
[data_sample_strategy: bagging]
[data: ]
[valid: ]
[num_iterations: 2000]
[learning_rate: 0.05]
[num_leaves: 31]
[num_threads: -1]
[seed: 42]
[deterministic: 0]
[force_col_wise: 0]
[force_row_wise: 0]
[histogram_pool_size: -1]
[max_depth: -1]
[min_data_in_leaf: 50]
[min_sum_hessian_in_leaf: 0.001]
[bagging_fraction: 0.8]
[pos_bagging_fraction: 1]
[neg_bagging_fraction: 1]
[bagging_freq: 5]
[bagging_seed: 42]
[bagging_by_query: 0]
[feature_fraction: 0.8]
[feature_fraction_bynode: 1]
[feature_fraction_seed: 42]
[extra_trees: 0]
[extra_seed: 12879]
[early_stopping_round: 0]
[early_stopping_min_delta: 0]
[first_metric_only: 0]
[max_delta_step: 0]
[lambda_l1: 0.1]
[lambda_l2: 1]
[linear_lambda: 0]
[min_gain_to_split: 0]
[drop_rate: 0.1]
[max_drop: 50]
[skip_drop: 0.5]
[xgboost_dart_mode: 0]
[uniform_drop: 0]
[drop_seed: 42]
[top_rate: 0.2]
[other_rate: 0.1]
[min_data_per_group: 100]
[max_cat_threshold: 32]
[cat_l2: 10]
[cat_smooth: 10]
[max_cat_to_onehot: 4]
[top_k: 20]
[monotone_constraints: ]
[monotone_constraints_method: basic]
[monotone_penalty: 0]
[feature_contri: ]
[forcedsplits_filename: ]
[refit_decay_rate: 0.9]
[cegb_tradeoff: 1]
[cegb_penalty_split: 0]
[cegb_penalty_feature_lazy: ]
[cegb_penalty_feature_coupled: ]
[path_smooth: 0]
[interaction_constraints: ]
[verbosity: -1]
[saved_feature_importance_type: 0]
[use_quantized_grad: 0]
[num_grad_quant_bins: 4]
[quant_train_renew_leaf: 0]
[stochastic_rounding: 1]
[linear_tree: 0]
[max_bin: 255]
[max_bin_by_feature: ]
[min_data_in_bin: 3]
[bin_construct_sample_cnt: 200000]
[data_random_seed: 42]
[is_enable_sparse: 1]
[enable_bundle: 1]
[use_missing: 1]
[zero_as_missing: 0]
[feature_pre_filter: 1]
[pre_partition: 0]
[two_round: 0]
[header: 0]
[label_column: ]
[weight_column: ]
[group_column: ]
[ignore_column: ]
[categorical_feature: ]
[forcedbins_filename: ]
[precise_float_parser: 0]
[parser_config_file: ]
[objective_seed: 16083]
[num_class: 1]
[is_unbalance: 0]
[scale_pos_weight: 1]
[sigmoid: 1]
[boost_from_average: 1]
[reg_sqrt: 0]
[alpha: 0.9]
[fair_c: 1]
[poisson_max_delta_step: 0.7]
[tweedie_variance_power: 1.5]
[lambdarank_truncation_level: 30]
[lambdarank_norm: 1]
[label_gain: ]
[lambdarank_position_bias_regularization: 0]
[eval_at: ]
[multi_error_top_k: 1]
[auc_mu_weights: ]
[num_machines: 1]
[local_listen_port: 12400]
[time_out: 120]
[machine_list_filename: ]
[machines: ]
[gpu_platform_id: -1]
[gpu_device_id: -1]
[gpu_device_id_list: ]
[gpu_use_dp: 0]
[num_gpu: 1]

end of parameters

pandas_categorical:[]
