tree
version=v4
num_class=1
num_tree_per_iteration=1
label_index=0
max_feature_idx=162
objective=huber
feature_names=last_osi last_P_t last_N_t last_D_t last_R_t last_outage_pct osi_mean_72h osi_max_72h osi_std_72h outage_pct_mean_72h outage_pct_max_72h N_t_mean_72h N_t_max_72h R_t_mean_72h R_t_max_72h pre_event_mean_osi pre_event_max_outage_pct storm_onset_max_osi storm_onset_mean_osi osi_trend_last6h is_worsening frac_zero_72h hours_since_peak gust_mean_obs gust_max_obs gust_gt30_obs gust_gt40_obs cumul_gust_obs gust_last_obs gust_max_last6h_obs gust_trend_last6h_obs gust_t wind_speed_t wind_sin_t wind_cos_t t2m_t d2m_t tp_t rain_t csnow_t sdwe_t r2_t vpd_t soil_moist_t blh_t tcc_t lcc_t mcc_t hcc_t sp_t mslma_t sdswrf_t direct_rad_t diffuse_rad_t et0_t temp_c_t dewpoint_c_t icing_risk_t gust_exceed_30 soil_moist_x_gust is_snowing gust_x_hso gust_x_phase soil_gust_x_phase gust_exceed30_x_hso gust_max_next_1h gust_mean_next_1h wind_speed_max_next_1h total_tp_next_1h min_t2m_next_1h gust_gt30_next_1h gust_gt40_next_1h gust_peak4h_mean_next_1h gust_max_next_6h gust_mean_next_6h wind_speed_max_next_6h total_tp_next_6h min_t2m_next_6h gust_gt30_next_6h gust_gt40_next_6h gust_peak4h_mean_next_6h gust_max_next_24h gust_mean_next_24h wind_speed_max_next_24h total_tp_next_24h min_t2m_next_24h gust_gt30_next_24h gust_gt40_next_24h gust_peak4h_mean_next_24h gust_max_next_48h gust_mean_next_48h wind_speed_max_next_48h total_tp_next_48h min_t2m_next_48h gust_gt30_next_48h gust_gt40_next_48h gust_peak4h_mean_next_48h gust_change_1h gust_change_3h pressure_change_3h pressure_change_6h temp_change_6h wind_change_1h cumul_gust_since_onset cumul_tp_since_onset gust_gt30_since_onset gust_at_t1h wind_speed_at_t1h t2m_at_t1h tp_at_t1h gust_at_t6h wind_speed_at_t6h t2m_at_t6h tp_at_t6h gust_at_t24h wind_speed_at_t24h t2m_at_t24h tp_at_t24h gust_at_t48h wind_speed_at_t48h t2m_at_t48h tp_at_t48h hour_of_day hour_sin hour_cos days_since_onset hours_since_obs storm_phase log_customers rural_urban_code is_metro pop_density n_utilities pct_forest pct_developed pct_agriculture pct_water pct_wetland pct_unmapped pct_forest_classified tree_canopy_pct tree_canopy_std forest_x_customers window_len_next_1h is_full_next_1h tp_rate_next_1h gust_gt30_frac_next_1h has_weather_at_t1h window_len_next_6h is_full_next_6h tp_rate_next_6h gust_gt30_frac_next_6h has_weather_at_t6h window_len_next_24h is_full_next_24h tp_rate_next_24h gust_gt30_frac_next_24h has_weather_at_t24h window_len_next_48h is_full_next_48h tp_rate_next_48h gust_gt30_frac_next_48h has_weather_at_t48h
feature_infos=[0:0.55230000000000001] [0:0.82424180700000005] [0:0.065400654000000003] [0:0.90465771100000003] [0:0.058582058999999999] [0:82.420000000000002] [4.1666666666666669e-06:0.26529999999999998] [0.0001:0.65049999999999997] [1.9982631347136334e-05:0.22470370552747407] [0.00083333333333333328:39.644861111111112] [0.02:100] [3.1208333333333337e-06:0.018623942125000001] [7.4900000000000005e-05:0.37916412199999999] [3.1208333333333337e-06:0.017093115180555556] [7.4900000000000005e-05:0.18675781699999999] [0:0.38653749999999998] [0:100] [0:0.59799999999999998] [0:0.20940416666666664] [-0.055854285714285697:0.019237142857142855] [0:1] [0:0.95833333333333337] [0:71] [13.03611111111111:31.258333333333326] [29.100000000000001:70] [0:35] [0:17] [938.59999999999991:2250.5999999999995] [3.8999999999999999:47.5] [15.4:64.5] [-6.477142857142856:3.3114285714285714] [0.59999999999999998:58.299999999999997] [0:38] [-0.99999999953664132:0.99999999987412524] [-0.99999999369183823:1] [259.42265909999998:298.4303941] [257.33913039999999:289.74666669999999] [0:11.300000000000001] [0:11.300000000000001] [0:2.52] [0:0.089999999999999997] [15:100] [0:2.5] [0.16700000000000001:0.52300000000000002] [10:3015] [0:100] [0:100] [0:100] [0:100] [884.60000000000002:1027.2] [986.70000000000005:1031.8] [0:863] [0:737] [0:463] [0:0.59999999999999998] [-13.727340900000002:25.280394100000024] [-15.81086959999999:16.596666700000014] [0:1] [0:28.299999999999997] [0.19259999999999999:23.550000000000001] [0:1] [0.80000000000000004:3819.7999999999997] [0:107.59999999999999] [0:47.100000000000001] [0:1689.7999999999997] [1.2:58.299999999999997] [0.89999999999999991:54.5] [0:38] [0:14.699999999999999] [259.42265909999998:298.21689659999998] [0:2] [0:2] [0.89999999999999991:54.5] [2.7999999999999998:58.299999999999997] [2.0571428571428569:49.328571428571429] [0.40000000000000002:38] [0:26.699999999999999] [259.42265909999998:296.40927479999999] [0:7] [0:7] [2.5999999999999996:52.550000000000004] [8.3000000000000007:58.299999999999997] [4.5520000000000005:43.052] [5:38] [0:34.399999999999999] [259.42265909999998:286.57337899999999] [0:25] [0:19] [7.5:52.550000000000004] [10.1:58.299999999999997] [5.3392857142857135:37.897959183673471] [5.2000000000000002:38] [0:37.399999999999999] [259.42265909999998:282.77648069999998] [0:42] [0:22] [9.375:52.550000000000004] [-24.299999999999997:28.199999999999999] [-32:33.399999999999999] [-6.1999999999999318:10.599999999999909] [-10.899999999999977:14.599999999999909] [-20.027499999999975:21.845291299999985] [-15.300000000000001:28.000000000000004] [347.09999999999997:4155.3000000000002] [0:40.299999999999997] [0:61] [0.59999999999999998:58.299999999999997] [0:38] [259.42265909999998:298.4303941] [0:11.300000000000001] [0.90000000000000002:58.299999999999997] [0:38] [259.42265909999998:298.4303941] [0:11.300000000000001] [0.90000000000000002:58.299999999999997] [0:38] [259.42265909999998:298.4303941] [0:11.300000000000001] [0.90000000000000002:53.799999999999997] [0:33.799999999999997] [259.42265909999998:296.58327589999999] [0:11.300000000000001] [0:23] [-1:1] [-1:1] [1:5] [1:120] [0:3] [7.1180162044653335:13.453719692845613] [1:9] [0:1] [8.3691524328166658:11939.655837338518] [1:11] [0.96999999999999997:88.719999999999999] [2.21:86.629999999999995] [0.080000000000000002:87.469999999999999] [0.01:5.5099999999999998] [0:16.82] [1.8899999999999999:17.02] [0.98868616858628067:95.299005138296707] [2.2000000000000002:81.680000000000007] [12.65:40.350000000000001] [8.0679963363985543:931.7442536362413] none none [0:7.3499999999999996] [0:1] none none none [0:3.8142857142857141] [0:1] none none none [0:1.3759999999999999] [0:1] none [25:49] [0:1] [0:0.76326530612244892] [0:0.8571428571428571] [0:1]
tree_sizes=2943 2990 2947 2943 2957 2977 3005 3005 2964 2945 2905 2924

Tree=0
num_leaves=31
num_cat=0
split_feature=0 103 120 140 155 19 119 126 1 14 33 88 12 104 81 92 82 111 43 48 111 29 53 82 126 16 93 30 6 53
split_gain=0.475616 0.997565 0.180994 0.154179 0.404185 0.785094 0.204782 0.0936095 0.126816 0.051249 0.0451886 0.0362146 0.0297426 0.0229111 0.0214521 0.0187929 0.018164 0.0276443 0.0436541 0.0166015 0.0111162 0.0107204 0.0085172 0.00845197 0.00932112 0.0107437 0.0162167 0.0167689 0.00591189 0.00560816
threshold=0.20185000000000003 1366.3000000000004 271.5741706500001 71.610000000000014 0.35400000000000004 -0.0021257142857142846 3.9500000000000006 35.500000000000007 0.072925425000000016 0.016839561500000003 -0.82616351771630825 34.962500000000013 0.055071705000000006 1.8500000000000005 38.250000000000007 9.2500000000000018 19.590000000000003 7.7500000000000009 0.38150000000000006 70.500000000000014 8.4500000000000011 31.350000000000005 278.50000000000006 26.174000000000007 47.500000000000007 0.34500000000000003 263.67833410000009 -1.9042857142857137 0.012918750000000001 165.50000000000003
decision_type=2 2 10 2 2 2 10 2 2 2 2 2 2 2 2 2 2 2 2 2 2 2 2 2 2 2 2 2 2 2
left_child=3 2 -2 7 16 6 -6 8 14 21 12 -3 -10 28 29 -9 -5 18 -18 -14 22 -7 -16 24 -17 -26 -27 -28 -12 -1
right_child=1 11 -4 4 5 9 -8 15 10 -11 13 -13 19 -15 20 23 17 -19 -20 -21 -22 -23 -24 -25 25 26 27 -29 -30 -31
leaf_value=0.0044391997765530246 0.0079194754199676323 0.0045213244951446616 0.012041614352427673 0.004448175576288663 0.012433742416307597 0.0051014836765947641 0.0076177614798354524 0.0043957431588606032 0.0050459969616842223 0.0062571250626064405 0.0049365881686599692 0.005749353081093222 0.0064941309406096491 0.0056900092040397515 0.0048255820217186053 0.0044974133535727687 0.0046025944330889941 0.0046013208075548111 0.006553079379562868 0.0053400837852710364 0.0046278373775798746 0.0045014921218403774 0.0055722249161904635 0.0044993666852590954 0.0045924662897436803 0.0046013208075548111 0.0059996772586797288 0.0046805531669305974 0.0045963965136130592 0.0047433277480989694
leaf_weight=1949 64 273 60 957 51 145 50 8897 121 81 298 74 125 91 336 262 74 380 52 67 1336 129 50 1811 153 88 69 50 174 146
leaf_count=1949 64 273 60 957 51 145 50 8897 121 81 298 74 125 91 336 262 74 380 52 67 1336 129 50 1811 153 88 69 50 174 146
internal_value=0.00459998 0.00616641 0.00999762 0.0045585 0.00498139 0.00627954 0.0101516 0.00450751 0.00469459 0.00515138 0.00523704 0.00477139 0.00572546 0.00495512 0.00457127 0.00442958 0.00457932 0.0048173 0.00545596 0.00612324 0.0047003 0.00480149 0.00493748 0.00455542 0.00471048 0.00487926 0.0051143 0.00549237 0.00480086 0.00446284
internal_weight=18413 471 124 17942 1919 456 101 16023 4693 355 876 347 313 563 3817 11330 1463 506 126 192 1722 274 386 2433 622 360 207 119 472 2095
internal_count=18413 471 124 17942 1919 456 101 16023 4693 355 876 347 313 563 3817 11330 1463 506 126 192 1722 274 386 2433 622 360 207 119 472 2095
is_linear=0
shrinkage=1


Tree=1
num_leaves=31
num_cat=0
split_feature=133 84 0 103 126 103 5 100 139 50 18 131 0 88 116 141 88 21 35 36 129 96 112 59 3 43 84 24 85 141
split_gain=0.442021 0.949589 0.445393 0.902509 0.154953 0.100598 0.0849618 0.0624518 0.050479 0.119498 0.126612 0.0356418 0.0336902 0.0327594 0.0204556 0.0186562 0.0135028 0.0112964 0.0101461 0.00868683 0.00858729 0.00777614 0.0145346 0.0075215 0.00687639 0.00942769 0.00734298 0.0117678 0.0061147 0.0043269
threshold=88.200000000000003 7.7500000000000018 0.20185000000000003 1366.3000000000004 18.500000000000004 2011.5500000000002 7.2950000000000008 0.75000000000000011 84.467414954242443 1007.5500000000001 0.0058562500000000012 100.14236344882157 0.11260000000000002 34.962500000000013 293.38661675000009 38.590000000000011 49.875000000000007 0.4513888888888889 284.75689905000007 268.91177280000005 3.5000000000000004 39.987500000000004 276.42146015000009 6.2885000000000009 0.043107464500000005 0.25350000000000006 19.750000000000004 32.300000000000004 273.85389140000001 37.410000000000004
decision_type=2 2 2 2 2 2 2 2 2 2 2 2 2 2 2 2 2 2 2 2 2 2 2 2 2 2 2 2 2 2
left_child=2 23 5 4 -4 6 8 17 14 10 18 -9 -13 -5 16 -16 24 19 -10 29 -18 -11 -23 -2 26 -26 -1 -28 -14 -8
right_child=1 -3 3 13 -6 -7 7 11 9 21 -12 12 28 -15 15 -17 20 -19 -20 -21 -22 22 -24 -25 25 -27 27 -29 -30 -31
leaf_value=-0.00013916578839649619 -8.5801397711889803e-05 0.0078640747479429198 0.0069118650899483618 -7.6011092676402984e-05 0.0030709466496940518 -0.00018732366447800968 0.00077252810997463083 0.00022878304335530064 3.2196837767604477e-05 -0.00010481191234514135 0.0032896891930789432 0.00072587804683710711 0.002393009038168495 0.0010913960475629817 9.3551589805527429e-05 0.00094803699271059361 0.00088839147170936621 -2.4262676642819082e-05 0.00090112549050551177 0.00013598178822274087 3.2727045393663854e-06 0.00093270411819785604 6.3527202009529203e-06 0.00063868242772478691 0.00059784530968006171 -1.1741656712956262e-05 0.00059884842160647881 -5.0163796752903983e-05 0.0012969280025617292 0.00016345801487165903
leaf_weight=4911 92 55 64 273 60 8817 129 156 70 485 60 185 58 74 443 78 53 397 98 318 80 57 200 50 69 540 85 323 64 69
leaf_count=4911 92 55 64 273 60 8817 129 156 70 485 60 185 58 74 443 78 53 397 98 318 80 57 200 50 69 540 85 323 64 69
internal_value=-1.01897e-06 0.00234839 -2.68291e-05 0.00148862 0.00513279 -6.74164e-05 5.04478e-05 0.000411774 -1.47708e-05 0.00032091 0.00131951 0.000886681 0.00120293 0.000160999 -6.50414e-05 0.000232628 -9.14878e-05 0.000164762 0.000570991 0.00031963 0.0003973 5.96924e-06 0.000234007 0.000137016 -0.000103363 4.9995e-05 -0.000121867 7.39557e-05 0.00187388 0.00058729
internal_weight=18413 197 18216 471 124 17745 8928 1376 7552 970 228 463 307 347 6582 521 6061 913 168 516 133 742 257 142 5928 609 5319 408 122 198
internal_count=18413 197 18216 471 124 17745 8928 1376 7552 970 228 463 307 347 6582 521 6061 913 168 516 133 742 257 142 5928 609 5319 408 122 198
is_linear=0
shrinkage=0.05


Tree=2
num_leaves=31
num_cat=0
split_feature=133 50 0 126 120 104 1 93 128 139 119 129 7 112 83 30 116 1 118 92 137 81 50 88 107 155 89 15 129 43
split_gain=0.399578 0.87231 0.402773 0.817431 0.166005 0.0953718 0.0629585 0.0669573 0.0367599 0.0357767 0.0941162 0.0581336 0.0278772 0.0200297 0.0192525 0.0163584 0.0158159 0.0178086 0.0141491 0.0124818 0.0166903 0.0147714 0.0119921 0.0115969 0.0115428 0.00879259 0.0101434 0.0102139 0.00769083 0.00750447
threshold=88.200000000000003 1011.35 0.20185000000000003 36.500000000000007 271.5741706500001 5.7500000000000018 0.072925425000000016 271.04652805000006 10.133735740856517 85.53925954814251 3.2500000000000004 7.5000000000000009 0.12555000000000002 273.39888575000003 18.350000000000005 0.74857142857142944 293.38661675000009 9.4920500000000014e-05 19.750000000000004 7.6500000000000021 0.045000000000000005 35.45000000000001 1018.9500000000002 49.875000000000007 6.9500000000000011 0.79000000000000015 35.850000000000001 0.00038437500000000011 3.5000000000000004 0.34750000000000003
decision_type=2 2 2 2 10 2 2 2 2 2 10 2 2 2 2 2 2 2 8 2 2 2 2 2 2 2 2 2 2 2
left_child=2 -2 5 4 -4 6 9 15 29 16 11 -11 -10 -12 -5 -8 23 22 -3 -7 21 -21 -18 25 -24 -1 27 -27 -25 -9
right_child=1 18 3 14 -6 19 7 8 12 10 13 -13 -14 -15 -16 -17 17 -19 -20 20 -22 -23 24 28 -26 26 -28 -29 -30 -31
leaf_value=-0.00010370912558074568 0.0077970740328041415 0.00090029163731207302 0.00293056499061955 -0.00011529568700112462 0.0067344496985439406 -0.00018427963009054325 7.3282681051493718e-05 9.1488508107406087e-05 0.00076671431809952799 0.00024132411757604776 0.00093842934491685361 0.0026373245170196666 0.0019433916575674502 -6.8021969838443703e-06 0.0007350738638574098 0.0009184512840805664 7.5806373038657892e-05 0 -9.4943221546853565e-05 0.00090467887127306315 -8.3638195279941768e-05 -5.8099876831485221e-05 0.0014871918376514011 0.00084479449075405247 0.00030368653432690613 0 -2.3981839887638834e-05 0.0010107196493933362 3.1110899268511511e-06 0.0008187281208110863
leaf_weight=4658 51 50 73 251 60 9059 947 141 143 50 60 64 104 575 87 62 84 340 96 89 701 55 54 53 55 54 202 57 80 58
leaf_count=4658 51 50 73 251 60 9059 947 141 143 50 60 64 104 575 87 62 84 340 96 89 701 55 54 53 55 54 202 57 80 58
internal_value=-6.61445e-07 0.0022331 -2.52145e-05 0.00141588 0.00472137 -6.38244e-05 6.59898e-05 0.000362702 0.000874182 -8.77106e-07 0.000322746 0.00164116 0.00128816 7.59845e-05 9.03598e-05 0.000131024 -4.48141e-05 0.000211735 0.000215683 -0.000167099 1.11743e-05 0.000504603 0.000594049 -7.26206e-05 0.000943655 -8.58003e-05 0.000164273 0.000548662 0.000379634 0.000331482
internal_weight=18413 197 18216 471 133 17745 7841 1455 446 6386 749 114 247 635 338 1009 5637 533 146 9904 845 144 193 5104 109 4971 313 111 133 199
internal_count=18413 197 18216 471 133 17745 7841 1455 446 6386 749 114 247 635 338 1009 5637 533 146 9904 845 144 193 5104 109 4971 313 111 133 199
is_linear=0
shrinkage=0.05


Tree=3
num_leaves=31
num_cat=0
split_feature=133 84 0 126 120 104 1 93 131 140 119 18 0 83 112 30 116 1 92 137 81 56 88 65 128 126 129 84 89 4
split_gain=0.361267 0.790144 0.364245 0.739526 0.149238 0.0864366 0.0570574 0.0606694 0.0344639 0.0304426 0.086514 0.0643041 0.0266757 0.0174184 0.0152667 0.0147658 0.0142689 0.0162627 0.0112342 0.0149875 0.0134419 0.0109002 0.0105375 0.0102203 0.00710583 0.00778426 0.00688349 0.00679666 0.00849647 0.00726963
threshold=88.200000000000003 7.7500000000000018 0.20185000000000003 36.500000000000007 271.5741706500001 5.7500000000000018 0.072925425000000016 271.04652805000006 100.14236344882157 71.610000000000014 3.2500000000000004 0.0042979166666666678 0.11260000000000002 18.550000000000004 273.39888575000003 0.74857142857142944 293.38661675000009 9.4920500000000014e-05 7.6500000000000021 0.045000000000000005 35.45000000000001 -0.66706749999997317 49.875000000000007 13.65 9.9957932222808719 37.500000000000007 3.5000000000000004 19.850000000000005 35.850000000000001 0.021025441500000002
decision_type=2 2 2 2 10 2 2 2 2 2 8 2 2 2 2 2 2 2 2 2 2 2 2 2 2 2 2 2 2 2
left_child=2 -2 5 4 -4 6 9 15 -9 16 11 -11 -10 -5 -12 24 22 21 -7 20 -20 23 27 -18 -8 -26 -24 29 -29 -1
right_child=1 -3 3 13 -6 18 7 8 12 10 14 -13 -14 -15 -16 -17 17 -19 19 -21 -22 -23 26 -25 25 -27 -28 28 -30 -31
leaf_value=-0.00010640349472343326 0.00010351962414696338 0.0071548640429474689 0.0027860167874275031 -0.00010799247710655268 0.0064032470178408702 -0.00017506667095082293 -7.6892626414501848e-05 0.00012534844411150843 0.00069680858661818191 0.00037473853310984853 0.00087549704968279134 0.0028550380849738533 0.0017256420093807751 0.00070348822135055415 -2.4069452607208535e-06 0.00087325763415604355 0.0012666838716374645 0 0.00085994752737072609 -7.9462242807297549e-05 -5.5246761393001564e-05 0 0.00080333699748195986 0.00022534641830635998 0.00040081989459564947 0 2.9574537881144093e-06 0.00051984305986281629 -2.1836833231717909e-05 0.00030702854628031578
leaf_weight=4554 142 55 73 252 60 9059 415 136 187 63 52 52 123 86 596 62 69 340 89 701 55 67 53 57 244 288 80 100 201 102
leaf_count=4554 142 55 73 252 60 9059 415 136 187 63 52 52 123 86 596 62 69 340 89 701 55 67 53 57 244 288 80 100 201 102
internal_value=-3.51046e-07 0.00212361 -2.37108e-05 0.0013467 0.00449077 -6.04409e-05 6.31217e-05 0.000345584 0.000832556 -4.96182e-07 0.000294849 0.00155431 0.00112534 8.51958e-05 6.15784e-05 0.00012477 -4.15067e-05 0.000202055 -0.000158767 1.00697e-05 0.000477941 0.000567405 -6.80281e-05 0.000840456 6.96224e-05 0.000193226 0.000362834 -8.06678e-05 0.000142692 -9.62087e-05
internal_weight=18413 197 18216 471 133 17745 7841 1455 446 6386 763 115 310 338 648 1009 5623 533 9904 845 144 193 5090 126 947 532 133 4957 301 4656
internal_count=18413 197 18216 471 133 17745 7841 1455 446 6386 763 115 310 338 648 1009 5623 533 9904 845 144 193 5090 126 947 532 133 4957 301 4656
is_linear=0
shrinkage=0.05


Tree=4
num_leaves=31
num_cat=0
split_feature=133 50 0 103 93 104 1 93 131 139 50 18 86 0 30 116 103 118 92 137 138 112 88 84 89 15 3 43 129 21
split_gain=0.326961 0.726365 0.329419 0.670534 0.115281 0.0783276 0.0516545 0.0548705 0.0310246 0.0294382 0.0704023 0.0868421 0.0255597 0.0238889 0.013327 0.0130377 0.0154047 0.0124954 0.0101097 0.0134539 0.0126722 0.00970308 0.00965986 0.00730567 0.00859078 0.00968243 0.00660733 0.00849128 0.00615658 0.0061554
threshold=88.200000000000003 1011.35 0.20185000000000003 1366.3000000000004 271.41819155000002 5.7500000000000018 0.072925425000000016 271.04652805000006 100.14236344882157 85.53925954814251 1007.5500000000001 0.0042979166666666678 11.500000000000002 0.11260000000000002 0.74857142857142944 293.38661675000009 602.95000000000016 19.750000000000004 7.6500000000000021 0.045000000000000005 6.1450000000000005 273.76810400000005 49.875000000000007 19.850000000000005 35.850000000000001 0.00038437500000000011 0.043107464500000005 0.25350000000000006 3.5000000000000004 0.4513888888888889
decision_type=2 2 2 2 2 2 2 2 2 2 2 2 2 2 2 2 2 8 2 2 2 2 2 2 2 2 2 2 2 2
left_child=2 -2 5 4 -4 6 9 14 -9 15 11 -11 -5 -10 29 22 -17 -3 -7 20 -20 -12 23 26 25 -25 -1 -28 -24 -8
right_child=1 17 3 12 -6 18 7 8 13 10 21 -13 -14 -15 -16 16 -18 -19 19 -21 -22 -23 28 24 -26 -27 27 -29 -30 -31
leaf_value=-0.00011742615010342894 0.0070977545518857935 0.0008234328350426594 0.0027040211408166214 -2.8580079416753038e-05 0.0060438479158666826 -0.00016631429594232455 0.00018856412415091476 0.0001191267675655256 0.00066215345978522006 0.00021754742875710584 0.00069052136365328667 0.0027455091630496707 0.0011598858481738715 0.0016400557540245863 0.00083028781929262168 0.0010033610219519922 9.0859731637707333e-05 -0.00011354119252574333 0.00088710860354834819 -7.5494791207453835e-05 0 -1.1115080339110494e-05 0.00076391394762645687 0 -2.07504017589149e-05 0.00096141741679355356 0.00057282946844186111 -4.1325730540191937e-06 2.8114081798753679e-06 -6.0852438218987207e-05
leaf_weight=4045 51 50 63 296 61 9059 502 136 187 90 52 59 51 123 62 53 480 96 77 701 67 548 53 54 201 56 69 546 80 445
leaf_count=4045 51 50 63 296 61 9059 502 136 187 90 52 59 51 123 62 53 480 96 77 701 67 548 53 54 201 56 69 546 80 445
internal_value=-6.3625e-08 0.00202053 -2.22999e-05 0.00128094 0.00442221 -5.72432e-05 6.03596e-05 0.000329113 0.000792331 -1.32723e-07 0.000293364 0.00126352 0.000134557 0.00107026 0.000118827 -4.00622e-05 0.000192669 0.000176745 -0.000150851 9.01806e-06 0.000452597 4.24217e-05 -6.53782e-05 -7.74808e-05 0.00015075 0.000506537 -9.38143e-05 5.33077e-05 0.000346859 6.61472e-05
internal_weight=18413 197 18216 471 124 17745 7841 1455 446 6386 749 149 347 310 1009 5637 533 146 9904 845 144 600 5104 4971 311 110 4660 615 133 947
internal_count=18413 197 18216 471 124 17745 7841 1455 446 6386 749 149 347 310 1009 5637 533 146 9904 845 144 600 5104 4971 311 110 4660 615 133 947
is_linear=0
shrinkage=0.05


Tree=5
num_leaves=31
num_cat=0
split_feature=0 126 133 155 126 103 5 33 133 50 131 77 53 136 104 33 128 21 81 75 45 29 126 110 91 0 16 90 88 0
split_gain=0.357053 0.715754 0.261432 0.603435 0.118996 0.0704627 0.0568654 0.0424379 0.0374518 0.116933 0.0707415 0.0226623 0.0377303 0.0191935 0.017347 0.0148896 0.013562 0.0117664 0.0108004 0.0152804 0.0107445 0.0172497 0.00909628 0.00746901 0.0069129 0.00596903 0.0051309 0.00564026 0.00561786 0.00462443
threshold=0.20185000000000003 20.500000000000004 88.200000000000003 0.31000000000000011 40.500000000000007 1959.8000000000002 7.2950000000000008 -0.87288316636904828 79.305000000000021 1002.4500000000002 39.184882750482181 284.79180010000005 42.500000000000007 0.6100000000000001 1.6500000000000006 0.25689226117795938 10.428373544156942 0.4513888888888889 33.650000000000013 8.0500000000000025 83.500000000000014 26.350000000000005 35.500000000000007 17.150000000000002 18.350000000000005 0.055000000000000007 0.19500000000000003 24.613265306122454 49.875000000000007 0.025450000000000004
decision_type=2 2 2 2 2 2 2 2 2 2 2 2 2 2 2 2 2 2 2 2 2 2 2 2 2 2 2 2 2 2
left_child=2 -2 5 23 -3 6 8 13 15 10 -10 -11 -13 -8 25 29 -15 22 -17 20 -20 -22 -16 -4 -6 -9 -21 -28 -29 -1
right_child=1 4 3 -5 24 -7 7 14 9 11 -12 12 -14 16 17 18 -18 -19 19 26 21 -23 -24 -25 -26 -27 27 28 -30 -31
leaf_value=-0.00013951453722458381 0.0056054420982737376 0.0021431440877986243 -0.0001227256663114531 0.0064603456000194839 -0.00011372541227505386 -0.00015163321182899177 0.00043926403184568269 0.00049988616930163451 0.0031182315637442201 -6.5846428346228001e-05 0.000407295919229103 0.0015686793072851404 0 0.00048139548939564887 0.0012203620192158269 -0.00012120022860420119 0.0016673962914951377 3.7630397826753003e-05 5.7842558859153947e-05 -7.5179941538547194e-05 0.0015081049833054938 0.00010511378221191028 0.00032277154155197331 0.00059942172948817304 0.00042852543787305045 9.777841212816681e-06 0.00033405175789878489 1.5793082292029866e-05 0.00043969569346250637 6.9654268068868326e-05
leaf_weight=3105 81 82 94 50 242 9174 167 70 54 578 52 61 104 52 79 839 96 90 93 589 52 52 75 51 76 708 219 1140 86 255
leaf_count=3105 81 82 94 50 242 9174 167 70 54 578 52 61 104 52 79 839 96 90 93 589 52 52 75 51 76 708 219 1140 86 255
internal_value=9.21987e-07 0.00134417 -3.47972e-05 0.00178055 0.000456963 -5.50756e-05 4.71607e-05 0.000346828 -7.23518e-06 0.000303871 0.0018513 7.41948e-05 0.000592325 0.000857746 0.000183781 -4.91311e-05 0.00129028 0.000553404 2.91561e-05 8.79688e-05 0.000509787 0.00086191 0.000820385 9.93904e-05 1.13224e-06 6.08786e-05 4.44269e-05 9.66562e-05 4.99376e-05 -0.000122136
internal_weight=18466 481 17985 195 400 17790 8616 1337 7279 849 106 743 165 315 1022 6430 148 244 3070 2231 197 104 154 145 318 778 2034 1445 1226 3360
internal_count=18466 481 17985 195 400 17790 8616 1337 7279 849 106 743 165 315 1022 6430 148 244 3070 2231 197 104 154 145 318 778 2034 1445 1226 3360
is_linear=0
shrinkage=0.05


Tree=6
num_leaves=31
num_cat=0
split_feature=0 103 120 84 91 137 103 12 135 69 93 137 82 22 81 116 29 6 33 75 1 84 137 51 88 85 25 104 82 141
split_gain=0.322779 0.619147 0.124031 0.0864435 0.261541 0.0565867 0.0492439 0.0609772 0.0486101 0.0467748 0.0283278 0.0557986 0.0232549 0.0168747 0.0151274 0.0169152 0.00926039 0.0117881 0.00874547 0.00872535 0.00856953 0.00777907 0.00750727 0.00670033 0.00668892 0.0062057 0.0118369 0.00570013 0.00588363 0.00485459
threshold=0.20185000000000003 1366.3000000000004 276.13854995000003 17.050000000000004 14.450000000000001 1.0000000180025095e-35 2123.150000000001 0.055071705000000006 60.815000000000005 277.40950640000005 262.80086925000006 0.38500000000000006 29.950000000000003 6.5000000000000009 39.850000000000001 276.2309820000001 30.650000000000002 0.00030833333333333337 -0.88840504583230429 8.8500000000000032 0.036738039000000007 4.1500000000000012 0.045000000000000005 1.5000000000000002 34.312500000000007 282.20222755000003 6.5000000000000009 0.65000000000000024 25.638000000000002 20.495000000000005
decision_type=2 2 10 2 2 2 2 2 2 2 2 2 2 2 2 2 2 2 2 2 2 2 2 2 2 2 2 2 2 2
left_child=3 2 -2 6 -5 -6 7 10 9 -9 11 -1 -3 18 20 -16 17 -7 -11 -17 25 -15 24 -19 -18 -12 -27 -22 -29 -21
right_child=1 12 -4 4 5 16 -8 8 -10 13 14 -13 -14 21 15 19 22 23 -20 29 27 -23 -24 -25 -26 26 -28 28 -30 -31
leaf_value=0.0019930433231182213 0.0028074794939194608 -2.0189207268870364e-05 0.006189275906950821 0.0038048688654763047 0.0013485080164256941 -3.1639853628389166e-05 -0.00014696778304294834 0.0012097184728489434 -5.083847560274034e-05 0.00063026418101709385 -0.00013052132310807226 -0.0001206058396262602 0.0011219481419196681 0.00031180544185546895 -8.5518735250496395e-05 0.00048811089587320455 0.00072742863609032203 0.00094718895042804915 2.8381619033651712e-05 -6.1679525027261308e-05 -8.4907275248982358e-05 0.0013681968268037792 -0.00011648866922331643 0.00015721811281229535 0 0.00072891212930581764 -0.00013024796272542231 0.00036848744371802442 -2.120177630327983e-05 0.00017393759961007132
leaf_weight=50 86 295 50 53 99 100 8315 228 430 80 4145 70 50 50 1083 202 54 81 321 251 268 52 476 67 96 61 94 224 130 905
leaf_count=50 86 295 50 53 99 100 8315 228 430 80 4145 70 50 50 1083 202 54 81 321 251 268 52 476 67 96 61 94 224 130 905
internal_value=1.15427e-06 0.00127831 0.00412339 -3.27939e-05 0.000412027 0.000218366 -6.00226e-05 2.30424e-05 0.000360345 0.000608787 -2.86638e-05 0.000727952 0.000133651 0.000324617 -4.1771e-05 5.8734e-05 8.32432e-05 0.000342027 0.000162165 0.000177432 -9.26326e-05 0.000906956 -1.16856e-05 0.000626579 0.000286346 -0.000118187 0.000178327 7.59104e-05 0.00021164 0.000118448
internal_weight=18466 481 136 17985 1026 973 16959 8644 1161 731 7483 120 345 503 7363 2441 874 248 401 1358 4922 102 626 148 150 4300 155 622 354 1156
internal_count=18466 481 136 17985 1026 973 16959 8644 1161 731 7483 120 345 503 7363 2441 874 248 401 1358 4922 102 626 148 150 4300 155 622 354 1156
is_linear=0
shrinkage=0.05


Tree=7
num_leaves=31
num_cat=0
split_feature=0 61 133 84 105 103 1 93 133 119 18 128 3 76 33 81 29 21 104 53 105 133 86 73 44 28 104 0 43 140
split_gain=0.291988 0.590852 0.228807 0.527095 0.0942552 0.0580485 0.0475138 0.0355867 0.0313971 0.0816298 0.0551275 0.0273011 0.028539 0.0164335 0.0125209 0.00914486 0.0120703 0.00885096 0.0096508 0.00783821 0.00775354 0.00702396 0.00997933 0.00557892 0.00556457 0.00545072 0.00513978 0.00381108 0.00375008 0.00374147
threshold=0.20185000000000003 193.10000000000005 88.200000000000003 7.7500000000000018 21.500000000000004 1959.8000000000002 0.072925425000000016 271.04652805000006 79.305000000000021 3.3500000000000001 0.0044291666666666672 10.133735740856517 0.18851152100000004 2.2500000000000009 0.25689226117795938 33.650000000000013 26.350000000000005 0.4513888888888889 1.8500000000000005 204.50000000000003 10.500000000000002 80.530000000000015 4.5000000000000009 23.550000000000004 657.50000000000011 44.050000000000004 14.350000000000003 0.025450000000000004 0.34850000000000003 34.035000000000004
decision_type=2 2 2 2 2 2 2 2 2 10 2 2 2 2 2 2 2 2 2 2 2 2 2 2 2 2 2 2 2 2
left_child=2 -2 5 23 -3 6 8 17 14 10 -10 28 -13 21 27 -16 19 18 -8 20 29 22 -11 -4 -20 -18 -6 -1 -9 -17
right_child=1 4 3 -5 26 -7 7 11 9 13 -12 12 -14 -15 15 16 25 -19 24 -21 -22 -23 -24 -25 -26 -27 -28 -29 -30 -31
leaf_value=-0.00012813565220902478 0.0050880408491485009 0.0018650086717573048 -8.8469125481272694e-05 0.0060411547873096142 0.00027346296941495416 -0.00013767937850981722 0.00010381400205709396 3.6046950444513498e-05 0.0004721346159980324 -5.5334280792730629e-05 0.0025371222932202122 0.00057169306983539296 0.0017234560206998142 0.00091170845579529442 -0.00011184665739849497 -3.8854669827825013e-05 -5.0388848303639755e-06 -5.3137874334805209e-05 0.0010420367829174848 0.0007738479893995622 0.00077248733858815055 -9.9172512851271953e-05 0.00079404864439234417 0.00053280053926773338 0.00025801043097619443 0.00041825149245147556 -0.00014631276342949812 6.0435659737905216e-05 0.00055796126496014101 0.0002458685045940001
leaf_weight=3105 81 86 95 50 113 9174 348 152 88 60 59 174 95 50 839 186 1614 378 56 77 53 534 58 50 78 78 201 255 56 223
leaf_count=3105 81 86 95 50 113 9174 348 152 88 60 59 174 95 50 839 186 1614 378 56 77 53 534 58 50 78 78 201 255 56 223
internal_value=1.23636e-06 0.00121596 -3.10387e-05 0.00166724 0.000408667 -5.00276e-05 4.27256e-05 0.000316658 -6.93971e-06 0.000277836 0.00134627 0.000664889 0.00100184 4.53959e-05 -4.53556e-05 2.63224e-05 8.05498e-05 0.000117155 0.00026089 0.000286821 0.000193354 -1.46766e-05 0.000323307 9.36972e-05 0.000627992 1.17567e-05 0 -0.000112323 0.000202483 0.000104412
internal_weight=18466 481 17985 195 400 17790 8616 1337 7279 849 147 477 269 702 6430 3070 2231 860 482 539 462 652 118 145 134 1692 314 3360 208 409
internal_count=18466 481 17985 195 400 17790 8616 1337 7279 849 147 477 269 702 6430 3070 2231 860 482 539 462 652 118 145 134 1692 314 3360 208 409
is_linear=0
shrinkage=0.05


Tree=8
num_leaves=31
num_cat=0
split_feature=0 126 126 84 139 137 126 1 128 139 38 0 81 92 111 29 137 88 116 12 18 84 30 83 114 22 141 19 22 124
split_gain=0.263995 0.536148 0.0936997 0.0732415 0.228094 0.048878 0.0421989 0.0621728 0.036211 0.0239483 0.0833985 0.0205761 0.015828 0.0116706 0.0095792 0.0087081 0.00723144 0.0073716 0.00628144 0.0132285 0.00590282 0.0138552 0.00578149 0.00534502 0.0049562 0.00827106 0.00422214 0.00419489 0.00363259 0.00996466
threshold=0.20185000000000003 19.500000000000004 40.500000000000007 17.050000000000004 91.048068522959113 1.0000000180025095e-35 38.500000000000007 0.072925425000000016 10.133735740856517 87.760506709764101 0.15000000000000005 0.11260000000000002 38.95000000000001 14.850000000000003 8.7500000000000018 24.550000000000004 0.045000000000000005 33.712500000000013 285.93773270000003 0.0031429340000000004 0.005004166666666668 1.0500000000000005 0.8814285714285709 18.350000000000005 33.050000000000004 43.500000000000007 38.590000000000011 0.01497714285714285 1.0000000180025095e-35 -0.9159756150367534
decision_type=2 2 2 2 2 2 2 2 2 2 2 2 2 2 2 2 2 2 2 2 2 2 2 2 2 2 2 2 2 2
left_child=3 -2 -3 6 5 -5 7 12 27 28 20 -10 24 -13 18 -7 17 -17 19 -14 -11 -22 -16 -4 -1 -26 -20 -9 29 -8
right_child=1 2 23 4 -6 15 9 8 11 10 -12 13 14 -15 22 16 -18 -19 26 -21 21 -23 -24 -25 25 -27 -28 -29 -30 -31
leaf_value=-0.00011824212587670826 0.0049577246417697425 0.001863244109326738 -0.00010364049776967946 0.001412316178808593 0.0031610060537249139 0.00057855658029391062 0.00062092563539596906 0 0.00044036774368170443 -0.0001355196414952014 0.0016402316622753416 0.0013865959366902393 0 0.00033192410121224463 7.5407687053129644e-06 0.00080348051594073878 -5.8948505427331856e-05 3.5838685743611084e-05 3.1480943574823802e-05 0.0011553558215249115 -5.6122290632734752e-05 0.00066463295622349466 0.00054435599936317343 0.00037368642381700848 -1.8735556293401541e-05 0.00067285969783999753 0.0005272740178782168 0.00039251866745024905 -0.00013653747474616358 -8.1700249748215808e-05
leaf_weight=2475 77 86 242 73 68 75 57 364 329 450 83 140 56 50 1452 52 643 115 222 59 206 91 52 76 187 51 62 86 10106 381
leaf_count=2475 77 86 242 73 68 75 57 364 329 450 83 140 56 50 1452 52 643 115 222 59 206 91 52 76 187 51 62 86 10106 381
internal_value=1.37548e-06 0.00115642 0.000409115 -2.93002e-05 0.000380107 0.000174411 -5.43846e-05 5.75775e-05 0.00042168 -0.000109801 0.000145835 0.00070723 -1.78475e-05 0.00113842 9.13336e-05 6.51797e-05 1.08248e-05 0.000307987 0.000310229 0.000636664 -1.54952e-05 0.000149426 2.97725e-05 0 -9.6279e-05 0.000110738 0.000158732 8.04222e-05 -0.000130411 0
internal_weight=18466 481 404 17985 1026 958 16959 5585 969 11374 830 519 4616 190 1903 885 810 167 399 115 747 297 1504 318 2713 238 284 450 10544 438
internal_count=18466 481 404 17985 1026 958 16959 5585 969 11374 830 519 4616 190 1903 885 810 167 399 115 747 297 1504 318 2713 238 284 450 10544 438
is_linear=0
shrinkage=0.05


Tree=9
num_leaves=31
num_cat=0
split_feature=0 126 133 84 126 104 5 45 84 139 142 15 2 85 141 92 0 82 15 50 49 84 91 91 110 81 73 3 91 112
split_gain=0.238693 0.48431 0.199541 0.461476 0.0848733 0.048262 0.0346087 0.0355395 0.0187694 0.0299358 0.0405662 0.016835 0.00970764 0.0109816 0.0102516 0.00832142 0.00796102 0.00700445 0.00751787 0.00696692 0.00934337 0.00651954 0.0105253 0.00598143 0.00596814 0.00566729 0.00712138 0.00601084 0.00544746 0.004792
threshold=0.20185000000000003 19.500000000000004 88.200000000000003 7.7500000000000018 39.500000000000007 5.7500000000000018 13.645000000000001 51.500000000000007 17.050000000000004 84.467414954242443 779.97322007526816 0.00093958333333333339 0.00064742850000000008 281.04897725000006 38.860000000000007 14.250000000000002 0.00075000000000000012 25.538000000000007 0.00031979166666666674 1022.35 971.35000000000002 10.150000000000004 14.65 14.450000000000001 17.150000000000002 41.250000000000007 20.650000000000002 0.083086015000000027 18.350000000000005 290.24728035000004
decision_type=2 2 2 2 2 2 2 2 2 2 2 2 2 2 2 2 2 2 2 2 2 2 2 2 2 2 2 2 2 2
left_child=2 -2 5 24 -3 6 8 -8 12 17 -11 -9 13 23 29 -13 -12 18 -10 -14 -21 -7 -23 -1 -4 27 -27 -25 -6 -15
right_child=1 4 3 -5 28 21 7 11 9 10 16 15 19 14 -16 -17 -18 -19 -20 20 -22 22 -24 25 -26 26 -28 -29 -30 -31
leaf_value=0.00044914195430465045 0.0047130165726710594 0.0018150410848299424 -0.00011050760021010463 0.0056509960128688355 -9.5622935016271209e-05 -0.00012819098418622406 0.0012905064461351447 4.2735665299797231e-05 0 0.0017392545755218532 0.00059298597733891995 0.00080584228603441759 2.9973488458829461e-05 -1.2114459352073537e-05 0.00076772658738370996 0 -0.00017799195304702399 -5.3345831164354131e-05 0.00074074648057437275 0.00073940089145908133 0.00010736935474101707 0.00068441180131199441 -2.2455763723969666e-05 -0.00013004323125868764 0.00053321445999944658 0.0002142250471570434 -4.4533365860613169e-05 0.00014035153699439308 0.00037746416352911185 0.00036762775728709803
leaf_weight=53 77 82 94 50 243 9437 94 431 97 71 61 146 618 284 67 50 58 380 66 99 201 57 472 2872 51 320 1548 203 79 105
leaf_count=53 77 82 94 50 243 9437 94 431 97 71 61 146 618 284 67 50 58 380 66 99 201 57 472 2872 51 320 1548 203 79 105
internal_value=1.54374e-06 0.00109985 -2.76115e-05 0.00155831 0.000388922 -4.53628e-05 4.71236e-05 0.000377192 1.28672e-05 0.000252657 0.000793141 0.000230469 -1.3976e-05 -4.0019e-05 0.00019195 0.000615599 0.000177197 5.32355e-05 0.000331005 0.000135128 0.000334315 -0.00011847 4.54232e-05 -6.22263e-05 8.37598e-05 -6.88104e-05 0 -0.000110527 5.77442e-06 7.8246e-05
internal_weight=18466 481 17985 195 404 17790 7824 721 7103 733 190 627 6370 5452 456 196 119 543 163 918 300 9966 529 4996 145 4943 1868 3075 322 389
internal_count=18466 481 17985 195 404 17790 7824 721 7103 733 190 627 6370 5452 456 196 119 543 163 918 300 9966 529 4996 145 4943 1868 3075 322 389
is_linear=0
shrinkage=0.05


Tree=10
num_leaves=31
num_cat=0
split_feature=133 50 0 103 33 103 1 33 139 50 138 118 131 3 119 110 33 30 101 81 36 76 128 133 128 138 0 126 92 137
split_gain=0.225248 0.497174 0.213683 0.412525 0.0829958 0.0442149 0.0354599 0.028845 0.0275703 0.0704199 0.0657119 0.0188505 0.0182036 0.0167144 0.0147019 0.0118223 0.0110821 0.0108996 0.00990737 0.0082667 0.00719865 0.0071091 0.00636708 0.00596029 0.00530081 0.00769976 0.0034963 0.00315287 0.00301066 0.00361349
threshold=88.200000000000003 1009.7500000000001 0.20185000000000003 1328.45 -0.61189714896316916 1986.4500000000003 0.072925425000000016 -0.80358864918552575 84.467414954242443 1002.4500000000002 6.8450000000000015 19.350000000000005 100.14236344882157 0.18851152100000004 3.2500000000000004 19.550000000000004 0.66735264478138345 0.31428571428571334 6.9329251500000177 54.95000000000001 263.99432465000007 3.0500000000000012 8.3170333571082846 32.20000000000001 9.9957932222808719 6.4000000000000012 0.025450000000000004 40.500000000000007 14.350000000000003 0.25500000000000006
decision_type=2 2 2 2 2 2 2 2 2 2 2 10 2 2 10 2 2 2 2 2 2 2 2 2 2 2 2 2 2 2
left_child=2 -2 5 4 -4 6 8 12 16 10 -10 -5 -8 -14 -11 -3 26 24 19 21 -16 22 -18 -20 -9 27 -1 -26 29 -24
right_child=1 15 3 11 -6 -7 7 17 9 14 -12 -13 13 -15 20 -17 18 -19 23 -21 -22 -23 28 -25 25 -27 -28 -29 -30 -31
leaf_value=-0.00010185437684504316 0.0059410151994476719 -0.00012727864203349639 0.0048962834950978477 -1.4642205110009712e-05 0.0021124842204153535 -0.00011937765870137885 0 -5.5071545450631773e-05 0.00235717534815604 0.00074229886321580576 6.1983260612648262e-05 0.00096233425835842419 0.00044516462351015937 0.0013164658989919717 0.0005191885226942431 0.00078236402481427197 0.00045373319651580591 0.000581908927943914 0 0.00057571279514545147 -4.7624896525300833e-05 0.00058484689647550969 0.00024262356428452327 0.00078839171107126312 0.00056719746862323849 0 5.3474412707966092e-05 0 -0.00010428824973754807 -1.435417971274135e-05
leaf_weight=3975 50 94 58 303 72 8945 85 428 70 72 64 56 146 123 60 51 68 119 52 64 684 50 157 70 131 269 354 50 838 850
leaf_count=3975 50 94 58 303 72 8945 85 428 70 72 64 56 146 123 60 51 68 119 52 64 684 50 157 70 131 269 354 50 838 850
internal_value=5.60312e-06 0.00169175 -1.22672e-05 0.00101733 0.00342055 -4.10115e-05 3.82714e-05 0.000273854 -3.93427e-06 0.000246713 0.00130658 0.000126116 0.000664467 0.000865485 6.51594e-05 0.000161585 -4.14958e-05 0.000129624 4.98318e-05 2.07975e-05 0 0 -1.30988e-05 0.000487487 6.20432e-05 0.000184394 -8.79884e-05 0.000435915 -3.32496e-05 2.09515e-05
internal_weight=18408 195 18213 489 130 17724 8779 1351 7428 950 134 359 354 269 816 145 6478 997 2149 2027 744 1963 1913 122 878 450 4329 181 1845 1007
internal_count=18408 195 18213 489 130 17724 8779 1351 7428 950 134 359 354 269 816 145 6478 997 2149 2027 744 1963 1913 122 878 450 4329 181 1845 1007
is_linear=0
shrinkage=0.05


Tree=11
num_leaves=31
num_cat=0
split_feature=133 84 1 126 126 104 1 61 128 3 139 85 18 73 42 110 85 138 138 92 137 138 88 3 32 83 3 28 88 84
split_gain=0.203651 0.44284 0.193283 0.373105 0.0753378 0.0400416 0.0269832 0.0304041 0.0257224 0.023557 0.0196206 0.0480777 0.0664309 0.0170183 0.0206445 0.0114614 0.00845932 0.0168393 0.0333301 0.00715619 0.0114939 0.0115204 0.00653929 0.00604208 0.0053547 0.00460564 0.00364634 0.00350678 0.00411716 0.00338826
threshold=88.200000000000003 8.9500000000000028 0.30954854950000005 19.500000000000004 40.500000000000007 5.7500000000000018 0.072925425000000016 365.4500000000001 10.133735740856517 0.18851152100000004 84.467414954242443 272.92869220000006 0.0058562500000000012 31.650000000000002 0.26500000000000007 18.850000000000005 277.27119520000002 3.8450000000000002 3.5100000000000002 7.450000000000002 0.045000000000000005 6.1450000000000005 49.875000000000007 0.064478203500000011 11.450000000000001 18.350000000000005 0.049513091500000002 44.050000000000004 42.612500000000004 19.850000000000005
decision_type=2 2 2 2 2 2 2 2 2 2 2 2 2 2 2 2 2 2 2 2 2 2 2 2 2 2 2 2 2 2
left_child=2 15 5 -4 -5 6 10 8 -8 -10 16 12 13 14 -12 -2 22 18 -18 -7 21 -21 26 -9 -24 -6 29 -25 -29 -1
right_child=1 -3 3 4 25 19 7 23 9 -11 11 -13 -14 -15 -16 -17 17 -19 -20 20 -22 -23 24 27 -26 -27 -28 28 -30 -31
leaf_value=-0.0001063380065753982 -0.00012098169806229539 0.0056195821572898657 0.0041945712160515163 0.0016708192729187766 -9.0817897134655947e-05 -0.00011904073978978097 0.00013611739759626223 0.00055042461471332775 0.00045343728406768772 0.0014128831852921995 6.2183519025807668e-05 -5.5125292561680609e-05 0.0023723166709421024 4.6215750066599294e-06 0.0015906008001298222 0.00077362424251567485 0 -8.4269422927933444e-07 0.0012825300738489958 0.0008291488361300719 -5.0687812873204489e-05 0 0.00066927062095704253 -2.7877411422864352e-05 0 0.00034175292853399667 6.9413392495986173e-05 0 0.00059703591130808216 6.2541324127539854e-05
leaf_weight=3547 94 50 75 86 248 9030 265 55 195 117 52 525 51 155 50 51 144 1057 80 81 706 69 52 708 50 80 346 53 51 285
leaf_count=3547 94 50 75 86 248 9030 265 55 195 117 52 525 51 155 50 51 144 1057 80 81 706 69 52 708 50 80 346 53 51 285
internal_value=5.56165e-06 0.00160885 -1.1417e-05 0.00096779 0.000362481 -3.87682e-05 4.51845e-05 0.000240331 0.000522147 0.000832568 3.00641e-07 0.00022722 0.000723294 0.000368749 0.00086812 0.00016257 -3.28262e-05 7.80649e-05 0.000470981 -0.000105833 2.7642e-05 0.000427321 -6.71942e-05 4.66332e-05 0.000317043 2.07692e-07 -7.78449e-05 5.72426e-06 0.00028018 -9.24603e-05
internal_weight=18408 195 18213 489 414 17724 7838 1444 577 312 6394 833 308 257 102 145 5561 1281 224 9886 856 150 4280 867 102 328 4178 812 104 3832
internal_count=18408 195 18213 489 414 17724 7838 1444 577 312 6394 833 308 257 102 145 5561 1281 224 9886 856 150 4280 867 102 328 4178 812 104 3832
is_linear=0
shrinkage=0.05


end of trees

feature_importances:
last_osi=20
hours_since_obs=17
total_tp_next_24h=15
pct_forest=13
last_P_t=12
gust_peak4h_mean_next_24h=11
cumul_gust_since_onset=11
cumul_tp_since_onset=10
pct_wetland=10
mslma_t=9
gust_max_next_24h=9
last_D_t=8
wind_sin_t=8
total_tp_next_48h=8
log_customers=8
pct_forest_classified=8
min_t2m_next_48h=7
storm_onset_mean_osi=6
gust_trend_last6h_obs=6
t2m_at_t24h=6
pct_unmapped=6
gust_max_last6h_obs=5
soil_moist_t=5
gust_mean_next_24h=5
min_t2m_next_24h=5
wind_speed_max_next_48h=5
t2m_at_t6h=5
wind_speed_at_t48h=5
rural_urban_code=5
pop_density=5
tree_canopy_std=5
pre_event_mean_osi=4
frac_zero_72h=4
diffuse_rad_t=4
wind_speed_max_next_24h=4
gust_at_t6h=4
t2m_at_t48h=4
last_outage_pct=3
N_t_max_72h=3
hours_since_peak=3
gust_max_next_6h=3
gust_max_next_48h=3
wind_speed_at_t6h=3
gust_at_t48h=3
tree_canopy_pct=3
tp_rate_next_24h=3
osi_mean_72h=2
pre_event_max_outage_pct=2
osi_trend_last6h=2
gust_last_obs=2
d2m_t=2
tcc_t=2
gust_x_hso=2
wind_speed_max_next_6h=2
total_tp_next_6h=2
gust_gt30_next_24h=2
gust_gt30_since_onset=2
last_N_t=1
last_R_t=1
osi_max_72h=1
R_t_max_72h=1
gust_max_obs=1
gust_gt30_obs=1
wind_speed_t=1
t2m_t=1
rain_t=1
vpd_t=1
blh_t=1
hcc_t=1
sp_t=1
sdswrf_t=1
dewpoint_c_t=1
soil_moist_x_gust=1
gust_max_next_1h=1
min_t2m_next_1h=1
min_t2m_next_6h=1
gust_mean_next_48h=1
gust_peak4h_mean_next_48h=1
pressure_change_6h=1
temp_change_6h=1
wind_speed_at_t1h=1
gust_at_t24h=1
hour_cos=1
pct_agriculture=1
pct_water=1
forest_x_customers=1

parameters:
[boosting: gbdt]
[objective: huber]
[metric: rmse]
[tree_learner: serial]
[device_type: cpu]
[data_sample_strategy: bagging]
[data: ]
[valid: ]
[num_iterations: 2000]
[learning_rate: 0.05]
[num_leaves: 31]
[num_threads: -1]
[seed: 42]
[deterministic: 0]
[force_col_wise: 0]
[force_row_wise: 0]
[histogram_pool_size: -1]
[max_depth: -1]
[min_data_in_leaf: 50]
[min_sum_hessian_in_leaf: 0.001]
[bagging_fraction: 0.8]
[pos_bagging_fraction: 1]
[neg_bagging_fraction: 1]
[bagging_freq: 5]
[bagging_seed: 42]
[bagging_by_query: 0]
[feature_fraction: 0.8]
[feature_fraction_bynode: 1]
[feature_fraction_seed: 42]
[extra_trees: 0]
[extra_seed: 12879]
[early_stopping_round: 0]
[early_stopping_min_delta: 0]
[first_metric_only: 0]
[max_delta_step: 0]
[lambda_l1: 0.1]
[lambda_l2: 1]
[linear_lambda: 0]
[min_gain_to_split: 0]
[drop_rate: 0.1]
[max_drop: 50]
[skip_drop: 0.5]
[xgboost_dart_mode: 0]
[uniform_drop: 0]
[drop_seed: 42]
[top_rate: 0.2]
[other_rate: 0.1]
[min_data_per_group: 100]
[max_cat_threshold: 32]
[cat_l2: 10]
[cat_smooth: 10]
[max_cat_to_onehot: 4]
[top_k: 20]
[monotone_constraints: ]
[monotone_constraints_method: basic]
[monotone_penalty: 0]
[feature_contri: ]
[forcedsplits_filename: ]
[refit_decay_rate: 0.9]
[cegb_tradeoff: 1]
[cegb_penalty_split: 0]
[cegb_penalty_feature_lazy: ]
[cegb_penalty_feature_coupled: ]
[path_smooth: 0]
[interaction_constraints: ]
[verbosity: -1]
[saved_feature_importance_type: 0]
[use_quantized_grad: 0]
[num_grad_quant_bins: 4]
[quant_train_renew_leaf: 0]
[stochastic_rounding: 1]
[linear_tree: 0]
[max_bin: 255]
[max_bin_by_feature: ]
[min_data_in_bin: 3]
[bin_construct_sample_cnt: 200000]
[data_random_seed: 42]
[is_enable_sparse: 1]
[enable_bundle: 1]
[use_missing: 1]
[zero_as_missing: 0]
[feature_pre_filter: 1]
[pre_partition: 0]
[two_round: 0]
[header: 0]
[label_column: ]
[weight_column: ]
[group_column: ]
[ignore_column: ]
[categorical_feature: ]
[forcedbins_filename: ]
[precise_float_parser: 0]
[parser_config_file: ]
[objective_seed: 16083]
[num_class: 1]
[is_unbalance: 0]
[scale_pos_weight: 1]
[sigmoid: 1]
[boost_from_average: 1]
[reg_sqrt: 0]
[alpha: 0.9]
[fair_c: 1]
[poisson_max_delta_step: 0.7]
[tweedie_variance_power: 1.5]
[lambdarank_truncation_level: 30]
[lambdarank_norm: 1]
[label_gain: ]
[lambdarank_position_bias_regularization: 0]
[eval_at: ]
[multi_error_top_k: 1]
[auc_mu_weights: ]
[num_machines: 1]
[local_listen_port: 12400]
[time_out: 120]
[machine_list_filename: ]
[machines: ]
[gpu_platform_id: -1]
[gpu_device_id: -1]
[gpu_device_id_list: ]
[gpu_use_dp: 0]
[num_gpu: 1]

end of parameters

pandas_categorical:[]
