tree
version=v4
num_class=1
num_tree_per_iteration=1
label_index=0
max_feature_idx=162
objective=huber
feature_names=last_osi last_P_t last_N_t last_D_t last_R_t last_outage_pct osi_mean_72h osi_max_72h osi_std_72h outage_pct_mean_72h outage_pct_max_72h N_t_mean_72h N_t_max_72h R_t_mean_72h R_t_max_72h pre_event_mean_osi pre_event_max_outage_pct storm_onset_max_osi storm_onset_mean_osi osi_trend_last6h is_worsening frac_zero_72h hours_since_peak gust_mean_obs gust_max_obs gust_gt30_obs gust_gt40_obs cumul_gust_obs gust_last_obs gust_max_last6h_obs gust_trend_last6h_obs gust_t wind_speed_t wind_sin_t wind_cos_t t2m_t d2m_t tp_t rain_t csnow_t sdwe_t r2_t vpd_t soil_moist_t blh_t tcc_t lcc_t mcc_t hcc_t sp_t mslma_t sdswrf_t direct_rad_t diffuse_rad_t et0_t temp_c_t dewpoint_c_t icing_risk_t gust_exceed_30 soil_moist_x_gust is_snowing gust_x_hso gust_x_phase soil_gust_x_phase gust_exceed30_x_hso gust_max_next_1h gust_mean_next_1h wind_speed_max_next_1h total_tp_next_1h min_t2m_next_1h gust_gt30_next_1h gust_gt40_next_1h gust_peak4h_mean_next_1h gust_max_next_6h gust_mean_next_6h wind_speed_max_next_6h total_tp_next_6h min_t2m_next_6h gust_gt30_next_6h gust_gt40_next_6h gust_peak4h_mean_next_6h gust_max_next_24h gust_mean_next_24h wind_speed_max_next_24h total_tp_next_24h min_t2m_next_24h gust_gt30_next_24h gust_gt40_next_24h gust_peak4h_mean_next_24h gust_max_next_48h gust_mean_next_48h wind_speed_max_next_48h total_tp_next_48h min_t2m_next_48h gust_gt30_next_48h gust_gt40_next_48h gust_peak4h_mean_next_48h gust_change_1h gust_change_3h pressure_change_3h pressure_change_6h temp_change_6h wind_change_1h cumul_gust_since_onset cumul_tp_since_onset gust_gt30_since_onset gust_at_t1h wind_speed_at_t1h t2m_at_t1h tp_at_t1h gust_at_t6h wind_speed_at_t6h t2m_at_t6h tp_at_t6h gust_at_t24h wind_speed_at_t24h t2m_at_t24h tp_at_t24h gust_at_t48h wind_speed_at_t48h t2m_at_t48h tp_at_t48h hour_of_day hour_sin hour_cos days_since_onset hours_since_obs storm_phase log_customers rural_urban_code is_metro pop_density n_utilities pct_forest pct_developed pct_agriculture pct_water pct_wetland pct_unmapped pct_forest_classified tree_canopy_pct tree_canopy_std forest_x_customers window_len_next_1h is_full_next_1h tp_rate_next_1h gust_gt30_frac_next_1h has_weather_at_t1h window_len_next_6h is_full_next_6h tp_rate_next_6h gust_gt30_frac_next_6h has_weather_at_t6h window_len_next_24h is_full_next_24h tp_rate_next_24h gust_gt30_frac_next_24h has_weather_at_t24h window_len_next_48h is_full_next_48h tp_rate_next_48h gust_gt30_frac_next_48h has_weather_at_t48h
feature_infos=[0:0.55230000000000001] [0:0.82424180700000005] [0:0.021710291] [0:0.90465771100000003] [0:0.039181763000000001] [0:82.420000000000002] [4.1666666666666669e-06:0.26529999999999998] [0.0001:0.65049999999999997] [1.9982631347136334e-05:0.22470370552747407] [0.00083333333333333328:39.644861111111112] [0.02:100] [3.1208333333333337e-06:0.018623942125000001] [7.4900000000000005e-05:0.37916412199999999] [3.1208333333333337e-06:0.017093115180555556] [7.4900000000000005e-05:0.119716399] [0:0.38653749999999998] [0:100] [0:0.59799999999999998] [0:0.20940416666666664] [-0.022628571428571428:0.017611428571428573] [0:1] [0:0.95833333333333337] [0:71] [13.03611111111111:31.258333333333326] [29.300000000000001:70] [0:35] [0:18] [938.59999999999991:2250.5999999999995] [3.5:47.5] [15.4:64.5] [-6.477142857142856:3.3114285714285714] [0.59999999999999998:57.799999999999997] [0:38] [-0.99999999953664132:0.99999999913657367] [-0.99999999329043221:1] [259.42265909999998:298.3466019] [257.33913039999999:289.8677619] [0:11.300000000000001] [0:11.300000000000001] [0:2.6600000000000001] [0:0.089999999999999997] [15:100] [0:2.5] [0.16700000000000001:0.52000000000000002] [10:3090] [0:100] [0:100] [0:100] [0:100] [884.60000000000002:1027.2] [986.70000000000005:1031.8] [0:863] [0:737] [0:463] [0:0.60999999999999999] [-13.727340900000002:25.196601900000019] [-15.81086959999999:16.717761900000028] [0:1] [0:27.799999999999997] [0.19259999999999999:23.550000000000001] [0:1] [0.80000000000000004:3819.7999999999997] [0:107.59999999999999] [0:47.100000000000001] [0:1689.7999999999997] [1.2:57.799999999999997] [0.89999999999999991:54.5] [0:38] [0:14.699999999999999] [259.42265909999998:298.21776599999998] [0:2] [0:2] [0.89999999999999991:54.5] [2.7999999999999998:57.799999999999997] [2.0571428571428569:49.328571428571429] [0.40000000000000002:38] [0:26.699999999999999] [259.42265909999998:296.22558249999997] [0:7] [0:7] [2.5999999999999996:52.550000000000004] [5.9000000000000004:57.799999999999997] [4.25:43.052] [2.6000000000000001:38] [0:51.199999999999996] [259.42265909999998:288.3249495] [0:25] [0:19] [4.9250000000000007:52.550000000000004] [5.9000000000000004:57.799999999999997] [4.25:37.897959183673471] [2.6000000000000001:38] [0:52.900000000000006] [259.42265909999998:288.3249495] [0:40] [0:22] [4.9250000000000007:52.550000000000004] [-24.299999999999997:28.199999999999999] [-32:35.700000000000003] [-6.1999999999999318:10.599999999999909] [-10.899999999999977:14.599999999999909] [-20.027499999999975:21.845291299999985] [-15.300000000000001:28.000000000000004] [347.09999999999997:4391.1000000000004] [0:53.200000000000003] [0:61] [0.59999999999999998:57.799999999999997] [0:38] [259.42265909999998:298.3466019] [0:11.300000000000001] [0.90000000000000002:57.799999999999997] [0:38] [259.42265909999998:298.3466019] [0:11.300000000000001] [0.90000000000000002:57.799999999999997] [0:38] [259.42265909999998:298.3466019] [0:11.300000000000001] [0.90000000000000002:53.799999999999997] [0:34.299999999999997] [259.42265909999998:296.58327589999999] [0:11.300000000000001] [0:23] [-1:1] [-1:1] [1:6] [1:138] [0:3] [7.1180162044653335:13.453719692845613] [1:9] [0:1] [8.3691524328166658:11939.655837338518] [1:14] [0.96999999999999997:88.719999999999999] [2.21:86.629999999999995] [0.040000000000000001:87.469999999999999] [0.01:5.5099999999999998] [0:19.780000000000001] [1.8899999999999999:18.32] [0.98868616858628067:95.815074496056084] [2.2000000000000002:80.340000000000003] [12.65:40.140000000000001] [8.0679963363985543:851.59337963521523] none none [0:7.3499999999999996] [0:1] none none none [0:3.8142857142857141] [0:1] none [7:25] [0:1] [0:2.048] [0:1] [0:1] [7:49] [0:1] [0:1.0795918367346939] [0:0.81632653061224492] [0:1]
tree_sizes=3037 2733 2763 2705 2755 2773 2815 2820 2732 2724 2775 2754 2802 2770 2807 2652 2766 2727 2722 2725 2714 2714

Tree=0
num_leaves=31
num_cat=0
split_feature=84 91 29 110 92 73 2 67 93 66 42 133 84 137 23 73 101 67 108 50 137 92 43 61 43 92 101 84 92 135
split_gain=0.0072657 0.00834938 0.00211113 0.00575421 0.00486886 0.000913992 0.000694134 0.00458063 0.00066454 0.000480502 0.000522737 0.000422828 0.000517653 0.000308519 0.00037479 0.000273267 0.000266955 0.000397607 0.000702307 0.000259141 0.000246554 0.000234983 0.000236925 0.000423699 0.000445324 0.000174168 0.000168447 0.000185051 0.000355006 0.000136674
threshold=6.450000000000002 14.15 25.400000000000002 33.050000000000004 12.050000000000002 37.250000000000007 0.0031384280000000004 2.5500000000000003 266.69520945000005 28.275000000000002 0.56500000000000006 85.89500000000001 1.0500000000000005 1.0000000180025095e-35 22.704166666666673 36.350000000000001 -1.3461422999999966 14.850000000000003 285.86758070000002 1014.7500000000001 0.60500000000000009 1.7500000000000004 0.37350000000000005 1568.3000000000004 0.39350000000000007 8.9500000000000046 13.767028350000006 11.450000000000005 9.0500000000000025 28.975000000000005
decision_type=2 2 2 2 2 2 2 2 2 2 2 2 2 2 2 2 2 2 2 2 2 2 2 2 2 2 2 2 2 2
left_child=6 -2 3 8 -5 13 11 -8 9 10 -3 15 -13 14 -4 -1 29 18 -18 -14 -19 -9 -23 24 -24 -17 27 28 -22 -7
right_child=1 2 5 4 -6 16 7 21 -10 -11 -12 12 19 -15 -16 25 17 20 -20 -21 26 22 23 -25 -26 -27 -28 -29 -30 -31
leaf_value=0.00054302461267179928 0.0010895119192264741 0.00056404705126957423 0.00071694753237446179 0.0013643781972140054 0.00057671834844821716 0.00056404705126957423 0.0010330716312610055 0.00054893261313226417 0.00056404705126957423 0.00056404705126957423 0.00084032498918198929 0.00056404705126957423 0.00056404705126957423 0.00056404705126957423 0.00056404705126957423 0.00056185335985895878 0.00057718351565950283 0.00056404705126957423 0.00084722296350332347 0.00075978453209578443 0.00056404705126957423 0.00056404705126957423 0.00077144781533066364 0.00056404705126957423 0.00056404705126957423 0.0006234211125489132 0.00056404705126957423 0.00057730401530730854 0.00074649377218128851 0.00061262641118843292
leaf_weight=13858 96 50 75 56 51 253 53 928 220 131 70 498 50 1777 65 1108 97 199 83 56 54 279 72 108 76 121 80 172 122 206
leaf_count=13858 96 50 75 56 51 253 53 928 220 131 70 498 50 1777 65 1108 97 199 83 56 54 279 72 108 76 121 80 172 122 206
internal_value=0.000564047 0.000626079 0.000612784 0.000703196 0.00103884 0.000594758 0.00055016 0.000580835 0.000615508 0.000671531 0.000748405 0.000546876 0.000584041 0.000570023 0.000641222 0.000545056 0.000628231 0.000648332 0.000730203 0.00068386 0.00061664 0.000564047 0.000590506 0.000625405 0.000680677 0.000564047 0.000638113 0.00065321 0.000698648 0.000581913
internal_weight=21064 3857 3761 578 107 3183 17207 1516 471 251 120 15691 604 1917 140 15087 1266 807 180 106 627 1463 535 256 148 1229 428 348 176 459
internal_count=21064 3857 3761 578 107 3183 17207 1516 471 251 120 15691 604 1917 140 15087 1266 807 180 106 627 1463 535 256 148 1229 428 348 176 459
is_linear=0
shrinkage=1


Tree=1
num_leaves=31
num_cat=0
split_feature=84 133 128 67 28 93 14 126 2 67 73 141 106 133 84 103 93 33 77 83 49 73 92 120 9 63 134 4 135 82
split_gain=0.00667789 0.00674212 0.00258417 0.00316543 0.0010342 0.00166084 0.00209802 0.00320514 0.000627974 0.00414257 0.000489137 0.00070642 0.000680057 0.000386465 0.000474812 0.000291834 0.000344241 0.0002731 0.000449899 0.000254398 0.000251131 0.000246666 0.000157321 0.000156544 0.000142487 0.000117288 0.000115092 9.24729e-05 8.38e-05 5.59323e-05
threshold=6.450000000000002 88.200000000000003 9.4838347729937542 6.5500000000000007 32.150000000000006 264.40128965000002 0.0072760080000000005 51.500000000000007 0.0031384280000000004 2.5500000000000003 37.45000000000001 33.340000000000011 26.050000000000004 85.89500000000001 1.0500000000000005 1985.8500000000001 266.2719419500001 0.31654116872325549 289.93183420000008 20.350000000000005 962.35000000000002 36.350000000000001 8.9500000000000046 274.53033605000007 0.22930555555555557 17.475600000000004 8.6500000000000021 0.029962148000000004 26.005000000000003 32.714000000000006
decision_type=2 2 2 2 2 2 2 2 2 2 2 2 2 2 2 2 2 2 2 2 2 2 2 10 2 2 2 2 2 2
left_child=8 2 3 -2 5 6 -5 -8 13 -10 23 -12 -13 21 -15 16 19 18 24 -11 -16 27 -23 -4 -7 -25 -14 -1 -28 -24
right_child=1 -3 10 4 -6 17 7 -9 9 15 11 12 26 14 20 -17 -18 -19 -20 -21 -22 22 29 25 -26 -27 28 -29 -30 -31
leaf_value=-2.0509424845447819e-05 0.00051157173203806314 0.00060748326536939434 0 2.2686482980447932e-05 0 0 0.00064910728741706997 7.536712630462717e-05 0.00044600766266402966 0.00019521560423107497 4.0969215943267267e-06 0.00025185361426270837 0 0 0 -1.587670706028559e-05 0 0 0 0 0.00019414103757568496 -2.0841049486280934e-06 0 0 0.00016177592041971461 0.0001088067150565872 0 0 8.8663468219513415e-05 8.75029242564304e-05
leaf_weight=13690 52 56 1593 115 306 51 62 79 53 51 552 80 62 498 53 969 393 208 151 50 53 1108 53 54 155 57 86 168 138 68
leaf_count=13690 52 56 1593 115 306 51 62 79 53 51 552 80 62 498 53 969 393 208 151 50 53 1108 53 54 155 57 86 168 138 68
internal_value=0 5.9621e-05 5.00766e-05 0.000112517 8.92348e-05 0.000118628 0.000231731 0.000365656 -1.31615e-05 1.59391e-05 2.00614e-05 4.97701e-05 0.000104831 -1.62925e-05 1.90885e-05 0 3.13042e-05 5.82281e-05 8.52499e-05 0.000114861 0.000114691 -1.80415e-05 0 1.10406e-06 0.000134174 5.92692e-05 4.55504e-05 -1.99714e-05 6.26528e-05 5.64297e-05
internal_weight=21064 3857 3801 1179 1127 821 256 141 17207 1516 2622 918 366 15691 604 1463 494 565 357 101 106 15087 1229 1704 206 111 286 13858 224 121
internal_count=21064 3857 3801 1179 1127 821 256 141 17207 1516 2622 918 366 15691 604 1463 494 565 357 101 106 15087 1229 1704 206 111 286 13858 224 121
is_linear=0
shrinkage=0.05


Tree=2
num_leaves=31
num_cat=0
split_feature=84 91 105 73 67 27 2 67 137 128 35 28 84 6 35 18 140 126 115 103 63 107 110 112 112 69 140 100 1 103
split_gain=0.00614028 0.00721172 0.00209088 0.00147722 0.00140688 0.00192769 0.000574521 0.0037426 0.000521984 0.000618431 0.000505026 0.000537856 0.00050394 0.000431256 0.000634312 0.000364592 0.000333235 0.000368936 0.000678328 0.000270043 0.000356973 0.000303626 0.000214626 0.000115213 0.000109258 9.79023e-05 0.00012592 9.38389e-05 0.000111543 0.000123442
threshold=6.450000000000002 14.15 2.5000000000000004 37.250000000000007 13.450000000000001 1628.1000000000001 0.0031384280000000004 2.5500000000000003 0.56500000000000006 9.3257810922174933 288.94107465000008 22.850000000000005 11.250000000000002 0.00037361111111111118 291.72474430000005 0.013114583333333334 78.385000000000019 79.500000000000014 11.050000000000002 1891.45 8.079600000000001 15.350000000000003 31.050000000000004 280.29115790000009 277.62797275000008 283.57673030000007 17.960000000000004 4.3500000000000236 0.14340941100000001 1018.6500000000001
decision_type=2 2 2 2 2 2 2 2 2 2 2 2 2 2 2 2 2 2 10 2 2 2 2 2 2 2 2 2 2 2
left_child=6 -2 -3 10 5 -5 16 -8 -6 12 -4 13 15 -12 -15 -10 22 18 -18 20 -9 -22 27 -24 -7 -11 -27 -1 -29 -30
right_child=1 2 3 4 8 24 7 19 9 25 11 -13 -14 14 -16 -17 17 -19 -20 -21 21 -23 23 -25 -26 26 -28 28 29 -31
leaf_value=-2.129332806282079e-05 0.00048838845353493148 0.00037150908751965082 -1.4398056531825555e-06 0.00039030605384771035 0 0 0.00042412025493157915 0 6.758719434575977e-05 0 0 0 0 0.00026144894087517547 0 0.00034610928071758778 0.00021916461024017338 0 0 -1.4757435810901284e-05 0.00018310841339241182 0 -5.8704193713188399e-06 2.6593694951199344e-05 8.4137768565622952e-05 0 7.1079372674368472e-05 -1.2919945843009561e-05 4.8634468195795456e-05 0
leaf_weight=10415 96 51 1587 90 366 55 53 367 98 109 109 401 72 80 75 56 60 146 60 983 62 51 846 365 122 247 243 3345 143 311
leaf_count=10415 96 51 1587 90 366 55 53 367 98 109 109 401 72 80 75 56 60 146 60 983 62 51 846 365 122 247 243 3345 143 311
internal_value=1.04424e-07 5.73484e-05 4.48901e-05 3.89539e-05 7.8781e-05 0.00018967 -1.2439e-05 1.53389e-05 4.95889e-05 7.16137e-05 1.09262e-05 4.79025e-05 0.000150022 0.00010412 0.000159145 0.000202706 -1.54422e-05 3.41762e-05 0.000100995 0 3.0952e-05 0.000108952 -1.66242e-05 0 5.79419e-05 3.34963e-05 4.32385e-05 -1.83754e-05 -9.05643e-06 8.38612e-06
internal_weight=21064 3857 3761 3710 1458 267 17207 1516 1191 825 2252 665 226 264 155 154 15691 266 120 1463 480 113 15425 1211 177 599 490 14214 3799 454
internal_count=21064 3857 3761 3710 1458 267 17207 1516 1191 825 2252 665 226 264 155 154 15691 266 120 1463 480 113 15425 1211 177 599 490 14214 3799 454
is_linear=0
shrinkage=0.05


Tree=3
num_leaves=31
num_cat=0
split_feature=84 128 83 65 75 120 82 83 137 55 111 108 77 137 80 23 100 50 75 28 25 15 28 61 77 15 112 142 15 11
split_gain=0.00564355 0.00400135 0.00615612 0.00296466 0.000925744 0.00130766 0.000483727 0.00114079 0.000491724 0.00160031 0.00407343 0.000461633 0.00106985 0.00123557 0.00044427 0.000647235 0.000462942 0.000406309 0.000914431 0.000810719 0.000260572 0.000228012 0.000208922 0.000235322 0.000215149 0.000131295 0.000111658 0.000108768 9.83851e-05 9.41253e-05
threshold=6.450000000000002 9.4838347729937542 14.15 15.450000000000001 16.350000000000005 264.32315715000004 32.714000000000006 20.650000000000002 0.055000000000000007 -8.151067799999991 5.1500000000000012 288.41012880000005 289.51336990000004 1.8100000000000003 30.287500000000005 19.718055555555562 -6.2499999999999991 1017.9500000000002 10.65 26.100000000000005 20.500000000000004 0.00023854166666666669 34.350000000000009 1772.9000000000003 288.07000490000001 0.0010302083333333335 292.40472130000006 277.41925524298904 0.0010833333333333335 0.0059095402291666679
decision_type=2 2 2 2 2 10 2 2 2 2 2 2 2 2 2 2 2 2 2 2 2 2 2 2 2 2 2 2 2 2
left_child=6 2 -2 -4 -5 -6 8 -8 9 10 -1 -7 13 25 -3 16 -16 18 19 -11 -17 -18 -22 24 27 -13 -14 -24 -28 -10
right_child=1 14 3 4 5 11 7 -9 29 17 -12 12 26 -15 15 20 21 -19 -20 -21 22 -23 23 -25 -26 -27 28 -29 -30 -31
leaf_value=0 0.00056457479570433216 -2.6546422579607296e-06 0.00048626092270698045 3.5029703230438891e-09 0.00036719139747755695 0 0.00023938802205089295 0 -1.806261834681714e-05 0.00027753415770666111 0.00052836308956566251 0 0 0.00041817435659187007 0 0 0 -1.6864230074049361e-05 0 0 0 0.000279105233648061 0 0 0 0.0001114691308449827 0 0.00019354157426541095 0.00010114036082149109 0
leaf_weight=109 80 1077 50 411 55 231 58 549 13687 62 50 58 106 58 58 902 50 1746 454 52 164 60 54 97 78 55 74 82 57 440
leaf_count=109 80 1077 50 411 55 231 58 549 13687 62 50 58 106 58 58 902 50 1746 454 52 164 60 54 97 78 55 74 82 57 440
internal_value=2.17608e-07 5.51046e-05 0.000129967 9.50764e-05 7.24313e-05 0.000108068 -1.17974e-05 2.94998e-05 -1.36104e-05 5.46916e-06 0.000159177 7.74138e-05 0.000110451 0.000210149 1.79011e-05 3.54569e-05 0.000133778 -2.99683e-06 3.07982e-05 0.000156755 1.97445e-05 0.000194099 4.99714e-05 7.40527e-05 0.000103413 5.67839e-05 1.69274e-05 0.000143906 5.12969e-05 -1.73044e-05
internal_weight=21064 3857 1235 1155 1105 694 17207 607 16600 2473 159 639 408 171 2622 1545 168 2314 568 114 1377 110 475 311 214 113 237 136 131 14127
internal_count=21064 3857 1235 1155 1105 694 17207 607 16600 2473 159 639 408 171 2622 1545 168 2314 568 114 1377 110 475 311 214 113 237 136 131 14127
is_linear=0
shrinkage=0.05


Tree=4
num_leaves=31
num_cat=0
split_feature=155 133 138 67 13 161 73 73 122 138 8 13 74 82 91 160 137 55 50 50 75 28 116 67 22 44 161 139 85 13
split_gain=0.00518306 0.00550615 0.00239179 0.00432091 0.000904243 0.000956588 0.000954753 0.000598994 0.000446017 0.000553781 0.00127824 0.000999233 0.000694564 0.000444538 0.000873161 0.000679008 0.000445278 0.00143808 0.00376667 0.000367667 0.000829791 0.000729714 0.000261768 0.000318677 0.000308716 0.000397035 0.000187647 0.000147825 0.000250849 9.2263e-05
threshold=0.25800000000000006 88.200000000000003 3.7550000000000003 7.9500000000000011 0.00059749245833333345 0.17346938775510207 46.350000000000001 33.050000000000004 18.500000000000004 4.785000000000001 0.0074562719086241564 0.00019589217361111114 30.88571428571429 32.714000000000006 21.750000000000004 0.303061224489796 0.055000000000000007 -8.151067799999991 1028.2500000000002 1017.9500000000002 10.65 26.100000000000005 271.48624230000001 15.550000000000002 5.5000000000000009 472.50000000000006 0.071428571428571438 66.75787419216293 268.19110415000006 0.0029774413125000006
decision_type=2 2 2 2 2 2 2 2 2 2 2 2 2 2 2 2 2 2 2 2 2 2 10 2 2 2 2 2 2 2
left_child=13 2 3 -2 -5 -6 -7 26 9 10 11 -9 -13 16 15 -15 17 18 -1 20 21 -19 -11 24 -24 -26 27 -4 -29 -18
right_child=1 -3 7 4 5 6 -8 8 -10 22 -12 12 -14 14 -16 -17 29 19 -20 -21 -22 -23 23 -25 25 -27 -28 28 -30 -31
leaf_value=0.00050606224298426958 0.00059969290524011245 0.00054859384075889631 0 0 0.00036692132977307515 0 0.00025189329411140146 0 0 5.4682169533053736e-06 2.8908637553066552e-06 0.00047882428979649397 6.2747585004144316e-05 0.00028185619262115902 0 0 -1.7347303725223952e-05 0.00026387771446371473 0 -1.6021500718865325e-05 0 0 0 7.4064002254796801e-06 0 0.00022499605010538787 -1.1386969311494492e-05 0.00011811804760876991 0 0
leaf_weight=50 50 56 116 213 52 174 55 64 438 719 202 52 55 54 501 52 13422 62 109 1746 454 52 55 277 54 87 974 95 79 695
leaf_count=50 50 56 116 213 52 174 55 64 438 719 202 52 55 54 501 52 13422 62 109 1746 454 52 55 277 54 87 974 95 79 695
internal_value=3.68509e-07 5.28919e-05 4.41543e-05 0.000143282 8.5867e-05 0.000144771 7.1211e-05 2.60794e-05 4.30856e-05 5.55664e-05 0.00011497 0.00021751 0.000313811 -1.11538e-05 2.8358e-05 0.000158021 -1.29025e-05 5.18257e-06 0.000150921 -2.73251e-06 2.92861e-05 0.000149273 3.2706e-05 6.34624e-05 0.000116864 0.000156148 0 3.43169e-05 6.37969e-05 -1.64249e-05
internal_weight=21064 3867 3811 544 494 281 229 3267 2003 1565 373 171 107 17197 607 106 16590 2473 159 2314 568 114 1192 473 196 141 1264 290 174 14117
internal_count=21064 3867 3811 544 494 281 229 3267 2003 1565 373 171 107 17197 607 106 16590 2473 159 2314 568 114 1192 473 196 141 1264 290 174 14117
is_linear=0
shrinkage=0.05


Tree=5
num_leaves=31
num_cat=0
split_feature=84 91 138 11 12 42 122 81 77 137 42 22 116 82 83 75 23 124 34 126 0 77 19 50 133 128 63 22 76 74
split_gain=0.00460357 0.00449056 0.00156166 0.00206734 0.00123346 0.00225924 0.00255921 0.00111606 0.000997084 0.000449085 0.00153644 0.00405815 0.00102518 0.000386393 0.000494943 0.000333677 0.000310134 0.000283102 0.000516717 0.000130577 0.000158262 0.000128151 9.83911e-05 9.31692e-05 0.000138585 7.75774e-05 7.27944e-05 7.78963e-05 7.21294e-05 7.06888e-05
threshold=6.1500000000000012 14.15 4.6950000000000012 0.0044062812152777788 0.018911317000000004 0.51500000000000012 6.5000000000000009 38.95000000000001 288.07000490000001 0.055000000000000007 0.10500000000000002 1.0000000180025095e-35 263.92378905000004 32.714000000000006 21.750000000000004 16.250000000000004 19.578472222222228 -0.78656609248549325 -0.92035871000212344 9.5000000000000018 0.028050000000000002 278.47815920000005 -0.0030385714285714282 1018.5500000000001 87.315000000000012 11.53249223041597 14.139300000000002 2.5000000000000004 3.850000000000001 32.007142857142867
decision_type=2 2 2 2 2 2 2 2 2 2 2 2 8 2 2 2 2 2 2 2 2 2 2 2 2 2 2 2 2 2
left_child=9 -2 3 4 5 -3 -7 -8 -9 10 11 -1 -13 19 -15 28 17 -17 -19 20 -11 -18 -23 24 -12 26 27 -24 -4 -21
right_child=1 2 15 -5 -6 6 7 8 -10 13 23 12 -14 14 -16 16 21 18 -20 29 -22 22 25 -25 -26 -27 -28 -29 -30 -31
leaf_value=0.00051358286195374184 0.00039460414810846013 0 -1.7090408888588638e-05 0.00039357855700457599 0 0.00052476367566900298 0 0.00030617985589225438 1.440200664813282e-05 -1.0160159168738361e-05 0 0.0002316142196218178 0 0.00013216241251571322 0 0 0 0.00021308866112965653 0 -1.7943484096886927e-05 3.2465448212045707e-05 0 0 -1.5709249127243061e-05 8.1644070511552021e-05 0 0 6.3079779221285787e-05 5.5644933421370521e-06 0
leaf_weight=51 94 330 613 58 512 58 118 101 98 881 387 52 366 88 449 55 518 82 50 12272 288 233 82 1541 52 119 141 400 388 645
leaf_count=51 94 330 613 58 512 58 118 101 98 881 387 52 366 88 449 55 518 82 50 12272 288 233 82 1541 52 119 141 400 388 645
internal_value=7.44882e-07 4.88821e-05 3.9306e-05 8.57762e-05 6.66907e-05 0.000109731 0.000193985 0.000116281 0.000188281 -1.03841e-05 8.18425e-06 9.05158e-05 2.58619e-05 -1.38361e-05 2.42813e-05 1.53182e-05 2.93946e-05 9.70089e-05 0.000136469 -1.56458e-05 0 1.75199e-05 2.82508e-05 -8.8294e-06 3.9378e-06 3.7141e-05 4.41965e-05 5.38548e-05 -3.32228e-06 -1.70942e-05
internal_weight=21122 4050 3956 1275 1217 705 375 317 199 17072 2449 469 418 14623 537 2681 1680 187 132 14086 1169 1493 975 1980 439 742 623 482 1001 12917
internal_count=21122 4050 3956 1275 1217 705 375 317 199 17072 2449 469 418 14623 537 2681 1680 187 132 14086 1169 1493 975 1980 439 742 623 482 1001 12917
is_linear=0
shrinkage=0.05


Tree=6
num_leaves=31
num_cat=0
split_feature=84 91 138 11 101 141 81 81 73 137 42 2 116 93 82 83 75 23 124 36 101 21 14 96 0 120 23 15 76 84
split_gain=0.00422473 0.0040356 0.00143809 0.00184053 0.0012418 0.00191806 0.00199599 0.00352439 0.000896736 0.000407755 0.0014001 0.0040672 0.000907479 0.000399181 0.000353467 0.000446024 0.000304143 0.000275827 0.000256193 0.000270176 0.000128342 0.000164229 0.000133739 8.75521e-05 0.000194418 0.000209594 0.000183015 8.5176e-05 6.5714e-05 6.23028e-05
threshold=6.1500000000000012 14.15 4.6950000000000012 0.0044062812152777788 -1.3461422999999966 31.445000000000004 38.350000000000001 39.750000000000007 41.650000000000013 0.055000000000000007 0.10500000000000002 0.0011228025000000004 263.92378905000004 264.30018730000006 32.714000000000006 21.750000000000004 16.250000000000004 19.578472222222228 -0.78656609248549325 283.04048305000009 0.75275574999997741 0.46527777777777785 0.014695182500000003 35.237500000000004 0.087350000000000011 273.62887150000006 26.194444444444446 0.0089989583333333362 3.850000000000001 0.45000000000000007
decision_type=2 2 2 2 2 2 2 2 2 2 2 2 8 2 2 2 2 2 2 2 2 2 2 2 2 10 2 2 2 2
left_child=9 -2 3 4 -3 13 -7 -8 -9 10 11 12 -1 -6 23 -16 28 18 -18 -20 -19 -22 -23 -11 -25 -26 -27 29 -4 -12
right_child=1 2 16 -5 5 6 7 8 -10 14 27 -13 -14 -15 15 -17 17 20 19 -21 21 22 -24 24 25 26 -28 -29 -30 -31
leaf_value=0.0002086130530434665 0.00037508162112001299 0 -1.623728005859697e-05 0.00037423317895877132 0.00011430477178914265 0 0.0006248683721123598 4.1823480726321784e-06 0.00028026567679155376 -1.7406605194787312e-05 -1.628221567718614e-05 0.00049565461541483692 0 0 0.00012562854022975996 0 0 0 0 0.00019600256819576078 0 2.1283955402149983e-06 0.00011200685160459264 -1.0773915138942599e-05 0 0 0.00011887918226759296 3.344207103886031e-05 5.2869833922781074e-06 0
leaf_weight=55 94 391 613 58 89 107 59 127 67 10647 1663 54 360 377 88 449 55 792 57 75 400 184 117 3082 191 81 85 57 388 260
leaf_count=55 94 391 613 58 89 107 59 127 67 10647 1663 54 360 377 88 449 55 792 57 75 400 184 117 3082 191 81 85 57 388 260
internal_value=8.22567e-07 4.69433e-05 3.77899e-05 8.2422e-05 6.41139e-05 9.90352e-05 0.000187773 0.000264116 0.00012612 -9.82792e-06 7.81131e-06 8.64481e-05 2.01193e-05 1.95204e-05 -1.31243e-05 2.32004e-05 1.46771e-05 2.81244e-05 9.23617e-05 0.0001299 1.66754e-05 3.23859e-05 6.16244e-05 -1.48656e-05 -5.54249e-06 2.55581e-05 6.73643e-05 -8.32555e-06 -2.90724e-06 -1.21791e-05
internal_weight=21122 4050 3956 1275 1217 826 360 253 194 17072 2449 469 415 466 14623 537 2681 1680 187 132 1493 701 301 14086 3439 357 166 1980 1001 1923
internal_count=21122 4050 3956 1275 1217 826 360 253 194 17072 2449 469 415 466 14623 537 2681 1680 187 132 1493 701 301 14086 3439 357 166 1980 1001 1923
is_linear=0
shrinkage=0.05


Tree=7
num_leaves=31
num_cat=0
split_feature=84 13 128 90 42 120 23 47 73 141 140 32 2 128 139 116 29 110 112 4 31 49 99 126 1 34 120 108 43 13
split_gain=0.00388943 0.00289414 0.00144792 0.00184558 0.00138595 0.00160989 0.00241971 0.000521324 0.000412294 0.000570465 0.000736158 0.000881587 0.000387961 0.00402232 0.00032376 0.000808907 0.000179941 0.000178685 0.000118278 0.000112286 0.000106266 0.000226293 0.000103834 9.20037e-05 9.4979e-05 8.42001e-05 0.000280117 5.57666e-05 9.22252e-05 8.6474e-05
threshold=5.6500000000000012 0.0039296913055555565 9.5929120760367841 18.719387755102044 0.51500000000000012 267.11240820000006 22.704166666666673 97.500000000000014 37.45000000000001 33.775000000000013 44.725000000000009 16.050000000000004 0.0059917800000000012 9.0639842339397667 89.033414029013926 263.92378905000004 43.250000000000007 30.750000000000004 279.94967320000006 0.00049989300000000006 24.050000000000004 954.05000000000007 -3.1499999999999768 9.5000000000000018 0.14340941100000001 -0.91368187043955162 273.01185545000004 292.97198270000007 0.31250000000000006 0.000664283326388889
decision_type=2 2 2 2 2 10 2 2 2 2 2 2 2 2 2 8 2 2 2 2 2 2 2 2 2 2 10 2 2 2
left_child=12 2 3 -2 -5 6 -6 27 25 -10 11 -11 14 -14 17 -16 -8 23 -19 -20 -17 -22 -21 24 -1 26 -4 -7 -29 -30
right_child=1 -3 8 4 5 7 16 -9 9 10 -12 -13 13 -15 15 20 -18 18 19 22 21 -23 -24 -25 -26 -27 -28 28 29 -31
leaf_value=-6.6392014244435098e-06 0.00035281786464432067 0.00032552141218788013 0 0 0.00042358619366799158 0 0 0.00019104449411180987 3.1606778618563386e-06 0.00022773386009845975 0 0 0.00044811607678779046 -1.7020457944677241e-08 0.00019568320616075407 -5.8697081104121348e-06 0.00011925908598213401 -3.1633106107004912e-06 0 0 0 0.00012255800002970284 8.2493597010845231e-05 -1.6127050104080844e-05 3.7083129869604312e-05 -8.823330801405418e-06 0.00011836717667115332 0 0 8.695889759985244e-05
leaf_weight=987 67 93 645 508 95 167 89 53 672 136 137 119 51 814 58 588 50 904 162 53 63 53 121 12933 140 1080 58 83 65 78
leaf_count=987 67 93 645 508 95 167 89 53 672 136 137 119 51 814 58 588 50 904 162 53 63 53 121 12933 140 1080 58 83 65 78
internal_value=9.18904e-07 4.42259e-05 3.6552e-05 8.22212e-05 6.24711e-05 0.000109095 0.000220744 3.89689e-05 1.4643e-05 3.92583e-05 8.82518e-05 0.000138367 -9.52044e-06 2.1118e-05 -1.14829e-05 1.76226e-05 4.4361e-05 -1.32603e-05 1.62925e-06 2.93314e-05 0 4.57951e-05 5.71038e-05 -1.49291e-05 0 0 1.33964e-05 5.33681e-06 2.57605e-05 5.14512e-05
internal_weight=21122 4195 4102 1255 1188 680 234 446 2847 1064 392 255 16927 865 16062 762 139 15300 1240 336 704 116 174 14060 1127 1783 703 393 226 143
internal_count=21122 4195 4102 1255 1188 680 234 446 2847 1064 392 255 16927 865 16062 762 139 15300 1240 336 704 116 174 14060 1127 1783 703 393 226 143
is_linear=0
shrinkage=0.05


Tree=8
num_leaves=31
num_cat=0
split_feature=84 91 138 11 101 24 81 81 80 43 133 2 67 75 82 92 23 34 101 92 13 126 91 133 1 126 2 101 21 107
split_gain=0.00357376 0.00348816 0.00124324 0.00153703 0.0011214 0.00165654 0.00215115 0.00348051 0.000679815 0.000496031 0.000374152 0.000362035 0.00383649 0.000269764 0.000254697 0.000314055 0.000233577 0.000233587 0.000493653 0.00021264 0.000138297 0.000114812 0.000267791 0.000630819 0.000149937 0.000152545 0.000135492 0.000113762 0.000144152 0.000113473
threshold=6.1500000000000012 14.15 4.6950000000000012 0.0044062812152777788 -1.3461422999999966 53.20000000000001 38.350000000000001 39.750000000000007 30.962500000000006 0.33950000000000008 88.64500000000001 0.0059917800000000012 2.9500000000000006 16.250000000000004 32.714000000000006 11.350000000000003 19.578472222222228 -0.92035871000212344 2.22813364999999 15.750000000000005 0.00061467323611111128 79.500000000000014 12.65 80.660000000000011 0.14340941100000001 15.500000000000002 5.7650000000000012e-05 0.75275574999997741 0.46527777777777785 20.850000000000005
decision_type=2 2 2 2 2 2 2 2 2 2 2 2 2 2 2 2 2 2 2 2 2 2 2 2 2 2 2 2 2 2
left_child=10 -2 3 4 -3 6 -6 -8 -9 -10 11 14 -13 -4 21 -16 17 18 -15 -17 -11 22 23 -1 -24 26 -26 -18 -29 -30
right_child=1 2 13 -5 5 -7 7 8 9 20 -12 12 -14 16 15 19 27 -19 -20 -21 -22 -23 24 -25 25 -27 -28 28 29 -31
leaf_value=0 0.00034883543699566207 0 -3.2649159504830683e-06 0.00034478959266364702 0 0 0.00059194047701068139 0 0 3.7478378466263303e-05 9.3479937198935663e-05 0.00044130328937671062 -3.4247897673505945e-07 0.0002215891545504117 0 0.00016751561545620295 0 0 0 0 0.0003509256421292032 -1.7204219856534457e-05 -1.2112167606947608e-05 0.00018101765890784667 0 0 6.9957132314881119e-05 0 7.3559511629510735e-05 0
leaf_weight=156 94 391 1001 58 168 353 61 82 57 51 79 50 819 64 395 53 792 59 64 54 54 8496 6175 60 72 506 157 400 233 68
leaf_count=156 94 391 1001 58 168 353 61 82 57 51 79 50 819 64 395 53 792 59 64 54 54 8496 6175 60 72 506 157 400 233 68
internal_value=9.61797e-07 4.33929e-05 3.47853e-05 7.63211e-05 5.91487e-05 9.24264e-05 0.000153758 0.0002328 0.000120558 0.000179645 -8.81326e-06 -9.58851e-06 1.97996e-05 1.31468e-05 -1.14836e-05 1.98695e-05 2.5896e-05 8.54748e-05 0.000123184 9.54385e-05 0.000247639 -1.28123e-05 -6.87286e-06 4.40864e-05 -9.19543e-06 8.49885e-06 4.34653e-05 1.50347e-05 2.97691e-05 5.70376e-05
internal_weight=21122 4050 3956 1275 1217 826 473 305 244 162 17072 16993 869 2681 16124 502 1680 187 128 107 105 15622 7126 216 6910 735 229 1493 701 301
internal_count=21122 4050 3956 1275 1217 826 473 305 244 162 17072 16993 869 2681 16124 502 1680 187 128 107 105 15622 7126 216 6910 735 229 1493 701 301
is_linear=0
shrinkage=0.05


Tree=9
num_leaves=31
num_cat=0
split_feature=84 133 138 32 6 24 78 108 43 75 24 19 133 2 35 82 26 4 14 116 75 97 103 124 49 92 131 43 49 135
split_gain=0.00328604 0.00273763 0.00131156 0.00143497 0.000686363 0.000719049 0.000895665 0.000628091 0.00113247 0.00145977 0.00135538 0.00176175 0.000338504 0.000327073 0.00367405 0.000204534 0.000294891 0.000166195 0.000191955 0.00014503 0.000442967 8.72596e-05 9.73339e-05 8.21381e-05 8.98606e-05 0.000182637 0.000100623 8.34878e-05 8.79354e-05 8.02385e-05
threshold=5.6500000000000012 88.200000000000003 3.7550000000000003 6.8500000000000005 0.003285416666666667 60.350000000000001 2.5000000000000004 287.05516050000006 0.34750000000000003 17.050000000000004 53.20000000000001 -0.00022857142857142865 88.64500000000001 0.0059917800000000012 264.98807590000007 32.714000000000006 8.5000000000000018 1.4600000000000001e-05 0.0028837585000000003 264.40128965000002 10.950000000000001 5.5000000000000018 1315.0500000000004 0.1294095225512602 963.75000000000011 21.050000000000008 329.47480617567891 0.30650000000000005 971.1500000000002 85.145000000000024
decision_type=2 2 2 2 2 2 2 2 2 2 2 2 2 2 2 2 2 2 2 8 2 2 2 2 2 2 2 2 2 2
left_child=12 2 3 -2 -5 6 -6 23 17 -10 11 -11 13 15 -15 19 -17 18 -9 20 -1 22 -20 24 -4 26 27 -26 -29 -21
right_child=1 -3 7 4 5 -7 -8 8 9 10 -12 -13 -14 14 -16 16 -18 -19 21 29 -22 -23 -24 -25 25 -27 -28 28 -30 -31
leaf_value=0.00014834651680260168 0.00038135044233618274 0.00038470584503738793 0 0 0 0 0.00031847803009090478 0 0 0.00047642037918735331 0 6.1766985057157172e-05 8.9582720199056585e-05 0.00039735013869358232 -3.4499994997327767e-06 9.0930216589048588e-05 0 0 0.00013174862082661622 -1.3797233947283284e-05 0 0 0 -8.389775701928523e-06 0 0 0 0 0.00011724780574044786 5.5230638192058399e-06
leaf_weight=52 51 59 456 252 74 138 82 135 156 73 83 92 77 59 806 105 367 859 94 14975 306 56 90 969 55 158 69 86 108 180
leaf_count=52 51 59 456 252 74 138 82 135 156 73 83 92 77 59 806 105 367 859 94 14975 306 56 90 969 55 158 69 86 108 180
internal_value=1.01685e-06 4.0836e-05 3.46303e-05 0.000105379 6.98111e-05 0.000121875 0.000198391 2.12566e-05 4.39768e-05 0.000118726 0.000193864 0.000277105 -8.55794e-06 -9.30843e-06 1.85414e-05 -1.11293e-05 1.71557e-05 1.53797e-05 4.33814e-05 -1.23133e-05 1.2813e-05 7.01953e-05 8.7167e-05 0 1.21207e-05 2.75377e-05 5.06482e-05 6.54177e-05 8.09745e-05 -1.32375e-05
internal_weight=21122 4195 4136 597 546 294 156 3539 1638 404 248 165 16927 16850 865 15985 472 1234 375 15513 358 240 184 1901 932 476 318 249 194 15155
internal_count=21122 4195 4136 597 546 294 156 3539 1638 404 248 165 16927 16850 865 15985 472 1234 375 15513 358 240 184 1901 932 476 318 249 194 15155
is_linear=0
shrinkage=0.05


Tree=10
num_leaves=31
num_cat=0
split_feature=84 13 105 75 43 101 141 108 15 120 21 131 131 50 75 43 59 73 92 101 75 105 1 25 50 2 141 93 126 137
split_gain=0.00277204 0.00244394 0.00151056 0.000734842 0.000685894 0.00122096 0.00164503 0.00158143 0.00141363 0.000568286 0.000432461 0.000301365 0.0019861 0.000323322 0.00144433 0.000214891 0.000424177 0.000189297 0.000203573 0.000113269 9.48043e-05 0.000302523 8.53964e-05 6.87412e-05 6.10592e-05 5.10797e-05 4.83819e-05 3.90889e-05 3.89181e-05 3.24409e-05
threshold=5.6500000000000012 0.0039296913055555565 2.5000000000000004 19.050000000000004 0.33950000000000008 -1.8493074999999803 31.090000000000003 292.65824715000002 0.00086145833333333354 275.00617885000003 0.40972222222222227 33.15434016127945 32.789184554052362 1017.6500000000002 10.350000000000003 0.27350000000000008 9.150800000000002 35.650000000000013 7.7500000000000018 -5.284839199999964 15.350000000000003 7.5000000000000009 0.14340941100000001 3.5000000000000004 1002.0500000000001 0.00026399350000000003 37.405000000000008 263.13994410000004 36.500000000000007 18.300000000000004
decision_type=2 2 2 2 2 2 2 2 2 10 2 2 2 2 2 2 2 2 2 2 2 2 2 2 2 2 2 2 2 2
left_child=11 2 -2 9 15 -6 -7 8 -8 20 -11 12 13 14 -1 16 -5 19 -19 22 23 -22 -13 24 -4 -20 -24 -25 -17 -21
right_child=1 -3 3 4 5 6 7 -9 -10 10 -12 17 -14 -15 -16 28 -18 18 25 29 21 -23 26 27 -26 -27 -28 -29 -30 -31
leaf_value=0.00027343984767867372 0.00030473995345363505 0.00030620221369070185 5.470923151769253e-05 0 0 8.5811796448767549e-06 0.00049223479849716978 0 6.5351065687162407e-05 0.00017453171999231394 0 -3.7343800867186925e-07 0.00024706501071618513 -1.2581321774074938e-05 0 1.9743472452449555e-05 0.00016897365696936703 0 0 -1.4065943743562392e-05 0.00010450215802876887 0 8.0965641962964078e-05 0 0 8.2902069667566665e-05 0 -2.3364885182362686e-05 0 0
leaf_weight=55 52 86 50 132 224 188 82 71 67 84 80 849 83 1465 364 250 68 1208 60 12528 78 1067 50 200 156 96 58 732 535 78
leaf_count=55 52 86 50 132 224 188 82 71 67 84 80 849 83 1465 364 250 68 1208 60 12528 78 1067 50 200 156 96 58 732 535 78
internal_value=8.0078e-07 3.73506e-05 3.04457e-05 2.56319e-05 5.22689e-05 9.54097e-05 0.000146805 0.000241725 0.000335329 5.97327e-06 9.56021e-05 -7.99588e-06 9.07847e-06 0 3.70409e-05 1.94491e-05 6.72728e-05 -1.05812e-05 4.69006e-06 -1.24859e-05 0 9.63687e-06 0 -1.07073e-05 0 5.85905e-05 4.42441e-05 -1.80043e-05 8.33246e-07 -1.37911e-05
internal_weight=21096 4202 4116 4064 1617 632 408 220 149 2447 164 16894 1967 1884 419 985 200 14927 1364 13563 2283 1145 957 1138 206 156 108 932 785 12606
internal_count=21096 4202 4116 4064 1617 632 408 220 149 2447 164 16894 1967 1884 419 985 200 14927 1364 13563 2283 1145 957 1138 206 156 108 932 785 12606
is_linear=0
shrinkage=0.05


Tree=11
num_leaves=31
num_cat=0
split_feature=84 128 29 137 90 65 117 131 124 80 23 6 131 131 50 75 73 92 137 141 89 64 101 1 131 103 75 106 42 2
split_gain=0.00255866 0.00163363 0.00257151 0.00397661 0.000741486 0.000921595 0.000532514 0.000881426 0.000442249 0.000330574 0.00064496 0.00072953 0.000273338 0.00179452 0.000292534 0.00130562 0.000171721 0.000187118 0.000163259 0.000229584 0.000322823 0.000311754 0.000102475 7.83776e-05 6.79679e-05 8.67998e-05 0.000117908 7.52644e-05 6.85948e-05 4.67359e-05
threshold=5.6500000000000012 9.5496300637758775 28.850000000000005 0.62000000000000011 19.09489795918368 37.250000000000007 0.15000000000000005 47.941443957701061 0.37940952255126048 29.737500000000008 19.625000000000004 0.00037361111111111118 33.15434016127945 32.789184554052362 1017.6500000000002 10.350000000000003 35.650000000000013 7.8500000000000014 0.75500000000000012 33.340000000000011 40.850000000000001 396.00000000000011 -5.284839199999964 0.14340941100000001 34.954889260841185 1697.9000000000003 16.350000000000005 25.850000000000005 0.81500000000000006 0.00026399350000000003
decision_type=2 2 2 2 2 2 10 2 2 2 2 2 2 2 2 2 2 2 2 2 2 2 2 2 2 2 2 2 2 2
left_child=12 2 3 -2 -4 24 7 -7 -5 -3 11 -11 13 14 15 -1 22 -18 -12 -20 -21 -22 23 -14 -6 26 -26 -28 -29 -19
right_child=1 9 4 8 5 6 -8 -9 -10 10 18 -13 16 -15 -16 -17 17 29 19 20 21 -23 -24 -25 25 -27 27 28 -30 -31
leaf_value=0.00026001200336005632 0.00051942534724538057 -5.8635020778826165e-06 0.00019747667713350633 0.00012749323456259646 -1.4554016333839605e-05 0.00032663944849759235 0 1.872626630731213e-05 0 0 0 0.0002196584291509087 -3.5478779721897243e-07 0.00023485882888226551 -1.1952685000332669e-05 0 0 0 0 0 0.00016584080971851484 0 -1.3092177406867143e-05 4.2387132077546497e-05 0 0 0 0.00013704732347676719 0 8.1057813361547486e-05
leaf_weight=55 84 1068 83 91 393 60 71 106 67 105 762 91 849 83 1465 364 1212 60 512 146 101 75 12606 108 73 113 96 50 55 92
leaf_count=55 84 1068 83 91 393 60 71 106 67 105 762 91 849 83 1465 364 1212 60 512 146 101 75 12606 108 73 113 96 50 55 92
internal_value=8.81382e-07 3.60015e-05 8.22331e-05 0.000234665 4.3974e-05 2.6353e-05 0.000112477 0.00016125 4.95129e-05 1.25394e-05 2.62929e-05 0.000115217 -7.55962e-06 8.64366e-06 0 3.52505e-05 -1.00302e-05 4.39854e-06 1.21763e-05 2.77914e-05 6.14298e-05 0.000106986 -1.18501e-05 0 0 1.49279e-05 3.3219e-05 5.44201e-05 8.61325e-05 5.68339e-05
internal_weight=21096 4202 1342 242 1100 1017 237 166 158 2860 1792 196 16894 1967 1884 419 14927 1364 1596 834 322 176 13563 957 780 387 274 201 105 152
internal_count=21096 4202 1342 242 1100 1017 237 166 158 2860 1792 196 16894 1967 1884 419 14927 1364 1596 834 322 176 13563 957 780 387 274 201 105 152
is_linear=0
shrinkage=0.05


Tree=12
num_leaves=31
num_cat=0
split_feature=84 13 105 80 120 49 29 89 23 14 102 137 4 77 133 50 108 33 110 112 104 100 112 49 43 3 103 135 50 103
split_gain=0.00234187 0.00196872 0.00125324 0.000562396 0.000572689 0.000988477 0.000646396 0.000490308 0.000456926 0.00122465 0.00135151 0.000333282 0.000410194 0.000736397 0.000262659 0.000576172 0.000253598 0.00423102 0.000233645 0.000194276 0.000267778 0.000114563 0.000113803 0.000120027 0.000161331 7.51522e-05 7.75852e-05 7.42787e-05 6.35276e-05 3.37085e-05
threshold=5.6500000000000012 0.0039296913055555565 2.5000000000000004 25.462500000000006 274.59349355000006 958.05000000000007 31.750000000000004 38.650000000000013 21.969444444444445 0.0028837585000000003 0.70000000000000207 0.97500000000000009 0.0082810900000000031 288.53919045000004 88.200000000000003 1020.85 265.29655310000004 0.62842398229205787 30.850000000000005 280.38652970000004 4.7500000000000009 5.3500000000000236 283.56656775000005 968.75000000000011 0.34850000000000003 0.09041131550000002 2240.8000000000006 1.0950000000000004 1009.7500000000001 1371.7000000000005
decision_type=2 2 2 2 10 2 2 2 2 2 2 2 2 2 2 2 2 2 2 2 2 2 2 2 2 2 2 2 2 2
left_child=14 2 -2 -4 7 -6 -7 27 9 -9 -11 29 22 -14 16 -16 17 -1 21 -20 -21 28 -13 24 -24 -23 -27 -5 -18 -10
right_child=1 -3 3 4 5 6 -8 8 11 10 -12 12 13 -15 15 -17 18 -19 19 20 -22 25 23 -25 -26 26 -28 -29 -30 -31
leaf_value=-6.1676435363195106e-06 0.00027895174795889517 0.00027669663941008461 -1.4468729247401002e-05 5.5887888064085094e-05 0 0.00032869002412861358 0 0 1.8518146263043497e-05 0.00035462334547306599 0 0 0.00023610319698215066 0 0.00018330565129352701 0 0 0.00045539805403957596 0 5.4835331915951837e-06 0.00014617904047319261 -6.6729109913715856e-06 0 0 0.00012090712078936001 2.9754375770610724e-05 0 -1.062327842220792e-06 -1.4606411555157635e-05 -3.4285683157659397e-06
leaf_weight=770 52 86 633 58 79 64 52 189 225 77 68 232 78 56 55 110 786 51 900 351 57 1874 96 241 90 336 296 1251 11308 575
leaf_count=770 52 86 633 58 79 64 52 189 225 77 68 232 78 56 55 110 786 51 900 351 57 1874 96 241 90 336 296 1251 11308 575
internal_value=9.1031e-07 3.45166e-05 2.8176e-05 2.36695e-05 3.21648e-05 0.000122375 0.000214962 2.5148e-05 4.12016e-05 0.000100279 0.000209865 2.56231e-05 4.86562e-05 0.000137782 -7.1541e-06 5.15556e-05 -8.03508e-06 1.69409e-05 -9.63934e-06 8.51051e-06 3.76738e-05 -1.16083e-05 2.27764e-05 3.82714e-05 7.0406e-05 0 1.28419e-05 0 -1.36511e-05 0
internal_weight=21096 4202 4116 4064 3431 195 116 3236 1927 334 145 1593 793 134 16894 165 16729 821 15908 1308 408 14600 659 427 186 2506 632 1309 12094 800
internal_count=21096 4202 4116 4064 3431 195 116 3236 1927 334 145 1593 793 134 16894 165 16729 821 15908 1308 408 14600 659 427 186 2506 632 1309 12094 800
is_linear=0
shrinkage=0.05


Tree=13
num_leaves=31
num_cat=0
split_feature=84 13 67 75 43 138 24 15 116 120 89 67 131 131 50 75 43 67 126 113 49 94 29 50 28 114 104 136 19 110
split_gain=0.00215513 0.00176572 0.00118679 0.000654009 0.000600356 0.00109358 0.00114155 0.000605947 0.000569912 0.000456385 0.000374759 0.000246549 0.000236953 0.00161729 0.000256231 0.00116461 0.000196462 0.000456297 0.000155906 0.000153421 0.000149315 0.000148353 9.77114e-05 9.26009e-05 0.00010652 0.000122312 0.000134527 0.000226684 0.000366188 8.17845e-05
threshold=5.6500000000000012 0.0039296913055555565 5.0500000000000007 19.050000000000004 0.33950000000000008 4.7650000000000015 52.95000000000001 0.0010604166666666668 271.48624230000001 275.00617885000003 35.750000000000007 15.350000000000003 33.15434016127945 32.789184554052362 1017.6500000000002 10.350000000000003 0.27350000000000008 24.050000000000004 68.500000000000014 0.95000000000000007 980.25000000000011 3.5000000000000004 29.750000000000004 1004.6500000000002 20.850000000000005 29.550000000000004 0.25000000000000006 0.26500000000000007 -0.0010571428571428583 25.550000000000004
decision_type=2 2 2 2 2 2 2 2 10 10 2 2 2 2 2 2 2 2 2 2 2 2 2 2 2 10 2 2 2 2
left_child=12 2 -2 9 16 6 7 -6 -7 19 -11 -10 13 14 15 -1 17 -5 20 29 23 22 -21 -14 -25 26 -26 28 -28 -4
right_child=1 -3 3 4 5 8 -8 -9 11 10 -12 -13 18 -15 -16 -17 -18 -19 -20 21 -22 -23 -24 24 25 -27 27 -29 -30 -31
leaf_value=0.00024530190794913717 0.00025829275658537175 0.00026302083079460958 -2.1077880298749153e-05 0 0.00041600518352172988 0 0 7.5852388390085723e-05 0.00018183029316659629 0.0001595995911273086 0 0 -1.6131118626484439e-06 0.00022300525353611671 -1.1154445484825751e-05 0 0 0.00018230626826519719 -1.3125233772074175e-05 0.00012973693151332769 -9.7848784077292228e-06 0 0 0 0 0 0 1.217487680937687e-05 0.00018337629870305289 0
leaf_weight=55 58 86 775 144 64 289 72 76 70 82 82 67 1024 83 1465 364 782 56 9355 50 2967 413 51 372 228 396 82 425 78 985
leaf_count=55 58 86 775 144 64 289 72 76 70 82 82 67 1024 83 1465 364 782 56 9355 50 2967 413 51 372 228 396 82 425 78 985
internal_value=9.52903e-07 3.31975e-05 2.71183e-05 2.25195e-05 4.74985e-05 8.75283e-05 0.000185422 0.000268659 2.67816e-05 3.85888e-06 8.44692e-05 0.000111999 -6.77274e-06 8.25816e-06 0 3.30286e-05 1.63423e-05 6.12346e-05 -9.0888e-06 0 -1.41358e-06 2.17333e-05 7.75948e-05 6.20248e-06 1.44229e-05 2.21824e-05 3.3273e-05 4.59538e-05 0.00010399 -8.92577e-06
internal_weight=21096 4202 4116 4058 1620 638 212 140 426 2438 164 137 16894 1967 1884 419 982 200 14927 2274 5572 514 101 2605 1581 1209 813 585 160 1760
internal_count=21096 4202 4116 4058 1620 638 212 140 426 2438 164 137 16894 1967 1884 419 982 200 14927 2274 5572 514 101 2605 1581 1209 813 585 160 1760
is_linear=0
shrinkage=0.05


Tree=14
num_leaves=31
num_cat=0
split_feature=155 14 105 75 43 138 24 102 116 96 113 4 133 50 55 36 92 110 112 104 115 43 107 73 50 133 96 135 0 91
split_gain=0.00199064 0.0015831 0.00110086 0.000576277 0.000538191 0.000995579 0.00105703 0.0010709 0.000535535 0.000473366 0.000418385 0.000555863 0.000226371 0.000505756 0.000228826 0.0042959 0.000208425 0.000198708 0.000182166 0.000225445 0.000179438 0.000165052 0.00038751 8.76776e-05 8.60261e-05 9.41099e-05 0.000177967 7.05211e-05 5.54026e-05 4.99252e-05
threshold=0.22600000000000006 0.061309237500000009 2.5000000000000004 19.050000000000004 0.33950000000000008 4.7650000000000015 52.95000000000001 0.4000000000000013 271.48624230000001 32.13750000000001 1.0000000180025095e-35 0.00026024300000000006 88.200000000000003 1020.85 -8.151067799999991 262.91787170000003 18.050000000000008 30.850000000000005 280.38652970000004 4.7500000000000009 10.450000000000001 0.27350000000000008 21.950000000000003 31.150000000000002 1016.85 80.390000000000015 26.837500000000006 29.325000000000006 0.13935000000000003 19.850000000000005
decision_type=2 2 2 2 2 2 2 2 10 2 2 2 2 2 2 2 2 2 2 2 10 2 2 2 2 2 2 2 2 2
left_child=12 2 -2 9 21 6 7 -6 -7 10 -4 20 14 -14 15 -1 -10 24 -19 -20 -12 22 -5 -11 25 -16 -27 -25 -26 -30
right_child=1 -3 3 4 5 8 -8 -9 16 23 11 -13 13 -15 17 -17 -18 18 19 -21 -22 -23 -24 27 28 26 -28 -29 29 -31
leaf_value=-1.0047598813662041e-05 0.0002617453039131778 0.00025403472371614218 0 0 0.00043959995378171419 0 0 5.0569867634731527e-05 0.00016023604185773873 -1.6501378687418391e-05 0.00023841031501989265 0 0.00017141702890902317 0 -4.5094779202343615e-06 0.00045397634519467144 0 0 5.326501071827103e-06 0.00013717864227836453 0 0 0.00015629236425289194 0 -1.3378467366968776e-05 0.00010860302224689392 0 2.5190229745797566e-05 -6.4238766578674938e-06 2.3941044162489272e-05
leaf_weight=618 52 83 145 148 60 289 72 76 82 850 71 119 55 110 2823 52 53 904 351 57 50 786 66 921 11019 52 91 287 579 175
leaf_count=618 52 83 145 148 60 289 72 76 82 850 71 119 55 110 2823 52 53 904 351 57 50 786 66 921 11019 52 91 287 579 175
internal_value=1.00544e-06 3.19636e-05 2.62257e-05 2.19302e-05 4.53414e-05 8.38211e-05 0.00017858 0.000260653 2.52598e-05 4.23278e-06 5.59475e-05 9.67134e-05 -6.41837e-06 4.79145e-05 -7.25636e-06 1.91375e-05 0.000108804 -8.6707e-06 7.92201e-06 3.62623e-05 0.000172822 1.59677e-05 5.57342e-05 -3.03585e-06 -1.04874e-05 -8.90056e-07 3.53748e-05 2.30923e-06 -1.24803e-05 0
internal_weight=21096 4210 4127 4075 1632 632 208 136 424 2443 385 240 16886 165 16721 670 135 16051 1312 408 121 1000 214 2058 14739 2966 143 1208 11773 754
internal_count=21096 4210 4127 4075 1632 632 208 136 424 2443 385 240 16886 165 16721 670 135 16051 1312 408 121 1000 214 2058 14739 2966 143 1208 11773 754
is_linear=0
shrinkage=0.05


Tree=15
num_leaves=31
num_cat=0
split_feature=76 83 110 33 43 24 34 30 83 131 73 138 69 141 93 2 33 29 122 108 77 110 116 133 100 7 49 141 66 28
split_gain=0.00202113 0.00387137 0.00142397 0.00143829 0.00161785 0.00294128 0.000415292 0.0003675 0.000538978 0.000274303 0.000291619 0.000287719 0.000299656 0.000330404 0.000259124 0.000505614 0.00404494 0.000243015 0.000459677 0.00024173 0.000322229 0.000481517 0.000144062 0.000522145 0.000117396 0.000116849 4.61014e-05 8.75577e-05 9.58526e-05 3.9523e-05
threshold=6.3500000000000023 14.15 32.850000000000001 0.16744520214134642 0.37550000000000006 46.45000000000001 -0.92035871000212344 -1.3571428571428565 25.850000000000005 36.194106249939516 37.45000000000001 8.8150000000000031 280.78789870000008 29.160000000000004 267.10446310000003 0.0059917800000000012 0.48399557022095202 29.950000000000006 18.500000000000004 290.25208310000005 287.6040010000001 25.350000000000005 263.92378905000004 84.075000000000017 5.2500000000000009 0.079400000000000012 983.05000000000007 37.125000000000007 25.775000000000002 7.0500000000000007
decision_type=2 2 2 2 2 2 2 2 2 2 2 2 2 2 2 2 2 2 2 2 2 2 10 2 2 2 2 2 2 2
left_child=2 -2 14 -4 9 -6 7 8 17 -5 -11 12 -12 -14 15 19 -17 18 -3 22 21 -21 23 -1 -16 -26 27 28 -27 -24
right_child=1 6 3 4 5 -7 -8 -9 -10 10 11 -13 13 -15 24 16 -18 -19 -20 20 -22 -23 29 -25 25 26 -28 -29 -30 -31
leaf_value=0 0.00044574853843324963 0.00015954935427653255 0 0 0.00056732261628020947 2.3261324415939906e-05 0 0 0.00023411078026023066 0 0 0 0 0.0002261171252862647 -1.3860643205436938e-05 0 0.00046193555927668477 0 0 0.00021149928656629728 0 0 0 0.00016861329416245169 -6.1891518042524108e-06 0.00010834839464556532 0 0 0 -9.7680969904309306e-06
leaf_weight=190 65 99 1085 102 50 92 428 161 72 127 120 98 68 97 9741 375 52 217 61 53 399 64 277 51 845 70 102 95 50 5775
leaf_count=190 65 99 1085 102 50 92 428 161 72 127 120 98 68 97 9741 375 52 217 61 53 399 64 277 51 845 70 102 95 50 5775
internal_value=7.22208e-07 6.67616e-05 -2.67677e-06 3.88193e-05 9.18427e-05 0.000252425 3.78108e-05 6.42678e-05 8.7463e-05 4.60758e-05 6.23597e-05 8.41036e-05 0.0001096 0.000158772 -7.16135e-06 0 5.28846e-05 4.56832e-05 9.31307e-05 -3.13699e-06 2.80288e-05 0.000101336 -6.4909e-06 2.67387e-05 -1.20303e-05 0 2.85783e-05 4.1665e-05 7.00569e-05 -8.64439e-06
internal_weight=21081 1103 19978 1839 754 142 1038 610 449 612 510 383 285 165 18139 7236 427 377 160 6809 516 117 6293 241 10903 1162 317 215 120 6052
internal_count=21081 1103 19978 1839 754 142 1038 610 449 612 510 383 285 165 18139 7236 427 377 160 6809 516 117 6293 241 10903 1162 317 215 120 6052
is_linear=0
shrinkage=0.05


Tree=16
num_leaves=31
num_cat=0
split_feature=76 83 110 65 101 142 21 81 67 23 124 124 93 65 160 133 122 28 62 113 14 126 7 82 112 112 110 111 135 11
split_gain=0.00184955 0.00348026 0.0013131 0.00135831 0.000618265 0.000455759 0.00112731 0.00062301 0.000331447 0.000253923 0.000500185 0.00079537 0.000238239 0.000589007 0.00394448 0.00021565 0.000551825 0.000719291 0.000203914 0.000162501 0.000139811 0.000106497 0.000128525 0.000159348 8.17032e-05 6.20426e-05 4.20541e-05 3.93445e-05 4.78405e-05 3.68487e-05
threshold=6.3500000000000023 14.15 32.850000000000001 15.450000000000001 0.34881254999999106 193.38585785282802 0.47916666666666669 41.45000000000001 23.450000000000003 18.846527777777784 1.0000000180025095e-35 -0.70710678118654757 266.40703705000004 7.9500000000000011 0.0082482993197278941 79.980000000000004 6.5000000000000009 26.850000000000005 35.45000000000001 0.8500000000000002 0.018475221000000003 9.5000000000000018 0.079400000000000012 12.931625000000002 293.90915270000005 292.14226130000003 28.850000000000005 14.850000000000003 48.20000000000001 0.0028240980833333334
decision_type=2 2 2 2 2 2 2 2 2 2 2 2 2 2 2 2 2 2 2 2 2 2 2 2 2 2 2 2 2 2
left_child=2 -2 12 -4 -5 24 -7 -8 9 10 11 -3 13 14 -1 19 17 -17 -9 25 -21 22 -14 -24 -6 -15 -23 -27 -29 -11
right_child=1 8 3 4 5 6 7 18 -10 29 -12 -13 21 15 -16 16 -18 -19 -20 20 -22 26 23 -25 -26 27 -28 28 -30 -31
leaf_value=0 0.00042379878827363655 0 0.00026894040788261701 0 0 4.4054954941324069e-06 0 0.00032392307364776816 0.00016118631556757745 0 0 0.00028979563153580577 -5.243109634456526e-06 -9.9706996791442543e-06 0.0004707600061138853 0.00019348982856287256 0 0 2.7666982067836763e-05 0 8.5610398067752591e-05 -1.3448590274136113e-05 0.00011526262204195238 0 3.2079928269317792e-05 0 0 6.4655585803328518e-05 0 2.6136937078793178e-05
leaf_weight=230 65 59 65 854 234 276 68 82 64 646 68 51 1048 5252 50 94 346 81 52 190 76 9929 51 216 208 63 392 55 66 150
leaf_count=230 65 59 65 854 234 276 68 82 64 646 68 51 1048 5252 50 94 346 81 52 190 76 9929 51 216 208 63 392 55 66 150
internal_value=7.96154e-07 6.39707e-05 -2.44452e-06 3.73943e-05 2.59468e-05 5.45503e-05 8.98761e-05 0.00018143 3.62395e-05 2.27444e-05 7.93884e-05 0.000146386 -6.76101e-06 1.70908e-07 7.16149e-05 -2.25132e-06 2.69401e-05 9.99549e-05 0.000247052 -5.79956e-06 2.83647e-05 -1.10644e-05 0 3.30352e-05 4.94401e-06 -8.39586e-06 -1.27988e-05 9.33949e-06 3.06351e-05 3.72052e-06
internal_weight=21081 1103 19978 1839 1774 920 478 202 1038 974 178 110 18139 6503 280 6223 521 175 134 5702 266 11636 1315 267 442 5436 10321 184 121 796
internal_count=21081 1103 19978 1839 1774 920 478 202 1038 974 178 110 18139 6503 280 6223 521 175 134 5702 266 11636 1315 267 442 5436 10321 184 121 796
is_linear=0
shrinkage=0.05


Tree=17
num_leaves=31
num_cat=0
split_feature=76 83 110 33 43 134 85 118 92 135 73 26 133 93 137 103 28 122 44 42 126 7 1 132 118 30 137 21 21 59
split_gain=0.00169939 0.00312537 0.00120717 0.00125836 0.0014353 0.00263347 0.000372654 0.000631496 0.00129456 0.000242576 0.000268358 0.000298248 0.000335352 0.000216752 0.000466955 0.00204516 0.000302312 0.000608172 0.000766518 0.000223359 0.000103753 0.000119762 9.92809e-05 0.000219529 0.000341613 6.67491e-05 6.73456e-05 4.02046e-05 4.73907e-05 0.000107833
threshold=6.3500000000000023 14.15 32.850000000000001 0.18860421615367551 0.37550000000000006 7.2800000000000002 268.8653619000001 8.1500000000000004 12.150000000000004 9.8850000000000016 37.45000000000001 8.5000000000000018 23.815000000000001 267.10446310000003 0.055000000000000007 2883.8500000000004 24.800000000000001 6.5000000000000009 1037.5000000000002 0.62500000000000011 9.5000000000000018 0.079400000000000012 0.00074112850000000014 3.5000000000000004 13.450000000000001 -2.672857142857143 0.63500000000000012 0.50694444444444453 0.31250000000000006 11.190600000000002
decision_type=2 2 2 2 2 2 2 10 2 2 2 2 2 2 2 2 2 2 2 2 2 2 2 2 10 2 2 2 2 2
left_child=2 -2 13 -4 9 -6 27 -8 -9 -5 -11 12 -12 14 15 16 17 18 -1 -16 21 -15 23 -21 -25 -23 -27 28 -3 -30
right_child=1 6 3 4 5 -7 7 8 -10 10 11 -13 -14 20 19 -17 -18 -19 -20 22 -22 25 -24 24 -26 26 -28 -29 29 -31
leaf_value=0 0.00040292990561173421 0 0 0 0.00052121055058806736 9.7439093377842131e-06 0 0.00035598497884612622 1.3150431312029606e-05 0 0 1.0054419254096964e-05 0.00021306358522526676 -4.9812040791561987e-06 -9.0434932481477869e-06 0.00027503839863777559 -2.7744213495093517e-06 0 0.00028018538918264251 0 -1.2683178677021316e-05 0 0 0 0.00015457764414844144 8.8333127581650983e-05 0 0 5.3082661049642682e-05 0
leaf_weight=57 65 112 1111 134 53 89 174 54 129 118 58 192 84 1048 5493 79 855 176 53 83 9588 76 291 69 80 77 114 311 178 80
leaf_count=57 65 112 1111 134 53 89 174 54 129 118 58 192 84 1048 5493 79 855 176 53 83 9588 76 291 69 80 77 114 311 178 80
internal_value=8.52581e-07 6.14089e-05 -2.24342e-06 3.59441e-05 8.7042e-05 0.000237918 3.48432e-05 7.79848e-05 0.000142874 4.16206e-05 5.98616e-05 8.27544e-05 0.00014533 -6.39241e-06 0 2.85047e-05 6.83113e-06 5.28782e-05 0.000144662 -5.39768e-06 -1.08478e-05 0 2.3296e-05 4.78095e-05 8.49079e-05 3.19384e-05 4.7885e-05 4.81456e-06 1.77068e-05 3.0109e-05
internal_weight=21081 1103 19978 1839 728 142 1038 357 183 586 452 334 142 18139 7236 1220 1141 286 110 6016 10903 1315 523 232 149 267 191 681 370 258
internal_count=21081 1103 19978 1839 728 142 1038 357 183 586 452 334 142 18139 7236 1220 1141 286 110 6016 10903 1315 523 232 149 267 191 681 370 258
is_linear=0
shrinkage=0.05


Tree=18
num_leaves=31
num_cat=0
split_feature=155 120 140 110 29 42 93 131 90 43 24 55 43 131 28 100 140 96 131 155 94 36 78 3 116 23 76 126 4 19
split_gain=0.00155883 0.00165609 0.0023859 0.000914572 0.001439 0.000353256 0.000928143 0.00103256 0.000234779 0.00036951 0.000213955 0.000191354 0.00407165 0.000142289 0.000140038 0.000137926 0.000265766 0.000583569 0.000115746 0.000122252 0.000149464 5.86739e-05 4.06713e-05 3.97031e-05 4.29215e-05 9.57978e-05 3.73271e-05 3.61864e-05 8.06581e-05 0.000100328
threshold=0.3020000000000001 274.59349355000006 70.200000000000017 36.550000000000004 26.350000000000005 0.54500000000000015 264.33531805000007 70.346590529756341 30.647959183673475 0.37550000000000006 35.300000000000004 -8.151067799999991 0.31150000000000005 44.642316367144637 26.400000000000002 4.3500000000000236 75.820000000000007 24.587500000000006 341.30056546473668 0.43600000000000011 27.500000000000004 266.38789255 3.5000000000000004 0.13177609650000002 276.31385930000005 26.194444444444446 7.450000000000002 31.500000000000004 0.0016345230000000004 -0.0028999999999999985
decision_type=2 10 2 2 2 2 2 2 2 2 2 2 2 2 2 2 2 2 2 2 2 2 2 2 10 2 2 2 2 2
left_child=8 3 14 5 -5 26 7 -7 11 27 -8 12 -1 -6 -3 22 21 -18 19 20 -15 -17 -13 -23 -25 -26 -2 -10 -29 -30
right_child=1 2 -4 4 13 6 10 -9 9 -11 -12 15 -14 18 -16 16 17 -19 -20 -21 -22 23 -24 24 25 -27 -28 28 29 -31
leaf_value=0.00044547739305506604 -1.050762316588011e-05 8.6916958382296855e-05 0.00048322692978699177 0.00032310507453364571 0 0.00024841385135156694 8.0975299096381712e-05 0 0 0.00012098303130957955 0 -1.15408887446939e-05 -1.0343341571882868e-05 0.00014853206338158817 0 -8.6016477446632856e-06 0.0001950087934250901 0 0 0 0 0 0 0 0 8.0341013904639371e-05 0 0 0 7.373776304957573e-05
leaf_weight=51 1145 61 50 62 75 95 89 88 416 84 1048 10631 618 88 75 2333 54 114 76 127 52 1681 972 79 145 69 403 151 50 99
leaf_count=51 1145 61 50 62 75 95 89 88 416 84 1048 10631 618 88 75 2333 54 114 76 127 52 1681 972 79 145 69 403 151 50 99
internal_value=8.95867e-07 3.13852e-05 0.000180054 2.15815e-05 8.67358e-05 8.90781e-06 2.8561e-05 0.000134784 -4.96125e-06 2.00236e-05 6.96726e-06 -6.45443e-06 1.75557e-05 3.90556e-05 2.9384e-05 -7.76548e-06 0 6.11836e-05 5.37771e-05 6.92229e-05 0.000106186 -2.71587e-06 -1.0643e-05 1.7095e-06 1.89009e-05 3.1426e-05 -4.63045e-06 1.05345e-06 1.74125e-05 4.41895e-05
internal_weight=21081 3534 186 3348 480 2868 1320 183 17547 800 1137 16747 669 418 136 16078 4475 168 343 267 140 4307 11603 1974 293 214 1548 716 300 149
internal_count=21081 3534 186 3348 480 2868 1320 183 17547 800 1137 16747 669 418 136 16078 4475 168 343 267 140 4307 11603 1974 293 214 1548 716 300 149
is_linear=0
shrinkage=0.05


Tree=19
num_leaves=31
num_cat=0
split_feature=76 83 112 43 116 2 34 30 83 2 67 103 93 66 22 135 124 124 65 74 32 140 69 94 73 64 74 94 101 80
split_gain=0.00145384 0.00268714 0.00094581 0.000919449 0.0022655 0.00270112 0.000361922 0.000312547 0.00043535 0.000304632 0.00247778 0.000238682 0.000269572 0.000336877 0.000368711 0.000217239 0.000184438 0.000405389 0.00016411 0.000135328 0.000129628 0.000346903 0.000141704 0.000708123 0.000124224 0.000245269 4.66143e-05 9.26921e-05 6.39499e-05 3.85586e-05
threshold=6.3500000000000023 14.15 292.40472130000006 0.34850000000000003 272.77209250000004 1.0995000000000001e-05 -0.92035871000212344 -1.3571428571428565 25.850000000000005 0.0031384280000000004 2.5500000000000003 2061.2000000000003 266.98928860000007 32.775000000000006 2.5000000000000004 38.63000000000001 -0.78656609248549325 1.0000000180025095e-35 21.150000000000002 27.021428571428576 7.1500000000000012 68.935000000000016 290.13182905000002 7.5000000000000009 45.050000000000004 472.80000000000001 33.321428571428584 25.500000000000004 -4.1925056000000032 26.762500000000006
decision_type=2 2 2 2 10 2 2 2 2 2 2 2 2 2 2 2 2 2 2 2 2 2 2 2 2 2 2 2 2 2
left_child=2 -2 9 24 -5 -6 7 8 15 18 -11 12 13 14 -12 16 -3 -18 -1 -16 21 -20 26 -24 -4 -26 28 -28 29 -22
right_child=1 6 3 4 5 -7 -8 -9 -10 10 11 -13 -14 -15 19 -17 17 -19 20 -21 22 -23 23 -25 25 -27 27 -29 -30 -31
leaf_value=-1.1424322788234439e-05 0.00037412594495628694 0 0 0 0.00055933305824681782 0 0 0 0.00021132617641810209 0.00033879948738582536 0 -1.1663604849382766e-05 0 0 0 0 0.00018838596323741066 0 0 0.00023814891745068805 1.8484936224313933e-05 0.00013977463840570111 0.00014627496709093273 0 8.0954051175789624e-05 0 0 5.8201904442414944e-05 -9.7710989132640864e-06 -6.3851169498313978e-07
leaf_weight=9655 65 59 615 139 52 52 428 161 72 56 70 1030 382 103 51 122 72 124 118 56 280 58 92 531 160 122 658 69 4696 933
leaf_count=9655 65 59 615 139 52 52 428 161 72 56 70 1030 382 103 51 122 72 124 118 56 280 58 92 531 160 122 658 69 4696 933
internal_value=9.23269e-07 5.69355e-05 -1.92164e-06 4.18404e-05 0.000130646 0.000305948 3.19196e-05 5.66871e-05 7.80992e-05 -4.83743e-06 1.41133e-05 2.20032e-07 2.62409e-05 6.3427e-05 0.000105273 3.89361e-05 6.603e-05 8.94781e-05 -7.06901e-06 0.000163708 -7.4007e-07 4.01567e-05 -2.42574e-06 1.87577e-05 1.2096e-05 3.95178e-05 -5.17036e-06 2.72151e-06 -6.98764e-06 0
internal_weight=21081 1103 19978 1140 243 104 1038 610 449 18838 1748 1692 662 280 177 377 255 196 17090 107 7435 176 7259 623 897 282 6636 727 5909 1213
internal_count=21081 1103 19978 1140 243 104 1038 610 449 18838 1748 1692 662 280 177 377 255 196 17090 107 7435 176 7259 623 897 282 6636 727 5909 1213
is_linear=0
shrinkage=0.05


Tree=20
num_leaves=31
num_cat=0
split_feature=133 63 110 29 138 113 116 63 44 94 81 14 84 28 137 55 96 84 133 98 28 115 100 11 103 49 141 83 43 76
split_gain=0.00202582 0.00547266 0.00148331 0.00279056 0.00440682 0.000660973 0.000381777 0.000291802 0.000291756 0.00052355 0.00062442 0.000213113 0.000283421 0.000393434 0.000174841 0.00108108 0.00318583 0.00022407 0.000645793 0.000125997 0.000115444 0.000395097 0.000106227 0.000102939 9.67703e-05 0.000146404 0.000105201 0.000151224 7.79232e-05 0.000190467
threshold=88.200000000000003 15.874900000000002 32.850000000000001 26.350000000000005 4.6100000000000003 0.8500000000000002 272.77209250000004 7.5607500000000014 1112.5000000000002 29.500000000000004 41.45000000000001 0.018475221000000003 15.550000000000002 29.700000000000003 0.055000000000000007 -8.151067799999991 16.837500000000006 1.0500000000000005 85.89500000000001 1.7999999999999983 20.850000000000005 11.250000000000002 2.1499999999999777 0.0029984518125000005 2001.0000000000002 982.6500000000002 37.125000000000007 27.850000000000005 0.25850000000000006 4.5500000000000016
decision_type=2 2 2 2 2 2 10 2 2 2 2 2 2 2 2 2 2 2 2 2 2 8 2 2 2 2 2 2 2 2
left_child=2 22 5 4 -4 14 28 -8 9 10 -9 20 13 -13 15 16 -1 -17 -19 -6 21 -7 -2 -16 25 26 27 -25 29 -5
right_child=1 -3 3 6 19 11 7 8 -10 -11 -12 12 -14 -15 23 17 -18 18 -20 -21 -22 -23 -24 24 -26 -27 -28 -29 -30 -31
leaf_value=0 -8.7893505816538919e-06 0.00060809509828972045 0.00062849249865813857 0 7.9439853181776756e-05 0.00013802783377847333 0 0 0 0 0.00024323846392060381 0.00023834795485405875 0 0 -9.7789251285624902e-06 -1.0814865819462148e-05 0.00045867012977610376 0 0.00016937876410178006 0 0 0 6.9571209845340691e-05 7.9420062300995372e-05 -5.426296036037602e-06 0 0 0 0 0.00011502398588288321
leaf_weight=87 116 50 51 67 54 72 260 58 113 118 103 59 61 58 13047 1921 50 531 67 58 300 157 52 190 1502 328 216 55 1227 50
leaf_count=87 116 50 51 67 54 72 260 58 113 118 103 59 61 58 13047 1921 50 531 67 58 300 157 52 190 1502 328 216 55 1227 50
internal_value=2.37346e-06 0.000153752 5.44479e-07 3.99796e-05 0.000241378 -3.74278e-06 2.09163e-05 5.28562e-05 8.06122e-05 0.000108286 0.000168364 4.28189e-05 9.79239e-05 0.000143356 -5.85237e-06 4.8707e-06 0.000141542 -6.31502e-07 2.36975e-05 1.68532e-05 1.46932e-05 4.18606e-05 0 -8.03538e-06 0 1.58182e-05 3.49297e-05 5.79698e-05 1.67645e-06 4.10238e-05
internal_weight=21078 218 20860 2159 163 18701 1996 652 392 279 161 707 178 117 17994 2656 137 2519 598 112 529 229 168 15338 2291 789 461 245 1344 117
internal_count=21078 218 20860 2159 163 18701 1996 652 392 279 161 707 178 117 17994 2656 137 2519 598 112 529 229 168 15338 2291 789 461 245 1344 117
is_linear=0
shrinkage=0.05


Tree=21
num_leaves=31
num_cat=0
split_feature=76 91 112 62 85 119 92 73 32 93 99 106 74 101 112 49 115 17 97 140 122 7 84 13 7 100 129 49 141 44
split_gain=0.00162033 0.00452513 0.0010615 0.00179663 0.000424859 0.000506143 0.00103625 0.000309337 0.000357257 0.000280668 0.000618429 0.0034432 0.00030036 0.000439671 0.000800598 0.00108378 0.000554541 0.000361866 0.000242084 0.000183894 0.000388839 0.000881338 0.000162947 0.000450717 0.00011698 0.000221287 0.000226887 0.000133219 0.000244967 0.000156906
threshold=6.3500000000000023 14.15 292.67280525000007 12.750000000000002 268.8653619000001 4.2500000000000009 12.150000000000004 42.550000000000004 24.150000000000002 266.23306420000006 0.19999999999998866 8.0500000000000025 26.778571428571436 -0.64085544999997512 287.89080170000005 948.55000000000007 11.550000000000002 0.029500000000000002 5.7500000000000009 75.820000000000007 6.5000000000000009 0.025150000000000002 7.3500000000000023 0.00054737639583333348 0.079400000000000012 3.1999999999999891 3.5000000000000004 984.45000000000016 37.125000000000007 962.50000000000011
decision_type=2 2 2 2 2 10 2 2 2 2 2 2 2 2 2 2 10 2 2 2 2 2 2 2 2 2 2 2 2 2
left_child=2 -2 9 -4 -3 -6 -7 -5 18 10 11 -1 -13 -14 15 -15 -17 -18 22 -12 21 -21 -9 -24 -11 -26 27 28 29 -27
right_child=1 4 3 7 5 6 -8 8 -10 24 19 12 13 14 -16 16 17 -19 -20 20 -22 -23 23 -25 25 26 -28 -29 -30 -31
leaf_value=0.0004335301147783027 0.00046851092982582159 1.2391878706988478e-07 0.00030553584818145325 0 0 0.00033274988092774229 1.5454383898362387e-05 0 0 -1.1010548287761684e-05 -7.5363606086506143e-06 -7.272791637332862e-06 0 0 0 0.00038145963920910357 0 0.00016388906679353432 0 0 0 0.00024603293992664767 0 0.00024034696435296907 -6.0956305017059801e-06 0.00020869478676798859 0 0 0 0
leaf_weight=51 65 691 66 616 172 52 131 62 121 9560 4978 644 571 157 271 50 61 65 90 62 223 56 50 76 1687 54 204 73 59 60
leaf_count=51 65 691 66 616 172 52 131 62 121 9560 4978 644 571 157 271 50 61 65 90 62 223 56 50 76 1687 54 204 73 59 60
internal_value=2.33311e-06 6.11346e-05 -6.91209e-07 4.71479e-05 3.06207e-05 7.57701e-05 0.000134107 2.51409e-05 5.94878e-05 -3.69652e-06 3.59832e-06 2.87009e-05 1.43713e-05 3.04819e-05 6.01905e-05 0.000112049 0.000197481 8.26752e-05 9.09658e-05 -4.29088e-06 2.83511e-05 0.000102367 0.000124166 0.000161714 -8.60728e-06 0 3.29784e-05 6.54388e-05 8.94029e-05 0.000131981
internal_weight=21078 1111 19967 1081 1046 355 183 1015 399 18886 7189 1870 1819 1175 604 333 176 126 278 5319 341 118 188 126 11697 2137 450 246 173 114
internal_count=21078 1111 19967 1081 1046 355 183 1015 399 18886 7189 1870 1819 1175 604 333 176 126 278 5319 341 118 188 126 11697 2137 450 246 173 114
is_linear=0
shrinkage=0.05


end of trees

feature_importances:
total_tp_next_24h=21
soil_moist_t=19
pct_forest=17
gust_max_next_6h=16
wind_speed_max_next_6h=16
pct_wetland=15
mslma_t=14
wind_speed_max_next_1h=14
last_N_t=13
total_tp_next_48h=13
temp_change_6h=13
gust_at_t6h=13
pop_density=13
gust_last_obs=12
wind_speed_max_next_24h=12
t2m_at_t6h=12
gust_mean_obs=11
sp_t=11
min_t2m_next_48h=11
t2m_at_t24h=11
hours_since_obs=11
R_t_mean_72h=10
cumul_gust_since_onset=10
pct_unmapped=10
tree_canopy_std=10
total_tp_next_6h=9
wind_speed_max_next_48h=9
t2m_at_t48h=9
gust_max_last6h_obs=8
vpd_t=8
gust_mean_next_24h=8
hour_cos=8
pct_agriculture=8
R_t_max_72h=7
gust_max_obs=7
min_t2m_next_6h=7
gust_max_next_24h=7
pressure_change_6h=7
t2m_at_t1h=7
log_customers=7
tree_canopy_pct=7
last_P_t=6
last_R_t=6
N_t_mean_72h=6
pre_event_mean_osi=6
frac_zero_72h=6
hour_of_day=6
osi_max_72h=5
wind_sin_t=5
wind_cos_t=5
temp_c_t=5
soil_gust_x_phase=5
gust_max_next_1h=5
gust_mean_next_6h=5
gust_peak4h_mean_next_6h=5
gust_gt30_next_48h=5
gust_peak4h_mean_next_48h=5
gust_gt30_since_onset=5
osi_trend_last6h=4
hours_since_peak=4
wind_speed_t=4
blh_t=4
tp_at_t6h=4
wind_speed_at_t24h=4
tp_rate_next_24h=4
last_osi=3
osi_mean_72h=3
gust_trend_last6h_obs=3
t2m_t=3
d2m_t=3
gust_mean_next_1h=3
min_t2m_next_1h=3
min_t2m_next_24h=3
gust_max_next_48h=3
gust_mean_next_48h=3
cumul_tp_since_onset=3
gust_at_t1h=3
wind_speed_at_t1h=3
last_D_t=2
gust_gt30_obs=2
gust_gt40_obs=2
soil_moist_x_gust=2
gust_x_hso=2
gust_x_phase=2
gust_exceed30_x_hso=2
gust_gt30_next_6h=2
gust_change_1h=2
pressure_change_3h=2
wind_change_1h=2
wind_speed_at_t6h=2
gust_at_t48h=2
pct_developed=2
pct_forest_classified=2
forest_x_customers=2
tp_rate_next_48h=2
gust_gt30_frac_next_48h=2
osi_std_72h=1
outage_pct_mean_72h=1
N_t_max_72h=1
storm_onset_max_osi=1
storm_onset_mean_osi=1
cumul_gust_obs=1
gust_t=1
mcc_t=1
gust_change_3h=1
gust_at_t24h=1
tp_at_t24h=1
wind_speed_at_t48h=1
rural_urban_code=1
n_utilities=1
pct_water=1

parameters:
[boosting: gbdt]
[objective: huber]
[metric: rmse]
[tree_learner: serial]
[device_type: cpu]
[data_sample_strategy: bagging]
[data: ]
[valid: ]
[num_iterations: 2000]
[learning_rate: 0.05]
[num_leaves: 31]
[num_threads: -1]
[seed: 42]
[deterministic: 0]
[force_col_wise: 0]
[force_row_wise: 0]
[histogram_pool_size: -1]
[max_depth: -1]
[min_data_in_leaf: 50]
[min_sum_hessian_in_leaf: 0.001]
[bagging_fraction: 0.8]
[pos_bagging_fraction: 1]
[neg_bagging_fraction: 1]
[bagging_freq: 5]
[bagging_seed: 42]
[bagging_by_query: 0]
[feature_fraction: 0.8]
[feature_fraction_bynode: 1]
[feature_fraction_seed: 42]
[extra_trees: 0]
[extra_seed: 12879]
[early_stopping_round: 0]
[early_stopping_min_delta: 0]
[first_metric_only: 0]
[max_delta_step: 0]
[lambda_l1: 0.1]
[lambda_l2: 1]
[linear_lambda: 0]
[min_gain_to_split: 0]
[drop_rate: 0.1]
[max_drop: 50]
[skip_drop: 0.5]
[xgboost_dart_mode: 0]
[uniform_drop: 0]
[drop_seed: 42]
[top_rate: 0.2]
[other_rate: 0.1]
[min_data_per_group: 100]
[max_cat_threshold: 32]
[cat_l2: 10]
[cat_smooth: 10]
[max_cat_to_onehot: 4]
[top_k: 20]
[monotone_constraints: ]
[monotone_constraints_method: basic]
[monotone_penalty: 0]
[feature_contri: ]
[forcedsplits_filename: ]
[refit_decay_rate: 0.9]
[cegb_tradeoff: 1]
[cegb_penalty_split: 0]
[cegb_penalty_feature_lazy: ]
[cegb_penalty_feature_coupled: ]
[path_smooth: 0]
[interaction_constraints: ]
[verbosity: -1]
[saved_feature_importance_type: 0]
[use_quantized_grad: 0]
[num_grad_quant_bins: 4]
[quant_train_renew_leaf: 0]
[stochastic_rounding: 1]
[linear_tree: 0]
[max_bin: 255]
[max_bin_by_feature: ]
[min_data_in_bin: 3]
[bin_construct_sample_cnt: 200000]
[data_random_seed: 42]
[is_enable_sparse: 1]
[enable_bundle: 1]
[use_missing: 1]
[zero_as_missing: 0]
[feature_pre_filter: 1]
[pre_partition: 0]
[two_round: 0]
[header: 0]
[label_column: ]
[weight_column: ]
[group_column: ]
[ignore_column: ]
[categorical_feature: ]
[forcedbins_filename: ]
[precise_float_parser: 0]
[parser_config_file: ]
[objective_seed: 16083]
[num_class: 1]
[is_unbalance: 0]
[scale_pos_weight: 1]
[sigmoid: 1]
[boost_from_average: 1]
[reg_sqrt: 0]
[alpha: 0.9]
[fair_c: 1]
[poisson_max_delta_step: 0.7]
[tweedie_variance_power: 1.5]
[lambdarank_truncation_level: 30]
[lambdarank_norm: 1]
[label_gain: ]
[lambdarank_position_bias_regularization: 0]
[eval_at: ]
[multi_error_top_k: 1]
[auc_mu_weights: ]
[num_machines: 1]
[local_listen_port: 12400]
[time_out: 120]
[machine_list_filename: ]
[machines: ]
[gpu_platform_id: -1]
[gpu_device_id: -1]
[gpu_device_id_list: ]
[gpu_use_dp: 0]
[num_gpu: 1]

end of parameters

pandas_categorical:[]
