tree
version=v4
num_class=1
num_tree_per_iteration=1
label_index=0
max_feature_idx=182
objective=regression
feature_names=last_osi last_P_t last_N_t last_D_t last_R_t last_outage_pct osi_mean_72h osi_max_72h osi_std_72h outage_pct_mean_72h outage_pct_max_72h N_t_mean_72h N_t_max_72h R_t_mean_72h R_t_max_72h pre_event_mean_osi pre_event_max_outage_pct storm_onset_max_osi storm_onset_mean_osi osi_trend_last6h is_worsening frac_zero_72h hours_since_peak gust_mean_obs gust_max_obs gust_gt30_obs gust_gt40_obs cumul_gust_obs gust_last_obs gust_max_last6h_obs gust_trend_last6h_obs gust_t wind_speed_t wind_sin_t wind_cos_t t2m_t d2m_t tp_t rain_t csnow_t sdwe_t r2_t vpd_t soil_moist_t blh_t tcc_t lcc_t mcc_t hcc_t sp_t mslma_t sdswrf_t direct_rad_t diffuse_rad_t et0_t temp_c_t dewpoint_c_t icing_risk_t gust_exceed_30 soil_moist_x_gust is_snowing gust_x_hso gust_x_phase soil_gust_x_phase gust_exceed30_x_hso gust_max_next_1h gust_mean_next_1h wind_speed_max_next_1h total_tp_next_1h min_t2m_next_1h gust_gt30_next_1h gust_gt40_next_1h gust_peak4h_mean_next_1h gust_max_next_6h gust_mean_next_6h wind_speed_max_next_6h total_tp_next_6h min_t2m_next_6h gust_gt30_next_6h gust_gt40_next_6h gust_peak4h_mean_next_6h gust_max_next_24h gust_mean_next_24h wind_speed_max_next_24h total_tp_next_24h min_t2m_next_24h gust_gt30_next_24h gust_gt40_next_24h gust_peak4h_mean_next_24h gust_max_next_48h gust_mean_next_48h wind_speed_max_next_48h total_tp_next_48h min_t2m_next_48h gust_gt30_next_48h gust_gt40_next_48h gust_peak4h_mean_next_48h gust_change_1h gust_change_3h pressure_change_3h pressure_change_6h temp_change_6h wind_change_1h cumul_gust_since_onset cumul_tp_since_onset gust_gt30_since_onset gust_at_t1h wind_speed_at_t1h t2m_at_t1h tp_at_t1h gust_at_t6h wind_speed_at_t6h t2m_at_t6h tp_at_t6h gust_at_t24h wind_speed_at_t24h t2m_at_t24h tp_at_t24h gust_at_t48h wind_speed_at_t48h t2m_at_t48h tp_at_t48h hour_of_day hour_sin hour_cos days_since_onset hours_since_obs storm_phase log_customers rural_urban_code is_metro pop_density n_utilities pct_forest pct_developed pct_agriculture pct_water pct_wetland pct_unmapped pct_forest_classified tree_canopy_pct tree_canopy_std forest_x_customers window_len_next_1h is_full_next_1h tp_rate_next_1h gust_gt30_frac_next_1h has_weather_at_t1h window_len_next_6h is_full_next_6h tp_rate_next_6h gust_gt30_frac_next_6h has_weather_at_t6h window_len_next_24h is_full_next_24h tp_rate_next_24h gust_gt30_frac_next_24h has_weather_at_t24h window_len_next_48h is_full_next_48h tp_rate_next_48h gust_gt30_frac_next_48h has_weather_at_t48h nbr8_mean_last_P_t nbr8_max_last_P_t nbr8_mean_last_N_t nbr8_max_last_N_t nbr8_mean_last_D_t nbr8_max_last_D_t nbr8_mean_last_R_t nbr8_max_last_R_t nbr8_mean_osi_trend_last6h nbr8_max_osi_trend_last6h nbr8_mean_gust_t nbr8_max_gust_t nbr8_mean_gust_at_t1h nbr8_max_gust_at_t1h nbr8_mean_gust_max_next_6h nbr8_max_gust_max_next_6h nbr8_mean_gust_mean_next_6h nbr8_max_gust_mean_next_6h self_minus_nbr8_mean_last_P_t self_minus_nbr8_mean_gust_at_t1h
feature_infos=[0:0.55230000000000001] [0:0.82424180700000005] [0:0.065400654000000003] [0:0.90465771100000003] [0:0.058582058999999999] [0:82.420000000000002] [2.0833333333333333e-05:0.072337499999999999] [0.00029999999999999997:0.59799999999999998] [5.5119818980512305e-05:0.18169104839251773] [0.003472222222222222:11.391249999999999] [0.050000000000000003:100] [1.7098222222222223e-05:0.018623942125000001] [0.0001716:0.37916412199999999] [1.7052208333333331e-05:0.0135610985] [0.00014467000000000001:0.18675781699999999] [0:0.025660416666666668] [0:30.77] [0:0.59799999999999998] [0:0.20940416666666664] [-0.055854285714285697:0.019237142857142855] [0:1] [0.083333333333333329:0.86111111111111116] [0:71] [13.03611111111111:31.258333333333326] [29.100000000000001:69.400000000000006] [0:35] [0:17] [938.59999999999991:2250.5999999999995] [3.8999999999999999:46.600000000000001] [15.4:62.399999999999999] [-5.6828571428571442:3.3114285714285714] [0.59999999999999998:47.200000000000003] [0:28.100000000000001] [-0.99999998753876496:0.99999997476699998] [-0.99999915337281864:1] [270.79722529999998:292.46573860000001] [260.2948073:277.3475287] [0:1.2] none [0:0.83999999999999997] [0:0.029999999999999999] [15:91] [0.050000000000000003:1.46] [0.21099999999999999:0.499] [10:2795] [0:100] [0:100] [0:100] [0:100] [910.29999999999995:1022.3] [1007.1:1028.4000000000001] [0:818] [0:725] [0:373] [0:0.44] [-2.3527746999999977:19.315738600000032] [-12.855192699999975:4.1975287000000208] none [0:17.200000000000003] [0.19259999999999999:20.459] [0:1] [0.80000000000000004:623.30000000000007] none none [0:103.20000000000002] [1.2:47.200000000000003] [0.89999999999999991:44.700000000000003] [0.29999999999999999:28.100000000000001] [0:1.2] [270.4132692:291.88977269999998] [0:2] none [0.89999999999999991:44.700000000000003] [5.4000000000000004:47.200000000000003] [3.657142857142857:41.100000000000001] [2:28.100000000000001] [0:1.8999999999999999] [269.98722709999998:288.22070710000003] [0:7] none [4.3499999999999996:44.024999999999999] [13.6:58.299999999999997] [8.4559999999999995:33.923999999999999] [6.2000000000000002:36.899999999999999] [0:26.899999999999999] [269.98722709999998:285.81909089999999] [0:19] [0:11] [12.600000000000001:52.550000000000004] [28.5:58.299999999999997] [14.157142857142857:36.318367346938771] [13.1:36.899999999999999] [0:35.700000000000003] [266.34345860000002:282.77648069999998] [0:38] [0:22] [24.775000000000002:52.550000000000004] [-17.399999999999999:17.399999999999999] [-25.600000000000001:29.699999999999999] [-4:5.2000000000000455] [-6.3999999999999773:9.8000000000000682] [-9.8588586999999848:14.137159800000006] [-10.399999999999999:13.800000000000001] [347.09999999999997:1375.0999999999999] [0:7.7999999999999998] [0:25] [0.59999999999999998:47.200000000000003] [0:28.100000000000001] [270.4132692:292.46573860000001] none [2.2999999999999998:38.899999999999999] [0:21.5] [269.98722709999998:292.46573860000001] [0:1.3999999999999999] [2.2999999999999998:58.299999999999997] [0.5:36.899999999999999] [269.98722709999998:298.4303941] [0:8.0999999999999996] [4.7000000000000002:53.799999999999997] [1.5:33.799999999999997] [266.34345860000002:294.54554350000001] [0:11.300000000000001] [0:22] [-1:1] [-1:1] none [1:23] none [7.1180162044653335:13.453719692845613] [1:9] [0:1] [8.3691524328166658:11939.655837338518] [1:10] [0.96999999999999997:87.799999999999997] [2.3100000000000001:86.629999999999995] [0.080000000000000002:87.469999999999999] [0.01:5.5099999999999998] [0:9.4100000000000001] [1.8899999999999999:17.02] [0.98868616858628067:95.275676860681784] [2.2000000000000002:81.680000000000007] [12.65:40.350000000000001] [8.0679963363985543:931.73249595386176] none none [0:0.59999999999999998] [0:1] none none none [0:0.27142857142857141] [0:1] none none none [0:1.0759999999999998] [0:0.76000000000000001] none none none [0:0.72857142857142865] [0:0.77551020408163263] none [0:0.27803659224999999] [0:0.82424180700000005] [0:0.019879203625000001] [0:0.065400654000000003] [1.7349999999999998e-05:0.27307926312499997] [0.00010009999999999999:0.90465771100000003] [0:0.018427852874999998] [0:0.058582058999999999] [-0.011978214285714281:0.0097710714285714241] [-0.0018599999999999958:0.019237142857142855] [3.1624999999999996:45.524999999999999] [4.7999999999999998:49.899999999999999] [3.1624999999999996:41.012500000000003] [4.7999999999999998:47.200000000000003] [7.0499999999999989:45.524999999999999] [8.9000000000000004:49.899999999999999] [5.3499999999999996:35.983928571428571] [6.2999999999999998:41.100000000000001] [-0.17830591575000002:0.69092961062500002] [-13.362499999999997:12.1875]
tree_sizes=1122 978 1088 1094 1092 1121 1068 1312 955 1029 1424 1003 1298 1305 1123 1430 1561 1625 1430 1434 1316 1877 1746 1756 1632 2047 1350 1606 2398 1702 1604 1857 1593 1923 1916 2090 2319 2217 2127 2293 2084 2423 2365 2401 2150

Tree=0
num_leaves=9
num_cat=0
split_feature=19 173 136 24 91 46 56 181
split_gain=0.359002 0.00908875 0.0144557 0.00190463 0.00061913 0.00032996 7.49292e-05 4.70292e-05
threshold=0.014581428571428573 30.718750000000004 0.97000000000000008 65.550000000000026 15.950000000000001 83.500000000000014 -8.5076159499999999 -0.014721527312499998
decision_type=2 2 2 2 2 2 2 2
left_child=1 3 7 4 6 -6 -1 -3
right_child=-2 2 -4 -5 5 -7 -8 -9
leaf_value=0.0026876743365668765 0.0068036308470967111 0.0026606942482863905 0.0035844933533870629 0.0027575800188142361 0.0025356476896713125 0.0026606942482863905 0.0026204510730235128 0.0026242289353150291
leaf_weight=56.23481559753418 50.400336802005768 53.012692868709564 54.859962344169617 84.506553411483765 2098.5024175271392 50.850683152675629 88.940859794616699 87.419470429420471
leaf_count=52 74 52 55 87 2086 52 82 86
internal_value=0.00266427 0.0025836 0.00290308 0.00255518 0.00254551 0.0025387 0.00266069 0.00266069
internal_weight=2624.73 2574.33 195.292 2379.04 2294.53 2149.35 145.176 140.432
internal_count=2626 2552 193 2359 2272 2138 134 138
is_linear=0
shrinkage=1


Tree=1
num_leaves=8
num_cat=0
split_feature=2 59 85 91 24 138 66
split_gain=0.348275 0.0111768 0.0205037 0.000707691 0.000250085 6.15512e-05 4.56288e-05
threshold=0.0099073270000000022 12.381950000000002 272.45172075000005 15.950000000000001 64.65000000000002 4.7550000000000008 32.375000000000007
decision_type=2 2 2 2 2 2 2
left_child=1 3 -3 5 6 -1 -5
right_child=-2 2 -4 4 -6 -7 -8
leaf_value=-4.4741348401750887e-05 0.0037917126994607185 0.0011735470013413036 -6.6144954553778857e-05 -0.00011920121174550013 0 2.1141587056304701e-05 0
leaf_weight=54.186502814292908 58.360593199729919 48.200611423701048 82.843824744224548 2171.7200785987079 58.323418855667114 96.113267302513123 54.979494988918304
leaf_count=52 67 49 84 2174 58 89 53
internal_value=3.57914e-06 -8.20609e-05 0.000357405 -0.000107898 -0.00011481 0 -0.000117503
internal_weight=2624.73 2566.37 131.044 2435.32 2285.02 150.3 2226.7
internal_count=2626 2559 133 2426 2285 141 2227
is_linear=0
shrinkage=0.05


Tree=2
num_leaves=9
num_cat=0
split_feature=134 59 85 25 91 32 46 133
split_gain=0.328245 0.0115399 0.0177397 0.000843616 0.000779553 0.000274361 0.00012232 9.92525e-05
threshold=2.9500000000000006 12.381950000000002 272.19531115000001 30.500000000000004 15.950000000000001 17.050000000000004 83.500000000000014 69.785000000000011
decision_type=2 2 2 2 2 2 2 2
left_child=-1 3 -3 4 7 6 -6 -2
right_child=1 2 -4 -5 5 -7 -8 -9
leaf_value=0.0039370201524908978 -2.4324195506737494e-05 0.0011457132743829467 -3.4211470735916408e-05 9.7130924710102954e-06 -0.00011788732336352297 0 0 5.7828472025985386e-05
leaf_weight=51.029139935970306 71.443901181221008 47.081140112131834 72.055209279060364 86.493149161338806 2101.8521626591682 78.746056687086821 55.645319044589996 60.3817138671875
leaf_count=53 68 48 74 89 2102 80 56 56
internal_value=3.32952e-06 -7.42213e-05 0.000396116 -9.92381e-05 -0.00010533 -0.000112336 -0.000115747 0
internal_weight=2624.73 2573.7 119.136 2454.56 2368.07 2236.24 2157.5 131.826
internal_count=2626 2573 122 2451 2362 2238 2158 124
is_linear=0
shrinkage=0.05


Tree=3
num_leaves=9
num_cat=0
split_feature=19 59 85 25 91 32 46 104
split_gain=0.308111 0.00863306 0.017869 0.000780455 0.00060524 0.000221337 0.000113548 7.67557e-05
threshold=0.014581428571428573 12.381950000000002 272.45172075000005 30.500000000000004 15.950000000000001 17.050000000000004 83.500000000000014 1.0000000180025095e-35
decision_type=2 2 2 2 2 2 2 2
left_child=1 3 -3 4 7 6 -6 -1
right_child=-2 2 -4 -5 5 -7 -8 -9
leaf_value=-3.8761523337946333e-05 0.0038380848067379836 0.0010668344640585923 -8.6803485912244864e-05 9.2329968775009107e-06 -0.00011139667444827315 0 0 3.6825499535868468e-05
leaf_weight=58.568769454956055 50.400336802005768 49.1530193798244 81.209850609302521 86.493149161338806 2092.6176910996437 76.697213541716337 55.085519909858704 74.502241969108582
leaf_count=54 74 50 81 89 2077 77 55 69
internal_value=3.19258e-06 -7.14068e-05 0.000314921 -9.41792e-05 -0.000100096 -0.000106293 -0.000109357 0
internal_weight=2624.73 2574.33 130.363 2443.96 2357.47 2224.4 2147.7 133.071
internal_count=2626 2552 131 2421 2332 2209 2132 123
is_linear=0
shrinkage=0.05


Tree=4
num_leaves=9
num_cat=0
split_feature=134 59 93 25 91 46 133 112
split_gain=0.288945 0.00935144 0.014753 0.000754723 0.000555918 0.000178456 0.000126238 9.11909e-05
threshold=2.9500000000000006 12.381950000000002 272.23735235000009 30.500000000000004 15.950000000000001 85.000000000000014 69.785000000000011 271.72645870000002
decision_type=2 2 2 2 2 2 2 2
left_child=-1 3 -3 4 6 7 -2 -6
right_child=1 2 -4 -5 5 -7 -8 -9
leaf_value=0.0036938729735469093 -4.2959494361854811e-05 0.0010373867703350617 -3.4268695124590109e-05 8.7766217319061882e-06 0 0 5.4437194557362375e-05 -0.00010829485688793389
leaf_weight=51.029139935970306 71.443901181221008 47.081140112131834 72.055209279060364 86.493149161338806 54.598378479480743 64.429709672927856 60.3817138671875 2117.2154502384365
leaf_count=53 68 48 74 89 54 64 56 2120
internal_value=3.05946e-06 -6.95832e-05 0.000352726 -9.22522e-05 -9.80549e-05 -0.000103935 0 -0.000106434
internal_weight=2624.73 2573.7 119.136 2454.56 2368.07 2236.24 131.826 2171.81
internal_count=2626 2573 122 2451 2362 2238 124 2174
is_linear=0
shrinkage=0.05


Tree=5
num_leaves=9
num_cat=0
split_feature=16 165 85 134 91 181 46 134
split_gain=0.211998 0.00634422 0.00100826 0.000555404 0.00067987 0.000515818 0.000138869 8.97567e-05
threshold=17.565000000000005 0.014904508875000002 271.06783780000006 3.2500000000000004 15.950000000000001 -0.00062434987499999982 24.500000000000004 5.6750000000000007
decision_type=2 2 2 2 2 2 2 2
left_child=1 2 5 -4 7 -1 -6 -5
right_child=-2 -3 3 4 6 -7 -8 -9
leaf_value=0.00012667035035009351 0.00320503175237074 0.00042140021356436584 -0.00029840382418468641 5.6996238760554677e-05 -0.0001035600247789914 -4.0350565503921216e-05 0 -1.9166024034191235e-05
leaf_weight=69.650118350982666 49.052983641624451 57.325864136219025 57.747968912124634 58.164546608924866 2121.3637948855758 94.800498604774475 83.556014120578766 86.635112404823303
leaf_count=66 54 55 55 54 2134 89 91 82
internal_value=-1.60922e-05 -7.92844e-05 -9.2547e-05 -0.000100977 -9.38729e-05 5.05716e-07 -0.000100802 0
internal_weight=2678.3 2629.24 2571.92 2407.47 2349.72 164.451 2204.92 144.8
internal_count=2680 2626 2571 2416 2361 155 2225 136
is_linear=0
shrinkage=0.05


Tree=6
num_leaves=9
num_cat=0
split_feature=16 165 85 19 21 91 46 36
split_gain=0.19173 0.00575272 0.000912791 0.000733085 0.000466112 0.000431358 9.98895e-05 7.96329e-05
threshold=17.565000000000005 0.014904508875000002 271.06783780000006 0.0038071428571428557 0.49305555555555564 15.15 22.500000000000004 262.89506125000008
decision_type=2 2 2 2 2 2 2 2
left_child=1 2 4 5 -1 -4 7 -7
right_child=-2 -3 3 -5 -6 6 -8 -9
leaf_value=0.00010829845703594823 0.0030479819140737125 0.00040069142672714874 0 -0.00023544002897816485 -4.8647629070472563e-05 0 0 -9.4214358963840846e-05
leaf_weight=81.392821550369263 49.052983641624451 57.325864136219025 74.654760718345642 130.88674819469452 83.057795405387878 51.634715914726257 90.927935540676117 2059.3632765635848
leaf_count=76 54 55 69 197 79 48 97 2005
internal_value=-1.51798e-05 -7.53663e-05 -8.80721e-05 -9.60927e-05 0 -8.57861e-05 -8.99899e-05 -9.25477e-05
internal_weight=2678.3 2629.24 2571.92 2407.47 164.451 2276.58 2201.93 2111
internal_count=2680 2626 2571 2416 155 2219 2150 2053
is_linear=0
shrinkage=0.05


Tree=7
num_leaves=11
num_cat=0
split_feature=16 166 85 19 181 91 181 181 111 181
split_gain=0.173397 0.00391704 0.000824031 0.000646777 0.000460563 0.000398003 9.95401e-05 0.00042533 6.67336e-05 2.45829e-06
threshold=17.565000000000005 0.060590893500000007 271.06783780000006 0.0038071428571428557 -0.00062434987499999982 15.15 -0.021338300312500013 -0.026826235187499995 5.3500000000000005 -0.023736988249999997
decision_type=2 2 2 2 2 2 2 2 2 2
left_child=1 2 4 5 -1 -4 7 8 -7 -9
right_child=-2 -3 3 -5 -6 6 -8 9 -10 -11
leaf_value=0.00011896555005225706 0.0028986276318180913 0.00026619450328772842 0 -0.00022375728138309374 -3.9768419947349413e-05 0 -9.406294184724876e-05 0 -8.8588805702350065e-05 2.4610656605841933e-05
leaf_weight=69.650118350982666 49.052983641624451 75.343457281589508 74.654760718345642 130.88674819469452 94.800498604774475 84.106851637363434 1762.7833736762404 54.840817213058472 226.91017961502075 55.267112731933594
leaf_count=66 54 73 69 197 89 84 1719 52 226 51
internal_value=-1.42918e-05 -7.16196e-05 -8.36429e-05 -9.13193e-05 0 -8.13359e-05 -8.54223e-05 -3.72718e-05 -7.20957e-05 1.58561e-05
internal_weight=2678.3 2629.24 2553.9 2389.45 164.451 2258.56 2183.91 421.125 311.017 110.108
internal_count=2680 2626 2553 2398 155 2201 2132 413 310 103
is_linear=0
shrinkage=0.05


Tree=8
num_leaves=8
num_cat=0
split_feature=165 16 25 19 91 64 36
split_gain=0.16293 0.00138448 0.000765809 0.000592584 0.000341093 0.000320804 8.87294e-05
threshold=0.0080307345625000009 15.595000000000002 30.500000000000004 0.0038071428571428557 15.15 27 263.51441180000006
decision_type=2 2 2 2 2 2 2
left_child=1 2 3 4 -1 6 -6
right_child=-2 -3 -4 -5 5 -7 -8
leaf_value=0 0.0020864780859624812 -0.00035802186708320475 2.8891247008980966e-05 -0.00021265424674465208 0 0 -8.5911475837986375e-05
leaf_weight=75.746932983398438 88.113109648227692 56.114689469337463 87.607483685016632 130.88674819469452 79.478548526763916 96.759425222873688 2063.5899639353156
leaf_count=70 89 58 90 197 74 90 2012
internal_value=-1.34132e-05 -8.75548e-05 -7.94543e-05 -8.53873e-05 -7.59465e-05 -7.96454e-05 -8.36883e-05
internal_weight=2678.3 2590.18 2534.07 2446.46 2315.57 2239.83 2143.07
internal_count=2680 2591 2533 2443 2246 2176 2086
is_linear=0
shrinkage=0.05


Tree=9
num_leaves=8
num_cat=0
split_feature=16 67 46 25 134 91 142
split_gain=0.155189 0.00260347 0.000857189 0.000783795 0.000441214 0.000557337 0.000376352
threshold=17.565000000000005 19.950000000000003 95.500000000000014 30.500000000000004 3.5950000000000002 15.950000000000001 689.72650760969134
decision_type=2 2 2 2 2 2 2
left_child=1 2 3 4 -1 6 -6
right_child=-2 -3 -4 -5 5 -7 -8
leaf_value=-0.00026614707774181851 0.0027429528381738024 0.00024271164064599396 5.8091311822403798e-05 2.7462987848582027e-05 -5.4575564174877556e-05 -8.7629667308635254e-05 0.00010296944522285947
leaf_weight=58.363862872123718 49.052983641624451 57.737369298934937 71.448499500751495 87.607483685016632 84.460914969444275 2205.8937899693847 63.731997728347778
leaf_count=56 54 61 70 90 80 2210 59
internal_value=-1.26885e-05 -6.70239e-05 -7.60136e-05 -8.1867e-05 -8.79187e-05 -8.12658e-05 0
internal_weight=2678.3 2629.24 2571.51 2500.06 2412.45 2354.09 148.193
internal_count=2680 2626 2565 2495 2405 2349 139
is_linear=0
shrinkage=0.05


Tree=10
num_leaves=12
num_cat=0
split_feature=2 46 59 27 134 91 8 8 118 118 136
split_gain=0.375735 0.00186676 0.00368865 0.000764753 0.000379556 0.000359972 0.000131441 0.000820723 4.02576e-05 2.11708e-05 2.02642e-05
threshold=0.010714564500000001 17.500000000000004 12.381950000000002 2141.1500000000005 3.2500000000000004 15.950000000000001 0.038241088749396426 0.044034386455311166 24.650000000000002 15.65 1.2550000000000001
decision_type=2 2 2 2 2 2 2 2 2 2 2
left_child=1 3 10 4 -1 8 9 -8 -6 -7 -3
right_child=-2 2 -4 -5 5 6 7 -9 -10 -11 -12
leaf_value=-0.00025350812227601126 0.0042341268022603089 -4.971635905759277e-05 0.00044233451616362157 2.6698255373993481e-05 2.9075489414278349e-05 0 -0.00040715112727823609 -6.355732494333838e-06 -2.6213835124450721e-05 -8.0518504071255253e-05 0
leaf_weight=63.272908270359039 50.698577165603638 83.78602933883667 49.697609603404999 82.449579119682312 58.199799180030823 50.307386040687561 33.766693592071533 68.63696327060461 72.631958842277527 1988.7876825928688 54.423121631145477
leaf_count=60 60 84 49 84 55 47 47 129 68 1912 57
internal_value=1.16093e-05 -7.02139e-05 6.73453e-05 -8.2994e-05 -8.90159e-05 -8.21267e-05 -8.70442e-05 -0.000189528 0 -7.93562e-05 -3.3786e-05
internal_weight=2656.66 2605.96 187.907 2418.05 2335.6 2272.33 2141.5 102.404 130.832 2039.1 138.209
internal_count=2652 2592 190 2402 2318 2258 2135 176 123 1959 141
is_linear=0
shrinkage=0.05


Tree=11
num_leaves=8
num_cat=0
split_feature=2 59 24 13 8 8 112
split_gain=0.339822 0.00163489 0.000931359 0.000295855 5.54219e-05 0.000626486 2.99677e-05
threshold=0.010714564500000001 13.331900000000003 66.15000000000002 3.0064791666666669e-05 0.038241088749396426 0.044034386455311166 287.94229410000008
decision_type=2 2 2 2 2 2 2
left_child=1 2 3 -1 6 -6 -5
right_child=-2 -3 -4 4 5 -7 -8
leaf_value=0 0.0040265155330431101 0.00011450705185232153 9.098091043941849e-05 -7.9469689909404109e-05 -0.00038456987332563633 -2.7634867191793662e-05 0
leaf_weight=77.726830244064331 50.698577165603638 96.728602945804596 52.671401619911194 2190.4583550095558 32.715230226516724 85.002107046544552 70.657204389572144
leaf_count=72 60 98 51 2109 45 152 65
internal_value=1.07794e-05 -6.69428e-05 -7.59722e-05 -8.1622e-05 -8.4797e-05 -0.000171353 -7.80067e-05
internal_weight=2656.66 2605.96 2509.23 2456.56 2378.83 117.717 2261.12
internal_count=2652 2592 2494 2443 2371 197 2174
is_linear=0
shrinkage=0.05


Tree=12
num_leaves=11
num_cat=0
split_feature=131 15 46 21 19 24 138 36 118 13
split_gain=0.307867 0.00332309 0.00153463 0.00254158 0.000925348 0.000736124 0.000634148 0.00035852 0.000124204 8.1292e-05
threshold=17.501070378404449 0.0072406250000000014 17.500000000000004 0.36805555555555564 0.0038071428571428557 66.15000000000002 6.9150000000000009 262.89506125000008 24.350000000000005 3.0064791666666669e-05
decision_type=2 2 2 2 2 2 2 2 2 2
left_child=-1 2 4 -4 5 7 -6 -2 -5 -9
right_child=1 -3 3 8 6 -7 -8 9 -10 -11
leaf_value=0.0035398087201612321 0 -0.00044294342479835866 0.00036746383870214241 0 -0.00031664631994463076 8.6516623289849186e-05 0 0 -6.4426699972051197e-05 -7.1972382917847395e-05
leaf_weight=59.431518316268921 47.199650645256042 61.506236493587494 51.82630068063736 53.58210813999176 73.438354671001434 52.671401619911194 38.558385968208313 59.578574538230896 81.411977827548981 2077.4537997469306
leaf_count=60 44 69 55 51 109 51 54 55 83 2021
internal_value=1.01961e-05 -6.99778e-05 -5.87891e-05 6.57006e-05 -7.08419e-05 -6.06367e-05 -0.000228081 -6.65112e-05 -1.52349e-05 -7.02896e-05
internal_weight=2656.66 2597.23 2535.72 186.82 2348.9 2236.9 111.997 2184.23 134.994 2137.03
internal_count=2652 2592 2523 189 2334 2171 163 2120 134 2076
is_linear=0
shrinkage=0.05


Tree=13
num_leaves=11
num_cat=0
split_feature=2 134 2 72 91 138 9 9 121 46
split_gain=0.300672 0.00204127 0.00266499 0.000406909 0.000275214 0.000216567 0.000140207 0.00051323 6.04901e-05 5.46406e-05
threshold=0.010714564500000001 3.2500000000000004 0.0039957775000000013 35.975000000000009 15.950000000000001 2.3650000000000007 2.1211805555555565 3.1997916666666675 0.75000000000000011 83.500000000000014
decision_type=2 2 2 2 2 2 2 2 2 2
left_child=1 -1 3 4 8 -6 9 -8 -3 -7
right_child=-2 2 -4 -5 5 6 7 -9 -10 -11
leaf_value=-0.00035151767909026577 0.0037871033144722256 -2.479198802816746e-05 0.00027042327464510662 1.7115801991098461e-05 0 -6.8707236426480083e-05 -0.0003500298661195498 0 4.177763567436665e-05 0
leaf_weight=65.354035973548889 50.698577165603638 90.136001229286194 55.222849190235138 53.935228943824768 73.242252290248871 2043.7565686106682 33.789405226707458 62.490266881883144 53.549484848976135 74.483638286590576
leaf_count=62 60 85 64 54 71 1964 47 122 50 73
internal_value=9.65588e-06 -6.33404e-05 -5.38247e-05 -6.3146e-05 -6.69883e-05 -7.12022e-05 -7.40387e-05 -0.000175005 0 -6.70098e-05
internal_weight=2656.66 2605.96 2540.61 2485.38 2431.45 2287.76 2214.52 96.2797 143.685 2118.24
internal_count=2652 2592 2530 2466 2412 2277 2206 169 135 2037
is_linear=0
shrinkage=0.05


Tree=14
num_leaves=9
num_cat=0
split_feature=19 171 134 59 24 91 96 66
split_gain=0.282398 0.00396499 0.00191357 0.00258708 0.000657229 0.000369857 0.000109415 2.54903e-05
threshold=0.012788571428571425 -0.0079374999999999949 3.2500000000000004 13.489650000000001 66.15000000000002 15.950000000000001 33.987500000000004 33.475000000000009
decision_type=2 2 2 2 2 2 2 2
left_child=1 -1 -3 4 5 6 -4 -7
right_child=-2 2 3 -5 -6 7 -8 -9
leaf_value=-0.00045800345855775081 0.0033480555550614781 -0.00033420667204712442 -1.5307731463870208e-05 0.00024239821921059708 8.0141064897576005e-05 -6.8421641562034361e-05 6.5087818228734166e-05 0
leaf_weight=66.388680934906006 60.909795641899109 65.354035973548889 75.828505039215088 67.726053476333618 52.671401619911194 2156.5762450322509 59.318226933479309 51.8853639960289
leaf_count=77 89 62 70 68 51 2130 55 50
internal_value=9.04183e-06 -6.86425e-05 -5.62699e-05 -4.67371e-05 -5.70923e-05 -6.2342e-05 0 -6.73999e-05
internal_weight=2656.66 2595.75 2529.36 2464.01 2396.28 2343.61 135.147 2208.46
internal_count=2652 2563 2486 2424 2356 2305 125 2180
is_linear=0
shrinkage=0.05


Tree=15
num_leaves=12
num_cat=0
split_feature=165 15 116 19 134 24 138 49 104 30 99
split_gain=0.174035 0.00303214 0.00212832 0.00182846 0.0007506 0.000575873 0.000457691 0.000368123 0.000519658 9.40329e-05 1.22007e-05
threshold=0.0080307345625000009 0.0072406250000000014 273.62430630000006 0.0038071428571428557 3.5950000000000002 66.15000000000002 6.9150000000000009 969.55000000000007 0.45000000000000007 0.77285714285714546 3.9000000000000346
decision_type=2 2 2 2 2 2 2 2 2 2 2
left_child=1 2 -1 4 -4 7 -5 8 -6 10 -9
right_child=-2 -3 3 6 5 -7 -8 9 -10 -11 -12
leaf_value=0.00025841977863241757 0.002122084291007124 -0.00043882878924922505 -0.00024099765630611623 -0.00036788575899302867 -4.2050070568037286e-05 8.4379061439864955e-05 0 -6.1405851489553358e-05 0.0001034099428171858 0 0
leaf_weight=45.585140585899353 93.178011059761047 56.548876047134399 62.525748133659363 68.550632894039154 195.44808852672577 55.085183620452881 38.870633840560913 1767.6526873931289 88.004919707775116 90.346990585327148 55.835218191146851
leaf_count=42 95 64 58 108 182 54 54 1738 85 84 57
internal_value=1.00552e-05 -6.67297e-05 -5.60041e-05 -6.40887e-05 -5.19736e-05 -4.44028e-05 -0.000276161 -4.99427e-05 0 -5.78284e-05 -6.03205e-05
internal_weight=2617.63 2524.45 2467.91 2422.32 2314.9 2252.37 107.421 2197.29 283.453 1913.83 1823.49
internal_count=2621 2526 2462 2420 2258 2200 162 2146 267 1879 1795
is_linear=0
shrinkage=0.05


Tree=16
num_leaves=13
num_cat=0
split_feature=131 59 104 15 165 181 2 13 181 133 133 173
split_gain=0.162233 0.00798512 0.0131013 0.0024661 0.000722693 0.000331708 0.000339106 0.000259852 0.000158984 0.000340207 0.000132354 6.12252e-06
threshold=17.501070378404449 12.381950000000002 2.1500000000000008 0.0072406250000000014 0.0053301693124999999 -0.018309458187500002 0.00015691250000000003 0.00062366011111111115 0.024472661437500001 58.910000000000004 83.205000000000013 31.931250000000002
decision_type=2 2 2 2 2 2 2 2 2 2 2 2
left_child=-1 3 -3 4 5 6 -2 -8 10 -10 11 -7
right_child=1 2 -4 -5 -6 8 7 -9 9 -11 -12 -13
leaf_value=0.0025481602837439522 -4.6111154810353745e-05 -4.7986305426081586e-05 0.00093880924809009239 -0.00041396759121128279 -0.00021027691790997572 -5.7368631803580899e-05 0 0.00010215812213306036 -3.4956230830915155e-05 -0.00029660142116086 0 0
leaf_weight=60.519341826438904 284.43255388736725 69.0110316388309 51.793310880661011 55.474701046943665 99.706474661827087 1484.091636300087 106.1519900560379 84.673968851566315 113.58774877712131 40.067299008369446 112.07789653539658 56.044177114963531
leaf_count=61 279 72 51 62 98 1399 106 87 197 51 105 53
internal_value=9.26477e-06 -4.98415e-05 0.000338274 -7.12685e-05 -6.10138e-05 -5.22094e-05 -2.75759e-06 3.57006e-05 -6.24479e-05 -0.00013699 -5.24124e-05 -5.62276e-05
internal_weight=2617.63 2557.11 120.804 2436.31 2380.83 2281.13 475.259 190.826 1805.87 153.655 1652.21 1540.14
internal_count=2621 2560 123 2437 2375 2277 472 193 1805 248 1557 1452
is_linear=0
shrinkage=0.05


Tree=17
num_leaves=14
num_cat=0
split_feature=139 75 104 134 15 19 2 138 91 16 138 133 118
split_gain=0.158084 0.00576309 0.010418 0.00224418 0.00232206 0.00109877 0.00115524 0.000623718 0.000348837 0.00016928 7.52846e-05 1.72075e-05 1.65058e-05
threshold=91.31683078606234 19.050000000000004 2.0500000000000003 3.2500000000000004 0.0072406250000000014 0.0038071428571428557 0.0039957775000000013 5.1800000000000006 15.950000000000001 0.12000000000000001 2.3650000000000007 84.075000000000017 16.050000000000004
decision_type=2 2 2 2 2 2 2 2 2 2 2 2 2
left_child=1 3 -3 -1 5 6 8 -7 9 -5 -10 12 -12
right_child=-2 2 -4 4 -6 7 -8 -9 10 -11 11 -13 -14
leaf_value=-0.0003989753461497904 0.0022789589189958583 -4.9886602407081808e-05 0.00080930148834686708 7.6796628771656975e-05 -0.00039530643527509651 -0.00039040541853298889 0.00015206420253339212 0 0 -1.7474182414078165e-05 0 0 -6.2511268283102858e-05
leaf_weight=57.489075481891632 73.57829749584198 77.877073381096125 51.822985291481018 66.775344967842102 56.011788547039032 42.935252785682678 58.375400543212891 42.011171221733093 76.989356517791748 75.894620537757874 43.845353007316589 56.893823504447937 1837.1325873024762
leaf_count=54 73 82 52 62 63 69 67 68 75 70 41 54 1791
internal_value=8.30751e-06 -5.62686e-05 0.000258721 -7.53601e-05 -6.518e-05 -5.4803e-05 -4.51693e-05 -0.000244482 -5.28902e-05 0 -5.85488e-05 -6.05075e-05 -6.16011e-05
internal_weight=2617.63 2544.05 129.7 2414.35 2356.86 2300.85 2215.91 84.9464 2157.53 142.67 2014.86 1937.87 1880.98
internal_count=2621 2548 134 2414 2360 2297 2160 137 2093 132 1961 1886 1832
is_linear=0
shrinkage=0.05


Tree=18
num_leaves=12
num_cat=0
split_feature=19 75 104 134 171 2 91 16 171 14 28
split_gain=0.151055 0.00543369 0.00910247 0.00207423 0.00184347 0.00113181 0.000371239 0.000153011 0.0001075 2.76146e-05 1.85679e-05
threshold=0.012788571428571425 19.050000000000004 2.0500000000000003 3.2500000000000004 -0.0079374999999999949 0.0039957775000000013 15.950000000000001 0.12000000000000001 -0.005647321428571426 0.00019859300000000003 5.9500000000000002
decision_type=2 2 2 2 2 2 2 2 2 2 2
left_child=1 3 -3 -1 -5 6 7 -6 -8 -10 -11
right_child=-2 2 -4 4 5 -7 8 -9 9 10 -12
leaf_value=-0.00037936764124368513 0.0024231290076401238 -3.3357252434155799e-05 0.00076960250626410321 -0.00033790442459792516 7.3013453495282871e-05 0.00014458903329385835 0 -1.6611835314534411e-05 0 0 -6.5561223961531115e-05
leaf_weight=57.489075481891632 62.240459561347961 74.598878595978022 51.822985291481018 62.848215401172638 66.775344967842102 58.375400543212891 53.336786866188049 75.894620537757874 48.831834673881531 46.744558453559875 1958.6739702112973
leaf_count=54 91 77 52 72 62 67 55 70 45 43 1933
internal_value=7.51065e-06 -5.02944e-05 0.00026001 -6.8603e-05 -5.88052e-05 -4.88994e-05 -5.62018e-05 0 -6.17455e-05 -6.35784e-05 -6.46142e-05
internal_weight=2617.63 2555.39 126.422 2428.97 2371.48 2308.63 2250.26 142.67 2107.59 2054.25 2005.42
internal_count=2621 2530 129 2401 2347 2275 2208 132 2076 2021 1976
is_linear=0
shrinkage=0.05


Tree=19
num_leaves=12
num_cat=0
split_feature=2 175 104 134 19 91 175 137 138 171 171
split_gain=0.145346 0.00468965 0.00932819 0.00179072 0.00118243 0.000340649 0.00016084 0.000155689 0.000105235 3.29731e-05 9.86528e-05
threshold=0.0099073270000000022 31.000000000000007 2.1500000000000008 3.2500000000000004 0.010519999999999993 15.950000000000001 28.543750000000006 0.52500000000000013 2.3650000000000007 0.00055464285714285728 0.0047367857142857142
decision_type=2 2 2 2 2 2 2 2 2 2 2
left_child=1 3 -3 -1 5 7 8 -5 -7 -10 -11
right_child=-2 2 -4 4 -6 6 -8 -9 9 10 -12
leaf_value=-0.00036263482138628887 0.0023314209154626717 -5.2508007493350524e-05 0.00068668386220937941 7.1863831455791478e-05 -0.0003165125500901861 0 0 -1.6902762826628811e-05 -5.2464212488545583e-05 -0.00012466969952802483 0
leaf_weight=57.122594892978668 64.658604860305786 100.69849735498428 61.805508613586426 71.186282277107239 51.201509237289429 78.049383521080017 66.300526857376099 56.478334665298462 1736.1001893505454 216.1876837015152 57.843015253543854
leaf_count=54 74 101 59 66 79 76 67 52 1706 209 78
internal_value=6.9606e-06 -5.08426e-05 0.000200531 -7.00984e-05 -6.06426e-05 -5.25759e-05 -5.76458e-05 0 -6.01745e-05 -6.23884e-05 -0.000106663
internal_weight=2617.63 2552.97 162.504 2390.47 2333.35 2282.15 2154.48 127.665 2088.18 2010.13 274.031
internal_count=2621 2547 160 2387 2333 2254 2136 118 2069 1993 287
is_linear=0
shrinkage=0.05


Tree=20
num_leaves=11
num_cat=0
split_feature=46 15 175 85 19 134 91 138 85 133
split_gain=0.102481 0.00479605 0.00293543 0.00615087 0.00176142 0.000865465 0.000321336 0.000289604 0.00027444 0.000204734
threshold=95.500000000000014 0.0065104166666666678 31.631250000000005 273.05831630000006 0.0038071428571428557 3.9350000000000005 15.950000000000001 6.9150000000000009 271.03998875000008 69.785000000000011
decision_type=2 2 2 2 2 2 2 2 2 2
left_child=1 2 4 -4 5 -1 9 -6 -8 -7
right_child=-2 -3 3 -5 7 6 8 -9 -10 -11
leaf_value=-0.00020997585680136398 0.0016868794857109824 -0.00047143659909708725 0.00062581372967383125 -3.5454992502060406e-05 -0.00036028291828531917 0 0 0 -5.3438142186915073e-05 9.4906294004740925e-05
leaf_weight=100.64934146404266 85.266666948795319 72.439133882522583 47.536192774772644 84.823318064212799 66.298004686832428 70.492669582366943 82.997263431549072 33.77215188741684 1982.6038517095149 56.244347333908081
leaf_count=93 85 83 49 81 103 65 79 47 1943 52
internal_value=-6.4471e-06 -6.4577e-05 -5.07455e-05 0.000167455 -6.49676e-05 -5.32176e-05 -4.36488e-05 -0.000281544 -4.90811e-05 5.43713e-06
internal_weight=2683.12 2597.86 2525.42 132.36 2393.06 2292.99 2192.34 100.07 2065.6 126.737
internal_count=2680 2595 2512 130 2382 2232 2139 150 2022 117
is_linear=0
shrinkage=0.05


Tree=21
num_leaves=16
num_cat=0
split_feature=19 75 136 13 134 4 13 108 165 36 82 30 138 165 56
split_gain=0.102478 0.00389119 0.00853474 0.00341943 0.00151278 0.000686518 0.000348595 0.00102811 0.000907658 0.000324781 0.000141465 9.96077e-05 3.99191e-05 3.68825e-05 1.86062e-05
threshold=0.014581428571428573 19.050000000000004 0.97000000000000008 0.005645266708333335 3.9350000000000005 3.8850000000000002e-05 0.0016890983402777779 273.19531700000005 0.0042807069375000008 263.51441180000006 19.642000000000003 1.0385714285714254 3.7050000000000005 0.0017039257500000001 -8.8293599499999669
decision_type=2 2 2 2 2 2 2 2 2 2 2 2 2 2 2
left_child=1 3 -3 4 5 -1 8 -8 9 -6 12 14 -9 -12 -11
right_child=-2 2 -4 -5 6 -7 7 10 -10 11 13 -13 -14 -15 -16
leaf_value=-0.00033724441444932306 0.0022087000943496224 -6.5797930650921785e-05 0.00070992237570624117 -0.00048359529549542253 2.953840048274831e-05 -1.2529940234155525e-07 0.00020043888611338191 2.60257448897746e-05 -0.00024346438989745873 0 0 0 -2.2182478910078151e-05 -0.00012567426217078152 -5.0862897428501488e-05
leaf_weight=75.8576819896698 50.125085651874542 79.804241631180048 51.573745012283325 50.383804738521576 64.764803647994995 59.298885703086853 53.768385648727417 74.309315621852875 70.351168632507324 50.816084802150726 113.76263374090195 53.834472179412842 98.149390876293182 50.651790380477905 1685.6714515089989
leaf_count=71 74 83 51 70 61 55 54 74 74 52 111 50 100 53 1647
internal_value=-6.27566e-06 -5.11635e-05 0.000204011 -6.66386e-05 -5.58356e-05 -0.000227146 -4.35871e-05 0 -5.23208e-05 -4.22509e-05 -3.30886e-05 -4.76541e-05 0 -6.6139e-05 -4.98458e-05
internal_weight=2683.12 2633 131.378 2501.62 2451.24 135.157 2316.08 390.642 1925.44 1855.09 336.873 1790.32 172.459 164.414 1736.49
internal_count=2680 2606 134 2472 2402 126 2276 392 1884 1810 338 1749 174 164 1699
is_linear=0
shrinkage=0.05


Tree=22
num_leaves=15
num_cat=0
split_feature=19 75 46 13 134 4 160 77 165 56 91 77 15 13
split_gain=0.092707 0.00349123 0.00655553 0.003075 0.00138759 0.000577627 0.000337906 0.000504319 0.000466241 0.000294204 5.81089e-05 7.0694e-05 5.09e-05 2.21858e-06
threshold=0.014581428571428573 19.050000000000004 5.5000000000000009 0.005645266708333335 3.9350000000000005 3.8850000000000002e-05 1.0000000180025095e-35 273.57287775000003 0.0053301693124999999 -9.6098357499999718 15.15 271.02872290000005 0.005456250000000001 0.00052992858333333339
decision_type=2 2 2 2 2 2 2 2 2 2 2 2 2 2
left_child=1 3 -3 4 5 -1 7 -6 9 -8 -11 -12 -13 -9
right_child=-2 2 -4 -5 6 -7 8 13 -10 10 11 12 -14 -15
leaf_value=-0.00032060158857997556 0.0021004251158088616 -4.8703916707341097e-05 0.00061621799568568187 -0.00045988613032099402 0.00016390598397022084 -1.1914047396618243e-07 2.9761877847350375e-05 0 -0.00017692456036044277 0 0 -4.864337517515831e-05 0 -2.0988690255824676e-05
leaf_weight=75.8576819896698 50.125085651874542 76.830958340317011 54.547028303146362 50.383804738521576 44.864934384822845 59.298885703086853 61.639354944229126 54.475106000900269 89.049837350845337 58.507081031799316 47.722845077514648 1820.4201934933662 59.642968237400055 79.757176518440247
leaf_count=71 74 78 56 70 53 55 58 53 88 54 46 1789 57 78
internal_value=-6.18874e-06 -4.89734e-05 0.000192165 -6.37069e-05 -5.33405e-05 -0.000217748 -4.14986e-05 2.78943e-06 -4.75485e-05 -3.9399e-05 -4.40751e-05 -4.55726e-05 -4.71541e-05 -1.49015e-05
internal_weight=2683.12 2633 131.378 2501.62 2451.24 135.157 2316.08 179.097 2136.98 2047.93 1986.29 1927.79 1880.06 134.232
internal_count=2680 2606 134 2472 2402 126 2276 184 2092 2004 1946 1892 1846 131
is_linear=0
shrinkage=0.05


Tree=23
num_leaves=15
num_cat=0
split_feature=46 19 13 175 136 134 166 13 36 2 69 13 15 93
split_gain=0.0907972 0.00591585 0.00302857 0.00245491 0.00530931 0.00100978 0.000518525 0.000846986 0.000245127 9.37491e-05 5.64275e-05 3.97207e-05 3.91225e-05 1.82239e-05
threshold=95.500000000000014 0.012788571428571425 0.005645266708333335 31.631250000000005 0.66000000000000014 3.2500000000000004 0.021386437500000004 0.0019650414444444451 263.51441180000006 0.0014317860000000002 275.45474400000006 3.5300791666666681e-05 0.005456250000000001 277.54340310000003
decision_type=2 2 2 2 2 2 2 2 2 2 2 2 2 2
left_child=1 2 3 5 -5 -1 8 -8 -7 11 -11 -10 13 -13
right_child=-2 -3 -4 4 -6 6 7 -9 9 10 -12 12 -14 -15
leaf_value=-0.00027607648353115835 0.0015877333709824926 -0.00057633561760434666 -0.00043658517102065312 -4.3214579844941196e-05 0.0005603170421783981 2.550510725933252e-05 -0.00023586369477299166 0 0 5.4894732353358343e-05 -1.7491664297924505e-05 -4.3937906492173767e-05 0 0
leaf_weight=55.941701650619507 85.266666948795319 55.243951678276062 50.484549257904291 76.055004894733429 52.175666928291321 69.140473961830139 93.97463446855545 65.830806255340576 71.569448947906494 38.104554295539856 74.924662292003632 1769.006978392601 59.642968237400055 65.760873556137085
leaf_count=53 85 83 73 72 52 65 91 62 66 52 95 1711 57 63
internal_value=-6.01856e-06 -6.08433e-05 -4.74552e-05 -3.73949e-05 0.000166101 -5.06134e-05 -4.28658e-05 -0.000140318 -3.32277e-05 -3.75961e-05 0 -4.01727e-05 -4.15593e-05 -4.28552e-05
internal_weight=2683.12 2597.86 2542.61 2492.13 128.231 2363.9 2307.96 159.805 2148.15 2079.01 113.029 1965.98 1894.41 1834.77
internal_count=2680 2595 2512 2439 124 2315 2262 153 2109 2044 147 1897 1831 1774
is_linear=0
shrinkage=0.05


Tree=24
num_leaves=14
num_cat=0
split_feature=165 19 16 116 128 134 111 171 91 30 165 77 93
split_gain=0.0860328 0.00359904 0.00280438 0.00102877 0.000818246 0.000504739 0.000255752 0.00051737 0.00040843 0.000154812 0.000105103 2.08217e-05 1.32907e-06
threshold=0.0080307345625000009 0.0038071428571428557 15.595000000000002 273.15631070000006 10.428461719803058 3.5950000000000002 5.3500000000000005 -0.0053985714285714288 15.950000000000001 0.77285714285714546 0.0031217190625000002 271.13700360000001 269.96965585000004
decision_type=2 2 2 2 2 2 2 2 2 2 2 2 2
left_child=1 2 3 -1 -3 -5 7 -7 -9 10 11 -8 -10
right_child=-2 4 -4 5 -6 6 9 8 12 -11 -12 -13 -14
leaf_value=0.0001831558738734635 0.0014996410140407734 -0.00043936377858270256 -0.00041230478057018602 -0.00020396685856537055 0 0.00015036137787545402 0 7.7639104567455626e-05 0 0 0 -5.4875347478104767e-05 -3.9123025997623885e-05
leaf_weight=43.482269525527954 90.402098119258881 79.198709428310394 52.714425027370453 59.234322190284729 36.840570509433746 43.771650969982147 31.089237809181213 63.857981324195862 43.289172649383545 57.014107823371887 76.369832467287779 1403.276374578476 602.58218934386969
leaf_count=40 92 125 55 55 51 49 31 59 40 53 97 1354 579
internal_value=-5.91904e-06 -6.09001e-05 -4.57293e-05 -3.55287e-05 -0.00033882 -4.16979e-05 -3.5318e-05 -3.49192e-06 -2.02139e-05 -4.74152e-05 -5.08823e-05 -5.39427e-05 -3.77233e-05
internal_weight=2683.12 2592.72 2476.68 2423.97 116.039 2380.48 2321.25 753.501 709.729 1567.75 1510.74 1434.37 645.871
internal_count=2680 2588 2412 2357 176 2317 2262 727 678 1535 1482 1385 619
is_linear=0
shrinkage=0.05


Tree=25
num_leaves=18
num_cat=0
split_feature=16 171 116 181 96 1 135 165 45 22 172 43 77 93 15 45 89
split_gain=0.13069 0.00196518 0.00254426 0.00139485 0.00110776 0.00112566 0.00110152 0.000704034 0.000694891 0.000338773 0.000200514 0.000548139 8.84049e-05 7.85811e-05 6.03409e-05 1.98815e-05 7.97532e-06
threshold=15.595000000000002 8.2142857142857109e-06 273.15631070000006 0.025055807624999989 37.225000000000009 0.00023714850000000002 24.160000000000004 0.011893022250000001 45.500000000000007 1.0000000180025095e-35 0.0017528571428571426 0.35650000000000004 272.75080910000003 277.54340310000003 0.0055281250000000009 92.500000000000014 54.95000000000001
decision_type=2 2 2 2 2 2 2 2 2 2 2 2 2 2 2 2 2
left_child=1 2 -1 4 5 -3 -5 -6 -7 -4 13 12 -12 14 16 -10 -11
right_child=-2 3 9 6 7 8 -8 -9 15 10 11 -13 -14 -15 -16 -17 -18
leaf_value=0.00047013701335739291 0.0021116359391404179 -0.00013928993547288743 -0.00017318647481634277 -0.00057462977202662796 -4.9264360764598182e-05 0.00014583240782181463 0 -0.00036004104607996809 0 -4.260038093983542e-05 0 0.00012266423261878925 -5.1683301588271778e-05 0 0 -3.2689427932695659e-05 0
leaf_weight=22.829073071479797 70.392529904842377 169.57843267917633 60.072790920734406 37.400318562984467 89.937874674797058 80.448118209838867 34.428294599056244 68.337791502475739 53.810785949230194 1433.687568962574 43.936796747148037 75.704857487231493 162.6814245171845 57.124084234237671 57.662369728088379 104.25613242387772 61.964626908302307
leaf_count=21 76 156 74 59 92 81 58 66 56 1375 45 79 171 53 57 107 57
internal_value=0 -5.66264e-05 -2.86832e-05 -0.000135127 -9.60335e-05 -3.67691e-05 -0.000369178 -0.000216257 1.55224e-05 -3.73112e-05 -3.02694e-05 0 -3.22703e-05 -3.72537e-05 -3.95631e-05 -1.98653e-05 -4.15492e-05
internal_weight=2684.25 2613.86 1975.66 638.198 566.369 408.093 71.8286 158.276 238.515 1952.83 1892.76 282.323 206.618 1610.44 1553.31 158.067 1495.65
internal_count=2683 2607 1932 675 558 400 117 158 244 1911 1837 295 216 1542 1489 163 1432
is_linear=0
shrinkage=0.05


Tree=26
num_leaves=12
num_cat=0
split_feature=19 16 134 31 165 4 36 4 15 91 30
split_gain=0.171807 0.00379616 0.00160599 0.00221204 0.0011182 0.000808096 0.000158986 7.06262e-05 5.85513e-05 4.7412e-05 1.9352e-06
threshold=0.014581428571428573 15.595000000000002 3.9350000000000005 34.050000000000004 0.0053301693124999999 3.8850000000000002e-05 263.51441180000006 0.022086560000000002 0.0055281250000000009 15.15 0.77285714285714546
decision_type=2 2 2 2 2 2 2 2 2 2 2
left_child=1 2 5 4 6 -1 -4 8 9 -8 -11
right_child=-2 -3 3 -5 -6 -7 7 -9 -10 10 -12
leaf_value=-0.00032253020382038062 0.0028254772005985741 -0.00046922208946223194 0 0.00019075045486792257 -0.00022095004964850387 0 0 0 0 -4.2426354333565612e-05 0
leaf_weight=81.920522272586823 51.766177475452423 56.02667099237442 74.982890963554382 96.965447019785643 95.78834080696106 63.496105670928955 54.152291059494019 56.02047960832715 57.662369728088379 1938.5832454562187 56.88933002948761
leaf_count=77 77 58 70 98 95 59 50 83 57 1906 53
internal_value=0 -5.60293e-05 -4.49257e-05 -3.27687e-05 -4.42734e-05 -0.000212404 -3.43843e-05 -3.75085e-05 -3.90898e-05 -4.05261e-05 -4.17885e-05
internal_weight=2684.25 2632.49 2576.46 2431.04 2334.08 145.417 2238.29 2163.31 2107.29 2049.62 1995.47
internal_count=2683 2606 2548 2412 2314 136 2219 2149 2066 2009 1959
is_linear=0
shrinkage=0.05


Tree=27
num_leaves=14
num_cat=0
split_feature=19 13 139 31 85 165 13 93 77 13 36 164 99
split_gain=0.15538 0.00302859 0.00140919 0.00144788 0.0033159 0.000999041 0.000582007 0.000173655 9.95901e-05 5.84001e-05 5.59321e-05 1.28719e-05 1.41467e-05
threshold=0.014581428571428573 0.005645266708333335 89.303625086230099 34.050000000000004 273.05831630000006 0.0053301693124999999 0.00062187375000000015 276.45113020000002 270.96249405000009 3.0064791666666669e-05 265.22932160000005 1.0000000180025095e-35 -2.3000000000000109
decision_type=2 2 2 2 2 2 2 2 2 2 2 2 2
left_child=1 2 3 5 -5 7 -4 8 -1 -10 -9 -11 -13
right_child=-2 -3 6 4 -6 -7 -8 10 9 11 -12 12 -14
leaf_value=0 0.0026868807575733118 -0.0004362343685837516 -0.00034139548683480964 0.00045954923819828777 -2.984193462536663e-05 -0.00021001669153826813 -3.2767064796398464e-05 5.2000259110169224e-05 0 0 0 0 -4.3664313539590952e-05
leaf_weight=35.993659496307373 51.766177475452423 52.600240767002106 61.27941769361496 47.262008309364319 68.092185378074646 95.78834080696106 79.521840214729309 50.711813926696777 71.21293568611145 123.91811919212341 145.33827263116837 71.35068154335022 1729.4181779623032
leaf_count=35 77 72 58 48 66 95 75 48 66 114 144 66 1719
internal_value=0 -5.34163e-05 -4.35078e-05 -3.21253e-05 0.000129922 -4.23728e-05 -0.000203809 -3.28309e-05 -3.73547e-05 -3.93091e-05 0 -4.09654e-05 -4.2561e-05
internal_weight=2684.25 2632.49 2579.89 2439.09 115.354 2323.73 140.801 2227.94 2031.89 1995.9 196.05 1924.69 1800.77
internal_count=2683 2606 2534 2401 114 2287 133 2192 2000 1965 192 1899 1785
is_linear=0
shrinkage=0.05


Tree=28
num_leaves=22
num_cat=0
split_feature=139 5 128 102 128 134 49 0 128 165 59 56 137 51 16 73 131 110 101 137 140
split_gain=0.146054 0.00464087 0.00520853 0.0013593 0.00156806 0.00102856 0.000928872 0.00059105 0.000415589 0.00197017 0.00056431 0.000487533 0.00087488 0.000110566 0.000103832 7.10967e-05 3.11957e-05 2.62179e-05 6.03797e-06 1.54635e-06 1.21185e-06
threshold=91.31683078606234 12.230000000000002 9.6921779147250273 -4.1499999999999986 10.105068320998223 3.9350000000000005 975.1500000000002 0.0055000000000000005 10.018310656109238 0.0053301693124999999 6.5197000000000012 -4.4331974499999935 0.10000000000000002 482.50000000000006 2.3850000000000002 30.650000000000002 32.385275040879058 5.6500000000000012 6.5651528500000049 0.52500000000000013 48.570000000000007
decision_type=2 2 2 2 2 2 2 2 2 2 2 2 2 2 2 2 2 2 2 2 2
left_child=1 3 -3 4 -1 7 -4 -5 10 13 16 12 -12 14 15 -10 -7 -18 -19 -15 -8
right_child=-2 2 6 5 -6 8 20 -9 9 -11 11 -13 -14 19 -16 -17 17 18 -20 -21 -22
leaf_value=0.00031871398366061464 0.0021731628735669438 -0.00080225285400219539 -0.0003618691674562397 -0.00032667424331444942 0 0 -1.1461496925724901e-05 0 -3.1912314992357171e-05 -0.00035296439034620706 0 0 0.00023113577789374051 0 0 -0.00010137473712375683 0 -4.221486818752802e-05 0 -5.6317732618487011e-06 0
leaf_weight=52.534783899784088 74.156288385391235 43.312444925308228 33.741738379001617 59.760615468025208 57.459444165229797 93.638311982154846 78.796769320964813 58.63286018371582 624.62035584449768 59.270062923431396 60.943125069141388 73.141832292079926 74.037964403629303 76.100424766540527 54.821659803390503 184.10308760404587 59.269133150577545 621.68386054039001 83.454868495464325 120.88671767711639 39.887521803379059
leaf_count=50 73 94 45 55 56 87 111 56 597 60 58 69 70 72 53 173 57 588 77 116 66
internal_value=0 -6.24975e-05 -0.000300227 -4.10377e-05 0.00011694 -5.07948e-05 -0.000120686 -0.000204775 -4.0079e-05 -6.27193e-05 -1.15781e-05 5.36881e-05 0.000115741 -4.1471e-05 -4.93095e-05 -5.40058e-05 -3.32732e-05 -3.66666e-05 -3.93713e-05 0 -7.89125e-06
internal_weight=2684.25 2610.1 195.738 2414.36 109.994 2304.36 152.426 118.393 2185.97 1119.8 1066.17 208.123 134.981 1060.53 863.545 808.723 858.046 764.408 705.139 196.987 118.684
internal_count=2683 2610 316 2294 106 2188 222 111 2077 1071 1006 197 128 1011 823 770 809 722 665 188 177
is_linear=0
shrinkage=0.05


Tree=29
num_leaves=15
num_cat=0
split_feature=2 19 139 31 103 165 93 165 17 13 36 99 22 77
split_gain=0.142752 0.00740417 0.0021702 0.00138994 0.00313159 0.000345662 0.000187314 0.000135063 8.79931e-05 6.1195e-05 4.04509e-05 1.37327e-05 1.29078e-05 1.0837e-05
threshold=0.0099073270000000022 0.012788571428571425 89.303625086230099 34.050000000000004 713.50000000000023 0.0055204350625000015 276.45113020000002 0.0031217190625000002 0.024050000000000005 3.0064791666666669e-05 265.28208985000009 -2.6499999999999768 1.0000000180025095e-35 284.41350575000007
decision_type=2 2 2 2 2 2 2 2 2 2 2 2 2 2
left_child=1 2 3 5 -5 6 7 9 -4 -1 -8 -11 -13 -14
right_child=-2 -3 8 4 -6 -7 10 -9 -10 11 -12 12 13 -15
leaf_value=0 0.0024121532857039303 -0.00064971812064479155 -0.00031224756993508072 0.00043704973843042408 -3.3948616925148446e-05 -0.00017535625346588442 4.3764474843695698e-05 0 -4.6886866065122922e-05 0 0 0 -4.3765571964238245e-05 0
leaf_weight=71.21293568611145 58.931375503540039 51.610761880874634 81.514649748802185 50.126295566558838 63.231416296213865 61.139620423316956 51.798878312110901 61.722312200814486 59.286608159542084 50.002488255500793 140.8677693605423 48.239877581596375 1779.1314082145691 55.437473893165588
leaf_count=66 68 80 75 48 64 60 49 81 58 46 138 79 1720 51
internal_value=0 -5.5775e-05 -4.16749e-05 -2.823e-05 0.000132603 -3.82984e-05 -3.22991e-05 -3.69738e-05 -0.000236892 -3.97184e-05 0 -4.14096e-05 -4.21722e-05 -4.2928e-05
internal_weight=2684.25 2625.32 2573.71 2432.91 113.358 2319.55 2258.41 2065.75 140.801 2004.02 192.667 1932.81 1882.81 1834.57
internal_count=2683 2615 2535 2402 112 2290 2230 2043 133 1962 187 1896 1850 1771
is_linear=0
shrinkage=0.05


Tree=30
num_leaves=14
num_cat=0
split_feature=16 19 21 166 13 170 131 36 119 178 77 167 43
split_gain=0.108149 0.00622066 0.00348015 0.00190129 0.00161276 0.000332952 0.00024008 0.000142274 8.83488e-05 0.00011668 5.86804e-05 5.61576e-05 3.15477e-05
threshold=17.565000000000005 0.012788571428571425 0.15972222222222224 0.021386437500000004 0.0019650414444444451 0.027597018500000004 20.837174125450115 263.51441180000006 6.9500000000000011 37.250000000000007 275.00887565000005 0.20926003943750002 0.43950000000000006
decision_type=2 2 2 2 2 2 2 2 2 2 2 2 2
left_child=1 2 -1 6 5 -5 -4 -8 -9 11 -11 12 -10
right_child=-2 -3 3 4 -6 -7 7 8 9 10 -12 -13 -14
leaf_value=0.00034629770767588791 0.0022181016748818064 -0.00060860141808672828 -0.00015852191668341441 -0.00010697441070669921 0 -0.00046465649303571287 0 0 -2.9579518840713048e-05 -0.00010809551308619114 0 0 0
leaf_weight=53.110095381736755 52.526879847049713 49.545521795749664 56.023552656173706 63.903764128684998 69.479279041290283 55.87314510345459 90.15777462720871 71.824740767478943 1697.8860354423523 137.84750998020172 74.473405301570892 63.906173169612885 101.94176828861237
leaf_count=55 58 76 53 59 68 56 85 67 1656 139 69 98 99
internal_value=-4.36366e-06 -5.22796e-05 -3.92066e-05 -4.96e-05 -0.000207068 -0.000317689 -3.43459e-05 -2.8935e-05 -3.22162e-05 -3.43527e-05 -8.31725e-05 -2.60681e-05 -2.79575e-05
internal_weight=2638.5 2585.97 2536.43 2483.32 189.256 119.777 2294.06 2238.04 2147.88 2076.05 212.321 1863.73 1799.83
internal_count=2638 2580 2504 2449 183 115 2266 2213 2128 2061 208 1853 1755
is_linear=0
shrinkage=0.05


Tree=31
num_leaves=16
num_cat=0
split_feature=19 16 21 166 2 119 49 116 139 16 165 99 13 89 15
split_gain=0.105226 0.00582811 0.00317336 0.00172355 0.00161713 0.000704285 0.000215517 0.000295651 0.000176994 0.000298762 9.23268e-05 8.74614e-05 3.21738e-05 1.59559e-05 3.04065e-06
threshold=0.014581428571428573 15.595000000000002 0.15972222222222224 0.021386437500000004 0.0022029005000000004 15.750000000000002 958.85000000000014 285.97294505000008 68.709202328394497 0.23000000000000001 0.0017039257500000001 2.4000000000000346 0.001721190277777778 54.95000000000001 0.0018083333333333335
decision_type=2 2 2 2 2 2 2 2 2 2 2 2 2 2 2
left_child=1 2 -1 6 5 -5 7 -4 10 -10 13 -12 -11 14 -8
right_child=-2 -3 3 4 -6 -7 8 -9 9 12 11 -13 -14 -15 -16
leaf_value=0.00032930280560890864 0.0022166878330850685 -0.0005807624207895258 -0.000120942851641696 -0.00016880746128258739 -0.00044183217295336579 6.0643085394324385e-06 -3.7706804210297322e-05 0 7.8724739296845178e-05 -2.8408687324655961e-05 -2.4770700566101463e-05 6.1922268116774965e-05 0 0 0
leaf_weight=53.110095381736755 51.175728440284729 51.244868397712708 175.40171813964844 75.906540513038635 55.87314510345459 57.476502656936646 1397.4709317088127 54.977319121360779 100.50018060207367 244.68943893909454 50.548592180013657 47.775720745325089 79.226990222930908 63.051725625991821 80.070147752761841
leaf_count=55 75 53 164 70 56 57 1386 51 93 230 71 69 75 58 75
internal_value=-4.32475e-06 -5.10263e-05 -3.81268e-05 -4.81283e-05 -0.000198449 -5.67615e-05 -3.34652e-05 -8.92032e-05 -2.47796e-05 0 -3.22918e-05 0 -1.90449e-05 -3.54823e-05 -3.66014e-05
internal_weight=2638.5 2587.32 2536.08 2482.97 189.256 133.383 2293.71 230.379 2063.33 424.417 1638.92 98.3243 323.916 1540.59 1477.54
internal_count=2638 2563 2510 2455 183 127 2272 215 2057 398 1659 140 305 1519 1461
is_linear=0
shrinkage=0.05


Tree=32
num_leaves=14
num_cat=0
split_feature=165 15 22 138 28 135 172 77 14 119 118 77 89
split_gain=0.103035 0.00600751 0.00178931 0.00330027 0.00377947 0.000385614 0.000168923 0.00015359 0.000149057 9.61568e-05 8.94453e-05 4.4251e-05 1.53847e-05
threshold=0.0080307345625000009 0.0072406250000000014 3.5000000000000004 4.745000000000001 32.150000000000006 1.0900000000000003 0.0017528571428571426 273.27838950000006 0.0008887255000000001 7.5500000000000007 24.150000000000002 283.59583335000008 54.95000000000001
decision_type=2 2 2 2 2 2 2 2 2 2 2 2 2
left_child=1 2 3 4 -1 -4 9 -8 -5 -7 -9 12 -11
right_child=-2 -3 5 8 -6 6 7 10 -10 11 -12 -13 -14
leaf_value=0 0.0016166638045532402 -0.00053354394231018023 -0.00012702490126963517 0 -0.00061658431686097874 0 6.4682273959386415e-05 0 -5.7453749070097651e-05 -3.6212787916421315e-05 -3.1798465262380817e-05 0 0
leaf_weight=46.04037618637085 93.306646764278412 68.22245579957962 120.24795687198639 62.039197564125061 68.517272114753723 47.508248209953308 85.186691302806139 94.574452172964811 185.01287150382996 1362.5938544869423 243.27906212210655 98.918834805488586 63.051725625991821
leaf_count=52 95 77 114 70 95 44 95 94 197 1304 252 91 58
internal_value=-4.18792e-06 -6.61836e-05 -5.10833e-05 -0.000157288 -0.000383329 -3.04998e-05 -2.21165e-05 0 -3.11941e-05 -2.98185e-05 -8.30782e-06 -3.27782e-05 -3.50207e-05
internal_weight=2638.5 2545.19 2476.97 361.61 114.558 2115.36 1995.11 423.04 247.052 1572.07 337.854 1524.56 1425.65
internal_count=2638 2543 2466 414 147 2052 1938 441 267 1497 346 1453 1362
is_linear=0
shrinkage=0.05


Tree=33
num_leaves=17
num_cat=0
split_feature=131 19 16 59 166 13 75 119 49 13 16 85 111 138 15 73
split_gain=0.0988722 0.00671238 0.00497469 0.00219221 0.00203309 0.00160743 0.000145746 0.000111928 8.81988e-05 8.08638e-05 3.61158e-05 4.78e-05 4.92346e-05 2.35906e-05 1.79901e-05 1.35006e-05
threshold=20.837174125450115 0.012788571428571425 15.595000000000002 14.127700000000003 0.021386437500000004 0.0019650414444444451 9.1500000000000004 6.8500000000000005 969.55000000000007 0.001721190277777778 1.9000000000000001 276.50478095000011 3.1500000000000008 3.7050000000000005 2.8125000000000006e-05 16.950000000000003
decision_type=2 2 2 2 2 2 2 2 2 2 2 2 2 2 2 2
left_child=-1 2 3 4 6 -6 8 -8 -2 -10 11 12 -9 -11 -14 -16
right_child=1 -3 -4 -5 5 -7 7 10 9 13 -12 -13 14 -15 15 -17
leaf_value=0.0018188087265248504 3.4292925068341152e-05 -0.0006353383138704401 -0.00053272083573824855 0.00027632282348521731 -0.00031290238227922736 0 0 0 -2.1248202125300974e-05 2.9983198439132707e-05 0 -8.3834996844646505e-06 0 0 0 -6.8145645578469391e-05
leaf_weight=71.187514841556549 84.032395839691162 49.545521795749664 51.244868397712708 51.673398196697235 118.28336179256439 69.479279041290283 59.38725358247757 70.103358447551727 728.36906903982162 64.655609250068665 141.7950788512826 380.01009780168533 69.855170786380768 59.756993792951107 71.591579735279083 497.52909433841705
leaf_count=72 78 76 53 53 115 68 55 69 708 64 155 374 67 65 71 495
internal_value=-4.08801e-06 -5.72694e-05 -4.36611e-05 -3.12622e-05 -4.00253e-05 -0.000201448 -2.40876e-05 -3.57512e-05 -2.67076e-06 -1.22053e-05 -3.95843e-05 -4.3053e-05 -5.45537e-05 6.14762e-07 -5.91138e-05 -6.32573e-05
internal_weight=2638.5 2567.31 2517.77 2466.52 2414.85 187.763 2227.09 1290.27 936.814 852.782 1230.88 1089.09 709.079 124.413 638.976 569.121
internal_count=2638 2566 2490 2437 2384 183 2201 1286 915 837 1231 1076 702 129 633 566
is_linear=0
shrinkage=0.05


Tree=34
num_leaves=17
num_cat=0
split_feature=16 19 21 166 2 134 119 36 2 119 116 99 28 134 43 75
split_gain=0.095724 0.00620042 0.00250298 0.00185778 0.00180988 0.000906008 0.000598739 0.000112633 8.01878e-05 6.97839e-05 0.000155399 4.74493e-05 0.000352148 2.85556e-05 2.81139e-05 8.65629e-06
threshold=17.565000000000005 0.012788571428571425 0.15972222222222224 0.021386437500000004 0.0022029005000000004 3.2500000000000004 15.750000000000002 263.51441180000006 0.00064742850000000008 6.9500000000000011 276.95223250000009 2.4000000000000346 41.500000000000007 4.1350000000000007 0.43950000000000006 15.850000000000003
decision_type=2 2 2 2 2 2 2 2 2 2 2 2 2 2 2 2
left_child=1 2 -1 5 6 -4 -5 -7 9 -9 15 -10 -13 -12 -15 -11
right_child=-2 -3 3 4 -6 7 -8 8 11 10 13 12 -14 14 -16 -17
leaf_value=0.00028810415922498901 0.0020866897967809109 -0.00060419987517650639 -0.00023940849798898011 -0.00015670296233826733 -0.00045505173377344114 0 0 0 -1.8737673146481339e-05 0 0 0.00013696228361776978 0 -2.4664880403954821e-05 0 -0.00010970035941757918
leaf_weight=53.110095381736755 52.526879847049713 49.545521795749664 54.855327725410461 75.906540513038635 55.87314510345459 90.18516480922699 57.476502656936646 68.614365518093109 90.283227115869522 94.484586656093597 62.592926621437073 50.546561002731323 42.729750841856003 1514.0871904492378 106.24270677566528 119.43915271759033
leaf_count=55 58 76 52 70 56 85 57 64 116 90 58 57 65 1462 104 113
internal_value=-4.09217e-06 -4.92836e-05 -3.62397e-05 -4.53022e-05 -0.00020044 -3.02432e-05 -5.39859e-05 -2.27826e-05 -2.59189e-05 -2.89213e-05 -3.09614e-05 0 3.03034e-05 -2.15227e-05 -2.2916e-05 -8.15048e-05
internal_weight=2638.5 2585.97 2536.43 2483.32 189.256 2294.06 133.383 2239.21 2149.02 1965.46 1896.85 183.56 93.2763 1682.92 1620.33 213.924
internal_count=2638 2580 2504 2449 183 2266 127 2214 2129 1891 1827 238 122 1624 1566 203
is_linear=0
shrinkage=0.05


Tree=35
num_leaves=19
num_cat=0
split_feature=134 15 19 141 75 110 165 181 135 49 137 134 121 110 111 163 91 29
split_gain=0.124227 0.00593017 0.00299931 0.00373584 0.00196266 0.00544262 0.00214018 0.000239037 0.000146025 0.000131222 0.000272957 0.000577524 5.7154e-05 1.47859e-05 1.29601e-05 8.1699e-06 4.67905e-06 4.69665e-07
threshold=2.9500000000000006 0.0072406250000000014 0.0038071428571428557 37.610000000000007 19.050000000000004 26.350000000000005 0.011893022250000001 -0.018309458187500002 1.0900000000000003 984.25000000000011 0.44500000000000006 12.775000000000002 2.0500000000000003 8.4500000000000011 1.7500000000000002 0.098817447750000023 35.300000000000004 46.550000000000004
decision_type=2 2 2 2 2 2 2 2 2 2 2 2 2 2 2 2 2 2
left_child=-1 2 4 -4 6 -6 7 9 -9 10 -2 -12 14 -11 -10 16 -16 -15
right_child=1 -3 3 -5 5 -7 -8 8 12 13 11 -13 -14 17 15 -17 -18 -19
leaf_value=0.0023576691241830642 0 -0.00053388720554609222 -0.00066310069833402463 0 0.0005634219897587611 -5.709487490954201e-05 -0.00032441826579335015 -0.00010565894907001128 0 0 0.00021507685538429416 0 0 0 -3.1445262693487204e-05 0 0 -4.0206673974284667e-05
leaf_weight=53.632060885429382 171.04966723918915 62.766047835350037 42.097194612026215 55.087342321872711 51.380678914487362 73.418965172022581 64.841256737709045 117.20316922664642 47.200770329684019 53.326351523399353 49.646457076072693 51.227088570594788 123.99465200677514 63.510090827941895 1356.1735222935677 62.385469619184732 58.146156549453735 91.535982728004456
leaf_count=56 165 72 55 98 55 70 63 111 47 51 48 54 123 61 1291 93 54 88
internal_value=0 -5.15188e-05 -3.73825e-05 -0.000312858 -2.42116e-05 0.000161077 -3.64497e-05 -2.57674e-05 -3.43932e-05 0 2.81717e-05 9.39395e-05 -2.62312e-05 -2.3072e-05 -2.89435e-05 -2.97727e-05 -3.06581e-05 -3.08401e-05
internal_weight=2648.62 2594.99 2532.22 97.1845 2435.04 124.8 2310.24 2245.4 1765.1 480.296 271.923 100.874 1647.9 208.372 1523.91 1476.71 1414.32 155.046
internal_count=2655 2599 2527 153 2374 125 2249 2186 1719 467 267 102 1608 200 1485 1438 1345 149
is_linear=0
shrinkage=0.05


Tree=36
num_leaves=21
num_cat=0
split_feature=134 11 7 67 165 102 22 137 172 24 178 43 172 137 77 77 128 179 92 50
split_gain=0.112381 0.00453298 0.00515597 0.00218214 0.00236386 0.000950768 0.000860761 0.000262326 0.00068473 0.000395278 0.00015527 0.000163981 0.000349632 0.000583329 0.000108896 2.48494e-05 1.45604e-05 6.00082e-06 5.97231e-06 3.97812e-06
threshold=2.9500000000000006 0.0043538217083333346 0.18355000000000002 20.250000000000004 0.0053301693124999999 -5.049999999999998 5.5000000000000009 0.03500000000000001 0.0046628571428571422 47.850000000000001 37.250000000000007 0.35950000000000004 0.0017528571428571426 0.43500000000000005 275.04399345000007 271.05127660000005 9.0731486852525762 22.050000000000001 22.250000000000004 1015.6500000000002
decision_type=2 2 2 2 2 2 2 2 2 2 2 2 2 2 2 2 2 2 2 2
left_child=-1 3 -3 4 5 -2 -6 8 -7 -10 11 15 16 -14 -12 -9 -13 18 19 -17
right_child=1 2 -4 -5 6 7 -8 10 9 -11 14 12 13 -15 -16 17 -18 -19 -20 -21
leaf_value=0.0022419434391723167 0.00017556322753060948 -0.00063478445196493575 0 0.0002781182913387056 -0.00037415127348846481 0 -2.7693543645773378e-06 0 -0.00022935947675003046 0 -0.00010405345833352372 0 0 0.00021790001222465947 0 0 -1.2912486483204414e-05 0 0 -2.8316631867811706e-05
leaf_weight=53.632060885429382 48.728915452957153 68.803503930568695 67.946645103394985 50.69495165348053 73.603219330310822 205.21920543909073 57.317992925643921 30.579894661903381 91.764149069786072 58.458943068981171 114.57367515563965 95.664687156677246 57.684178411960602 47.86202472448349 90.001033067703247 48.094237387180328 327.81986486911774 55.050066411495209 57.636876821517944 947.48679894208908
leaf_count=56 49 88 135 51 75 194 54 30 88 64 109 88 64 46 83 45 304 52 54 926
internal_value=-3.67408e-07 -4.94823e-05 -0.000332591 -3.15711e-05 -4.02809e-05 -2.58796e-05 -0.000250713 -3.26056e-05 -7.82033e-05 -0.000160422 -2.12439e-05 -1.2351e-05 3.36786e-06 8.99292e-05 -6.90123e-05 -2.4036e-05 -6.5881e-06 -2.54885e-05 -2.64162e-05 -2.74437e-05
internal_weight=2648.62 2594.99 136.75 2458.24 2407.55 2276.62 130.921 2227.9 355.442 150.223 1872.45 1667.88 529.031 105.546 204.575 1138.85 423.485 1108.27 1053.22 995.581
internal_count=2655 2599 223 2376 2325 2196 129 2147 346 152 1801 1609 502 110 192 1107 392 1077 1025 971
is_linear=0
shrinkage=0.05


Tree=37
num_leaves=20
num_cat=0
split_feature=131 15 19 141 180 120 165 135 111 49 178 85 110 108 177 107 13 135 13
split_gain=0.104633 0.00485028 0.00343013 0.00287087 0.00171638 0.00537802 0.00125845 0.000168547 0.000166428 0.00021621 8.78106e-05 4.89165e-05 3.00204e-05 2.79242e-05 2.60149e-05 2.17119e-05 2.01101e-05 1.26516e-05 6.3656e-07
threshold=17.501070378404449 0.0072406250000000014 0.0038071428571428557 37.610000000000007 33.771428571428579 284.5075865500001 0.011893022250000001 1.0900000000000003 3.1500000000000008 976.6500000000002 37.250000000000007 271.03998875000008 5.4500000000000011 275.95315475000001 29.387500000000006 1.1500000000000001 0.0035040081111111115 6.910000000000001 0.0014817087916666669
decision_type=2 2 2 2 2 2 2 2 2 2 2 2 2 2 2 2 2 2 2
left_child=-1 2 4 -4 6 -6 7 -2 9 -9 11 -10 -13 -12 15 -14 17 -17 -11
right_child=1 -3 3 -5 5 -7 -8 8 10 18 13 12 14 -15 -16 16 -18 -19 -20
leaf_value=0.0021497124871811238 -9.5507698825879195e-05 -0.00048556866009250021 -0.00053775888423916165 0 -0.00011913305307016175 0.00047140914840906238 -0.00025460822658220994 0.00010271362905699544 0 -3.17545814066017e-06 -0.00010642531160405815 0 0 0 0 0 0 -2.5183610964488212e-05 0
leaf_weight=54.286469757556915 110.03122305870056 62.766047835350037 60.997516393661499 55.087342321872711 65.426111161708832 68.287652492523193 65.720881462097168 51.86822783946991 44.578703165054321 156.82153254747391 73.224147915840149 43.747435640543699 54.093340396881104 53.537336230278015 62.166136991232634 68.987550795078278 63.046680081635714 1380.3003348112106 53.648253571242094
leaf_count=55 105 72 74 98 61 65 64 49 43 151 72 46 51 51 61 66 82 1333 56
internal_value=-7.05551e-07 -4.84405e-05 -3.54409e-05 -0.00030303 -2.03918e-05 0.000146602 -3.2428e-05 -2.34718e-05 -1.72916e-05 8.09106e-06 -2.36162e-05 -1.66715e-05 -1.89321e-05 -7.76771e-05 -2.03495e-05 -2.1726e-05 -2.29076e-05 -2.41296e-05 0
internal_weight=2648.62 2594.34 2531.57 116.085 2415.49 133.714 2281.77 2216.05 2106.02 262.338 1843.68 1716.92 1672.34 126.761 1628.59 1566.43 1512.33 1449.29 210.47
internal_count=2655 2600 2528 172 2356 126 2230 2166 2061 256 1805 1682 1639 123 1593 1532 1481 1399 207
is_linear=0
shrinkage=0.05


Tree=38
num_leaves=19
num_cat=0
split_feature=134 11 7 75 136 172 19 137 171 75 49 13 30 77 16 85 7 111
split_gain=0.0961427 0.00381686 0.00433771 0.00186143 0.00546197 0.00144767 0.00149346 0.000222722 0.000172229 0.000144884 0.000178483 8.93269e-05 4.33719e-05 3.95934e-05 2.16958e-05 2.38084e-05 2.09077e-05 2.51397e-05
threshold=2.9500000000000006 0.0043538217083333346 0.18355000000000002 18.950000000000003 0.97000000000000008 0.018424285714285716 0.0038071428571428557 1.0000000180025095e-35 -5.607142857142846e-05 9.1500000000000004 969.55000000000007 0.001721190277777778 0.77285714285714546 271.50562155000006 2.4550000000000005 277.53298175000003 0.12520000000000001 4.8500000000000005
decision_type=2 2 2 2 2 2 2 2 2 2 2 2 2 2 2 2 2 2
left_child=-1 3 -3 5 -5 6 7 8 -2 10 -9 -12 13 -11 15 16 17 -15
right_child=1 2 -4 4 -6 -7 -8 9 -10 12 11 -13 -14 14 -16 -17 -18 -19
leaf_value=0.0020728675276703227 0 -0.00058399999482627591 0 -6.520314163398627e-05 0.00054822319335452935 -0.00028362460066102901 -0.00026700389054955584 8.158171311066617e-05 -0.0001455515275913036 0 -1.7066889245749951e-05 2.2247887886460165e-05 0 0 0 0 0 -4.7221451050460864e-05
leaf_weight=53.632060885429382 114.3977324962616 68.803503930568695 67.946645103394985 78.915048182010651 52.47798216342926 64.841256737709045 69.136786282062531 62.63586437702179 79.345160126686096 62.135738790035248 670.1356098651886 101.03236144781113 53.730899095535278 125.70914423465729 75.958620369434357 227.74891126155853 68.210806787014008 551.82879233360291
leaf_count=56 108 88 135 77 51 63 89 58 73 62 639 96 50 119 72 211 78 530
internal_value=-9.48076e-07 -4.65168e-05 -0.000306761 -2.98875e-05 0.000144321 -4.19305e-05 -3.26705e-05 -2.28851e-05 -8.08048e-05 -1.47344e-05 0 -5.41876e-06 -2.61317e-05 -2.85184e-05 -3.09134e-05 -3.29512e-05 -3.86865e-05 -4.15226e-05
internal_weight=2648.62 2594.99 136.75 2458.24 131.393 2326.85 2262.01 2192.87 193.743 1999.13 833.804 771.168 1165.32 1111.59 1049.46 973.498 745.749 677.538
internal_count=2655 2599 223 2376 128 2248 2185 2096 181 1915 793 735 1122 1072 1010 938 727 649
is_linear=0
shrinkage=0.05


Tree=39
num_leaves=21
num_cat=0
split_feature=131 181 49 128 75 110 165 104 16 36 13 15 111 15 52 16 88 171 93 88
split_gain=0.088981 0.00449728 0.00464036 0.00268191 0.00184695 0.00540266 0.00183286 0.00154364 0.000270256 0.000118866 8.36225e-05 4.05798e-05 3.35751e-05 6.73859e-05 2.08637e-05 1.24741e-05 3.25778e-06 3.42003e-06 1.743e-07 3.70858e-07
threshold=17.501070378404449 0.024472661437500001 980.1500000000002 9.8188820135672241 18.950000000000003 26.550000000000004 0.0042807069375000008 0.95000000000000018 13.610000000000001 262.89506125000008 0.001721190277777778 6.2500000000000015e-05 7.6500000000000012 0.00095000000000000011 627.50000000000011 2.4550000000000005 17.487500000000004 0.0049226785714285718 275.64833275000007 43.412500000000009
decision_type=2 2 2 2 2 2 2 2 2 2 2 2 2 2 2 2 2 2 2 2
left_child=-1 4 3 -3 6 -6 8 -8 9 -2 11 18 13 -12 15 16 -13 -18 19 -11
right_child=1 2 -4 -5 5 -7 7 -9 -10 10 12 14 -14 -15 -16 -17 17 -19 -20 -21
leaf_value=0.001981634859626815 3.0553150517817493e-05 -0.0006997166873035915 0 0 0.00055305402392694656 -6.0969746461115683e-05 0 -0.00035424382400980507 -0.00014695116829390917 -2.7744706803331341e-06 0 0 -1.182150844064635e-05 4.930560038984639e-05 0 0 -3.2985505356942535e-05 0 0 0
leaf_weight=54.286469757556915 45.185506582260132 67.345613062381744 88.632838271558285 35.686887204647064 52.019201993942261 75.769015610218048 58.449917435646057 82.069752931594849 52.882282614707947 176.05233943462372 53.935262084007263 97.56686544418335 138.16617846488953 94.824828922748566 54.383491039276123 91.619333028793335 1152.8607016801834 65.112917482852936 56.340488910675049 55.433032512664795
leaf_count=55 42 106 144 54 52 71 55 82 50 165 50 90 131 92 52 86 1092 81 52 53
internal_value=-1.25148e-06 -4.54174e-05 -0.000280478 -0.000507152 -2.44772e-05 0.000152513 -3.6679e-05 -0.000215385 -2.24766e-05 -1.68442e-05 -2.03647e-05 -2.45385e-05 0 2.07514e-05 -2.8107e-05 -2.9284e-05 -3.06744e-05 -3.1983e-05 0 -1.36905e-06
internal_weight=2648.62 2594.34 191.665 103.033 2402.67 127.788 2274.88 140.52 2134.36 2081.48 2036.3 1749.37 286.926 148.76 1461.54 1407.16 1315.54 1217.97 287.826 231.485
internal_count=2655 2600 304 160 2296 123 2173 137 2036 1986 1944 1671 273 142 1401 1349 1263 1173 270 218
is_linear=0
shrinkage=0.05


Tree=40
num_leaves=19
num_cat=0
split_feature=165 181 16 131 128 80 16 43 178 43 28 77 85 52 177 92 15 22
split_gain=0.0793654 0.00500172 0.0033685 0.00272587 0.00219856 0.000659597 0.000278901 0.00166538 0.000182371 0.000123798 0.000330969 8.84939e-05 6.54046e-05 3.31042e-05 5.85745e-06 2.79186e-06 2.09977e-06 2.06725e-06
threshold=0.0080307345625000009 0.024472661437500001 0.44500000000000006 23.067876114224372 10.515540806382498 34.51250000000001 6.3750000000000009 0.32750000000000007 37.250000000000007 0.35650000000000004 34.100000000000009 275.00887565000005 271.10367455000005 179.50000000000003 29.387500000000006 24.250000000000004 0.0021656250000000004 9.5000000000000018
decision_type=2 2 2 2 2 2 2 2 2 2 2 2 2 2 2 2 2 2
left_child=1 3 -3 -1 -4 6 8 -8 9 12 13 -10 -5 -11 15 16 -14 -15
right_child=-2 2 4 5 -6 -7 7 -9 11 10 -12 -13 14 17 -16 -17 -18 -19
leaf_value=-0.00032804797918374758 0.001466430771040271 0 -0.0006112341444935727 0 0 0.00013021601593146787 -0.0003068981824258985 0 -0.00010344317256325835 -1.5493411395037251e-05 0.00010653080402477987 0 -2.7838106999644405e-05 8.2734659413411761e-06 0 0 0 0
leaf_weight=78.001227498054504 87.519602298736572 63.079190194606781 83.814010176807642 34.975746989250183 36.491952002048492 56.867635905742645 60.577672243118286 99.082099854946136 116.85267347097397 445.58867239952087 69.754604816436768 82.123021125793457 1016.5470651984215 74.501943588256836 53.297720909118652 53.239446997642517 74.92643940448761 86.936498880386353
leaf_count=73 89 106 132 33 54 54 60 96 113 415 73 76 978 71 52 50 69 80
internal_value=-3.71321e-06 -5.59353e-05 -0.000310438 -3.43144e-05 -0.000464657 -2.2175e-05 -2.82543e-05 -0.000100921 -2.03373e-05 -1.22915e-05 0 -7.21101e-05 -2.2017e-05 -6.34016e-06 -2.52044e-05 -2.60307e-05 -2.6777e-05 0
internal_weight=2674.18 2586.66 183.385 2403.27 120.306 2325.27 2268.4 159.66 2108.74 1909.77 676.782 198.976 1232.99 607.027 1198.01 1144.71 1091.47 161.438
internal_count=2674 2585 292 2293 186 2220 2166 156 2010 1821 639 189 1182 566 1149 1097 1047 151
is_linear=0
shrinkage=0.05


Tree=41
num_leaves=22
num_cat=0
split_feature=59 69 16 22 13 129 181 102 140 171 75 119 85 77 49 137 13 16 103 137 88
split_gain=0.072443 0.0091128 0.00638502 0.00273797 0.00218389 0.00138328 0.00145378 0.000986555 0.000407425 0.000379831 0.000145107 8.87198e-05 7.79523e-05 0.000117976 6.89674e-05 3.59205e-05 2.5185e-05 4.3105e-06 1.63598e-06 1.29605e-06 6.4467e-07
threshold=14.127700000000003 271.45949460000003 15.595000000000002 3.5000000000000004 0.00016063940972222226 2.5000000000000004 -0.0067083383749999984 -4.9500000000000002 69.845000000000013 -0.0022871428571428569 9.1500000000000004 7.3500000000000005 276.50478095000011 271.50562155000006 968.55000000000007 0.34500000000000003 0.0017787170069444448 0.055000000000000007 824.45000000000016 0.93500000000000016 44.987500000000004
decision_type=2 2 2 2 2 2 2 2 2 2 2 2 2 2 2 2 2 2 2 2 2
left_child=1 -1 3 4 18 -6 -7 -5 10 -10 14 -12 13 -13 -9 -15 -16 -17 -3 -18 -14
right_child=-2 2 -4 7 5 6 -8 8 9 -11 11 12 20 15 16 17 19 -19 -20 -21 -22
leaf_value=0.0005826043365658207 0.0016806650522827816 -7.7186863778278277e-06 -0.00056562470252401209 0.00019277530593750811 0 -0.00015195055658147466 -0.00055947740418396045 5.6841282385306456e-05 0 -0.00014333236264819034 0 0 -2.3583897623214592e-06 0 -1.1326669696862262e-05 0 7.3873455431732565e-06 -5.9828570796359658e-05 0 0 0
leaf_weight=54.007924973964691 61.195655941963196 67.648518919944763 62.007140219211578 45.837289582937956 55.059030175209045 108.53860265016556 67.031425774097443 48.587736964225769 80.392227411270142 150.11535310745239 34.333304941654205 49.905775435268879 329.13541455939412 61.114557385444641 584.89294332265854 56.569478988647461 58.372463498264551 478.8334047421813 87.842554807662964 49.833179712295532 82.923240840435028
leaf_count=55 65 64 66 46 66 110 99 45 74 141 32 56 320 59 554 58 65 465 104 50 80
internal_value=-3.73366e-06 -4.57227e-05 -6.11593e-05 -4.64088e-05 -0.000170636 -0.000268763 -0.000338146 -2.12474e-05 -2.85092e-05 -9.648e-05 -1.71966e-05 -2.87732e-05 -3.26202e-05 -4.51883e-05 0 -5.20206e-05 -4.19312e-06 -5.64081e-05 0 0 -7.37293e-07
internal_weight=2674.18 2612.98 2558.97 2496.97 386.12 230.629 175.57 2110.85 2065.01 230.508 1834.5 1092.82 1058.48 646.423 741.686 596.517 693.099 535.403 155.491 108.206 412.059
internal_count=2674 2609 2554 2488 443 275 209 2045 1999 215 1784 1070 1038 638 714 582 669 523 168 115 400
is_linear=0
shrinkage=0.05


Tree=42
num_leaves=22
num_cat=0
split_feature=165 181 49 131 129 116 43 16 92 28 111 116 14 128 165 52 116 165 16 92 91
split_gain=0.070102 0.00435365 0.00428882 0.00257174 0.00227158 0.000658766 0.000212772 0.000614631 0.0007201 0.000216917 0.000315978 0.00013975 6.35099e-05 2.61234e-05 1.55375e-05 3.35292e-05 1.05742e-05 1.02088e-05 1.07632e-05 9.93554e-06 1.35006e-06
threshold=0.0080307345625000009 0.024472661437500001 980.1500000000002 23.067876114224372 2.5000000000000004 273.15631070000006 0.35650000000000004 6.3750000000000009 6.1500000000000012 34.100000000000009 7.7500000000000009 279.71080380000006 0.030814855000000002 9.0403820460690181 5.1937500000000017e-06 98.500000000000014 295.8212415000001 2.1312500000000006e-06 0.045000000000000005 23.500000000000004 31.750000000000004
decision_type=2 2 2 2 2 2 2 2 2 2 2 2 2 2 2 2 2 2 2 2 2
left_child=1 3 4 -1 -3 -5 7 12 -9 11 -11 -8 13 -7 15 -13 17 -15 -19 -20 -16
right_child=-2 2 -4 5 -6 6 9 8 -10 10 -12 14 -14 16 20 -17 -18 18 19 -21 -22
leaf_value=-0.00031785419719966329 0.0013778338743216678 0 0 0.00014642722002031609 -0.00066511793955439621 0 -4.9021099977527522e-05 0 -0.00029506234209762477 0.00015120195928121922 0 0 0 0 -7.7488382303640118e-06 4.4065239498352485e-05 0 0 -4.0149395674517772e-05 0 0
leaf_weight=78.001227498054504 87.519602298736572 34.351659905165434 77.747877798974514 47.830719947814941 71.285614669322968 176.5706799030304 216.36304831504822 48.217575192451477 52.188692450523376 49.707301616668701 58.177897989749908 88.054931402206421 142.12220597267151 101.08333575725555 312.69124245643616 54.211399793624878 72.054416298866272 76.902961015701294 721.64451152086258 53.233712434768677 54.216609716415405
leaf_count=73 89 67 129 44 96 164 202 49 51 51 61 81 133 93 294 50 70 76 701 50 50
internal_value=-3.7185e-06 -5.291e-05 -0.000290654 -3.25756e-05 -0.000496609 -2.0724e-05 -2.64917e-05 -3.84018e-05 -0.000167069 0 5.824e-05 -1.54294e-05 -2.49511e-05 -2.8778e-05 0 1.27756e-05 -3.21616e-05 -3.37671e-05 -3.6129e-05 -3.83322e-05 -6.48245e-06
internal_weight=2674.18 2586.66 183.385 2403.27 105.637 2325.27 2277.44 1444.02 100.406 833.422 107.885 725.537 1343.61 1201.49 509.174 142.266 1024.92 952.865 851.781 774.878 366.908
internal_count=2674 2585 292 2293 163 2220 2176 1387 100 789 112 677 1287 1154 475 131 990 920 827 751 344
is_linear=0
shrinkage=0.05


Tree=43
num_leaves=22
num_cat=0
split_feature=59 69 15 22 16 30 102 134 172 85 49 36 25 142 110 77 15 76 91 131 169
split_gain=0.0640529 0.00808733 0.00568035 0.00198802 0.00175852 0.00224554 0.000906992 0.000412925 0.000340154 0.000140767 0.000183911 8.83443e-05 7.3189e-05 5.38598e-05 4.56835e-05 6.09325e-05 2.82164e-05 7.54013e-06 2.59977e-06 2.33046e-06 1.12372e-06
threshold=14.127700000000003 271.45949460000003 0.0065104166666666678 3.5000000000000004 0.20500000000000004 -1.7457142857142858 -4.9500000000000002 4.580000000000001 0.0046628571428571422 276.4607307500001 970.35000000000002 264.63679275000004 18.500000000000004 608.99191703452414 5.3500000000000005 271.38157100000006 0.0014177083333333335 1.0000000180025095e-35 34.050000000000004 39.184882750482181 0.0075751758124999995
decision_type=2 2 2 2 2 2 2 2 2 2 2 2 2 2 2 2 2 2 2 2 2
left_child=1 -1 3 4 -3 12 -5 8 -8 10 -9 -11 -6 14 -12 -16 17 -17 19 -13 -21
right_child=-2 2 -4 6 5 -7 7 9 -10 11 13 18 -14 -15 15 16 -18 -19 -20 20 -22
leaf_value=0.00054790189648790751 0.0015798466801433654 0 -0.00048616806850521039 0.00018120504494514598 -7.7206561474655363e-05 -0.00041203201200883235 0 -9.6225899847237543e-05 -0.00017395052939647747 6.3174538345074223e-05 0 0 0 0 0 -3.500929168146099e-05 0 0 0 -8.266741596741893e-06 0
leaf_weight=54.007924973964691 61.195655941963196 135.02387142181396 76.477428019046783 46.828857492655516 88.789857268333435 106.41164714097977 93.655993103981018 123.85525329038501 95.640066385269165 49.255695998668671 59.914840541779995 52.110100507736206 47.301356494426727 92.296696722507477 49.370192468166351 590.4114482998848 97.57154293730855 106.61422926187515 75.000103056430817 517.35913544893265 55.085327178239822
leaf_count=55 65 145 86 47 102 110 88 117 88 46 61 48 70 90 50 572 105 102 72 488 67
internal_value=-3.86592e-06 -4.34592e-05 -5.81024e-05 -4.27114e-05 -0.000150532 -0.000230823 -2.09371e-05 -2.80505e-05 -0.000104393 -1.7592e-05 -2.88118e-05 0 -5.06899e-05 -1.53279e-05 -2.01919e-05 -2.39121e-05 -2.82619e-05 -3.18032e-05 -5.38161e-06 -6.544e-06 -7.54157e-06
internal_weight=2674.18 2612.98 2558.97 2482.5 377.527 242.503 2104.97 2058.14 189.296 1868.84 1120.03 748.81 136.091 996.179 903.882 843.967 794.597 697.026 699.555 624.555 572.444
internal_count=2674 2609 2554 2468 427 282 2041 1994 176 1818 1097 721 172 980 890 829 779 674 675 603 555
is_linear=0
shrinkage=0.05


Tree=44
num_leaves=19
num_cat=0
split_feature=19 134 13 15 165 104 66 19 166 111 181 101 42 43 14 36 14 101
split_gain=0.0696128 0.00446435 0.00323766 0.0016933 0.00217733 0.00068263 0.000419978 9.6259e-05 0.000322813 0.000111557 0.000142676 2.3131e-05 2.29225e-05 6.04294e-06 4.74986e-06 6.00934e-06 1.54148e-05 1.05319e-06
threshold=0.014581428571428573 3.2500000000000004 0.005645266708333335 0.004306250000000001 0.011893022250000001 3.7000000000000006 31.525000000000002 -0.00010428571428571426 0.021386437500000004 5.3500000000000005 -0.021338300312500013 -5.8065000999999929 0.67500000000000016 0.28250000000000003 0.049764735000000011 269.02931760000007 0.0084501875000000028 3.0913517000000188
decision_type=2 2 2 2 2 2 2 2 2 2 2 2 2 2 2 2 2 2
left_child=1 -1 3 4 5 6 7 9 13 10 -3 -11 14 -9 15 16 -13 -12
right_child=-2 2 -4 -5 -6 -7 -8 8 -10 11 17 12 -14 -15 -16 -17 -18 -19
leaf_value=-0.00048474049571138177 0.0018211222701884522 6.2364671557018831e-05 -0.00040487798807226945 0.00017329149836145145 -0.00034085912145238482 0.00010023754994991479 -0.00011902768555089743 0 -0.00015726934393296363 0 -3.294947296896487e-06 0 0 -1.8395680901786861e-05 0 0 -3.80921878761367e-05 0
leaf_weight=56.03187221288681 50.139321029186249 100.73598873615265 56.520283315330744 101.70443272590637 55.753230452537537 96.057333111763 136.64080190658569 65.572353363037109 60.532109141349792 49.56306928396225 241.52040356397629 113.59245431423187 97.145661771297455 667.57969009876251 52.449379205703735 296.49179875850677 314.43713939189911 61.709901571273804
leaf_count=53 74 98 79 98 53 89 134 67 59 50 235 107 93 677 53 276 319 60
internal_value=-3.80023e-06 -4.12555e-05 -2.94478e-05 -1.8851e-05 -2.91029e-05 -1.94545e-05 -2.68019e-05 -1.84522e-05 -3.41361e-05 -5.29425e-06 9.81311e-06 -1.73121e-05 -1.95643e-05 -1.69587e-05 -2.24549e-05 -2.36017e-05 -3.12572e-05 0
internal_weight=2674.18 2624.04 2568.01 2511.49 2409.78 2354.03 2257.97 2121.33 793.684 1327.65 403.966 923.68 874.116 733.152 776.971 724.521 428.03 303.23
internal_count=2674 2600 2547 2468 2370 2317 2228 2094 803 1291 393 898 848 744 755 702 426 295
is_linear=0
shrinkage=0.05


end of trees

feature_importances:
osi_trend_last6h=28
pre_event_max_outage_pct=27
pct_developed=27
nbr8_mean_last_N_t=27
R_t_mean_72h=25
wind_speed_max_next_48h=23
pre_event_mean_osi=20
min_t2m_next_6h=15
min_t2m_next_24h=15
self_minus_nbr8_mean_last_P_t=15
last_N_t=14
d2m_t=13
lcc_t=13
soil_moist_x_gust=12
sp_t=11
wind_speed_max_next_6h=11
pct_unmapped=11
pop_density=10
nbr8_mean_osi_trend_last6h=10
wind_speed_at_t6h=9
pct_wetland=9
soil_moist_t=8
cumul_tp_since_onset=8
t2m_at_t24h=8
log_customers=8
hours_since_peak=7
gust_max_obs=7
min_t2m_next_48h=7
wind_speed_at_t48h=7
nbr8_max_last_N_t=7
gust_gt30_obs=6
gust_trend_last6h_obs=6
gust_at_t6h=6
pct_forest=6
nbr8_max_osi_trend_last6h=6
R_t_max_72h=5
frac_zero_72h=5
gust_last_obs=5
pressure_change_3h=5
gust_at_t48h=5
pct_agriculture=5
pct_water=5
pct_forest_classified=5
last_R_t=4
osi_std_72h=4
dewpoint_c_t=4
total_tp_next_48h=4
wind_change_1h=4
nbr8_mean_gust_at_t1h=4
nbr8_max_gust_max_next_6h=4
osi_max_72h=3
gust_t=3
direct_rad_t=3
gust_mean_next_1h=3
min_t2m_next_1h=3
gust_peak4h_mean_next_24h=3
gust_max_next_48h=3
temp_change_6h=3
outage_pct_mean_72h=2
N_t_mean_72h=2
wind_speed_t=2
tcc_t=2
wind_speed_max_next_1h=2
gust_max_next_6h=2
gust_peak4h_mean_next_48h=2
cumul_gust_since_onset=2
t2m_at_t1h=2
t2m_at_t6h=2
tp_at_t48h=2
rural_urban_code=2
tree_canopy_pct=2
tree_canopy_std=2
forest_x_customers=2
nbr8_mean_gust_t=2
nbr8_mean_gust_max_next_6h=2
last_osi=1
last_P_t=1
last_outage_pct=1
storm_onset_max_osi=1
cumul_gust_obs=1
gust_max_last6h_obs=1
vpd_t=1
mslma_t=1
sdswrf_t=1
gust_exceed30_x_hso=1
gust_peak4h_mean_next_1h=1
total_tp_next_6h=1
gust_peak4h_mean_next_6h=1
gust_mean_next_24h=1
wind_speed_at_t1h=1
t2m_at_t48h=1
tp_rate_next_48h=1
nbr8_mean_last_P_t=1
nbr8_max_last_P_t=1
nbr8_mean_last_D_t=1
nbr8_mean_last_R_t=1
nbr8_max_last_R_t=1
nbr8_mean_gust_mean_next_6h=1
nbr8_max_gust_mean_next_6h=1

parameters:
[boosting: gbdt]
[objective: regression]
[metric: custom]
[tree_learner: serial]
[device_type: cpu]
[data_sample_strategy: bagging]
[data: ]
[valid: ]
[num_iterations: 2000]
[learning_rate: 0.05]
[num_leaves: 31]
[num_threads: 1]
[seed: 42]
[deterministic: 1]
[force_col_wise: 1]
[force_row_wise: 0]
[histogram_pool_size: -1]
[max_depth: -1]
[min_data_in_leaf: 50]
[min_sum_hessian_in_leaf: 0.001]
[bagging_fraction: 0.8]
[pos_bagging_fraction: 1]
[neg_bagging_fraction: 1]
[bagging_freq: 5]
[bagging_seed: 42]
[bagging_by_query: 0]
[feature_fraction: 0.8]
[feature_fraction_bynode: 1]
[feature_fraction_seed: 42]
[extra_trees: 0]
[extra_seed: 12879]
[early_stopping_round: 0]
[early_stopping_min_delta: 0]
[first_metric_only: 0]
[max_delta_step: 0]
[lambda_l1: 0.1]
[lambda_l2: 1]
[linear_lambda: 0]
[min_gain_to_split: 0]
[drop_rate: 0.1]
[max_drop: 50]
[skip_drop: 0.5]
[xgboost_dart_mode: 0]
[uniform_drop: 0]
[drop_seed: 42]
[top_rate: 0.2]
[other_rate: 0.1]
[min_data_per_group: 100]
[max_cat_threshold: 32]
[cat_l2: 10]
[cat_smooth: 10]
[max_cat_to_onehot: 4]
[top_k: 20]
[monotone_constraints: ]
[monotone_constraints_method: basic]
[monotone_penalty: 0]
[feature_contri: ]
[forcedsplits_filename: ]
[refit_decay_rate: 0.9]
[cegb_tradeoff: 1]
[cegb_penalty_split: 0]
[cegb_penalty_feature_lazy: ]
[cegb_penalty_feature_coupled: ]
[path_smooth: 0]
[interaction_constraints: ]
[verbosity: -1]
[saved_feature_importance_type: 0]
[use_quantized_grad: 0]
[num_grad_quant_bins: 4]
[quant_train_renew_leaf: 0]
[stochastic_rounding: 1]
[linear_tree: 0]
[max_bin: 255]
[max_bin_by_feature: ]
[min_data_in_bin: 3]
[bin_construct_sample_cnt: 200000]
[data_random_seed: 42]
[is_enable_sparse: 1]
[enable_bundle: 1]
[use_missing: 1]
[zero_as_missing: 0]
[feature_pre_filter: 1]
[pre_partition: 0]
[two_round: 0]
[header: 0]
[label_column: ]
[weight_column: ]
[group_column: ]
[ignore_column: ]
[categorical_feature: ]
[forcedbins_filename: ]
[precise_float_parser: 0]
[parser_config_file: ]
[objective_seed: 16083]
[num_class: 1]
[is_unbalance: 0]
[scale_pos_weight: 1]
[sigmoid: 1]
[boost_from_average: 1]
[reg_sqrt: 0]
[alpha: 0.9]
[fair_c: 1]
[poisson_max_delta_step: 0.7]
[tweedie_variance_power: 1.5]
[lambdarank_truncation_level: 30]
[lambdarank_norm: 1]
[label_gain: ]
[lambdarank_position_bias_regularization: 0]
[eval_at: ]
[multi_error_top_k: 1]
[auc_mu_weights: ]
[num_machines: 1]
[local_listen_port: 12400]
[time_out: 120]
[machine_list_filename: ]
[machines: ]
[gpu_platform_id: -1]
[gpu_device_id: -1]
[gpu_device_id_list: ]
[gpu_use_dp: 0]
[num_gpu: 1]

end of parameters

pandas_categorical:[]
