tree
version=v4
num_class=1
num_tree_per_iteration=1
label_index=0
max_feature_idx=190
objective=huber
feature_names=last_osi last_P_t last_N_t last_D_t last_R_t last_outage_pct osi_mean_72h osi_max_72h osi_std_72h outage_pct_mean_72h outage_pct_max_72h N_t_mean_72h N_t_max_72h R_t_mean_72h R_t_max_72h pre_event_mean_osi pre_event_max_outage_pct storm_onset_max_osi storm_onset_mean_osi osi_trend_last6h is_worsening frac_zero_72h hours_since_peak gust_mean_obs gust_max_obs gust_gt30_obs gust_gt40_obs cumul_gust_obs gust_last_obs gust_max_last6h_obs gust_trend_last6h_obs gust_t wind_speed_t wind_sin_t wind_cos_t t2m_t d2m_t tp_t rain_t csnow_t sdwe_t r2_t vpd_t soil_moist_t blh_t tcc_t lcc_t mcc_t hcc_t sp_t mslma_t sdswrf_t direct_rad_t diffuse_rad_t et0_t temp_c_t dewpoint_c_t icing_risk_t gust_exceed_30 soil_moist_x_gust is_snowing gust_x_hso gust_x_phase soil_gust_x_phase gust_exceed30_x_hso gust_max_next_1h gust_mean_next_1h wind_speed_max_next_1h total_tp_next_1h min_t2m_next_1h gust_gt30_next_1h gust_gt40_next_1h gust_peak4h_mean_next_1h gust_max_next_6h gust_mean_next_6h wind_speed_max_next_6h total_tp_next_6h min_t2m_next_6h gust_gt30_next_6h gust_gt40_next_6h gust_peak4h_mean_next_6h gust_max_next_24h gust_mean_next_24h wind_speed_max_next_24h total_tp_next_24h min_t2m_next_24h gust_gt30_next_24h gust_gt40_next_24h gust_peak4h_mean_next_24h gust_max_next_48h gust_mean_next_48h wind_speed_max_next_48h total_tp_next_48h min_t2m_next_48h gust_gt30_next_48h gust_gt40_next_48h gust_peak4h_mean_next_48h gust_change_1h gust_change_3h pressure_change_3h pressure_change_6h temp_change_6h wind_change_1h cumul_gust_since_onset cumul_tp_since_onset gust_gt30_since_onset gust_at_t1h wind_speed_at_t1h t2m_at_t1h tp_at_t1h gust_at_t6h wind_speed_at_t6h t2m_at_t6h tp_at_t6h gust_at_t24h wind_speed_at_t24h t2m_at_t24h tp_at_t24h gust_at_t48h wind_speed_at_t48h t2m_at_t48h tp_at_t48h hour_of_day hour_sin hour_cos days_since_onset hours_since_obs storm_phase log_customers rural_urban_code is_metro pop_density n_utilities pct_forest pct_developed pct_agriculture pct_water pct_wetland pct_unmapped pct_forest_classified tree_canopy_pct tree_canopy_std forest_x_customers window_len_next_1h is_full_next_1h tp_rate_next_1h gust_gt30_frac_next_1h has_weather_at_t1h window_len_next_6h is_full_next_6h tp_rate_next_6h gust_gt30_frac_next_6h has_weather_at_t6h window_len_next_24h is_full_next_24h tp_rate_next_24h gust_gt30_frac_next_24h has_weather_at_t24h window_len_next_48h is_full_next_48h tp_rate_next_48h gust_gt30_frac_next_48h has_weather_at_t48h nbr8_mean_last_P_t nbr8_max_last_P_t nbr8_mean_last_N_t nbr8_max_last_N_t nbr8_mean_last_D_t nbr8_max_last_D_t nbr8_mean_last_R_t nbr8_max_last_R_t nbr8_mean_osi_trend_last6h nbr8_max_osi_trend_last6h nbr8_mean_gust_t nbr8_max_gust_t nbr8_mean_gust_at_t24h nbr8_max_gust_at_t24h nbr8_mean_gust_max_next_6h nbr8_max_gust_max_next_6h nbr8_mean_gust_mean_next_6h nbr8_max_gust_mean_next_6h self_minus_nbr8_mean_last_P_t self_minus_nbr8_mean_gust_at_t24h exposure_decay_6h exposure_decay_24h hours_since_last_high_gust has_high_gust_48h high_gust_episode_count_48h max_lull_between_episodes_48h exposure_weighted_age_48h recent6_exposure_fraction
feature_infos=[0:0.33700000000000002] [0:0.52010631900000004] [0:0.065400654000000003] [0:0.51677670099999995] [0:0.058582058999999999] [0:52.009999999999998] [4.1666666666666669e-06:0.26529999999999998] [0.0001:0.65049999999999997] [1.9982631347136334e-05:0.22470370552747407] [0.00083333333333333328:39.644861111111112] [0.02:100] [3.1208333333333337e-06:0.014902686125] [7.4900000000000005e-05:0.30001265999999999] [3.1208333333333337e-06:0.017093115180555556] [7.4900000000000005e-05:0.18675781699999999] [0:0.38653749999999998] [0:100] [0:0.52000000000000002] [0:0.13546666666666665] [-0.055854285714285697:0.019237142857142855] [0:1] [0:0.95833333333333337] [0:71] [13.03611111111111:31.022222222222222] [29.100000000000001:70] [0:35] [0:16] [938.59999999999991:2233.5999999999999] [4.0999999999999996:47.5] [15.4:64.5] [-6.477142857142856:1.754285714285714] [0.59999999999999998:58.299999999999997] [0:38] [-0.99999999952007834:0.99999999987412524] [-0.99999999369183823:1] [259.42265909999998:298.4303941] [257.33913039999999:289.74666669999999] [0:11.300000000000001] [0:11.300000000000001] [0:2.52] [0:0.089999999999999997] [17:100] [0:2.5] [0.16700000000000001:0.52300000000000002] [10:3015] [0:100] [0:100] [0:100] [0:100] [884.60000000000002:1027.2] [986.70000000000005:1031.8] [0:863] [0:737] [0:463] [0:0.59999999999999998] [-13.727340900000002:25.280394100000024] [-15.81086959999999:16.596666700000014] [0:1] [0:28.299999999999997] [0.19259999999999999:22.584399999999999] [0:1] [0.80000000000000004:3663.5999999999999] [0:103.2] [0:41.839199999999998] [0:1533.6000000000001] [1.2:58.299999999999997] [0.89999999999999991:54.5] [0:38] [0:14.4] [259.42265909999998:298.21689659999998] [0:2] [0:2] [0.89999999999999991:54.5] [2.7999999999999998:58.299999999999997] [2.0571428571428569:49.328571428571429] [0.40000000000000002:38] [0:26.699999999999999] [259.42265909999998:296.40927479999999] [0:7] [0:7] [2.5999999999999996:52.550000000000004] [8.3000000000000007:58.299999999999997] [4.5520000000000005:43.052] [5:38] [0:34.399999999999999] [259.42265909999998:286.3086935] [0:25] [0:17] [7.5:52.550000000000004] [10.300000000000001:58.299999999999997] [5.3827586206896552:37.897959183673471] [5.2000000000000002:38] [0:37.399999999999999] [259.42265909999998:282.77648069999998] [0:42] [0:19] [9.4499999999999993:52.550000000000004] [-24:28.199999999999999] [-32:33.399999999999999] [-6.1999999999999318:10.599999999999909] [-10.899999999999977:14.599999999999909] [-19.418857099999968:21.091773399999965] [-15.1:15.100000000000001] [347.09999999999997:4123.8999999999996] [0:40.299999999999997] [0:60] [0.59999999999999998:58.299999999999997] [0:38] [259.42265909999998:298.4303941] [0:11.300000000000001] [0.90000000000000002:58.299999999999997] [0:38] [259.42265909999998:298.4303941] [0:11.300000000000001] [0.90000000000000002:58.299999999999997] [0:38] [259.42265909999998:298.4303941] [0:11.300000000000001] [0.90000000000000002:51.600000000000001] [0:33.799999999999997] [259.42265909999998:296.06390529999999] [0:11.300000000000001] [0:23] [-1:1] [-1:1] [1:5] [1:120] [0:3] [7.1180162044653335:13.453719692845613] [1:9] [0:1] [8.8255199219102849:11939.655837338518] [1:11] [0.96999999999999997:88.719999999999999] [2.21:86.629999999999995] [0.080000000000000002:87.469999999999999] [0.01:5.4699999999999998] [0:16.82] [1.8899999999999999:17.02] [0.98868616858628067:95.299005138296707] [2.2000000000000002:81.680000000000007] [12.65:40.350000000000001] [8.0679963363985543:931.7442536362413] none none [0:7.2000000000000002] [0:1] none none none [0:3.8142857142857141] [0:1] none none none [0:1.3759999999999999] [0:1] none [25:49] [0:1] [0:0.76326530612244892] [0:0.8571428571428571] [0:1] [0:0.34418174637499999] [0:0.82424180700000005] [0:0.019511376625] [0:0.065400654000000003] [1.7349999999999998e-05:0.34561596100000003] [0.00010009999999999999:0.90465771100000003] [0:0.018427852874999998] [0:0.058582058999999999] [-0.011978214285714281:0.0097710714285714241] [-0.0018599999999999958:0.019237142857142855] [3.0874999999999995:52.087499999999999] [4:58.299999999999997] [2.4750000000000001:52.087499999999999] [3.7000000000000002:58.299999999999997] [5.2625000000000002:53.125] [6.7000000000000002:58.299999999999997] [3.3285714285714287:45.949999999999996] [4.6857142857142851:49.328571428571429] [-0.17830591575000002:0.30402829187500002] [-17.249999999999996:17.137499999999999] [0:13.9907191977404] [0:10.075670687010193] [0:49] [0:1] [0:12] [0:46] [0:49] [0:1]
tree_sizes=2946 2937 2997 2985 2968 2942 3006 2987 2979 2922 2962 2907 2951 2956 2941

Tree=0
num_leaves=31
num_cat=0
split_feature=0 103 120 140 187 0 126 0 82 165 96 12 96 165 190 140 50 187 165 164 30 188 166 85 189 30 93 73 36 44
split_gain=0.460821 0.928357 0.174248 0.16608 0.550282 0.460993 0.0631215 0.0704918 0.0377723 0.0363334 0.0377368 0.0231618 0.0191593 0.0143232 0.0141713 0.0164385 0.0196059 0.0112055 0.0103388 0.00883208 0.00746809 0.00519471 0.0073626 0.00502872 0.0045904 0.00396208 0.00381009 0.0036183 0.00462727 0.00299466
threshold=0.20185000000000003 1364.7000000000003 272.18154090000007 76.510000000000005 4.5000000000000009 0.0034500000000000004 63.500000000000007 0.028450000000000003 26.510000000000005 0.0008546675000000001 32.987500000000004 0.09273153100000002 34.962500000000013 0.0034624716250000005 0.18721365779566354 71.610000000000014 1008.0500000000001 3.5000000000000004 0.0026339275000000001 0.00012882400000000001 0.8814285714285709 4.5000000000000009 0.0049552030000000009 272.70500095000006 15.5103389319119 0.33142857142857024 265.06101815000005 21.550000000000004 270.23394055000006 497.50000000000006
decision_type=2 2 10 2 2 2 2 2 2 2 2 2 2 2 2 2 2 2 2 2 2 2 2 2 2 2 2 2 2 2
left_child=3 2 -2 6 17 -6 7 14 9 -9 -11 18 -3 25 15 24 -17 -5 21 -16 27 22 -12 -20 -1 -10 -15 28 -21 -30
right_child=1 12 -4 4 5 -7 -8 8 13 10 11 -13 -14 26 19 16 -18 -19 23 20 -22 -23 -24 -25 -26 -27 -28 -29 29 -31
leaf_value=0.0045948276332515607 0.0080128251649506307 0.0044891492864942541 0.012202620733090266 0.0044744625788978153 0.0052512105053051173 0.011616619588307502 0.0043994265474480649 0.0046303898251188408 0.0045581257676649296 0.0067475029964496804 0.0056003195630968967 0.0062785927139759985 0.0055232996976955755 0.0046715675604489188 0.0051691956437571341 0.0054939918371549332 0.004590894208341155 0.005071823698360579 0.0049519587864362696 0.0045720451396601457 0.0051673573041187502 0.0046477546423917982 0.0046663192467189868 0.0057943214239310273 0.0044287437079144456 0.004962024945498353 0.0052508756546993871 0.0045315905631658953 0.0046057644105368424 0.0050151112836560657
leaf_weight=558 64 220 53 364 60 57 6098 221 682 51 50 52 54 64 84 82 181 99 52 211 61 145 58 73 3029 65 124 677 70 143
leaf_count=558 64 220 53 364 60 57 6098 221 682 51 50 52 54 64 84 82 181 99 52 211 61 145 58 73 3029 65 124 677 70 143
internal_value=0.00460353 0.00629296 0.0100014 0.00455378 0.00537974 0.00842781 0.004516 0.00462085 0.00490681 0.00518503 0.00542891 0.00525631 0.00467737 0.00469219 0.00452993 0.00448204 0.00485583 0.00460576 0.00509845 0.00467389 0.00463333 0.00488303 0.00514976 0.00548911 0.00445318 0.00460038 0.00508151 0.00460576 0.0047176 0.00488464
internal_weight=13802 391 117 13411 580 117 12831 6733 1637 702 481 430 274 935 5096 3850 263 463 378 1246 1162 253 108 125 3587 747 188 1101 424 213
internal_count=13802 391 117 13411 580 117 12831 6733 1637 702 481 430 274 935 5096 3850 263 463 378 1246 1162 253 108 125 3587 747 188 1101 424 213
is_linear=0
shrinkage=1


Tree=1
num_leaves=31
num_cat=0
split_feature=1 103 133 50 33 103 1 15 99 165 96 133 21 89 132 189 163 2 128 188 126 84 188 105 59 36 81 189 29 160
split_gain=0.416833 0.840037 0.381585 0.859343 0.157138 0.0628831 0.0664334 0.0365023 0.0398996 0.0246085 0.0173351 0.0156286 0.014816 0.0135864 0.0344176 0.0128487 0.0128845 0.0123148 0.00777572 0.00613827 0.00588348 0.005346 0.00502624 0.00712116 0.00486517 0.00459607 0.00454284 0.00466823 0.00424895 0.00398093
threshold=0.30954854950000005 1364.7000000000003 88.200000000000003 1012.35 -0.52715925859847867 2015.95 0.13643709050000002 0.0003062500000000001 0.849999999999966 0.00071973012500000007 34.962500000000013 83.685000000000016 0.4513888888888889 32.350000000000001 1.5000000000000002 14.39676700111483 1.8623000000000004e-05 0.010234968500000002 11.227589623188519 3.5000000000000004 35.500000000000007 16.650000000000006 8.5000000000000018 13.500000000000002 6.483550000000001 267.70871690000007 35.250000000000007 18.906827395808424 29.150000000000002 0.16836734693877556
decision_type=2 2 2 2 2 2 2 2 2 2 2 2 2 2 2 2 2 2 2 2 2 2 2 2 2 2 2 2 2 2
left_child=2 4 5 -4 -2 6 9 -8 12 11 -3 15 20 14 -11 16 19 18 22 -1 -9 -17 -15 26 -5 -20 -24 -28 -23 -18
right_child=1 10 3 24 -6 -7 7 8 -10 13 -12 -13 -14 17 -16 21 29 -19 25 -21 -22 28 23 -25 -26 -27 27 -29 -30 -31
leaf_value=0.00013508581285076279 0.0073414746905658759 -0.00011081075072983846 0.0076529737748653424 -8.7473413960241907e-05 0.0033270547971786823 -0.00019064104133045866 0 0.0011591599216508504 0.0018416038128871764 0.0015128211645775887 0.00087249264648099525 0.00059953819484756575 -3.2268233845747111e-05 -7.4272976835540987e-05 -9.6889526560722339e-05 -0.00016442438416147827 0.00025463648535893304 0.00072346206220129557 0.00062348864236360432 0.00095041714823040555 0.00037383265884368723 0.00030618648154247567 0 0 0.00049597777089551462 0.00011008792562821229 0.00014055511171760622 0.00097796281000745366 -6.8133828258494118e-05 -4.4333511821822863e-05
leaf_weight=72 50 220 51 90 67 6616 170 73 88 60 54 81 66 674 61 2911 124 77 90 53 75 105 58 336 50 145 50 50 232 953
leaf_count=72 50 220 51 90 67 6616 170 73 88 60 54 81 66 674 61 2911 124 77 90 53 75 105 58 336 50 145 50 50 232 953
internal_value=-1.7755e-06 0.00160498 -4.91098e-05 0.00216297 0.00513267 -8.16088e-05 2.68769e-05 0.000598115 0.000927161 -1.63682e-05 6.72652e-05 -7.66421e-05 0.000521056 0.000151034 0.000666188 -9.02054e-05 4.63169e-05 0.000105119 6.71302e-05 0.000525268 0.000799927 -0.000142266 9.78663e-06 0.000134495 8.74807e-05 0.000329705 0.000410222 0.000614301 3.42621e-05 -5.06921e-06
internal_weight=13802 391 13411 191 117 13220 6604 472 302 6132 274 4531 214 1601 121 4450 1202 1480 1403 125 148 3248 1168 494 140 235 158 100 337 1077
internal_count=13802 391 13411 191 117 13220 6604 472 302 6132 274 4531 214 1601 121 4450 1202 1480 1403 125 148 3248 1168 494 140 235 158 100 337 1077
is_linear=0
shrinkage=0.05


Tree=2
num_leaves=31
num_cat=0
split_feature=3 103 133 155 120 126 5 165 45 155 137 179 163 88 64 91 190 92 96 29 139 109 6 83 8 183 189 88 30 181
split_gain=0.377072 0.760178 0.344999 0.785051 0.141574 0.0573558 0.0549173 0.0362961 0.0216536 0.0213506 0.036455 0.0194539 0.0176955 0.0156851 0.0109707 0.00983676 0.00940763 0.0105798 0.0125684 0.00903296 0.00701051 0.0196 0.00675189 0.00551785 0.00500106 0.00583344 0.00363685 0.00332384 0.00309408 0.00272207
threshold=0.33723639700000002 1364.7000000000003 88.200000000000003 0.29400000000000009 272.18154090000007 63.500000000000007 13.645000000000001 0.0024593383125000004 73.500000000000014 0.80200000000000016 0.015000000000000001 25.545535714285716 0.062466667875 34.962500000000013 17.599999999999969 20.650000000000002 0.36414746114953933 11.550000000000002 40.112500000000004 30.150000000000002 86.716077848590643 0.15000000000000005 0.00030833333333333337 11.250000000000002 0.011753179985743666 5.1923105357962944 15.322293594532686 31.587500000000006 -1.8614285714285719 -8.4512499999999981e-06
decision_type=2 2 2 2 10 2 2 2 2 2 2 2 2 2 2 2 2 2 2 2 2 2 2 2 2 2 2 2 2 2
left_child=2 4 5 23 -2 6 9 8 -8 12 -11 -9 16 -3 15 28 20 18 -18 22 26 -22 -12 -4 25 -17 29 -10 -14 -1
right_child=1 13 3 -5 -6 -7 7 11 27 10 19 -13 14 -15 -16 24 17 -19 -20 -21 21 -23 -24 -25 -26 -27 -28 -29 -30 -31
leaf_value=-8.7397730127708364e-05 0.0030755349518014835 -0.00010529527723015874 -0.00013243456144118682 0.0073745939133953598 0.0068749229196045135 -0.00018691917798516043 0.0011374440212317744 0.0016697366188144582 0.00038835988002521097 0.001279879415182851 0 0.0005489997215882207 0.0010445911604819783 0.00082966118678450592 -3.6921238483859296e-05 0.00010437371617008466 0.00098665262959166588 -5.0087534577357563e-05 0.00010106533291592113 -9.3271589594305719e-05 -5.0618421628907686e-05 0.0009537133377955549 0.00073897053162273881 0.00046696019545798052 4.4173782114082759e-05 0.00081531367913000941 -0.00016517254557968847 -4.9570859166676214e-05 0.00034892468253771468 0.00013878419534376011
leaf_weight=592 64 220 79 50 53 6277 50 82 50 80 55 112 50 54 518 99 60 452 166 221 367 54 72 62 381 57 2936 256 74 159
leaf_count=592 64 220 79 50 53 6277 50 82 50 80 55 112 50 54 518 99 60 452 166 221 367 54 72 62 381 57 2936 256 74 159
internal_value=-1.36057e-06 0.00152683 -4.63985e-05 0.00205692 0.00488267 -7.73183e-05 2.10619e-05 0.000500366 0.000182287 -1.94632e-05 0.000319822 0.00105449 -4.46951e-05 6.31313e-05 0.000127018 0.000262906 -8.80577e-05 8.00796e-05 0.000361514 8.17575e-05 -0.000117037 6.83096e-05 0.000423747 9.73502e-05 0.000157249 0.000399526 -0.00013957 6.73174e-06 0.000675548 -3.27412e-05
internal_weight=13802 391 13411 191 117 13220 6943 550 356 6393 428 194 5965 274 1179 661 4786 678 226 348 4108 421 127 141 537 156 3687 306 124 751
internal_count=13802 391 13411 191 117 13220 6943 550 356 6393 428 194 5965 274 1179 661 4786 678 226 348 4108 421 127 141 537 156 3687 306 124 751
is_linear=0
shrinkage=0.05


Tree=3
num_leaves=31
num_cat=0
split_feature=0 126 133 50 33 103 0 166 0 91 155 136 61 116 104 86 172 163 74 165 174 169 95 136 118 139 50 189 155 13
split_gain=0.341111 0.688536 0.311928 0.718656 0.133195 0.0522184 0.057606 0.0274354 0.0246908 0.0180005 0.0170888 0.0301838 0.0138767 0.0118439 0.0113889 0.0113827 0.0210349 0.00956265 0.00818218 0.00729181 0.0117746 0.00671802 0.00557988 0.00393402 0.00367651 0.00358667 0.00936525 0.00362534 0.00317788 0.00350939
threshold=0.20185000000000003 36.500000000000007 88.200000000000003 1012.35 -0.52715925859847867 2015.95 0.028450000000000003 0.0067074020000000003 0.11260000000000002 19.250000000000004 0.79800000000000004 0.23500000000000001 504.50000000000006 293.37078055000006 10.850000000000003 4.5000000000000009 0.01497714285714285 0.00030442125000000006 26.292857142857141 0.0073098348750000016 29.650000000000002 3.7349250000000008e-05 6.5000000000000009 0.72000000000000008 20.250000000000004 86.716077848590643 1004.9500000000002 16.0030549898167 0.3020000000000001 0.0016090432986111114
decision_type=2 2 2 2 2 2 2 2 2 2 2 2 2 2 2 2 2 2 2 2 2 2 2 2 8 2 2 2 2 2
left_child=2 4 5 -4 -2 6 10 15 9 18 13 -12 -10 19 -3 16 23 -13 -9 25 -21 -15 -11 -8 -5 27 -27 -1 -7 -30
right_child=1 14 3 24 -6 28 7 8 12 22 11 17 -14 21 -16 -17 -18 -19 -20 20 -22 -23 -24 -25 -26 26 -28 -29 29 -31
leaf_value=-4.6963755174137461e-05 0.0066445925305871406 0.00057733368490369547 0.0069763988172277238 0.00040186459300996463 0.0029772587577012229 -0.00018080123272178376 -2.9342989439960348e-05 0.00142737443279938 0.0018445926944141166 0 0.0013891406728138323 0.00064665763491516821 0.00058454668047835153 0.00054488039093681035 -0.00014375704593704776 -1.3754201675110241e-06 0.00098147285847517197 -2.3896185202186581e-05 0.00037276311303801116 0.00083101258055345785 -7.315168254232655e-05 4.316100766637165e-05 0.00046308715195638762 0.00040302017208887269 -0.00010120854287544552 0.00060419445671141148 -7.0788975242384733e-05 -0.00016058011771169305 -0.00010977888071465713 0.00026491924398578705
leaf_weight=1133 50 73 51 53 70 6274 162 54 58 196 51 61 62 97 198 542 97 296 54 53 83 297 106 67 87 59 331 2745 263 79
leaf_count=1133 50 73 51 53 70 6274 162 54 58 196 51 61 62 97 198 542 97 296 54 53 83 297 106 67 87 59 331 2745 263 79
internal_value=-9.9094e-07 0.00145249 -4.38453e-05 0.00195608 0.00458892 -7.32637e-05 2.55407e-05 0.00031089 0.000596752 0.000392258 -5.01707e-05 0.000257288 0.0012451 -7.74057e-05 3.35112e-05 0.000130104 0.000363324 7.82e-05 0.000954198 -0.000101641 0.000246204 0.000180406 0.000172311 7.66194e-05 5.5279e-05 -0.000113952 1.98203e-05 -0.000128696 -0.000172633 -8.12853e-06
internal_weight=13802 391 13411 191 120 13220 6604 1398 530 410 5206 408 120 4798 271 868 326 357 108 4404 136 394 302 229 140 4268 390 3878 6616 342
internal_count=13802 391 13411 191 120 13220 6604 1398 530 410 5206 408 120 4798 271 868 326 357 108 4404 136 394 302 229 140 4268 390 3878 6616 342
is_linear=0
shrinkage=0.05


Tree=4
num_leaves=31
num_cat=0
split_feature=0 103 120 139 187 155 103 0 33 11 88 164 88 155 138 116 96 141 30 88 92 104 29 139 155 43 187 83 74 189
split_gain=0.308596 0.623313 0.114599 0.113592 0.425403 0.0505559 0.0415953 0.0498359 0.0247263 0.023154 0.0156634 0.0154673 0.013015 0.0103671 0.0144169 0.0104848 0.00776238 0.00727047 0.00698995 0.00674945 0.00673945 0.00656316 0.00481809 0.00407512 0.00416091 0.00316968 0.00288093 0.00518184 0.00285014 0.00218153
threshold=0.20185000000000003 1364.7000000000003 272.18154090000007 91.048068522959113 5.5000000000000009 0.5980000000000002 2015.95 0.028450000000000003 -0.83794775525387766 0.0035645541319444447 37.63750000000001 0.71008103600000017 34.712500000000013 0.81400000000000017 4.120000000000001 293.37078055000006 34.100000000000009 33.615000000000009 0.33142857142857024 49.800000000000004 12.150000000000004 0.45000000000000007 30.150000000000002 85.53925954814251 0.046000000000000013 0.43850000000000006 3.5000000000000004 14.350000000000003 25.335714285714285 16.0030549898167
decision_type=2 2 10 2 2 2 2 2 2 2 2 2 2 2 2 2 2 2 2 2 2 2 2 2 2 2 2 2 2 2
left_child=3 2 -2 6 5 10 7 13 9 21 26 16 -3 15 -15 19 -10 -17 25 23 -19 -9 -16 29 -25 -18 -5 -28 -23 -1
right_child=1 12 -4 4 -6 -7 -8 8 11 -11 -12 -13 -14 14 22 17 18 20 -20 -21 -22 28 -24 24 -26 -27 27 -29 -30 -31
leaf_value=-5.8006343533185805e-05 0.0027793974383519249 -0.00010853420298050434 0.0062216523358667349 -0.00014654193141492753 0.0044379326381290768 0.0016491462256131202 -0.00016508963215044407 -4.4572445269425639e-05 0.00054303846967185992 0.0013251060063800587 0.00071242733006167251 0.00090860655788443413 0.00071087647355450262 0.00094642439235890791 0.00035003280980769585 0 -1.037729990749339e-05 0.00069708589412023668 0.00058282948516642731 0.00030733224420185687 0 0.00069598766679715928 -6.5567338000235389e-05 -8.4191581318009416e-05 0.00028641570000364748 0.00035516918387397064 0.00047853378886830505 -0.00013374584511606933 9.4592302492907586e-05 -0.00015122984300308727
leaf_weight=1074 64 214 53 366 64 52 6415 55 94 100 72 66 60 54 95 236 769 93 58 91 55 96 217 165 123 62 58 64 52 2765
leaf_count=1074 64 214 53 366 64 52 6415 55 94 100 72 66 60 54 95 236 769 93 58 91 55 96 217 165 123 62 58 64 52 2765
internal_value=-6.70812e-07 0.00138178 0.00442059 -4.14493e-05 0.000588828 0.000171568 -7.53419e-05 1.49756e-05 0.000284628 0.000687052 2.27564e-05 0.000163083 5.46495e-05 -5.74443e-05 0.000194449 -7.86017e-05 0.000107074 0.00016634 5.48001e-05 -0.00010212 0.000439865 0.000343275 4.57172e-05 -0.000112432 5.72309e-05 1.12802e-05 -7.00222e-05 0.000118211 0.000520297 -0.000126474
internal_weight=13802 391 117 13411 676 612 12735 6320 1352 303 560 1049 274 4968 366 4602 983 384 889 4218 148 203 312 4127 288 831 488 122 148 3839
internal_count=13802 391 117 13411 676 612 12735 6320 1352 303 560 1049 274 4968 366 4602 983 384 889 4218 148 203 312 4127 288 831 488 122 148 3839
is_linear=0
shrinkage=0.05


Tree=5
num_leaves=31
num_cat=0
split_feature=0 126 84 139 120 126 91 139 5 61 137 15 163 91 11 165 29 15 131 62 184 126 116 22 5 6 43 81 138 81
split_gain=0.246537 0.519332 0.123294 0.377963 0.0836409 0.0384952 0.0550247 0.113557 0.0465152 0.0307495 0.0303978 0.0280292 0.0141727 0.0121422 0.011688 0.0110547 0.00817694 0.00762627 0.00973384 0.0136683 0.00684588 0.00682856 0.00587235 0.00576223 0.00554896 0.00553999 0.00276342 0.0026408 0.00258017 0.00253919
threshold=0.20185000000000003 37.500000000000007 20.050000000000004 91.048068522959113 270.91531900000001 66.500000000000014 14.15 86.716077848590643 13.645000000000001 340.69999999999999 0.015000000000000001 0.0003062500000000001 0.062466667875 19.950000000000003 0.0022252682222222227 0.0024593383125000004 30.150000000000002 0.00084062500000000001 30.210440651388549 13.550000000000002 0.77126748391677336 34.500000000000007 293.37078055000006 4.5000000000000009 0.015000000000000001 0.00030833333333333337 0.38850000000000007 50.45000000000001 10.170000000000003 38.850000000000001
decision_type=2 2 2 2 10 2 2 2 2 2 2 2 2 2 2 2 2 2 2 2 2 2 2 2 2 2 2 2 2 2
left_child=2 4 5 10 -2 6 7 -1 12 11 -4 -10 17 14 -14 -11 25 27 19 -19 -3 23 29 26 -24 -12 -15 -8 -25 -20
right_child=1 20 3 -5 -6 -7 8 -9 9 15 16 -13 13 21 -16 -17 -18 18 22 -21 -22 -23 24 28 -26 -27 -28 -29 -30 -31
leaf_value=-0.00010799472017261461 0.0025035813252531711 -0.00012949842938142327 0.0013118010676950334 0.0047765856821206411 0.0054884179916821034 -0.0001583165334657627 -0.00013912530514703471 0.0028752690934183479 2.1736122621129623e-05 -6.4753314453958228e-05 0 0.0013794400341021174 5.9186236349180243e-05 0.00073359989783858834 0.00097918263650688072 0.00048487649880791709 -7.8962279669459283e-05 0 -0.0001167022335261659 0.0010590649715296048 0.00044420592347991524 -8.4264344334615581e-05 0.00061524013369080427 -1.7944965083472847e-05 0 0.00065891614808060697 0.00018461840453903389 2.9015404529017e-05 0.00023478477151790382 1.3782231794654281e-05
leaf_weight=77 61 196 58 51 56 6077 3102 50 65 214 52 127 89 58 73 144 250 63 871 50 69 536 63 290 84 79 98 200 134 543
leaf_count=77 61 196 58 51 56 6077 3102 50 65 214 52 127 89 58 73 144 250 63 871 50 69 536 63 290 84 79 98 200 134 543
internal_value=-8.44517e-07 0.00124973 -3.66966e-05 0.00074025 0.004009 -6.64025e-05 1.34762e-05 0.00104074 -5.1136e-06 0.000434461 0.000250183 0.000948202 -4.46341e-05 0.000102087 0.000507891 0.000143134 7.24718e-05 -8.33345e-05 6.67326e-07 0.000449481 2.19257e-06 3.83023e-05 -2.8888e-05 0.000160127 0.000264484 0.000397756 0.000423947 -0.000127422 5.0527e-05 -6.30861e-05
internal_weight=13880 382 13498 490 117 13008 6931 127 6804 550 439 192 6254 1278 162 358 381 4976 1674 113 265 1116 1561 580 147 131 156 3302 424 1414
internal_count=13880 382 13498 490 117 13008 6931 127 6804 550 439 192 6254 1278 162 358 381 4976 1674 113 265 1116 1561 580 147 131 156 3302 424 1414
is_linear=0
shrinkage=0.05


Tree=6
num_leaves=31
num_cat=0
split_feature=133 155 0 126 92 103 0 96 48 155 1 6 2 1 81 104 74 136 165 133 188 165 31 119 113 42 96 93 190 16
split_gain=0.28544 0.633837 0.233464 0.47014 0.0724151 0.038599 0.04601 0.028306 0.0237675 0.0142119 0.0232813 0.0191776 0.0135972 0.0120791 0.00856408 0.0073921 0.00626365 0.00448217 0.00758634 0.0042781 0.00671619 0.00405018 0.00422433 0.00300328 0.00266854 0.00399623 0.00262509 0.00244535 0.002232 0.00228755
threshold=88.200000000000003 0.31000000000000011 0.20185000000000003 36.500000000000007 12.750000000000002 2015.95 0.028450000000000003 32.737500000000004 18.500000000000004 0.79400000000000015 8.9600000000000023e-06 0.00036805555555555566 0.0038401985000000006 0.15028550400000004 41.250000000000007 10.850000000000003 18.464285714285719 0.6100000000000001 0.0034624716250000005 23.815000000000001 22.500000000000004 0.001421678375 28.950000000000003 5.5500000000000007 0.95000000000000007 0.17500000000000002 49.900000000000006 272.09852640000008 0.11248979347551928 1.3100000000000003
decision_type=2 2 2 2 2 2 2 2 2 2 2 2 2 2 2 2 2 2 2 2 2 2 2 8 2 2 2 2 2 2
left_child=2 23 5 4 -4 6 9 -8 13 14 11 -11 17 27 24 -5 19 -10 -19 -16 -21 -14 -23 -2 28 -26 -18 -9 -1 -30
right_child=1 -3 3 15 -6 -7 7 8 12 10 -12 -13 21 -15 16 -17 26 18 -20 20 -22 22 -24 -25 25 -27 -28 -29 29 -31
leaf_value=-0.00015169431340512538 0.00035430129515589219 0.0064494651857424871 0.0053242281163638494 0.00046458973643893848 0.0024854151572799312 -0.00014768629342753597 0.0012189080980122575 9.5639795284060879e-05 -3.7537687483929387e-05 0.00014507932560162669 -1.1815988763471802e-05 0.0014549062611379972 0.00012525813847854051 0.0013624623914486923 1.8454979101201739e-05 -0.00012346677886922538 -6.3399491491633844e-05 5.2059844726310816e-05 0.00066871975725794691 0.00014472646671907294 0.00086432982164751603 0.00095777980980067841 0.00022908340513095031 -0.0001148013268609346 0.0004262930352005815 -7.1071621678706762e-05 0.00024297930456564901 0.00063709832894167295 -9.0188745720324031e-05 0.0001371906481499812
leaf_weight=2443 51 54 52 71 63 6685 76 67 606 71 268 59 81 59 252 196 1021 292 66 157 51 72 59 82 53 125 69 70 478 131
leaf_count=2443 51 54 52 71 63 6685 76 67 606 71 268 59 81 59 252 196 1021 292 66 157 51 72 59 82 53 125 69 70 478 131
internal_value=-5.33064e-07 0.00193413 -2.74584e-05 0.00118898 0.00384699 -6.283e-05 2.20367e-05 0.000271599 0.000214633 -4.68257e-05 0.000236996 0.000784275 0.00012422 0.000728351 -7.15482e-05 1.54011e-05 2.23696e-05 3.86242e-05 0.000181219 0.000178918 0.000348382 0.000487954 0.000671689 2.90683e-05 -0.000118158 5.06413e-05 -3.9217e-05 0.000411141 -0.000129654 -3.29365e-05
internal_weight=13880 187 13693 382 115 13311 6626 1448 1372 5178 398 130 1176 196 4780 267 1550 964 358 460 208 212 131 133 3230 178 1090 137 3052 609
internal_count=13880 187 13693 382 115 13311 6626 1448 1372 5178 398 130 1176 196 4780 267 1550 964 358 460 208 212 131 133 3230 178 1090 137 3052 609
is_linear=0
shrinkage=0.05


Tree=7
num_leaves=31
num_cat=0
split_feature=133 50 0 126 120 126 0 89 48 133 187 0 165 1 190 118 177 169 67 184 83 140 35 56 190 166 88 83 84 190
split_gain=0.258018 0.574966 0.21123 0.425897 0.0677385 0.0350426 0.0369641 0.0306262 0.0226002 0.0140351 0.0303615 0.0121303 0.0118524 0.0110434 0.00840528 0.00701448 0.00623868 0.00610857 0.00709928 0.00569073 0.00438484 0.00392022 0.0043364 0.00383388 0.00328618 0.00301095 0.00282528 0.00229258 0.00184417 0.00183584
threshold=88.200000000000003 1010.4500000000002 0.20185000000000003 37.500000000000007 270.91531900000001 62.500000000000007 0.028450000000000003 33.350000000000001 18.500000000000004 84.075000000000017 4.5000000000000009 0.090750000000000011 0.0024593383125000004 0.13643709050000002 0.26918207963865654 20.450000000000003 30.968750000000004 3.5267000000000006e-05 8.6500000000000004 0.77126748391677336 18.950000000000003 73.50500000000001 287.0541743500001 -4.5442676499999655 0.086920883820384917 0.012130096000000002 49.800000000000004 17.050000000000004 10.350000000000003 0.085336955265287243
decision_type=2 2 2 2 10 2 2 2 2 2 2 2 2 2 2 8 2 2 2 2 2 2 2 2 2 2 2 2 2 2
left_child=2 -2 5 4 -4 6 9 -8 11 14 27 -9 20 23 21 -3 -15 18 -16 -5 24 26 -23 -14 -10 -19 29 -11 -7 -1
right_child=1 15 3 19 -6 28 7 8 12 10 -12 -13 13 16 17 -17 -18 25 -20 -21 -22 22 -24 -25 -26 -27 -28 -29 -30 -31
leaf_value=-0.00013316106966163878 0.0063732903008805776 0.00057153479342179545 0.0022591248962787851 -0.00011870540958016089 0.0049697212789926622 -0.00014788080529492585 0.0013283585108846666 0.00026559206120477865 3.3242580686177749e-05 -0.00012123147794454782 0.0012762596712244914 0.001124949930613134 0.00035943329781690453 0.0011729801120236515 0.00084145987006881769 -0.00012741439918629891 0.00036929003574585363 -1.8032231239972679e-05 3.4138278359012934e-05 0.00040445576145845864 -7.344369692403169e-05 -1.5590997158646546e-05 0.0004908793576045387 -2.5144222057446587e-05 0.00039858632411407459 0.00032201281834793818 0.00017931161716761484 0.0002576492060726541 0 -4.4722706851677582e-05
leaf_weight=2913 50 54 61 196 56 6261 61 113 270 127 61 90 90 50 52 83 108 658 86 69 614 100 56 157 97 70 71 57 174 975
leaf_count=2913 50 54 61 196 56 6261 61 113 270 127 61 90 90 50 52 83 108 658 86 69 614 100 56 157 97 70 71 57 174 975
internal_value=-1.71249e-07 0.0018392 -2.57884e-05 0.00113124 0.00363 -5.94511e-05 1.83881e-05 0.000225148 0.000178843 -4.59659e-05 0.000319326 0.000674745 0.000102172 0.000329582 -6.49975e-05 0.000113997 0.000660847 7.32954e-05 0.000378183 0 2.95552e-06 -9.53267e-05 0.00013634 9.57082e-05 0.000144212 8.20256e-06 -0.00010575 0 -0.000143392 -0.000112286
internal_weight=13880 187 13693 382 117 13311 6876 1650 1589 5226 245 203 1386 405 4981 137 158 866 138 265 981 4115 156 247 367 728 3959 184 6435 3888
internal_count=13880 187 13693 382 117 13311 6876 1650 1589 5226 245 203 1386 405 4981 137 158 866 138 265 981 4115 156 247 367 728 3959 184 6435 3888
is_linear=0
shrinkage=0.05


Tree=8
num_leaves=31
num_cat=0
split_feature=133 155 0 103 92 103 0 89 48 155 1 155 12 2 81 31 104 89 16 175 1 166 31 17 28 54 119 181 43 113
split_gain=0.233271 0.529594 0.191125 0.385201 0.0609373 0.0319355 0.0381248 0.0251803 0.0190333 0.0124004 0.0201246 0.0161893 0.0114118 0.0113625 0.00742043 0.00652055 0.00519513 0.00493628 0.00447069 0.00352204 0.00376198 0.00330713 0.00345186 0.00278194 0.00348306 0.00310286 0.00262317 0.0022219 0.00583199 0.00219885
threshold=88.200000000000003 0.31800000000000006 0.20185000000000003 1390.8000000000004 12.750000000000002 2015.95 0.028450000000000003 33.350000000000001 18.500000000000004 0.79400000000000015 8.9600000000000023e-06 0.87000000000000022 0.055071705000000006 0.0038401985000000006 43.650000000000013 17.450000000000003 10.850000000000003 52.150000000000013 0.23500000000000001 35.518750000000011 0.00030868300000000008 0.0067074020000000003 28.950000000000003 0.038750000000000007 27.750000000000004 0.22500000000000003 5.5500000000000007 -0.060093722374999999 0.32850000000000007 0.95000000000000007
decision_type=2 2 2 2 2 2 2 2 2 2 2 2 2 2 2 2 2 2 2 2 2 2 2 2 2 2 8 2 2 2
left_child=2 26 5 4 -4 6 9 -8 12 14 11 -11 -9 17 19 18 -5 -10 -16 29 -21 -15 -23 24 25 -20 -2 28 -7 -1
right_child=1 -3 3 16 -6 27 7 8 13 10 -12 -13 -14 21 15 -17 -18 -19 23 20 -22 22 -24 -25 -26 -27 -28 -29 -30 -31
leaf_value=-0.00012289615954542857 0.00032844178767365249 0.005930173890837641 0.0048217992470511858 0.00038677700702100995 0.0022251970936177355 0.00031634156229464632 0.0012498652563250113 0.00019623601293590454 7.0499602580538856e-06 0.0014026423061150126 -6.7239343307985479e-06 0.00017847311405567816 0.0010332939989362226 0.00011504619611958155 -5.948756130124994e-05 -4.4334596077899753e-05 -0.00011301301759858273 0.0005020368911394723 7.7437152195080565e-05 0.0004852500746646376 -3.5268743720280322e-05 0.00088088270849293125 0.00020676434787837177 0 0.00071979985455982397 0.00056457609433511449 -0.0001062048846804565 -0.00014286017609863055 -0.00010507697872540688 2.4868406240597683e-05
leaf_weight=3208 52 53 52 69 65 94 61 97 921 54 268 76 103 81 104 793 196 54 170 50 63 72 59 64 61 54 82 6080 511 213
leaf_count=3208 52 53 52 69 65 94 61 97 921 54 268 76 103 81 104 793 196 54 170 50 63 72 59 64 61 54 82 6080 511 213
internal_value=0 0.00174905 -2.42487e-05 0.00107632 0.0034527 -5.62869e-05 2.08524e-05 0.000248062 0.000199532 -4.17557e-05 0.000223256 0.000731968 0.000655193 0.000118061 -6.49094e-05 3.70727e-05 0 4.00739e-05 0.000190377 -0.00010228 0.000153426 0.000451381 0.000619017 0.000279079 0.000345878 0.000219082 2.66104e-05 -0.000133485 -3.09356e-05 -0.00011223
internal_weight=13880 187 13693 382 117 13311 6626 1448 1387 5178 398 130 200 1187 4780 1246 265 975 453 3534 113 212 131 349 285 224 134 6685 605 3421
internal_count=13880 187 13693 382 117 13311 6626 1448 1387 5178 398 130 200 1187 4780 1246 265 975 453 3534 113 212 131 349 285 224 134 6685 605 3421
is_linear=0
shrinkage=0.05


Tree=9
num_leaves=31
num_cat=0
split_feature=0 126 84 91 120 183 91 84 1 84 136 122 116 15 141 175 137 88 42 184 15 82 165 76 165 43 85 19 4 69
split_gain=0.165214 0.349268 0.0916583 0.337075 0.0547776 0.027217 0.0430126 0.0683014 0.0236455 0.0255467 0.0177315 0.0101665 0.0093041 0.00977054 0.0121905 0.00713777 0.00659793 0.00763297 0.00571788 0.00473182 0.00403271 0.00375745 0.00356169 0.00343043 0.00319839 0.00391069 0.00300888 0.00288313 0.00249698 0.00243262
threshold=0.20185000000000003 37.500000000000007 20.850000000000005 15.350000000000003 270.91531900000001 0.0391988837525317 14.15 5.1500000000000012 0.13643709050000002 0.35000000000000009 0.6100000000000001 20.500000000000004 273.66201910000007 0.00063125000000000008 33.775000000000013 32.10625000000001 0.085000000000000006 33.01250000000001 1.1650000000000003 0.77126748391677336 0.0011302083333333335 25.510000000000002 0.0010390223125000002 3.9500000000000006 0.0024593383125000004 0.37350000000000005 268.26280025000005 0.0038071428571428557 0.0034806880000000004 276.51832990000008
decision_type=2 2 2 2 10 2 2 2 2 2 2 2 2 2 2 2 2 2 2 2 2 2 2 2 2 2 2 2 2 2
left_child=2 4 5 -4 -2 23 7 -7 12 10 29 21 16 22 18 20 17 -8 27 -3 -16 -5 -14 -1 -11 -26 -25 28 -15 -10
right_child=1 19 3 11 -6 6 8 -9 9 24 -12 -13 13 14 15 -17 -18 -19 -20 -21 -22 -23 -24 26 25 -27 -28 -29 -30 -31
leaf_value=-0.00013123193295041925 0.0020379137364967214 -0.00010870050356038173 0.0043070540377604114 0.00032849759558303051 0.0045001229774533661 -4.3342033295630243e-05 0.00054452201553408202 0.0023440425890023072 0.00043868669170906826 -6.0332360636046794e-05 0.0011614051915040543 0.00075029938678324417 -8.3829354206875581e-05 -7.4484854777714959e-05 0.00036872525691142072 0.00071898748854498803 -0.00011878737219876165 -6.4187406405438478e-06 0.00049967793922405695 0.00036843005032902252 0 -6.4303281987198427e-05 0.00010374176766088394 0.0004176962636559455 0.00052620864996473732 0 -5.355535083535042e-05 0.00034536130891345761 0.00014272105942738308 0
leaf_weight=6370 61 196 55 77 56 63 78 50 50 235 116 57 1327 643 149 117 2661 228 60 69 106 250 291 52 62 83 54 55 156 53
leaf_count=6370 61 196 55 77 56 63 78 50 50 235 116 57 1327 643 149 117 2661 228 60 69 106 250 291 52 62 83 54 55 156 53
internal_value=0 0.00102411 -2.89894e-05 0.000679989 0.00328693 -5.3256e-05 1.76736e-05 0.000980459 0 0.000299681 0.000729948 0.000137662 -2.98395e-05 3.25118e-05 0.000136348 0.000378606 -9.2542e-05 0.000119047 3.19776e-05 0 0.000200702 1.36667e-05 -4.69628e-05 -0.000126121 3.73234e-05 0.000229169 0.000132639 0 -2.57013e-05 0.000189463
internal_weight=13880 382 13498 439 117 13059 6583 113 6470 599 219 384 5871 2904 1286 372 2967 306 914 265 255 327 1618 6476 380 145 106 854 799 103
internal_count=13880 382 13498 439 117 13059 6583 113 6470 599 219 384 5871 2904 1286 372 2967 306 914 265 255 327 1618 6476 380 145 106 854 799 103
is_linear=0
shrinkage=0.05


Tree=10
num_leaves=31
num_cat=0
split_feature=133 84 167 126 90 126 165 89 2 133 49 56 171 129 189 167 180 80 110 184 140 16 166 99 123 2 53 82 73 43
split_gain=0.216487 0.501409 0.168973 0.341769 0.0671493 0.0257764 0.0239771 0.032732 0.0201946 0.00949452 0.0117367 0.00942671 0.0131862 0.0134426 0.00725233 0.00850062 0.00688243 0.00590764 0.00468059 0.00463612 0.00306149 0.00284194 0.00441775 0.00273552 0.00227036 0.00225762 0.00817843 0.00224179 0.00450946 0.00204555
threshold=88.200000000000003 7.9500000000000011 0.24622087862500006 36.500000000000007 24.743877551020407 63.500000000000007 0.0008546675000000001 32.350000000000001 0.0038401985000000006 83.685000000000016 941.1500000000002 -4.4194519999999775 0.0019601785714285715 2.5000000000000004 13.959002103076555 0.00010299006250000002 26.38571428571429 34.13750000000001 16.250000000000004 1.4860998859324686 73.50500000000001 0.71500000000000008 0.00010969900000000001 0.849999999999966 -0.70710678118654735 0.0053583815000000012 178.50000000000003 27.262000000000004 34.95000000000001 0.39250000000000007
decision_type=2 2 2 2 2 2 2 2 2 2 2 2 2 2 2 2 2 2 2 2 2 2 2 2 2 2 2 2 2 2
left_child=2 18 5 4 -4 6 9 -8 11 14 -11 12 -9 -14 15 -1 -10 -5 -2 -15 -16 -17 24 -21 -23 -7 -27 28 -13 -18
right_child=1 -3 3 17 -6 25 7 8 16 10 -12 27 13 19 20 21 29 -19 -20 23 -22 22 -24 -25 -26 26 -28 -29 -30 -31
leaf_value=0.00050601927637872397 -8.2566193938772711e-05 0.0059248590947804502 0.0044721018071644586 -6.0130396915427129e-05 0.001995446849317151 -0.00013102096298658956 0.0012157505506557855 0 0.00086992456877798521 -2.566213626243338e-05 0.00096056678233883124 -1.8725746237650714e-05 0.00089420113912620888 -4.865970212112066e-05 -0.0001012552813470068 -6.1460695343942782e-05 0.00041160657984491824 0.00049279984023438352 0.00048925197902409477 7.0867554424725178e-06 0.00016587530524102666 0 -5.8194285695117565e-06 0.00055949267280443616 0.00040890784224757227 -0.0001149841170684657 0.0005805197328915641 -0.00010521233729503086 0.00048656919565616473 0
leaf_weight=92 89 50 51 284 93 5982 71 399 102 50 51 225 105 96 3414 643 106 56 50 58 96 74 320 80 127 220 51 649 50 63
leaf_count=92 89 50 51 284 93 5982 71 399 102 50 51 225 105 96 3414 643 106 56 50 58 96 74 320 80 127 220 51 649 50 63
internal_value=6.21681e-06 0.00168257 -1.68204e-05 0.000899121 0.00293187 -5.10463e-05 1.51542e-05 0.000161208 0.00011928 -4.39775e-05 0.00042785 5.05413e-05 0.00018519 0.000414125 -5.51129e-05 4.53251e-05 0.000520729 1.74558e-05 8.9435e-05 0.000174541 -9.24799e-05 4.21788e-06 9.48171e-05 0.000365015 0.000279023 -0.00012458 0 -5.16811e-05 5.64602e-05 0.000276683
internal_weight=13797 189 13608 484 144 13124 6871 2004 1933 4867 101 1662 738 339 4766 1256 271 340 139 234 3510 1164 521 138 201 6253 271 924 275 169
internal_count=13797 189 13608 484 144 13124 6871 2004 1933 4867 101 1662 738 339 4766 1256 271 340 139 234 3510 1164 521 138 201 6253 271 924 275 169
is_linear=0
shrinkage=0.05


Tree=11
num_leaves=31
num_cat=0
split_feature=133 50 167 105 90 103 3 91 93 128 8 133 36 190 167 50 12 15 18 136 181 104 3 184 140 88 50 56 181 124
split_gain=0.195743 0.42179 0.152877 0.312458 0.0636124 0.0234305 0.0241519 0.022546 0.0146995 0.0163682 0.013264 0.00961581 0.0188897 0.00664751 0.00564511 0.00514593 0.00530365 0.00381297 0.00417467 0.00939025 0.00353782 0.00332806 0.00286312 0.00273817 0.00269577 0.0028656 0.00242099 0.0022723 0.00216829 0.00699614
threshold=88.200000000000003 1014.1500000000002 0.24622087862500006 18.500000000000004 25.156122448979595 2015.95 0.049513091500000002 15.65 271.86022985000005 10.145590238058928 0.022425350069557714 84.075000000000017 282.32353155000004 0.18721365779566354 0.00010299006250000002 1023.5500000000001 0.044272962500000006 0.00084062500000000001 0.010354166666666668 0.41500000000000004 -0.059227117875000006 10.750000000000002 0.083086015000000027 0.89253219928004779 73.50500000000001 49.012500000000003 1021.35 7.233575050000014 -0.060093722374999999 -0.9159756150367534
decision_type=2 2 2 2 2 2 2 2 2 2 2 2 2 2 2 2 2 2 2 2 2 2 2 2 2 2 2 2 2 2
left_child=2 -2 5 4 -4 6 11 -8 15 -10 -11 13 23 24 -15 20 -17 -16 19 -19 22 -5 -9 -13 25 -1 -3 -26 29 -7
right_child=1 26 3 21 -6 28 7 8 9 10 -12 12 -14 14 17 16 -18 18 -20 -21 -22 -23 -24 -25 27 -27 -28 -29 -30 -31
leaf_value=-0.00010084063306366454 0.0051993399026003069 0.00030391157078768385 0.0041286290507635166 0.00026418918208905836 0.0018054441388379386 0.00045021139596086138 0.0012136383528424497 0.00042317616162888176 6.48184669768257e-05 0.00028695104397290076 0.0012010686411319867 -5.0382707542869163e-05 0.0011253686268886951 0.0005332863793090179 -3.6673626642564654e-05 0 0.0006442022946525275 0.00066583195383524676 -4.5404518323410892e-05 0 -3.5666529286435989e-05 -9.2388739327704144e-05 0 0.00034626352291723547 0 0.00023533721737164473 -0.00011320834675098012 0.00037835769823038427 -0.00012374144315037061 -8.5277369658389053e-05
leaf_weight=3395 56 54 57 88 93 68 53 83 196 104 91 161 50 57 797 56 68 95 125 145 757 246 63 54 68 55 79 53 6041 489
leaf_count=3395 56 54 57 88 93 68 53 83 196 104 91 161 50 57 797 56 68 95 125 145 757 246 63 54 68 55 79 53 6041 489
internal_value=6.07901e-06 0.00160011 -1.58088e-05 0.000855392 0.00274286 -4.83815e-05 1.81338e-05 0.000196864 0.000154508 0.00041683 0.000743001 -3.29162e-05 0.000256678 -5.00314e-05 4.81658e-05 4.94649e-05 0.000350721 1.96317e-05 0.000156003 0.000281403 2.22317e-06 0 0.000231598 2.72338e-05 -8.4956e-05 -9.39658e-05 1.98393e-05 0.000129615 -0.000114922 -1.02533e-05
internal_weight=13797 189 13608 484 150 13124 6526 1471 1418 391 195 5055 265 4790 1219 1027 124 1162 365 240 903 334 146 215 3571 3450 133 121 6598 557
internal_count=13797 189 13608 484 150 13124 6526 1471 1418 391 195 5055 265 4790 1219 1027 124 1162 365 240 903 334 146 215 3571 3450 133 121 6598 557
is_linear=0
shrinkage=0.05


Tree=12
num_leaves=31
num_cat=0
split_feature=133 84 167 105 93 126 0 96 93 128 133 50 6 165 190 167 49 15 19 17 83 104 88 43 181 33 75 132 83 105
split_gain=0.17694 0.419911 0.138294 0.282773 0.0554271 0.021282 0.0204985 0.0230738 0.0119246 0.0119887 0.00965774 0.0140241 0.00879898 0.00789986 0.00635597 0.00508081 0.00451824 0.00354166 0.00394757 0.00875407 0.00353843 0.00300655 0.00246953 0.00246893 0.00204356 0.00683524 0.00201406 0.00252011 0.00296145 0.00187444
threshold=88.200000000000003 7.9500000000000011 0.24622087862500006 18.500000000000004 271.53456680000005 64.500000000000014 0.028450000000000003 32.462500000000013 271.86022985000005 10.110034132736219 84.075000000000017 1007.2500000000001 0.0092062500000000009 0.0049130658124999999 0.18721365779566354 0.00010299006250000002 974.45000000000016 0.00084062500000000001 -0.0031385714285714285 0.010550000000000002 11.250000000000002 10.750000000000002 49.012500000000003 0.39250000000000007 -0.081332575749999997 -0.99703220391636604 15.550000000000002 3.5000000000000004 19.950000000000003 18.500000000000004
decision_type=2 2 2 2 2 2 2 2 2 2 2 2 2 2 2 2 2 2 2 2 2 2 2 2 2 2 2 2 2 2
left_child=2 20 5 4 -4 6 10 -8 13 -10 14 -12 -11 26 22 -16 23 -17 -19 -20 -2 -5 -1 -15 25 -7 27 28 29 -9
right_child=1 -3 3 21 -6 24 7 8 9 12 11 -13 -14 16 15 17 -18 18 19 -21 -22 -23 -24 -25 -26 -27 -28 -29 -30 -31
leaf_value=-8.7738634810843261e-05 -0.00011612313024071929 0.005403552277050183 0.0016787089446766508 0.00025112813772578736 0.0038375244968600814 0.00054322104424000812 0.0009931218889396849 5.9745945508094058e-05 5.7348832071768454e-05 0.00029321151069840808 0.00082849104013732434 0 0.0011000843706401671 0.00040347208591321338 0.0005070817924570293 -3.2932950315318343e-05 0.00076979691789557162 -7.2087994650736127e-05 0 0.00060291470423664683 0.00036583650675076513 -8.7788003647580888e-05 0.00022378047569743235 0 -0.00011962583025930012 -0.00010766704174845171 -6.2712462081112311e-05 -1.9770708402610778e-05 0 0.00059520992421312267
leaf_weight=3779 78 50 89 88 61 50 81 57 183 104 76 168 76 51 57 821 51 103 148 108 61 246 55 73 5910 179 667 203 67 57
leaf_count=3779 78 50 89 88 61 50 81 57 183 104 76 168 76 51 57 821 51 103 148 108 61 246 55 73 5910 179 667 203 67 57
internal_value=5.9771e-06 0.00152152 -1.4815e-05 0.000813767 0.00260934 -4.58129e-05 1.32393e-05 0.000166504 0.000120624 0.000373752 -3.39988e-05 0.000269485 0.000665711 4.13576e-05 -4.96375e-05 4.63317e-05 0.000352037 1.94309e-05 0.00015283 0.000262708 6.07724e-05 0 -8.19088e-05 0.000135433 -0.000113808 1.44531e-05 -5.90568e-06 7.96861e-05 0.0002182 0.000373804
internal_weight=13797 189 13608 484 150 13124 6985 1670 1589 363 5315 244 180 1226 5071 1237 175 1180 359 256 139 334 3834 124 6139 229 1051 384 181 114
internal_count=13797 189 13608 484 150 13124 6985 1670 1589 363 5315 244 180 1226 5071 1237 175 1180 359 256 139 334 3834 124 6139 229 1051 384 181 114
is_linear=0
shrinkage=0.05


Tree=13
num_leaves=31
num_cat=0
split_feature=133 84 0 103 61 126 165 1 96 29 82 50 133 49 116 190 30 169 119 83 61 15 84 29 181 120 189 138 138 163
split_gain=0.159973 0.379742 0.120411 0.257173 0.046264 0.0213235 0.0249434 0.0225884 0.0209215 0.00993924 0.00981891 0.008597 0.00776465 0.00991643 0.00669491 0.0065651 0.00902455 0.00498901 0.00333358 0.00325815 0.00271558 0.00246556 0.00277828 0.00656016 0.00190494 0.00652974 0.00175412 0.00187307 0.00306476 0.00184735
threshold=88.200000000000003 7.9500000000000011 0.20185000000000003 1390.8000000000004 163.05000000000004 63.500000000000007 0.0020328305000000004 0.13643709050000002 31.912500000000005 50.800000000000004 25.818000000000001 1009.85 83.685000000000016 941.1500000000002 293.09118235000005 0.27617554858934179 -1.4371428571428584 3.5535437500000011e-05 5.5500000000000007 19.450000000000003 268.90000000000003 0.00037187500000000003 19.350000000000005 31.050000000000004 -0.081332575749999997 281.65755280000002 15.322293594532686 3.7350000000000008 2.9800000000000004 0.084241583937500017
decision_type=2 2 2 2 2 2 2 2 2 2 2 2 2 2 2 2 2 2 8 2 2 2 2 2 2 10 2 2 2 2
left_child=2 18 5 4 -4 6 9 8 -8 12 -11 -9 14 -14 21 -10 -17 -16 -2 -5 -13 -1 26 -24 25 -7 27 28 -23 -28
right_child=1 -3 3 19 -6 24 7 11 15 10 -12 20 13 -15 17 16 -18 -19 -20 -21 -22 22 23 -25 -26 -27 29 -29 -30 -31
leaf_value=-9.9989878822205987e-05 0.00039032511001799858 0.0051386723364246836 0.0039301111924994209 -8.7433944157486786e-05 0.0016732711741139019 -9.0162197637922543e-05 0.001058952353175795 0.00017734418134862873 0 0.00059242983400802432 0 0.0012953734713503056 -1.9995327700812857e-05 0.00087970735451493138 0.0004685213402537759 8.4705071005223402e-06 0.00080216042122408524 3.658970353835069e-05 -8.9113811938494275e-05 0.00032957169176855441 0.00058051258787958772 0 0.00056922247807051469 -1.5003038539429393e-05 -0.00011243825731704942 0.00053267792628521071 -8.9390529171370686e-05 -1.1116438138302447e-05 0.00048372307315865462 9.5144391563090107e-05
leaf_weight=2523 52 50 55 212 62 228 56 72 767 126 130 62 50 51 89 108 65 398 87 59 70 66 63 134 6020 50 1452 464 53 123
leaf_count=2523 52 50 55 212 62 228 56 72 767 126 130 62 50 51 89 108 65 398 87 59 70 66 63 134 6020 50 1452 464 53 123
internal_value=5.87577e-06 0.00144693 -1.38764e-05 0.000852579 0.00280087 -3.97471e-05 2.02188e-05 0.000227758 0.000123136 -2.24643e-05 0.000279148 0.000711078 -3.75534e-05 0.000389461 -4.65951e-05 6.10059e-05 0.00033831 0.00012657 5.60373e-05 0 0.00096109 -6.49304e-05 -2.52212e-05 0.000148509 -0.000106441 5.44599e-06 -4.3458e-05 2.44189e-05 0.000203581 -7.17554e-05
internal_weight=13797 189 13608 388 117 13220 6922 1200 996 5722 256 204 5466 101 5365 940 173 487 139 271 132 4878 2355 197 6298 278 2158 583 119 1575
internal_count=13797 189 13608 388 117 13220 6922 1200 996 5722 256 204 5466 101 5365 940 173 487 139 271 132 4878 2355 197 6298 278 2158 583 119 1575
is_linear=0
shrinkage=0.05


Tree=14
num_leaves=31
num_cat=0
split_feature=133 84 167 105 120 103 3 91 93 128 7 133 187 33 15 96 77 94 2 106 189 83 83 104 2 124 15 75 2 93
split_gain=0.144632 0.343412 0.113549 0.23261 0.048763 0.0177307 0.0187108 0.0189543 0.0115674 0.0131251 0.00990167 0.00688595 0.0207114 0.00504433 0.00472916 0.00583925 0.004474 0.00530258 0.0042885 0.00420988 0.0037893 0.00368235 0.00317332 0.00249463 0.00244068 0.00763062 0.00213563 0.00253609 0.00171669 0.00156117
threshold=88.200000000000003 7.9500000000000011 0.24622087862500006 18.500000000000004 274.76829475000005 2015.95 0.049513091500000002 15.65 271.86022985000005 10.110034132736219 0.095150000000000026 84.075000000000017 4.5000000000000009 0.31377695767379682 0.00037187500000000003 49.900000000000006 278.24555750000007 7.5000000000000009 0.0038401985000000006 24.950000000000003 13.2202021174206 17.050000000000004 11.250000000000002 10.750000000000002 0.0053583815000000012 -0.78656609248549325 0.00071041666666666681 9.8500000000000032 0.0018263445000000001 262.80303380000004
decision_type=2 2 2 2 10 2 2 2 2 2 2 2 2 2 2 2 2 2 2 2 2 2 2 2 2 2 2 2 2 2
left_child=2 22 5 4 -4 6 11 -8 18 28 -11 13 21 29 -15 16 -16 20 -9 -20 -18 -13 -2 -5 -7 -26 -19 -28 -10 -1
right_child=1 -3 3 23 -6 24 7 8 9 10 -12 12 -14 14 15 -17 17 26 19 -21 -22 -23 -24 -25 25 -27 27 -29 -30 -31
leaf_value=0.00014428528521060594 -0.00011418412419723472 0.0048867764988658477 0.0015570849327438433 0.0002284653627389213 0.0036220462207815483 -0.00010613208429850693 0.00110680601068048 0 -2.1413620657125754e-05 0.00026147745927361082 0.0010568141770098641 -0.00012365971134442342 0.001090685641037352 -6.0984412528300492e-05 -5.0212378855803771e-05 0.00060806957714892222 0.00080108247648100726 -7.5996538558584158e-05 0.00053939902795223772 0 0.00010939202010770565 0.00035971706180134796 0.00034255741932992675 -8.0259932727605958e-05 0.00049256522257641806 -8.7815194012364373e-05 0.00041381582496425435 3.9860656306401127e-05 0.0002815070238460161 -9.6305185654348293e-05
leaf_weight=52 78 50 95 88 55 6269 53 854 135 108 91 161 53 1060 479 52 51 145 78 95 66 51 61 246 70 259 70 242 57 2573
leaf_count=52 78 50 95 88 55 6269 53 854 135 108 91 161 53 1060 479 52 51 145 78 95 66 51 61 246 70 259 70 242 57 2573
internal_value=5.78774e-06 0.00137602 -1.29756e-05 0.000737781 0.00236632 -4.10978e-05 1.66845e-05 0.000174045 0.000134903 0.000367712 0.00065364 -2.81437e-05 0.000216426 -4.27602e-05 1.17167e-05 8.597e-05 5.48911e-05 0.00015123 4.11319e-05 0.000267604 0.000457505 0 5.15572e-05 0 -9.90011e-05 2.16369e-05 6.10733e-05 0.000140789 4.36018e-05 -8.9582e-05
internal_weight=13797 189 13608 484 150 13124 6526 1471 1418 391 199 5055 265 4790 2165 1105 1053 574 1027 173 117 212 139 334 6598 329 457 312 192 2625
internal_count=13797 189 13608 484 150 13124 6526 1471 1418 391 199 5055 265 4790 2165 1105 1053 574 1027 173 117 212 139 334 6598 329 457 312 192 2625
is_linear=0
shrinkage=0.05


end of trees

feature_importances:
last_osi=19
pct_forest=19
hours_since_obs=15
nbr8_mean_last_N_t=15
cumul_gust_since_onset=13
tp_rate_next_24h=12
total_tp_next_24h=11
pre_event_mean_osi=10
mslma_t=10
gust_peak4h_mean_next_48h=10
last_P_t=9
wind_speed_max_next_24h=9
gust_peak4h_mean_next_24h=9
exposure_weighted_age_48h=9
recent6_exposure_fraction=9
last_N_t=8
wind_speed_max_next_48h=8
t2m_at_t48h=8
min_t2m_next_48h=7
cumul_tp_since_onset=7
nbr8_mean_last_D_t=7
gust_max_last6h_obs=6
soil_moist_t=6
pct_forest_classified=6
self_minus_nbr8_mean_last_P_t=6
high_gust_episode_count_48h=6
gust_trend_last6h_obs=5
wind_sin_t=5
gust_max_next_24h=5
gust_max_next_48h=5
gust_gt30_since_onset=5
t2m_at_t24h=5
pct_water=5
tree_canopy_pct=5
nbr8_mean_last_P_t=5
nbr8_max_last_N_t=5
exposure_decay_24h=5
last_D_t=4
osi_mean_72h=4
gust_x_hso=4
gust_mean_next_24h=4
total_tp_next_48h=4
log_customers=4
pct_unmapped=4
max_lull_between_episodes_48h=4
last_outage_pct=3
N_t_max_72h=3
pre_event_max_outage_pct=3
gust_t=3
d2m_t=3
hcc_t=3
sp_t=3
dewpoint_c_t=3
gust_mean_next_6h=3
wind_speed_at_t48h=3
pct_wetland=3
nbr8_mean_last_R_t=3
osi_std_72h=2
N_t_mean_72h=2
storm_onset_max_osi=2
osi_trend_last6h=2
vpd_t=2
gust_max_next_6h=2
wind_speed_max_next_6h=2
min_t2m_next_24h=2
gust_mean_next_48h=2
pressure_change_3h=2
tp_at_t6h=2
gust_at_t48h=2
hour_cos=2
n_utilities=2
tree_canopy_std=2
nbr8_max_last_P_t=2
nbr8_mean_gust_at_t24h=2
exposure_decay_6h=2
last_R_t=1
osi_max_72h=1
R_t_mean_72h=1
storm_onset_mean_osi=1
frac_zero_72h=1
hours_since_peak=1
gust_last_obs=1
t2m_t=1
blh_t=1
tcc_t=1
diffuse_rad_t=1
et0_t=1
soil_moist_x_gust=1
gust_x_phase=1
gust_exceed30_x_hso=1
wind_speed_max_next_1h=1
min_t2m_next_1h=1
total_tp_next_6h=1
min_t2m_next_6h=1
gust_peak4h_mean_next_6h=1
gust_gt30_next_24h=1
gust_gt30_next_48h=1
gust_gt40_next_48h=1
gust_at_t1h=1
tp_at_t1h=1
gust_at_t6h=1
hour_of_day=1
hour_sin=1
rural_urban_code=1
pop_density=1
tp_rate_next_48h=1
nbr8_mean_osi_trend_last6h=1
nbr8_max_osi_trend_last6h=1
nbr8_max_gust_t=1
nbr8_mean_gust_max_next_6h=1
nbr8_mean_gust_mean_next_6h=1
nbr8_max_gust_mean_next_6h=1

parameters:
[boosting: gbdt]
[objective: huber]
[metric: rmse]
[tree_learner: serial]
[device_type: cpu]
[data_sample_strategy: bagging]
[data: ]
[valid: ]
[num_iterations: 2000]
[learning_rate: 0.05]
[num_leaves: 31]
[num_threads: 1]
[seed: 42]
[deterministic: 1]
[force_col_wise: 1]
[force_row_wise: 0]
[histogram_pool_size: -1]
[max_depth: -1]
[min_data_in_leaf: 50]
[min_sum_hessian_in_leaf: 0.001]
[bagging_fraction: 0.8]
[pos_bagging_fraction: 1]
[neg_bagging_fraction: 1]
[bagging_freq: 5]
[bagging_seed: 42]
[bagging_by_query: 0]
[feature_fraction: 0.8]
[feature_fraction_bynode: 1]
[feature_fraction_seed: 42]
[extra_trees: 0]
[extra_seed: 12879]
[early_stopping_round: 0]
[early_stopping_min_delta: 0]
[first_metric_only: 0]
[max_delta_step: 0]
[lambda_l1: 0.1]
[lambda_l2: 1]
[linear_lambda: 0]
[min_gain_to_split: 0]
[drop_rate: 0.1]
[max_drop: 50]
[skip_drop: 0.5]
[xgboost_dart_mode: 0]
[uniform_drop: 0]
[drop_seed: 42]
[top_rate: 0.2]
[other_rate: 0.1]
[min_data_per_group: 100]
[max_cat_threshold: 32]
[cat_l2: 10]
[cat_smooth: 10]
[max_cat_to_onehot: 4]
[top_k: 20]
[monotone_constraints: ]
[monotone_constraints_method: basic]
[monotone_penalty: 0]
[feature_contri: ]
[forcedsplits_filename: ]
[refit_decay_rate: 0.9]
[cegb_tradeoff: 1]
[cegb_penalty_split: 0]
[cegb_penalty_feature_lazy: ]
[cegb_penalty_feature_coupled: ]
[path_smooth: 0]
[interaction_constraints: ]
[verbosity: -1]
[saved_feature_importance_type: 0]
[use_quantized_grad: 0]
[num_grad_quant_bins: 4]
[quant_train_renew_leaf: 0]
[stochastic_rounding: 1]
[linear_tree: 0]
[max_bin: 255]
[max_bin_by_feature: ]
[min_data_in_bin: 3]
[bin_construct_sample_cnt: 200000]
[data_random_seed: 42]
[is_enable_sparse: 1]
[enable_bundle: 1]
[use_missing: 1]
[zero_as_missing: 0]
[feature_pre_filter: 1]
[pre_partition: 0]
[two_round: 0]
[header: 0]
[label_column: ]
[weight_column: ]
[group_column: ]
[ignore_column: ]
[categorical_feature: ]
[forcedbins_filename: ]
[precise_float_parser: 0]
[parser_config_file: ]
[objective_seed: 16083]
[num_class: 1]
[is_unbalance: 0]
[scale_pos_weight: 1]
[sigmoid: 1]
[boost_from_average: 1]
[reg_sqrt: 0]
[alpha: 0.9]
[fair_c: 1]
[poisson_max_delta_step: 0.7]
[tweedie_variance_power: 1.5]
[lambdarank_truncation_level: 30]
[lambdarank_norm: 1]
[label_gain: ]
[lambdarank_position_bias_regularization: 0]
[eval_at: ]
[multi_error_top_k: 1]
[auc_mu_weights: ]
[num_machines: 1]
[local_listen_port: 12400]
[time_out: 120]
[machine_list_filename: ]
[machines: ]
[gpu_platform_id: -1]
[gpu_device_id: -1]
[gpu_device_id_list: ]
[gpu_use_dp: 0]
[num_gpu: 1]

end of parameters

pandas_categorical:[]
