tree
version=v4
num_class=1
num_tree_per_iteration=1
label_index=0
max_feature_idx=162
objective=huber
feature_names=last_osi last_P_t last_N_t last_D_t last_R_t last_outage_pct osi_mean_72h osi_max_72h osi_std_72h outage_pct_mean_72h outage_pct_max_72h N_t_mean_72h N_t_max_72h R_t_mean_72h R_t_max_72h pre_event_mean_osi pre_event_max_outage_pct storm_onset_max_osi storm_onset_mean_osi osi_trend_last6h is_worsening frac_zero_72h hours_since_peak gust_mean_obs gust_max_obs gust_gt30_obs gust_gt40_obs cumul_gust_obs gust_last_obs gust_max_last6h_obs gust_trend_last6h_obs gust_t wind_speed_t wind_sin_t wind_cos_t t2m_t d2m_t tp_t rain_t csnow_t sdwe_t r2_t vpd_t soil_moist_t blh_t tcc_t lcc_t mcc_t hcc_t sp_t mslma_t sdswrf_t direct_rad_t diffuse_rad_t et0_t temp_c_t dewpoint_c_t icing_risk_t gust_exceed_30 soil_moist_x_gust is_snowing gust_x_hso gust_x_phase soil_gust_x_phase gust_exceed30_x_hso gust_max_next_1h gust_mean_next_1h wind_speed_max_next_1h total_tp_next_1h min_t2m_next_1h gust_gt30_next_1h gust_gt40_next_1h gust_peak4h_mean_next_1h gust_max_next_6h gust_mean_next_6h wind_speed_max_next_6h total_tp_next_6h min_t2m_next_6h gust_gt30_next_6h gust_gt40_next_6h gust_peak4h_mean_next_6h gust_max_next_24h gust_mean_next_24h wind_speed_max_next_24h total_tp_next_24h min_t2m_next_24h gust_gt30_next_24h gust_gt40_next_24h gust_peak4h_mean_next_24h gust_max_next_48h gust_mean_next_48h wind_speed_max_next_48h total_tp_next_48h min_t2m_next_48h gust_gt30_next_48h gust_gt40_next_48h gust_peak4h_mean_next_48h gust_change_1h gust_change_3h pressure_change_3h pressure_change_6h temp_change_6h wind_change_1h cumul_gust_since_onset cumul_tp_since_onset gust_gt30_since_onset gust_at_t1h wind_speed_at_t1h t2m_at_t1h tp_at_t1h gust_at_t6h wind_speed_at_t6h t2m_at_t6h tp_at_t6h gust_at_t24h wind_speed_at_t24h t2m_at_t24h tp_at_t24h gust_at_t48h wind_speed_at_t48h t2m_at_t48h tp_at_t48h hour_of_day hour_sin hour_cos days_since_onset hours_since_obs storm_phase log_customers rural_urban_code is_metro pop_density n_utilities pct_forest pct_developed pct_agriculture pct_water pct_wetland pct_unmapped pct_forest_classified tree_canopy_pct tree_canopy_std forest_x_customers window_len_next_1h is_full_next_1h tp_rate_next_1h gust_gt30_frac_next_1h has_weather_at_t1h window_len_next_6h is_full_next_6h tp_rate_next_6h gust_gt30_frac_next_6h has_weather_at_t6h window_len_next_24h is_full_next_24h tp_rate_next_24h gust_gt30_frac_next_24h has_weather_at_t24h window_len_next_48h is_full_next_48h tp_rate_next_48h gust_gt30_frac_next_48h has_weather_at_t48h
feature_infos=[0:0.33700000000000002] [0:0.52010631900000004] [0:0.065400654000000003] [0:0.51677670099999995] [0:0.058582058999999999] [0:52.009999999999998] [4.1666666666666669e-06:0.26529999999999998] [0.0001:0.65049999999999997] [1.9982631347136334e-05:0.22470370552747407] [0.00083333333333333328:39.644861111111112] [0.02:100] [3.1208333333333337e-06:0.014902686125] [7.4900000000000005e-05:0.30001265999999999] [3.1208333333333337e-06:0.017093115180555556] [7.4900000000000005e-05:0.18675781699999999] [0:0.38653749999999998] [0:100] [0:0.52000000000000002] [0:0.13546666666666665] [-0.055854285714285697:0.019237142857142855] [0:1] [0:0.95833333333333337] [0:71] [13.769444444444444:31.258333333333326] [29.100000000000001:69.400000000000006] [0:35] [0:17] [991.39999999999998:2250.5999999999995] [3.5:47.5] [15.4:64.5] [-6.477142857142856:2.7171428571428553] [0.90000000000000002:58.299999999999997] [0:36.899999999999999] [-0.99999999953664132:0.99999999987412524] [-0.99999999369183823:1] [261.06005649999997:298.36374050000001] [257.33913039999999:289.8677619] [0:10.6] [0:10.199999999999999] [0:2.52] [0:0.080000000000000002] [15:100] [0:2.4500000000000002] [0.17000000000000001:0.52300000000000002] [10:3015] [0:100] [0:100] [0:100] [0:100] [884.60000000000002:1020.1] [986.70000000000005:1031.5999999999999] [0:858] [0:737] [0:437] [0:0.60999999999999999] [-12.089943500000004:25.213740500000029] [-15.81086959999999:16.717761900000028] [0:1] [0:28.299999999999997] [0.24840000000000004:22.584399999999999] [0:1] [1.6000000000000001:3663.5999999999999] [0:105.8] [0:40.944600000000001] [0:1533.6000000000001] [1.5:58.299999999999997] [1.45:54.5] [0:36.899999999999999] [0:14.699999999999999] [261.06005649999997:298.21776599999998] [0:2] [0:2] [1.45:54.5] [2.7999999999999998:58.299999999999997] [2.0571428571428569:49.214285714285715] [0.40000000000000002:36.899999999999999] [0:25.200000000000003] [261.06005649999997:296.40927479999999] [0:7] [0:7] [2.5999999999999996:52.550000000000004] [8.3000000000000007:58.299999999999997] [4.7479999999999993:43.052] [5:36.899999999999999] [0:51.199999999999996] [261.06005649999997:286.5652632] [0:25] [0:19] [7.5:52.550000000000004] [10.300000000000001:58.299999999999997] [5.3392857142857135:37.897959183673471] [5.0999999999999996:36.899999999999999] [0:52.900000000000006] [261.06005649999997:282.77648069999998] [0:42] [0:22] [9.375:52.550000000000004] [-24.299999999999997:25.699999999999999] [-32:35.700000000000003] [-6.1000000000000227:8.4000000000000909] [-10.600000000000023:13] [-19.418857099999968:21.845291299999985] [-15.300000000000001:20.799999999999997] [348.89999999999998:4155.3000000000002] [0:53.200000000000003] [0:60] [0.90000000000000002:58.299999999999997] [0:36.899999999999999] [261.06005649999997:298.36374050000001] [0:10.6] [0.90000000000000002:58.299999999999997] [0:36.899999999999999] [261.06005649999997:298.36374050000001] [0:10.6] [0.90000000000000002:58.299999999999997] [0:36.899999999999999] [261.06005649999997:298.36374050000001] [0:10.6] [0.90000000000000002:52.899999999999999] [0:33.899999999999999] [261.06005649999997:296.39282830000002] [0:10.6] [0:23] [-1:1] [-1:1] [1:5] [1:120] [0:3] [7.1180162044653335:13.272327018090158] [1:9] [0:1] [8.8255199219102849:2486.4122458718002] [1:11] [2.21:88.719999999999999] [2.21:59.07] [0.040000000000000001:85.170000000000002] [0.01:5.5099999999999998] [0:16.82] [2.29:18.32] [2.269926047658176:95.299005138296707] [3.04:81.680000000000007] [14.09:39.890000000000001] [21.422650442923519:931.7442536362413] none none [0:7.3499999999999996] [0:1] none none none [0:3.6000000000000005] [0:1] none none none [0:2.048] [0:1] none [25:49] [0:1] [0:1.0795918367346939] [0:0.8571428571428571] [0:1]
tree_sizes=3045 2732 2775 2794 2760 2726 2662 2740 2717 2662 2701 2744 2700 2653 2716 2767 2753 2669 2718 2732 2753 2678 2728 2707 2766 2716 2658

Tree=0
num_leaves=31
num_cat=0
split_feature=92 11 0 138 85 2 53 140 88 32 7 93 123 0 93 50 6 114 134 91 56 11 81 74 104 13 155 43 104 140
split_gain=0.00457325 0.00376831 0.00229114 0.00107202 0.00355277 0.000586497 0.00230162 0.00056646 0.00056444 0.000824224 0.000878849 0.000935965 0.00111144 0.000361175 0.000470996 0.000348356 0.00044067 0.000296025 0.000212941 0.000240339 0.000134891 0.000133946 0.000160737 0.000189851 0.000122146 0.000115751 0.000147886 9.82018e-05 9.66646e-05 0.000150326
threshold=7.5500000000000016 0.0040165472500000013 0.026950000000000005 4.6950000000000012 281.95292180000007 0.0053825420000000006 239.50000000000003 73.105000000000004 31.687500000000004 13.15 0.060850000000000008 266.20413405000005 0.78656609248549325 0.00055000000000000003 267.50243225000003 1003.2500000000001 0.021504166666666668 29.850000000000005 7.3850000000000007 32.150000000000013 5.7808380500000291 0.0024971300486111114 39.850000000000001 23.492857142857151 4.6500000000000012 0.003046225513888889 0.054000000000000013 0.31450000000000006 0.45000000000000007 34.840000000000011
decision_type=2 2 2 2 2 2 2 2 2 2 2 2 2 2 2 2 2 2 2 2 2 2 2 2 2 2 2 2 2 2
left_child=5 3 -3 4 8 17 -7 21 -2 10 11 12 20 -9 -15 -4 -17 25 -13 -20 -10 22 -5 28 -19 -1 -27 -23 -24 -30
right_child=1 2 15 7 -6 6 -8 13 9 -11 -12 18 -14 14 -16 16 -18 24 19 -21 -22 27 23 -25 -26 26 -28 -29 29 -31
leaf_value=0.00071178631021841753 0.00073760363489086588 0.0011843006283592766 0.00074167413605556189 0.00072492195413558641 0.001191151918362293 0.0007414262185848773 0.0010888522581242168 0.00074363255422348886 0.0012197331202626364 0.00074167413605556189 0.00074167413605556189 0.00074167413605556189 0.00074167413605556189 0.00095643723550537093 0.00074167413605556189 0.00075734874354198127 0.00096969647303822733 0.00074167413605556189 0.00090402388605491087 0.00074167413605556189 0.00084704367250963036 0.00074167413605556189 0.00074167413605556189 0.00073789395864265169 0.00080277508047970367 0.00072521290204854126 0.00079909404215669326 0.00078886074644120524 0.00074167413605556189 0.00084507959455484621
leaf_weight=7162 328 82 102 1488 58 354 50 217 51 430 138 165 60 78 50 111 101 519 73 50 51 296 137 607 81 390 79 230 159 105
leaf_count=7162 328 82 102 1488 58 354 50 217 51 430 138 165 60 78 50 111 101 519 73 50 51 296 137 607 81 390 79 230 159 105
internal_value=0.000741674 0.000778834 0.000928735 0.000765308 0.000802496 0.000719368 0.00077283 0.000748303 0.000781715 0.000800825 0.000839406 0.000873378 0.000981122 0.00080891 0.000879943 0.000844928 0.000882584 0.000716134 0.000794852 0.000846 0.00108476 0.000741674 0.000736532 0.000748714 0.000742804 0.000713382 0.000741674 0.00076426 0.000777499 0.000795143
internal_weight=13802 5167 396 4771 1404 8635 404 3367 1346 1018 588 450 162 345 128 314 212 8231 288 123 102 3022 2496 1008 600 7631 469 526 401 264
internal_count=13802 5167 396 4771 1404 8635 404 3367 1346 1018 588 450 162 345 128 314 212 8231 288 123 102 3022 2496 1008 600 7631 469 526 401 264
is_linear=0
shrinkage=1


Tree=1
num_leaves=31
num_cat=0
split_feature=92 133 6 81 116 43 137 54 99 43 2 53 90 140 115 141 0 5 126 30 92 82 133 75 92 121 49 19 100 74
split_gain=0.00420178 0.00330455 0.00245749 0.00135941 0.00169721 0.00134583 0.0011874 0.0025264 0.00101798 0.00151648 0.000524061 0.00208725 0.000270644 0.00026517 0.000231888 0.000224805 0.000214502 0.000170189 0.000206909 0.000163345 0.000125781 0.000125275 0.000107337 9.51229e-05 0.000131863 7.32733e-05 0.000130493 6.39867e-05 5.41988e-05 2.78998e-05
threshold=7.5500000000000016 80.210000000000022 0.0080270833333333357 47.750000000000007 294.0219130000001 0.36150000000000004 1.7950000000000002 0.075000000000000025 -1.0000000180025095e-35 0.35550000000000004 0.0053825420000000006 239.50000000000003 24.592857142857145 54.655000000000008 14.850000000000003 34.095000000000006 0.00065000000000000008 11.480000000000002 23.500000000000004 -1.5714285714285701 20.650000000000006 20.172000000000004 88.200000000000003 8.5500000000000025 12.350000000000003 1.0000000180025095e-35 968.85000000000002 -0.020031428571428568 -4.099999999999965 29.050000000000008
decision_type=2 2 2 2 2 2 2 2 2 2 2 2 2 2 2 2 2 2 2 2 2 2 2 2 2 10 2 2 2 2
left_child=10 3 8 4 17 13 19 -8 12 -10 14 -12 16 15 22 -6 -3 21 -19 -5 -18 -2 27 24 -23 -16 -27 -1 -21 -25
right_child=1 2 -4 6 5 -7 7 -9 9 -11 11 -13 -14 -15 25 -17 20 18 -20 28 -22 23 -24 29 -26 26 -28 -29 -30 -31
leaf_value=0 -2.3566187170850441e-05 0 0.0004207618282483723 0 0 0.00036224389559590369 0.00042691407389198007 0 0 0.00036679471752798347 -2.3555456829572045e-07 0.00033015957909953493 0 0 -8.4450927180921164e-06 0.00015274025462414824 0 9.5843313776927777e-05 3.7270604487341967e-07 0 0.00016771359910593934 9.2700919126330591e-05 0 0 0 8.0053496303157277e-05 0 -2.8660312328269631e-05 0.00011436247534220458 -9.4585464146138865e-06
leaf_weight=112 689 51 82 228 86 55 76 108 57 76 354 50 198 89 672 77 53 94 479 54 69 64 101 1462 87 71 151 7124 55 878
leaf_count=112 689 51 82 228 86 55 76 108 57 76 354 50 198 89 672 77 53 94 479 54 69 64 101 1462 87 71 151 7124 55 878
internal_value=0 3.58146e-05 0.000148906 2.02274e-05 9.0896e-06 0.000121924 9.72586e-05 0.000204248 9.40291e-05 0.000221397 -2.11841e-05 2.90235e-05 3.44555e-05 4.84858e-05 -2.4259e-05 8.75721e-05 8.01666e-05 0 2.4885e-05 2.36188e-05 0.000115979 -4.69152e-06 -2.71883e-05 0 3.88077e-05 0 2.46214e-05 -2.80463e-05 7.36648e-05 -1.94867e-06
internal_weight=13802 5167 586 4581 4060 307 521 184 504 133 8635 404 371 252 8231 163 173 3753 573 337 122 3180 7337 2491 151 894 222 7236 109 2340
internal_count=13802 5167 586 4581 4060 307 521 184 504 133 8635 404 371 252 8231 163 173 3753 573 337 122 3180 7337 2491 151 894 222 7236 109 2340
is_linear=0
shrinkage=0.05


Tree=2
num_leaves=31
num_cat=0
split_feature=92 11 128 128 26 15 36 100 34 122 120 2 43 51 114 41 105 104 88 7 133 13 74 74 90 92 21 155 133 103
split_gain=0.00385698 0.00321125 0.00203986 0.000966752 0.000938604 0.00101009 0.00105573 0.00163604 0.00117664 0.00105506 0.000884882 0.000467612 0.00203058 0.00036108 0.000249573 0.000214439 0.000258415 0.000209426 0.000188882 0.000182399 0.00015958 0.000190282 0.000142848 0.000379368 0.000433187 0.000750495 0.000111797 0.000171701 0.000106096 4.3807e-05
threshold=7.5500000000000016 0.0040165472500000013 9.2762685509947076 9.5821574907389007 2.5000000000000004 4.3750000000000006e-05 271.05936600000001 -0.900000000000034 -0.048497809477304171 3.5000000000000004 268.94371870000003 0.0053825420000000006 0.32950000000000007 2.5000000000000004 31.150000000000002 49.500000000000007 5.5000000000000009 4.6500000000000012 38.612500000000004 0.17975000000000002 32.020000000000003 0.000831621638888889 15.478571428571431 26.114285714285717 27.245918367346942 12.350000000000003 0.18750000000000003 0.054000000000000013 88.200000000000003 2021.2500000000002
decision_type=2 2 2 2 2 2 2 2 2 2 10 2 2 2 2 2 2 2 2 2 2 2 2 2 2 2 2 2 2 2
left_child=11 3 10 4 5 -2 -7 9 -9 -8 -3 14 -13 -4 26 16 -5 -16 -18 -15 -20 -22 -6 24 25 -24 27 -1 -28 -14
right_child=1 2 13 15 22 6 7 8 -10 -11 -12 12 29 19 17 -17 18 -19 20 -21 21 -23 23 -25 -26 -27 28 -29 -30 -31
leaf_value=-1.2688236469552989e-05 0 0.00015163156617227386 0 0.00013467393009893291 -3.7461834091584567e-06 0 0.00029277297170429614 0.00051587218747009783 5.6183770180463663e-05 1.5771115739667432e-05 0.00055634646496260899 0.00031529532455857007 0 0 0 -4.1072419557145927e-06 0 9.5387250795942363e-05 0 0.00018912791229653382 0.00010383766433380071 0 0.0002931003425692325 0 0 0 -2.7695218828896127e-05 8.2323505133072934e-05 0 -1.9664059044061266e-05
leaf_weight=350 152 92 122 57 237 108 53 62 55 242 51 53 60 67 466 1943 723 57 204 64 138 100 51 406 165 75 7204 54 100 291
leaf_count=350 152 92 122 57 237 108 53 62 55 242 51 53 60 67 466 1943 723 57 204 64 138 100 51 406 165 75 7204 54 100 291
internal_value=0 3.4509e-05 0.000173044 2.19287e-05 5.38332e-05 0.000100503 0.00013377 0.00017019 0.00034446 8.32504e-05 0.000333554 -2.00971e-05 2.69958e-05 6.16796e-05 -2.3019e-05 4.14845e-06 2.13561e-05 2.81825e-06 1.14129e-05 0.000118992 3.75335e-05 6.54252e-05 1.4836e-05 2.83142e-05 7.18637e-05 0.000142833 -2.54208e-05 0 -2.68368e-05 -3.10415e-06
internal_weight=13802 5167 396 4771 1606 672 520 412 117 295 143 8635 404 253 8231 3165 1222 523 1165 131 442 238 934 697 291 126 7708 404 7304 351
internal_count=13802 5167 396 4771 1606 672 520 412 117 295 143 8635 404 253 8231 3165 1222 523 1165 131 442 238 934 697 291 126 7708 404 7304 351
is_linear=0
shrinkage=0.05


Tree=3
num_leaves=31
num_cat=0
split_feature=92 133 6 81 116 72 1 137 44 99 59 131 131 90 119 0 1 121 30 92 82 92 28 77 120 21 29 18 42 114
split_gain=0.00352818 0.0027607 0.00200776 0.00120134 0.00150618 0.0012136 0.00129042 0.00102584 0.00234924 0.000878191 0.00119978 0.000455068 0.00172335 0.000237472 0.000209396 0.000184148 0.000152633 0.000185447 0.000139974 0.000136863 0.000114939 0.000111983 9.62391e-05 0.000102877 9.61912e-05 6.05527e-05 5.0743e-05 4.87007e-05 4.46241e-05 4.04738e-05
threshold=7.5500000000000016 80.210000000000022 0.0080270833333333357 47.750000000000007 294.0219130000001 10.225000000000001 0.00012789800000000001 1.7950000000000002 492.50000000000006 -1.0000000180025095e-35 9.113800000000003 33.205449859187688 32.789184554052362 24.592857142857145 12.350000000000003 0.00065000000000000008 0.11484617750000002 1.0000000180025095e-35 -1.5714285714285701 2.1500000000000008 20.172000000000004 20.650000000000006 7.0500000000000007 280.27711915000003 268.49430315000001 0.20138888888888892 34.900000000000013 0.017208333333333336 0.55500000000000016 30.150000000000002
decision_type=2 2 2 2 2 2 2 2 2 2 2 2 2 2 10 2 2 10 2 2 2 2 2 2 10 2 2 2 2 2
left_child=11 3 9 4 16 27 -7 18 -9 13 -11 12 19 15 29 -3 20 -18 -5 -1 -2 -17 23 -22 -19 -16 -24 -6 -20 -13
right_child=1 2 -4 7 5 6 -8 8 -10 10 -12 14 -14 -15 25 21 17 24 28 -21 22 -23 26 -25 -26 -27 -28 -29 -30 -31
leaf_value=-1.4474116034860066e-05 -2.2790662803859249e-05 0 0.00038450188010844054 0 0 0.00040438057061042596 0 0.00042470025747752516 5.3863738647688169e-06 1.7507689031585217e-05 0.00040977958384353453 -2.6928979190906527e-05 0.00028697083338489327 0 3.5732902259042018e-05 0 0 0 0 4.6564206180750936e-05 0 0.00015384908605769202 1.0751693287483996e-06 7.700886921644801e-05 8.8007187573601345e-05 -5.9968831789955592e-06 -1.1748878363131141e-05 4.3570760640879877e-05 0.00011015260775571268 0
leaf_weight=649 689 51 82 228 119 62 62 69 115 83 50 6554 53 198 89 53 386 57 59 94 69 69 1351 81 130 1013 990 64 50 183
leaf_count=649 689 51 82 228 119 62 62 69 115 83 50 6554 53 198 89 53 386 57 59 94 69 69 1351 81 130 1013 990 64 50 183
internal_value=1.51537e-07 3.31842e-05 0.000136699 1.88245e-05 8.27581e-06 0.00011458 0.000237923 9.12756e-05 0.000191102 8.57993e-05 0.000204249 -1.90371e-05 1.31893e-05 2.94603e-05 -2.29485e-05 7.25774e-05 0 2.32594e-05 2.1574e-05 0 -4.726e-06 0.000105804 0 3.89514e-05 6.41703e-05 0 -2.21585e-06 2.98989e-06 6.79072e-05 -2.62766e-05
internal_weight=13802 5167 586 4581 4060 307 124 521 184 504 133 8635 796 371 7839 173 3753 573 337 743 3180 122 2491 150 187 1102 2341 183 109 6737
internal_count=13802 5167 586 4581 4060 307 124 521 184 504 133 8635 796 371 7839 173 3753 573 337 743 3180 122 2491 150 187 1102 2341 183 109 6737
is_linear=0
shrinkage=0.05


Tree=4
num_leaves=31
num_cat=0
split_feature=92 11 0 138 85 88 122 28 139 131 131 122 50 6 43 21 49 123 116 105 73 118 92 11 21 8 81 43 75 114
split_gain=0.00324673 0.00277904 0.00135576 0.000853805 0.00292106 0.000456876 0.000650106 0.00126311 0.000430858 0.000414783 0.0015583 0.000317729 0.000325755 0.000475043 0.000264759 0.000298096 0.000422332 0.000221171 0.000251026 0.000347556 0.000263822 0.000185385 0.000123609 0.000119219 0.000109336 0.000186507 0.000104789 8.75006e-05 8.14071e-05 5.66364e-05
threshold=7.5500000000000016 0.0040165472500000013 0.026950000000000005 4.6950000000000012 281.95292180000007 31.762500000000006 3.5000000000000004 28.450000000000003 87.16903152294654 33.205449859187688 32.789184554052362 6.5000000000000009 1008.35 0.016725694444444449 0.36150000000000004 0.60416666666666685 963.45000000000016 0.78656609248549325 288.32428510000005 20.500000000000004 34.150000000000013 20.150000000000002 2.1500000000000008 0.0024971300486111114 0.20138888888888892 0.012202278465537805 39.850000000000001 0.31450000000000006 15.450000000000001 29.550000000000004
decision_type=2 2 2 2 2 2 2 2 2 2 2 2 2 2 2 2 2 2 2 2 2 10 2 2 2 2 2 2 2 2
left_child=9 3 -3 4 5 -2 7 -7 23 10 22 -4 -13 -14 -8 16 -16 18 19 20 -10 -11 -1 26 25 -23 -5 -25 -28 -26
right_child=1 2 11 8 -6 6 14 -9 17 21 -12 12 13 -15 15 -17 -18 -19 -20 -21 -22 24 -24 27 29 -27 28 -29 -30 -31
leaf_value=-1.375152409886001e-05 -3.845767288403726e-06 0.00036550841553358319 0 -1.5442976271780867e-05 0.00040620003850963879 0.00028460327761871775 4.3093123420880546e-06 0 0.00020392644522187141 -2.5691112392742244e-05 0.0002728879885398783 0 0 0.00025184714280861528 0 0 0.00020207174714499465 0 0 0 0 0 4.4260506849049737e-05 0 -1.6204460769962559e-05 0.00010967170072001194 2.2614965653487437e-05 4.2995594101432598e-05 -2.5800361756642901e-06 0
leaf_weight=649 336 82 88 1448 58 84 674 77 92 6339 53 92 50 84 50 51 74 76 82 67 61 52 94 296 951 52 401 230 614 445
leaf_count=649 336 82 88 1448 58 84 674 77 92 6339 53 92 50 84 50 51 74 76 82 67 61 52 94 296 951 52 401 230 614 445
internal_value=3.32726e-07 3.20312e-05 0.000161027 2.02451e-05 5.34169e-05 3.4213e-05 5.1811e-05 0.000151681 4.91657e-06 -1.80575e-05 1.25498e-05 9.07635e-05 0.000122192 0.000176461 2.68338e-05 8.46586e-05 0.000126701 5.52891e-05 7.51563e-05 0.000102878 0.000144329 -2.18045e-05 0 0 -2.04221e-06 4.03804e-05 -6.03587e-06 1.98801e-05 2.46505e-06 -8.80837e-06
internal_weight=13802 5167 396 4771 1404 1346 1010 161 3367 8635 796 314 226 134 849 175 124 378 302 220 153 7839 743 2989 1500 104 2463 526 1015 1396
internal_count=13802 5167 396 4771 1404 1346 1010 161 3367 8635 796 314 226 134 849 175 124 378 302 220 153 7839 743 2989 1500 104 2463 526 1015 1396
is_linear=0
shrinkage=0.05


Tree=5
num_leaves=31
num_cat=0
split_feature=92 133 11 101 105 94 124 81 122 131 2 115 133 99 86 116 133 41 94 30 120 19 12 155 49 133 155 86 99 50
split_gain=0.00279677 0.00196131 0.00152761 0.00086585 0.000499399 0.00108416 0.00135386 0.000454943 0.000583226 0.000408111 0.000865579 0.00210515 0.000175682 0.000257883 0.000512046 0.000173091 0.000165745 0.000280359 0.000131724 0.00011485 0.000105593 8.40077e-05 6.64604e-05 7.72823e-05 5.8174e-05 5.52979e-05 0.000110223 3.89209e-05 3.36063e-05 3.34933e-05
threshold=7.5500000000000016 88.200000000000003 0.0044062812152777788 -0.52668120000001284 5.5000000000000009 5.5000000000000009 -0.60355339059327384 47.750000000000007 3.5000000000000004 33.205449859187688 0.0053825420000000006 5.9500000000000011 78.110000000000014 -0.1999999999999886 2.5000000000000004 291.38585230000007 60.115000000000002 43.500000000000007 21.500000000000004 -0.73000000000000087 271.40262350000006 -0.020031428571428568 0.040195316500000008 0.5980000000000002 980.85000000000002 83.710000000000022 0.006000000000000001 10.500000000000002 -1.9000000000000339 1001.0500000000001
decision_type=2 2 2 2 2 2 2 2 2 2 2 2 2 2 2 2 2 2 2 2 10 2 2 2 2 2 2 2 2 2
left_child=9 2 4 -4 5 6 -2 12 -9 10 25 -12 15 -14 -15 22 17 20 21 -10 -17 -11 23 27 -5 -1 -27 -6 -8 -24
right_child=1 -3 3 24 7 -7 28 8 19 18 11 -13 13 14 -16 16 -18 -19 -20 -21 -22 -23 29 -25 -26 26 -28 -29 -30 -31
leaf_value=-1.604939960604194e-05 0.00034420986993952113 0.00026210530805939771 0 8.8007854718779449e-05 -1.9795857333210985e-05 0 4.2670201554121269e-05 0.00020114877044121184 0 0 0 0.00038500391677171499 0 0 0.00019584471764032751 0.00017527693063528748 0 0 0 7.6891560474905412e-05 0 -2.3738091537367362e-05 0 0 0.00037270801441456359 0 5.8543458317966293e-05 0 0 1.7412834365151736e-05
leaf_weight=479 68 92 107 73 1250 206 52 70 330 125 64 50 329 79 62 56 150 177 564 75 63 7217 172 644 50 123 84 638 66 365
leaf_count=479 68 92 107 73 1250 206 52 70 330 125 64 50 329 79 62 56 150 177 564 75 63 7217 172 644 50 123 84 638 66 365
internal_value=0 2.89936e-05 2.37391e-05 0.00015215 1.65916e-05 7.29702e-05 0.000160264 1.05003e-05 5.75564e-05 -1.74183e-05 1.29327e-05 0.000141322 3.62395e-06 3.23053e-05 8.94529e-05 0 2.88446e-05 5.14527e-05 -2.11231e-05 1.99884e-05 0.000111324 -2.29195e-05 -4.45091e-06 -8.87979e-06 0.000246135 -1.29966e-06 8.70598e-06 -1.44226e-05 1.02423e-05 7.11568e-06
internal_weight=13880 5174 5082 230 4852 392 186 4460 475 8706 800 114 3985 470 141 3515 446 296 7906 405 119 7342 3069 2532 123 686 207 1888 118 537
internal_count=13880 5174 5082 230 4852 392 186 4460 475 8706 800 114 3985 470 141 3515 446 296 7906 405 119 7342 3069 2532 123 686 207 1888 118 537
is_linear=0
shrinkage=0.05


Tree=6
num_leaves=31
num_cat=0
split_feature=92 91 6 11 101 116 66 56 140 67 81 137 67 131 33 7 114 88 74 141 131 51 19 140 92 29 69 32 137 39
split_gain=0.00257961 0.00181665 0.00253618 0.00142262 0.000773986 0.000413213 0.00100698 0.00105521 0.000419631 0.000559365 0.000405269 0.000751307 0.00141813 0.000364013 0.000834967 0.000271843 0.000135847 0.000125674 0.000142934 0.00024773 0.000202305 9.05197e-05 7.79744e-05 6.23034e-05 5.40834e-05 3.91466e-05 3.45262e-05 0.000142379 0.000161891 2.84967e-05
threshold=7.5500000000000016 14.15 0.0017229166666666671 0.0044062812152777788 -0.52668120000001284 294.0219130000001 10.375000000000002 -2.2563572999999617 73.105000000000004 12.050000000000002 47.750000000000007 2.1000000000000005 13.450000000000001 33.205449859187688 -0.99809039303496638 0.0074000000000000012 29.350000000000005 29.187500000000004 18.221428571428579 35.740000000000002 91.467890746291033 598.50000000000011 -0.020031428571428568 76.510000000000005 12.750000000000002 46.850000000000001 288.12070235000004 11.550000000000002 0.27500000000000008 0.7350000000000001
decision_type=2 2 2 2 2 2 2 2 2 2 2 2 2 2 2 2 2 2 2 2 2 2 2 2 2 2 2 2 2 2
left_child=13 2 -2 5 -5 8 -7 -8 10 -10 17 -12 -13 14 -1 -11 22 25 19 -19 -21 23 -15 -16 -6 -3 -20 28 -28 -24
right_child=1 3 -4 4 24 6 7 -9 9 15 11 12 -14 16 21 -17 -18 18 26 20 -22 -23 29 -25 -26 -27 27 -29 -30 -31
leaf_value=0.00018544391969498974 0 -2.3039925456716944e-05 0.00049162953526213056 0 0.00031919099231719674 0 0 0.00033386442138327128 0 0 0 0.00034454440179979435 0 0 -2.0205901748519836e-05 0.00017811331492129415 0 0 -5.8627489343324279e-06 0 0.00011288848785564673 4.2772950440808965e-05 -2.3139308375507553e-05 0 4.4959719441402212e-05 0 0.00012367201213989504 0 0 0
leaf_weight=63 51 687 50 107 67 205 82 61 177 53 279 54 96 129 527 110 612 323 1502 110 119 90 7061 120 56 50 51 811 73 104
leaf_count=63 51 687 50 107 67 205 82 61 177 53 279 54 96 129 527 110 612 323 1502 110 119 90 7061 120 56 50 51 811 73 104
internal_value=0 2.80446e-05 0.000242257 2.27475e-05 0.000146726 1.57983e-05 7.09208e-05 0.000172257 1.04038e-05 6.50599e-05 4.71373e-06 5.07047e-05 0.000140571 -1.65292e-05 1.1904e-05 0.000131636 -2.00398e-05 0 3.95777e-06 2.70346e-05 6.67082e-05 0 -2.19508e-05 -9.60745e-06 0.00023603 -1.90332e-05 0 6.08475e-06 5.59e-05 -2.27534e-05
internal_weight=13880 5174 101 5073 230 4843 348 143 4495 340 4155 429 150 8706 800 163 7906 3726 2989 552 229 737 7294 647 123 737 2437 935 124 7165
internal_count=13880 5174 101 5073 230 4843 348 143 4495 340 4155 429 150 8706 800 163 7906 3726 2989 552 229 737 7294 647 123 737 2437 935 124 7165
is_linear=0
shrinkage=0.05


Tree=7
num_leaves=31
num_cat=0
split_feature=92 133 116 28 81 137 44 133 134 99 1 2 124 128 15 140 103 12 44 121 133 81 77 118 12 116 141 22 51 94
split_gain=0.00236511 0.00160616 0.000654992 0.00119605 0.000725677 0.000817169 0.000953088 0.000706662 0.000691261 0.000506786 0.000970885 0.000281457 0.00103107 0.00232921 0.000264509 0.000240396 0.000186378 0.000166583 0.000148495 0.000138638 0.000132307 0.000121516 9.64908e-05 9.48725e-05 8.43275e-05 8.27476e-05 6.25059e-05 5.89811e-05 4.49231e-05 3.96348e-05
threshold=7.5500000000000016 88.200000000000003 294.0219130000001 10.350000000000001 47.750000000000007 0.98000000000000009 492.50000000000006 78.110000000000014 9.2150000000000016 -0.1999999999999886 0.00044484300000000005 0.0023607900000000002 -0.70710678118654757 9.6850806486745231 0.0015885416666666669 54.655000000000008 1002.8000000000001 0.040195316500000008 652.50000000000011 1.0000000180025095e-35 83.105000000000004 24.950000000000003 277.72721710000002 15.850000000000003 0.21184004900000003 277.01260675000009 38.660000000000004 7.5000000000000009 14.500000000000002 13.500000000000002
decision_type=2 2 2 2 2 2 2 2 2 2 2 2 2 2 2 2 2 2 2 10 2 2 2 10 2 2 2 2 2 2
left_child=11 2 4 -4 7 -6 8 17 -7 14 -11 20 13 -13 -9 18 -16 22 -5 -19 24 -22 -2 -23 -1 -21 -24 -8 -28 -27
right_child=1 -3 3 15 5 6 27 9 -10 10 -12 12 -14 -15 16 -17 -18 19 -20 25 21 23 26 -25 -26 29 28 -29 -30 -31
leaf_value=-2.0906799265493914e-05 -1.5546943617348918e-05 0.00023872169563190021 0.0003165508623391946 0 0 0.00038110619173926729 4.5132953724898868e-05 -3.5679815117208258e-06 1.7394445399380247e-05 0 0.00027777995488627126 0.0004044871016016902 -1.5823714186566651e-05 0 0 0 9.4875141460862435e-05 0 9.6369520248637354e-05 0 -4.298659025902024e-06 8.8804175190007844e-05 0 0 0 0 7.0523481207500376e-05 0 0 9.3129581770149059e-05
leaf_weight=7531 1365 92 55 53 219 60 81 230 59 100 72 50 533 121 58 117 134 449 139 59 254 67 1474 54 96 51 53 70 72 112
leaf_count=7531 1365 92 55 53 219 60 81 230 59 100 72 50 533 121 58 117 134 449 139 59 254 67 1474 54 96 51 53 70 72 112
internal_value=0 2.70576e-05 2.2196e-05 8.98904e-05 1.58958e-05 7.4829e-05 0.000132901 7.88319e-06 0.000244093 5.84035e-05 0.000136123 -1.5619e-05 1.04594e-05 0.000121068 1.46592e-05 3.25262e-05 6.23059e-05 0 6.93775e-05 2.20764e-05 -1.85391e-05 0 -5.47708e-06 4.95123e-05 -2.00987e-05 5.49809e-05 0 1.13497e-05 3.52164e-05 7.32926e-05
internal_weight=13880 5174 5082 364 4718 489 270 4229 119 594 172 8706 704 171 422 309 192 3635 192 671 8002 375 2964 121 7627 222 1599 151 125 163
internal_count=13880 5174 5082 364 4718 489 270 4229 119 594 172 8706 704 171 422 309 192 3635 192 671 8002 375 2964 121 7627 222 1599 151 125 163
is_linear=0
shrinkage=0.05


Tree=8
num_leaves=31
num_cat=0
split_feature=92 91 6 11 101 81 50 94 131 33 49 28 14 112 139 92 140 67 114 11 119 52 19 84 114 103 93 138 114 21
split_gain=0.00216773 0.00156584 0.00220972 0.00126098 0.000688845 0.000342546 0.000776472 0.000592483 0.000313408 0.000747864 0.000248599 0.000266334 0.0012561 0.000294822 0.000217842 0.000246934 0.000208787 0.000436306 0.000122679 8.0895e-05 7.8456e-05 0.000270493 6.77215e-05 5.05575e-05 5.1309e-05 4.30836e-05 0.000135526 0.000108591 3.85136e-05 2.58967e-05
threshold=7.5500000000000016 14.15 0.0017229166666666671 0.0044062812152777788 -0.52668120000001284 38.050000000000004 1009.1500000000002 7.5000000000000009 33.205449859187688 -0.99809039303496638 990.05000000000007 20.650000000000002 0.0072705565000000007 279.72273745000007 24.157909489593077 13.450000000000005 75.480000000000004 11.250000000000002 29.350000000000005 0.002374246819444445 10.750000000000002 118.50000000000001 -0.020031428571428568 17.650000000000006 33.050000000000004 1283.0500000000004 265.52433770000005 6.1450000000000005 28.250000000000004 0.28472222222222227
decision_type=2 2 2 2 2 2 2 2 2 2 2 2 2 2 2 2 2 2 2 2 8 2 2 2 2 2 2 2 2 2
left_child=8 2 -2 5 -5 16 -7 -8 9 -1 11 12 -9 14 -13 -16 19 -18 22 23 21 -11 -10 24 29 -15 -27 -28 -21 -3
right_child=1 3 -4 4 -6 6 7 10 18 20 -12 13 -14 25 15 -17 17 -19 -20 28 -22 -23 -24 -25 -26 26 27 -29 -30 -31
leaf_value=0.00017561309320399232 0 0 0.00045806482038161079 0 0.00022201612231994308 -1.0508931261715723e-06 0.00021905677033544184 2.5682784785528313e-07 0 0 0 0 0.00033254481457613744 0 0.00017605355535245813 0 0 0.0001299942883762865 0 0 -1.9310002419559111e-05 9.3187833802296468e-05 -2.0682232034259238e-05 0 0 0 9.8042960835543149e-05 0 2.9367327053822052e-05 -2.2026227023699765e-05
leaf_weight=63 51 173 50 107 123 1067 63 139 129 294 321 143 51 328 89 68 125 92 612 213 359 84 7165 348 116 122 74 82 163 1066
leaf_count=63 51 173 50 107 123 1067 63 139 129 294 321 143 51 328 89 68 125 92 612 213 359 84 7165 348 116 122 74 82 163 1066
internal_value=5.84322e-08 2.60416e-05 0.000225282 2.10458e-05 0.000137856 1.44389e-05 2.70636e-05 5.06957e-05 -1.48104e-05 1.14e-05 3.9535e-05 5.08618e-05 0.000116902 3.1386e-05 7.35343e-05 0.000117252 0 4.69626e-05 -1.80961e-05 -4.449e-06 0 1.27803e-05 -1.99244e-05 -1.07863e-05 -1.5473e-05 2.19653e-06 1.99136e-05 5.35047e-05 1.09443e-05 -1.91117e-05
internal_weight=13880 5174 101 5073 230 4843 2547 1480 8706 800 1417 1096 190 906 300 157 2296 217 7906 2079 737 378 7294 1703 1355 606 278 156 376 1239
internal_count=13880 5174 101 5073 230 4843 2547 1480 8706 800 1417 1096 190 906 300 157 2296 217 7906 2079 737 378 7294 1703 1355 606 278 156 376 1239
is_linear=0
shrinkage=0.05


Tree=9
num_leaves=31
num_cat=0
split_feature=92 91 6 11 44 115 116 92 59 81 85 116 87 139 116 49 131 2 120 114 120 81 110 141 131 74 19 142 75 115
split_gain=0.00199065 0.00140235 0.0020016 0.00114812 0.000356587 0.000554415 0.000316407 0.000896111 0.00104283 0.000324376 0.000428666 0.000646196 0.000736988 0.000331703 0.000432294 0.000600101 0.000282218 0.000698506 0.00194164 0.000112074 0.000105462 7.24312e-05 8.33995e-05 0.000163061 0.000166672 0.000233301 6.32837e-05 4.46649e-05 0.000123891 4.03959e-05
threshold=7.5500000000000016 14.15 0.0017229166666666671 0.0044062812152777788 1302.5000000000002 10.950000000000001 294.0219130000001 10.150000000000004 4.0726000000000004 47.750000000000007 272.17560785000006 285.81097765000004 5.5000000000000009 88.311154322955772 285.65627605000003 956.45000000000016 33.205449859187688 0.0053825420000000006 276.1539295500001 29.350000000000005 268.17915795000005 32.650000000000013 22.850000000000005 35.760000000000012 59.178829201212871 17.692857142857147 -0.020031428571428568 732.60122331517573 9.7500000000000018 9.4500000000000011
decision_type=2 2 2 2 2 2 2 2 2 2 2 2 2 2 2 2 2 2 10 2 10 2 2 2 2 2 2 2 2 2
left_child=16 2 -2 6 5 -5 9 8 -8 13 -11 12 -12 21 15 -15 17 27 -19 26 -17 -3 23 -23 -25 -26 -18 -1 -29 -24
right_child=1 3 -4 4 -6 -7 7 -9 -10 10 11 -13 -14 14 -16 20 19 18 -20 -21 -22 22 29 24 25 -27 -28 28 -30 -31
leaf_value=-1.368109687385331e-05 0 -1.2842579393573443e-05 0.00043561065843438401 0 0 0.00023007328975263361 0 0 0.00033307220422654742 0 0.00028454436823293304 0 0 0 0 0 0 0 0.00036217816819165218 0 0.00023914969843742887 0 1.5111388505807465e-05 0 0.00012166688103701672 0 -1.9648264791250801e-05 0 7.870763075341249e-05 -5.0145278168826381e-06
leaf_weight=537 51 933 50 53 59 118 68 225 55 147 69 140 89 92 106 52 129 64 50 612 64 504 248 82 110 105 7165 98 51 1754
leaf_count=537 51 933 50 53 59 118 68 225 55 147 69 140 89 92 106 52 129 64 50 612 64 504 248 82 110 105 7165 98 51 1754
internal_value=2.03064e-07 2.51133e-05 0.000214055 2.03248e-05 0.000131945 0.00016901 1.39654e-05 6.25422e-05 0.000170516 9.07949e-06 5.05122e-05 8.59654e-05 0.000155104 3.28141e-06 5.26406e-05 9.66821e-05 -1.40281e-05 1.06535e-05 0.000126344 -1.7159e-05 0.000171814 0 3.1049e-06 1.7137e-05 4.64579e-05 7.00483e-05 -1.89087e-05 -1.45004e-06 9.09504e-06 -1.8852e-08
internal_weight=13880 5174 101 5073 230 171 4843 348 123 4495 445 298 158 4050 314 208 8706 800 114 7906 116 3736 2803 801 297 215 7294 686 149 2002
internal_count=13880 5174 101 5073 230 171 4843 348 123 4495 445 298 158 4050 314 208 8706 800 114 7906 116 3736 2803 801 297 215 7294 686 149 2002
is_linear=0
shrinkage=0.05


Tree=10
num_leaves=31
num_cat=0
split_feature=92 133 43 51 116 18 81 137 36 108 46 73 2 124 92 139 11 141 90 126 19 86 115 41 133 75 82 26 3 51
split_gain=0.00192024 0.0013815 0.00144325 0.00114322 0.00092258 0.00182447 0.000668313 0.000997971 0.00210005 0.000545302 0.000621352 0.000483004 0.000440369 0.00325665 0.000197413 0.00014577 0.000133441 0.000110033 0.000188981 0.0004393 5.83539e-05 4.4899e-05 3.94786e-05 3.93031e-05 3.82438e-05 2.84162e-05 5.0178e-05 6.16828e-05 6.10987e-05 0.000138067
threshold=8.0500000000000025 80.210000000000022 0.35550000000000004 1.5000000000000002 294.0219130000001 0.00051041666666666683 47.750000000000007 1.7950000000000002 273.20601365000005 289.79627975000011 2.5000000000000004 32.350000000000001 0.0053825420000000006 -0.9159756150367534 2.4500000000000006 85.299518965764761 0.0021053922986111113 38.130000000000003 22.835714285714293 26.500000000000004 -0.020031428571428568 4.5000000000000009 14.450000000000001 55.500000000000007 88.200000000000003 20.250000000000004 21.458000000000006 13.500000000000002 0.0073697715000000013 1.5000000000000002
decision_type=2 2 2 2 2 2 2 2 2 2 2 2 2 2 2 2 2 2 2 2 2 2 2 2 2 2 2 2 2 2
left_child=12 4 9 -4 6 -6 17 -8 -9 -3 -11 -5 14 -14 20 22 -7 21 -19 -20 -1 -2 -16 -15 -22 26 -24 28 -28 -30
right_child=1 2 3 11 5 16 7 8 -10 10 -12 -13 13 23 15 -17 -18 18 19 -21 24 -23 25 -25 -26 -27 27 -29 29 -31
leaf_value=0 -1.0952327899328213e-05 0 0 0.00039833227080974664 0.00036791020108791731 0 0 0.00038038295127365416 0 0 0.00020913510081472118 4.7875888609930618e-05 0.00040763765094127921 0 -1.1408876299238764e-05 6.1508070120611514e-05 6.4379678781240391e-05 0 0.00018763521680039747 0 -1.9796276927395957e-05 0 0 -1.8882148861665531e-05 0 -2.6271789929356551e-06 0 0 0 9.8631896708165998e-05
leaf_weight=112 1060 242 54 82 55 151 310 66 75 59 73 54 51 101 883 91 117 159 51 221 6487 2069 173 287 91 325 88 73 51 86
leaf_count=112 1060 242 54 82 55 151 310 66 75 59 73 54 51 101 883 91 117 159 51 221 6487 2069 173 287 91 325 88 73 51 86
internal_value=1.78666e-06 2.72373e-05 0.00010255 0.000219829 1.62618e-05 9.89818e-05 8.33119e-06 6.56696e-05 0.00017691 2.92091e-05 0.000112497 0.000297042 -1.1661e-05 3.38301e-05 -1.46163e-05 0 2.40413e-05 0 2.45355e-05 5.17996e-05 -1.85448e-05 -2.19082e-06 -3.12128e-06 -3.37257e-06 -1.92857e-05 0 1.20724e-05 2.54876e-05 3.92655e-05 6.02645e-05
internal_weight=13797 4898 564 190 4334 323 4011 451 141 374 132 136 8899 439 8460 1770 268 3560 431 272 6690 3129 1679 388 6578 796 471 298 225 137
internal_count=13797 4898 564 190 4334 323 4011 451 141 374 132 136 8899 439 8460 1770 268 3560 431 272 6690 3129 1679 388 6578 796 471 298 225 137
is_linear=0
shrinkage=0.05


Tree=11
num_leaves=31
num_cat=0
split_feature=92 128 94 124 88 28 14 32 2 124 41 107 16 14 44 15 92 139 12 120 85 32 41 102 19 41 133 11 120 114
split_gain=0.0017614 0.00126554 0.00172877 0.00385276 0.000680626 0.000692189 0.00176529 0.0025539 0.000398627 0.00294558 0.000295545 0.000289178 0.00022707 0.000346316 0.000194226 0.000196703 0.000176 0.000132038 9.44937e-05 0.000111978 9.3866e-05 0.000221815 0.000194313 0.000174421 5.459e-05 3.59676e-05 3.56564e-05 3.21106e-05 3.85288e-05 7.84483e-05
threshold=8.0500000000000025 9.5183763896332803 5.5000000000000009 -0.70710678118654757 36.237500000000004 21.550000000000001 0.0073567035000000006 12.65 0.0053825420000000006 -0.9159756150367534 49.500000000000007 9.5500000000000025 0.85000000000000009 0.011655566500000002 1077.5000000000002 0.0014177083333333335 2.4500000000000006 85.299518965764761 0.014616663000000002 268.99180080000002 276.79701545000006 16.550000000000004 67.500000000000014 0.90000000000000135 -0.020031428571428568 55.500000000000007 88.200000000000003 0.002238550055555556 269.18252470000004 22.150000000000002
decision_type=2 2 2 2 2 2 2 2 2 2 2 2 2 2 2 2 2 2 2 10 2 2 2 2 2 2 2 2 10 2
left_child=8 2 3 -2 -4 6 -6 -8 16 -10 12 -5 18 14 15 -14 24 27 -3 -20 21 22 23 -7 -1 -11 -26 -18 -29 -30
right_child=1 10 4 11 5 20 7 -9 9 25 -12 -13 13 -15 -16 -17 17 -19 19 -21 -22 -23 -24 -25 26 -27 -28 28 29 -31
leaf_value=0 0.00047584590835928858 -2.8944437873099356e-06 -3.7464267305507794e-06 0 0 6.5260165141034645e-06 0.00048975085664324078 0 0.00038764771835653498 0 -3.170085870308764e-06 0.00010531593565901857 0.00017520411931213307 0 0 0 -8.874204514484063e-06 5.8466094391722282e-05 0 5.659538947495049e-05 0 0 0 0.00017538620779680695 -1.8806616298818358e-05 -1.7941319408565606e-05 0 0 0 4.3077811065767825e-05
leaf_weight=112 81 492 497 124 108 126 63 54 51 101 1964 99 106 277 52 50 1207 91 232 163 179 117 52 62 6487 287 91 188 127 157
leaf_count=112 81 492 497 124 108 126 63 54 51 101 1964 99 106 277 52 50 1207 91 232 163 179 117 52 62 6487 287 91 188 127 157
internal_value=1.81763e-06 2.62029e-05 6.37875e-05 0.000174821 3.28669e-05 6.33139e-05 0.000141933 0.000275651 -1.10436e-05 3.20834e-05 7.09267e-06 4.15224e-05 2.54169e-05 5.44598e-05 0.000105068 0.000133373 -1.3876e-05 0 3.86262e-06 2.48913e-05 2.07975e-05 3.6115e-05 6.51036e-05 8.93023e-05 -1.75852e-05 -2.67602e-06 -1.83098e-05 -3.04849e-06 1.26547e-06 1.84562e-05
internal_weight=13797 4898 1562 304 1258 761 225 117 8899 439 3336 223 1372 485 208 156 8460 1770 887 395 536 357 240 188 6690 388 6578 1679 472 284
internal_count=13797 4898 1562 304 1258 761 225 117 8899 439 3336 223 1372 485 208 156 8460 1770 887 395 536 357 240 188 6690 388 6578 1679 472 284
is_linear=0
shrinkage=0.05


Tree=12
num_leaves=31
num_cat=0
split_feature=92 133 43 51 28 116 23 100 69 88 137 56 22 53 92 139 28 88 74 141 19 123 61 108 131 84 49 62 89 133
split_gain=0.00160348 0.00115382 0.00120959 0.00104037 0.00133809 0.00080738 0.00159935 0.000529818 0.00075603 0.000438462 0.000601308 0.00172732 0.000386234 0.00279306 0.000201836 0.000443076 0.000131135 9.14754e-05 0.000162235 0.000407922 5.40669e-05 4.20346e-05 5.73462e-05 4.01979e-05 5.83794e-05 5.80283e-05 4.40859e-05 6.87219e-05 5.56691e-05 3.53381e-05
threshold=8.0500000000000025 80.210000000000022 0.35550000000000004 1.5000000000000002 26.700000000000003 294.0219130000001 19.554861111111116 -5.1999999999999877 289.86305550000003 43.862500000000004 1.7950000000000002 1.0000000180025095e-35 1.0000000180025095e-35 222.50000000000003 2.1500000000000008 89.131443008171644 28.650000000000002 31.537500000000009 18.464285714285719 38.130000000000003 -0.020031428571428568 -0.78656609248549292 479.50000000000006 288.7792788000001 120.04961739150816 9.9500000000000046 981.05000000000007 37.850000000000001 39.95000000000001 88.200000000000003
decision_type=2 2 2 2 2 2 2 2 2 2 2 2 2 2 2 2 2 2 2 2 2 2 2 2 2 2 2 2 2 2
left_child=12 5 7 -4 -5 9 -7 8 -3 17 -11 -12 13 -1 20 21 -8 -2 19 -19 -14 22 -16 -20 25 -25 27 28 -27 -22
right_child=1 2 3 4 -6 6 16 -9 -10 10 11 -13 14 -15 15 -17 -18 18 23 -21 29 -23 -24 24 -26 26 -28 -29 -30 -31
leaf_value=-8.9375294441670604e-06 -1.173596354947868e-05 0 0 0.00040420596646678565 0 0.00035985641261361838 0 0 0.00025798041846498493 0 0.0003127236286189594 0 0 0.00033254927885876113 3.0603283452207654e-05 0.00013236146900805668 6.3598694732869862e-05 0 -5.4448074569639327e-06 0.00014324483656604867 -1.8689354028253507e-05 -8.9521183368039535e-06 0 0 0 0.00010836637329317235 0 0 0 0
leaf_weight=364 984 52 54 83 53 50 154 271 51 347 72 96 112 66 161 61 119 389 1269 73 6324 1474 246 133 368 65 74 82 59 91
leaf_count=364 984 52 54 83 53 50 154 271 51 347 72 96 112 66 161 61 119 389 1269 73 6324 1474 246 133 368 65 74 82 59 91
internal_value=1.80387e-06 2.50822e-05 9.40737e-05 0.000201798 0.000275242 1.49311e-05 9.2354e-05 2.5622e-05 0.000122895 7.42858e-06 5.05312e-05 0.000129195 -1.04481e-05 3.25258e-05 -1.32239e-05 0 2.39782e-05 0 6.08409e-06 3.28163e-05 -1.74411e-05 -3.37821e-06 4.52592e-06 0 8.96458e-06 2.24573e-05 3.54866e-05 4.7349e-05 7.13237e-05 -1.81815e-05
internal_weight=13797 4898 564 190 136 4334 323 374 103 4011 515 168 8899 430 8469 1942 273 3496 2512 462 6527 1881 407 2050 781 413 280 206 124 6415
internal_count=13797 4898 564 190 136 4334 323 374 103 4011 515 168 8899 430 8469 1942 273 3496 2512 462 6527 1881 407 2050 781 413 280 206 124 6415
is_linear=0
shrinkage=0.05


Tree=13
num_leaves=31
num_cat=0
split_feature=92 128 94 100 81 88 116 94 85 101 131 131 41 92 141 42 65 43 118 107 21 3 123 92 23 91 16 49 142 134
split_gain=0.00147017 0.00106897 0.00150175 0.00238975 0.00275387 0.000617121 0.000580979 0.00124531 0.000525528 0.000393271 0.000362695 0.00234146 0.000259341 0.000206012 0.000224468 0.000186356 0.000206444 0.000277995 0.000168089 0.000145798 0.000412124 8.29382e-05 8.89891e-05 8.2113e-05 0.000170903 4.20536e-05 3.78678e-05 7.36244e-05 3.4086e-05 3.06496e-05
threshold=8.0500000000000025 9.5183763896332803 5.5000000000000009 -0.85000000000002263 31.150000000000002 36.237500000000004 272.7540424500001 14.500000000000002 276.79701545000006 1.0036623999999963 33.205449859187688 32.789184554052362 49.500000000000007 13.450000000000005 35.180000000000007 1.0350000000000004 10.15 0.39450000000000007 20.150000000000002 10.050000000000002 0.46527777777777785 0.085674256500000018 1.0000000180025095e-35 2.1500000000000008 23.665972222222226 21.150000000000002 1.2050000000000003 981.25000000000011 740.2181585958557 12.570000000000002
decision_type=2 2 2 2 2 2 2 2 2 2 2 2 2 2 2 2 2 2 10 2 2 2 2 2 2 2 2 2 2 2
left_child=10 2 3 19 -5 -4 -7 -8 9 -9 11 23 13 14 -3 16 -16 -18 -12 -2 -21 -20 29 28 -25 -14 -15 -28 -1 -23
right_child=1 12 5 4 -6 6 7 8 -10 -11 18 -13 25 26 15 -17 17 -19 21 20 -22 22 -24 24 -26 -27 27 -29 -30 -31
leaf_value=-1.7079666636004689e-05 0 0 -5.1031427431345106e-06 0 0.00061918696731650194 0 0.00027711757266268085 0.00018750355681186194 0 0 -1.7150126960645607e-05 0.00032048907313340659 0 0 0 0 0.0001569095268405999 0 -5.6828564979148222e-06 0.0001731938563665059 0 6.5991830776349555e-05 0 0.00010333568322284219 0 -1.1237185538862554e-05 4.8397029319605904e-05 0 0 0
leaf_weight=556 96 302 497 52 53 314 86 79 212 70 6418 59 986 582 59 58 142 50 1252 52 51 106 254 51 59 978 118 61 93 51
leaf_count=556 96 302 497 52 53 314 86 79 212 70 6418 59 986 582 59 58 142 50 1252 52 51 106 254 51 59 978 118 61 93 51
internal_value=1.82512e-06 2.41246e-05 5.87017e-05 0.000162351 0.000361059 2.95741e-05 5.876e-05 9.54715e-05 3.77404e-05 0.000110436 -9.88804e-06 1.94284e-05 6.42365e-06 2.3644e-05 4.57792e-05 7.71207e-05 9.57354e-05 0.000121001 -1.34763e-05 3.12241e-05 7.33462e-05 0 2.01258e-05 0 3.39597e-05 -3.0674e-06 0 2.29334e-05 -1.09031e-05 4.96413e-05
internal_weight=13797 4898 1562 304 105 1258 761 447 361 149 8899 818 3336 1372 611 309 251 192 8081 199 103 1663 411 759 110 1964 761 179 649 157
internal_count=13797 4898 1562 304 105 1258 761 447 361 149 8899 818 3336 1372 611 309 251 192 8081 199 103 1663 411 759 110 1964 761 179 649 157
is_linear=0
shrinkage=0.05


Tree=14
num_leaves=31
num_cat=0
split_feature=92 128 43 53 82 120 49 92 131 131 128 51 15 56 141 118 93 81 137 3 155 92 135 41 100 41 92 80 8 120
split_gain=0.00134361 0.000977086 0.00114415 0.00213828 0.00357081 0.000755113 0.00109397 0.000443029 0.000330402 0.00211616 0.000232206 0.000381451 0.000528975 0.000442661 0.000231854 0.000152364 0.000142163 9.54762e-05 0.000221101 7.58487e-05 7.27583e-05 7.12015e-05 0.000161082 6.8008e-05 0.000111876 5.33495e-05 0.000105151 5.746e-05 8.3958e-05 4.21236e-05
threshold=8.0500000000000025 9.5821574907389007 0.37450000000000006 50.500000000000007 24.918000000000003 266.19738150000006 981.85000000000002 21.750000000000007 33.205449859187688 32.789184554052362 9.2019486075941312 5.5000000000000009 0.00013333333333333337 6.3538580500000146 38.640000000000008 20.150000000000002 266.50940935000006 49.550000000000004 1.4600000000000002 0.085674256500000018 0.37800000000000006 2.1500000000000008 9.0750000000000011 54.500000000000007 -2.7499999999999996 43.500000000000007 12.350000000000003 29.512500000000006 0.002775633432220316 271.49822000000006
decision_type=2 2 2 2 2 10 2 2 2 2 2 2 2 2 2 10 2 2 2 2 2 2 2 2 2 2 2 2 2 10
left_child=8 2 5 -4 -5 6 7 -2 9 21 20 -12 -13 -14 17 -10 -16 25 -19 29 -7 -1 -23 24 -21 26 27 28 -3 -17
right_child=1 14 3 4 -6 10 -8 -9 15 -11 11 12 13 -15 16 19 -18 18 -20 23 -22 22 -24 -25 -26 -27 -28 -29 -30 -31
leaf_value=-1.0172595138549067e-05 0 0 0 0.00055351810560376404 0 -2.177954777857493e-05 0.00032986336041301238 0.00014345610391962736 -1.6292754197029166e-05 0.00030473169228450092 0 0 0.00021991073982573613 0 0 0 0.00010149188482610043 0 0.0001113275220450305 0 1.278936767000392e-06 9.9367861078532695e-05 0 0 5.7393719608760456e-05 -5.3074899195788547e-06 0 0 6.9908266515530479e-05 -1.2804987830047712e-05
leaf_weight=649 182 50 165 67 64 446 50 68 6418 59 173 78 81 72 60 388 99 101 63 55 208 51 59 174 182 2154 520 57 140 864
leaf_count=649 182 50 165 67 64 446 50 68 6418 59 173 78 81 72 60 388 99 101 63 55 208 51 59 174 182 2154 520 57 140 864
internal_value=1.82719e-06 2.31557e-05 5.48148e-05 0.000148633 0.00030034 3.0592e-05 0.000101922 3.52805e-05 -9.35149e-06 1.8532e-05 5.56757e-06 3.79363e-05 8.13806e-05 0.000136251 5.46112e-06 -1.27946e-05 6.49352e-05 7.55577e-07 3.81744e-05 0 -6.82162e-06 0 3.15858e-05 1.92769e-05 3.68462e-05 0 9.7273e-06 3.67832e-05 5.00887e-05 -5.39894e-06
internal_weight=13797 4898 1654 296 131 1358 300 250 8899 818 1058 404 231 153 3244 8081 159 3085 164 1663 654 759 110 411 237 2921 767 247 190 1252
internal_count=13797 4898 1654 296 131 1358 300 250 8899 818 1058 404 231 153 3244 8081 159 3085 164 1663 654 759 110 411 237 2921 767 247 190 1252
is_linear=0
shrinkage=0.05


Tree=15
num_leaves=31
num_cat=0
split_feature=92 133 11 85 138 63 124 2 82 73 92 34 116 49 17 29 141 114 69 14 82 133 108 35 30 16 99 24 85 36
split_gain=0.00133573 0.00163517 0.00103698 0.000676586 0.00272471 0.000444724 0.000189186 0.00107962 0.000164015 0.000256476 0.000276408 0.000242623 0.000566267 0.000619157 0.000264 8.54063e-05 7.58136e-05 6.57752e-05 5.68827e-05 5.52097e-05 0.000171972 3.98723e-05 3.86012e-05 5.0971e-05 9.46454e-05 0.000100674 3.84878e-05 2.66257e-05 1.52415e-05 1.28346e-05
threshold=7.5500000000000016 88.200000000000003 0.0044062812152777788 281.33569580000005 4.5300000000000002 6.2086000000000006 -0.70710678118654757 0.0053825420000000006 19.292000000000005 33.050000000000004 13.750000000000005 -0.4510924920951272 285.47850510000006 964.85000000000002 0.0093500000000000024 47.300000000000004 34.095000000000006 29.350000000000005 291.32464430000005 0.036527543000000003 20.986000000000004 88.200000000000003 287.35059890000008 292.38393900000005 -1.0385714285714287 1.2050000000000003 -2.5999999999999654 31.150000000000002 263.8727685500001 268.61829375000008
decision_type=2 2 2 2 2 2 2 2 2 2 2 2 2 2 2 2 2 2 2 2 2 2 2 2 2 2 2 2 2 2
left_child=6 2 3 8 -5 -4 7 19 15 10 11 -10 13 -13 -15 -2 -14 21 -12 28 -21 27 29 24 -24 -26 -7 -8 -1 -11
right_child=1 -3 5 4 -6 26 17 -9 9 22 18 12 16 14 -16 -17 -18 -19 -20 20 -22 -23 23 -25 25 -27 -28 -29 -30 -31
leaf_value=0 -2.2211933446818818e-05 0.00023596409532199308 0.00022054007709068897 0.00034586146130483639 0 0 0 0.00016432781768659825 0 0 0 0 0 0 0.00025883064567923695 5.5305413570749766e-06 4.9009893895280195e-05 0 4.637564421262874e-05 0 8.7724233204518619e-05 0 0 -4.9939230217917947e-06 0 8.694813204522234e-05 4.8414232554532029e-05 -1.7234135007194441e-05 -1.1274919210084657e-05 -1.4274523499286698e-05
leaf_weight=191 731 90 92 74 258 74 125 97 284 100 1072 89 261 54 87 63 83 400 66 123 58 80 370 456 95 79 58 5926 1612 654
leaf_count=191 731 90 92 74 258 74 125 97 284 100 1072 89 261 54 87 63 83 400 66 123 58 80 370 456 95 79 58 5926 1612 654
internal_value=1.14701e-06 2.15038e-05 1.66935e-05 1.07192e-05 8.05339e-05 0.000123892 -1.05415e-05 4.05572e-07 4.50162e-06 9.69476e-06 2.22472e-05 4.41914e-05 6.30263e-05 0.000126346 0.000192013 -1.37172e-05 5.95429e-06 -1.47946e-05 1.28826e-06 -5.16863e-06 1.15087e-05 -1.61237e-05 -1.74514e-06 6.85322e-07 1.46206e-05 4.49199e-05 1.77859e-05 -1.67297e-05 -9.61991e-06 -1.15877e-05
internal_weight=13802 5190 5100 4876 332 224 8612 2081 4544 3750 1996 858 574 230 141 794 344 6531 1138 1984 181 6131 1754 1000 544 174 132 6051 1803 754
internal_count=13802 5190 5100 4876 332 224 8612 2081 4544 3750 1996 858 574 230 141 794 344 6531 1138 1984 181 6131 1754 1000 544 174 132 6051 1803 754
is_linear=0
shrinkage=0.05


Tree=16
num_leaves=31
num_cat=0
split_feature=92 133 11 103 33 63 139 99 1 124 2 122 29 3 28 4 43 81 116 92 114 77 29 14 82 108 39 99 24 61
split_gain=0.00122735 0.0014685 0.000948176 0.000456191 0.000918363 0.000380319 0.000181914 0.000422255 0.000699417 0.000171018 0.000974858 0.000130318 0.000231353 7.00771e-05 7.66517e-05 7.64788e-05 0.000109758 8.44127e-05 0.000117032 9.56423e-05 6.04939e-05 5.68475e-05 0.000149476 4.88185e-05 0.000156757 4.04812e-05 3.68196e-05 3.51219e-05 2.58986e-05 2.53639e-05
threshold=7.5500000000000016 88.200000000000003 0.0044062812152777788 571.6500000000002 0.87568746736085534 6.2086000000000006 83.560079890267147 -0.14999999999997723 0.00044484300000000005 -0.70710678118654757 0.0053825420000000006 2.5000000000000004 29.350000000000005 0.0073697715000000013 7.0500000000000007 0.0016430015000000002 0.31050000000000005 31.250000000000004 273.24656565000004 10.750000000000002 32.350000000000001 286.09935920000004 32.500000000000007 0.036527543000000003 20.986000000000004 284.55049130000003 0.24500000000000002 -2.5999999999999654 31.150000000000002 289.85000000000008
decision_type=2 2 2 2 2 2 2 2 2 2 2 2 2 2 2 2 2 2 2 2 2 2 2 2 2 2 2 2 2 2
left_child=9 2 3 4 -2 -4 11 21 -9 10 23 12 -5 14 25 16 -15 -18 -19 -20 26 -8 -23 -1 -25 -13 28 -7 -11 -22
right_child=1 -3 5 6 -6 27 7 8 -10 20 -12 13 -14 15 -16 -17 17 18 19 -21 29 22 -24 24 -26 -27 -28 -29 -30 -31
leaf_value=-9.1161617614891138e-06 0 0.00022429554406259273 0.00020963164540858923 9.9694552650757756e-05 0.00027025324776974128 0 -4.2004176229813243e-06 0 0.00020010949509390955 0 0.00015619526258108508 0 0 0 -1.30622531338518e-05 0 0 0 0 0.00013052750232934676 2.8512179131865144e-05 7.4826534072909153e-05 0 0 8.3412365019577952e-05 3.7626252621077244e-05 0 4.6034548971165659e-05 -1.6444672081175435e-05 0
leaf_weight=1803 50 90 92 91 50 74 356 121 86 124 97 126 385 273 1723 1066 59 110 75 73 77 90 57 123 58 85 232 58 5881 217
leaf_count=1803 50 90 92 91 50 74 356 121 86 124 97 126 385 273 1723 1066 59 110 75 73 77 90 57 123 58 85 232 58 5881 217
internal_value=1.22066e-06 2.07434e-05 1.61278e-05 1.03644e-05 0.000118946 0.000118759 7.01981e-06 3.09173e-05 9.13381e-05 -9.96519e-06 3.37064e-07 1.61087e-06 2.65409e-05 -3.08709e-07 -7.97523e-06 5.62673e-06 2.03047e-05 4.03621e-05 5.30566e-05 8.28058e-05 -1.40128e-05 0 3.02936e-05 -4.83898e-06 1.01109e-05 9.84557e-06 -1.51611e-05 1.67302e-05 -1.59394e-05 0
internal_weight=13802 5190 5100 4876 100 224 4776 710 207 8612 2081 4066 476 3590 1934 1656 590 317 258 148 6531 503 147 1984 181 211 6237 132 6005 294
internal_count=13802 5190 5100 4876 100 224 4776 710 207 8612 2081 4066 476 3590 1934 1656 590 317 258 148 6531 503 147 1984 181 211 6237 132 6005 294
is_linear=0
shrinkage=0.05


Tree=17
num_leaves=31
num_cat=0
split_feature=160 11 128 85 85 138 139 116 116 0 107 51 124 2 50 122 81 3 136 43 116 47 114 43 19 93 12 84 33 84
split_gain=0.00111949 0.0011286 0.000984847 0.000752716 0.000547282 0.00241966 0.000445926 0.000468564 0.000540544 0.000428973 0.000525971 0.000197568 0.000154987 0.000880069 0.00012627 0.00011946 0.000266931 8.37766e-05 7.50225e-05 8.40794e-05 8.66161e-05 6.8289e-05 5.54333e-05 4.6609e-05 9.26281e-05 3.68747e-05 3.24076e-05 2.59833e-05 7.29876e-05 2.51767e-05
threshold=0.15345368916797494 0.0040165472500000013 9.2762685509947076 275.17350375000007 281.33569580000005 4.5300000000000002 86.716077848590643 280.78632605000001 267.98771210000007 0.00055000000000000003 13.550000000000002 3.5000000000000004 -0.70710678118654757 0.0053825420000000006 1010.2500000000001 2.5000000000000004 47.100000000000009 0.0073697715000000013 1.0200000000000002 0.35250000000000004 268.95879460000009 21.500000000000004 28.850000000000005 0.38650000000000007 -0.0017514285714285711 262.86203795000006 0.00081181050000000011 7.450000000000002 0.86491485433126947 23.950000000000006
decision_type=2 2 2 2 2 2 2 2 2 2 2 2 2 2 2 2 2 2 2 2 2 2 2 2 2 2 2 2 2 2
left_child=12 4 3 -3 6 -6 15 8 -8 -10 -11 -4 13 23 -13 16 27 26 -19 -20 -21 -22 25 -1 -25 -14 -17 -2 -29 -28
right_child=1 2 11 -5 5 -7 7 -9 9 10 -12 14 22 -15 -16 17 -18 18 19 20 21 -23 -24 24 -26 -27 29 28 -30 -31
leaf_value=-1.0320531192421073e-05 0 0.00032056898631264812 0 0 0.00032546863885024027 0 0 0 0 0.00030421721335689874 0 0 0 0.0001484651940210119 0.00010902261326248806 0 0.00013156841486918646 0 0 0 0 8.3162651852958182e-05 0 5.1531815679998702e-05 0 -1.5755059515421133e-05 -1.4892857415413101e-05 0 6.8979842751035059e-05 0
leaf_weight=1451 225 81 117 60 74 258 87 130 82 66 51 55 530 97 75 307 54 1264 152 59 59 117 429 87 441 5562 1515 169 51 97
leaf_count=1451 225 81 117 60 74 258 87 130 82 66 51 55 530 97 75 307 54 1264 152 59 59 117 429 87 441 5562 1515 169 51 97
internal_value=1.26981e-06 1.98833e-05 0.000103617 0.000214688 1.20808e-05 7.54485e-05 6.25971e-06 5.56323e-05 9.26197e-05 0.000138083 0.000203482 1.94414e-05 -9.41909e-06 2.9959e-07 6.69771e-05 0 2.38636e-05 -1.97407e-06 4.33703e-06 2.37377e-05 4.26271e-05 6.03834e-05 -1.32793e-05 -4.50876e-06 2.00014e-06 -1.45431e-05 -1.00074e-05 0 1.71444e-05 -1.30168e-05
internal_weight=13802 5205 388 141 4817 332 4485 416 286 199 117 247 8597 2076 130 4069 499 3570 1651 387 235 176 6521 1979 528 6092 1919 445 220 1612
internal_count=13802 5205 388 141 4817 332 4485 416 286 199 117 247 8597 2076 130 4069 499 3570 1651 387 235 176 6521 1979 528 6092 1919 445 220 1612
is_linear=0
shrinkage=0.05


Tree=18
num_leaves=31
num_cat=0
split_feature=92 133 85 138 1 82 114 50 139 116 43 118 50 131 116 106 122 133 4 117 93 21 3 43 136 124 21 7 82 15
split_gain=0.00103738 0.00123906 0.000698772 0.00324693 0.000278465 0.000249209 0.000236495 0.0002035 0.000270012 0.000223004 0.000167108 0.000151925 0.000424827 0.00282136 0.000146738 0.000144892 0.000138492 0.000320444 0.000452589 7.22885e-05 5.89495e-05 4.87981e-05 4.07833e-05 0.000113936 0.000164789 3.39769e-05 2.76424e-05 2.52551e-05 2.24023e-05 4.84614e-05
threshold=7.5500000000000016 88.200000000000003 280.82650520000004 4.5300000000000002 0.12850445900000004 19.292000000000005 27.850000000000005 999.95000000000016 85.299518965764761 282.10693975000004 0.29050000000000004 12.550000000000002 1020.5500000000001 33.205449859187688 268.12229830000007 29.950000000000003 2.5000000000000004 60.115000000000002 1.1520000000000002e-05 1.0000000180025095e-35 262.86203795000006 0.20138888888888892 0.0073697715000000013 0.35950000000000004 1.0200000000000002 -0.60355339059327384 0.20138888888888892 0.0013500000000000003 20.706000000000003 0.00019062500000000004
decision_type=2 2 2 2 2 2 2 2 2 2 2 10 2 2 2 2 2 2 2 2 2 2 2 2 2 2 2 2 2 2
left_child=11 2 4 -4 5 -2 -6 26 16 14 -8 20 21 -14 -10 -16 17 18 -9 -12 -1 25 -18 -24 -25 -13 -7 -28 -15 -30
right_child=1 -3 3 -5 6 7 10 8 9 -11 19 12 13 28 15 -17 22 -19 -20 -21 -22 -23 23 24 -26 -27 27 -29 29 -31
leaf_value=0 -2.1760021258342517e-05 0.00020664647918058291 0.00035203287740736162 0 0 0 0 0.00021900566951694154 0 0 0.00011151239468652698 3.9661145912961928e-05 0.00038249317314087731 -2.0120796440913415e-06 0.00016321923925791758 0 -2.0537078664977355e-06 0 0 0 -1.5533345509202447e-05 -1.192333717001632e-05 0 0 0.00010512730770238299 0 0 -1.5308815108452756e-05 0 4.2321368583005246e-05
leaf_weight=430 737 90 85 288 276 64 73 50 50 79 176 53 53 402 95 72 1087 140 117 57 5044 2371 619 118 71 103 81 765 59 97
leaf_count=430 737 90 85 288 276 64 73 50 50 79 176 53 53 402 95 72 1087 140 117 57 5044 2371 619 118 71 103 81 765 59 97
internal_value=1.29743e-06 1.9265e-05 1.49382e-05 8.2417e-05 8.53967e-06 2.67596e-06 4.16485e-05 9.43192e-06 1.74934e-05 6.54151e-05 7.22488e-05 -8.95112e-06 0 3.71986e-05 9.15818e-05 0.000114311 8.75523e-06 4.08336e-05 8.84612e-05 9.29175e-05 -1.39792e-05 -9.22689e-06 9.02434e-07 1.10574e-05 4.49416e-05 0 -7.20378e-06 -1.1722e-05 0 1.861e-05
internal_weight=13802 5190 5100 373 4727 4145 582 3408 2498 296 306 8612 3138 611 217 167 2202 307 167 233 5474 2527 1895 808 189 156 910 846 558 156
internal_count=13802 5190 5100 373 4727 4145 582 3408 2498 296 306 8612 3138 611 217 167 2202 307 167 233 5474 2527 1895 808 189 156 910 846 558 156
is_linear=0
shrinkage=0.05


Tree=19
num_leaves=31
num_cat=0
split_feature=92 133 116 43 81 136 50 116 133 43 0 61 118 90 136 50 129 28 21 23 114 6 123 96 138 114 99 17 18 43
split_gain=0.000954138 0.00111228 0.000613471 0.00171157 0.000336461 0.000565386 0.000676801 0.000979492 0.000348125 0.000324424 0.000381371 0.000395805 0.000137459 0.000485681 0.00119779 0.000125522 0.000428663 0.000104591 6.50705e-05 8.87288e-05 5.80939e-05 5.65401e-05 6.60757e-05 6.10272e-05 8.8654e-05 6.98985e-05 5.92424e-05 6.63378e-05 5.52783e-05 9.09004e-05
threshold=7.5500000000000016 88.200000000000003 294.0219130000001 0.36850000000000005 49.550000000000004 0.53000000000000014 1009.35 285.94560195000003 79.980000000000004 0.35550000000000004 0.0044500000000000008 932.9000000000002 12.550000000000002 13.722514812376565 0.72500000000000009 1022.9500000000002 6.5000000000000009 28.650000000000002 0.18750000000000003 26.105555555555558 22.950000000000003 0.0054604166666666672 0.37940952255126054 40.01250000000001 6.9450000000000012 26.950000000000003 -0.85000000000002263 0.0018000000000000002 1.8750000000000005e-05 0.35150000000000003
decision_type=2 2 2 2 2 2 2 2 2 2 2 2 10 2 2 2 2 2 2 2 2 2 2 2 2 2 2 2 2 2
left_child=12 2 4 17 8 -6 -7 -8 21 20 -11 -12 -1 14 -14 18 -17 -4 19 -15 -10 26 23 24 25 -23 27 28 -2 -30
right_child=1 -3 3 -5 5 6 7 -9 9 10 11 -13 13 15 -16 16 -18 -19 -20 -21 -22 22 -24 -25 -26 -27 -28 -29 29 -31
leaf_value=-1.3263636800313085e-05 0 0.00019642770409368645 0 0.0003367478469654248 0 0 0.0003548977590426663 0 3.7903296263903031e-05 0 0 0.00022881403578068271 0 0 0.00028496460778400186 0 0.00014872309485773174 5.0527325029714338e-05 -1.2342152933288647e-05 6.1081812253236886e-05 -2.6950076903210197e-06 0 0 0 0 7.065040193614929e-05 -1.5275869966650478e-05 -6.5116952187551596e-06 5.1220721519304712e-05 0
leaf_weight=5474 190 90 191 56 213 52 52 53 99 71 54 69 113 97 50 208 54 135 2555 61 215 146 459 187 151 153 1015 1206 182 151
leaf_count=5474 190 90 191 56 213 52 52 53 99 71 54 69 113 97 50 208 54 135 2555 61 215 146 459 187 151 153 1015 1206 182 151
internal_value=1.32953e-06 1.85706e-05 1.44139e-05 7.69957e-05 8.27204e-06 5.49756e-05 0.00012666 0.000199687 3.13631e-06 4.23038e-05 9.39714e-05 0.000146887 -8.48119e-06 0 8.36285e-05 -4.75307e-06 2.34694e-05 1.61918e-05 -9.32851e-06 7.72936e-06 0 -7.53143e-07 7.05165e-06 1.85585e-05 2.87317e-05 4.4495e-05 -5.69344e-06 0 1.47928e-05 2.75149e-05
internal_weight=13802 5190 5100 382 4718 370 157 105 4348 508 194 123 8612 3138 163 2975 262 326 2713 158 314 3840 1096 637 450 299 2744 1729 523 333
internal_count=13802 5190 5100 382 4718 370 157 105 4348 508 194 123 8612 3138 163 2975 262 326 2713 158 314 3840 1096 637 450 299 2744 1729 523 333
is_linear=0
shrinkage=0.05


Tree=20
num_leaves=31
num_cat=0
split_feature=92 11 120 74 105 161 41 73 138 120 49 43 137 103 22 82 22 103 11 122 134 82 14 118 8 50 36 134 124 129
split_gain=0.000968322 0.000776612 0.000748194 0.000809494 0.000473995 0.0014019 0.00167204 0.000265662 0.000159788 0.000328516 0.000510359 0.000237066 0.000370232 0.000134837 0.000338019 0.00151418 0.000133924 0.000135758 0.000154916 5.70038e-05 8.4849e-05 0.000151403 5.03924e-05 8.51783e-05 4.59857e-05 6.27064e-05 5.07887e-05 4.33251e-05 9.22254e-05 3.88751e-05
threshold=7.5500000000000016 0.0040165472500000013 268.99180080000002 11.435714285714289 5.5000000000000009 0.091836734693877556 48.500000000000007 42.650000000000013 4.7650000000000015 266.99243130000008 982.85000000000002 0.35450000000000004 0.31000000000000005 2723.6500000000005 1.0000000180025095e-35 15.594000000000001 7.5000000000000009 1722.1500000000001 0.0018934302708333336 9.5000000000000018 4.2550000000000017 19.550000000000008 0.035222639000000007 20.150000000000002 0.011702321135384249 1022.5500000000001 267.76502550000004 4.1350000000000007 0.37940952255126048 6.5000000000000009
decision_type=2 2 10 2 2 2 2 2 2 10 2 2 2 2 2 2 2 2 2 2 2 2 2 10 2 2 2 2 2 2
left_child=13 4 7 -4 5 6 -2 -3 9 10 16 29 -13 14 15 -1 17 18 -6 -16 21 -21 -22 -24 27 -26 -27 28 -10 -11
right_child=1 2 3 -5 8 -7 -8 -9 24 11 -12 12 -14 -15 19 -17 -18 -19 -20 20 22 -23 23 -25 25 26 -28 -29 -30 -31
leaf_value=0.00029437278762333547 0.00038340232725204266 0 0 0.00026550689372769091 0.0001525397096959162 0 0 0.00011376918029027193 0 0 0.00022269137624129605 0.00012403531441142402 0 -1.6056518642847982e-05 -1.0837705453564154e-05 0 0 0 0 0 -6.7451730392687673e-06 8.4975776842815938e-05 0 5.6310636652885543e-05 0 5.2618680061571533e-05 0 -8.4298850023786203e-06 4.9439776854305445e-05 -2.1163136684843644e-05
leaf_weight=51 63 192 60 98 50 247 89 52 199 351 50 93 203 3524 2443 137 154 67 53 139 2177 78 86 81 556 129 50 1908 98 377
leaf_count=51 63 192 60 98 50 247 89 52 199 351 50 93 203 3524 2443 137 154 67 53 139 2177 78 86 81 556 129 50 1908 98 377
internal_value=1.51338e-06 1.90264e-05 8.77981e-05 0.000176535 1.21176e-05 6.56309e-05 0.000184846 9.44318e-06 6.02923e-06 1.9957e-05 6.06291e-05 1.79508e-07 4.18667e-05 -8.23981e-06 -1.96942e-06 6.17486e-05 1.96266e-05 5.18658e-05 8.76727e-05 -5.37416e-06 0 2.96728e-05 -2.93348e-06 1.6738e-05 0 1.01749e-05 3.59755e-05 -4.1921e-06 6.19083e-06 -9.94569e-06
internal_weight=13855 5139 402 158 4737 399 152 244 4338 1398 374 1024 296 8716 5192 188 324 170 103 5004 2561 217 2344 167 2940 735 179 2205 297 728
internal_count=13855 5139 402 158 4737 399 152 244 4338 1398 374 1024 296 8716 5192 188 324 170 103 5004 2561 217 2344 167 2940 735 179 2205 297 728
is_linear=0
shrinkage=0.05


Tree=21
num_leaves=31
num_cat=0
split_feature=92 128 43 85 139 93 33 142 108 141 90 128 65 142 142 114 50 12 84 133 115 92 21 138 7 50 88 84 84 85
split_gain=0.000890254 0.000656464 0.00113131 0.00216728 0.00130361 0.000323536 0.000448472 0.000663035 0.000825492 0.000214427 0.000165996 0.000132302 0.000121435 8.87233e-05 0.000676469 9.73181e-05 0.000133128 5.8254e-05 0.000103696 0.00012324 0.000198459 0.000137811 5.13479e-05 4.00383e-05 3.62487e-05 3.36508e-05 3.13401e-05 3.95198e-05 3.0638e-05 2.89544e-05
threshold=7.5500000000000016 9.5821574907389007 0.37450000000000006 280.82650520000004 90.384400282519792 267.55637230000008 0.86491485433126947 732.33955336923111 289.79627975000011 38.640000000000008 23.178571428571434 9.3641338368843883 12.350000000000003 615.79922360724777 617.41072873974815 31.550000000000004 1022.7500000000001 0.014616663000000002 8.5500000000000025 25.725000000000005 12.65 13.450000000000005 0.20138888888888892 4.3400000000000007 0.1115 1004.2500000000001 39.587500000000013 10.650000000000004 3.1500000000000008 276.10432065000003
decision_type=2 2 2 2 2 2 2 2 2 2 2 2 2 2 2 2 2 2 2 2 2 2 2 2 2 2 2 2 2 2
left_child=13 2 5 4 -4 6 7 -2 -9 17 -11 24 -13 22 -15 23 -17 26 19 -19 -21 -22 25 -16 -7 -1 27 -3 -25 -24
right_child=1 9 3 -5 -6 11 -8 8 -10 10 -12 12 -14 14 15 16 -18 18 -20 20 21 -23 29 28 -26 -27 -28 -29 -30 -31
leaf_value=4.0614632711296111e-05 0 -1.6519623946679085e-05 0 0.00044708858314883331 0.00025669710390741144 -2.1371248014662514e-05 0.00016605730013816359 0 0.00021355629536639058 0 0.00010277775260381028 0 9.6556478192387314e-05 0.00014938927755917564 0 0 9.4550258335787543e-05 0 -1.7084961528926101e-07 0 9.4084520823825571e-05 0 -1.3780514798411131e-05 -1.2164463427107968e-05 0 0 0 0 0 0
leaf_weight=50 578 827 210 50 60 484 79 69 88 79 93 52 53 72 378 51 51 310 568 167 169 111 5038 2364 73 282 412 607 105 325
leaf_count=50 578 827 210 50 60 484 79 69 88 79 93 52 53 72 378 51 51 310 568 167 169 111 5038 2364 73 282 412 607 105 325
internal_value=1.50466e-06 1.8307e-05 4.29953e-05 0.000131331 5.29736e-05 2.03826e-05 4.17774e-05 2.14185e-05 0.000112375 3.53931e-06 5.77996e-05 0 4.34223e-05 -7.82945e-06 0 -4.58516e-06 3.58051e-05 0 8.54521e-06 2.1673e-05 3.85029e-05 6.42586e-05 -1.15219e-05 -7.79991e-06 -1.53158e-05 0 -5.14067e-06 -9.41346e-06 -1.05202e-05 -1.28414e-05
internal_weight=13855 5139 1796 320 270 1476 814 735 157 3343 172 662 105 8716 3021 2949 102 3171 1325 757 447 280 5695 2847 557 332 1846 1434 2469 5363
internal_count=13855 5139 1796 320 270 1476 814 735 157 3343 172 662 105 8716 3021 2949 102 3171 1325 757 447 280 5695 2847 557 332 1846 1434 2469 5363
is_linear=0
shrinkage=0.05


Tree=22
num_leaves=31
num_cat=0
split_feature=92 11 131 82 161 124 128 88 73 92 119 131 82 124 103 2 51 41 11 84 77 21 39 14 21 116 66 4 3 21
split_gain=0.000810868 0.000650199 0.00041304 0.000444165 0.000406393 0.00127333 0.00249525 0.000205785 0.000379861 0.00029299 0.00026729 0.000381623 0.00103602 0.000128189 0.000119863 0.000295479 0.00190593 9.58627e-05 6.82076e-05 8.04797e-05 6.1445e-05 5.82899e-05 5.58437e-05 6.67711e-05 0.000149547 5.48868e-05 0.000125024 0.000155653 4.93231e-05 3.92243e-05
threshold=7.5500000000000016 0.0040165472500000013 144.84792456577492 26.814000000000004 0.11224489795918369 -0.78656609248549325 9.5241855175685135 36.337500000000013 34.050000000000004 19.450000000000006 19.850000000000005 63.790512597542374 28.466000000000005 0.1294095225512602 2723.6500000000005 0.0030276435000000002 191.50000000000003 46.500000000000007 0.002374246819444445 16.450000000000006 281.22524445000005 0.34027777777777785 0.10500000000000002 0.016852259000000005 0.39583333333333343 285.65627605000003 25.775000000000002 3.6150000000000005e-06 0.094158592000000013 0.28472222222222227
decision_type=2 2 2 2 2 2 2 2 2 2 10 2 2 2 2 2 2 2 2 2 2 2 2 2 2 2 2 2 2 2
left_child=14 4 3 -3 5 6 -2 18 9 10 11 12 -9 -5 15 22 -17 21 19 29 -7 -13 28 -24 -25 26 27 -22 -1 -6
right_child=1 2 -4 13 7 20 -8 8 -10 -11 -12 17 -14 -15 -16 16 -18 -19 -20 -21 25 -23 23 24 -26 -27 -28 -29 -30 -31
leaf_value=-9.5315839958346544e-06 0.00039907016283984346 0.00022757279047275208 0 7.9168831089191375e-05 0 0 0 1.3997693664771063e-06 -6.4766302382449898e-07 0 0 0 0.00032800178459313305 0 -1.4705537993659131e-05 0 0.00032519067375652219 0 4.4138086887379344e-06 0 0.00013725380955361717 7.5326240117000681e-05 0 0.00010235034775312805 0 0 0 0 0 -2.3478232496805765e-05
leaf_weight=3949 68 89 166 67 214 421 119 105 1163 210 158 52 55 80 3524 182 50 228 281 241 52 120 302 53 63 53 92 59 593 1046
leaf_count=3949 68 89 166 67 214 421 119 105 1163 210 158 52 55 80 3524 182 50 228 281 241 52 120 302 53 63 53 92 59 593 1046
internal_value=1.52066e-06 1.75663e-05 8.06882e-05 0.000124208 1.11384e-05 4.26467e-05 0.000158963 2.80953e-06 1.43733e-05 3.85607e-05 5.42214e-05 7.04209e-05 0.000146065 2.67284e-05 -7.36729e-06 -1.42184e-06 5.19311e-05 2.74056e-05 -7.95564e-06 -1.36016e-05 2.9563e-06 5.59125e-05 -4.93521e-06 7.70682e-06 4.049e-05 2.49153e-05 3.81403e-05 7.37584e-05 -7.20069e-06 -1.94914e-05
internal_weight=13855 5139 402 236 4737 864 187 3873 2091 928 718 560 160 147 8716 5192 232 400 1782 1501 677 172 4960 418 116 256 203 111 4542 1260
internal_count=13855 5139 402 236 4737 864 187 3873 2091 928 718 560 160 147 8716 5192 232 400 1782 1501 677 172 4960 418 116 256 203 111 4542 1260
is_linear=0
shrinkage=0.05


Tree=23
num_leaves=31
num_cat=0
split_feature=85 92 133 50 103 82 139 106 85 0 65 133 119 12 131 49 3 124 22 14 75 3 73 100 137 84 112 24 21 23
split_gain=0.000748757 0.00280605 0.000565286 0.00201912 0.000381739 0.000409208 0.000352367 0.000372621 0.000387648 0.000307581 0.000233493 0.0002501 0.000218427 0.000272738 0.000284465 0.000365887 0.000200135 0.00016266 0.000917689 0.000160001 7.90124e-05 5.30664e-05 5.64949e-05 5.75449e-05 0.000100495 9.01297e-05 3.65726e-05 3.06726e-05 2.77858e-05 2.68863e-05
threshold=280.82650520000004 10.150000000000004 88.200000000000003 1013.1500000000002 1707.3500000000001 19.550000000000008 85.299518965764761 28.950000000000003 273.44133695000005 0.0013500000000000003 20.050000000000004 62.45000000000001 20.150000000000002 0.0035158870000000001 118.77114954286803 983.55000000000007 0.13707818250000001 -0.9159756150367534 1.0000000180025095e-35 0.0098261940000000016 17.650000000000002 0.0087918050000000015 27.650000000000002 -6.599999999999965 0.68500000000000016 7.3500000000000014 285.20149960000009 31.150000000000002 0.18750000000000003 27.118750000000006
decision_type=2 2 2 2 2 2 2 2 2 2 2 2 10 2 2 2 2 2 2 2 2 2 2 2 2 2 2 2 2 2
left_child=2 -2 4 -4 5 16 10 8 9 -8 11 12 13 -7 15 -15 -1 18 -6 -17 26 -12 -23 -24 -25 -26 -3 -19 -29 -18
right_child=1 20 3 -5 17 6 7 -9 -10 -11 21 -13 -14 14 -16 19 29 27 -20 -21 -22 22 23 24 25 -27 -28 28 -30 -31
leaf_value=-1.8468023693411575e-05 0.00036217832661350263 0 0.00032191946775598021 0 0.00019615547383372372 0 0 0 0 0.00026895724755407479 -5.1844388897138783e-06 0 0 0 1.7396901075609717e-05 0.00027173806296040939 3.8419326812407803e-05 0 0 3.3491574917828569e-05 5.2021921421068584e-05 0 0 0 0 9.3312718226382397e-05 -2.5421486948820909e-05 0 -1.3085207264058293e-05 0
leaf_weight=1495 67 89 61 130 60 179 51 151 70 59 1201 285 204 76 266 63 152 105 928 78 69 145 161 290 170 98 153 393 6554 52
leaf_count=1495 67 89 61 130 60 179 51 151 70 59 1201 285 204 76 266 63 152 105 928 78 69 145 161 290 170 98 153 393 6554 52
internal_value=1.53795e-06 7.08904e-05 -4.1375e-08 8.46994e-05 -1.6422e-06 8.37171e-06 1.85604e-05 7.09372e-05 0.000119903 0.000179371 1.1595e-05 2.9701e-05 4.3512e-05 5.74411e-05 7.69968e-05 0.000126704 -9.95635e-06 -8.7982e-06 7.31162e-06 0.000176317 0 0 1.07713e-05 1.8318e-05 2.62592e-05 4.86507e-05 -5.77043e-06 -1.17649e-05 -1.23102e-05 2.78164e-05
internal_weight=13855 378 13477 191 13286 5246 3547 331 180 110 3216 1151 866 662 483 217 1699 8040 988 141 311 2065 864 719 558 268 242 7052 6947 204
internal_count=13855 378 13477 191 13286 5246 3547 331 180 110 3216 1151 866 662 483 217 1699 8040 988 141 311 2065 864 719 558 268 242 7052 6947 204
is_linear=0
shrinkage=0.05


Tree=24
num_leaves=31
num_cat=0
split_feature=92 11 120 61 103 139 99 88 80 138 155 138 122 155 103 22 88 50 116 123 103 41 128 2 41 155 141 69 120 131
split_gain=0.000697092 0.000601723 0.000738034 0.000472728 0.000456359 0.000196634 0.000592542 0.000139431 0.0002672 0.000287369 0.000548017 0.000415795 0.00105251 0.00018375 0.000116462 0.000254852 0.00146766 6.86667e-05 0.000409444 5.67824e-05 9.32413e-05 0.000164922 0.000143135 4.3283e-05 4.11094e-05 3.87391e-05 3.35937e-05 2.98299e-05 2.04697e-05 3.40057e-05
threshold=8.0500000000000025 0.0040165472500000013 268.99180080000002 156.30000000000004 571.6500000000002 89.131443008171644 0.099999999999965908 34.612500000000004 31.387500000000006 4.785000000000001 0.006000000000000001 3.3200000000000003 3.5000000000000004 0.14200000000000004 2723.6500000000005 1.0000000180025095e-35 25.937500000000004 1001.0500000000001 274.83200595000005 -0.37940952255126059 1084.8000000000004 35.500000000000007 10.057956437719909 0.00020646550000000003 79.500000000000014 0.17000000000000001 37.285000000000004 290.63958265000002 269.33639205000003 69.274701645558963
decision_type=2 2 10 2 2 2 2 2 2 2 2 2 2 2 2 2 2 2 2 2 2 2 2 2 2 2 2 2 10 2
left_child=14 4 17 -4 -2 7 27 23 9 10 -9 -12 -13 -14 15 16 -1 -3 -19 20 21 -17 -23 24 26 -21 -6 -7 -11 -30
right_child=1 2 3 -5 5 6 -8 8 -10 28 11 12 13 -15 -16 19 -18 18 -20 25 -22 22 -24 -25 -26 -27 -28 -29 29 -31
leaf_value=0.00028548147167524668 0.00013224152856747861 0 0 0.00025441321308919998 -2.0723990356920032e-05 -3.7807568876415452e-07 0.00017983163645119443 0 -1.2639149792153072e-06 0 0 0.00033520148020447084 0.00010672577695325292 0 -1.3525803880546162e-05 0 0 0.00013376021730029825 0 -9.5754867643939109e-06 0 0.00013668441642814152 0 1.247311607207422e-06 0 0 0 3.4130093108615253e-05 0 2.6610649808362451e-05
leaf_weight=51 80 80 56 83 826 163 66 184 1211 509 73 58 50 95 3525 77 140 66 95 3317 1458 53 56 277 295 291 309 63 51 197
leaf_count=51 80 80 56 83 826 163 66 184 1211 509 73 58 50 95 3525 77 140 66 95 3317 1458 53 56 277 295 291 309 63 51 197
internal_value=1.57047e-06 1.70457e-05 7.95915e-05 0.000174339 1.06466e-05 7.29077e-06 4.83653e-05 3.17033e-06 1.1647e-05 2.85897e-05 6.09036e-05 0.000105447 0.000142104 2.88518e-05 -6.30606e-06 -7.10337e-07 5.44306e-05 3.78886e-06 3.28803e-05 -3.67747e-06 1.84787e-06 3.57292e-05 7.69312e-05 -5.95899e-06 -1.08489e-05 -7.58035e-06 -1.54509e-05 0 2.3031e-06 1.48885e-05
internal_weight=13855 4887 380 139 4507 4427 292 4135 2428 1217 460 276 203 145 8968 5443 191 241 161 5252 1644 186 109 1707 1430 3608 1135 226 757 248
internal_count=13855 4887 380 139 4507 4427 292 4135 2428 1217 460 276 203 145 8968 5443 191 241 161 5252 1644 186 109 1707 1430 3608 1135 226 757 248
is_linear=0
shrinkage=0.05


Tree=25
num_leaves=31
num_cat=0
split_feature=92 139 123 82 61 14 116 92 81 137 116 118 22 53 141 82 86 81 82 139 14 86 84 116 104 135 13 3 25 115
split_gain=0.000546381 0.000541556 0.000522538 0.000517246 0.000940791 0.00071653 0.000279377 0.000615197 0.000235893 0.000528402 0.000710819 0.00140043 0.000198852 0.00244107 8.96518e-05 0.000139325 0.000369742 8.49168e-05 8.05763e-05 0.000301099 3.56242e-05 4.32302e-05 3.36752e-05 2.839e-05 2.48183e-05 2.43832e-05 2.03826e-05 1.64141e-05 1.48898e-05 1.07649e-05
threshold=8.0500000000000025 85.299518965764761 0.78656609248549325 27.804000000000002 189.40000000000003 0.018653307000000004 294.88154890000004 10.150000000000004 47.750000000000007 0.98000000000000009 273.24656565000004 25.950000000000003 1.0000000180025095e-35 222.50000000000003 38.130000000000003 26.026000000000007 3.5000000000000004 43.750000000000007 19.434000000000005 88.311154322955772 0.014585446000000002 11.500000000000002 17.650000000000006 275.99328795000002 11.550000000000002 1.1150000000000004 0.0028939894027777782 0.10670615150000001 3.5000000000000004 21.850000000000005
decision_type=2 2 2 2 2 2 2 2 2 2 2 10 2 2 2 2 2 2 2 2 2 2 2 2 2 2 2 2 2 2
left_child=12 6 3 4 -3 25 8 -8 14 -10 -11 -12 13 -1 20 16 -16 -5 28 23 21 22 24 26 27 -6 -20 -2 -14 -25
right_child=1 2 -4 17 5 -7 7 -9 9 10 11 -13 18 -15 15 -17 -18 -19 19 -21 -22 -23 -24 29 -26 -27 -28 -29 -30 -31
leaf_value=-1.2703463323402902e-05 -1.9856355828658033e-05 0 0 0 0 0.00029823981541994733 0.00016718297861262237 0 -5.2981752568500511e-07 0 0.00035283696777508439 0 0 0.00030937329364832933 0 0 0.00014861878209586183 6.102804506601962e-05 -8.9090549718172854e-06 8.9612166512071989e-05 0 0 0 1.0524338866477098e-05 0 8.2595995073614942e-05 0 0 -1.14961462995135e-05 0
leaf_weight=362 1129 74 134 150 72 95 86 158 200 90 57 94 377 65 164 221 64 56 1898 89 901 496 388 253 61 76 166 152 5505 167
leaf_count=362 1129 74 134 150 72 95 86 158 200 90 57 94 377 65 164 221 64 56 1898 89 901 496 388 253 61 76 166 152 5505 167
internal_value=1.53458e-06 1.51812e-05 5.86123e-05 8.25042e-05 0.000123624 0.000171922 7.29927e-06 6.03956e-05 2.81547e-06 3.75001e-05 8.95931e-05 0.000156431 -5.45959e-06 2.52507e-05 -7.338e-08 1.90335e-05 4.72536e-05 0 -7.60464e-06 0 -4.42057e-06 -8.21211e-06 -1.22147e-05 -3.47545e-06 -1.59684e-05 5.58247e-05 -6.95086e-06 -1.77629e-05 -1.08335e-05 1.70321e-06
internal_weight=13800 4918 657 523 317 243 4261 244 4017 441 241 151 8882 427 3576 449 228 206 8455 2573 3127 2226 1730 2484 1342 148 2064 1281 5882 420
internal_count=13800 4918 657 523 317 243 4261 244 4017 441 241 151 8882 427 3576 449 228 206 8455 2573 3127 2226 1730 2484 1342 148 2064 1281 5882 420
is_linear=0
shrinkage=0.05


Tree=26
num_leaves=31
num_cat=0
split_feature=92 11 50 131 131 92 131 98 88 28 19 43 116 116 77 114 140 140 29 142 88 128 114 92 24 12 42 107 39 43
split_gain=0.000499826 0.000438415 0.000424245 0.000221069 0.00186387 0.000219782 0.00065368 0.000848592 0.00066963 0.000220092 0.000185423 0.000253091 0.000261054 0.000540261 0.000127631 0.000213244 0.000428486 8.40721e-05 4.95651e-05 3.99806e-05 0.000103577 7.85005e-05 3.7605e-05 3.37847e-05 8.20201e-05 2.89852e-05 5.06115e-05 0.000144442 2.85141e-05 2.03283e-05
threshold=8.0500000000000025 0.0036700348541666666 1000.2500000000001 33.205449859187688 32.789184554052362 11.650000000000004 37.757193452824723 1.6000000000000012 31.762500000000006 6.7500000000000009 0.01497714285714285 0.29050000000000004 276.70148760000006 291.17189245000003 286.30386290000007 22.950000000000003 69.210000000000022 50.560000000000009 31.000000000000004 450.57523360879048 34.987500000000004 11.245261682810849 30.550000000000004 2.1500000000000008 47.750000000000007 0.0073678305000000012 0.44500000000000006 7.4500000000000011 0.24500000000000002 0.38850000000000007
decision_type=2 2 2 2 2 2 2 2 2 2 2 2 2 2 2 2 2 2 2 2 2 2 2 2 2 2 2 2 2 2
left_child=3 5 -3 4 23 6 7 8 -2 -8 11 -4 -13 -14 17 16 -16 19 -19 -7 -21 -22 28 -1 -25 -11 -27 -28 -5 -20
right_child=1 2 10 22 -6 14 9 -9 -10 25 -12 12 13 -15 15 -17 -18 18 29 20 21 -23 -24 24 -26 26 27 -29 -30 -31
leaf_value=-6.634474399256904e-06 0 0 0 -9.8402829723856957e-06 0.00029637358475676076 0 8.105431714655972e-05 0 0.00031302721377414857 -1.0964624247400965e-05 0 0.00028673935828099314 0 0.00017549507256613619 0 0 0.00018544170884309677 0 -2.1043873388552037e-05 0 8.4211152100096241e-05 0 0 7.1445753884629573e-05 0 0 7.5457493849471279e-05 0 0 0
leaf_weight=662 53 100 58 7175 55 699 92 70 63 348 58 50 78 56 67 553 54 438 897 131 80 80 668 50 50 320 90 316 222 167
leaf_count=662 53 100 58 7175 55 699 92 70 63 348 58 50 78 56 67 553 54 438 897 131 80 80 668 50 50 320 90 316 222 167
internal_value=1.51481e-06 1.45764e-05 6.67844e-05 -5.15538e-06 1.78009e-05 8.83394e-06 2.58215e-05 0.000115058 0.000198219 7.21566e-06 9.72911e-05 0.000116758 0.000146036 5.4763e-05 0 2.06218e-05 8.19915e-05 -3.58427e-06 -1.21791e-05 4.4093e-06 2.0206e-05 4.84647e-05 -8.1027e-06 0 2.33948e-05 0 6.47769e-06 1.96426e-05 -9.18094e-06 -1.80467e-05
internal_weight=13800 4918 400 8882 817 4518 1352 186 116 1166 300 242 184 134 3166 674 121 2492 1502 990 291 160 8065 762 100 1074 726 406 7397 1064
internal_count=13800 4918 400 8882 817 4518 1352 186 116 1166 300 242 184 134 3166 674 121 2492 1502 990 291 160 8065 762 100 1074 726 406 7397 1064
is_linear=0
shrinkage=0.05


end of trees

feature_importances:
total_tp_next_48h=50
t2m_at_t24h=29
pct_forest=27
pop_density=23
soil_moist_t=22
N_t_mean_72h=21
gust_max_next_24h=19
gust_at_t24h=19
gust_mean_next_24h=17
mslma_t=15
frac_zero_72h=14
min_t2m_next_24h=14
gust_peak4h_mean_next_24h=14
pct_forest_classified=14
last_N_t=13
r2_t=13
t2m_at_t48h=13
hour_cos=13
log_customers=13
tree_canopy_std=12
sp_t=11
cumul_gust_since_onset=11
pct_wetland=11
pct_unmapped=11
last_D_t=10
R_t_max_72h=10
osi_trend_last6h=10
gust_last_obs=10
total_tp_next_24h=10
pressure_change_3h=10
sdswrf_t=9
hour_of_day=9
tree_canopy_pct=9
last_osi=8
osi_mean_72h=8
N_t_max_72h=8
gust_mean_next_6h=8
gust_at_t48h=8
tp_rate_next_24h=8
hours_since_peak=7
min_t2m_next_48h=7
gust_gt30_next_48h=7
wind_speed_at_t24h=7
hour_sin=7
gust_max_last6h_obs=6
gust_max_next_6h=6
gust_mean_next_48h=6
pressure_change_6h=6
forest_x_customers=6
last_P_t=5
osi_max_72h=5
pre_event_mean_osi=5
wind_sin_t=5
blh_t=5
diffuse_rad_t=5
gust_x_hso=5
wind_speed_max_next_6h=5
min_t2m_next_6h=5
gust_gt30_next_24h=5
wind_speed_max_next_48h=5
t2m_at_t1h=5
pct_developed=5
gust_mean_obs=4
gust_max_obs=4
gust_trend_last6h_obs=4
wind_speed_t=4
d2m_t=4
csnow_t=4
dewpoint_c_t=4
min_t2m_next_1h=4
temp_change_6h=4
cumul_tp_since_onset=4
gust_gt30_since_onset=4
wind_speed_at_t1h=4
wind_speed_at_t48h=4
pct_water=4
last_R_t=3
osi_std_72h=3
R_t_mean_72h=3
pre_event_max_outage_pct=3
storm_onset_mean_osi=3
vpd_t=3
gust_max_next_1h=3
wind_speed_max_next_1h=3
tp_at_t48h=3
storm_onset_max_osi=2
gust_gt40_obs=2
wind_cos_t=2
soil_moist_x_gust=2
soil_gust_x_phase=2
gust_mean_next_1h=2
gust_peak4h_mean_next_6h=2
gust_at_t1h=2
t2m_at_t6h=2
hours_since_obs=2
rural_urban_code=2
pct_agriculture=2
gust_gt30_frac_next_48h=2
last_outage_pct=1
gust_gt30_obs=1
t2m_t=1
lcc_t=1
mcc_t=1
direct_rad_t=1
et0_t=1
gust_x_phase=1
gust_peak4h_mean_next_1h=1
gust_gt40_next_24h=1
gust_max_next_48h=1
gust_peak4h_mean_next_48h=1
gust_change_3h=1
wind_change_1h=1
gust_at_t6h=1
tp_at_t24h=1
tp_rate_next_48h=1

parameters:
[boosting: gbdt]
[objective: huber]
[metric: rmse]
[tree_learner: serial]
[device_type: cpu]
[data_sample_strategy: bagging]
[data: ]
[valid: ]
[num_iterations: 27]
[learning_rate: 0.05]
[num_leaves: 31]
[num_threads: 1]
[seed: 42]
[deterministic: 1]
[force_col_wise: 1]
[force_row_wise: 0]
[histogram_pool_size: -1]
[max_depth: -1]
[min_data_in_leaf: 50]
[min_sum_hessian_in_leaf: 0.001]
[bagging_fraction: 0.8]
[pos_bagging_fraction: 1]
[neg_bagging_fraction: 1]
[bagging_freq: 5]
[bagging_seed: 42]
[bagging_by_query: 0]
[feature_fraction: 0.8]
[feature_fraction_bynode: 1]
[feature_fraction_seed: 42]
[extra_trees: 0]
[extra_seed: 12879]
[early_stopping_round: 0]
[early_stopping_min_delta: 0]
[first_metric_only: 0]
[max_delta_step: 0]
[lambda_l1: 0.1]
[lambda_l2: 1]
[linear_lambda: 0]
[min_gain_to_split: 0]
[drop_rate: 0.1]
[max_drop: 50]
[skip_drop: 0.5]
[xgboost_dart_mode: 0]
[uniform_drop: 0]
[drop_seed: 42]
[top_rate: 0.2]
[other_rate: 0.1]
[min_data_per_group: 100]
[max_cat_threshold: 32]
[cat_l2: 10]
[cat_smooth: 10]
[max_cat_to_onehot: 4]
[top_k: 20]
[monotone_constraints: ]
[monotone_constraints_method: basic]
[monotone_penalty: 0]
[feature_contri: ]
[forcedsplits_filename: ]
[refit_decay_rate: 0.9]
[cegb_tradeoff: 1]
[cegb_penalty_split: 0]
[cegb_penalty_feature_lazy: ]
[cegb_penalty_feature_coupled: ]
[path_smooth: 0]
[interaction_constraints: ]
[verbosity: -1]
[saved_feature_importance_type: 0]
[use_quantized_grad: 0]
[num_grad_quant_bins: 4]
[quant_train_renew_leaf: 0]
[stochastic_rounding: 1]
[linear_tree: 0]
[max_bin: 255]
[max_bin_by_feature: ]
[min_data_in_bin: 3]
[bin_construct_sample_cnt: 200000]
[data_random_seed: 42]
[is_enable_sparse: 1]
[enable_bundle: 1]
[use_missing: 1]
[zero_as_missing: 0]
[feature_pre_filter: 1]
[pre_partition: 0]
[two_round: 0]
[header: 0]
[label_column: ]
[weight_column: ]
[group_column: ]
[ignore_column: ]
[categorical_feature: ]
[forcedbins_filename: ]
[precise_float_parser: 0]
[parser_config_file: ]
[objective_seed: 16083]
[num_class: 1]
[is_unbalance: 0]
[scale_pos_weight: 1]
[sigmoid: 1]
[boost_from_average: 1]
[reg_sqrt: 0]
[alpha: 0.9]
[fair_c: 1]
[poisson_max_delta_step: 0.7]
[tweedie_variance_power: 1.5]
[lambdarank_truncation_level: 30]
[lambdarank_norm: 1]
[label_gain: ]
[lambdarank_position_bias_regularization: 0]
[eval_at: ]
[multi_error_top_k: 1]
[auc_mu_weights: ]
[num_machines: 1]
[local_listen_port: 12400]
[time_out: 120]
[machine_list_filename: ]
[machines: ]
[gpu_platform_id: -1]
[gpu_device_id: -1]
[gpu_device_id_list: ]
[gpu_use_dp: 0]
[num_gpu: 1]

end of parameters

pandas_categorical:[]
