tree
version=v4
num_class=1
num_tree_per_iteration=1
label_index=0
max_feature_idx=162
objective=huber
feature_names=last_osi last_P_t last_N_t last_D_t last_R_t last_outage_pct osi_mean_72h osi_max_72h osi_std_72h outage_pct_mean_72h outage_pct_max_72h N_t_mean_72h N_t_max_72h R_t_mean_72h R_t_max_72h pre_event_mean_osi pre_event_max_outage_pct storm_onset_max_osi storm_onset_mean_osi osi_trend_last6h is_worsening frac_zero_72h hours_since_peak gust_mean_obs gust_max_obs gust_gt30_obs gust_gt40_obs cumul_gust_obs gust_last_obs gust_max_last6h_obs gust_trend_last6h_obs gust_t wind_speed_t wind_sin_t wind_cos_t t2m_t d2m_t tp_t rain_t csnow_t sdwe_t r2_t vpd_t soil_moist_t blh_t tcc_t lcc_t mcc_t hcc_t sp_t mslma_t sdswrf_t direct_rad_t diffuse_rad_t et0_t temp_c_t dewpoint_c_t icing_risk_t gust_exceed_30 soil_moist_x_gust is_snowing gust_x_hso gust_x_phase soil_gust_x_phase gust_exceed30_x_hso gust_max_next_1h gust_mean_next_1h wind_speed_max_next_1h total_tp_next_1h min_t2m_next_1h gust_gt30_next_1h gust_gt40_next_1h gust_peak4h_mean_next_1h gust_max_next_6h gust_mean_next_6h wind_speed_max_next_6h total_tp_next_6h min_t2m_next_6h gust_gt30_next_6h gust_gt40_next_6h gust_peak4h_mean_next_6h gust_max_next_24h gust_mean_next_24h wind_speed_max_next_24h total_tp_next_24h min_t2m_next_24h gust_gt30_next_24h gust_gt40_next_24h gust_peak4h_mean_next_24h gust_max_next_48h gust_mean_next_48h wind_speed_max_next_48h total_tp_next_48h min_t2m_next_48h gust_gt30_next_48h gust_gt40_next_48h gust_peak4h_mean_next_48h gust_change_1h gust_change_3h pressure_change_3h pressure_change_6h temp_change_6h wind_change_1h cumul_gust_since_onset cumul_tp_since_onset gust_gt30_since_onset gust_at_t1h wind_speed_at_t1h t2m_at_t1h tp_at_t1h gust_at_t6h wind_speed_at_t6h t2m_at_t6h tp_at_t6h gust_at_t24h wind_speed_at_t24h t2m_at_t24h tp_at_t24h gust_at_t48h wind_speed_at_t48h t2m_at_t48h tp_at_t48h hour_of_day hour_sin hour_cos days_since_onset hours_since_obs storm_phase log_customers rural_urban_code is_metro pop_density n_utilities pct_forest pct_developed pct_agriculture pct_water pct_wetland pct_unmapped pct_forest_classified tree_canopy_pct tree_canopy_std forest_x_customers window_len_next_1h is_full_next_1h tp_rate_next_1h gust_gt30_frac_next_1h has_weather_at_t1h window_len_next_6h is_full_next_6h tp_rate_next_6h gust_gt30_frac_next_6h has_weather_at_t6h window_len_next_24h is_full_next_24h tp_rate_next_24h gust_gt30_frac_next_24h has_weather_at_t24h window_len_next_48h is_full_next_48h tp_rate_next_48h gust_gt30_frac_next_48h has_weather_at_t48h
feature_infos=[0:0.55230000000000001] [0:0.82424180700000005] [0:0.065400654000000003] [0:0.90465771100000003] [0:0.058582058999999999] [0:82.420000000000002] [4.1666666666666669e-06:0.26529999999999998] [0.0001:0.65049999999999997] [1.9982631347136334e-05:0.22470370552747407] [0.00083333333333333328:39.644861111111112] [0.02:100] [3.1208333333333337e-06:0.018623942125000001] [7.4900000000000005e-05:0.37916412199999999] [3.1208333333333337e-06:0.017093115180555556] [7.4900000000000005e-05:0.18675781699999999] [0:0.38653749999999998] [0:100] [0:0.59799999999999998] [0:0.20940416666666664] [-0.055854285714285697:0.019237142857142855] [0:1] [0:0.95833333333333337] [0:71] [13.03611111111111:31.258333333333326] [29.100000000000001:70] [0:35] [0:17] [938.59999999999991:2250.5999999999995] [3.8999999999999999:47.5] [15.4:64.5] [-6.477142857142856:3.3114285714285714] [0.59999999999999998:58.299999999999997] [0:38] [-0.99999999953664132:0.99999999987412524] [-0.99999999369183823:1] [261.05202270000001:298.4303941] [257.33913039999999:289.74666669999999] [0:11.300000000000001] [0:11.300000000000001] [0:2.52] [0:0.089999999999999997] [15:100] [0:2.5] [0.16700000000000001:0.52300000000000002] [10:3015] [0:100] [0:100] [0:100] [0:100] [884.60000000000002:1027] [986.70000000000005:1031.8] [0:840] [0:731] [0:463] [0:0.59999999999999998] [-12.097977299999968:25.280394100000024] [-15.81086959999999:16.596666700000014] [0:1] [0:28.299999999999997] [0.19259999999999999:23.550000000000001] [0:1] [0.80000000000000004:3819.7999999999997] [0:107.59999999999999] [0:47.100000000000001] [0:1689.7999999999997] [1.2:58.299999999999997] [0.89999999999999991:54.5] [0:38] [0:14.699999999999999] [260.0631818:298.21689659999998] [0:2] [0:2] [0.89999999999999991:54.5] [5.0999999999999996:58.299999999999997] [3.657142857142857:49.328571428571429] [0.40000000000000002:38] [0:26.699999999999999] [259.42265909999998:296.40927479999999] [0:7] [0:7] [4.3500000000000005:52.550000000000004] [12.800000000000001:58.299999999999997] [8.2360000000000007:43.052] [5.7999999999999998:38] [0:34.399999999999999] [259.42265909999998:286.57337899999999] [0:25] [0:19] [12.450000000000001:52.550000000000004] [12.800000000000001:58.299999999999997] [7.8571428571428568:37.897959183673471] [5.7999999999999998:38] [0:37.399999999999999] [259.42265909999998:282.77648069999998] [0:42] [0:22] [12.625:52.550000000000004] [-24.299999999999997:28.199999999999999] [-32:33.399999999999999] [-6.1999999999999318:10.599999999999909] [-10.899999999999977:14.599999999999909] [-20.027499999999975:21.845291299999985] [-15.300000000000001:28.000000000000004] [347.09999999999997:3733.5999999999999] [0:39.20000000000001] [0:61] [0.59999999999999998:58.299999999999997] [0:38] [260.0631818:298.4303941] [0:11.300000000000001] [1.5:58.299999999999997] [0:38] [259.42265909999998:298.4303941] [0:11.300000000000001] [0.90000000000000002:58.299999999999997] [0:38] [259.42265909999998:298.4303941] [0:11.300000000000001] [0.90000000000000002:53.799999999999997] [0:33.799999999999997] [259.42265909999998:296.58327589999999] [0:11.300000000000001] [0:23] [-1:1] [-1:1] [1:4] [1:96] [0:2] [7.1180162044653335:13.453719692845613] [1:9] [0:1] [8.3691524328166658:11939.655837338518] [1:11] [0.96999999999999997:88.719999999999999] [2.21:86.629999999999995] [0.080000000000000002:87.469999999999999] [0.01:5.5099999999999998] [0:16.82] [1.8899999999999999:17.02] [0.98868616858628067:95.299005138296707] [2.2000000000000002:81.680000000000007] [12.65:40.350000000000001] [8.0679963363985543:931.73249595386176] none none [0:7.3499999999999996] [0:1] none none none [0:3.8142857142857141] [0:1] none none none [0:1.3759999999999999] [0:1] none none none [0:0.76326530612244892] [0:0.8571428571428571] none
tree_sizes=2954 2968 2928 2815 2906 2889 2827 2829 2830 2797 2868 2996 2952 2974 2799

Tree=0
num_leaves=31
num_cat=0
split_feature=133 90 103 0 133 88 9 100 77 85 73 103 140 120 50 4 137 77 104 11 21 1 16 82 160 2 124 21 10 3
split_gain=0.264944 0.401911 0.0418518 0.0572002 0.0449125 0.0470761 0.0659121 0.0242972 0.0074868 0.00457966 0.00457879 0.00341618 0.00257411 0.00247631 0.00314438 0.0026934 0.00322964 0.00225754 0.00257623 0.00254374 0.00220317 0.00198834 0.00173265 0.00156838 0.0012332 0.00120877 0.00335104 0.00120361 0.00108406 0.000970826
threshold=88.200000000000003 25.359183673469392 1300.6500000000003 0.20185000000000003 80.210000000000022 36.087500000000013 0.33256944444444447 1.2500000000000002 275.57644110000007 276.67725075000004 18.150000000000002 2136.3500000000008 73.50500000000001 271.67190655000007 1027.2500000000002 0.0022618450000000006 3.0500000000000003 287.81460540000006 0.25000000000000006 0.0015354947013888891 0.46527777777777785 0.036738039000000007 2.3850000000000002 14.866000000000001 0.44183673469387763 0.0053583815000000012 -0.9159756150367534 0.53472222222222232 41.860000000000007 0.071164795000000017
decision_type=2 2 2 2 2 2 2 2 2 2 2 2 2 2 2 2 2 2 2 2 2 2 2 2 2 2 2 2 2 2
left_child=2 11 3 4 8 9 -7 -5 13 -6 -11 -2 21 -1 15 23 20 25 19 -19 22 24 -17 27 -10 -4 -27 -15 -20 -23
right_child=1 -3 17 7 5 6 -8 -9 12 10 -12 -13 -14 14 -16 16 -18 18 28 -21 -22 29 -24 -25 -26 26 -28 -29 -30 -31
leaf_value=0.0022678222681796634 0.0027617525419739953 0.007966164291998765 0.0021686338557284283 0.0026348679312854263 0.0022678222681796634 0.002327495729116248 0.0045540206424385743 0.0041674876632880253 0.0021940930088647594 0.0022976885241300935 0.0028766419266984325 0.002263246370437171 0.0024846207527931103 0.002282885855025861 0.0028170466668198235 0.0025988310955324901 0.0028451198900281485 0.0022678222681796634 0.002193994680849133 0.0027111275502727443 0.0022678222681796634 0.0024582723616658883 0.0022678222681796634 0.0022641599727628269 0.0022859322982905707 0.0026111573149235272 0.0022019987590664787 0.0025171368837100336 0.0024087271343948744 0.0022687952198768551
leaf_weight=378 50 50 8003 64 162 67 76 59 2133 86 91 51 96 178 50 160 62 79 564 57 167 91 55 429 341 56 382 137 51 489
leaf_count=378 50 50 8003 64 162 67 76 59 2133 86 91 51 96 178 50 160 62 79 564 57 167 91 55 429 341 56 382 137 51 489
internal_value=0.00226759 0.00434393 0.00224557 0.00235599 0.00232989 0.00278962 0.0035532 0.00341974 0.00228225 0.00244999 0.00262518 0.00246343 0.00223859 0.0023704 0.00240468 0.00238267 0.00248362 0.00218051 0.00226782 0.0024596 0.00241054 0.00222915 0.00251604 0.00231551 0.00220877 0.00217311 0.00226636 0.00240106 0.00222012 0.00230741
internal_weight=14714 151 14563 5371 5248 482 143 123 4766 339 177 101 3150 1616 1238 1188 444 9192 751 136 382 3054 215 744 2474 8441 438 315 615 580
internal_count=14714 151 14563 5371 5248 482 143 123 4766 339 177 101 3150 1616 1238 1188 444 9192 751 136 382 3054 215 744 2474 8441 438 315 615 580
is_linear=0
shrinkage=1


Tree=1
num_leaves=31
num_cat=0
split_feature=133 90 85 0 133 81 9 100 77 131 28 21 114 140 83 24 136 29 22 75 61 2 85 3 108 15 133 104 134 140
split_gain=0.239538 0.363437 0.0351721 0.0479722 0.0409101 0.0380436 0.0560966 0.0288061 0.00727392 0.00421447 0.00417949 0.0033454 0.00311804 0.00275036 0.00222658 0.00271284 0.00216854 0.00204718 0.00492502 0.001591 0.00123025 0.000835204 0.00313161 0.000806831 0.000803955 0.000714826 0.000596143 0.000563781 0.00137913 0.000524664
threshold=88.200000000000003 25.359183673469392 271.01637660000006 0.20185000000000003 80.210000000000022 37.550000000000004 0.33256944444444447 0.90000000000003422 274.34757110000004 43.993537203986527 44.050000000000004 0.56250000000000011 14.350000000000003 73.145000000000024 16.050000000000004 34.45000000000001 0.13500000000000004 51.350000000000009 6.5000000000000009 10.850000000000003 266.90000000000003 0.0053583815000000012 267.52430620000007 0.054459633500000007 279.71354690000004 0.001954166666666667 84.075000000000017 1.9500000000000006 8.9100000000000019 76.750000000000014
decision_type=2 2 2 2 2 2 2 2 2 2 2 2 2 2 2 2 2 2 2 2 2 2 2 2 2 2 2 2 2 2
left_child=2 12 20 4 8 9 11 -5 10 25 14 -7 -2 17 15 -4 -17 19 -19 24 -1 26 -23 -16 27 -6 -22 -10 -29 -28
right_child=1 -3 3 7 5 6 -8 -9 13 -11 -12 -13 -14 -15 23 16 -18 18 -20 -21 21 22 -24 -25 -26 -27 29 28 -30 -31
leaf_value=5.2781310526786856e-05 -3.9625795146163782e-06 0.00541901169673485 0.0004994338716023777 0.0003352170890132021 -4.3688019388517538e-05 0.00045205927632572455 0.0018320103175110667 0.0017830230367760506 1.1120621712459967e-05 0.00046492251088431775 0.00044358915929769871 -1.4598740028125825e-05 0.00046932146598741313 0.00021656341752696045 -2.8749587917624627e-05 0.00037903233209715019 3.0464405626241707e-05 0 0.00046716384629635563 -6.4261941049382557e-05 -9.7999709157755462e-05 -8.1016367371894039e-05 0.00030000203744180005 0.0001279395922679214 -3.5497442948631586e-05 0.00011683884887835146 4.9808791714312973e-05 0 0.00033597845988809312 -7.0064338901572209e-05
leaf_weight=106 51 50 59 104 170 57 101 61 595 65 99 60 50 110 360 61 331 269 66 2670 7460 315 63 104 732 106 124 53 51 211
leaf_count=106 51 50 59 104 170 57 101 61 595 65 99 60 50 110 360 61 331 269 66 2670 7460 315 63 104 732 106 124 53 51 211
internal_value=0 0.00197434 -2.08802e-05 6.78532e-05 4.4234e-05 0.000451625 0.000968922 0.000908104 2.30211e-06 0.000104433 0.000124132 0.000172279 0.000183621 -2.37942e-05 8.3663e-05 0.000162788 9.82549e-05 -3.09287e-05 8.29095e-05 -4.14647e-05 -8.88354e-05 -9.129e-05 -3.69668e-06 0 0 1.12294e-07 -9.48953e-05 3.93929e-05 0.000151877 -1.07963e-05
internal_weight=14714 151 14563 6284 6119 559 218 165 5560 341 1014 117 101 4546 915 451 392 4436 335 4101 8279 8173 378 464 1431 276 7795 699 104 335
internal_count=14714 151 14563 6284 6119 559 218 165 5560 341 1014 117 101 4546 915 451 392 4436 335 4101 8279 8173 378 464 1431 276 7795 699 104 335
is_linear=0
shrinkage=0.05


Tree=2
num_leaves=31
num_cat=0
split_feature=133 90 126 0 133 81 9 100 77 131 141 35 142 83 136 138 36 104 6 92 43 29 23 0 138 141 2 113 138 128
split_gain=0.21658 0.328645 0.032509 0.0443393 0.0364315 0.036324 0.0517566 0.0248124 0.00723989 0.00371406 0.00305909 0.0028723 0.00281122 0.00221112 0.00151571 0.00248054 0.00145993 0.00140476 0.00133025 0.00178828 0.00213432 0.00143885 0.00171194 0.00113427 0.00106536 0.000991528 0.000867134 0.00320738 0.000784898 0.000608716
threshold=88.200000000000003 25.359183673469392 40.500000000000007 0.20185000000000003 79.980000000000004 37.550000000000004 0.33256944444444447 1.2500000000000002 274.34757110000004 43.993537203986527 33.775000000000013 271.21976805000003 546.76079864000712 21.050000000000004 0.13500000000000004 3.7250000000000005 269.21687270000001 0.25000000000000006 0.004928472222222223 17.450000000000006 0.26150000000000007 24.150000000000002 21.801388888888891 0.052550000000000006 3.4500000000000006 35.815000000000005 0.0053583815000000012 0.35000000000000003 3.8050000000000002 10.100143380802356
decision_type=2 2 2 2 2 2 2 2 2 2 2 2 2 2 2 2 2 2 2 2 2 2 2 2 2 2 2 2 2 2
left_child=2 11 3 4 8 9 16 -5 10 -6 14 -2 25 18 15 -1 -7 24 21 -20 -21 22 -10 -15 -4 -12 -19 -28 -16 -14
right_child=1 -3 17 7 5 6 -8 -9 13 -11 12 -13 29 23 28 -17 -18 26 19 20 -22 -23 -24 -25 -26 -27 27 -29 -30 -31
leaf_value=0 -4.7517617797264056e-06 0.0051533736887515768 0.00019462654846109695 0.00034291558085290793 2.7717099318789002e-06 0 0.0019129522851273027 0.0017185999077434341 0 0.0003943876106337564 0.0005717066150100436 0.00044731828497378073 0 -7.8076635566406703e-05 0.00012115380075801191 0.00046462957944922063 0.00036971419498933343 -9.1747041061826995e-05 1.1705579226418195e-05 0.00049730498299775823 1.9293235795471859e-05 -4.0688671493245557e-05 0.00024939850065456253 4.5004026809810375e-06 -2.8509261713262709e-05 0.00013815014627799693 -7.044093503195438e-05 0.00034617862087028671 -1.2753534897131299e-05 0.00016282177637478318
leaf_weight=83 51 50 60 101 259 51 85 59 298 91 83 50 87 1734 130 54 51 7626 399 52 87 1173 97 401 433 61 335 52 475 146
leaf_count=83 51 50 60 101 259 51 85 59 298 91 83 50 87 1734 130 54 51 7626 399 52 87 1173 97 401 433 61 335 52 475 146
internal_value=0 0.00187755 -1.96388e-05 6.84312e-05 4.51785e-05 0.000437529 0.00100206 0.000888779 4.86331e-06 0.00011967 0.000118699 0.000172217 0.000238531 -2.40147e-05 5.08453e-05 0.000202736 0.000183228 -8.29407e-05 1.03386e-05 7.92898e-05 0.000236107 -1.01682e-05 6.77138e-05 -6.02312e-05 0 0.000424749 -8.79805e-05 -8.26514e-07 7.92156e-06 0.000100752
internal_weight=14714 151 14563 6057 5897 537 187 160 5360 350 1119 101 377 4241 742 137 102 8506 2106 538 139 1568 395 2135 493 144 8013 387 605 233
internal_count=14714 151 14563 6057 5897 537 187 160 5360 350 1119 101 377 4241 742 137 102 8506 2106 538 139 1568 395 2135 493 144 8013 387 605 233
is_linear=0
shrinkage=0.05


Tree=3
num_leaves=31
num_cat=0
split_feature=133 90 103 1 133 88 28 93 77 28 116 53 81 50 103 4 77 104 13 92 88 128 128 50 93 138 30 135 18 2
split_gain=0.195806 0.297183 0.0318976 0.0431374 0.0332349 0.034517 0.0514337 0.016555 0.00582079 0.00379675 0.00377388 0.00570131 0.00266798 0.00437573 0.0026511 0.00255787 0.00200855 0.00261862 0.00265683 0.00192012 0.00163938 0.00118837 0.0013523 0.00110713 0.00100942 0.00164294 0.00121622 0.00121077 0.000899747 0.000820046
threshold=88.200000000000003 25.359183673469392 1273.4500000000005 0.30954854950000005 80.210000000000022 36.087500000000013 28.450000000000003 271.49011265000007 275.57644110000007 44.050000000000004 285.05114920000005 7.5000000000000009 28.950000000000003 1027.3500000000001 2136.3500000000008 0.0022618450000000006 287.81460540000006 0.25000000000000006 0.0011774856111111114 17.250000000000007 35.88750000000001 10.229051224492716 9.5605157581159883 1022.35 271.49011265000007 4.6950000000000012 -1.3871428571428586 78.000000000000014 0.063537500000000011 0.0053583815000000012
decision_type=2 2 2 2 2 2 2 2 2 2 2 2 2 2 2 2 2 2 2 2 2 2 2 2 2 2 2 2 2 2
left_child=2 14 3 4 8 10 -7 -5 9 12 -6 -12 13 24 -2 -11 29 18 -18 23 -21 22 -22 -10 -1 26 27 -26 -19 -4
right_child=1 -3 16 7 5 6 -8 -9 19 15 11 -13 -14 -15 -16 -17 17 28 -20 20 21 -23 -24 -25 25 -27 -28 -29 -30 -31
leaf_value=0 0.00042661990505924531 0.0049007573709184057 -8.457378927402185e-05 0.00024256978115480934 0 0.0020850179059031817 7.1445412253049885e-05 0.0015831245393134079 -6.8557952650636275e-05 2.2421363532235465e-06 0.00071768672603260116 4.7910464506184351e-05 0 0.00057362744566298238 -5.724091595486518e-06 0.00055856678815713779 0 -6.8629064222767359e-05 0.00044140602275752653 0 3.8305508224087279e-05 0 0.00045533607611759457 0 0.00042878718681469514 2.3277030078723462e-05 0 1.0092089412662766e-05 9.7038646309630246e-05 -2.2031172579926108e-06
leaf_weight=174 50 50 8126 52 169 69 68 64 1660 55 62 102 753 56 51 74 89 564 61 481 78 60 56 692 96 269 63 53 73 444
leaf_count=174 50 50 8126 52 169 69 68 64 1660 55 62 102 753 56 51 74 89 564 61 481 78 60 56 692 96 269 63 53 73 444
internal_value=0 0.00178552 -1.8395e-05 8.0343e-05 5.74714e-05 0.000457967 0.00112957 0.00103213 1.55561e-05 9.3542e-05 0.000164136 0.000334237 6.62716e-05 0.000135664 0.000161372 0.000361677 -7.38674e-05 0 0.000189771 -2.38512e-05 4.68484e-05 0.000169193 0.000251706 -4.62774e-05 8.97803e-05 0.000127302 0.000235094 0.000314249 -4.16843e-05 -8.08904e-05
internal_weight=14714 151 14563 5206 5090 470 137 116 4620 1593 333 164 1464 711 101 129 9357 787 150 3027 675 194 134 2352 655 481 212 149 637 8570
internal_count=14714 151 14563 5206 5090 470 137 116 4620 1593 333 164 1464 711 101 129 9357 787 150 3027 675 194 134 2352 655 481 212 149 637 8570
is_linear=0
shrinkage=0.05


Tree=4
num_leaves=31
num_cat=0
split_feature=133 90 103 1 133 88 9 100 77 116 53 28 88 88 50 85 160 15 104 77 142 13 21 50 128 75 18 2 101 26
split_gain=0.177023 0.268732 0.0290544 0.0386381 0.0310682 0.0319347 0.0467929 0.0157169 0.00529131 0.00347852 0.00516941 0.00339843 0.00244132 0.00241785 0.00276672 0.002216 0.00184429 0.00167362 0.00173521 0.00159151 0.00184411 0.00216463 0.00104667 0.00103736 0.00100493 0.00167394 0.000829852 0.00075346 0.00333439 0.000764852
threshold=88.200000000000003 25.359183673469392 1300.6500000000003 0.30954854950000005 80.210000000000022 36.087500000000013 0.33256944444444447 1.2500000000000002 275.57644110000007 285.05114920000005 7.5000000000000009 44.050000000000004 25.587500000000006 26.312500000000007 1025.1500000000003 273.71083375000006 0.35204081632653073 0.0003927083333333334 0.35000000000000009 287.81460540000006 653.80315475003079 0.0011774856111111114 0.40972222222222227 1022.35 9.2309758884199038 6.4500000000000011 0.063537500000000011 0.0053583815000000012 -7.0610632499999886 15.500000000000002
decision_type=2 2 2 2 2 2 2 2 2 2 2 2 2 2 2 2 2 2 2 2 2 2 2 2 2 2 2 2 2 2
left_child=2 12 3 4 8 9 -7 -5 11 -6 -11 13 -2 14 24 -13 23 -18 22 27 26 -22 -19 -10 25 -1 -21 29 -29 -4
right_child=1 -3 19 7 5 6 -8 -9 16 10 -12 15 -14 -15 -16 -17 17 18 -20 20 21 -23 -24 -25 -26 -27 -28 28 -30 -31
leaf_value=0.00046090451159985747 -6.2545010978982802e-06 0.0046605241298675543 -8.3452195701346079e-05 0.00029788730350824506 0 2.2007829454249823e-05 0.0019085691741579998 0.0015562651054933669 -6.6007616148329752e-05 0.00068237198254474422 4.4723752314720989e-05 0.0005096481392993156 0.00040653417373701529 0 0.00050803024859359387 0 -1.2933534163980451e-05 1.8152984613137599e-05 3.4463585309060498e-06 -6.5577052452333789e-05 0 0.00040686133627737455 0.00041537310006080797 0 4.0315626175939357e-05 5.0307765968833944e-05 9.4550283956279654e-05 0.00035779064464495951 -6.3325013036865838e-05 4.2829831136882528e-06
leaf_weight=51 51 50 7858 64 173 67 76 59 1727 62 104 79 50 790 50 53 403 60 184 543 82 54 71 705 474 119 72 52 386 145
leaf_count=51 51 50 7858 64 173 67 76 59 1727 62 104 79 50 790 50 53 403 60 184 543 82 54 71 705 474 119 72 52 386 145
internal_value=1.64675e-07 0.00169799 -1.72117e-05 7.47164e-05 5.3084e-05 0.000435538 0.00106567 0.000949505 1.32732e-05 0.000152672 0.000315482 8.74631e-05 0.000151059 6.15539e-05 0.000129588 0.000338498 -2.32163e-05 4.37088e-05 0.000131809 -7.14727e-05 0 0.000164182 0.000272835 -4.50396e-05 9.17115e-05 0.000204702 -3.85905e-05 -7.76794e-05 -1.2389e-06 -8.12376e-05
internal_weight=14714 151 14563 5371 5248 482 143 123 4766 339 166 1616 101 1484 694 132 3150 718 315 9192 751 136 131 2432 644 170 615 8441 438 8003
internal_count=14714 151 14563 5371 5248 482 143 123 4766 339 166 1616 101 1484 694 132 3150 718 315 9192 751 136 131 2432 644 170 615 8441 438 8003
is_linear=0
shrinkage=0.05


Tree=5
num_leaves=31
num_cat=0
split_feature=133 86 126 0 133 112 131 120 33 77 28 83 24 4 92 22 15 104 120 128 75 0 133 138 8 43 18 104 30 138
split_gain=0.176987 0.253473 0.0260668 0.0314064 0.0309874 0.0232982 0.0367674 0.0183708 0.0072743 0.00477648 0.00301264 0.00236936 0.00203603 0.00199029 0.00196247 0.00184406 0.0014897 0.0044314 0.00117239 0.00106534 0.00123703 0.00104314 0.000788683 0.000765457 0.000628625 0.000610138 0.000608759 0.000543666 0.000536055 0.000490039
threshold=88.200000000000003 7.5000000000000009 41.500000000000007 0.20185000000000003 79.980000000000004 286.56150490000005 35.133458222840027 272.22127125000003 0.79756145096784969 275.57644110000007 44.050000000000004 16.050000000000004 35.800000000000004 0.0022618450000000006 17.450000000000006 6.5000000000000009 0.0003927083333333334 0.15000000000000005 286.79874245000002 9.0769232520067131 8.4500000000000011 0.051850000000000007 84.075000000000017 3.8850000000000002 0.012807879337371951 0.39650000000000007 0.0058562500000000012 11.450000000000005 -1.8614285714285719 15.940000000000001
decision_type=2 2 2 2 2 2 2 2 2 2 2 2 2 2 2 2 2 2 2 2 2 2 2 2 2 2 2 2 2 2
left_child=2 -2 3 4 9 8 -7 -5 15 10 11 12 -1 -12 21 -6 -16 -18 -17 20 -14 29 -4 24 -21 -13 -24 -28 -19 -11
right_child=1 -3 22 7 5 6 -8 -9 -10 14 13 25 19 -15 16 18 17 28 -20 23 -22 -23 26 -25 -26 -27 27 -29 -30 -31
leaf_value=0.00032865967329204411 0.00017969167078554167 0.0045780880756530118 -7.7627540020061038e-05 0.00027305628387032567 -5.2621164986925485e-05 0.0019157514073570277 0.00030109844406993357 0.0014805266804109186 0.00059908720171188189 -6.4899832073745723e-05 0 -1.6316553387573742e-05 0.00035071120416155878 0.00049102234238022435 -1.47442313520798e-05 0.00026797159543510084 0.00047259211568583036 -3.7000546103593449e-05 0 0.00025112392805749556 0 5.9839704270380794e-06 -5.2993365617595856e-05 0 0 0.00014820886612020937 0.00020446959021245235 0 7.9170778483432478e-05 4.3007199334776187e-05
leaf_weight=112 99 50 8037 98 163 58 113 58 79 2336 54 778 68 73 451 106 70 134 52 59 51 612 221 361 51 59 53 84 200 53
leaf_count=112 99 50 8037 98 163 58 113 58 79 2336 54 778 68 73 451 106 70 134 52 59 51 612 221 361 51 59 53 84 200 53
internal_value=5.89406e-07 0.00170968 -1.65744e-05 6.02988e-05 4.14316e-05 0.000391855 0.000885782 0.000760405 0.000166549 4.22655e-06 7.57143e-05 5.23601e-05 0.000120132 0.000317041 -2.53753e-05 4.30414e-05 3.8327e-05 0.000109808 0.000172888 7.15973e-05 0.00021202 -4.51967e-05 -7.43925e-05 2.51516e-05 0.000141174 0 0 8.0688e-05 1.76664e-05 -6.03969e-05
internal_weight=14793 149 14644 6249 6093 571 171 156 400 5522 1666 1539 702 127 3856 321 855 404 158 590 119 3001 8395 471 110 837 358 137 334 2389
internal_count=14793 149 14644 6249 6093 571 171 156 400 5522 1666 1539 702 127 3856 321 855 404 158 590 119 3001 8395 471 110 837 358 137 334 2389
is_linear=0
shrinkage=0.05


Tree=6
num_leaves=31
num_cat=0
split_feature=137 86 26 94 135 61 0 112 26 90 104 0 116 105 116 15 91 101 104 21 56 88 138 12 134 112 0 28 93 137
split_gain=0.0426504 0.173202 0.17884 0.0282336 0.0283993 0.0169215 0.0400444 0.00501064 0.00380595 0.00421564 0.0032738 0.00495924 0.00272846 0.00219914 0.00171199 0.00164843 0.00198657 0.00154534 0.00143423 0.00137233 0.00132363 0.00123689 0.00151778 0.00171457 0.000817519 0.000796737 0.000786284 0.000784806 0.00077884 0.000530548
threshold=0.025000000000000005 12.500000000000002 2.5000000000000004 15.500000000000002 9.0750000000000011 236.45000000000002 0.20185000000000003 289.91534255000005 2.5000000000000004 24.413265306122451 1.8500000000000005 0.071900000000000006 285.53660965000006 9.5000000000000018 285.05114920000005 0.00025937500000000006 21.250000000000004 -1.2673069500000052 5.2500000000000018 0.31250000000000006 11.624215750000021 25.862500000000004 3.9200000000000004 0.022702356000000003 7.1050000000000013 275.64863575000004 0.44465000000000005 9.0500000000000025 273.36260130000011 0.070000000000000021
decision_type=2 2 2 2 2 2 2 2 2 2 2 2 2 2 2 2 2 2 2 2 2 2 2 2 2 2 2 2 2 2
left_child=1 3 -3 7 -5 6 10 13 9 -9 21 24 26 14 -1 -14 18 -16 19 -17 -15 22 23 28 -12 -26 29 -24 -2 -7
right_child=5 2 -4 4 -6 12 -8 8 -10 -11 11 -13 15 20 17 16 -18 -19 -20 -21 -22 -23 27 -25 25 -27 -28 -29 -30 -31
leaf_value=0 0.00041716091590038003 0.0038416560349556119 0 0.0013014741463563911 0 -9.5834193472130038e-06 0.0012209726986015755 1.488061847304183e-05 0 0.00076337351793323224 0 0.00058378928568740584 -5.5155592882019246e-05 -5.5834921598382143e-05 0.00046396894420411175 0 -1.1847690791774276e-06 7.7024085002256319e-06 0 0.00027765800242010065 0.00013744171071309775 -1.1009849387935462e-05 0.00015270752505112679 0 0.00024551376164380759 0 8.7048156427319446e-05 0 2.6433497481569776e-05 -7.2478694748553737e-05
leaf_weight=89 77 64 59 91 85 542 75 50 75 56 125 68 545 1084 55 67 427 65 63 187 83 1086 91 95 96 71 52 529 52 8689
leaf_count=89 77 64 59 91 85 542 75 50 75 56 125 68 545 1084 55 67 427 65 63 187 83 1086 91 95 96 71 52 529 52 8689
internal_value=7.72377e-07 0.00022518 0.00203238 9.29314e-05 0.000692309 -3.10505e-05 8.89932e-05 2.15689e-05 0.000269038 0.000460479 4.92204e-05 0.000189247 -5.83836e-05 -7.52401e-06 0.000136549 6.31038e-06 5.80609e-05 0.000260253 0.000153341 0.000208288 -3.77019e-05 2.04276e-05 6.67615e-05 0.000181075 7.86236e-05 0.000151481 -6.7905e-05 1.71846e-05 0.000299535 -6.93288e-05
internal_weight=14793 1856 123 1733 176 12937 2365 1557 181 106 2290 360 10572 1376 209 1289 744 120 317 254 1167 1930 844 224 292 167 9283 620 129 9231
internal_count=14793 1856 123 1733 176 12937 2365 1557 181 106 2290 360 10572 1376 209 1289 744 120 317 254 1167 1930 844 224 292 167 9283 620 129 9231
is_linear=0
shrinkage=0.05


Tree=7
num_leaves=31
num_cat=0
split_feature=139 86 103 0 139 88 9 90 100 77 28 94 81 50 4 112 104 6 89 4 105 92 12 93 91 118 92 116 15 0
split_gain=0.0492736 0.177096 0.0192232 0.0293621 0.0183658 0.0258933 0.0499841 0.0153389 0.0107286 0.00434392 0.00247917 0.00227204 0.00176699 0.0027803 0.00170607 0.0016164 0.00185681 0.00230031 0.00155527 0.00153645 0.00131502 0.00108325 0.000920279 0.000911855 0.0011377 0.000799661 0.000558308 0.000460274 0.000459396 0.000425487
threshold=91.048068522959113 10.500000000000002 1273.4500000000005 0.20185000000000003 84.467414954242443 36.087500000000013 0.33256944444444447 24.242857142857147 1.2500000000000002 275.57644110000007 44.050000000000004 4.5000000000000009 28.950000000000003 1027.3500000000001 0.0022618450000000006 287.97069420000008 1.0000000180025095e-35 0.0016680555555555557 34.850000000000001 0.0012481850000000004 9.5000000000000018 16.250000000000007 0.12196273300000002 271.49011265000007 30.700000000000006 34.45000000000001 21.550000000000004 286.34606570000005 0.00084062500000000001 0.037000000000000005
decision_type=2 2 2 2 2 2 2 2 2 2 2 2 2 2 2 2 2 2 2 2 2 2 2 2 2 2 2 2 2 2
left_child=2 7 3 4 9 -6 20 11 -5 10 12 -2 13 23 -12 -4 17 -17 -13 26 -7 -21 28 -1 -25 -26 -11 -23 -18 -14
right_child=1 -3 15 8 5 6 -8 -9 -10 19 14 18 29 -15 -16 16 22 -19 -20 21 -22 27 -24 24 25 -27 -28 -29 -30 -31
leaf_value=0 -7.0893825726804763e-05 0.0028107130515688497 -6.9671035154804988e-05 0.00024190354973318775 0 0.00030392907185564083 0.0019132913577821896 0.00074215806546785372 0.0013580431146868344 -5.7380104581906472e-05 0 0.00036973425881993633 -2.0513412524655947e-05 0.00048386703770330106 0.00047229315443629669 0 -6.4545041454866896e-05 0.00042914050991245091 0 0 0 0 0.00014234183308467941 5.3484496696949587e-05 0.00042851940344333791 1.021206545570463e-05 5.5986600092403157e-07 0.00020748570981144973 0 6.6167931073945704e-05
leaf_weight=180 298 69 7884 56 236 53 65 84 57 1856 53 58 550 51 69 60 722 51 102 612 59 50 62 370 52 50 321 108 366 189
leaf_count=180 298 69 7884 56 236 53 65 84 57 1856 53 58 550 51 69 60 722 51 102 612 59 50 62 370 52 50 321 108 366 189
internal_value=8.87656e-07 0.000440473 -1.77281e-05 6.02026e-05 4.07605e-05 0.000359859 0.000815391 0.000124898 0.000855746 1.03644e-05 7.84574e-05 0 5.57336e-05 0.000112435 0.000303758 -6.12003e-05 -4.26475e-06 0.000184817 0.000161078 -2.40915e-05 0.000122676 3.2883e-05 -2.70041e-05 7.50282e-05 0.000112209 0.0002741 -4.65448e-05 0.00014925 -4.13675e-05 0
internal_weight=14793 611 14182 5037 4924 413 177 542 113 4511 1564 458 1442 703 122 9145 1261 111 160 2947 112 770 1150 652 472 102 2177 158 1088 739
internal_count=14793 611 14182 5037 4924 413 177 542 113 4511 1564 458 1442 703 122 9145 1261 111 160 2947 112 770 1150 652 472 102 2177 158 1088 739
is_linear=0
shrinkage=0.05


Tree=8
num_leaves=31
num_cat=0
split_feature=133 90 126 0 137 88 92 15 92 29 1 141 6 137 28 90 136 75 49 128 92 133 35 137 96 73 100 85 77 137
split_gain=0.143017 0.235167 0.0197292 0.0247535 0.0215173 0.0430685 0.0124377 0.0035995 0.00324161 0.00496657 0.00360757 0.00306711 0.00275718 0.00229644 0.00192957 0.00323264 0.00181709 0.0014064 0.00105438 0.00107251 0.00101452 0.000925574 0.00137894 0.000767523 0.000802768 0.000680487 0.000677445 0.000472402 0.000451008 0.000333104
threshold=88.200000000000003 25.08061224489796 39.500000000000007 0.20185000000000003 1.0000000180025095e-35 36.187500000000007 12.250000000000004 0.00025937500000000006 20.450000000000006 30.650000000000002 0.13643709050000002 37.125000000000007 0.0019173611111111114 0.015000000000000001 34.600000000000009 27.531632653061227 0.41500000000000004 7.3500000000000005 991.45000000000016 9.6940619704490469 9.5500000000000025 84.075000000000017 289.91534255000005 0.19500000000000003 41.187500000000007 12.65 -1.8500000000000794 272.42651330000007 272.85145360000007 0.03500000000000001
decision_type=2 2 2 2 2 2 2 2 2 2 2 2 2 2 2 2 2 2 2 2 2 2 2 2 2 2 2 2 2 2
left_child=2 -2 3 4 5 12 -5 17 10 -10 14 20 -1 -11 23 16 -16 18 -6 -20 -12 27 -23 24 -9 -25 -26 -4 -19 -30
right_child=1 -3 21 6 7 -7 -8 8 9 13 11 -13 -14 -15 15 -17 -18 28 19 -21 -22 22 -24 25 26 -27 -28 -29 29 -31
leaf_value=0.00033829840590616199 6.4251049861195487e-05 0.0042978974238184154 -6.8653092958368537e-05 0.0012330765933371507 -6.6337717030167004e-06 0.0015381065069897367 0.00021627078982535669 0 0.0004632385683586248 0.00036378544055528793 0.00052620235941221963 0 0 0 0.00038871693719933696 0 4.19036200584491e-05 0 0.00031121195293291334 0 0.000129046896458201 -2.1812303767036495e-05 0.00025188095748979742 3.1513358568628499e-05 0 -5.3276113642856474e-05 0.00020769463827250272 0 0 -6.5344899603851552e-05
leaf_weight=88 99 50 7955 64 183 69 85 305 116 51 70 110 171 279 110 329 115 202 64 107 80 318 51 215 57 1202 97 384 148 1619
leaf_count=88 99 50 7955 64 183 69 85 305 116 51 70 110 171 279 110 329 115 202 64 107 80 318 51 215 57 1202 97 384 148 1619
internal_value=1.0904e-06 0.00153745 -1.43043e-05 5.55377e-05 3.81786e-05 0.000431388 0.000691662 1.35625e-05 4.91422e-05 0.000175904 2.62096e-05 0.000203456 0.000112536 5.87014e-05 5.11223e-06 8.85473e-05 0.00023455 -3.23184e-05 5.271e-05 0.000144957 0.000349756 -6.24886e-05 3.08023e-06 -1.68971e-05 3.38442e-05 -3.68718e-05 0.000127856 -6.59896e-05 -5.01624e-05 -5.86643e-05
internal_weight=14793 149 14644 5936 5787 328 149 5459 3136 446 2690 260 259 330 2430 554 225 2323 354 171 150 8708 369 1876 459 1417 154 8339 1969 1767
internal_count=14793 149 14644 5936 5787 328 149 5459 3136 446 2690 260 259 330 2430 554 225 2323 354 171 150 8708 369 1876 459 1417 154 8339 1969 1767
is_linear=0
shrinkage=0.05


Tree=9
num_leaves=31
num_cat=0
split_feature=140 86 14 103 0 85 139 92 100 81 77 28 69 14 85 4 81 50 4 15 104 18 105 92 93 138 30 139 92 44
split_gain=0.0408606 0.118716 0.219233 0.0135693 0.0249039 0.00854969 0.00833962 0.0120588 0.00829864 0.00684839 0.00388426 0.00211312 0.00183039 0.00219752 0.00156475 0.00145835 0.00145236 0.00230243 0.0013007 0.00120326 0.00171653 0.00141734 0.000944341 0.000833003 0.000816828 0.00129639 0.00135856 0.000828855 0.000781074 0.000546925
threshold=75.180000000000021 10.500000000000002 0.018653307000000004 1248.0500000000004 0.20185000000000003 277.82451485000007 84.467414954242443 21.150000000000006 3.4500000000000459 33.550000000000004 275.57644110000007 44.050000000000004 285.22861580000006 0.016839561500000003 272.42651330000007 0.0022618450000000006 28.950000000000003 1027.3500000000001 0.0012481850000000004 0.0003062500000000001 0.25000000000000006 0.057425000000000011 10.500000000000002 10.550000000000002 271.49011265000007 5.9900000000000011 -1.3871428571428586 6.7869434358000538 16.250000000000007 397.50000000000006
decision_type=2 2 2 2 2 2 2 2 2 2 2 2 2 2 2 2 2 2 2 2 2 2 2 2 2 2 2 2 2 2
left_child=3 5 -3 4 6 12 10 22 -6 -7 11 16 -2 -14 -5 -13 17 23 -12 -16 -21 -22 -8 24 -1 26 27 -26 -20 -30
right_child=1 2 -4 14 8 9 7 -9 -10 -11 18 15 13 -15 19 -17 -18 -19 28 20 21 -23 -24 -25 25 -27 -28 -29 29 -31
leaf_value=0 -5.1102182457615395e-05 0 0.0040192780900618124 -6.3658846129686098e-05 0.00023047794102934533 8.9915521904688448e-05 0.00015514900285834438 0.00082379223049221901 0.001258217783475464 0.00085433518243195877 -4.3367175683428661e-05 0 0 0.00036237208138796876 -5.4280681995056371e-05 0.00044680986131639022 0 0.00044566104913918445 0 0.00027745176587103907 -1.2004935405778104e-05 0.00024763697305931143 -2.5171483301584463e-05 0 1.2736530657010997e-05 0 0 0.00037524773664986962 0.00023545213937137458 0
leaf_weight=116 486 82 57 7962 54 96 132 78 54 57 2100 52 76 66 562 67 715 51 566 72 478 56 77 183 54 112 73 113 72 74
leaf_count=116 486 82 57 7962 54 96 132 78 54 57 2100 52 76 66 562 67 715 51 566 72 478 56 77 183 54 112 73 113 72 74
internal_value=1.23557e-06 0.000324056 0.00166666 -1.9834e-05 4.8204e-05 7.68843e-05 2.95086e-05 0.000290802 0.000797048 0.000410865 1.10487e-05 7.5731e-05 0 0.000152008 -5.57285e-05 0.000287657 5.4217e-05 0.000105328 -2.25197e-05 0 4.71481e-05 6.28961e-06 6.51021e-05 7.03548e-05 0.000106402 0.000144315 0.000209651 0.000288564 3.19307e-05 0.000135014
internal_weight=14793 920 139 13873 4743 781 4635 287 108 153 4348 1536 628 142 9130 119 1417 702 2812 1168 606 534 209 651 468 352 240 167 712 146
internal_count=14793 920 139 13873 4743 781 4635 287 108 153 4348 1536 628 142 9130 119 1417 702 2812 1168 606 534 209 651 468 352 240 167 712 146
is_linear=0
shrinkage=0.05


Tree=10
num_leaves=31
num_cat=0
split_feature=139 42 131 90 0 93 116 93 44 28 4 137 118 21 129 89 96 50 89 18 115 104 92 75 28 50 6 134 88 131
split_gain=0.0344376 0.0681717 0.082501 0.0819158 0.0121142 0.0251056 0.0117347 0.00650897 0.00458285 0.00339623 0.00338849 0.00196851 0.00318109 0.00476174 0.00838214 0.00771756 0.00192724 0.00138838 0.00125321 0.00101533 0.000920382 0.000789792 0.000738066 0.000740632 0.00128184 0.000713182 0.000632816 0.000632264 0.00048102 0.000463782
threshold=86.716077848590643 0.64500000000000013 26.52198350846967 25.93367346938776 0.20185000000000003 270.88311825000005 286.50816905000005 270.81804205000009 742.50000000000011 44.050000000000004 0.0022618450000000006 0.055000000000000007 14.450000000000001 0.5902777777777779 5.5000000000000009 40.350000000000001 36.587500000000013 1027.3500000000001 38.050000000000004 0.0050791666666666676 14.450000000000001 12.850000000000003 10.150000000000004 8.3500000000000032 21.950000000000003 1028.2500000000002 0.0037430555555555559 8.3850000000000016 33.687500000000007 66.057692735826961
decision_type=2 2 2 2 2 2 2 2 2 2 2 2 2 2 2 2 2 2 2 2 2 2 2 2 2 2 2 2 2 2
left_child=4 6 3 -3 7 16 19 11 -4 17 -11 12 -1 14 -14 -16 -6 18 -9 -2 22 -21 23 24 27 -13 -25 -20 -10 -28
right_child=1 2 8 -5 5 -7 -8 9 28 10 -12 25 13 -15 15 -17 -18 -19 20 21 -22 -23 -24 26 -26 -27 29 -29 -30 -31
leaf_value=-5.8605923611237308e-05 -6.1636515549967508e-05 0.00044960429930850098 0.00054273353852251954 0.0029412813419125317 -2.8051113821166261e-05 0.0010674500333047226 0.00056097463050086246 -3.7833317535339428e-05 0 0 0.00057107198079271867 -5.952464819276353e-05 0 -2.6622989730378532e-05 0.00098532933623419485 5.4527618409745058e-05 0.00022387624453829022 0.00022011433349204408 0.0004878004980399091 0.0001522037406853046 0 0 0 0 1.8639752717279276e-05 6.3722801300173157e-05 0 6.2446463357795985e-05 0.00014657088688573258 0.00013812511828405151
leaf_weight=725 717 71 83 72 217 75 91 711 99 70 59 9069 143 277 58 56 100 89 50 108 653 162 238 178 111 79 50 51 78 191
leaf_count=725 717 71 83 72 217 75 91 711 99 70 59 9069 143 277 58 56 100 89 50 108 653 162 238 178 111 79 50 51 78 191
internal_value=1.62103e-06 0.000230518 0.000784796 0.00175059 -2.36017e-05 0.000248403 1.81372e-05 -3.23018e-05 0.00022978 3.98662e-05 0.000292156 -4.9781e-05 5.29338e-06 0.000101341 0.000258212 0.000576022 3.61521e-05 2.3578e-05 1.34115e-05 -2.7368e-05 4.06426e-05 4.50753e-05 7.4407e-05 0.000102669 0.000188792 -5.7907e-05 4.68428e-05 0.000324755 5.27134e-05 0.000101713
internal_weight=14731 1481 403 143 13250 392 1078 12858 260 2451 129 10407 1259 534 257 114 317 2322 2233 987 1522 270 869 631 212 9148 419 101 177 241
internal_count=14731 1481 403 143 13250 392 1078 12858 260 2451 129 10407 1259 534 257 114 317 2322 2233 987 1522 270 869 631 212 9148 419 101 177 241
is_linear=0
shrinkage=0.05


Tree=11
num_leaves=31
num_cat=0
split_feature=133 90 103 0 137 94 100 77 6 92 140 112 133 41 142 140 50 14 140 19 21 15 92 22 99 92 3 29 140 128
split_gain=0.101885 0.18357 0.0154608 0.0215515 0.0154609 0.0303856 0.00595027 0.0026019 0.00258981 0.00227242 0.00406838 0.00175187 0.00347047 0.00166993 0.00129385 0.00325735 0.000859568 0.000687725 0.00147072 0.00104463 0.000617828 0.000578392 0.000575782 0.000524443 0.000402517 0.00143322 0.000402078 0.000474017 0.000649505 0.000397306
threshold=88.200000000000003 24.866326530612252 1200.3500000000001 0.20185000000000003 1.0000000180025095e-35 16.500000000000004 4.1999999999999895 274.34757110000004 0.0019173611111111114 19.350000000000009 68.935000000000016 290.32811795000003 80.210000000000022 47.500000000000007 135.82898045752839 50.88000000000001 1017.9500000000002 0.020547432000000001 12.845000000000002 -0.0019928571428571525 0.50694444444444453 0.00093958333333333339 3.2500000000000013 6.5000000000000009 4.2500000000000009 3.2500000000000013 0.049513091500000002 24.050000000000004 35.260000000000005 9.8644867814012631
decision_type=2 2 2 2 2 2 2 2 2 2 2 2 2 2 2 2 2 2 2 2 2 2 2 2 2 2 2 2 2 2
left_child=2 22 3 4 5 8 -5 14 13 16 -11 24 17 -1 23 21 -9 -13 -19 -20 -17 -16 -2 -6 -4 -26 27 28 -18 -28
right_child=1 -3 11 6 7 -7 -8 9 -10 10 -12 12 -14 -15 15 20 26 18 19 -21 -22 -23 -24 -25 25 -27 29 -29 -30 -31
leaf_value=5.7333781520495713e-06 -2.9819941981778746e-05 0.0036994872378328676 -5.6765836330778261e-05 0.00025950920151883802 0.00011338288908920827 0.0014921435677525501 0.0011505595754299845 -6.1467353333684671e-05 0 1.2778025130113895e-05 0.00039228484763759516 -4.6731865969349075e-05 0.0003636462915633412 0.0005322012123318788 0.00015151002027398281 9.4011677347878719e-05 -5.5197563857995353e-06 -2.3101568903455145e-05 0 0.00028739093210732128 -1.893151386128042e-05 0.00038426853141176995 0.00016696750350734768 -1.6734264310504858e-05 -4.5031674005540802e-05 0.00023771592799161196 -5.0939490490949759e-07 -3.5659301098215993e-05 0.00012964964410537252 7.1896230497884523e-05
leaf_weight=51 55 51 8523 57 94 52 55 921 132 417 93 577 65 51 212 180 154 229 64 80 233 107 50 321 289 52 166 968 113 319
leaf_count=51 55 51 8523 57 94 52 55 921 132 417 93 577 65 51 212 180 154 229 64 80 233 107 50 321 289 52 166 968 113 319
internal_value=1.69645e-06 0.00126891 -1.161e-05 6.26168e-05 4.46299e-05 0.000400874 0.000747636 1.96737e-05 0.000131776 -2.27302e-06 9.23992e-05 -4.74026e-05 1.08215e-05 0.000320122 8.42698e-05 0.000124637 -2.24756e-05 -8.41855e-06 3.74465e-05 0.000167713 1.8324e-05 0.000246164 1.74097e-05 9.20532e-07 -5.46342e-05 0 0 -1.66904e-05 3.33004e-05 3.6876e-05
internal_weight=14731 156 14575 4696 4584 286 112 4298 234 3151 510 9879 1015 102 1147 732 2641 950 373 144 413 319 105 415 8864 341 1720 1235 267 485
internal_count=14731 156 14575 4696 4584 286 112 4298 234 3151 510 9879 1015 102 1147 732 2641 950 373 144 413 319 105 415 8864 341 1720 1235 267 485
is_linear=0
shrinkage=0.05


Tree=12
num_leaves=31
num_cat=0
split_feature=133 90 103 1 137 94 100 129 15 92 29 3 104 128 126 112 133 103 2 15 2 95 13 111 92 94 103 2 101 49
split_gain=0.0921166 0.166004 0.0140454 0.0195909 0.0140751 0.0273723 0.00524053 0.00271464 0.00234253 0.00254346 0.005158 0.00351192 0.00193851 0.00173679 0.00185565 0.00158508 0.00294395 0.00148153 0.000750303 0.000935978 0.00135688 0.000688502 0.000683081 0.000552877 0.000523731 0.000481796 0.000479628 0.000397014 0.00208331 0.000373589
threshold=88.200000000000003 24.866326530612252 1200.3500000000001 0.30954854950000005 1.0000000180025095e-35 16.500000000000004 4.1999999999999895 8.5000000000000018 0.00025937500000000006 20.150000000000006 30.650000000000002 0.015024591000000002 0.95000000000000018 10.133755366015976 16.500000000000004 290.15894425000005 80.530000000000015 1004.45 8.5250000000000026e-05 0.0003062500000000001 0.00064742850000000008 4.5000000000000009 0.0010833123541666668 7.3500000000000005 3.2500000000000013 15.500000000000002 1070.4500000000003 0.0053583815000000012 -7.0610632499999886 978.35000000000002
decision_type=2 2 2 2 2 2 2 2 2 2 2 2 2 2 2 2 2 2 2 2 2 2 2 2 2 2 2 2 2 2
left_child=2 24 3 4 5 7 -5 29 23 11 17 -10 22 -14 21 27 18 -11 -17 -20 -21 -15 26 -6 -2 -12 -13 -4 -29 -1
right_child=1 -3 15 6 8 -7 -8 -9 9 10 25 12 13 14 -16 16 -18 -19 19 20 -22 -23 -24 -25 -26 -27 -28 28 -30 -31
leaf_value=-2.529302851961947e-05 -2.8355569915480106e-05 0.0035180700222889969 -5.4563281354018682e-05 0.00024675745614739097 6.002181324244399e-06 0.0014189440663464649 0.0010940588791189449 0.00040851663819344215 -2.4653382086476024e-05 0.00055766866325443107 -3.0305569373897899e-05 0.00017152345599839467 0 0.00017956912888529347 2.1030811058035168e-06 -4.5259895611677846e-05 0.00034249131343029962 8.9654163437721845e-05 -2.0200101435553794e-05 0.00033880152271806519 5.2967283792289269e-06 0.0005759723097170619 0 -4.4736503473531095e-05 0.00015878282016024506 0.0001345779792930798 0 0.00029127555478715715 -4.434751658836944e-05 0.00012488852215888487
leaf_weight=118 55 51 8363 57 749 52 55 62 1200 87 147 124 110 78 71 619 62 58 177 54 149 65 364 1111 50 58 76 51 404 54
leaf_count=118 55 51 8363 57 749 52 55 62 1200 87 147 124 110 78 71 619 62 58 177 54 149 65 364 1111 50 58 76 51 404 54
internal_value=1.74141e-06 0.00120669 -1.08943e-05 5.98334e-05 4.263e-05 0.000382577 0.000713091 0.000125938 1.87622e-05 5.16212e-05 0.000178972 2.78051e-05 0.000104267 0.000205617 0.000290007 -4.50236e-05 8.80301e-06 0.000406606 -7.22816e-06 4.15564e-05 0.000119748 0.000397223 3.69349e-05 -2.16257e-05 1.42454e-05 0 0.000111044 -5.20673e-05 0 0
internal_weight=14731 156 14575 4696 4584 286 112 234 4298 2438 350 2088 888 324 214 9879 1061 145 999 380 203 143 564 1860 105 205 200 8818 455 172
internal_count=14731 156 14575 4696 4584 286 112 234 4298 2438 350 2088 888 324 214 9879 1061 145 999 380 203 143 564 1860 105 205 200 8818 455 172
is_linear=0
shrinkage=0.05


Tree=13
num_leaves=31
num_cat=0
split_feature=133 90 103 1 137 94 92 15 4 92 104 28 1 115 43 24 137 118 137 1 92 75 90 88 85 131 137 141 138 4
split_gain=0.0832741 0.150199 0.0128491 0.0170315 0.0140509 0.0298939 0.0067996 0.00266381 0.00260918 0.00230581 0.00441393 0.00332866 0.00147127 0.00124214 0.000996727 0.000848068 0.000734436 0.00167723 0.00329071 0.000772092 0.000692356 0.000671488 0.000522036 0.000510398 0.000483732 0.000479942 0.00046196 0.000428197 0.000397919 0.000369453
threshold=88.200000000000003 25.08061224489796 1300.6500000000003 0.30954854950000005 1.0000000180025095e-35 16.500000000000004 13.350000000000003 0.00025937500000000006 0.00012611850000000002 20.150000000000006 0.25000000000000006 34.600000000000009 0.13643709050000002 11.950000000000001 0.32750000000000007 63.000000000000007 0.055000000000000007 14.450000000000001 0.03500000000000001 0.67217406300000015 3.6500000000000012 9.6500000000000004 22.487755102040818 20.612500000000004 272.58622380000003 92.440180613852547 0.21000000000000005 38.860000000000007 4.3400000000000007 0.016550226000000005
decision_type=2 2 2 2 2 2 2 2 2 2 2 2 2 2 2 2 2 2 2 2 2 2 2 2 2 2 2 2 2 2
left_child=2 20 3 4 5 8 -5 21 -1 11 14 12 23 22 -11 -15 17 -4 -19 -18 -2 27 -13 28 -23 -12 -25 29 -9 -6
right_child=1 -3 16 6 7 -7 -8 9 -10 10 25 13 -14 15 -16 -17 19 18 -20 -21 -22 24 -24 26 -26 -27 -28 -29 -30 -31
leaf_value=0 -2.8494955888099704e-05 0.0033785884105143882 -4.1153515020864088e-05 0.00091202413669088853 -1.8624732595298668e-05 0.0013923172610721566 6.7721405733292081e-05 0.00016890729428199009 0.00037947467048939169 8.6438605704013477e-05 0.00012623130773578385 1.0747799350807036e-05 0.00023108122674710135 2.1444554434411014e-05 0.00047430324888167143 0.00025366251973415885 -5.4378613011649573e-05 0 0.00040875741258787461 0.00010179198902764695 0.00018579995753266392 0 0.00035104286772026411 8.7044240195749668e-06 -6.1095225810323399e-05 -1.3250220807094592e-05 -4.541126887205656e-05 0.00012326600503998535 0 0.00010565275054180417
leaf_weight=197 56 50 1076 79 570 57 54 51 66 64 73 50 60 339 103 59 7731 247 63 57 50 271 98 389 1176 189 1156 72 164 64
leaf_count=197 56 50 1076 79 570 57 54 51 66 64 73 50 60 339 103 59 7731 247 63 57 50 271 98 389 1176 189 1156 72 164 64
internal_value=1.85203e-06 0.00114751 -1.01451e-05 5.05928e-05 3.54176e-05 0.000356629 0.000609602 1.35659e-05 0.000108801 4.64258e-05 0.000155278 2.45191e-05 -5.3682e-06 0.000133112 0.000356822 6.89496e-05 -4.64499e-05 -8.38213e-06 8.90557e-05 -5.25808e-05 2.66503e-05 -2.67729e-05 0.000270479 -1.63949e-05 -4.68922e-05 6.93374e-06 -2.85551e-05 7.39905e-06 4.75679e-05 0
internal_weight=14731 156 14575 5401 5268 320 133 4948 263 2795 429 2366 1820 546 167 398 9174 1386 310 7788 106 2153 148 1760 1447 262 1545 706 215 634
internal_count=14731 156 14575 5401 5268 320 133 4948 263 2795 429 2366 1820 546 167 398 9174 1386 310 7788 106 2153 148 1760 1447 262 1545 706 215 634
is_linear=0
shrinkage=0.05


Tree=14
num_leaves=31
num_cat=0
split_feature=133 90 103 0 133 82 43 120 44 28 4 85 69 92 24 7 1 84 98 82 0 128 104 12 23 138 90 85 133 133
split_gain=0.0752726 0.135944 0.0117664 0.0161334 0.00977782 0.0101409 0.0104374 0.00435302 0.00385571 0.00277505 0.00232474 0.00138601 0.00141636 0.00124802 0.00135683 0.00125803 0.00124846 0.000755912 0.000750903 0.000743084 0.000509487 0.000497128 0.000713369 0.000490575 0.000633425 0.000535639 0.000660705 0.000471808 0.000636042 0.000456604
threshold=88.200000000000003 24.866326530612252 1200.3500000000001 0.20185000000000003 79.980000000000004 26.346000000000007 0.34350000000000008 275.15169435000001 457.50000000000006 44.050000000000004 0.0022618450000000006 275.64710005000006 291.34247560000006 19.750000000000007 32.300000000000004 0.0023500000000000001 0.014147579000000002 0.95000000000000029 -0.10000000000000096 14.618 0.44465000000000005 9.3882773295766153 0.35000000000000009 0.079596728500000005 22.013194444444444 6.2100000000000009 27.133673469387759 271.49314265000004 74.105000000000018 84.075000000000017
decision_type=2 2 2 2 2 2 2 2 2 2 2 2 2 2 2 2 2 2 2 2 2 2 2 2 2 2 2 2 2 2
left_child=2 -2 3 4 9 8 -7 -5 -6 13 -11 20 -13 16 15 -15 19 18 -16 21 29 22 -1 24 -18 26 27 -26 -29 -4
right_child=1 -3 11 7 5 6 -8 -9 -10 10 -12 12 -14 14 17 -17 23 -19 -20 -21 -22 -23 -24 -25 25 -27 -28 28 -30 -31
leaf_value=0 7.6944229864616386e-06 0.0031829384843765117 -5.0040869981096117e-05 0.00023365246562371186 0.00036293723475778881 0.0011299425739218617 5.0428624677840833e-05 0.0010193757920192099 0 0 0.00046505210462783003 0 0.0001993826530501553 0 0 0.00034665315560244075 -1.4538784174861588e-05 -2.5513356946353911e-05 0.00019295115662874981 -4.1788058420337212e-05 7.3852384605825971e-05 0 0.00021749395292093712 -1.9526584923326926e-05 0 1.0354669161459934e-05 0 0.00024226253598884373 0 0
leaf_weight=86 105 51 8646 60 105 60 52 52 258 71 61 739 94 53 97 78 142 241 100 1891 54 333 68 171 63 322 112 169 51 346
leaf_count=86 105 51 8646 60 105 60 52 52 258 71 61 739 94 53 97 78 142 241 100 1891 54 333 68 171 63 322 112 169 51 346
internal_value=2.02708e-06 0.00109126 -9.36234e-06 5.53415e-05 3.96204e-05 0.000254768 0.000677869 0.000648493 0.000108984 1.34769e-05 0.000239 -4.0628e-05 1.68104e-05 4.67648e-06 7.38285e-05 0.0002193 -5.42072e-06 1.85299e-05 9.75194e-05 -2.66047e-05 -4.64711e-05 2.20704e-05 9.77332e-05 3.86163e-05 5.6014e-05 7.69513e-05 0.000118451 0.00015931 0.000194813 -4.77578e-05
internal_weight=14731 156 14575 4696 4584 475 112 112 363 4109 132 9879 833 3977 569 131 3408 438 197 2378 9046 487 154 1030 859 717 395 283 220 8992
internal_count=14731 156 14575 4696 4584 475 112 112 363 4109 132 9879 833 3977 569 131 3408 438 197 2378 9046 487 154 1030 859 717 395 283 220 8992
is_linear=0
shrinkage=0.05


end of trees

feature_importances:
pct_forest=25
total_tp_next_48h=21
last_osi=17
gust_mean_next_48h=16
cumul_tp_since_onset=15
pct_wetland=14
gust_last_obs=13
min_t2m_next_6h=13
cumul_gust_since_onset=13
last_R_t=11
pre_event_mean_osi=11
gust_peak4h_mean_next_24h=11
mslma_t=10
min_t2m_next_24h=10
pct_unmapped=10
last_P_t=9
pressure_change_6h=9
log_customers=9
last_N_t=8
tree_canopy_pct=8
frac_zero_72h=7
min_t2m_next_48h=7
wind_speed_max_next_6h=6
gust_max_next_24h=6
gust_gt30_next_48h=6
t2m_at_t6h=6
t2m_at_t24h=6
pop_density=6
osi_mean_72h=5
outage_pct_mean_72h=5
storm_onset_mean_osi=5
gust_max_last6h_obs=5
pct_forest_classified=5
last_D_t=4
gust_max_obs=4
soil_moist_t=4
gust_gt30_next_24h=4
t2m_at_t48h=4
hours_since_obs=4
tree_canopy_std=4
N_t_max_72h=3
R_t_mean_72h=3
R_t_max_72h=3
hours_since_peak=3
gust_gt40_obs=3
gust_trend_last6h_obs=3
blh_t=3
gust_mean_next_24h=3
wind_speed_max_next_24h=3
gust_max_next_48h=3
temp_change_6h=3
gust_gt30_since_onset=3
gust_at_t48h=3
pct_developed=3
pct_water=3
forest_x_customers=3
gust_mean_obs=2
t2m_t=2
sp_t=2
diffuse_rad_t=2
gust_x_hso=2
min_t2m_next_1h=2
gust_max_next_6h=2
wind_speed_max_next_48h=2
gust_peak4h_mean_next_48h=2
wind_speed_at_t24h=2
rural_urban_code=2
pct_agriculture=2
tp_rate_next_48h=2
osi_max_72h=1
osi_std_72h=1
outage_pct_max_72h=1
N_t_mean_72h=1
pre_event_max_outage_pct=1
osi_trend_last6h=1
wind_sin_t=1
d2m_t=1
r2_t=1
vpd_t=1
dewpoint_c_t=1
total_tp_next_24h=1
gust_gt40_next_48h=1
gust_change_3h=1
pressure_change_3h=1
t2m_at_t1h=1
wind_speed_at_t6h=1
tp_at_t6h=1
gust_at_t24h=1
hour_cos=1

parameters:
[boosting: gbdt]
[objective: huber]
[metric: rmse]
[tree_learner: serial]
[device_type: cpu]
[data_sample_strategy: bagging]
[data: ]
[valid: ]
[num_iterations: 2000]
[learning_rate: 0.05]
[num_leaves: 31]
[num_threads: -1]
[seed: 42]
[deterministic: 0]
[force_col_wise: 0]
[force_row_wise: 0]
[histogram_pool_size: -1]
[max_depth: -1]
[min_data_in_leaf: 50]
[min_sum_hessian_in_leaf: 0.001]
[bagging_fraction: 0.8]
[pos_bagging_fraction: 1]
[neg_bagging_fraction: 1]
[bagging_freq: 5]
[bagging_seed: 42]
[bagging_by_query: 0]
[feature_fraction: 0.8]
[feature_fraction_bynode: 1]
[feature_fraction_seed: 42]
[extra_trees: 0]
[extra_seed: 12879]
[early_stopping_round: 0]
[early_stopping_min_delta: 0]
[first_metric_only: 0]
[max_delta_step: 0]
[lambda_l1: 0.1]
[lambda_l2: 1]
[linear_lambda: 0]
[min_gain_to_split: 0]
[drop_rate: 0.1]
[max_drop: 50]
[skip_drop: 0.5]
[xgboost_dart_mode: 0]
[uniform_drop: 0]
[drop_seed: 42]
[top_rate: 0.2]
[other_rate: 0.1]
[min_data_per_group: 100]
[max_cat_threshold: 32]
[cat_l2: 10]
[cat_smooth: 10]
[max_cat_to_onehot: 4]
[top_k: 20]
[monotone_constraints: ]
[monotone_constraints_method: basic]
[monotone_penalty: 0]
[feature_contri: ]
[forcedsplits_filename: ]
[refit_decay_rate: 0.9]
[cegb_tradeoff: 1]
[cegb_penalty_split: 0]
[cegb_penalty_feature_lazy: ]
[cegb_penalty_feature_coupled: ]
[path_smooth: 0]
[interaction_constraints: ]
[verbosity: -1]
[saved_feature_importance_type: 0]
[use_quantized_grad: 0]
[num_grad_quant_bins: 4]
[quant_train_renew_leaf: 0]
[stochastic_rounding: 1]
[linear_tree: 0]
[max_bin: 255]
[max_bin_by_feature: ]
[min_data_in_bin: 3]
[bin_construct_sample_cnt: 200000]
[data_random_seed: 42]
[is_enable_sparse: 1]
[enable_bundle: 1]
[use_missing: 1]
[zero_as_missing: 0]
[feature_pre_filter: 1]
[pre_partition: 0]
[two_round: 0]
[header: 0]
[label_column: ]
[weight_column: ]
[group_column: ]
[ignore_column: ]
[categorical_feature: ]
[forcedbins_filename: ]
[precise_float_parser: 0]
[parser_config_file: ]
[objective_seed: 16083]
[num_class: 1]
[is_unbalance: 0]
[scale_pos_weight: 1]
[sigmoid: 1]
[boost_from_average: 1]
[reg_sqrt: 0]
[alpha: 0.9]
[fair_c: 1]
[poisson_max_delta_step: 0.7]
[tweedie_variance_power: 1.5]
[lambdarank_truncation_level: 30]
[lambdarank_norm: 1]
[label_gain: ]
[lambdarank_position_bias_regularization: 0]
[eval_at: ]
[multi_error_top_k: 1]
[auc_mu_weights: ]
[num_machines: 1]
[local_listen_port: 12400]
[time_out: 120]
[machine_list_filename: ]
[machines: ]
[gpu_platform_id: -1]
[gpu_device_id: -1]
[gpu_device_id_list: ]
[gpu_use_dp: 0]
[num_gpu: 1]

end of parameters

pandas_categorical:[]
