tree
version=v4
num_class=1
num_tree_per_iteration=1
label_index=0
max_feature_idx=162
objective=huber
feature_names=last_osi last_P_t last_N_t last_D_t last_R_t last_outage_pct osi_mean_72h osi_max_72h osi_std_72h outage_pct_mean_72h outage_pct_max_72h N_t_mean_72h N_t_max_72h R_t_mean_72h R_t_max_72h pre_event_mean_osi pre_event_max_outage_pct storm_onset_max_osi storm_onset_mean_osi osi_trend_last6h is_worsening frac_zero_72h hours_since_peak gust_mean_obs gust_max_obs gust_gt30_obs gust_gt40_obs cumul_gust_obs gust_last_obs gust_max_last6h_obs gust_trend_last6h_obs gust_t wind_speed_t wind_sin_t wind_cos_t t2m_t d2m_t tp_t rain_t csnow_t sdwe_t r2_t vpd_t soil_moist_t blh_t tcc_t lcc_t mcc_t hcc_t sp_t mslma_t sdswrf_t direct_rad_t diffuse_rad_t et0_t temp_c_t dewpoint_c_t icing_risk_t gust_exceed_30 soil_moist_x_gust is_snowing gust_x_hso gust_x_phase soil_gust_x_phase gust_exceed30_x_hso gust_max_next_1h gust_mean_next_1h wind_speed_max_next_1h total_tp_next_1h min_t2m_next_1h gust_gt30_next_1h gust_gt40_next_1h gust_peak4h_mean_next_1h gust_max_next_6h gust_mean_next_6h wind_speed_max_next_6h total_tp_next_6h min_t2m_next_6h gust_gt30_next_6h gust_gt40_next_6h gust_peak4h_mean_next_6h gust_max_next_24h gust_mean_next_24h wind_speed_max_next_24h total_tp_next_24h min_t2m_next_24h gust_gt30_next_24h gust_gt40_next_24h gust_peak4h_mean_next_24h gust_max_next_48h gust_mean_next_48h wind_speed_max_next_48h total_tp_next_48h min_t2m_next_48h gust_gt30_next_48h gust_gt40_next_48h gust_peak4h_mean_next_48h gust_change_1h gust_change_3h pressure_change_3h pressure_change_6h temp_change_6h wind_change_1h cumul_gust_since_onset cumul_tp_since_onset gust_gt30_since_onset gust_at_t1h wind_speed_at_t1h t2m_at_t1h tp_at_t1h gust_at_t6h wind_speed_at_t6h t2m_at_t6h tp_at_t6h gust_at_t24h wind_speed_at_t24h t2m_at_t24h tp_at_t24h gust_at_t48h wind_speed_at_t48h t2m_at_t48h tp_at_t48h hour_of_day hour_sin hour_cos days_since_onset hours_since_obs storm_phase log_customers rural_urban_code is_metro pop_density n_utilities pct_forest pct_developed pct_agriculture pct_water pct_wetland pct_unmapped pct_forest_classified tree_canopy_pct tree_canopy_std forest_x_customers window_len_next_1h is_full_next_1h tp_rate_next_1h gust_gt30_frac_next_1h has_weather_at_t1h window_len_next_6h is_full_next_6h tp_rate_next_6h gust_gt30_frac_next_6h has_weather_at_t6h window_len_next_24h is_full_next_24h tp_rate_next_24h gust_gt30_frac_next_24h has_weather_at_t24h window_len_next_48h is_full_next_48h tp_rate_next_48h gust_gt30_frac_next_48h has_weather_at_t48h
feature_infos=[0:0.55230000000000001] [0:0.82424180700000005] [0:0.065400654000000003] [0:0.90465771100000003] [0:0.058582058999999999] [0:82.420000000000002] [4.1666666666666669e-06:0.26529999999999998] [0.0001:0.65049999999999997] [1.9982631347136334e-05:0.22470370552747407] [0.00083333333333333328:39.644861111111112] [0.02:100] [3.1208333333333337e-06:0.018623942125000001] [7.4900000000000005e-05:0.37916412199999999] [3.1208333333333337e-06:0.017093115180555556] [7.4900000000000005e-05:0.18675781699999999] [0:0.38653749999999998] [0:100] [0:0.59799999999999998] [0:0.20940416666666664] [-0.055854285714285697:0.019237142857142855] [0:1] [0:0.95833333333333337] [0:71] [13.03611111111111:31.258333333333326] [29.100000000000001:70] [0:35] [0:17] [938.59999999999991:2250.5999999999995] [3.8999999999999999:47.5] [15.4:64.5] [-6.477142857142856:3.3114285714285714] [0.59999999999999998:58.299999999999997] [0:38] [-0.99999999953664132:0.99999999987412524] [-0.99999999369183823:1] [259.42265909999998:298.4303941] [257.33913039999999:289.74666669999999] [0:11.300000000000001] [0:11.300000000000001] [0:2.52] [0:0.089999999999999997] [15:100] [0:2.5] [0.16700000000000001:0.52300000000000002] [10:3015] [0:100] [0:100] [0:100] [0:100] [884.60000000000002:1027.2] [986.70000000000005:1031.8] [0:863] [0:737] [0:463] [0:0.59999999999999998] [-13.727340900000002:25.280394100000024] [-15.81086959999999:16.596666700000014] [0:1] [0:28.299999999999997] [0.19259999999999999:23.550000000000001] [0:1] [0.80000000000000004:3819.7999999999997] [0:107.59999999999999] [0:47.100000000000001] [0:1689.7999999999997] [1.2:58.299999999999997] [0.89999999999999991:54.5] [0:38] [0:14.699999999999999] [259.42265909999998:298.21689659999998] [0:2] [0:2] [0.89999999999999991:54.5] [2.7999999999999998:58.299999999999997] [2.0571428571428569:49.328571428571429] [0.40000000000000002:38] [0:26.699999999999999] [259.42265909999998:296.40927479999999] [0:7] [0:7] [2.5999999999999996:52.550000000000004] [8.3000000000000007:58.299999999999997] [4.5520000000000005:43.052] [5:38] [0:34.399999999999999] [259.42265909999998:286.57337899999999] [0:25] [0:19] [7.5:52.550000000000004] [10.1:58.299999999999997] [5.3392857142857135:37.897959183673471] [5.2000000000000002:38] [0:37.399999999999999] [259.42265909999998:282.77648069999998] [0:42] [0:22] [9.375:52.550000000000004] [-24.299999999999997:28.199999999999999] [-32:33.399999999999999] [-6.1999999999999318:10.599999999999909] [-10.899999999999977:14.599999999999909] [-20.027499999999975:21.845291299999985] [-15.300000000000001:28.000000000000004] [347.09999999999997:4155.3000000000002] [0:40.299999999999997] [0:61] [0.59999999999999998:58.299999999999997] [0:38] [259.42265909999998:298.4303941] [0:11.300000000000001] [0.90000000000000002:58.299999999999997] [0:38] [259.42265909999998:298.4303941] [0:11.300000000000001] [0.90000000000000002:58.299999999999997] [0:38] [259.42265909999998:298.4303941] [0:11.300000000000001] [0.90000000000000002:53.799999999999997] [0:33.799999999999997] [259.42265909999998:296.58327589999999] [0:11.300000000000001] [0:23] [-1:1] [-1:1] [1:5] [1:120] [0:3] [7.1180162044653335:13.453719692845613] [1:9] [0:1] [8.3691524328166658:11939.655837338518] [1:11] [0.96999999999999997:88.719999999999999] [2.21:86.629999999999995] [0.080000000000000002:87.469999999999999] [0.01:5.5099999999999998] [0:16.82] [1.8899999999999999:17.02] [0.98868616858628067:95.299005138296707] [2.2000000000000002:81.680000000000007] [12.65:40.350000000000001] [8.0679963363985543:931.7442536362413] none none [0:7.3499999999999996] [0:1] none none none [0:3.8142857142857141] [0:1] none none none [0:1.3759999999999999] [0:1] none [25:49] [0:1] [0:0.76326530612244892] [0:0.8571428571428571] [0:1]
tree_sizes=2924 2982 2958 2985 2983 2968 2931 2950 2924 2945

Tree=0
num_leaves=31
num_cat=0
split_feature=0 126 126 103 140 50 19 1 155 17 131 0 92 6 99 103 83 88 47 77 29 29 132 0 140 126 14 9 85 104
split_gain=0.585572 1.13629 0.187263 0.148335 0.184458 0.48978 0.716802 0.12995 0.0959303 0.0560854 0.0377167 0.0427618 0.0442123 0.0356055 0.0179099 0.015238 0.0116809 0.00970516 0.00873662 0.0113068 0.00784617 0.00953291 0.0077614 0.00655651 0.00626866 0.00916294 0.022112 0.005788 0.00498225 0.00563763
threshold=0.20185000000000003 23.500000000000004 42.500000000000007 2098.5000000000005 71.610000000000014 1004.85 -0.0021257142857142846 0.072925425000000016 1.0000000180025095e-35 0.023850000000000007 93.410858925704943 0.11260000000000002 15.150000000000004 0.0079743055555555574 0.30000000000001142 767.50000000000011 18.350000000000005 49.875000000000007 99.500000000000014 286.38917780000008 18.500000000000004 19.950000000000006 4.5000000000000009 0.025450000000000004 74.425000000000011 81.500000000000014 0.018653307000000004 0.12513888888888891 272.65582355000004 1.8500000000000005
decision_type=2 2 2 2 2 2 2 2 2 2 2 2 2 2 2 2 2 2 2 2 2 2 2 2 2 2 2 2 2 2
left_child=3 -2 -3 4 7 6 -6 14 10 27 -9 -12 -13 18 15 20 -4 -17 19 -7 -1 -22 -19 -16 -5 26 -26 -8 -10 -30
right_child=1 2 16 24 5 13 9 8 28 -11 11 12 -14 -15 23 17 -18 22 -20 -21 21 -23 -24 -25 25 -27 -28 -29 29 -31
leaf_value=0.0048380624993785114 0.011851491092876414 0.0076616067964974935 0.0047227213807740052 0.0046248406290278115 0.011883381086678167 0.0047059862972133057 0.0048380624993785114 0.0049736402566605744 0.0047985475385296473 0.0072044909345537166 0.0055418843060996772 0.0070173512974690544 0.0051662199651892251 0.0059725469135138111 0.004641809348175591 0.0047815736696712376 0.0054621765940697786 0.005659898355504971 0.0054561162128533439 0.0052055208408521274 0.0058397180371697333 0.0050078703594768487 0.0048510921791131284 0.0049469189383580464 0.0047270207878071331 0.0046805667444723403 0.0059899092853807562 0.0054863691325479592 0.0049302976011831182 0.0054621607924345665
leaf_weight=96 83 74 248 7894 67 576 59 137 409 50 290 141 51 78 2714 3729 66 55 55 138 72 101 92 166 90 391 50 67 305 69
leaf_count=96 83 74 248 7894 67 576 59 137 409 50 290 141 51 78 2714 3729 66 55 55 138 72 101 92 166 90 391 50 67 305 69
internal_value=0.0048351 0.00657321 0.00541611 0.00478909 0.00492399 0.00553578 0.00751061 0.00484419 0.00528407 0.00578733 0.00574943 0.00595884 0.0065558 0.00496083 0.00475706 0.00482493 0.00486376 0.00479848 0.00485037 0.00480991 0.00518626 0.00538658 0.005191 0.00466116 0.00463613 0.00481344 0.00514756 0.00517139 0.00490912 0.00504316
internal_weight=18413 471 388 17942 9517 1090 243 8427 1402 176 619 482 192 847 7025 4145 314 3876 769 714 269 173 147 2880 8425 531 140 126 783 374
internal_count=18413 471 388 17942 9517 1090 243 8427 1402 176 619 482 192 847 7025 4145 314 3876 769 714 269 173 147 2880 8425 531 140 126 783 374
is_linear=0
shrinkage=1


Tree=1
num_leaves=31
num_cat=0
split_feature=0 126 133 50 126 103 5 84 133 50 131 128 3 99 126 19 103 88 90 83 141 88 73 129 15 116 30 0 24 42
split_gain=0.529361 1.02643 0.439423 1.00063 0.16923 0.100081 0.110712 0.0797071 0.047578 0.14038 0.101083 0.0372076 0.05498 0.0173017 0.016364 0.0142485 0.0133623 0.0124277 0.0117275 0.0105617 0.0100497 0.00878806 0.00875818 0.00695187 0.00607589 0.00593567 0.00589071 0.00587216 0.00572187 0.00692543
threshold=0.20185000000000003 23.500000000000004 88.200000000000003 1011.35 42.500000000000007 2061.2500000000005 7.2950000000000008 0.15000000000000005 79.305000000000021 1004.0500000000001 35.133458222840027 10.133735740856517 0.18851152100000004 0.30000000000001142 20.500000000000004 0.01497714285714285 767.50000000000011 36.51250000000001 28.263265306122452 18.350000000000005 38.860000000000007 49.875000000000007 23.350000000000005 3.5000000000000004 0.0010604166666666668 279.81119775000008 0.31428571428571334 0.025450000000000004 32.300000000000004 0.12500000000000003
decision_type=2 2 2 2 2 2 2 2 2 2 2 2 2 2 2 2 2 2 2 2 2 2 2 2 2 2 2 2 2 2
left_child=2 -2 5 -4 -3 6 8 11 13 10 -10 15 -13 16 -14 -8 20 -11 25 -6 24 28 -5 -23 -1 -19 -9 -15 29 -18
right_child=1 4 3 22 19 -7 7 26 9 17 -12 12 14 27 -16 -17 21 18 -20 -21 -22 23 -24 -25 -26 -27 -28 -29 -30 -31
leaf_value=-3.8352461379219397e-05 0.0066669319898244889 0.0026842495709657674 0.008253186406173672 -0.00010605949628485467 -0.00010959722449414875 -0.00019600338968162783 0.000106344528196964 1.7174331019473007e-05 0.0031198792478672288 -0.00010694089518956042 0.00052567351181436372 0.00068774235565905221 0.0023999172621356549 -0.00019230522276023331 0.0010065995121155591 0.00093757972802047292 0.00047946008058290961 0.00023149620799574867 -5.6364236777134904e-05 0.00059337414418861496 0.00081619411000783423 0.00078147785816846797 0.00066778847993157137 1.2385198968977124e-05 0.00055693435337690817 0.0011109494607245442 0.00049348100643041299 9.8346975767985532e-05 -7.0760484268078864e-05 -1.6011196841692509e-05
leaf_weight=141 83 74 51 94 248 8546 201 649 67 552 98 269 92 2628 50 78 106 60 77 66 77 55 52 92 54 52 75 162 3409 155
leaf_count=141 83 74 51 94 248 8546 201 649 67 552 98 269 92 2628 50 78 106 60 77 66 77 55 52 92 54 52 75 162 3409 155
internal_value=-2.55884e-06 0.00165002 -4.63092e-05 0.00229537 0.000549576 -7.27155e-05 4.12861e-05 0.000448366 -3.20582e-05 0.000307233 0.00162165 0.000833241 0.00114131 -7.75095e-05 0.00195475 0.000359109 -1.06909e-05 6.02003e-06 0.00036108 2.37027e-05 0.000325452 -3.60331e-05 0.000138212 0.000337261 0.000102986 0.00069028 7.40247e-05 -0.000173608 -5.2435e-05 0.000167193
internal_weight=18413 471 17942 197 388 17745 9199 1414 7785 906 165 690 411 6879 142 279 4089 741 189 314 272 3817 146 147 195 112 724 2790 3670 261
internal_count=18413 471 17942 197 388 17745 9199 1414 7785 906 165 690 411 6879 142 279 4089 741 189 314 272 3817 146 147 195 112 724 2790 3670 261
is_linear=0
shrinkage=0.05


Tree=2
num_leaves=31
num_cat=0
split_feature=0 126 133 50 126 103 1 155 133 50 142 128 7 99 126 135 103 88 90 104 88 106 133 129 105 128 0 30 88 4
split_gain=0.478545 0.929176 0.397305 0.90487 0.164743 0.0906397 0.0992952 0.0736533 0.0448188 0.125342 0.083288 0.0334773 0.0382333 0.0155913 0.0153742 0.0128105 0.0121677 0.0110098 0.0109322 0.00954985 0.00807431 0.00799883 0.00644132 0.0062228 0.00573954 0.00568948 0.00524289 0.00520835 0.00530834 0.00478152
threshold=0.20185000000000003 22.500000000000004 88.200000000000003 1011.35 42.500000000000007 2087.0500000000006 0.072925425000000016 0.006000000000000001 79.305000000000021 1004.0500000000001 779.97322007526816 10.133735740856517 0.12555000000000002 0.30000000000001142 21.500000000000004 14.975000000000003 767.50000000000011 37.037500000000009 28.263265306122452 14.350000000000003 49.875000000000007 18.750000000000004 32.930000000000007 3.5000000000000004 9.5000000000000018 9.8445599271542132 0.025450000000000004 0.31428571428571334 47.462500000000006 0.021025441500000002
decision_type=2 2 2 2 2 2 2 2 2 2 2 2 2 2 2 2 2 2 2 2 2 2 2 2 2 2 2 2 2 2
left_child=2 -2 5 -4 -3 6 8 11 13 10 -10 15 -13 16 -14 -8 22 -11 24 -6 29 -5 -1 -22 -19 -24 -15 28 -9 -18
right_child=1 4 3 21 19 -7 7 27 9 17 -12 12 14 26 -16 -17 20 18 -20 -21 23 -23 25 -25 -26 -27 -28 -29 -30 -31
leaf_value=0 0.0064860449344851081 0.0025931381464853322 0.0078484628171337622 -9.4049879260956477e-05 0.00041398786566937949 -0.00018795433242902856 0.00089129412763927398 -2.1488660813821829e-05 0.0027051952723413709 -9.5255997592667811e-05 0.00042176039026247617 0.0006486793719818521 0.0020543834940415988 -0.00018227947984444853 0.00080521632206033585 0.00010105362603738259 -5.9735102519960413e-05 0.00018278010492524897 -5.3582156680745238e-05 -0.00016066399636450069 0.00074310169816141889 0.00065102363913205872 0.00067480532922115435 1.1772598489038518e-05 0.0010527665199271854 0 8.9456488825045673e-05 0.00045642299480581038 0.00047976293192110268 0.00035727309209329151
leaf_weight=93 79 78 51 96 108 8416 78 607 79 561 93 244 113 2682 54 201 3648 55 77 206 55 50 123 92 55 56 164 77 56 66
leaf_count=93 79 78 51 96 108 8416 78 607 79 561 93 244 113 2682 54 201 3648 55 77 206 55 50 123 92 55 56 164 77 56 66
internal_value=-2.15568e-06 0.00156909 -4.37666e-05 0.00218283 0.000551463 -6.88889e-05 3.79966e-05 0.000421468 -3.08369e-05 0.000295916 0.00150902 0.000793398 0.00108595 -7.46634e-05 0.00168742 0.000342232 -1.1334e-05 8.64797e-06 0.000345804 2.18007e-05 -3.52997e-05 0.000129792 0.000309424 0.000322355 0.000668384 0.000484431 -0.000164839 6.73176e-05 1.3978e-05 -5.08845e-05
internal_weight=18413 471 17942 197 392 17745 9329 1430 7899 920 172 690 411 6979 167 279 4133 748 187 314 3861 146 272 147 110 179 2846 740 663 3714
internal_count=18413 471 17942 197 392 17745 9329 1430 7899 920 172 690 411 6979 167 279 4133 748 187 314 3861 146 272 147 110 179 2846 740 663 3714
is_linear=0
shrinkage=0.05


Tree=3
num_leaves=31
num_cat=0
split_feature=0 126 133 50 126 126 1 84 133 91 56 128 7 41 77 33 156 29 19 83 94 112 110 77 30 4 1 88 0 88
split_gain=0.432617 0.839385 0.359224 0.818268 0.149336 0.0801055 0.073602 0.0844728 0.0399757 0.092025 0.0337201 0.0301097 0.0344681 0.0211466 0.014978 0.013083 0.0122625 0.0154571 0.011514 0.010565 0.0092643 0.00918131 0.00862724 0.00810545 0.00652387 0.00628447 0.00830784 0.00712727 0.00502515 0.00499055
threshold=0.20185000000000003 22.500000000000004 88.200000000000003 1011.35 41.500000000000007 66.500000000000014 0.072925425000000016 0.15000000000000005 79.305000000000021 14.450000000000001 10.560091600000023 10.133735740856517 0.12555000000000002 79.500000000000014 277.60907575000004 0.21980195364932137 0.060000000000000005 24.550000000000004 0.01497714285714285 18.350000000000005 7.5000000000000009 273.39888575000003 17.650000000000002 286.15223645000009 0.74857142857142944 0.0024794665000000007 0.0060492005000000008 43.712500000000006 0.026950000000000005 47.462500000000006
decision_type=2 2 2 2 2 2 2 2 2 2 2 2 2 2 2 2 2 2 2 2 2 2 2 2 2 2 2 2 2 2
left_child=2 -2 5 -4 -3 6 8 11 15 -10 21 18 -13 -12 -14 28 -17 20 -8 -6 -18 -11 -5 -23 29 -19 27 -27 -1 -9
right_child=1 4 3 22 19 -7 7 24 9 10 13 12 14 -15 -16 16 17 25 -20 -21 -22 23 -24 -25 -26 26 -28 -29 -30 -31
leaf_value=-0.00015100136789443432 0.0061657965332269672 0.0025491739507462526 0.0074635860455097057 -0.00011717788208443381 -9.7340355015767285e-05 -0.00018333363738165851 9.602595630201562e-05 -2.6058268869728717e-05 0.0020254160377033777 0.00051542367875663335 0.0017137664375146485 0.00061637779098593309 0.0019654868348714031 0.0001378529962533446 0.00073890489005399033 -0.00019311400390560355 0.0006470568689608176 -6.1192029450910792e-05 0.0008472935769845484 0.00058771026319935659 0.00014617742001928128 -0.00014366779582443081 0.00065677545684313663 0.00028939958815131305 0.00056261043821524996 4.5152947877476546e-05 2.5147669051420963e-05 0.00097284826368445026 3.842013041601222e-05 0.00045619564125796362
leaf_weight=3616 79 73 51 95 249 7944 201 903 69 79 50 244 113 50 54 642 143 1544 78 70 376 532 51 130 54 56 419 50 342 56
leaf_count=3616 79 73 51 95 249 7944 201 903 69 79 50 244 113 50 54 642 143 1544 78 70 376 532 51 130 54 56 419 50 342 56
internal_value=-1.77743e-06 0.00149215 -4.13545e-05 0.00207581 0.000524252 -6.52561e-05 2.99481e-05 0.000328897 -3.23361e-05 0.000278575 0.000127082 0.000755501 0.0010333 0.000984481 0.00160539 -7.24262e-05 7.1869e-07 5.07896e-05 0.000326191 3.87261e-05 0.000294779 3.46402e-06 0.000121791 -5.07746e-05 3.2929e-05 -8.11144e-06 0.00013831 0.000534476 -0.000133365 0
internal_weight=18413 471 17942 197 392 17745 9801 1703 8098 910 841 690 411 100 167 7188 3230 2588 279 319 519 741 146 662 1013 2069 525 106 3958 959
internal_count=18413 471 17942 197 392 17745 9801 1703 8098 910 841 690 411 100 167 7188 3230 2588 279 319 519 741 146 662 1013 2069 525 106 3958 959
is_linear=0
shrinkage=0.05


Tree=4
num_leaves=31
num_cat=0
split_feature=0 126 133 50 126 103 1 61 131 0 139 50 18 85 33 21 104 21 88 24 21 110 101 81 110 88 74 6 8 59
split_gain=0.39111 0.758245 0.324782 0.739953 0.134956 0.075142 0.0834312 0.0593832 0.0364203 0.0366751 0.0353136 0.0969354 0.0828265 0.0161698 0.0119946 0.00988157 0.00967407 0.00941442 0.00938192 0.0103438 0.00820766 0.00782351 0.00782125 0.00733278 0.0102894 0.00663531 0.00606808 0.00561618 0.00528569 0.00503762
threshold=0.20185000000000003 22.500000000000004 88.200000000000003 1011.35 41.500000000000007 2048.9500000000003 0.072925425000000016 300.75000000000006 100.14236344882157 0.11260000000000002 84.467414954242443 1004.4500000000002 0.0058562500000000012 277.4744980000001 -0.13566256157423215 0.4513888888888889 12.350000000000003 0.39583333333333343 29.437500000000004 32.300000000000004 0.40972222222222227 17.650000000000002 2.7199519999999784 41.050000000000004 25.150000000000002 49.875000000000007 22.700000000000006 0.0019979166666666674 0.031606173575554959 6.9616500000000006
decision_type=2 2 2 2 2 2 2 2 2 2 2 2 2 2 2 2 2 2 2 2 2 2 2 2 2 2 2 2 2 2
left_child=2 -2 5 -4 -3 6 10 8 -8 -10 14 12 17 -11 -1 20 -6 -12 -16 22 28 -5 -20 -13 -25 29 -24 -27 -9 -21
right_child=1 4 3 21 16 -7 7 15 9 13 11 23 -14 -15 18 -17 -18 -19 19 25 -22 -23 26 24 -26 27 -28 -29 -30 -31
leaf_value=-0.00014628026402852386 0.0058613602314144383 0.0024234375838391685 0.0070975835986721988 -0.00011138001674519652 0.00050477561104686605 -0.00016769068920563282 0.00016641039021260705 0.00030391612652821558 0.00064018580980477861 0.0021390278725740837 0.00097014224957514452 -8.6466175343730497e-05 0.0028722832254527274 0.0008048340126347635 -0.00017899189957763033 -5.0248680344953914e-05 -0.00011168935060703594 6.8346696250562276e-05 3.784647056936134e-05 3.9523548290580521e-05 0.00064759313416184571 0.00062456819552398192 0.0010804640785243142 0.00088032880332320938 3.0104839284195993e-05 0.00072158008041202403 0.00020880450354833071 1.3601914065423013e-05 -6.6454273379955945e-05 -9.3876328078049232e-05
leaf_weight=2829 79 73 51 95 84 8624 172 211 223 96 68 585 56 51 680 385 235 73 138 1562 121 51 50 50 165 56 64 86 143 1257
leaf_count=2829 79 73 51 95 84 8624 172 211 223 96 68 585 56 51 680 385 235 73 138 1562 121 51 50 50 165 56 64 86 143 1257
internal_value=-1.39451e-06 0.00141905 -3.90386e-05 0.00197404 0.000498427 -6.17789e-05 3.78211e-05 0.000392729 0.000803918 0.00108555 -2.60356e-05 0.000250443 0.001241 0.00171849 -6.78176e-05 0.000127144 3.60851e-05 0.000542236 -9.49269e-06 2.4869e-05 0.000281234 0.000114184 0.000331765 0 0.00025414 0 0.000640661 0.000330863 0.000140453 -1.8199e-05
internal_weight=18413 471 17942 197 392 17745 9121 1402 542 370 7719 997 197 147 6722 860 319 141 3893 3213 475 146 252 800 215 2961 114 142 354 2819
internal_count=18413 471 17942 197 392 17745 9121 1402 542 370 7719 997 197 147 6722 860 319 141 3893 3213 475 146 252 800 215 2961 114 142 354 2819
is_linear=0
shrinkage=0.05


Tree=5
num_leaves=31
num_cat=0
split_feature=0 126 133 50 126 103 5 33 139 50 129 131 3 21 104 99 103 141 50 155 22 86 82 91 81 0 110 16 43 9
split_gain=0.446514 0.80856 0.269251 0.58306 0.134702 0.0694362 0.0733937 0.0508132 0.0353654 0.109385 0.0747889 0.0318475 0.0244573 0.0172556 0.0183917 0.0109522 0.00959273 0.00951643 0.00850064 0.00679365 0.00681842 0.00879164 0.00963838 0.00678117 0.00578192 0.00575656 0.00489226 0.00419457 0.00369292 0.00361874
threshold=0.20185000000000003 21.500000000000004 88.200000000000003 1013.1500000000002 43.500000000000007 2037.3500000000001 7.2950000000000008 -0.87288316636904828 84.467414954242443 1003.2500000000001 7.5000000000000009 100.14236344882157 0.18851152100000004 0.4513888888888889 1.8500000000000005 0.30000000000001142 790.00000000000011 38.590000000000011 1003.5500000000001 0.006000000000000001 6.5000000000000009 4.5000000000000009 29.094000000000005 18.350000000000005 53.850000000000001 0.025450000000000004 16.950000000000003 0.99500000000000011 0.35350000000000004 1.8806944444444447
decision_type=2 2 2 2 2 2 2 2 2 2 2 2 2 2 2 2 2 2 2 2 2 2 2 2 2 2 2 2 2 2
left_child=2 -2 5 -4 -3 6 8 11 15 10 -10 -8 -13 14 29 16 17 27 -16 -11 -21 -22 -23 -6 -18 -17 -5 -1 -26 -9
right_child=1 4 3 26 23 -7 7 13 9 19 -12 12 -14 -15 18 25 24 -19 -20 20 21 22 -24 -25 28 -27 -28 -29 -30 -31
leaf_value=-7.915502110107214e-05 0.0058734390529236579 0.0022160239239315412 0.0061716751420701097 -0.00011151552601365003 -9.9017945415490961e-05 -0.0001593371306063266 2.0683526730186542e-05 0.00028942077354967064 4.0371138092058781e-05 -0.00013051188656638488 0.002325888236728977 0.00062939149347451947 0.0017278057619208292 -1.6247195735274406e-05 0.00016797068302716633 -0.00016225642770744981 -4.9309332408761661e-05 0.00065411130480545884 0.0010845683864722758 -5.5750537306701755e-05 0 0.0010151101715008346 0.00011923369302530773 0.0004704223012363814 2.2845655698802145e-05 0.00012722855887312273 0.00047846054965952601 0.00040097030142697198 0.00056419441723608277 0
leaf_weight=150 86 90 54 91 240 8751 85 286 64 381 96 122 123 478 51 2516 3496 101 114 183 112 69 79 65 111 164 50 60 60 138
leaf_count=150 86 90 54 91 240 8751 85 286 64 381 96 122 123 478 51 2516 3496 101 114 183 112 69 79 65 111 164 50 60 60 138
internal_value=1.70959e-06 0.0015038 -3.82665e-05 0.001804 0.000527381 -5.88413e-05 3.79064e-05 0.000371206 -2.2409e-05 0.000256212 0.00144867 0.000916743 0.00120595 0.000197101 0.000378451 -6.43701e-05 -1.03629e-05 0.00025393 0.000834095 1.71313e-05 0.00015538 0.000322785 0.000574473 7.13904e-06 -3.4204e-05 -0.000142636 6.43807e-05 3.55772e-05 0.000244038 0.000187827
internal_weight=18466 481 17985 195 395 17790 9039 1397 7642 984 160 330 245 1067 589 6658 3978 311 165 824 443 260 148 305 3667 2680 141 210 171 424
internal_count=18466 481 17985 195 395 17790 9039 1397 7642 984 160 330 245 1067 589 6658 3978 311 165 824 443 260 148 305 3667 2680 141 210 171 424
is_linear=0
shrinkage=0.05


Tree=6
num_leaves=31
num_cat=0
split_feature=0 62 94 139 56 76 18 103 1 33 77 12 128 6 120 116 136 139 56 28 84 19 63 139 136 105 24 100 0 104
split_gain=0.403656 0.726692 0.0978736 0.0872829 0.271058 0.105905 0.117439 0.0535076 0.0775096 0.0549 0.0289759 0.0257989 0.0170234 0.0140057 0.0135323 0.0124594 0.0108389 0.010015 0.0168757 0.00889415 0.00802443 0.0114081 0.00798974 0.00641098 0.00548395 0.00534439 0.0052806 0.00635503 0.00527766 0.00456027
threshold=0.20185000000000003 12.950000000000001 13.500000000000002 87.760506709764101 11.56088625000004 6.0500000000000016 0.0042979166666666678 1877.0500000000002 0.072925425000000016 -0.87288316636904828 289.58762570000005 0.055071705000000006 10.133735740856517 0.012175694444444446 271.00386900000007 294.83137495000005 0.6100000000000001 83.777273392101407 9.5939341500000257 44.050000000000004 0.15000000000000005 -0.0021257142857142846 6.2994000000000012 36.925551598832506 1.6650000000000003 19.500000000000004 32.300000000000004 -6.8500000000000218 0.025450000000000004 14.450000000000005
decision_type=2 2 2 2 2 2 2 2 2 2 2 2 2 2 10 2 2 2 2 2 2 2 2 2 2 2 2 2 2 2
left_child=3 -2 29 7 5 10 -7 8 14 11 20 -10 -11 25 15 17 -13 19 -19 26 -5 -22 -23 -17 -18 -14 27 -1 -16 -3
right_child=1 2 -4 4 -6 6 -8 -9 9 12 -12 16 13 -15 28 23 24 18 -20 -21 21 22 -24 -25 -26 -27 -28 -29 -30 -31
leaf_value=0.00063979645936827496 0.0052533639630660267 0.0002751200649399092 0.0019024477091928325 -0.0001129476901846699 0.0038847933405878189 0.00010609221381841169 0.0034186682508040508 -0.00015191131655842318 0.00030315222875894202 0 0.00095826773401709294 0.00068482488772133373 0.00039169816550269868 0.0010426250086165965 -0.00014809417179382904 3.6241436235806241e-05 0.0020557316371672594 5.6404186418014296e-05 0.0010238297547273819 0.00055753108527369479 0.00079079791939171455 0.00063924379932779217 -7.6834142476370549e-06 0.00089114046802545781 0.0010102320085290837 0 -5.272855505673947e-05 0 0.00011641740120178893 -0.00014076806487433327
leaf_weight=59 98 97 86 666 51 62 51 8956 107 489 84 67 262 79 2471 55 70 215 61 63 61 51 427 60 51 108 3029 148 182 200
leaf_count=59 98 97 86 666 51 62 51 8956 107 489 84 67 262 79 2471 55 70 215 61 63 61 51 427 60 51 108 3029 148 182 200
internal_value=1.8108e-06 0.00143001 0.000427553 -3.6185e-05 0.000334637 0.000199254 0.00166188 -6.90973e-05 2.81489e-05 0.000391111 6.59677e-05 0.000989181 0.000196841 0.000418838 -4.16689e-05 1.90835e-05 0.00134951 1.13201e-06 0.000291194 -2.17008e-05 0 0.000146262 5.20922e-05 0.000529216 0.00166794 0.000269723 -3.4691e-05 0.000204196 -0.000128027 0
internal_weight=18466 481 383 17985 1453 1402 113 16532 7576 1233 1289 295 938 449 6343 3690 188 3575 276 3299 1205 539 478 115 121 370 3236 207 2653 297
internal_count=18466 481 383 17985 1453 1402 113 16532 7576 1233 1289 295 938 449 6343 3690 188 3575 276 3299 1205 539 478 115 121 370 3236 207 2653 297
is_linear=0
shrinkage=0.05


Tree=7
num_leaves=31
num_cat=0
split_feature=0 61 133 84 94 103 1 33 139 76 142 134 3 104 21 118 36 33 88 29 140 41 35 41 104 4 136 140 90 12
split_gain=0.364837 0.664727 0.232547 0.480144 0.114829 0.0572089 0.0615135 0.0422336 0.0270045 0.0717442 0.0684117 0.0255665 0.0215317 0.0146639 0.0122508 0.011303 0.0110607 0.00918827 0.00742304 0.00877745 0.00811634 0.00741209 0.00687324 0.0062708 0.00580131 0.00538236 0.0114083 0.00962458 0.00767639 0.00505116
threshold=0.20185000000000003 226.45000000000002 88.200000000000003 7.7500000000000018 15.500000000000002 2023.7500000000002 0.072925425000000016 -0.87288316636904828 84.467414954242443 1.6500000000000006 779.97322007526816 9.1550000000000029 0.18851152100000004 1.8500000000000005 0.4513888888888889 14.850000000000003 282.50005470000002 -0.15808518729904306 30.187500000000007 24.550000000000004 31.525000000000002 43.500000000000007 283.69834275000005 81.500000000000014 14.450000000000005 0.0012481850000000004 0.30500000000000005 9.5150000000000023 26.940816326530616 0.033766664000000009
decision_type=2 2 2 2 2 2 2 2 2 2 2 2 2 2 2 8 2 2 2 2 2 2 2 2 2 2 2 2 2 2
left_child=2 -2 5 15 24 6 8 11 17 16 -11 -8 -13 29 22 -4 -10 -1 -19 20 -20 -22 -15 -23 -3 -21 27 -27 -29 -9
right_child=1 4 3 -5 -6 -7 7 13 9 10 -12 12 -14 14 -16 -17 -18 18 19 25 21 23 -24 -25 -26 26 -28 28 -30 -31
leaf_value=-0.00012775098996752269 0.0054078965900199762 0.00031952141363757983 0.00078760744857729657 0.0058541207764681216 0.0020306376883539781 -0.00014379162593816455 1.3348189921045382e-05 0.00039155541740222588 -2.1290028269449283e-05 0.0024625519792880368 0.00032060574244046329 0.00056263103820325345 0.001595431469625614 0.0011200704967181776 0 -0.00010261715506506637 0.00072259505821901547 -0.0001452919588827918 0 -6.675386262546859e-05 0.00085234081273323254 6.7459380951822014e-05 0.00033971466308618651 0.00068121426227541338 -0.00013376467824391557 0 -5.4971470109322069e-05 0.0001645801589376788 0.00087350977099105742 1.8772187667354004e-05
leaf_weight=2715 83 106 50 50 92 8820 82 110 756 63 106 124 121 83 71 95 52 780 266 1662 67 221 81 59 200 141 501 99 96 714
leaf_count=2715 83 106 50 50 92 8820 82 110 756 63 106 124 121 83 71 95 52 780 266 1662 67 221 81 59 200 141 501 99 96 714
internal_value=1.98537e-06 0.00135978 -3.41238e-05 0.00167794 0.000491608 -5.32644e-05 3.51977e-05 0.00034156 -2.01695e-05 0.000224018 0.00115828 0.000841706 0.00109745 0.000181759 0.000532965 0.000173402 2.12373e-05 -5.70634e-05 -6.44828e-06 2.67812e-05 0.000196701 0.00035577 0.000769349 0.000216544 7.49867e-06 -1.29617e-05 8.7837e-05 0.000315143 0.000541778 7.50118e-05
internal_weight=18466 481 17985 195 398 17790 8970 1386 7584 977 169 327 245 1059 235 145 808 6607 3892 3112 613 347 164 280 306 2499 837 336 195 824
internal_count=18466 481 17985 195 398 17790 8970 1386 7584 977 169 327 245 1059 235 145 808 6607 3892 3112 613 347 164 280 306 2499 837 336 195 824
is_linear=0
shrinkage=0.05


Tree=8
num_leaves=31
num_cat=0
split_feature=0 126 126 139 56 50 91 126 1 128 0 28 81 84 100 87 93 21 139 141 83 50 138 100 67 16 131 14 93 22
split_gain=0.329825 0.604956 0.107774 0.0727117 0.22924 0.0877619 0.15473 0.0447238 0.0769375 0.0397304 0.0231308 0.016761 0.0158285 0.0153921 0.0138161 0.0118453 0.0115512 0.00906015 0.0155822 0.00891925 0.00702637 0.00693413 0.00932797 0.00506914 0.0050136 0.00507429 0.00422381 0.00528261 0.00683199 0.00421526
threshold=0.20185000000000003 20.500000000000004 41.500000000000007 87.760506709764101 11.56088625000004 1008.0500000000001 14.450000000000001 38.500000000000007 0.072925425000000016 10.133735740856517 0.11260000000000002 31.350000000000005 38.250000000000007 17.050000000000004 0.90000000000003422 1.5000000000000002 265.52609160000003 0.57638888888888895 83.777273392101407 33.720000000000006 18.350000000000005 1016.5500000000001 4.6400000000000015 5.8500000000000236 13.050000000000002 0.4200000000000001 45.337641366573386 0.0082561165000000023 267.65480355000005 1.0000000180025095e-35
decision_type=2 2 2 2 2 2 2 2 2 2 2 2 2 2 2 2 2 2 2 2 2 2 2 2 2 2 2 2 2 2
left_child=3 -2 -3 7 5 6 -5 8 12 23 -11 -8 -1 29 -12 -7 -17 18 24 26 -4 -21 -23 -10 25 -15 27 -14 -29 -9
right_child=1 2 20 4 -6 15 11 13 9 10 14 -13 19 17 -16 16 -18 -19 -20 21 -22 22 -24 -25 -26 -27 -28 28 -30 -31
leaf_value=-0.00012099742889217838 0.0052119362563258272 0.0020459764331665843 -8.1309936095682079e-05 0.0031569928443605025 0.0035713892634689375 -5.7195600423713919e-05 0.00076115924023337786 7.0828120266772846e-06 0 0.00047963253657508175 0.00069591677182220986 -0.00014163520552273794 0 3.9969398095438792e-05 0.0016961586855332108 0 0.00094264889396482993 -0.00010425764162397472 0.0010464903570634001 7.5408539241055095e-05 0.00046892924290905537 0.00083604673220179389 0.00015375110437417113 0.00046306227602770664 -1.4165047541915677e-05 0.00064371173254757375 -4.5430067256239596e-05 0.00086183186582974706 0 -0.00014088294771335088
leaf_weight=2297 81 85 242 63 51 1038 93 438 350 329 97 97 152 104 93 50 61 315 53 384 73 95 156 76 237 73 1076 51 50 10106
leaf_count=2297 81 85 242 63 51 1038 93 438 350 329 97 97 152 104 93 50 61 315 53 384 73 95 156 76 237 73 1076 51 50 10106
internal_value=2.08811e-06 0.0012931 0.000476051 -3.22314e-05 0.000306181 0.000181379 0.0010225 -6.22937e-05 5.83576e-05 0.000466596 0.00076138 0.000275752 -3.10962e-05 -0.000118193 0.001218 -2.09743e-07 0.000483795 9.19863e-05 0.00023498 7.15115e-05 3.14634e-05 0.000225522 0.000434125 9.48066e-05 0.000116772 0.000319278 0 0.000181168 0.000459574 -0.000134262
internal_weight=18466 481 400 17985 1453 1402 253 16532 5206 945 519 190 4261 11326 190 1149 111 782 467 1964 315 635 251 426 414 177 1329 253 101 10544
internal_count=18466 481 400 17985 1453 1402 253 16532 5206 945 519 190 4261 11326 190 1149 111 782 467 1964 315 635 251 426 414 177 1329 253 101 10544
is_linear=0
shrinkage=0.05


Tree=9
num_leaves=31
num_cat=0
split_feature=0 126 133 50 126 126 5 61 131 139 91 138 0 85 42 15 84 85 85 117 81 138 8 104 89 110 17 77 24 104
split_gain=0.298201 0.546427 0.201059 0.451011 0.0975382 0.0473273 0.0447357 0.0456415 0.0320774 0.0193397 0.0629528 0.0652566 0.0143375 0.011766 0.0136835 0.0114292 0.0104511 0.00985531 0.00981536 0.00918176 0.0084978 0.00781864 0.00750801 0.00718324 0.00684109 0.0061301 0.00481041 0.00456878 0.00577606 0.00647257
threshold=0.20185000000000003 20.500000000000004 88.200000000000003 1011.7500000000001 40.500000000000007 66.500000000000014 13.645000000000001 262.35000000000008 100.14236344882157 84.467414954242443 15.050000000000002 5.9500000000000002 0.028450000000000003 272.92869220000006 0.27500000000000008 0.00093958333333333339 0.15000000000000005 276.51027335000009 281.41319815000003 0.25000000000000006 53.850000000000001 5.3600000000000003 0.012361670566801151 12.150000000000004 39.850000000000001 17.150000000000002 0.00035000000000000005 277.2960447000001 32.300000000000004 0.25000000000000006
decision_type=2 2 2 2 2 2 2 2 2 2 2 2 2 2 2 2 2 2 2 2 2 2 2 2 2 2 2 2 2 2
left_child=2 -2 5 -4 -3 6 9 8 -8 12 11 -11 18 14 -12 -9 24 -10 20 -16 27 26 -18 -6 -14 -5 -20 -1 29 -29
right_child=1 4 3 25 23 -7 7 15 17 10 13 -13 16 -15 19 -17 22 -19 21 -21 -22 -23 -24 -25 -26 -27 -28 28 -30 -31
leaf_value=-0.00012817644194085043 0.0049545173474201346 0.0019803627083324884 0.0055546001527601715 -0.00011163092701156673 0.000448648877863012 -0.00013837266076899897 0.00013111594516123016 -3.3892907508470173e-05 0.0017214702356606723 0.0025463783733377402 0 0.0001795564328629989 0 -8.7538795181486522e-05 0.00094448204940764742 0.00043818315362236838 0.00045148140927552281 0.00070496707094236399 0.00012926648371708202 3.6227024866792975e-06 0.00029192267295265683 0 -4.8974967609000698e-05 -8.4956465915435157e-05 0.00038853298676865509 0.00054538146368976611 0.00083868140858671272 -6.2186778751228383e-05 -5.9785945719698446e-05 0.00046723423298807693
leaf_weight=3340 81 82 51 94 82 8018 92 365 99 54 171 73 164 563 93 184 82 62 73 51 144 165 771 236 399 50 61 87 2565 114
leaf_count=3340 81 82 51 94 82 8018 92 365 99 54 171 73 164 563 93 184 82 62 73 51 144 165 771 236 399 50 61 87 2565 114
internal_value=2.18465e-06 0.00122976 -3.04348e-05 0.00156147 0.000452552 -4.82518e-05 2.5188e-05 0.00038283 0.000939975 -6.2703e-06 0.000199605 0.00123702 -3.28965e-05 4.26223e-05 0.000290623 0.000115744 0.000110022 0.00136765 -6.45734e-05 0.000648067 -7.8557e-05 0.000210348 0 3.7941e-05 0.000277017 8.42036e-05 0.000493066 -8.81593e-05 -3.80019e-05 0.000214156
internal_weight=18466 481 17985 195 400 17790 9772 802 253 8970 1005 127 7965 878 315 549 1416 161 6549 144 6250 299 853 318 563 144 134 6106 2766 201
internal_count=18466 481 17985 195 400 17790 9772 802 253 8970 1005 127 7965 878 315 549 1416 161 6549 144 6250 299 853 318 563 144 134 6106 2766 201
is_linear=0
shrinkage=0.05


end of trees

feature_importances:
hours_since_obs=22
last_osi=20
mslma_t=14
gust_peak4h_mean_next_24h=11
cumul_gust_since_onset=11
pct_forest=11
cumul_tp_since_onset=9
pct_forest_classified=9
last_P_t=8
frac_zero_72h=6
wind_sin_t=6
total_tp_next_24h=6
log_customers=6
pop_density=6
min_t2m_next_6h=5
min_t2m_next_24h=5
gust_at_t6h=5
osi_trend_last6h=4
gust_max_obs=4
gust_max_last6h_obs=4
dewpoint_c_t=4
gust_max_next_24h=4
wind_speed_max_next_24h=4
wind_speed_max_next_48h=4
pressure_change_3h=4
tree_canopy_pct=4
last_D_t=3
last_R_t=3
last_outage_pct=3
osi_mean_72h=3
gust_trend_last6h_obs=3
r2_t=3
gust_x_hso=3
gust_mean_next_48h=3
gust_gt30_next_48h=3
pressure_change_6h=3
rural_urban_code=3
pct_water=3
pct_unmapped=3
tree_canopy_std=3
tp_rate_next_24h=3
osi_max_72h=2
osi_std_72h=2
outage_pct_mean_72h=2
N_t_max_72h=2
R_t_max_72h=2
pre_event_mean_osi=2
pre_event_max_outage_pct=2
storm_onset_max_osi=2
storm_onset_mean_osi=2
hours_since_peak=2
gust_last_obs=2
vpd_t=2
total_tp_next_6h=2
min_t2m_next_48h=2
gust_gt30_since_onset=2
t2m_at_t24h=2
forest_x_customers=2
t2m_t=1
d2m_t=1
soil_moist_t=1
mcc_t=1
soil_moist_x_gust=1
gust_x_phase=1
soil_gust_x_phase=1
wind_speed_max_next_1h=1
gust_max_next_6h=1
gust_mean_next_6h=1
gust_mean_next_24h=1
gust_gt30_next_24h=1
gust_gt40_next_24h=1
gust_max_next_48h=1
total_tp_next_48h=1
temp_change_6h=1
gust_at_t1h=1
t2m_at_t6h=1
tp_at_t24h=1
gust_at_t48h=1
t2m_at_t48h=1
n_utilities=1
pct_developed=1
pct_agriculture=1
gust_gt30_frac_next_24h=1

parameters:
[boosting: gbdt]
[objective: huber]
[metric: rmse]
[tree_learner: serial]
[device_type: cpu]
[data_sample_strategy: bagging]
[data: ]
[valid: ]
[num_iterations: 2000]
[learning_rate: 0.05]
[num_leaves: 31]
[num_threads: -1]
[seed: 42]
[deterministic: 0]
[force_col_wise: 0]
[force_row_wise: 0]
[histogram_pool_size: -1]
[max_depth: -1]
[min_data_in_leaf: 50]
[min_sum_hessian_in_leaf: 0.001]
[bagging_fraction: 0.8]
[pos_bagging_fraction: 1]
[neg_bagging_fraction: 1]
[bagging_freq: 5]
[bagging_seed: 42]
[bagging_by_query: 0]
[feature_fraction: 0.8]
[feature_fraction_bynode: 1]
[feature_fraction_seed: 42]
[extra_trees: 0]
[extra_seed: 12879]
[early_stopping_round: 0]
[early_stopping_min_delta: 0]
[first_metric_only: 0]
[max_delta_step: 0]
[lambda_l1: 0.1]
[lambda_l2: 1]
[linear_lambda: 0]
[min_gain_to_split: 0]
[drop_rate: 0.1]
[max_drop: 50]
[skip_drop: 0.5]
[xgboost_dart_mode: 0]
[uniform_drop: 0]
[drop_seed: 42]
[top_rate: 0.2]
[other_rate: 0.1]
[min_data_per_group: 100]
[max_cat_threshold: 32]
[cat_l2: 10]
[cat_smooth: 10]
[max_cat_to_onehot: 4]
[top_k: 20]
[monotone_constraints: ]
[monotone_constraints_method: basic]
[monotone_penalty: 0]
[feature_contri: ]
[forcedsplits_filename: ]
[refit_decay_rate: 0.9]
[cegb_tradeoff: 1]
[cegb_penalty_split: 0]
[cegb_penalty_feature_lazy: ]
[cegb_penalty_feature_coupled: ]
[path_smooth: 0]
[interaction_constraints: ]
[verbosity: -1]
[saved_feature_importance_type: 0]
[use_quantized_grad: 0]
[num_grad_quant_bins: 4]
[quant_train_renew_leaf: 0]
[stochastic_rounding: 1]
[linear_tree: 0]
[max_bin: 255]
[max_bin_by_feature: ]
[min_data_in_bin: 3]
[bin_construct_sample_cnt: 200000]
[data_random_seed: 42]
[is_enable_sparse: 1]
[enable_bundle: 1]
[use_missing: 1]
[zero_as_missing: 0]
[feature_pre_filter: 1]
[pre_partition: 0]
[two_round: 0]
[header: 0]
[label_column: ]
[weight_column: ]
[group_column: ]
[ignore_column: ]
[categorical_feature: ]
[forcedbins_filename: ]
[precise_float_parser: 0]
[parser_config_file: ]
[objective_seed: 16083]
[num_class: 1]
[is_unbalance: 0]
[scale_pos_weight: 1]
[sigmoid: 1]
[boost_from_average: 1]
[reg_sqrt: 0]
[alpha: 0.9]
[fair_c: 1]
[poisson_max_delta_step: 0.7]
[tweedie_variance_power: 1.5]
[lambdarank_truncation_level: 30]
[lambdarank_norm: 1]
[label_gain: ]
[lambdarank_position_bias_regularization: 0]
[eval_at: ]
[multi_error_top_k: 1]
[auc_mu_weights: ]
[num_machines: 1]
[local_listen_port: 12400]
[time_out: 120]
[machine_list_filename: ]
[machines: ]
[gpu_platform_id: -1]
[gpu_device_id: -1]
[gpu_device_id_list: ]
[gpu_use_dp: 0]
[num_gpu: 1]

end of parameters

pandas_categorical:[]
