tree
version=v4
num_class=1
num_tree_per_iteration=1
label_index=0
max_feature_idx=162
objective=huber
feature_names=last_osi last_P_t last_N_t last_D_t last_R_t last_outage_pct osi_mean_72h osi_max_72h osi_std_72h outage_pct_mean_72h outage_pct_max_72h N_t_mean_72h N_t_max_72h R_t_mean_72h R_t_max_72h pre_event_mean_osi pre_event_max_outage_pct storm_onset_max_osi storm_onset_mean_osi osi_trend_last6h is_worsening frac_zero_72h hours_since_peak gust_mean_obs gust_max_obs gust_gt30_obs gust_gt40_obs cumul_gust_obs gust_last_obs gust_max_last6h_obs gust_trend_last6h_obs gust_t wind_speed_t wind_sin_t wind_cos_t t2m_t d2m_t tp_t rain_t csnow_t sdwe_t r2_t vpd_t soil_moist_t blh_t tcc_t lcc_t mcc_t hcc_t sp_t mslma_t sdswrf_t direct_rad_t diffuse_rad_t et0_t temp_c_t dewpoint_c_t icing_risk_t gust_exceed_30 soil_moist_x_gust is_snowing gust_x_hso gust_x_phase soil_gust_x_phase gust_exceed30_x_hso gust_max_next_1h gust_mean_next_1h wind_speed_max_next_1h total_tp_next_1h min_t2m_next_1h gust_gt30_next_1h gust_gt40_next_1h gust_peak4h_mean_next_1h gust_max_next_6h gust_mean_next_6h wind_speed_max_next_6h total_tp_next_6h min_t2m_next_6h gust_gt30_next_6h gust_gt40_next_6h gust_peak4h_mean_next_6h gust_max_next_24h gust_mean_next_24h wind_speed_max_next_24h total_tp_next_24h min_t2m_next_24h gust_gt30_next_24h gust_gt40_next_24h gust_peak4h_mean_next_24h gust_max_next_48h gust_mean_next_48h wind_speed_max_next_48h total_tp_next_48h min_t2m_next_48h gust_gt30_next_48h gust_gt40_next_48h gust_peak4h_mean_next_48h gust_change_1h gust_change_3h pressure_change_3h pressure_change_6h temp_change_6h wind_change_1h cumul_gust_since_onset cumul_tp_since_onset gust_gt30_since_onset gust_at_t1h wind_speed_at_t1h t2m_at_t1h tp_at_t1h gust_at_t6h wind_speed_at_t6h t2m_at_t6h tp_at_t6h gust_at_t24h wind_speed_at_t24h t2m_at_t24h tp_at_t24h gust_at_t48h wind_speed_at_t48h t2m_at_t48h tp_at_t48h hour_of_day hour_sin hour_cos days_since_onset hours_since_obs storm_phase log_customers rural_urban_code is_metro pop_density n_utilities pct_forest pct_developed pct_agriculture pct_water pct_wetland pct_unmapped pct_forest_classified tree_canopy_pct tree_canopy_std forest_x_customers window_len_next_1h is_full_next_1h tp_rate_next_1h gust_gt30_frac_next_1h has_weather_at_t1h window_len_next_6h is_full_next_6h tp_rate_next_6h gust_gt30_frac_next_6h has_weather_at_t6h window_len_next_24h is_full_next_24h tp_rate_next_24h gust_gt30_frac_next_24h has_weather_at_t24h window_len_next_48h is_full_next_48h tp_rate_next_48h gust_gt30_frac_next_48h has_weather_at_t48h
feature_infos=[0:0.55230000000000001] [0:0.82424180700000005] [0:0.065400654000000003] [0:0.90465771100000003] [0:0.058582058999999999] [0:82.420000000000002] [4.1666666666666669e-06:0.26529999999999998] [0.0001:0.65049999999999997] [1.9982631347136334e-05:0.22470370552747407] [0.00083333333333333328:39.644861111111112] [0.02:100] [3.1208333333333337e-06:0.018623942125000001] [7.4900000000000005e-05:0.37916412199999999] [3.1208333333333337e-06:0.017093115180555556] [7.4900000000000005e-05:0.18675781699999999] [0:0.38653749999999998] [0:100] [0:0.59799999999999998] [0:0.20940416666666664] [-0.055854285714285697:0.019237142857142855] [0:1] [0:0.95833333333333337] [0:71] [13.769444444444444:31.258333333333326] [29.100000000000001:70] [0:35] [0:18] [991.39999999999998:2250.5999999999995] [3.5:47.5] [15.6:64.5] [-6.477142857142856:3.3114285714285714] [0.90000000000000002:58.299999999999997] [0:38] [-0.99999999953664132:0.99999999987412524] [-0.99999999369183823:1] [259.85092730000002:298.4303941] [257.33913039999999:289.8677619] [0:11.300000000000001] [0:11.300000000000001] [0:2.6600000000000001] [0:0.080000000000000002] [15:100] [0:2.5] [0.17000000000000001:0.52300000000000002] [10:3090] [0:100] [0:100] [0:100] [0:100] [884.60000000000002:1022.4] [986.70000000000005:1031.5999999999999] [0:863] [0:731] [0:454] [0:0.60999999999999999] [-13.299072699999954:25.280394100000024] [-15.81086959999999:16.717761900000028] [0:1] [0:28.299999999999997] [0.24840000000000004:23.550000000000001] [0:1] [1.6000000000000001:3819.7999999999997] [0:107.59999999999999] [0:47.100000000000001] [0:1689.7999999999997] [1.3999999999999999:58.299999999999997] [1.2999999999999998:54.400000000000006] [0:38] [0:14.699999999999999] [259.85092730000002:298.21776599999998] [0:2] [0:2] [1.2999999999999998:54.400000000000006] [2.2000000000000002:58.299999999999997] [2.0571428571428569:49.328571428571429] [0.40000000000000002:38] [0:25.200000000000003] [259.85092730000002:296.40927479999999] [0:7] [0:7] [2.1500000000000004:52.024999999999999] [2.2000000000000002:58.299999999999997] [2.1500000000000004:42.796000000000006] [0.5:38] [0:51.199999999999996] [259.85092730000002:288.3249495] [0:25] [0:19] [2.1500000000000004:52.024999999999999] [2.2000000000000002:58.299999999999997] [2.1500000000000004:37.651020408163269] [0.5:38] [0:52.900000000000006] [259.85092730000002:288.3249495] [0:42] [0:22] [2.1500000000000004:52.024999999999999] [-24.299999999999997:23.800000000000001] [-32:35.700000000000003] [-6.1000000000000227:9.3000000000000682] [-10.600000000000023:13.700000000000045] [-20.027499999999975:21.845291299999985] [-15.300000000000001:28.000000000000004] [348.89999999999998:4446.2999999999993] [0:53.200000000000003] [0:61] [0.90000000000000002:58.299999999999997] [0:38] [259.85092730000002:298.4303941] [0:11.300000000000001] [0.90000000000000002:58.299999999999997] [0:38] [259.85092730000002:298.4303941] [0:11.300000000000001] [0.90000000000000002:58.299999999999997] [0:38] [259.85092730000002:298.4303941] [0:11.300000000000001] [0.90000000000000002:53.799999999999997] [0:34.299999999999997] [259.85092730000002:296.58327589999999] [0:11.300000000000001] [0:23] [-1:1] [-1:1] [1:6] [1:143] [0:3] [7.9247959139564355:13.272345954174847] [1:9] [0:1] [8.3691524328166658:3138.2235042681623] [1:14] [2.4399999999999999:88.719999999999999] [2.21:77.180000000000007] [0.040000000000000001:85.829999999999998] [0.01:5.5099999999999998] [0:19.780000000000001] [1.9299999999999999:18.32] [2.5641025641025643:95.815074496056084] [2.71:81.680000000000007] [13.6:40.350000000000001] [23.724227923039628:931.74929212165569] none none [0:7.3499999999999996] [0:1] none [2:7] [0:1] [0:3.6000000000000005] [0:1] [0:1] [2:25] [0:1] [0:2.048] [0:1] [0:1] [2:49] [0:1] [0:1.0795918367346939] [0:0.8571428571428571] [0:1]
tree_sizes=3049 2758 2814 2844 2920 2799 2817 2800 2765 2795 2834 2762 2796 2806 2777 2829 2799 2760 2790 2764 2747

Tree=0
num_leaves=31
num_cat=0
split_feature=2 75 50 98 134 128 68 85 58 29 2 49 151 104 22 139 90 51 131 89 136 128 99 139 49 99 50 119 0 122
split_gain=0.00904271 0.0121405 0.00561685 0.0025947 0.00351048 0.00190828 0.00562898 0.000952131 0.000861221 0.00107206 0.000742381 0.00432456 0.000771193 0.00081291 0.000621595 0.000591387 0.000802244 0.000392814 0.000378406 0.000532241 0.000809359 0.00100428 0.000361407 0.000319634 0.000475713 0.000280761 0.000218184 0.000289084 0.000167631 0.000139921
threshold=0.048280649000000009 12.250000000000002 1011.4500000000002 15.650000000000004 8.3400000000000016 8.3844366951598737 0.75000000000000011 266.15860680000009 3.1500000000000026 28.450000000000003 0.0059917800000000012 990.95000000000016 0.78571428571428581 4.1500000000000012 8.5000000000000018 83.777273392101407 19.846938775510207 40.500000000000007 87.127452563964752 38.650000000000013 0.19000000000000003 9.1911065815618631 2.1999999999999891 89.033414029013926 972.6500000000002 -2.1999999999999882 996.05000000000007 6.0500000000000007 0.089450000000000016 8.5000000000000018
decision_type=2 2 2 2 2 2 2 2 2 2 2 2 2 2 2 2 2 2 2 2 2 2 2 2 2 2 2 10 2 2
left_child=2 -2 3 5 -5 6 -1 -7 15 14 12 -12 22 -14 -10 26 17 -17 19 -11 -21 -22 -4 28 -25 -16 27 -9 -24 -28
right_child=1 -3 10 4 -6 7 -8 8 9 18 11 -13 13 -15 25 16 -18 -19 -20 20 21 -23 23 24 -26 -27 29 -29 -30 -31
leaf_value=0.0006570026631282504 0.0006570026631282504 0.0016744524993443891 0.00063084616829831345 0.0012163642011971418 0.00071101690942536344 0.00065254467284317757 0.0012984033405642761 0.00073312912690747477 0.0010380986031421698 0.0006570026631282504 0.0006570026631282504 0.0011293979239990542 0.0006570026631282504 0.00089142855152505001 0.00080278987192793766 0.00089213188351270061 0.0006570026631282504 0.0006570026631282504 0.00067980108487214995 0.0006570026631282504 0.0006570026631282504 0.00095991609355452014 0.0006406769825216829 0.0006570026631282504 0.00080317448348586834 0.0006570026631282504 0.00063823883647456839 0.0006570026631282504 0.00067296052372978329 0.00066673839715075851
leaf_weight=128 66 50 12284 57 157 1599 50 225 50 107 697 50 155 54 90 91 127 76 919 87 58 99 2183 100 82 67 761 161 343 864
leaf_count=128 66 50 12284 57 157 1599 50 225 50 107 697 50 155 54 90 91 127 76 919 87 58 99 2183 100 82 67 761 161 343 864
internal_value=0.000656853 0.00109499 0.000654263 0.000696246 0.00087085 0.000688588 0.000853461 0.000682169 0.000696014 0.000727031 0.000638751 0.000684598 0.000636167 0.000725673 0.000841565 0.000673949 0.000741347 0.000813304 0.000704299 0.000753988 0.000794644 0.000862388 0.000634582 0.000653375 0.000713499 0.000745313 0.000661573 0.000695949 0.000647044 0.000656464
internal_weight=21837 116 21721 5773 214 5559 178 5381 3782 1477 15948 747 15201 209 207 2305 294 167 1270 351 244 157 14992 2708 182 157 2011 386 2526 1625
internal_count=21837 116 21721 5773 214 5559 178 5381 3782 1477 15948 747 15201 209 207 2305 294 167 1270 351 244 157 14992 2708 182 157 2011 386 2526 1625
is_linear=0
shrinkage=1


Tree=1
num_leaves=31
num_cat=0
split_feature=2 67 58 133 23 138 58 68 46 33 2 34 122 88 58 35 18 66 116 104 140 116 133 104 128 115 116 84 96 4
split_gain=0.00816107 0.0114388 0.00472497 0.00251183 0.00190119 0.00228899 0.00267844 0.00127584 0.00107195 0.00167607 0.000714939 0.00404336 0.000564044 0.000618906 0.000505033 0.000488268 0.000618951 0.000450417 0.000379505 0.000607385 0.000339131 0.000304339 0.000466219 0.0002653 0.000276051 0.000247853 0.000541133 0.000148657 0.000242876 0.000145898
threshold=0.048280649000000009 10.65 0.44999999999999934 88.64500000000001 22.734027777777783 4.745000000000001 8.8499999999999996 1.5500000000000003 85.500000000000014 -0.011005993334297746 0.0059917800000000012 -0.99261335566694531 17.500000000000004 31.662500000000009 6.2500000000000009 274.57645635000006 0.06209375000000001 32.57500000000001 268.25199900000001 4.8500000000000014 16.940000000000001 270.06703900000008 80.210000000000022 0.35000000000000009 11.358520261907996 6.8500000000000005 265.61278105000002 1.1500000000000004 31.262500000000006 0.027773778500000002
decision_type=2 2 2 2 2 2 2 2 2 2 2 2 2 2 2 2 2 2 10 2 2 8 2 2 2 10 10 2 2 2
left_child=2 -2 3 7 5 6 8 10 9 -4 21 -12 -9 -14 -6 -16 20 27 -19 -20 -17 22 -1 -22 -25 26 -24 -7 -29 -23
right_child=1 -3 4 -5 14 17 -8 12 -10 -11 11 -13 13 -15 15 16 -18 18 19 -21 23 29 25 24 -26 -27 -28 28 -30 -31
leaf_value=-1.0633680905602644e-05 0 0.0009788781878541711 0.00034205015130573887 0.00023408216357553342 0 0 0.00055196459457077082 9.355720490221874e-06 0 0 0.00042072867933893579 -3.4787628546976091e-07 0.00024216380458165081 0 0 5.2347292748374667e-06 0.0002028877712006699 0 3.4172438688983676e-05 0.0002169042256955584 0 -2.4289729946198132e-05 0 0.00013640451046421017 0 0 0.00019983342964336126 0.00012443368103972255 0 0
leaf_weight=1988 66 50 99 98 1450 281 56 406 123 83 59 720 79 90 317 545 87 85 214 122 71 13727 68 190 58 68 72 68 265 232
leaf_count=1988 66 50 99 98 1450 281 56 406 123 83 59 720 79 90 317 545 87 85 214 122 71 13727 68 190 58 68 72 68 265 232
internal_value=0 0.000416245 -2.45835e-06 -1.39491e-05 4.5496e-05 9.38757e-05 0.000206921 -1.56362e-05 0.000125633 0.000202574 -1.83477e-05 2.56319e-05 5.54294e-05 0.000135997 1.87832e-05 4.18436e-05 6.01342e-05 4.94583e-05 9.19854e-05 0.000115805 3.97614e-05 -2.07793e-05 -9.62243e-07 8.29232e-05 0.000107241 6.71595e-05 0.000105262 1.20665e-05 3.71591e-05 -2.35384e-05
internal_weight=21837 116 21721 17607 4114 1396 361 17509 305 182 16934 779 575 169 2718 1268 951 1035 421 336 864 16155 2196 319 248 208 140 614 333 13959
internal_count=21837 116 21721 17607 4114 1396 361 17509 305 182 16934 779 575 169 2718 1268 951 1035 421 336 864 16155 2196 319 248 208 140 614 333 13959
is_linear=0
shrinkage=0.05


Tree=2
num_leaves=31
num_cat=0
split_feature=2 75 50 133 98 134 50 29 54 133 90 119 142 78 2 128 104 133 100 98 103 19 128 137 132 59 140 133 99 6
split_gain=0.00735583 0.0103719 0.00477384 0.0033514 0.00243123 0.00302718 0.0011073 0.00224255 0.000849284 0.000787477 0.000673316 0.000618804 0.000891922 0.00061531 0.000626674 0.00397394 0.000625356 0.000418637 0.000791946 0.000399494 0.000487612 0.000353715 0.000235784 0.000529459 0.000231257 0.000205854 0.000251331 0.000289797 0.000203107 0.000113906
threshold=0.048280649000000009 12.250000000000002 1011.4500000000002 88.200000000000003 15.650000000000004 8.3400000000000016 993.85000000000002 26.950000000000003 0.33500000000000008 79.980000000000004 20.302040816326535 3.9500000000000006 787.12634431116578 5.5000000000000009 0.0059917800000000012 9.0639842339397667 4.1500000000000012 88.200000000000003 3.8500000000000232 8.5500000000000043 1171.0000000000002 -0.0030385714285714282 9.4851651395396477 1.8100000000000003 6.5000000000000009 9.1332500000000021 17.375000000000004 56.785000000000004 2.1999999999999891 0.0017194444444444447
decision_type=2 2 2 2 2 2 2 2 2 2 2 10 2 2 2 2 2 2 2 2 2 2 2 2 2 2 2 2 2 2
left_child=2 -2 3 4 6 -6 7 -1 9 19 11 12 -11 14 17 -16 -15 28 -19 -8 -21 -10 23 -9 25 -23 -27 -28 -4 -30
right_child=1 -3 13 -5 5 -7 8 22 21 10 -12 -13 -14 16 15 -17 -18 18 -20 20 -22 24 -24 -25 -26 26 27 -29 29 -31
leaf_value=0.0004203451090263746 0 0.00093110684695763197 -2.4395354266708921e-05 0.00043236568399019731 0.00052186192985039989 4.9065559878957329e-05 -3.4338054678111413e-06 0 0 0.00034701481368301759 0 0 0 0 0.00044643528292139168 -6.7877688011981001e-07 0.00020315426071490571 0 0.00021658821154482675 0.00018531497293946498 5.8449055581779038e-06 0 1.1470127342868687e-05 0.00019869416133910301 0 0 0.00026447692131036852 1.9357110598872631e-06 -1.7997728924487922e-05 0
leaf_weight=51 66 50 12147 54 57 157 3758 66 102 63 168 112 55 166 51 682 57 120 50 62 291 71 368 78 50 60 90 60 1202 1473
leaf_count=51 66 50 12147 54 57 157 3758 66 102 63 168 112 55 166 51 682 57 120 50 62 291 71 368 78 50 60 90 60 1202 1473
internal_value=0 0.000395329 -2.19064e-06 3.64975e-05 3.18105e-05 0.000200095 2.43254e-05 9.25966e-05 1.55192e-05 7.85245e-06 7.50393e-05 0.000130434 0.000214535 -1.65102e-05 -1.79295e-05 2.4184e-05 6.0885e-05 -2.03235e-05 4.9119e-05 1.15243e-07 5.19253e-05 8.36332e-05 4.94474e-05 0.000111269 0.00010866 0.000126295 0.000154132 0.000193281 -2.14606e-05 -6.26131e-06
internal_weight=21837 116 21721 5773 5719 214 5505 563 4942 4509 398 230 118 15948 15725 733 223 14992 170 4111 353 433 512 144 331 281 210 150 14822 2675
internal_count=21837 116 21721 5773 5719 214 5505 563 4942 4509 398 230 118 15948 15725 733 223 14992 170 4111 353 433 512 144 331 281 210 150 14822 2675
is_linear=0
shrinkage=0.05


Tree=3
num_leaves=31
num_cat=0
split_feature=58 103 68 128 103 23 93 5 64 105 133 133 131 131 76 107 101 28 53 33 131 44 100 141 53 132 9 108 116 0
split_gain=0.00668507 0.0168912 0.00281232 0.00507467 0.00138237 0.000701548 0.000919606 0.000609136 0.000596681 0.000515849 0.0005324 0.000512101 0.000446406 0.00196725 0.000489728 0.000693978 0.000379073 0.00044892 0.000354024 0.000303199 0.000301413 0.000268612 0.000227028 0.000227579 0.000210105 0.000545561 0.000174054 0.000179249 0.000163997 0.000195794
threshold=5.650000000000003 686.10000000000025 0.8500000000000002 8.451898608804397 1549.7000000000005 22.661111111111115 264.50569910000007 12.795000000000002 5.2000000000000393 4.5000000000000009 79.440000000000012 83.320000000000007 33.15434016127945 32.789184554052362 0.45000000000000007 8.6500000000000004 -2.2101271999999876 25.150000000000002 126.50000000000001 -0.090996311574681313 121.07560815808249 772.50000000000011 -4.1999999999999877 25.805000000000003 40.500000000000007 2.5000000000000004 0.85333333333333339 288.62016045000001 270.06703900000008 0.089450000000000016
decision_type=2 2 2 2 2 2 2 2 2 2 2 2 2 2 2 2 2 2 2 2 2 2 2 2 2 2 2 2 8 2
left_child=2 -2 8 -4 5 6 -3 22 12 -10 -11 -12 13 14 -1 -16 17 20 -8 -9 21 -5 23 -6 25 -23 27 -25 -14 -30
right_child=1 4 3 16 7 -7 18 19 9 10 11 -13 28 -15 15 -17 -18 -19 -20 -21 -22 24 -24 26 -26 -27 -28 -29 29 -31
leaf_value=-1.6372147181485568e-05 0.00086365400270248444 0.00043290818920039154 0.00054263439645133493 0 0 4.8105768313187839e-05 0 0.00018727573406398406 0.00015964124989372745 -1.9328751968645843e-06 0.00019688032310221068 0 -2.14754807838167e-06 0.00023441078988899894 0.00021929485324815486 0 0 5.6917780054837532e-06 0.00017750586298764879 0 0 0.00031598914825577677 -7.5311624455819057e-06 0.00013114348656584254 0 3.3474823332047279e-05 0 0 -2.3520422432843438e-05 -3.9466100978517505e-07
leaf_weight=1449 68 52 54 67 305 260 83 87 58 1763 67 126 1867 89 53 119 314 405 95 57 105 68 532 121 60 89 125 85 11739 1475
leaf_count=1449 68 52 54 67 305 260 83 87 58 1763 67 126 1867 89 53 119 314 405 95 57 105 68 532 121 60 89 125 85 11739 1475
internal_value=0 9.0491e-05 -8.34869e-06 6.63997e-05 5.8079e-05 0.000132526 0.000205692 2.63869e-05 -1.32367e-05 1.10302e-05 3.98926e-06 8.35906e-05 -1.64456e-05 5.59238e-06 -4.02492e-06 7.0585e-05 3.82128e-05 5.68244e-05 0.000109334 0.000126719 9.70886e-05 0.000124671 9.64225e-06 3.1846e-05 0.000152972 0.000188709 6.04943e-05 8.92835e-05 -1.92762e-05 -2.13176e-05
internal_weight=21837 1870 19967 1162 1802 490 230 1312 18805 2014 1956 193 16791 1710 1621 172 1108 794 178 144 389 284 1168 636 217 157 331 206 15081 13214
internal_count=21837 1870 19967 1162 1802 490 230 1312 18805 2014 1956 193 16791 1710 1621 172 1108 794 178 144 389 284 1168 636 217 157 331 206 15081 13214
is_linear=0
shrinkage=0.05


Tree=4
num_leaves=31
num_cat=0
split_feature=2 107 50 133 58 26 145 137 105 11 2 34 74 138 100 133 122 138 108 142 93 115 134 82 136 4 50 133 11 76
split_gain=0.00649599 0.00968225 0.00403742 0.00284926 0.00139789 0.00311976 0.000776714 0.000586074 0.000963424 0.000553026 0.000501576 0.00378571 0.00051873 0.000466643 0.000378092 0.00106048 0.000342005 0.000662191 0.000314679 0.000294585 0.000338307 0.000223796 0.000317503 0.000418504 0.000208454 0.000150885 0.00010492 8.87604e-05 0.000101447 9.27447e-05
threshold=0.048280649000000009 9.9500000000000011 1011.4500000000002 88.200000000000003 8.8499999999999996 1.5000000000000002 1.2750000000000001 0.19500000000000003 5.5000000000000009 0.0044062812152777788 0.0059917800000000012 -0.99261335566694531 35.650000000000013 3.8000000000000003 4.0499999999999554 87.815000000000012 17.500000000000004 4.785000000000001 292.12336575000006 323.09543752232474 266.02545440000006 8.8500000000000032 5.535000000000001 24.986000000000004 1.7850000000000004 0.027773778500000002 993.85000000000002 80.210000000000022 0.0029237876250000007 0.25000000000000006
decision_type=2 2 2 2 2 2 2 2 2 2 2 2 2 2 2 2 2 2 2 2 2 10 2 2 2 2 2 2 2 2
left_child=2 -2 3 4 6 -6 7 8 -1 24 12 -12 14 -11 -4 25 -8 -18 26 -20 -21 22 23 -10 -7 27 -9 28 -16 -29
right_child=1 -3 10 -5 5 9 16 18 21 13 11 -13 -14 -15 15 -17 17 -19 19 20 -22 -23 -24 -25 -26 -27 -28 29 -30 -31
leaf_value=0.00026393603186079421 0 0.00088980233744722715 -2.2487581774130427e-05 0.0003994236309665874 0.00037941246657655114 8.1771176839523402e-06 1.9338062156993257e-05 1.6088722123684074e-05 0.00017426852524703447 0.00028184153680706881 0.00041162307316473497 -3.2357903617728524e-06 8.9352824523265725e-05 2.0191913781673029e-06 -1.7759717582688908e-05 0.00019564698721744489 0.00025059143495257432 3.1131707680471505e-05 0 0.00018362034414167285 0 0 0 0 0.00012274475620900182 5.9446859702889227e-05 -1.2996222539597463e-05 0 0 5.9123381355416561e-05
leaf_weight=50 66 50 11644 54 87 667 352 209 97 53 57 690 97 79 2493 64 83 181 190 63 133 611 235 52 60 62 2517 188 582 71
leaf_count=50 66 50 11644 54 87 667 352 209 97 53 57 690 97 79 2493 64 83 181 190 63 133 611 235 52 60 62 2517 188 582 71
internal_value=2.31114e-08 0.0003718 -1.74919e-06 3.3813e-05 2.94175e-05 8.62925e-05 1.70819e-05 7.93816e-06 4.05616e-05 5.03846e-05 -1.49371e-05 2.22436e-05 -1.70945e-05 0.00015324 -1.8115e-05 -1.95289e-06 7.05705e-05 0.000119682 -1.42002e-06 3.85667e-05 8.16108e-05 2.40629e-05 5.43246e-05 0.00011343 2.46562e-05 -7.20518e-06 -8.92771e-06 -9.96137e-06 -1.31636e-05 8.73094e-06
internal_weight=21837 116 21721 5773 5719 946 4773 4157 1045 859 15948 747 15201 132 15104 3460 616 264 3112 386 196 995 384 149 727 3396 2726 3334 3075 259
internal_count=21837 116 21721 5773 5719 946 4773 4157 1045 859 15948 747 15201 132 15104 3460 616 264 3112 386 196 995 384 149 727 3396 2726 3334 3075 259
is_linear=0
shrinkage=0.05


Tree=5
num_leaves=31
num_cat=0
split_feature=58 105 14 39 68 99 28 140 90 21 142 43 46 140 50 77 118 13 100 30 116 2 50 74 99 120 64 59 4 93
split_gain=0.00600191 0.0146325 0.0163533 0.0034116 0.00132594 0.00122851 0.00143662 0.000993188 0.00095256 0.000781657 0.000704843 0.000634329 0.000958369 0.000504461 0.00033959 0.000302024 0.000284489 0.000239865 0.000317397 0.000441565 0.000235657 0.000227654 0.00153957 0.000137457 0.000131569 0.000137 0.000103007 8.61077e-05 8.27559e-05 8.1498e-05
threshold=3.2500000000000004 7.5000000000000009 0.0020423485000000004 1.1550000000000002 0.35000000000000009 -0.95000000000004536 9.8500000000000032 72.420000000000002 17.884693877551026 0.4513888888888889 781.4490408465889 0.33250000000000007 90.500000000000014 17.960000000000004 994.25000000000011 291.85573360000006 12.65 0.0029375659652777783 3.7500000000000004 -0.78857142857142926 273.04723095000003 0.0059917800000000012 1027.3500000000001 30.421428571428574 -2.9000000000000337 267.08633320000007 15.600000000000003 8.761350000000002 0.027773778500000002 262.80894550000005
decision_type=2 2 2 2 2 2 2 2 2 2 2 2 2 2 2 2 10 2 2 2 8 2 2 2 2 10 2 2 2 2
left_child=3 2 -2 4 15 6 -3 14 10 -8 -9 24 13 -13 16 17 23 21 27 -20 -17 26 -23 -6 25 -11 28 -19 29 -1
right_child=1 5 -4 -5 7 -7 9 8 -10 11 -12 12 -14 -15 -16 20 -18 18 19 -21 -22 22 -24 -25 -26 -27 -28 -29 -30 -31
leaf_value=0 2.4062976576550934e-05 0.00028950476504843855 0.0011542990553498383 0.00029948711561287797 0.00015179996193102045 0 4.2931193483387428e-06 0.00036584531538695354 0 0 3.027211978788775e-05 0 0 0.00026351645818590593 0 0.00011630709795366889 0 -1.7341151042345256e-05 5.8937188091184736e-07 0.00015858570418548508 0 -8.4885056910475835e-06 0.00027416615730936768 0 0 8.905961711696784e-05 0 1.3994727495628465e-05 0 -2.1120733355538406e-05
leaf_weight=450 82 81 64 87 89 1140 629 59 97 79 75 51 93 152 1076 67 80 1018 326 70 102 578 50 54 209 155 877 104 94 13781
leaf_count=450 82 81 64 87 89 1140 629 59 97 79 75 51 93 152 1076 67 80 1018 326 70 102 578 50 54 209 155 877 104 94 13781
internal_value=5.12654e-07 6.99954e-05 0.000558005 -9.161e-06 -1.08489e-05 4.03401e-05 7.08862e-05 3.27669e-05 0.000130594 5.40874e-05 0.000216677 8.965e-05 0.000153164 0.00021424 1.14372e-05 -1.49456e-05 6.74479e-05 -1.58116e-05 1.65321e-07 4.14416e-05 4.41066e-05 -1.76594e-05 6.46682e-06 0.000109616 3.57011e-05 6.17073e-05 -1.89853e-05 -9.97434e-06 -2.00121e-05 -2.04368e-05
internal_weight=21869 2735 146 19134 19047 2589 1449 1530 231 1368 134 739 296 203 1299 17517 223 17348 1518 396 169 15830 628 143 443 234 15202 1122 14325 14231
internal_count=21869 2735 146 19134 19047 2589 1449 1530 231 1368 134 739 296 203 1299 17517 223 17348 1518 396 169 15830 628 143 443 234 15202 1122 14325 14231
is_linear=0
shrinkage=0.05


Tree=6
num_leaves=31
num_cat=0
split_feature=58 103 23 133 150 28 138 50 99 21 43 46 137 90 30 98 68 112 137 49 68 119 118 1 120 88 134 99 120 49
split_gain=0.00549662 0.00870662 0.017939 0.00310032 0.0078957 0.00295533 0.00421025 0.00118382 0.000795046 0.000783494 0.000572474 0.000871913 0.000473412 0.000617505 0.000439374 0.000249702 0.000222172 0.000300354 0.000198938 0.000996476 0.000392889 0.000479615 0.000192518 0.000257473 0.000266185 0.000156351 0.000206806 0.000121955 0.000126889 8.70596e-05
threshold=3.1500000000000026 721.10000000000002 21.47291666666667 88.200000000000003 0.05857142857142858 11.250000000000002 4.745000000000001 1007.2500000000001 -0.95000000000004536 0.4513888888888889 0.33250000000000007 90.500000000000014 1.0000000180025095e-35 19.846938775510207 -2.3799999999999986 7.2500000000000009 2.1500000000000008 292.72595910000007 0.055000000000000007 994.95000000000016 1.0000000180025095e-35 3.8500000000000001 32.550000000000004 0.12230235450000003 274.38326190000004 32.362500000000004 10.005000000000001 -2.9000000000000337 267.08633320000007 974.25000000000011
decision_type=2 2 2 2 2 2 2 2 2 2 2 2 2 2 2 2 2 10 2 2 2 8 10 2 10 2 2 2 10 2
left_child=3 2 -2 7 -5 6 -3 12 9 -7 27 14 13 -1 -12 -8 17 -14 19 20 -9 -22 -20 -24 -25 26 -18 28 -11 -30
right_child=1 5 -4 4 -6 8 15 18 -10 10 11 -13 16 -15 -16 -17 25 -19 22 -21 21 -23 23 24 -26 -27 -28 -29 29 -31
leaf_value=0.0001870331271902146 0 0.00060105000000042956 0.0011667680347832007 0 0.00072251096360274718 2.0175067221513112e-06 0 -1.7501353693353584e-05 -1.7963010775220131e-06 0 5.2537341365249973e-06 0 -3.2213030708423996e-07 0 0.00026298585176726157 0.00014051917984805629 0.00010961657115234668 8.8706727459187589e-05 -2.0142575392543634e-05 0.00015769943886445383 0.00014826664060997068 0 -6.174231289917559e-06 0 0.00013815622316515282 0 0 0 0.00011500389001050228 0
leaf_weight=96 72 57 53 158 50 626 109 2273 1053 79 67 94 1753 50 141 65 150 95 12858 91 76 203 794 52 66 268 59 208 102 51
leaf_count=96 72 57 53 158 50 626 109 2273 1053 79 67 94 1753 50 141 65 150 95 12858 91 76 203 794 52 66 268 59 208 102 51
internal_value=6.5005e-07 6.65738e-05 0.000476971 -8.67991e-06 0.000181486 4.51729e-05 0.000218798 -1.10488e-05 2.64585e-05 5.1845e-05 8.7094e-05 0.000146967 2.03298e-05 0.000112166 0.000204312 6.22877e-05 1.23675e-05 1.59591e-06 -1.60784e-05 -1.3362e-06 -9.02517e-06 4.19887e-05 -1.85447e-05 0 7.17942e-05 4.3548e-05 7.86e-05 3.44213e-05 5.95907e-05 8.62124e-05
internal_weight=21869 2777 125 19092 208 2652 231 18884 2421 1368 742 302 2471 146 208 174 2325 1848 16413 2643 2552 279 13770 912 118 477 209 440 232 153
internal_count=21869 2777 125 19092 208 2652 231 18884 2421 1368 742 302 2471 146 208 174 2325 1848 16413 2643 2552 279 13770 912 118 477 209 440 232 153
is_linear=0
shrinkage=0.05


Tree=7
num_leaves=31
num_cat=0
split_feature=98 134 73 91 123 19 36 138 25 67 76 139 68 98 119 52 22 34 101 49 25 128 84 101 116 85 138 114 84 101
split_gain=0.00506117 0.00651252 0.00312864 0.00450307 0.00414598 0.00253076 0.00072878 0.000768035 0.000861476 0.000886785 0.000566132 0.00151201 0.00134552 0.000355538 0.000454592 0.000296341 0.00022103 0.000488238 0.000934447 0.000183017 0.000206878 0.000416714 0.000178537 0.000136804 0.000114399 0.000245125 0.000212112 0.000113169 0.000228612 0.000108926
threshold=15.650000000000004 7.7300000000000013 30.550000000000004 13.550000000000002 -0.60355339059327362 0.014947142857142855 283.58807100000007 4.4850000000000003 17.500000000000004 15.450000000000001 0.8500000000000002 89.033414029013926 1.1500000000000004 7.2500000000000009 14.550000000000002 118.50000000000001 1.5000000000000002 -0.99261335566694531 1.505047149999996 977.85000000000002 14.500000000000002 10.0093329142048 7.3500000000000014 -6.1802983000000031 273.36042580000009 268.74677595000009 5.1150000000000011 25.050000000000004 17.750000000000004 -3.2606716499999773
decision_type=2 2 2 2 2 2 2 2 2 2 2 2 2 2 10 2 2 2 2 2 2 2 2 2 10 2 2 10 2 2
left_child=2 -2 10 4 -4 6 13 8 9 -8 16 29 -13 15 24 23 17 18 -1 20 21 -17 -3 -5 25 -15 -27 28 -9 -12
right_child=1 22 3 5 -6 -7 7 27 -10 -11 11 12 -14 14 -16 19 -18 -19 -20 -21 -22 -23 -24 -25 -26 26 -28 -29 -30 -31
leaf_value=0 0.00074311520230919861 0 0.00067011357986045356 1.302469982525367e-05 0 0.00033487429019067247 0 8.148634634124072e-05 1.9201461272232709e-06 0.00029221692586956622 2.5285565973392155e-05 0.00033565159900975766 0 0 0.0001575838487753022 0.00020185699018852713 -1.7791188726881392e-05 -3.9847705068312857e-06 0.00026385805723311582 0 7.1892985358401519e-06 0 0.00010904707691004273 -1.0483214671107141e-05 0 0.00017340893096912143 0 0 0 -1.1289117507369906e-05
leaf_weight=54 50 87 52 668 55 65 75 169 162 109 281 66 52 260 85 65 13731 878 50 164 281 65 98 2572 240 52 68 472 122 721
leaf_count=54 50 87 52 668 55 65 75 169 162 109 281 66 52 260 85 65 13731 878 50 164 281 65 98 2572 240 52 68 472 122 721
internal_value=7.34151e-07 0.00023118 -1.54854e-06 2.95969e-05 0.000352699 2.25864e-05 1.80334e-05 5.5159e-05 0.000120313 0.00019695 -1.32767e-05 1.89963e-05 0.000187521 7.80829e-06 4.06007e-05 4.29023e-07 -1.60744e-05 2.8385e-06 0.000107551 3.45433e-05 5.27139e-05 0.000112143 6.2686e-05 -4.09126e-06 1.62833e-05 3.43921e-05 9.37495e-05 1.895e-05 4.36861e-05 0
internal_weight=21869 235 21634 5801 107 5694 5629 1109 346 184 15833 1120 118 4520 705 3815 14713 982 104 575 411 130 185 3240 620 380 120 763 291 1002
internal_count=21869 235 21634 5801 107 5694 5629 1109 346 184 15833 1120 118 4520 705 3815 14713 982 104 575 411 130 185 3240 620 380 120 763 291 1002
is_linear=0
shrinkage=0.05


Tree=8
num_leaves=31
num_cat=0
split_feature=58 105 132 39 99 43 138 68 133 115 115 50 84 141 59 77 13 100 105 123 51 85 2 50 138 138 0 96 93 4
split_gain=0.00477192 0.012361 0.0156027 0.00279287 0.00106206 0.00108899 0.0013627 0.00101331 0.000772032 0.00111428 0.000335279 0.000284222 0.000270321 0.000302723 0.000343069 0.000238685 0.000213062 0.000283479 0.000393834 0.000513832 0.000207912 0.000196081 0.000192193 0.00138687 0.000167384 0.000132217 8.91492e-05 0.000182215 8.10297e-05 7.68585e-05
threshold=3.2500000000000004 7.5000000000000009 3.5000000000000004 1.1550000000000002 -0.95000000000004536 0.35550000000000004 4.6950000000000012 0.35000000000000009 80.210000000000022 6.4500000000000011 13.750000000000002 994.25000000000011 12.150000000000004 31.980000000000004 10.337300000000001 291.85573360000006 0.0029375659652777783 3.7500000000000004 25.500000000000004 0.60355339059327384 14.500000000000002 273.24422195000005 0.0059917800000000012 1027.3500000000001 4.7700000000000005 6.7200000000000015 0.086200000000000013 38.112500000000004 262.80894550000005 0.027773778500000002
decision_type=2 2 2 2 2 2 2 2 2 8 10 2 2 2 2 2 2 2 2 2 2 2 2 2 2 2 2 2 2 2
left_child=3 2 -2 7 5 12 -7 15 11 -10 25 20 13 -3 -15 16 22 -18 19 -19 24 -17 28 -24 -9 -8 -6 -28 -1 -30
right_child=1 4 -4 -5 26 6 10 8 9 -11 -12 -13 -14 14 -16 21 17 18 -20 -21 -22 -23 23 -25 -26 -27 27 -29 29 -31
leaf_value=0 0 1.7021641697050635e-05 0.0011001242125931298 0.00027141239873633985 -6.7825217279841265e-06 0.00036042938324221222 0 0.00017880777153030588 0.00025749826797001612 0 0 0 0 0 0.0001526281634998258 0.00010484722854029957 -7.8910837838194441e-06 0 0 0.00017412978263678272 0 0 -7.3044645132179319e-06 0.00026056043760464123 0 0.00016454954878421211 0 0.0001115137955753644 -1.7841217603920293e-05 0
leaf_weight=510 83 497 63 87 960 71 56 55 87 121 135 1099 387 64 141 67 1122 96 205 95 64 102 578 50 104 98 130 50 14589 103
leaf_count=510 83 497 63 87 960 71 56 55 87 121 135 1099 387 64 141 67 1122 96 205 95 64 102 578 50 104 98 130 50 14589 103
internal_value=8.34285e-07 6.28027e-05 0.000511439 -7.76495e-06 3.53848e-05 6.37779e-05 0.000143739 -9.31682e-06 2.86961e-05 0.000120786 7.22028e-05 1.03473e-05 3.26498e-05 5.11288e-05 0.000109062 -1.29239e-05 -1.37192e-05 1.38182e-06 4.02032e-05 9.2033e-05 6.16805e-05 3.89054e-05 -1.54831e-05 6.45357e-06 9.26007e-05 0.000123132 0 3.14181e-05 -1.67186e-05 -1.74069e-05
internal_weight=21869 2735 146 19134 2589 1449 360 19047 1530 208 289 1322 1089 702 205 17517 17348 1518 396 191 223 169 15830 628 159 154 1140 180 15202 14692
internal_count=21869 2735 146 19134 2589 1449 360 19047 1530 208 289 1322 1089 702 205 17517 17348 1518 396 191 223 169 15830 628 159 154 1140 180 15202 14692
is_linear=0
shrinkage=0.05


Tree=9
num_leaves=31
num_cat=0
split_feature=58 105 14 133 76 50 105 13 45 94 131 94 81 86 145 133 137 22 49 118 1 120 140 76 6 6 118 82 64 64
split_gain=0.00437225 0.0107548 0.0136193 0.00265744 0.00670236 0.000893601 0.000888275 0.000652694 0.000375234 0.00042097 0.000369288 0.000511556 0.000385688 0.000340615 0.000310928 0.000299224 0.000387972 0.000171563 0.00133246 0.000126048 0.000208398 0.000223117 0.000126658 0.000268306 0.00010376 0.00012824 7.82047e-05 0.000108079 0.000145912 7.0554e-05
threshold=3.1500000000000026 7.5000000000000009 0.0020423485000000004 88.200000000000003 0.45000000000000007 1007.2500000000001 26.500000000000004 0.0040704037152777782 97.500000000000014 3.5000000000000004 111.69009300119471 3.5000000000000004 34.95000000000001 9.5000000000000018 0.12500000000000003 21.260000000000002 1.4200000000000002 1.0000000180025095e-35 994.55000000000007 32.550000000000004 0.12230235450000003 274.53088135000007 75.820000000000007 0.55000000000000016 0.0074756944444444454 0.00029027777777777786 13.250000000000002 32.282000000000004 255.19999999999993 52.90000000000007
decision_type=2 2 2 2 2 2 2 2 2 2 2 2 2 2 2 2 2 2 2 10 2 10 2 2 2 2 10 2 2 2
left_child=3 2 -2 5 -5 10 7 8 -3 -10 11 12 14 -11 -1 -15 26 18 -7 22 -21 -22 29 -24 25 -16 -17 28 -28 -19
right_child=1 6 -4 4 -6 17 -8 -9 9 13 -12 -13 -14 15 24 16 -18 19 -20 20 21 -23 23 -25 -26 -27 27 -29 -30 -31
leaf_value=0 0 0 0.0010062799353800617 0 0.00066719544046517365 -6.9090182543538944e-06 0 0.00022079441574415009 0.00022635889717351364 0 -1.6310923362429603e-06 2.2082028197725835e-06 0.0002014351918675554 1.6924463284555629e-05 0 0 0.00022047682819122984 -1.8060258993854375e-05 0.00025056600804607615 -5.6166128929541465e-06 0 0.00013467351602794851 -6.0387292169942858e-06 9.5511057587698039e-05 0 0.00011445874907430052 0 0 0.00012506644389588366 0
leaf_weight=268 87 277 66 158 50 606 1134 76 52 301 985 858 71 400 55 54 83 13538 52 850 50 57 882 69 55 179 75 72 100 309
leaf_count=268 87 277 66 158 50 606 1134 76 52 301 985 858 71 400 55 54 83 13538 52 850 50 57 882 69 55 179 75 72 100 309
internal_value=9.27672e-07 5.97366e-05 0.000468459 -7.3671e-06 0.000168681 -9.57979e-06 3.38307e-05 5.91979e-05 4.68289e-05 5.95907e-05 1.75662e-05 3.36462e-05 6.85773e-05 4.6793e-05 4.23508e-05 6.41399e-05 0.000100164 -1.39721e-05 6.20064e-06 -1.51323e-05 0 6.76422e-05 -1.62815e-05 0 7.83041e-05 9.3115e-05 4.98113e-05 6.17234e-05 8.30875e-05 -1.74974e-05
internal_weight=21869 2777 153 19092 208 18884 2624 1490 1414 1137 2471 1486 628 1085 557 784 384 16413 658 15755 957 107 14798 951 289 234 301 247 175 13847
internal_count=21869 2777 153 19092 208 18884 2624 1490 1414 1137 2471 1486 628 1085 557 784 384 16413 658 15755 957 107 14798 951 289 234 301 247 175 13847
is_linear=0
shrinkage=0.05


Tree=10
num_leaves=31
num_cat=0
split_feature=64 19 105 36 90 68 128 99 128 33 2 49 133 100 9 11 160 90 28 119 59 141 155 120 0 126 141 74 116 133
split_gain=0.00412098 0.00678062 0.00374483 0.00110066 0.00172652 0.00079305 0.000696074 0.000631739 0.000827934 0.00159551 0.000326096 0.0031871 0.000302403 0.000711419 0.000253936 0.000546252 0.000379357 0.000218634 0.000267036 0.000211712 0.000167141 0.000211354 0.000224215 0.000158437 0.00014837 0.000379276 0.000201471 0.000260559 0.00012947 0.000132446
threshold=12.199999999999982 0.014947142857142855 4.5000000000000009 270.36577830000004 18.604081632653067 0.8500000000000002 8.6632828935549622 -2.950000000000045 9.3257810922174933 -0.020003305860468213 0.0059917800000000012 990.75000000000011 87.745000000000019 4.0999999999999668 2.0786111111111119 0.0060564499583333339 0.19634628044766297 19.846938775510207 24.400000000000002 7.0500000000000007 10.862550000000002 34.885000000000012 0.46200000000000008 267.14999245000007 0.089450000000000016 18.500000000000004 37.405000000000008 13.150000000000004 270.06703900000008 80.660000000000011
decision_type=2 2 2 2 2 2 2 2 2 2 2 2 2 2 2 2 2 2 2 8 2 2 2 10 2 2 2 2 8 2
left_child=5 2 -2 -4 -5 10 -7 8 9 -6 12 -12 24 -14 -9 16 -16 18 19 -8 -10 -22 -23 -11 28 26 27 -26 29 -1
right_child=1 -3 3 4 7 6 17 14 20 23 11 -13 13 -15 15 -17 -18 -19 -20 -21 21 22 -24 -25 25 -27 -28 -29 -30 -31
leaf_value=-6.5487680200553412e-06 0.00037008059093983153 0.00062631999349048104 -4.1581772058162359e-08 0.00034979774285322777 0.00034441405341170342 0.00022259466311542954 0.00011799169068934944 5.7555929879716871e-06 0 0 -2.0851820766630669e-06 0.00039725950200450964 0 0.0001488252202761453 0.00025669285892160825 0 0 0 0 0 1.4260803625459305e-05 0.00020031283114948321 0 8.6460783511483892e-05 0.00015843252303931457 -1.0165564160114795e-05 0 0 -1.7623128419068616e-05 4.5370356982692919e-05
leaf_weight=1624 85 50 1542 51 86 53 143 1316 316 80 765 51 273 92 50 72 50 361 192 55 264 62 51 63 77 1406 118 60 12337 126
leaf_count=1624 85 50 1542 51 86 53 143 1316 316 80 765 51 273 92 50 72 50 361 192 55 264 62 51 63 77 1406 118 60 12337 126
internal_value=1.67407e-06 4.67869e-05 3.83244e-05 2.99405e-05 5.07497e-05 -8.57312e-06 3.8557e-05 4.2205e-05 7.66212e-05 0.000166988 -1.11089e-05 1.72096e-05 -1.28543e-05 2.77234e-05 1.74848e-05 7.77735e-05 0.000154537 1.86413e-05 4.5456e-05 8.61077e-05 3.93574e-05 6.2844e-05 0.000131368 2.39119e-05 -1.4114e-05 0 5.59992e-05 9.72994e-05 -1.57804e-05 0
internal_weight=21871 4138 4088 4003 2461 17733 804 2410 922 229 16929 816 16113 365 1488 172 100 751 390 198 693 377 113 143 15748 1661 255 137 14087 1750
internal_count=21871 4138 4088 4003 2461 17733 804 2410 922 229 16929 816 16113 365 1488 172 100 751 390 198 693 377 113 143 15748 1661 255 137 14087 1750
is_linear=0
shrinkage=0.05


Tree=11
num_leaves=31
num_cat=0
split_feature=58 105 15 3 133 142 82 84 99 133 99 76 102 29 22 49 100 119 28 15 3 34 50 122 134 83 86 63 15 73
split_gain=0.00375808 0.00509647 0.00926171 0.00226903 0.00196522 0.00224956 0.00261594 0.00173435 0.000842383 0.000756216 0.00149008 0.000572334 0.000659924 0.000401071 0.000312971 0.00377123 0.000163767 0.000146668 0.00013076 0.000355583 0.000129995 0.000221028 0.000176563 0.000127664 0.0001159 0.000155556 0.000237798 8.16181e-05 0.000104283 0.000136554
threshold=0.25000000000000006 7.5000000000000009 0.0010927083333333336 1.0000000180025095e-35 79.980000000000004 779.97322007526816 25.106000000000005 8.6500000000000039 -2.9000000000000337 88.200000000000003 1.350000000000023 3.850000000000001 -5.4999999999999991 26.350000000000005 1.0000000180025095e-35 994.6500000000002 0.64999999999997737 7.5500000000000007 22.900000000000002 0.001175 0.22414210450000002 0.19247468516443797 1020.0500000000001 11.500000000000002 20.130000000000006 19.150000000000002 20.500000000000004 10.729200000000002 7.1875000000000012e-05 37.250000000000007
decision_type=2 2 2 2 2 2 2 2 2 2 2 2 2 2 2 2 2 10 2 2 2 2 2 2 2 2 2 2 2 2
left_child=9 2 3 -2 8 6 -6 -8 13 11 -11 14 -13 -3 15 -1 27 -15 19 -14 -16 -22 -23 -19 25 -25 -27 -10 -29 -30
right_child=1 4 -4 -5 5 -7 7 -9 16 10 -12 12 18 17 20 -17 -18 23 -20 -21 21 22 -24 24 -26 26 -28 28 29 -31
leaf_value=-8.1995972427084941e-06 0.0003193321005102397 0.00018618771460307651 0.00087857367302728799 -1.4856790505077228e-07 0.00055313453494697273 0 0.00032213465027150685 0 0 0 0.00029721868903695816 0.00017897512628979703 0 0 -1.4505727339570658e-05 0.00043016256073315169 -6.8903353721232415e-06 0 0 0.00012481568484295943 -2.0893446538784402e-06 0 0.00012119672923290636 0 0 0.00013088468343709945 0 0 0 5.0686620088772243e-05
leaf_weight=604 69 81 50 135 59 154 51 85 329 131 58 70 291 309 15263 51 1625 60 458 81 495 50 67 56 54 186 103 158 244 444
leaf_count=604 69 81 50 135 59 154 51 85 329 131 58 70 291 309 15263 51 1625 60 458 81 495 50 67 56 54 186 103 158 244 444
internal_value=1.69966e-06 4.4072e-05 0.000263295 8.45514e-05 2.88317e-05 0.000143964 0.000256326 8.79699e-05 1.64139e-05 -8.24424e-06 8.84605e-05 -9.5847e-06 2.75948e-05 6.02389e-05 -1.1913e-05 1.89142e-05 1.3237e-06 4.02285e-05 8.61091e-06 3.22739e-05 -1.3501e-05 3.3832e-06 6.87306e-05 5.91822e-05 6.94681e-05 8.01024e-05 9.48495e-05 1.69314e-05 2.5277e-05 3.4115e-05
internal_weight=21871 4252 254 204 3998 349 195 136 3649 17619 189 17430 900 849 16530 655 2800 768 830 372 15875 612 117 459 399 345 289 1175 846 688
internal_count=21871 4252 254 204 3998 349 195 136 3649 17619 189 17430 900 849 16530 655 2800 768 830 372 15875 612 117 459 399 345 289 1175 846 688
is_linear=0
shrinkage=0.05


Tree=12
num_leaves=31
num_cat=0
split_feature=59 105 68 128 99 77 103 133 76 142 142 132 137 84 22 2 50 29 31 100 56 119 100 0 126 141 110 73 110 138
split_gain=0.00358599 0.00755299 0.00173484 0.00405292 0.0010443 0.000723461 0.000647895 0.000458698 0.00192914 0.00159965 0.00174279 0.000409476 0.000618957 0.0012712 0.00141553 0.000323177 0.00399261 0.000275907 0.000213116 0.000163381 0.00022193 0.000292883 0.000222501 0.000133382 0.000355054 0.000178198 0.000211572 0.000137982 0.000143536 0.000403731
threshold=13.528850000000002 8.5000000000000018 1.3500000000000003 8.6325845804055827 -0.24999999999999997 290.97826915000002 1032.1500000000003 80.210000000000022 0.75000000000000011 779.97322007526816 737.56509152187925 6.5000000000000009 0.41500000000000009 11.550000000000002 8.5000000000000018 0.0035617145000000003 1027.6500000000003 24.350000000000005 25.050000000000004 4.0999999999999668 -7.0726610499999927 8.8500000000000032 5.6499999999999782 0.089450000000000016 18.500000000000004 37.405000000000008 12.65 35.95000000000001 26.250000000000004 4.4850000000000003
decision_type=2 2 2 2 2 2 2 2 2 2 2 2 2 2 2 2 2 2 2 2 2 10 2 2 2 2 10 2 10 2
left_child=2 -2 5 -4 11 7 -7 15 19 10 -10 12 -3 14 -14 23 -17 18 -5 -9 -21 22 -22 27 25 26 -25 -1 29 -29
right_child=1 4 3 17 -6 6 -8 8 9 -11 -12 -13 13 -15 -16 16 -18 -19 -20 20 21 -23 -24 24 -26 -27 -28 28 -30 -31
leaf_value=-1.597140237314712e-05 0.00052988088306397463 6.3780287002314671e-06 0.00049421807533604496 0 0 0.00021335191621846373 1.81502336810752e-05 -1.1249011158001754e-05 0 0 0.00047539517784146788 0 0.00047104861656609701 0 3.743623181071598e-05 -2.9948454075100356e-06 0.00044633347719854125 1.3781171867217468e-05 0.00018145318340005666 0 0.00019476790154294575 0 0 0.00015244690748319651 -8.7388634332379274e-06 0 0 0.00015882638741828177 -5.2637328871788083e-06 0
leaf_weight=13121 90 154 52 52 628 60 487 1307 55 83 59 64 62 103 69 1074 50 804 59 153 54 87 51 74 1558 106 61 52 1125 117
leaf_count=13121 90 154 52 52 628 60 487 1307 55 83 59 64 62 103 69 1074 50 804 59 153 54 87 51 74 1558 106 61 52 1125 117
internal_value=1.68071e-06 8.69472e-05 -2.90091e-06 6.19825e-05 4.49547e-05 -6.33665e-06 4.90361e-05 -8.17832e-06 1.43553e-05 0.000162118 0.00028289 0.000102887 0.000122307 0.000176974 0.00028255 -1.08705e-05 1.29276e-05 3.1447e-05 0.000113497 -3.27971e-07 2.65074e-05 6.42993e-05 0.000120147 -1.28293e-05 0 5.63555e-05 9.44829e-05 -1.44312e-05 0 4.3901e-05
internal_weight=21871 1170 20701 967 1080 19734 547 19187 1849 197 114 452 388 234 131 17338 1124 915 111 1652 345 192 105 16214 1799 241 135 14415 1294 169
internal_count=21871 1170 20701 967 1080 19734 547 19187 1849 197 114 452 388 234 131 17338 1124 915 111 1652 345 192 105 16214 1799 241 135 14415 1294 169
is_linear=0
shrinkage=0.05


Tree=13
num_leaves=31
num_cat=0
split_feature=59 118 68 128 112 77 18 137 134 138 134 2 101 76 115 138 29 122 105 129 141 94 105 136 116 115 59 128 68 134
split_gain=0.00329968 0.00727612 0.00159461 0.00364585 0.00133068 0.000664493 0.000588751 0.000546118 0.00112343 0.00132836 0.000427787 0.00107254 0.00536481 0.000624706 0.000938923 0.00153312 0.000262373 0.000403525 0.000229619 0.000647399 0.000124086 0.000123745 0.000114245 0.000108711 0.000121011 9.88786e-05 6.44748e-05 9.46218e-05 6.04152e-05 6.4817e-05
threshold=13.528850000000002 30.350000000000005 1.3500000000000003 8.6325845804055827 272.67719080000006 290.97826915000002 0.00060208333333333349 0.3000000000000001 9.0350000000000019 4.6950000000000012 6.8250000000000011 0.0059917800000000012 4.4090467000000055 0.75000000000000011 6.8500000000000005 5.6100000000000003 29.950000000000006 20.500000000000004 5.5000000000000009 3.5000000000000004 34.180000000000007 16.500000000000004 9.5000000000000018 1.925 279.44642250000004 11.050000000000002 9.5504000000000016 9.535534966078524 1.0000000180025095e-35 6.705000000000001
decision_type=2 10 2 2 10 2 2 2 2 2 2 2 2 2 8 2 2 2 2 2 2 2 2 2 10 10 2 2 2 2
left_child=2 4 5 -4 -2 10 -7 -6 9 -9 11 13 22 18 15 -15 17 25 19 -1 -10 -12 -13 -23 -25 -5 -8 -28 29 -20
right_child=1 -3 3 16 7 6 26 8 20 -11 21 12 -14 14 -16 -17 -18 -19 28 -21 -22 23 -24 24 -26 -27 27 -29 -30 -31
leaf_value=0.00018206260843088099 0 0.00064246318405167323 0.00046997340970435448 5.0786139505761995e-05 0 0.00016641585089038067 0 0.00037664831896689341 0 3.0687082280960365e-05 -1.444023241849502e-05 4.397388375551083e-05 0.00056292507178880573 0.00033951107855738469 0 0 3.0380672840913403e-06 0.00021712634390674867 -1.5467955978086649e-05 0 8.1626232593542361e-05 -4.1691614949426826e-06 -2.9130322167666714e-05 9.7332083180510002e-05 0 0 7.2526946236001381e-05 0 0 0
leaf_weight=56 542 56 52 131 165 94 210 93 143 91 11793 80 50 64 330 89 625 50 3628 275 80 1973 151 56 78 109 85 158 402 162
leaf_count=56 542 56 52 131 165 94 210 93 143 91 11793 80 50 64 330 89 625 50 3628 275 80 1973 151 56 78 109 85 158 402 162
internal_value=1.71959e-06 8.35117e-05 -2.66551e-06 5.95297e-05 5.03783e-05 -5.9694e-06 4.70616e-05 0.000103655 0.000135779 0.000233666 -7.74421e-06 3.64604e-06 9.87349e-05 -7.11604e-07 5.20706e-05 0.000154155 3.02578e-05 7.1527e-05 -7.46357e-06 2.85635e-05 3.20069e-05 -1.24362e-05 0 0 4.19404e-05 1.96718e-05 1.09697e-05 2.97406e-05 -1.15069e-05 -1.36488e-05
internal_weight=21871 1170 20701 967 1114 19734 547 572 407 184 19187 5287 281 5006 483 153 915 290 4523 331 223 13900 231 2107 134 240 453 243 4192 3790
internal_count=21871 1170 20701 967 1114 19734 547 572 407 184 19187 5287 281 5006 483 153 915 290 4523 331 223 13900 231 2107 134 240 453 243 4192 3790
is_linear=0
shrinkage=0.05


Tree=14
num_leaves=31
num_cat=0
split_feature=58 19 98 29 85 43 138 115 133 99 109 81 94 28 84 140 99 120 1 11 126 4 116 133 49 138 43 156 13 100
split_gain=0.00304929 0.00555682 0.00159164 0.00339449 0.000895818 0.00104646 0.0021913 0.00217171 0.000581208 0.00128472 0.000423377 0.00042078 0.000307922 0.000423274 0.000256113 0.000430142 0.00022766 0.000218105 0.000213324 0.00158157 0.000242415 0.000301175 0.000180979 0.000169203 0.0001942 0.000147904 0.000176633 0.00017694 0.000298729 7.17161e-05
threshold=0.25000000000000006 0.014947142857142855 15.650000000000004 28.950000000000003 266.76643500000006 0.35550000000000004 4.7550000000000008 8.6500000000000004 88.200000000000003 1.350000000000023 0.8500000000000002 37.750000000000007 2.5000000000000004 23.250000000000004 0.95000000000000029 71.000000000000014 -2.9000000000000337 267.38037210000005 0.064678997500000016 0.0017990082222222226 18.500000000000004 0.027773778500000002 270.06703900000008 80.660000000000011 971.25000000000011 8.8400000000000016 0.26950000000000007 0.82000000000000017 0.0008805914375 -5.4500000000000446
decision_type=2 2 2 2 2 2 2 10 2 2 2 2 2 2 2 2 2 10 2 2 2 2 8 2 2 2 2 2 2 2
left_child=8 2 4 -4 -2 16 7 -7 10 -10 18 -9 13 -12 -8 29 17 -6 22 -20 21 -21 23 -1 -25 26 -19 28 -28 -16
right_child=1 -3 3 -5 5 6 14 11 9 -11 12 -13 -14 -15 15 -17 -18 25 19 20 -22 -23 -24 24 -26 -27 27 -29 -30 -31
leaf_value=-3.3466315087856741e-06 -3.6262600511915192e-06 0.00055472689995955118 0.00049676410284611575 6.2086395297378088e-06 0 0.00047422596173931546 0 0 0 0.00027146338460023789 0.0001565252935545163 0.00018395987035874583 0 0 5.246650216118407e-05 0.00019107580896161381 0 0 0.00021538920690502333 0 -1.0908792980109363e-05 0.00014529599250618405 -1.5120002346556645e-05 0 0.00010293925027976261 0 3.2002375734677724e-06 0 0.0002096447211760022 0
leaf_weight=1642 1507 52 58 145 263 70 252 97 131 58 98 60 330 98 114 62 942 59 83 420 2850 50 11662 114 83 77 97 70 77 250
leaf_count=1642 1507 52 58 145 263 70 252 97 131 58 98 60 330 98 114 62 942 59 83 420 2850 50 11662 114 83 77 97 70 77 250
internal_value=1.77449e-06 3.99547e-05 3.22606e-05 0.000172625 2.38398e-05 4.24648e-05 8.6595e-05 0.000225076 -7.15754e-06 7.7325e-05 -8.36484e-06 8.00461e-05 3.36723e-05 8.33113e-05 3.26034e-05 5.64784e-05 1.40761e-05 3.70369e-05 -9.9706e-06 0 -4.14123e-06 2.62164e-05 -1.2805e-05 0 4.52046e-05 6.12353e-05 7.69146e-05 9.56184e-05 0.000123805 1.93931e-05
internal_weight=21871 4252 4200 203 3997 2490 905 227 17619 189 17430 157 526 196 678 426 1585 643 16904 3403 3320 470 13501 1839 197 380 303 244 174 364
internal_count=21871 4252 4200 203 3997 2490 905 227 17619 189 17430 157 526 196 678 426 1585 643 16904 3403 3320 470 13501 1839 197 380 303 244 174 364
is_linear=0
shrinkage=0.05


Tree=15
num_leaves=31
num_cat=0
split_feature=2 119 50 112 140 133 102 70 2 29 122 9 18 85 33 137 49 68 133 82 36 104 14 44 58 8 13 84 120 115
split_gain=0.00380359 0.0061011 0.00207384 0.00214156 0.0023564 0.00131437 0.000857622 0.000717247 0.00157592 0.000443964 0.000618978 0.000743367 0.000626997 0.000449758 0.000408846 0.000263661 0.00217845 0.000561429 0.000649554 0.000677326 0.000184747 0.000258737 0.000232809 0.000332393 0.000144476 0.000263223 0.00014096 0.000139516 0.000106943 0.000156965
threshold=0.048280649000000009 4.4500000000000011 1006.9500000000002 294.58626485000008 34.990000000000002 87.815000000000012 -7.8499999999999979 1.5000000000000002 0.0030276435000000002 30.450000000000003 20.500000000000004 0.1377777777777778 0.0039416666666666671 267.18632590000004 1.0000000180025095e-35 0.055000000000000007 994.95000000000016 1.0000000180025095e-35 80.390000000000015 12.028000000000002 268.14529285000009 0.35000000000000009 0.0020423485000000004 1367.5000000000002 9.6500000000000039 0.051539640582159249 0.0028292562638888891 8.2500000000000018 272.98822315000007 10.550000000000002
decision_type=2 10 2 10 2 2 2 2 2 2 2 2 2 2 2 2 2 2 2 2 2 2 2 2 2 2 2 2 10 10
left_child=2 -2 3 5 -5 6 -1 15 20 10 12 -12 -8 -14 27 16 17 -4 -19 -20 -9 -22 -23 -24 -11 -26 -17 -15 -28 -30
right_child=1 -3 7 4 -6 -7 9 8 -10 24 11 -13 13 14 -16 26 -18 18 19 -21 21 22 23 -25 25 -27 28 -29 29 -31
leaf_value=0.00019973756034179606 0 0.00067834818094356542 -1.333219895297333e-05 0 0.00050082011708582294 0.00027922321539009784 0 -1.2039960399768096e-05 0.00023837075553529669 -3.4480451648851089e-07 0.00023280144089357649 0 0 1.1358483079318633e-06 0 -1.4310810202768838e-05 0.00024172248460242268 0 0 0.00021667550375597153 0 0 0 0.00022127470986030556 3.6445012175794041e-06 0.00013162724877959894 -6.2236098620539327e-06 0.00027945651894018957 0 5.8829333364938771e-05
leaf_weight=69 59 53 2447 65 51 52 808 328 88 2356 90 50 92 50 51 12442 92 179 52 91 168 62 107 50 498 59 860 58 235 180
leaf_count=69 59 53 2447 65 51 52 808 328 88 2356 90 50 92 50 51 12442 92 179 52 91 168 62 107 50 498 59 860 58 235 180
internal_value=2.0117e-06 0.000291406 2.76684e-07 3.13705e-05 0.000247236 2.42171e-05 1.97839e-05 -7.21719e-06 3.76602e-05 1.55008e-05 4.15427e-05 0.00014764 2.26736e-05 9.15568e-05 0.000142233 -9.69467e-06 2.73707e-06 -3.48256e-06 5.56982e-05 0.000135039 5.67568e-06 3.35694e-05 7.01972e-05 0.000102689 3.05543e-06 2.63732e-05 -1.26521e-05 0.000197668 0 2.37175e-05
internal_weight=21842 112 21730 4349 116 4233 4181 17381 803 4112 1199 140 1059 251 159 16578 2861 2769 322 143 715 387 219 157 2913 557 13717 108 1275 415
internal_count=21842 112 21730 4349 116 4233 4181 17381 803 4112 1199 140 1059 251 159 16578 2861 2769 322 143 715 387 219 157 2913 557 13717 108 1275 415
is_linear=0
shrinkage=0.05


Tree=16
num_leaves=31
num_cat=0
split_feature=59 103 64 103 132 85 93 86 29 76 140 107 63 85 30 22 50 112 140 116 88 136 13 99 114 133 102 82 91 97
split_gain=0.00349694 0.00654379 0.00160703 0.0016315 0.00665232 0.000693425 0.000690448 0.00229553 0.000822105 0.000564864 0.0019602 0.00239632 0.000316081 0.000384545 0.000878426 0.000182824 0.00232494 0.000159142 0.000203209 0.000109067 0.000111522 0.000151687 0.000107451 0.00015571 0.000208562 0.000313574 9.11922e-05 9.11401e-05 7.61508e-05 7.2038e-05
threshold=16.016650000000002 1337.4500000000003 16.549999999999972 867.05000000000007 3.5000000000000004 266.76643500000006 264.42853960000008 4.5000000000000009 27.350000000000005 0.75000000000000011 75.820000000000007 8.0500000000000025 10.945500000000003 271.03033985000008 -0.088571428571428398 1.0000000180025095e-35 1027.6500000000003 272.67719080000006 31.695000000000004 279.19326845000006 45.63750000000001 0.66500000000000015 0.0028292562638888891 2.1999999999999891 19.050000000000004 8.6250000000000018 -5.4999999999999991 23.169999999999998 13.850000000000003 -6.1999999999999993
decision_type=2 2 2 2 2 2 2 2 2 2 2 2 2 2 2 2 2 10 2 10 2 2 2 2 10 2 2 2 2 2
left_child=2 -2 9 4 -4 28 7 -7 -9 15 26 -12 -8 -14 19 16 -1 -3 -19 20 21 -15 29 -24 -25 -26 -11 -13 -5 -17
right_child=1 17 3 5 -6 6 12 8 -10 10 11 27 13 14 -16 22 -18 18 -20 -21 -22 -23 23 24 25 -27 -28 -29 -30 -31
leaf_value=-1.3836035467570894e-05 0.00066868711274375016 0 0 3.5987679315132452e-05 0.00061710339714151003 0.00042346301233779881 0 0.00021692403755358618 0 5.2293826454665468e-05 0.00040563237483469752 5.3397354903609082e-05 4.4998729126340676e-06 0.00010388044534329311 0.00026515505168889274 0 0.00027471728187300834 0 0.00013157597991669375 0 0 0 -5.3602182640757139e-06 0 0 0.00014140999413555903 -1.4792647904819735e-06 0 -9.233898477094573e-06 -1.3288331293449554e-05
leaf_weight=566 55 95 121 70 58 51 703 55 307 81 69 79 627 119 61 511 76 50 60 82 77 93 1213 104 56 82 1708 55 1358 13200
leaf_count=566 55 95 121 70 58 51 703 55 307 81 69 79 627 119 61 511 76 50 60 82 77 93 1213 104 56 82 1708 55 1358 13200
internal_value=2.01081e-06 0.00018394 0 2.94029e-05 0.000180083 2.04818e-05 3.85157e-05 0.00010031 3.99681e-05 -6.47815e-06 1.77314e-05 0.000164601 2.11467e-05 3.85905e-05 7.63974e-05 -9.84605e-06 1.2921e-05 2.69995e-05 7.02648e-05 3.12915e-05 4.68642e-05 6.55679e-05 -1.11403e-05 0 3.81892e-05 7.9377e-05 0 1.36594e-06 -3.49457e-06 -1.25246e-05
internal_weight=21842 260 21582 3782 179 3603 2175 413 362 17800 1992 203 1762 1059 432 15808 642 205 110 371 289 212 15166 1455 242 138 1789 134 1428 13711
internal_count=21842 260 21582 3782 179 3603 2175 413 362 17800 1992 203 1762 1059 432 15808 642 205 110 371 289 212 15166 1455 242 138 1789 134 1428 13711
is_linear=0
shrinkage=0.05


Tree=17
num_leaves=31
num_cat=0
split_feature=2 118 50 112 138 133 115 103 2 50 65 125 133 63 134 100 133 92 100 84 84 50 100 70 138 36 114 53 131 32
split_gain=0.00333001 0.00603225 0.00180003 0.00181472 0.00213457 0.00113887 0.00229481 0.00271381 0.000562429 0.00258523 0.00163884 0.000527418 0.000670397 0.00129737 0.0010796 0.000231208 0.000494501 0.000554906 0.000752837 0.000200719 0.000193195 0.000165676 0.000300701 0.000164723 0.000151702 0.000282163 0.00048398 0.00010847 9.1919e-05 7.89999e-05
threshold=0.048280649000000009 15.550000000000002 1006.9500000000002 294.58626485000008 4.4850000000000003 79.980000000000004 6.6500000000000012 1725.5000000000002 0.0059917800000000012 1027.6500000000003 34.050000000000004 2.5000000000000004 20.835000000000004 11.743900000000002 9.0350000000000019 4.0499999999999554 86.075000000000017 0.65000000000000024 5.2500000000000009 11.850000000000003 9.5500000000000025 994.25000000000011 -6.3500000000000218 1.5000000000000002 4.3750000000000009 267.48067395000004 18.850000000000005 147.50000000000003 45.854750180135262 18.750000000000004
decision_type=2 10 2 10 2 2 10 2 2 2 2 2 2 2 2 2 2 2 2 2 2 2 2 2 2 2 10 2 2 2
left_child=2 -2 3 5 -5 11 7 -7 15 10 -10 12 28 19 -15 23 24 -18 -19 -14 -8 22 -13 -4 25 -17 -27 -25 -1 -29
right_child=1 -3 8 4 -6 6 20 -9 9 -11 -12 21 13 14 -16 16 17 18 -20 -21 -22 -23 -24 27 -26 26 -28 29 -30 -31
leaf_value=6.1589843350449259e-05 0 0.00067865185496652982 -1.3541397711067658e-05 0.00047372344868456238 0 0 9.7243822190018993e-05 0.00053455905285418499 -1.2367435549836532e-05 0.00034102836220260965 0.00027959918099975983 0.0001145683284778707 6.5022497331713587e-05 0.00039265620502162366 0 0 0 0.00026901270593835731 0 0 0 -4.0161581371314746e-06 0 0 -8.8400506897639183e-06 0.0001691210702907259 0 6.1947034806219981e-05 0 0
leaf_weight=60 62 50 12148 50 66 52 51 58 720 62 50 85 165 60 53 642 70 61 72 179 205 2300 373 259 2899 72 120 138 592 68
leaf_count=60 62 50 12148 50 66 52 51 58 720 62 50 85 165 60 53 642 70 61 72 179 205 2300 373 259 2899 72 120 138 592 68
internal_value=1.98339e-06 0.000272783 3.45072e-07 2.93255e-05 0.000228497 2.26338e-05 0.000108829 0.000301272 -6.6199e-06 3.22058e-05 4.44406e-07 1.31571e-05 4.23215e-05 8.94247e-05 0.000242536 -8.8758e-06 5.4045e-07 7.72521e-05 0.000139421 2.40794e-05 5.83231e-06 0 2.86621e-05 -1.22104e-05 -2.31165e-06 1.43766e-05 6.74476e-05 1.17857e-05 1.56248e-06 4.0283e-05
internal_weight=21842 112 21730 4349 116 4233 366 110 17381 832 770 3867 1109 457 113 16549 3936 203 133 344 256 2758 458 12613 3733 834 192 465 652 206
internal_count=21842 112 21730 4349 116 4233 366 110 17381 832 770 3867 1109 457 113 16549 3936 203 133 344 256 2758 458 12613 3733 834 192 465 652 206
is_linear=0
shrinkage=0.05


Tree=18
num_leaves=31
num_cat=0
split_feature=2 119 50 112 140 133 102 70 2 99 90 29 131 90 131 2 76 90 136 139 142 120 155 115 99 19 140 155 36 113
split_gain=0.0029708 0.00567573 0.00165405 0.00164983 0.00194696 0.00107884 0.000745026 0.000510463 0.001278 0.000380881 0.000844042 0.000226155 0.000268344 0.000839848 0.000221747 0.00119926 0.000439281 0.000743938 0.000204227 0.000176095 0.000206511 0.000151691 0.000133745 0.000295264 9.74529e-05 7.98679e-05 0.000108126 0.000140823 0.0001276 0.000202307
threshold=0.048280649000000009 10.65 1006.9500000000002 294.58626485000008 34.990000000000002 87.815000000000012 -7.8499999999999979 1.5000000000000002 0.0030276435000000002 -3.6499999999999768 20.302040816326535 31.050000000000004 61.566851497295069 24.060204081632659 33.15434016127945 0.0059917800000000012 0.45000000000000007 13.747859631657546 1.2600000000000002 85.299518965764761 786.3971343463719 267.38037210000005 0.49400000000000005 19.150000000000002 2.1999999999999891 -0.00049999999999999979 16.755000000000003 0.53000000000000014 269.76426450000002 0.45000000000000007
decision_type=2 8 2 10 2 2 2 2 2 2 2 2 2 2 2 2 2 2 2 2 2 10 2 10 2 2 2 2 2 10
left_child=2 -2 3 5 -5 6 -1 14 18 10 -8 12 13 19 15 16 -4 -18 -9 -11 -21 -12 23 -23 -16 26 -13 28 -28 -30
right_child=1 -3 7 4 -6 -7 9 8 -10 11 21 25 -14 -15 24 -17 17 -19 -20 20 -22 22 -24 -25 -26 -27 27 -29 29 -31
leaf_value=0.00018540815868124943 0 0.00065225936365470062 -1.0306085499463465e-05 0 0.00044822001345052676 0.00025338411245512654 0.00025793950171681409 -7.5412033663451395e-07 0.00021157227236165383 0 0 -2.0840260799296251e-06 0 0.00019901428364182828 -1.2387135541325686e-05 0.00018841998982136192 0.00023233369050733299 0 7.4669057461822219e-05 0.00013005384679829526 0 0.0001545884329882808 0 0 0 -1.3850966389046597e-05 0 0 9.0785133861777219e-05 0
leaf_weight=69 62 50 1422 65 51 52 51 624 88 267 259 906 729 86 12200 86 51 62 91 57 59 69 65 76 2757 923 113 187 177 88
leaf_count=69 62 50 1422 65 51 52 51 624 88 267 259 906 729 86 12200 86 51 62 91 57 59 69 65 76 2757 923 113 187 177 88
internal_value=1.97127e-06 0.000257768 4.10967e-07 2.81975e-05 0.000218375 2.17547e-05 1.76183e-05 -6.25523e-06 3.13783e-05 1.35428e-05 5.49066e-05 6.14945e-06 2.41589e-05 5.40027e-05 -8.38148e-06 7.47077e-06 0 9.11457e-05 1.95283e-06 7.98708e-06 6.30245e-05 2.16883e-05 5.33391e-05 8.00116e-05 -1.04342e-05 -7.81419e-07 4.02635e-06 2.26449e-05 4.11669e-05 6.01157e-05
internal_weight=21842 112 21730 4349 116 4233 4181 17381 803 4112 520 3592 1198 469 16578 1621 1535 113 715 383 116 469 210 145 14957 2394 1471 565 378 265
internal_count=21842 112 21730 4349 116 4233 4181 17381 803 4112 520 3592 1198 469 16578 1621 1535 113 715 383 116 469 210 145 14957 2394 1471 565 378 265
is_linear=0
shrinkage=0.05


Tree=19
num_leaves=31
num_cat=0
split_feature=59 16 64 139 64 99 161 102 116 140 107 59 139 84 93 100 34 2 140 21 34 100 14 138 49 131 123 85 84 44
split_gain=0.00295356 0.00624326 0.00125924 0.00141466 0.00496491 0.000651574 0.00137077 0.00142101 0.000448248 0.00096616 0.00141923 0.000267481 0.000254737 0.000481935 0.000273906 0.00021549 0.000173424 0.00127133 0.000140653 0.000411055 0.000768374 0.000112619 0.000119768 0.000135943 0.000304867 7.95455e-05 0.000157224 0.000199784 0.000252652 6.70975e-05
threshold=16.016650000000002 2.3850000000000002 16.549999999999972 91.048068522959113 86.050000000000054 -1.2499999999999998 0.091836734693877556 0.30000000000000054 269.50610950000004 75.820000000000007 8.3500000000000032 12.321300000000003 16.555139651229364 12.050000000000002 265.52041945000002 -4.1499999999999764 -0.99916779370550268 0.0016532625000000003 59.010000000000005 0.57638888888888895 0.0075932462669275986 4.5999999999999668 0.016254121000000003 3.8450000000000002 983.45000000000016 104.25131654813585 -1.0000000180025095e-35 266.46373065000006 10.250000000000002 1257.5000000000002
decision_type=2 2 2 2 2 2 2 2 8 2 2 2 2 2 2 2 2 2 2 2 2 2 2 2 2 2 2 2 2 2
left_child=2 15 8 5 -5 6 7 -4 9 25 -11 29 -13 14 -14 -2 17 -10 -7 20 -20 -18 -23 24 -24 26 27 -1 -29 -8
right_child=1 -3 3 4 -6 18 11 -9 16 10 -12 12 13 -15 -16 -17 21 -19 19 -21 -22 22 23 -25 -26 -27 -28 28 -30 -31
leaf_value=0 9.1537494510050287e-05 0.00067094445574255983 0 0.00057755739782945831 0 -8.9747895617306368e-06 -9.4562145743296736e-07 0.0004137168114881634 0 0.00025430467287084656 0 0 0.00024317964064580404 0 1.1536002258001545e-05 0 -1.196034360132911e-05 0.00025487453537518346 0 0 0.00024485693372830523 -8.1116131070430341e-06 0.0001214282598546438 0 0 -6.7860201254888616e-06 0 0.0001571673400171141 0 1.7009806872638564e-05
leaf_weight=212 77 50 54 51 111 1521 387 50 445 98 132 236 70 130 82 133 12794 50 84 219 52 1354 88 530 99 984 876 67 71 735
leaf_count=212 77 50 54 51 111 1521 387 50 445 98 132 236 70 130 82 133 12794 50 84 219 52 1354 88 530 99 984 876 67 71 735
internal_value=1.92914e-06 0.000169122 0 2.6104e-05 0.000173974 1.80596e-05 4.01282e-05 0.000222041 -5.66003e-06 1.34409e-05 0.000111159 2.54171e-05 5.69501e-05 9.05446e-05 0.000151786 2.33301e-05 -9.02046e-06 1.64789e-05 0 2.53647e-05 9.57748e-05 -1.0207e-05 0 1.71127e-05 5.40942e-05 9.63987e-07 1.12597e-05 3.9535e-05 8.68339e-05 6.36894e-06
internal_weight=21842 260 21582 3782 162 3620 1744 104 17800 2440 230 1640 518 282 152 210 15360 495 1876 355 136 14865 2071 717 187 2210 1226 350 138 1122
internal_count=21842 260 21582 3782 162 3620 1744 104 17800 2440 230 1640 518 282 152 210 15360 495 1876 355 136 14865 2071 717 187 2210 1226 350 138 1122
is_linear=0
shrinkage=0.05


Tree=20
num_leaves=31
num_cat=0
split_feature=98 134 68 128 66 1 59 133 118 47 142 119 123 77 9 80 126 85 115 136 119 135 137 138 120 116 97 30 21 34
split_gain=0.00410549 0.0080001 0.00141098 0.00359537 0.00102297 0.00240461 0.000322972 0.000578317 0.000879191 0.00151852 0.00165802 0.000291003 0.000331962 0.000430688 0.000566676 0.000434956 0.000236766 0.000236432 0.000514581 0.00112261 0.000221689 0.000202216 0.000313152 0.000643639 0.000162878 0.000183464 0.000154048 0.000129967 8.82479e-05 0.000130605
threshold=16.650000000000006 7.7600000000000007 1.4500000000000004 8.451898608804397 38.725000000000009 0.12794352700000003 6.9535500000000008 79.440000000000012 9.6500000000000004 4.5000000000000009 779.97322007526816 5.7500000000000009 0.12940952255126045 267.83492170000005 0.049513888888888892 32.01250000000001 48.500000000000007 273.3297419000001 8.5500000000000025 0.97500000000000009 11.450000000000001 59.460000000000008 0.75500000000000012 10.490000000000002 275.62865090000008 271.99497170000001 -6.1999999999999993 -1.8371428571428561 0.24305555555555558 0.29215705133524944
decision_type=2 2 2 2 2 2 2 2 8 2 2 8 2 2 2 2 2 2 8 2 10 2 2 2 10 10 2 2 2 2
left_child=2 -2 4 -4 6 21 -1 16 9 -9 -11 12 13 -5 -15 -16 17 18 19 -8 24 22 -6 -24 -10 -26 27 -20 29 -18
right_child=1 -3 3 11 5 -7 7 8 20 10 -12 -13 -14 14 15 -17 28 -19 26 -21 -22 -23 23 -25 25 -27 -28 -29 -30 -31
leaf_value=-1.100392183725948e-05 0.00077045049521984766 1.0558151755093046e-05 0.00047288276766445131 0 0 0.00039706789616894984 0 0 -2.764955027475305e-05 0.0004424646587586583 0 0 0 0 0.00025490041588889896 0 0 -2.7717706258697325e-06 0 0.00030400161235985047 7.7308031806399324e-05 0 0.0002422119224586193 0 9.4245545567201377e-05 0 0 0.00010529660099000723 -1.2111529021680032e-05 6.7793435673468608e-05
leaf_weight=11941 50 154 50 67 99 50 86 111 378 58 63 402 259 82 91 70 438 1200 95 51 92 260 51 61 64 117 883 70 4387 72
leaf_count=11941 50 154 50 67 99 50 86 111 378 58 63 402 259 82 91 70 438 1200 95 51 92 260 51 61 64 117 883 70 4387 72
internal_value=1.26246e-06 0.000224046 -6.16244e-07 5.64396e-05 -3.68539e-06 6.466e-05 -5.7082e-06 1.42469e-06 3.99976e-05 0.000124462 0.000246378 2.93871e-05 5.24308e-05 8.77887e-05 0.000119314 0.000173743 -2.5709e-06 9.33691e-06 2.58067e-05 0.00012036 2.08302e-06 1.80128e-05 5.57406e-05 0.000112948 -1.48485e-06 2.55366e-05 8.57679e-06 5.27717e-05 -9.39194e-06 4.19507e-06
internal_weight=21852 204 21648 1021 20627 521 20106 8165 883 232 121 971 569 310 243 161 7282 2385 1185 137 651 471 211 112 559 181 1048 165 4897 510
internal_count=21852 204 21648 1021 20627 521 20106 8165 883 232 121 971 569 310 243 161 7282 2385 1185 137 651 471 211 112 559 181 1048 165 4897 510
is_linear=0
shrinkage=0.05


end of trees

feature_importances:
pct_forest=30
last_N_t=21
mslma_t=20
pressure_change_3h=18
pct_unmapped=18
pressure_change_6h=15
total_tp_next_1h=14
gust_exceed_30=13
log_customers=13
tree_canopy_pct=13
total_tp_next_24h=12
gust_gt30_since_onset=12
t2m_at_t24h=12
sp_t=11
soil_moist_x_gust=11
wind_speed_at_t24h=11
wind_speed_at_t48h=11
pct_developed=11
total_tp_next_6h=10
gust_max_last6h_obs=9
min_t2m_next_24h=9
gust_mean_next_48h=9
t2m_at_t48h=9
pop_density=9
pct_wetland=9
gust_exceed30_x_hso=8
gust_change_3h=8
cumul_gust_since_onset=8
forest_x_customers=8
wind_cos_t=7
gust_at_t48h=7
R_t_mean_72h=6
hours_since_peak=6
gust_last_obs=6
min_t2m_next_48h=6
t2m_at_t6h=6
hour_of_day=6
pct_water=6
pct_forest_classified=6
tree_canopy_std=6
last_osi=5
last_R_t=5
osi_trend_last6h=5
d2m_t=5
soil_moist_t=5
min_t2m_next_6h=5
gust_mean_next_24h=5
temp_change_6h=5
wind_change_1h=5
cumul_tp_since_onset=5
n_utilities=5
last_P_t=4
outage_pct_mean_72h=4
N_t_mean_72h=4
R_t_max_72h=4
frac_zero_72h=4
gust_trend_last6h_obs=4
wind_sin_t=4
gust_gt30_next_48h=4
wind_speed_at_t1h=4
hour_sin=4
hours_since_obs=4
osi_mean_72h=3
pre_event_mean_osi=3
storm_onset_mean_osi=3
gust_mean_obs=3
blh_t=3
lcc_t=3
diffuse_rad_t=3
soil_gust_x_phase=3
gust_gt30_next_1h=3
gust_max_next_6h=3
gust_mean_next_6h=3
gust_gt30_next_24h=3
gust_peak4h_mean_next_24h=3
gust_at_t24h=3
tp_rate_next_24h=3
last_D_t=2
gust_gt30_obs=2
csnow_t=2
sdswrf_t=2
gust_mean_next_1h=2
wind_speed_max_next_1h=2
wind_speed_max_next_6h=2
gust_max_next_24h=2
wind_speed_max_next_48h=2
gust_peak4h_mean_next_48h=2
gust_change_1h=2
t2m_at_t1h=2
gust_at_t6h=2
tp_rate_next_1h=2
last_outage_pct=1
osi_std_72h=1
pre_event_max_outage_pct=1
gust_gt40_obs=1
gust_t=1
wind_speed_t=1
t2m_t=1
tcc_t=1
mcc_t=1
direct_rad_t=1
et0_t=1
dewpoint_c_t=1
gust_max_next_1h=1
gust_gt30_next_6h=1
gust_peak4h_mean_next_6h=1
wind_speed_max_next_24h=1
gust_max_next_48h=1
total_tp_next_48h=1
tp_at_t1h=1
tp_at_t6h=1
days_since_onset=1
rural_urban_code=1
pct_agriculture=1
tp_rate_next_6h=1
gust_gt30_frac_next_6h=1
gust_gt30_frac_next_24h=1
tp_rate_next_48h=1
gust_gt30_frac_next_48h=1

parameters:
[boosting: gbdt]
[objective: huber]
[metric: rmse]
[tree_learner: serial]
[device_type: cpu]
[data_sample_strategy: bagging]
[data: ]
[valid: ]
[num_iterations: 2000]
[learning_rate: 0.05]
[num_leaves: 31]
[num_threads: -1]
[seed: 42]
[deterministic: 0]
[force_col_wise: 0]
[force_row_wise: 0]
[histogram_pool_size: -1]
[max_depth: -1]
[min_data_in_leaf: 50]
[min_sum_hessian_in_leaf: 0.001]
[bagging_fraction: 0.8]
[pos_bagging_fraction: 1]
[neg_bagging_fraction: 1]
[bagging_freq: 5]
[bagging_seed: 42]
[bagging_by_query: 0]
[feature_fraction: 0.8]
[feature_fraction_bynode: 1]
[feature_fraction_seed: 42]
[extra_trees: 0]
[extra_seed: 12879]
[early_stopping_round: 0]
[early_stopping_min_delta: 0]
[first_metric_only: 0]
[max_delta_step: 0]
[lambda_l1: 0.1]
[lambda_l2: 1]
[linear_lambda: 0]
[min_gain_to_split: 0]
[drop_rate: 0.1]
[max_drop: 50]
[skip_drop: 0.5]
[xgboost_dart_mode: 0]
[uniform_drop: 0]
[drop_seed: 42]
[top_rate: 0.2]
[other_rate: 0.1]
[min_data_per_group: 100]
[max_cat_threshold: 32]
[cat_l2: 10]
[cat_smooth: 10]
[max_cat_to_onehot: 4]
[top_k: 20]
[monotone_constraints: ]
[monotone_constraints_method: basic]
[monotone_penalty: 0]
[feature_contri: ]
[forcedsplits_filename: ]
[refit_decay_rate: 0.9]
[cegb_tradeoff: 1]
[cegb_penalty_split: 0]
[cegb_penalty_feature_lazy: ]
[cegb_penalty_feature_coupled: ]
[path_smooth: 0]
[interaction_constraints: ]
[verbosity: -1]
[saved_feature_importance_type: 0]
[use_quantized_grad: 0]
[num_grad_quant_bins: 4]
[quant_train_renew_leaf: 0]
[stochastic_rounding: 1]
[linear_tree: 0]
[max_bin: 255]
[max_bin_by_feature: ]
[min_data_in_bin: 3]
[bin_construct_sample_cnt: 200000]
[data_random_seed: 42]
[is_enable_sparse: 1]
[enable_bundle: 1]
[use_missing: 1]
[zero_as_missing: 0]
[feature_pre_filter: 1]
[pre_partition: 0]
[two_round: 0]
[header: 0]
[label_column: ]
[weight_column: ]
[group_column: ]
[ignore_column: ]
[categorical_feature: ]
[forcedbins_filename: ]
[precise_float_parser: 0]
[parser_config_file: ]
[objective_seed: 16083]
[num_class: 1]
[is_unbalance: 0]
[scale_pos_weight: 1]
[sigmoid: 1]
[boost_from_average: 1]
[reg_sqrt: 0]
[alpha: 0.9]
[fair_c: 1]
[poisson_max_delta_step: 0.7]
[tweedie_variance_power: 1.5]
[lambdarank_truncation_level: 30]
[lambdarank_norm: 1]
[label_gain: ]
[lambdarank_position_bias_regularization: 0]
[eval_at: ]
[multi_error_top_k: 1]
[auc_mu_weights: ]
[num_machines: 1]
[local_listen_port: 12400]
[time_out: 120]
[machine_list_filename: ]
[machines: ]
[gpu_platform_id: -1]
[gpu_device_id: -1]
[gpu_device_id_list: ]
[gpu_use_dp: 0]
[num_gpu: 1]

end of parameters

pandas_categorical:[]
