tree
version=v4
num_class=1
num_tree_per_iteration=1
label_index=0
max_feature_idx=162
objective=huber
feature_names=last_osi last_P_t last_N_t last_D_t last_R_t last_outage_pct osi_mean_72h osi_max_72h osi_std_72h outage_pct_mean_72h outage_pct_max_72h N_t_mean_72h N_t_max_72h R_t_mean_72h R_t_max_72h pre_event_mean_osi pre_event_max_outage_pct storm_onset_max_osi storm_onset_mean_osi osi_trend_last6h is_worsening frac_zero_72h hours_since_peak gust_mean_obs gust_max_obs gust_gt30_obs gust_gt40_obs cumul_gust_obs gust_last_obs gust_max_last6h_obs gust_trend_last6h_obs gust_t wind_speed_t wind_sin_t wind_cos_t t2m_t d2m_t tp_t rain_t csnow_t sdwe_t r2_t vpd_t soil_moist_t blh_t tcc_t lcc_t mcc_t hcc_t sp_t mslma_t sdswrf_t direct_rad_t diffuse_rad_t et0_t temp_c_t dewpoint_c_t icing_risk_t gust_exceed_30 soil_moist_x_gust is_snowing gust_x_hso gust_x_phase soil_gust_x_phase gust_exceed30_x_hso gust_max_next_1h gust_mean_next_1h wind_speed_max_next_1h total_tp_next_1h min_t2m_next_1h gust_gt30_next_1h gust_gt40_next_1h gust_peak4h_mean_next_1h gust_max_next_6h gust_mean_next_6h wind_speed_max_next_6h total_tp_next_6h min_t2m_next_6h gust_gt30_next_6h gust_gt40_next_6h gust_peak4h_mean_next_6h gust_max_next_24h gust_mean_next_24h wind_speed_max_next_24h total_tp_next_24h min_t2m_next_24h gust_gt30_next_24h gust_gt40_next_24h gust_peak4h_mean_next_24h gust_max_next_48h gust_mean_next_48h wind_speed_max_next_48h total_tp_next_48h min_t2m_next_48h gust_gt30_next_48h gust_gt40_next_48h gust_peak4h_mean_next_48h gust_change_1h gust_change_3h pressure_change_3h pressure_change_6h temp_change_6h wind_change_1h cumul_gust_since_onset cumul_tp_since_onset gust_gt30_since_onset gust_at_t1h wind_speed_at_t1h t2m_at_t1h tp_at_t1h gust_at_t6h wind_speed_at_t6h t2m_at_t6h tp_at_t6h gust_at_t24h wind_speed_at_t24h t2m_at_t24h tp_at_t24h gust_at_t48h wind_speed_at_t48h t2m_at_t48h tp_at_t48h hour_of_day hour_sin hour_cos days_since_onset hours_since_obs storm_phase log_customers rural_urban_code is_metro pop_density n_utilities pct_forest pct_developed pct_agriculture pct_water pct_wetland pct_unmapped pct_forest_classified tree_canopy_pct tree_canopy_std forest_x_customers window_len_next_1h is_full_next_1h tp_rate_next_1h gust_gt30_frac_next_1h has_weather_at_t1h window_len_next_6h is_full_next_6h tp_rate_next_6h gust_gt30_frac_next_6h has_weather_at_t6h window_len_next_24h is_full_next_24h tp_rate_next_24h gust_gt30_frac_next_24h has_weather_at_t24h window_len_next_48h is_full_next_48h tp_rate_next_48h gust_gt30_frac_next_48h has_weather_at_t48h
feature_infos=[0:0.55230000000000001] [0:0.82424180700000005] [0:0.065400654000000003] [0:0.90465771100000003] [0:0.058582058999999999] [0:82.420000000000002] [4.1666666666666669e-06:0.26529999999999998] [0.0001:0.65049999999999997] [1.9982631347136334e-05:0.22470370552747407] [0.00083333333333333328:39.644861111111112] [0.02:100] [3.1208333333333337e-06:0.018623942125000001] [7.4900000000000005e-05:0.37916412199999999] [3.1208333333333337e-06:0.017093115180555556] [7.4900000000000005e-05:0.18675781699999999] [0:0.38653749999999998] [0:100] [0:0.59799999999999998] [0:0.20940416666666664] [-0.055854285714285697:0.019237142857142855] [0:1] [0:0.95833333333333337] [0:71] [13.03611111111111:31.258333333333326] [29.100000000000001:70] [0:35] [0:17] [938.59999999999991:2250.5999999999995] [3.8999999999999999:47.5] [15.4:64.5] [-6.477142857142856:3.3114285714285714] [0.59999999999999998:58.299999999999997] [0:38] [-0.99999999953664132:0.99999999987412524] [-0.99999999369183823:1] [261.05202270000001:298.4303941] [257.33913039999999:289.74666669999999] [0:11.300000000000001] [0:11.300000000000001] [0:2.52] [0:0.089999999999999997] [15:100] [0:2.5] [0.16700000000000001:0.52300000000000002] [10:3015] [0:100] [0:100] [0:100] [0:100] [884.60000000000002:1027] [986.70000000000005:1031.8] [0:840] [0:731] [0:463] [0:0.59999999999999998] [-12.097977299999968:25.280394100000024] [-15.81086959999999:16.596666700000014] [0:1] [0:28.299999999999997] [0.19259999999999999:23.550000000000001] [0:1] [0.80000000000000004:3819.7999999999997] [0:107.59999999999999] [0:47.100000000000001] [0:1689.7999999999997] [1.2:58.299999999999997] [0.89999999999999991:54.5] [0:38] [0:14.699999999999999] [260.0631818:298.21689659999998] [0:2] [0:2] [0.89999999999999991:54.5] [5.0999999999999996:58.299999999999997] [3.657142857142857:49.328571428571429] [0.40000000000000002:38] [0:26.699999999999999] [259.42265909999998:296.40927479999999] [0:7] [0:7] [4.3500000000000005:52.550000000000004] [12.800000000000001:58.299999999999997] [8.2360000000000007:43.052] [5.7999999999999998:38] [0:34.399999999999999] [259.42265909999998:286.57337899999999] [0:25] [0:19] [12.450000000000001:52.550000000000004] [12.800000000000001:58.299999999999997] [7.8571428571428568:37.897959183673471] [5.7999999999999998:38] [0:37.399999999999999] [259.42265909999998:282.77648069999998] [0:42] [0:22] [12.625:52.550000000000004] [-24.299999999999997:28.199999999999999] [-32:33.399999999999999] [-6.1999999999999318:10.599999999999909] [-10.899999999999977:14.599999999999909] [-20.027499999999975:21.845291299999985] [-15.300000000000001:28.000000000000004] [347.09999999999997:3733.5999999999999] [0:39.20000000000001] [0:61] [0.59999999999999998:58.299999999999997] [0:38] [260.0631818:298.4303941] [0:11.300000000000001] [1.5:58.299999999999997] [0:38] [259.42265909999998:298.4303941] [0:11.300000000000001] [0.90000000000000002:58.299999999999997] [0:38] [259.42265909999998:298.4303941] [0:11.300000000000001] [0.90000000000000002:53.799999999999997] [0:33.799999999999997] [259.42265909999998:296.58327589999999] [0:11.300000000000001] [0:23] [-1:1] [-1:1] [1:4] [1:96] [0:2] [7.1180162044653335:13.453719692845613] [1:9] [0:1] [8.3691524328166658:11939.655837338518] [1:11] [0.96999999999999997:88.719999999999999] [2.21:86.629999999999995] [0.080000000000000002:87.469999999999999] [0.01:5.5099999999999998] [0:16.82] [1.8899999999999999:17.02] [0.98868616858628067:95.299005138296707] [2.2000000000000002:81.680000000000007] [12.65:40.350000000000001] [8.0679963363985543:931.73249595386176] none none [0:7.3499999999999996] [0:1] none none none [0:3.8142857142857141] [0:1] none none none [0:1.3759999999999999] [0:1] none none none [0:0.76326530612244892] [0:0.8571428571428571] none
tree_sizes=2942 3012 2960 2882 2910 2889 2951 2834 2895

Tree=0
num_leaves=31
num_cat=0
split_feature=133 90 103 0 133 88 9 100 77 44 116 141 139 103 140 141 1 0 115 61 104 6 14 160 160 2 113 0 49 14
split_gain=0.586595 0.921984 0.0893517 0.12898 0.106772 0.119228 0.162095 0.0613225 0.0167396 0.0120508 0.0130733 0.00715143 0.00730066 0.00680727 0.00575213 0.00559662 0.00429976 0.0041688 0.00375479 0.00359395 0.00331988 0.00437207 0.00485103 0.00289419 0.00264156 0.00257581 0.0107744 0.00255954 0.00253869 0.0030593
threshold=88.200000000000003 25.359183673469392 1300.6500000000003 0.20185000000000003 80.210000000000022 36.087500000000013 0.33256944444444447 1.2500000000000002 274.34757110000004 742.50000000000011 285.05114920000005 33.775000000000013 58.77504060138714 2136.3500000000008 73.145000000000024 36.925000000000004 0.036738039000000007 0.44465000000000005 12.250000000000002 21.150000000000002 0.25000000000000006 0.0035847222222222226 0.020693614500000002 0.44183673469387763 0.35612244897959194 0.0053583815000000012 0.35000000000000003 0.12160000000000001 970.45000000000016 0.024338907000000003
decision_type=2 2 2 2 2 2 2 2 2 2 2 2 2 2 2 2 2 2 2 2 2 2 2 2 2 2 2 2 2 2
left_child=2 13 3 4 8 9 -7 -5 11 10 -6 18 15 -2 16 -13 19 20 28 -10 21 -4 -23 -21 -18 -22 -27 -26 -1 -30
right_child=1 -3 17 7 5 6 -8 -9 14 -11 -12 12 -14 -15 -16 -17 24 -19 -20 23 25 22 -24 -25 27 26 -28 -29 29 -31
leaf_value=0.003254143044140709 0.0039429394671074529 0.011826971704576758 0.0031623782702774861 0.0037940737763243644 0.003254143044140709 0.0033847953203067836 0.0068316900712714537 0.0061499447755260003 0.0035640264038999964 0.003254143044140709 0.0042390421647788556 0.0041228922467340216 0.0033651822819233982 0.0032005053859217127 0.0035656739468649112 0.0034848221263768502 0.0032636754599990265 0.0035149190949246216 0.0032456616555697226 0.0031481471577544749 0.0031096425875893493 0.003254143044140709 0.0038346594373595195 0.0032842482339144881 0.0037795315725649634 0.0031455280681227222 0.0039018502082349828 0.003254143044140709 0.0036352178920046685 0.003254143044140709
leaf_weight=75 50 50 336 64 50 67 76 59 53 200 89 100 192 51 112 95 604 59 392 2361 8225 60 59 403 55 401 52 54 197 73
leaf_count=75 50 50 336 64 50 67 76 59 53 200 89 100 192 51 112 95 604 59 392 2361 8225 60 59 403 55 401 52 54 197 73
internal_value=0.00325363 0.00634331 0.00322104 0.00338258 0.0033439 0.00405251 0.00526356 0.00497869 0.00327103 0.00352254 0.00387875 0.00344032 0.00361837 0.00352218 0.00322012 0.00384031 0.00320766 0.0031261 0.00333968 0.0031791 0.00312301 0.00325414 0.00351383 0.0031698 0.00331343 0.00311611 0.0032446 0.00354112 0.00346067 0.00353321
internal_weight=14714 151 14563 5371 5248 482 143 123 4766 339 139 1124 387 101 3642 195 3530 9192 737 2817 9133 455 119 2764 713 8678 453 109 345 270
internal_count=14714 151 14563 5371 5248 482 143 123 4766 339 139 1124 387 101 3642 195 3530 9192 737 2817 9133 455 119 2764 713 8678 453 109 345 270
is_linear=0
shrinkage=1


Tree=1
num_leaves=31
num_cat=0
split_feature=133 90 85 0 133 81 28 94 100 77 131 28 114 140 23 29 22 22 75 61 91 49 112 15 2 101 9 24 50 138
split_gain=0.530392 0.833759 0.0734911 0.107942 0.0926355 0.0896194 0.129597 0.0939592 0.0710354 0.015735 0.0100999 0.00944918 0.006217 0.0062139 0.00557673 0.00504819 0.0125487 0.00456708 0.00330143 0.00310899 0.00282273 0.00223044 0.00214413 0.00188812 0.00167843 0.00976711 0.00147665 0.00124495 0.00156177 0.00110888
threshold=88.200000000000003 25.359183673469392 271.01637660000006 0.20185000000000003 80.210000000000022 37.550000000000004 28.450000000000003 16.500000000000004 1.2500000000000002 274.34757110000004 43.993537203986527 44.050000000000004 14.350000000000003 73.145000000000024 18.533333333333339 51.350000000000009 6.5000000000000009 6.5000000000000009 9.7500000000000018 250.85000000000005 23.550000000000004 964.45000000000016 275.64863575000004 0.001954166666666667 0.0053583815000000012 -7.0610632499999886 0.81826388888888901 31.950000000000006 1021.4500000000002 4.4700000000000015
decision_type=2 2 2 2 2 2 2 2 2 2 2 2 2 2 2 2 2 2 2 2 2 2 2 2 2 2 2 2 2 2
left_child=2 12 19 4 9 10 7 -7 -5 11 23 14 -2 15 -4 18 -17 20 22 -1 -16 -8 -11 -6 -21 -26 -24 28 -20 -19
right_child=1 -3 3 8 5 6 21 -9 -10 13 -12 -13 -14 -15 17 16 -18 29 27 24 -22 -23 26 -25 25 -27 -28 -29 -30 -31
leaf_value=0.00012085616287621116 -5.1382606809336439e-05 0.0081525920795313296 0.00056254774183045291 0.00051421982436193365 -8.3923154829763718e-05 0.0011358064845334128 -7.2370701944272839e-06 0.0041930711497035296 0.0027534248102456331 0.00023258513905346947 0.00070805262630694254 0.00065210006908746434 0.00065541450809686319 0.00032447965624259772 9.2644809825991804e-05 -2.09220490734407e-06 0.00074546150018725164 7.6008482906081355e-05 -6.5132767464319837e-05 -0.0001381298033445255 0.00045398329810474405 0.00037513325736134517 -4.267099771102733e-05 0.00018127108201357073 0.00059951764241905387 -0.00012905343319155884 0.00012117948727949801 -0.00010110583637537421 0.00024584108977420733 -7.0275695684002268e-05
leaf_weight=101 51 50 69 106 170 60 50 53 59 95 65 99 50 110 216 269 66 207 95 7800 105 55 875 106 52 326 154 2824 58 318
leaf_count=101 51 50 69 106 170 60 50 53 59 95 65 99 50 110 216 269 66 207 95 7800 105 55 875 106 52 326 154 2824 58 318
internal_value=-1.90088e-07 0.00293774 -3.11957e-05 9.72658e-05 6.22694e-05 0.000675223 0.00146734 0.00263781 0.00135679 0 0.000151394 0.000178528 0.000252493 -3.92001e-05 0.000121175 -4.94162e-05 0.000132086 7.86517e-05 -6.54902e-05 -0.000129305 0.00022741 0.000147532 3.31662e-06 1.62983e-07 -0.000133021 -1.43167e-05 -1.32009e-05 -9.31404e-05 2.11161e-05 -3.05738e-06
internal_weight=14714 151 14563 6284 6119 559 218 113 165 5560 341 1014 101 4546 915 4436 335 846 4101 8279 321 105 1124 276 8178 378 1029 2977 153 525
internal_count=14714 151 14563 6284 6119 559 218 113 165 5560 341 1014 101 4546 915 4436 335 846 4101 8279 321 105 1124 276 8178 378 1029 2977 153 525
is_linear=0
shrinkage=0.05


Tree=2
num_leaves=31
num_cat=0
split_feature=133 90 126 0 133 81 19 100 13 77 131 141 142 77 83 136 138 139 6 92 43 141 137 2 77 13 0 138 81 112
split_gain=0.479576 0.753974 0.0694143 0.101536 0.0845443 0.0892316 0.127233 0.0595492 0.0201679 0.0151663 0.00993758 0.00690254 0.00646898 0.005709 0.00531318 0.00343592 0.0051202 0.00327146 0.00398797 0.00506152 0.00564531 0.00293082 0.00273899 0.00662966 0.00411911 0.00414438 0.00235563 0.00221174 0.00185698 0.00211073
threshold=88.200000000000003 25.359183673469392 39.500000000000007 0.20185000000000003 80.210000000000022 37.550000000000004 -0.00055428571428571408 3.8500000000000232 0.00051929306944444454 274.34757110000004 43.993537203986527 33.775000000000013 546.76079864000712 268.95377070000006 21.050000000000004 0.13500000000000004 3.7250000000000005 87.16903152294654 0.004928472222222223 17.450000000000006 0.26750000000000007 35.815000000000005 0.055000000000000007 0.0014317860000000002 288.20169885000001 0.001133737090277778 0.052550000000000006 3.8050000000000002 28.050000000000004 276.48408645000006
decision_type=2 2 2 2 2 2 2 2 2 2 2 2 2 2 2 2 2 2 2 2 2 2 2 2 2 2 2 2 2 2
left_child=2 13 3 4 9 10 -7 -5 -8 11 -6 15 21 -2 17 16 -1 18 28 -20 -21 -13 23 24 -4 -26 -16 -17 29 -11
right_child=1 -3 22 7 5 6 8 -9 -10 14 -12 12 -14 -15 26 27 -18 -19 19 20 -22 -23 -24 -25 25 -27 -28 -29 -30 -31
leaf_value=0 -5.0280762191575303e-05 0.0077529550946372405 -0.00011742760492843632 0.00061294875729319483 7.33676170881381e-06 0.0036635881947476492 4.1737526813791891e-06 0.0027959977382538367 0.0013350504540960441 0.00027370951194937749 0.00073985088887609188 0.00084987971369454975 0.00015554707420991861 0.00062473203308935116 -0.0001187332960575454 0.00020097921759444238 0.00067877395186554746 0.00030446142893197253 1.8209867972074082e-05 0.00081141761942909888 6.1979211140311802e-05 0.00022905833520663662 -0.00013235272988041714 0.00033813378593067125 0 0.00051603878907424314 7.0421633295213661e-06 -2.7242818091231478e-05 -7.573562908115363e-05 0
leaf_weight=83 51 50 1110 105 255 52 68 50 60 80 60 83 233 50 1682 130 54 95 391 51 82 61 7308 97 90 51 384 475 1030 343
leaf_count=83 51 50 1110 105 255 52 68 50 60 80 60 83 233 50 1682 130 54 95 391 51 82 61 7308 97 90 51 384 475 1030 343
internal_value=0 0.00279373 -2.94009e-05 0.000102276 6.72133e-05 0.000691341 0.00157954 0.00136262 0.000672295 7.374e-06 0.000164586 0.000171384 0.000349179 0.000237713 -3.58002e-05 7.39704e-05 0.000301444 1.87843e-05 2.38198e-06 0.000122812 0.000390582 0.000624769 -0.000119838 -4.82392e-05 -8.24375e-05 0.000156692 -9.29448e-05 1.37965e-05 -3.76649e-05 4.32046e-05
internal_weight=14714 151 14563 5907 5752 495 180 155 128 5257 315 1119 377 101 4138 742 137 2072 1977 524 133 144 8656 1348 1251 141 2066 605 1453 423
internal_count=14714 151 14563 5907 5752 495 180 155 128 5257 315 1119 377 101 4138 742 137 2072 1977 524 133 144 8656 1348 1251 141 2066 605 1453 423
is_linear=0
shrinkage=0.05


Tree=3
num_leaves=31
num_cat=0
split_feature=133 90 103 1 133 88 28 100 28 44 116 81 50 4 114 137 88 85 18 137 27 16 111 28 1 3 131 21 42 21
split_gain=0.433603 0.681823 0.067488 0.0968148 0.0781124 0.0882935 0.122009 0.0430076 0.0124016 0.0105962 0.0107375 0.00983064 0.00941784 0.00921686 0.00527348 0.00445047 0.00463857 0.00378869 0.00467563 0.00407783 0.0053738 0.00345894 0.00295344 0.00720177 0.00224037 0.00161566 0.0015291 0.00666374 0.0145088 0.00151991
threshold=88.200000000000003 25.359183673469392 1273.4500000000005 0.30954854950000005 80.210000000000022 36.087500000000013 28.450000000000003 1.2500000000000002 44.050000000000004 742.50000000000011 286.17145365000005 28.950000000000003 1027.8500000000001 0.0022618450000000006 14.350000000000003 0.085000000000000006 35.88750000000001 272.42651330000007 0.063537500000000011 0.045000000000000005 1722.9500000000003 0.30500000000000005 2.2500000000000004 19.250000000000004 0.014147579000000002 0.054459633500000007 33.205449859187688 0.40972222222222227 0.25500000000000006 0.40972222222222227
decision_type=2 2 2 2 2 2 2 2 2 2 2 2 2 2 2 2 2 2 2 2 2 2 2 2 2 2 2 2 2 2
left_child=2 14 3 4 8 9 -7 -5 11 10 -6 12 22 -10 -2 16 -13 26 19 20 -19 -18 23 -1 -24 -17 27 28 -4 -23
right_child=1 -3 17 7 5 6 -8 -9 13 -11 -12 15 -14 -15 -16 25 21 18 -20 -21 -22 29 24 -25 -26 -27 -28 -29 -30 -31
leaf_value=0.0007605624121950112 -5.0291495264480967e-05 0.0073729082901834277 -4.7751661576709618e-05 0.00043870454565782485 0 0.0032361611243936108 0.00017569823643577326 0.002496951051366826 0 0 0.00094366865545655149 -4.1364746498540175e-06 0.00068006415943799717 0.00080452317124497298 0.00059663289285369911 -8.2090596727690069e-05 0 0.00058610799730840057 0.00036552188204153291 -8.9276839533037019e-05 -1.8371563924449506e-05 9.9245610129882533e-05 0 0 0.00017016721238430295 9.4934618456179345e-06 -0.00012778031574515832 -0.00012554231917392852 0.00083670325170744271 0.00062714381509503144
leaf_weight=53 51 50 149 57 56 69 68 59 79 197 80 329 75 85 50 2365 59 54 72 856 68 50 625 85 259 486 7364 733 61 70
leaf_count=53 51 50 149 57 56 69 68 59 79 197 80 329 75 85 50 2365 59 54 72 856 68 50 625 85 259 486 7364 733 61 70
internal_value=0 0.00265679 -2.76254e-05 0.000116201 8.24588e-05 0.000696156 0.00176561 0.0015407 1.88072e-05 0.000237231 0.000574949 1.91642e-06 0.000132857 0.000444645 0.000223658 -3.93856e-05 9.28631e-05 -0.000108185 -1.31863e-05 -4.65188e-05 0.000211124 0.000297958 8.7187e-05 0.000308537 4.6673e-05 -6.47276e-05 -0.000119588 -5.02492e-05 0.000188213 0.000451147
internal_weight=14714 151 14563 5206 5090 470 137 116 4620 333 136 4456 1097 164 101 3359 508 9357 1050 978 122 179 1022 138 884 2851 8307 943 210 120
internal_count=14714 151 14563 5206 5090 470 137 116 4620 333 136 4456 1097 164 101 3359 508 9357 1050 978 122 179 1022 138 884 2851 8307 943 210 120
is_linear=0
shrinkage=0.05


Tree=4
num_leaves=31
num_cat=0
split_feature=133 90 103 1 133 88 9 100 77 116 51 28 115 50 103 140 1 104 9 50 126 12 1 8 6 2 101 50 160 138
split_gain=0.392063 0.616574 0.061254 0.0877224 0.0708203 0.0798292 0.113852 0.038827 0.0117423 0.00829153 0.0195017 0.00701812 0.0051402 0.00664172 0.00485121 0.00409011 0.00357446 0.00320589 0.00514001 0.00307116 0.00269133 0.00263407 0.00225185 0.0024815 0.00196293 0.00195265 0.0087971 0.00152831 0.00135951 0.00134053
threshold=88.200000000000003 25.359183673469392 1273.4500000000005 0.30954854950000005 80.210000000000022 36.087500000000013 0.33256944444444447 3.8500000000000232 274.34757110000004 286.17145365000005 10.500000000000002 44.050000000000004 12.350000000000003 1027.8500000000001 2136.3500000000008 73.145000000000024 0.67217406300000015 0.25000000000000006 0.75604166666666683 1017.85 3.5000000000000004 0.010508274500000003 0.042119300500000005 0.014336233172250374 0.012020833333333335 0.0039957775000000013 -7.937171449999993 1018.5500000000001 0.44183673469387763 5.9900000000000011
decision_type=2 2 2 2 2 2 2 2 2 2 2 2 2 2 2 2 2 2 2 2 2 2 2 2 2 2 2 2 2 2
left_child=2 14 3 4 8 9 -7 -5 11 -6 -11 12 13 21 -2 19 17 18 -4 -10 -21 -1 28 -24 29 -19 -27 -17 -22 -23
right_child=1 -3 16 7 5 6 -8 -9 15 10 -12 -13 -14 -15 -16 27 -18 25 -20 20 22 24 23 -25 -26 26 -28 -29 -30 -31
leaf_value=0 0.00056899977502111786 0.0070114913538974885 -4.9886102397773993e-05 0.00055644930172568262 0 5.4550336257447123e-05 0.0030181966936593326 0.0025365394463433937 -0.0001011770877378367 0.0012655937036119955 1.9948999722999489e-05 0.00057279462174046776 -4.6315532251128907e-06 0.00073692881257541611 -4.9407834437890695e-05 0 0.00025574724487654993 -0.00011860022842676796 0.00039015777283706347 0.00034044483274556117 -6.5325759623148931e-05 0.00040713960559966432 0.00041547052333971453 2.8716752451093947e-05 0 0.00060471653519141239 -8.4884468584573184e-05 0.00044303826336423904 4.6941568409263691e-05 0.00010766554612122952
leaf_weight=194 50 50 411 66 184 64 73 50 1196 53 96 99 436 58 51 51 60 8292 77 55 1319 144 50 488 56 50 467 59 285 130
leaf_count=194 50 50 411 66 184 64 73 50 1196 53 96 99 436 58 51 51 60 8292 77 55 1319 144 50 488 56 50 467 59 285 130
internal_value=0 0.00252655 -2.60326e-05 0.00011097 7.88005e-05 0.00066317 0.00168038 0.00146706 1.81391e-05 0.00022593 0.000501847 0.000159857 0.00011427 0.000211775 0.000210292 -2.56563e-05 -0.000102795 -0.000105674 9.97798e-06 -3.67169e-05 0 0.000142831 -1.05335e-05 7.4641e-05 0.000228587 -0.000112649 -7.50075e-06 0.000267726 -4.22459e-05 0.000284143
internal_weight=14714 151 14563 5206 5090 470 137 116 4620 333 149 1117 1018 582 101 3503 9357 9297 488 3393 2197 524 2142 538 330 8809 517 110 1604 274
internal_count=14714 151 14563 5206 5090 470 137 116 4620 333 149 1117 1018 582 101 3503 9357 9297 488 3393 2197 524 2142 538 330 8809 517 110 1604 274
is_linear=0
shrinkage=0.05


Tree=5
num_leaves=31
num_cat=0
split_feature=133 83 126 0 133 82 18 100 21 77 28 6 83 24 140 0 8 22 120 52 138 138 105 92 82 133 35 128 13 0
split_gain=0.400366 0.580021 0.0555619 0.0719361 0.0665183 0.0617022 0.090964 0.0441824 0.0429177 0.0100734 0.0065996 0.00490846 0.00394144 0.00710692 0.00382693 0.0034615 0.00360928 0.00306577 0.00365565 0.00364083 0.00293431 0.00326598 0.00217235 0.00213486 0.00242932 0.00208954 0.00313334 0.00161728 0.00144265 0.00130983
threshold=88.200000000000003 14.450000000000001 39.500000000000007 0.20185000000000003 79.980000000000004 23.754000000000008 0.0042979166666666678 1.2500000000000002 0.36805555555555564 274.54209880000002 44.050000000000004 0.0012187500000000004 16.050000000000004 36.750000000000007 73.145000000000024 0.026950000000000005 0.014336233172250374 6.5000000000000009 286.79874245000002 70.500000000000014 3.8850000000000002 2.9800000000000004 15.500000000000002 20.450000000000006 13.398000000000001 84.075000000000017 289.91534255000005 9.3621587602593763 0.0028292562638888891 0.037000000000000005
decision_type=2 2 2 2 2 2 2 2 2 2 2 2 2 2 2 2 2 2 2 2 2 2 2 2 2 2 2 2 2 2
left_child=2 -2 3 4 9 17 11 -5 -8 10 12 -7 13 -1 15 23 22 -6 19 -19 21 -15 -17 24 27 -4 -27 -11 -25 -14
right_child=1 -3 25 7 5 6 8 -9 -10 14 -12 -13 29 20 -16 16 -18 18 -20 -21 -22 -23 -24 28 -26 26 -28 -29 -30 -31
leaf_value=0.00061634999697079453 0.00014826624206155736 0.0066584252329881903 -0.00011255215612535088 0.00041914690325430334 -6.6521018785351769e-05 -4.3289410397477881e-05 0.0033007602524539495 0.00227714989398574 0.001177943278687881 0.00027662512723890682 0.00055503780573477283 0.00054522428312338896 -3.1109800916804296e-05 0 0.00032836350389282289 0 1.0694053630029265e-06 0.00064183625730895107 -3.5000652112233052e-05 3.0278004320708153e-05 0 0.00048422769507201996 0.00055620069512560114 0 -9.9372989952066661e-05 -4.9182145158399153e-05 0.00036851410797121044 0 0.00025869499511706336 0.00015382571553957197
leaf_weight=87 95 54 8339 92 119 68 52 57 66 61 90 52 473 70 69 54 850 68 55 67 284 83 51 357 2346 318 51 188 59 118
leaf_count=87 95 54 8339 92 119 68 52 57 66 61 90 52 473 70 69 54 850 68 55 67 284 83 51 357 2346 318 51 188 59 118
internal_value=-5.33989e-08 0.00256965 -2.67147e-05 9.07823e-05 6.18381e-05 0.000586087 0.00119152 0.0011737 0.00217532 6.05678e-06 0.000133643 0.000172809 9.46815e-05 0.000194486 -3.08299e-05 -3.84207e-05 4.13371e-05 0.0001013 0.000232385 0.000377541 9.78687e-05 0.000273637 0.000317059 -6.53828e-05 -8.28155e-05 -0.000107384 0 5.29574e-05 3.13093e-05 0
internal_weight=14793 149 14644 5936 5787 547 238 149 118 5240 1205 120 1115 524 4035 3966 955 309 190 135 437 153 105 3011 2595 8708 369 249 416 591
internal_count=14793 149 14644 5936 5787 547 238 149 118 5240 1205 120 1115 524 4035 3966 955 309 190 135 437 153 105 3011 2595 8708 369 249 416 591
is_linear=0
shrinkage=0.05


Tree=6
num_leaves=31
num_cat=0
split_feature=137 94 26 92 61 0 90 135 104 0 116 15 91 105 104 88 138 12 21 56 2 100 28 28 77 0 98 138 0 126
split_gain=0.0918469 0.400756 0.456592 0.10905 0.0344434 0.090583 0.0194346 0.0253668 0.00813781 0.0122287 0.00573285 0.00408575 0.00476911 0.00348714 0.00346999 0.00335691 0.00389354 0.00461707 0.00310635 0.0029452 0.00262868 0.0025035 0.00246682 0.00225892 0.00196889 0.00176176 0.00132002 0.00146147 0.00117728 0.0011348
threshold=0.025000000000000005 16.500000000000004 3.5000000000000004 21.550000000000004 236.45000000000002 0.20185000000000003 24.413265306122451 8.4550000000000018 1.8500000000000005 0.071900000000000006 285.53660965000006 0.00025937500000000006 21.250000000000004 5.5000000000000009 5.2500000000000018 25.587500000000006 3.9200000000000004 0.022702356000000003 0.31250000000000006 12.07734715000001 0.00042908450000000005 4.5999999999999668 9.0500000000000025 25.600000000000005 273.79950595000008 0.44465000000000005 -1.5999999999999959 6.0650000000000004 0.016250000000000004 42.500000000000007
decision_type=2 2 2 2 2 2 2 2 2 2 2 2 2 2 2 2 2 2 2 2 2 2 2 2 2 2 2 2 2 2
left_child=1 6 3 -3 5 8 13 -8 15 21 25 -12 14 -1 18 16 17 24 -13 -15 -4 -10 -18 -9 -2 29 -20 -28 -17 -6
right_child=4 2 20 -5 10 -7 7 23 9 -11 11 12 -14 19 -16 28 22 -19 26 -21 -22 -23 -24 -25 -26 -27 27 -29 -30 -31
leaf_value=0.00031452403286521353 0.00069131129715307678 0.0028460788762770662 -1.7082424436760925e-05 0.0063794190464717048 -6.3076937371487279e-05 0.0018250405104328436 0.0010988021584737307 0.0003355503541160943 4.8756771499202358e-06 0.00089632916351969254 -9.0337602424093329e-05 0 -9.4018275544882935e-06 -7.2047855623943749e-05 -2.9249294248074871e-05 -7.1251922317932084e-05 0.00026613446323173537 0 7.2202521136764856e-05 0.00027371023449813953 0.00039596007384547937 0.00035634266441255546 -8.1859538364870235e-06 0 0.0001357945171034301 0.00015254680645597853 0.00022300079155898221 0.00073132238937458679 3.0818845036064983e-05 -0.0001122977210512945
leaf_weight=65 68 55 67 52 2049 75 93 63 209 68 545 67 427 1195 63 724 91 94 51 59 53 83 515 154 57 52 67 69 381 7182
leaf_count=65 68 55 67 52 2049 75 93 63 209 68 545 67 427 1195 63 724 91 94 51 59 53 83 515 154 57 52 67 69 381 7182
internal_value=0 0.000328725 0.00229259 0.00465268 -4.73025e-05 0.000124291 5.07565e-05 0.000407463 6.5635e-05 0.000284774 -8.61698e-05 9.13485e-06 8.8736e-05 -2.95364e-05 0.000236265 2.20438e-05 9.982e-05 0.000282686 0.000321585 -5.15909e-05 0.000125787 0.000122719 2.51407e-05 8.45583e-05 0.000480766 -9.99415e-05 0.000426123 0.000520851 -3.15415e-05 -0.000101922
internal_weight=14793 1856 227 107 12937 2365 1629 310 2290 360 10572 1289 744 1319 317 1930 825 219 254 1254 120 292 606 217 125 9283 187 136 1105 9231
internal_count=14793 1856 227 107 12937 2365 1629 310 2290 360 10572 1289 744 1319 317 1930 825 219 254 1254 120 292 606 217 125 9283 187 136 1105 9231
is_linear=0
shrinkage=0.05


Tree=7
num_leaves=31
num_cat=0
split_feature=139 86 103 0 139 92 6 90 100 77 28 4 94 89 81 50 61 112 104 6 4 101 12 92 1 13 15 21 0 21
split_gain=0.110452 0.421376 0.0398745 0.0652227 0.0424773 0.0664264 0.0731282 0.0346935 0.0291573 0.00994072 0.00586277 0.00481422 0.00475187 0.00503323 0.00425966 0.00925334 0.00450069 0.00319514 0.00392758 0.00437234 0.00270248 0.00294028 0.00240182 0.00129275 0.00110491 0.00181809 0.00184419 0.00106022 0.000964274 0.00110691
threshold=91.048068522959113 10.500000000000002 1273.4500000000005 0.20185000000000003 84.467414954242443 17.250000000000007 0.0022361111111111115 24.242857142857147 1.2500000000000002 275.57644110000007 44.050000000000004 0.0022618450000000006 4.5000000000000009 34.850000000000001 28.950000000000003 1027.3500000000001 21.150000000000002 288.22989755000009 1.0000000180025095e-35 0.0016444444444444445 0.0012481850000000004 -2.4200049000000088 0.12196273300000002 21.550000000000004 0.014147579000000002 0.0011534361805555558 0.0003062500000000001 0.18750000000000003 0.037000000000000005 0.49305555555555564
decision_type=2 2 2 2 2 2 2 2 2 2 2 2 2 2 2 2 2 2 2 2 2 2 2 2 2 2 2 2 2 2
left_child=2 7 3 4 9 -6 -7 12 -5 10 14 -12 -2 -14 15 16 -1 -4 19 -19 23 -22 27 -11 -18 26 -26 -20 -16 -30
right_child=1 -3 17 8 5 6 -8 -9 -10 20 11 -13 13 -15 28 -17 24 18 22 -21 21 -23 -24 -25 25 -27 -28 -29 29 -31
leaf_value=0.00052792911821896154 -0.00011375082245978052 0.0043117212820798162 -0.00010244426024531015 0.00033747675824550948 0 0.00020541237964127423 0.0023282030467918625 0.0011040984889054122 0.002075576640601302 -8.8334298872001676e-05 0 0.00073021709634589829 0.00059080382639846094 0 -3.7015121379325953e-05 0.00082574801320263848 0 0 9.2747192127515311e-05 0.00060313261729438991 0.00029400916865377348 0 0.0002447945094257692 7.235261909728753e-06 0 0 0.00045719629673950492 -7.9762899897463228e-05 0.00019443152861391806 -1.5862050113846754e-07
leaf_weight=60 298 69 7921 56 240 88 85 84 57 1856 53 69 58 102 550 51 340 52 71 51 94 676 61 321 50 137 65 989 116 73
leaf_count=60 298 69 7921 56 240 88 85 84 57 1856 53 69 58 102 550 51 340 52 71 51 94 676 61 321 50 137 65 989 116 73
internal_value=0 0.000657795 -2.8252e-05 8.41916e-05 5.57437e-05 0.000540697 0.00128452 0.000176335 0.00126859 1.01261e-05 0.000112861 0.000453439 0 0.000223062 8.02873e-05 0.000168342 0.000108077 -9.07343e-05 -1.08511e-05 0.000277092 -4.272e-05 3.34222e-05 -4.19877e-05 -7.195e-05 5.62741e-05 0.000135427 0.000281397 -6.34189e-05 0 9.33513e-05
internal_weight=14793 611 14182 5037 4924 413 173 542 113 4511 1564 122 458 160 1442 703 652 9145 1224 103 2947 770 1121 2177 592 252 115 1060 739 189
internal_count=14793 611 14182 5037 4924 413 173 542 113 4511 1564 122 458 160 1442 703 652 9145 1224 103 2947 770 1121 2177 592 252 115 1060 739 189
is_linear=0
shrinkage=0.05


Tree=8
num_leaves=31
num_cat=0
split_feature=133 90 126 0 137 88 99 15 92 105 43 1 92 141 6 28 90 136 75 124 92 111 74 133 35 137 88 138 85 96
split_gain=0.321306 0.551719 0.0414214 0.0547496 0.0482206 0.108528 0.03281 0.0080883 0.00811378 0.0118673 0.0101114 0.00814772 0.00776975 0.00726339 0.00594367 0.00445035 0.00718225 0.0050767 0.00325103 0.00354106 0.00260961 0.00219479 0.00193177 0.0015912 0.00232519 0.00122324 0.00109716 0.00114496 0.000834188 0.000765318
threshold=88.200000000000003 25.08061224489796 39.500000000000007 0.20185000000000003 1.0000000180025095e-35 36.187500000000007 0.599999999999966 0.00025937500000000006 20.450000000000006 14.500000000000002 0.30950000000000005 0.13643709050000002 23.350000000000005 37.125000000000007 0.0019173611111111114 34.600000000000009 27.531632653061227 0.41500000000000004 7.3500000000000005 0.91597561503675351 9.4500000000000028 7.4500000000000011 10.164285714285716 84.075000000000017 289.91534255000005 0.19500000000000003 20.362500000000004 5.3600000000000003 272.09269345000001 39.362500000000004
decision_type=2 2 2 2 2 2 2 2 2 2 2 2 2 2 2 2 2 2 2 2 2 2 2 2 2 2 2 2 2 2
left_child=2 -2 3 4 5 14 -5 18 11 10 -10 15 -12 20 -1 22 17 21 19 -6 -13 -17 26 28 -25 29 27 -9 -4 -24
right_child=1 -3 23 6 7 -7 -8 8 9 -11 12 13 -14 -15 -16 16 -18 -19 -20 -21 -22 -23 25 24 -26 -27 -28 -29 -30 -31
leaf_value=0.00048031231349208553 7.4204924242803828e-05 0.0065291525719358649 -0.00010134630541013737 0.00040590058041650961 0 0.0023930423589356778 0.0020507459314364307 0.00035002199487989554 4.8894655624505976e-05 0 0.0011068405236963658 0.00079144930648284827 0.00025829782207334315 0 0 0.00025368549052309097 -4.2367811238915285e-06 6.3252898061960121e-05 -7.9434061153950636e-05 0.00040993665425489642 0.00023116003975191259 0.00089809726327931625 -5.4144798592966524e-05 -4.135886123880152e-05 0.00031826777928262558 -8.2808114921080977e-05 0 0 -1.5944001607823414e-05 8.6522591332051856e-05
leaf_weight=88 99 50 7896 97 289 69 52 58 100 195 82 69 69 110 171 60 329 115 1969 65 81 50 150 318 51 1162 232 71 443 203
leaf_count=88 99 50 7896 97 289 69 52 58 100 195 82 69 69 110 171 60 329 115 1969 65 81 50 150 318 51 1162 232 71 443 203
internal_value=3.24848e-08 0.00230272 -2.32111e-05 7.81755e-05 5.28093e-05 0.000641091 0.00102312 1.64361e-05 6.95047e-05 0.000268493 0.000495583 3.4567e-05 0.000756241 0.000300361 0.000147715 3.95953e-06 0.000130121 0.000347854 -5.3053e-05 7.94083e-05 0.00052554 0.000597097 -3.06827e-05 -9.28987e-05 0 -5.72764e-05 6.69606e-05 0.000183261 -9.74114e-05 1.26405e-05
internal_weight=14793 149 14644 5936 5787 328 149 5459 3136 446 251 2690 151 260 259 2430 554 225 2323 354 150 110 1876 8708 369 1515 361 129 8339 353
internal_count=14793 149 14644 5936 5787 328 149 5459 3136 446 251 2690 151 260 259 2430 554 225 2323 354 150 110 1876 8708 369 1515 361 129 8339 353
is_linear=0
shrinkage=0.05


end of trees

feature_importances:
last_osi=16
pct_forest=15
gust_last_obs=11
min_t2m_next_6h=9
gust_mean_next_48h=9
pct_unmapped=9
last_P_t=8
total_tp_next_48h=8
pressure_change_6h=8
osi_mean_72h=7
gust_peak4h_mean_next_24h=7
frac_zero_72h=6
mslma_t=6
cumul_gust_since_onset=6
pct_wetland=6
last_N_t=5
gust_max_next_24h=5
cumul_tp_since_onset=5
hours_since_obs=5
tree_canopy_std=5
outage_pct_mean_72h=4
R_t_mean_72h=4
pre_event_mean_osi=4
gust_x_hso=4
t2m_at_t24h=4
pct_forest_classified=4
tree_canopy_pct=4
last_R_t=3
N_t_max_72h=3
hours_since_peak=3
wind_speed_max_next_24h=3
min_t2m_next_24h=3
gust_gt30_next_48h=3
temp_change_6h=3
gust_gt30_since_onset=3
t2m_at_t6h=3
pop_density=3
tp_rate_next_48h=3
osi_std_72h=2
R_t_max_72h=2
storm_onset_mean_osi=2
gust_max_obs=2
t2m_t=2
soil_moist_t=2
blh_t=2
sp_t=2
wind_speed_max_next_6h=2
gust_mean_next_24h=2
wind_speed_max_next_48h=2
wind_speed_at_t6h=2
gust_at_t24h=2
wind_speed_at_t24h=2
pct_water=2
last_D_t=1
pre_event_max_outage_pct=1
osi_trend_last6h=1
gust_mean_obs=1
gust_gt40_obs=1
cumul_gust_obs=1
gust_max_last6h_obs=1
vpd_t=1
sdswrf_t=1
direct_rad_t=1
dewpoint_c_t=1
gust_mean_next_6h=1
gust_gt30_next_24h=1
gust_max_next_48h=1
gust_peak4h_mean_next_48h=1
gust_change_3h=1
pressure_change_3h=1
tp_at_t6h=1
t2m_at_t48h=1
hour_cos=1
log_customers=1
pct_agriculture=1
forest_x_customers=1

parameters:
[boosting: gbdt]
[objective: huber]
[metric: rmse]
[tree_learner: serial]
[device_type: cpu]
[data_sample_strategy: bagging]
[data: ]
[valid: ]
[num_iterations: 2000]
[learning_rate: 0.05]
[num_leaves: 31]
[num_threads: -1]
[seed: 42]
[deterministic: 0]
[force_col_wise: 0]
[force_row_wise: 0]
[histogram_pool_size: -1]
[max_depth: -1]
[min_data_in_leaf: 50]
[min_sum_hessian_in_leaf: 0.001]
[bagging_fraction: 0.8]
[pos_bagging_fraction: 1]
[neg_bagging_fraction: 1]
[bagging_freq: 5]
[bagging_seed: 42]
[bagging_by_query: 0]
[feature_fraction: 0.8]
[feature_fraction_bynode: 1]
[feature_fraction_seed: 42]
[extra_trees: 0]
[extra_seed: 12879]
[early_stopping_round: 0]
[early_stopping_min_delta: 0]
[first_metric_only: 0]
[max_delta_step: 0]
[lambda_l1: 0.1]
[lambda_l2: 1]
[linear_lambda: 0]
[min_gain_to_split: 0]
[drop_rate: 0.1]
[max_drop: 50]
[skip_drop: 0.5]
[xgboost_dart_mode: 0]
[uniform_drop: 0]
[drop_seed: 42]
[top_rate: 0.2]
[other_rate: 0.1]
[min_data_per_group: 100]
[max_cat_threshold: 32]
[cat_l2: 10]
[cat_smooth: 10]
[max_cat_to_onehot: 4]
[top_k: 20]
[monotone_constraints: ]
[monotone_constraints_method: basic]
[monotone_penalty: 0]
[feature_contri: ]
[forcedsplits_filename: ]
[refit_decay_rate: 0.9]
[cegb_tradeoff: 1]
[cegb_penalty_split: 0]
[cegb_penalty_feature_lazy: ]
[cegb_penalty_feature_coupled: ]
[path_smooth: 0]
[interaction_constraints: ]
[verbosity: -1]
[saved_feature_importance_type: 0]
[use_quantized_grad: 0]
[num_grad_quant_bins: 4]
[quant_train_renew_leaf: 0]
[stochastic_rounding: 1]
[linear_tree: 0]
[max_bin: 255]
[max_bin_by_feature: ]
[min_data_in_bin: 3]
[bin_construct_sample_cnt: 200000]
[data_random_seed: 42]
[is_enable_sparse: 1]
[enable_bundle: 1]
[use_missing: 1]
[zero_as_missing: 0]
[feature_pre_filter: 1]
[pre_partition: 0]
[two_round: 0]
[header: 0]
[label_column: ]
[weight_column: ]
[group_column: ]
[ignore_column: ]
[categorical_feature: ]
[forcedbins_filename: ]
[precise_float_parser: 0]
[parser_config_file: ]
[objective_seed: 16083]
[num_class: 1]
[is_unbalance: 0]
[scale_pos_weight: 1]
[sigmoid: 1]
[boost_from_average: 1]
[reg_sqrt: 0]
[alpha: 0.9]
[fair_c: 1]
[poisson_max_delta_step: 0.7]
[tweedie_variance_power: 1.5]
[lambdarank_truncation_level: 30]
[lambdarank_norm: 1]
[label_gain: ]
[lambdarank_position_bias_regularization: 0]
[eval_at: ]
[multi_error_top_k: 1]
[auc_mu_weights: ]
[num_machines: 1]
[local_listen_port: 12400]
[time_out: 120]
[machine_list_filename: ]
[machines: ]
[gpu_platform_id: -1]
[gpu_device_id: -1]
[gpu_device_id_list: ]
[gpu_use_dp: 0]
[num_gpu: 1]

end of parameters

pandas_categorical:[]
