tree
version=v4
num_class=1
num_tree_per_iteration=1
label_index=0
max_feature_idx=162
objective=huber
feature_names=last_osi last_P_t last_N_t last_D_t last_R_t last_outage_pct osi_mean_72h osi_max_72h osi_std_72h outage_pct_mean_72h outage_pct_max_72h N_t_mean_72h N_t_max_72h R_t_mean_72h R_t_max_72h pre_event_mean_osi pre_event_max_outage_pct storm_onset_max_osi storm_onset_mean_osi osi_trend_last6h is_worsening frac_zero_72h hours_since_peak gust_mean_obs gust_max_obs gust_gt30_obs gust_gt40_obs cumul_gust_obs gust_last_obs gust_max_last6h_obs gust_trend_last6h_obs gust_t wind_speed_t wind_sin_t wind_cos_t t2m_t d2m_t tp_t rain_t csnow_t sdwe_t r2_t vpd_t soil_moist_t blh_t tcc_t lcc_t mcc_t hcc_t sp_t mslma_t sdswrf_t direct_rad_t diffuse_rad_t et0_t temp_c_t dewpoint_c_t icing_risk_t gust_exceed_30 soil_moist_x_gust is_snowing gust_x_hso gust_x_phase soil_gust_x_phase gust_exceed30_x_hso gust_max_next_1h gust_mean_next_1h wind_speed_max_next_1h total_tp_next_1h min_t2m_next_1h gust_gt30_next_1h gust_gt40_next_1h gust_peak4h_mean_next_1h gust_max_next_6h gust_mean_next_6h wind_speed_max_next_6h total_tp_next_6h min_t2m_next_6h gust_gt30_next_6h gust_gt40_next_6h gust_peak4h_mean_next_6h gust_max_next_24h gust_mean_next_24h wind_speed_max_next_24h total_tp_next_24h min_t2m_next_24h gust_gt30_next_24h gust_gt40_next_24h gust_peak4h_mean_next_24h gust_max_next_48h gust_mean_next_48h wind_speed_max_next_48h total_tp_next_48h min_t2m_next_48h gust_gt30_next_48h gust_gt40_next_48h gust_peak4h_mean_next_48h gust_change_1h gust_change_3h pressure_change_3h pressure_change_6h temp_change_6h wind_change_1h cumul_gust_since_onset cumul_tp_since_onset gust_gt30_since_onset gust_at_t1h wind_speed_at_t1h t2m_at_t1h tp_at_t1h gust_at_t6h wind_speed_at_t6h t2m_at_t6h tp_at_t6h gust_at_t24h wind_speed_at_t24h t2m_at_t24h tp_at_t24h gust_at_t48h wind_speed_at_t48h t2m_at_t48h tp_at_t48h hour_of_day hour_sin hour_cos days_since_onset hours_since_obs storm_phase log_customers rural_urban_code is_metro pop_density n_utilities pct_forest pct_developed pct_agriculture pct_water pct_wetland pct_unmapped pct_forest_classified tree_canopy_pct tree_canopy_std forest_x_customers window_len_next_1h is_full_next_1h tp_rate_next_1h gust_gt30_frac_next_1h has_weather_at_t1h window_len_next_6h is_full_next_6h tp_rate_next_6h gust_gt30_frac_next_6h has_weather_at_t6h window_len_next_24h is_full_next_24h tp_rate_next_24h gust_gt30_frac_next_24h has_weather_at_t24h window_len_next_48h is_full_next_48h tp_rate_next_48h gust_gt30_frac_next_48h has_weather_at_t48h
feature_infos=[0:0.33700000000000002] [0:0.52010631900000004] [0:0.065400654000000003] [0:0.51677670099999995] [0:0.058582058999999999] [0:52.009999999999998] [4.1666666666666669e-06:0.049118055555555561] [0.0001:0.52000000000000002] [1.9982631347136334e-05:0.11629793913143575] [0.00083333333333333328:7.1308333333333342] [0.02:94.010000000000005] [3.1208333333333337e-06:0.014902686125] [7.4900000000000005e-05:0.30001265999999999] [3.1208333333333337e-06:0.0135610985] [7.4900000000000005e-05:0.18675781699999999] [0:0.025660416666666668] [0:30.77] [0:0.52000000000000002] [0:0.13546666666666665] [-0.055854285714285697:0.019237142857142855] [0:1] [0:0.95833333333333337] [0:71] [14.3125:31.022222222222222] [29.100000000000001:70] [0:35] [0:16] [1030.5:2233.5999999999999] [4.2999999999999998:47.200000000000003] [15.800000000000001:62.399999999999999] [-5.5599999999999996:1.3714285714285708] [1.2:58.299999999999997] [0:38] [-0.99999999953664132:0.99999999987412524] [-0.99999999369183823:1] [261.05202270000001:298.4303941] [257.96654139999998:289.76747369999998] [0:11.300000000000001] [0:11.300000000000001] [0:2.6600000000000001] [0:0.089999999999999997] [15:100] [0:2.5] [0.16700000000000001:0.52300000000000002] [10:3015] [0:100] [0:100] [0:100] [0:100] [884.60000000000002:1022.1] [986.70000000000005:1031.5999999999999] [0:837] [0:725] [0:463] [0:0.59999999999999998] [-12.097977299999968:25.280394100000024] [-15.183458599999994:16.617473700000005] [0:1] [0:28.299999999999997] [0.40800000000000003:23.550000000000001] [0:1] [2.7999999999999998:3663.5999999999999] [0:103.2] [0:47.100000000000001] [0:1533.6000000000001] [1.3999999999999999:58.299999999999997] [1.2999999999999998:54.5] [0.20000000000000001:38] [0:14.699999999999999] [260.0631818:298.21689659999998] [0:2] [0:2] [1.2999999999999998:54.5] [5.0999999999999996:58.299999999999997] [3.5714285714285716:49.328571428571429] [0.40000000000000002:38] [0:26.699999999999999] [259.42265909999998:296.34512319999999] [0:7] [0:7] [4.3500000000000005:52.550000000000004] [13.199999999999999:58.299999999999997] [8.4400000000000013:43.052] [5.7999999999999998:38] [0:51.199999999999996] [259.42265909999998:286.32258239999999] [0:25] [0:19] [12.25:52.550000000000004] [13.199999999999999:58.299999999999997] [7.961224489795919:37.897959183673471] [5.7999999999999998:38] [0:52.900000000000006] [259.42265909999998:282.77648069999998] [0:42] [0:22] [12.75:52.550000000000004] [-24.299999999999997:25.699999999999999] [-27.399999999999999:35.700000000000003] [-6.1000000000000227:9.3000000000000682] [-10.600000000000023:13.700000000000045] [-19.418857099999968:21.845291299999985] [-15.300000000000001:20.799999999999997] [372.79999999999995:3733.5999999999999] [0:53.200000000000003] [0:60] [1.2:58.299999999999997] [0:38] [260.0631818:298.4303941] [0:11.300000000000001] [1.3999999999999999:58.299999999999997] [0:38] [259.42265909999998:298.4303941] [0:11.300000000000001] [1.3:58.299999999999997] [0:38] [259.42265909999998:298.4303941] [0:11.300000000000001] [1.2:51.600000000000001] [0:33.899999999999999] [259.42265909999998:296.39282830000002] [0:11.300000000000001] [0:23] [-1:1] [-1:1] [1:4] [1:96] [0:2] [7.1180162044653335:13.272327018090158] [1:9] [0:1] [8.3691524328166658:3138.2235042681623] [1:10] [2.21:88.569999999999993] [2.21:68.680000000000007] [0.040000000000000001:85.829999999999998] [0.01:5.5099999999999998] [0:19.780000000000001] [1.9299999999999999:18.32] [2.269926047658176:95.299005138296707] [2.71:81.680000000000007] [13.6:40.140000000000001] [21.423059361418535:861.5702254184763] none none [0:7.3499999999999996] [0:1] none none none [0:3.8142857142857141] [0:1] none none none [0:2.048] [0:1] none none none [0:1.0795918367346939] [0:0.8571428571428571] none
tree_sizes=3052 2693 2717 2633 2677 2643 2678 2628 2615 2608 2617 2609 2638 2602 2640 2613 2637 2574 2578 2601 2632 2656 2644 2622 2598 2642 2625 2622 2636 2580 2605

Tree=0
num_leaves=31
num_cat=0
split_feature=160 100 128 139 49 93 138 90 128 126 139 112 49 116 118 94 96 140 8 77 14 30 103 91 62 134 15 135 31 15
split_gain=0.00143734 0.00269642 0.00829987 0.0012359 0.00106839 0.000505082 0.000212652 0.000207054 0.000289735 0.000174601 0.000136751 9.99073e-05 0.000136063 0.000132372 7.24159e-05 5.31611e-05 4.75986e-05 0.000106997 4.7493e-05 2.86252e-05 8.56095e-05 0.000114578 1.9532e-05 1.90684e-05 1.27546e-05 1.05281e-05 9.16982e-06 1.28798e-05 1.21368e-05 6.45211e-06
threshold=0.1295918367346939 5.5999999999999668 9.3590620473672761 90.664525633972247 974.6500000000002 267.59629485000011 3.6950000000000007 28.313265306122453 8.922324908399462 15.500000000000002 30.19717520673932 279.29903915000006 988.75000000000011 281.36650310000005 19.650000000000002 12.500000000000002 40.787500000000009 8.3950000000000014 0.0041834815461638608 287.42510145000006 0.017140943000000002 -1.3785714285714288 1019.9500000000002 15.050000000000002 15.750000000000002 7.2800000000000002 0.00021875000000000006 38.065000000000005 7.6500000000000012 0.00022916666666666672
decision_type=2 2 2 2 2 2 2 2 2 2 2 2 2 2 2 2 2 2 2 2 2 2 2 2 2 2 2 2 2 2
left_child=9 3 -3 5 18 14 7 8 -7 16 -8 12 25 -14 23 -4 -1 -18 -5 22 -21 -22 -16 -2 -25 -12 -13 28 -28 -27
right_child=1 2 15 4 -6 6 10 -9 -10 -11 11 26 13 -15 19 -17 17 -19 -20 20 21 -23 -24 24 -26 29 27 -29 -30 -31
leaf_value=0.00051361054676583124 0.00051869957376602131 0.0012705058004210189 0.00051869957376602131 0.00051869957376602131 0.00079092465667030204 0.00051869957376602131 0.00051869957376602131 0.00051869957376602131 0.00065457706178896841 0.00049699936636247164 0.00051869957376602131 0.00051869957376602131 0.00051869957376602131 0.00064671072635887549 0.00051869957376602131 0.00056070424422112789 0.00051869957376602131 0.0005673431355528722 0.00055580622830476642 0.00051869957376602131 0.00051869957376602131 0.00060911418631318711 0.00050883703915009803 0.00051869957376602131 0.00050114270205623367 0.00051869957376602131 0.00051869957376602131 0.00051869957376602131 0.0005363599032014929 0.00053660109121839172
leaf_weight=578 102 50 116 63 82 72 622 69 136 4636 105 272 65 93 51 96 134 156 114 181 104 67 667 53 1681 51 64 117 304 147
leaf_count=578 102 50 116 63 82 72 622 69 136 4636 105 272 65 93 51 96 134 156 114 181 104 67 667 53 1681 51 64 117 304 147
internal_value=0.0005187 0.000536947 0.000694351 0.000528161 0.000635046 0.000521633 0.000540944 0.000586751 0.000611633 0.000500885 0.000531299 0.000541508 0.0005622 0.000605915 0.000509281 0.000532099 0.0005187 0.000537604 0.000533617 0.0005187 0.000531229 0.000558279 0.000513961 0.000503242 0.000501953 0.000522746 0.000522269 0.000526888 0.00053195 0.000531241
internal_weight=11048 5544 262 5282 259 5023 2117 277 208 5504 1840 1218 461 158 2906 212 868 290 177 1070 352 171 718 1836 1734 303 757 485 368 198
internal_count=11048 5544 262 5282 259 5023 2117 277 208 5504 1840 1218 461 158 2906 212 868 290 177 1070 352 171 718 1836 1734 303 757 485 368 198
is_linear=0
shrinkage=1


Tree=1
num_leaves=31
num_cat=0
split_feature=160 100 4 139 41 107 141 138 61 112 118 160 96 105 117 28 160 0 30 96 140 16 160 117 91 36 29 22 94 118
split_gain=0.00131584 0.00245239 0.00816499 0.00112706 0.000999602 0.000456057 0.000268841 0.000230896 0.000157211 0.000127967 0.000113807 9.13093e-05 9.51464e-05 0.000102516 8.40776e-05 8.13021e-05 6.33148e-05 2.7154e-05 5.91252e-05 2.67705e-05 0.000101428 3.03488e-05 2.39425e-05 1.91013e-05 2.02125e-05 1.1641e-05 1.4211e-05 2.62463e-05 1.0914e-05 8.40837e-06
threshold=0.1295918367346939 5.5999999999999668 0.005049572500000001 90.664525633972247 48.500000000000007 6.8500000000000005 38.630000000000003 3.4250000000000003 284.55000000000007 280.07380410000002 19.650000000000002 0.41122448979591847 35.737500000000004 16.500000000000004 0.75000000000000011 28.450000000000003 0.51530612244897978 0.089450000000000016 -1.3728571428571443 40.437500000000007 8.3950000000000014 1.2050000000000003 0.32551020408163273 0.35000000000000003 15.050000000000002 269.57017465000007 31.800000000000004 40.500000000000007 10.500000000000002 28.550000000000004
decision_type=2 2 2 2 2 2 2 2 2 2 2 2 2 2 2 2 2 2 2 2 2 2 2 2 2 2 2 2 2 2
left_child=8 3 28 5 -5 6 7 15 19 -8 23 17 -13 14 16 -2 -14 22 -19 -1 -21 -22 -12 24 -7 26 27 -9 -3 -10
right_child=1 2 -4 4 -6 10 9 25 29 -11 11 12 13 -15 -16 -17 -18 18 -20 20 21 -23 -24 -25 -26 -27 -28 -29 -30 -31
leaf_value=-3.3491246568892638e-06 0.00013484306433318645 0 0.00072437036002053715 0.00024273923105565048 2.2968752145194523e-06 0 0.00017029059178412355 3.0469866185829767e-05 -2.0869648571520111e-05 0 -1.1139255096551773e-05 0 0.00011770629718210076 0 0 0 0 0 4.9254166089777944e-05 0 0 8.2827187730448752e-05 0 0 -1.7123988199401518e-05 0 0 0 1.5882348943512748e-05 0
leaf_weight=474 55 93 52 96 163 100 63 141 4578 96 951 200 78 73 69 58 55 145 65 168 113 56 319 211 1548 286 438 72 117 115
leaf_count=474 55 93 52 96 163 100 63 141 4578 96 951 200 78 73 69 58 55 145 65 168 113 56 319 211 1548 286 438 72 117 115
internal_value=0 1.75573e-05 0.000167738 9.1312e-06 0.00011124 2.84987e-06 3.01954e-05 1.509e-05 -1.6943e-05 9.798e-05 -4.51341e-06 1.79514e-06 2.20718e-05 4.12555e-05 5.98045e-05 8.45511e-05 8.35875e-05 -1.34698e-06 7.63541e-06 0 1.34998e-05 4.30572e-05 -6.771e-06 -1.38333e-05 -1.56462e-05 1.30149e-06 6.86095e-06 1.75907e-05 3.42861e-06 -2.05035e-05
internal_weight=11048 5544 262 5282 259 5023 1209 1050 5504 159 3814 1955 475 275 202 113 133 1480 210 811 337 169 1270 1859 1648 937 651 213 210 4693
internal_count=11048 5544 262 5282 259 5023 1209 1050 5504 159 3814 1955 475 275 202 113 133 1480 210 811 337 169 1270 1859 1648 937 651 213 210 4693
is_linear=0
shrinkage=0.05


Tree=2
num_leaves=31
num_cat=0
split_feature=92 100 128 137 83 67 141 126 118 13 30 138 112 90 96 139 89 136 59 92 99 161 23 136 43 98 81 100 104 137
split_gain=0.00121257 0.00222752 0.00742871 0.00104404 0.000946544 0.00044874 0.000283821 0.00014202 0.000125825 0.000100984 0.000222469 9.31675e-05 6.38156e-05 4.89711e-05 3.82038e-05 7.50521e-05 2.87643e-05 6.79339e-05 5.87174e-05 4.20734e-05 4.79134e-05 2.4976e-05 2.16154e-05 1.69273e-05 2.0071e-05 2.27626e-05 3.25511e-05 1.53044e-05 1.48545e-05 7.98181e-06
threshold=6.3500000000000023 5.5999999999999668 9.3590620473672761 1.0000000180025095e-35 18.050000000000004 7.1500000000000012 38.630000000000003 15.500000000000002 19.250000000000004 0.0028292562638888891 -1.107142857142857 3.4250000000000003 280.07380410000002 28.313265306122453 40.787500000000009 9.1431109209122159 39.150000000000013 0.99500000000000011 4.4289000000000014 10.050000000000002 -2.3000000000000109 0.25510204081632659 22.809027777777782 0.56000000000000016 0.27950000000000008 -6.2499999999999991 41.45000000000001 3.2500000000000004 1.0000000180025095e-35 0.19500000000000003
decision_type=2 2 2 2 2 2 2 2 2 2 2 2 2 2 2 2 2 2 2 2 2 2 2 2 2 2 2 2 2 2
left_child=7 3 -3 4 22 6 11 14 27 13 -11 -5 -8 16 -1 -16 -10 18 -18 -20 -21 -4 -2 24 -13 -26 -27 28 -7 -15
right_child=1 2 21 5 -6 8 12 -9 9 10 -12 23 -14 29 15 -17 17 -19 19 20 -22 -23 -24 -25 25 26 -28 -29 -30 -31
leaf_value=-4.5869755478097209e-06 2.5699373724421546e-05 0.00070455906408646053 0 6.8945558195600729e-05 0.00025985067729253174 0 0.00016802401008810135 -1.9606470494115945e-05 0 0 0.00010405042086380204 0 2.0176901208564519e-06 0 0 3.980635210607103e-05 0 0 0 0 7.0482136793647895e-05 2.6723358937253822e-05 0 0 0 4.0268179272485821e-05 0 0 -1.6525860390140602e-05 -1.1886291253157193e-05
leaf_weight=578 111 50 116 92 78 204 61 4636 427 142 75 93 91 78 120 170 126 195 56 73 130 96 61 511 84 149 50 50 1602 743
leaf_count=578 111 50 116 92 78 204 61 4636 427 142 75 93 91 78 120 170 126 195 56 73 130 96 61 511 84 149 50 50 1602 743
internal_value=5.99282e-08 1.70079e-05 0.000160224 8.92867e-06 0.000109104 2.93761e-06 3.1219e-05 -1.6103e-05 -3.98639e-06 2.63269e-06 3.49732e-05 1.50375e-05 0.000101981 0 0 1.69218e-05 6.0804e-06 1.37082e-05 2.68855e-05 4.04687e-05 5.10185e-05 5.66328e-06 1.0734e-05 3.74419e-06 1.20528e-05 1.9223e-05 2.84474e-05 -1.39695e-05 -1.48903e-05 -1.01785e-05
internal_weight=11048 5544 262 5282 250 5032 1131 5504 3901 2045 217 979 152 1828 868 290 1007 580 385 259 203 212 172 887 376 283 199 1856 1806 821
internal_count=11048 5544 262 5282 250 5032 1131 5504 3901 2045 217 979 152 1828 868 290 1007 580 385 259 203 212 172 887 376 283 199 1856 1806 821
is_linear=0
shrinkage=0.05


Tree=3
num_leaves=31
num_cat=0
split_feature=92 92 120 139 134 75 132 49 93 103 136 90 89 92 13 112 76 85 96 140 104 90 140 140 29 17 128 129 16 111
split_gain=0.00111426 0.0021093 0.00360785 0.000891446 0.000882064 0.000725304 0.000537637 0.000591449 0.000230867 0.000127319 9.07032e-05 9.8526e-05 0.000115472 8.02157e-05 7.12841e-05 8.9183e-05 6.72684e-05 6.20918e-05 3.22211e-05 6.35819e-05 3.19633e-05 2.39222e-05 1.1101e-05 7.80278e-06 1.48472e-05 2.22557e-05 1.19041e-05 1.15657e-05 6.24211e-06 5.96379e-06
threshold=6.3500000000000023 6.5500000000000025 272.80160895000006 90.664525633972247 4.2100000000000017 6.8500000000000005 3.5000000000000004 990.45000000000016 266.81188820000006 1204.7000000000005 0.56000000000000016 28.313265306122453 38.95000000000001 8.7500000000000018 0.0029473370347222225 291.64202090000009 1.0000000180025095e-35 280.64983660000007 40.787500000000009 8.3950000000000014 4.7500000000000009 24.001020408163267 73.360000000000014 46.680000000000007 31.150000000000002 1.0000000180025095e-35 9.5183763896332803 2.5000000000000004 1.2050000000000003 6.9500000000000011
decision_type=2 2 2 2 2 2 2 2 2 2 2 2 2 2 2 2 2 2 2 2 2 2 2 2 2 2 2 2 2 2
left_child=9 2 -2 5 20 6 -3 -8 14 18 11 12 -10 -14 22 -16 17 -15 -1 -20 21 -5 -7 26 25 -25 -12 -27 -21 -29
right_child=1 3 -4 4 -6 8 7 -9 10 -11 23 -13 13 16 15 -17 -18 -19 19 28 -22 -23 -24 24 -26 27 -28 29 -30 -31
leaf_value=-5.5966488938015144e-06 0 0 0.00054467554789060203 0 0.00023812749586712059 -1.5733346132097207e-05 0 0.00022447566838328434 0 -1.8867832364630354e-05 0 0 0 7.2970052953236171e-05 0 6.643217023320533e-05 0 0 0 0 0 5.1625494715567172e-05 0 0 0 0 -8.0146573604191788e-06 0 5.7949029728271335e-05 3.9331208510884611e-05
leaf_weight=639 62 230 50 51 86 2024 88 94 379 4520 161 206 69 293 131 50 77 53 159 117 71 54 150 59 393 78 484 52 69 99
leaf_count=639 62 230 50 51 86 2024 88 94 379 4520 161 206 69 293 131 50 77 53 159 117 71 54 150 59 393 78 484 52 69 99
internal_value=1.56901e-07 1.64187e-05 0.000232543 1.10002e-05 0.000101977 5.404e-06 6.89645e-05 0.000134456 0 -1.53148e-05 1.07874e-05 2.16762e-05 2.93824e-05 4.59628e-05 -1.12356e-05 3.41084e-06 5.41234e-05 6.37496e-05 0 1.3224e-05 6.23094e-06 2.86126e-05 -1.47549e-05 0 5.15357e-06 1.38243e-05 -1.46871e-06 2.19555e-05 3.42577e-05 3.03255e-05
internal_weight=11048 5544 112 5432 262 5170 412 182 4758 5504 2403 1077 871 492 2355 181 423 346 984 345 176 105 2174 1326 681 288 645 229 186 151
internal_count=11048 5544 112 5432 262 5170 412 182 4758 5504 2403 1077 871 492 2355 181 423 346 984 345 176 105 2174 1326 681 288 645 229 186 151
is_linear=0
shrinkage=0.05


Tree=4
num_leaves=31
num_cat=0
split_feature=160 100 128 137 49 67 141 61 118 30 104 13 30 49 112 90 104 160 111 129 96 140 15 23 93 94 100 21 131 103
split_gain=0.00102183 0.0019555 0.0066259 0.000877386 0.00105872 0.000379253 0.000251012 0.000118086 0.000105608 8.78095e-05 9.025e-05 8.61318e-05 0.000225446 6.91858e-05 4.16314e-05 3.88515e-05 2.48069e-05 5.46776e-05 4.8144e-05 8.47985e-05 1.98651e-05 8.66344e-05 4.78691e-05 1.90932e-05 1.9061e-05 1.68061e-05 1.53737e-05 7.93993e-06 3.06741e-05 2.76211e-05
threshold=0.1295918367346939 5.5999999999999668 9.3590620473672761 1.0000000180025095e-35 974.05000000000007 7.1500000000000012 38.630000000000003 284.55000000000007 19.250000000000004 -2.907142857142857 0.95000000000000018 0.0028939894027777782 -1.107142857142857 992.45000000000016 280.07380410000002 28.313265306122453 0.75000000000000011 0.38061224489795925 14.250000000000002 2.5000000000000004 40.437500000000007 8.3950000000000014 0.00082916666666666664 22.809027777777782 267.89764020000007 12.500000000000002 2.549999999999955 0.49305555555555564 128.25942861116394 746.39999999999998
decision_type=2 2 2 2 2 2 2 2 2 2 2 2 2 2 2 2 2 2 2 2 2 2 2 2 2 2 2 2 2 2
left_child=7 3 -3 4 23 6 9 20 24 10 13 15 -13 -5 -8 16 17 -10 19 -19 -1 -22 -23 -2 26 -4 -7 28 29 -11
right_child=1 2 25 5 -6 8 14 -9 11 27 -12 12 -14 -15 -16 -17 -18 18 -20 -21 21 22 -24 -25 -26 -27 -28 -29 -30 -31
leaf_value=-2.6293507196226669e-06 2.2752861409753676e-05 0.00066401804568230033 0 0 0.00026763162416955317 -1.5203109202028434e-05 0.00015518721214374961 -1.7634248155526131e-05 0 0 0 0 0.00010853369057516449 9.4065601529365179e-05 0 -9.2045794470211271e-06 0 0 0 7.7498019170654453e-05 0 0 8.496808900194735e-05 0 0 2.1235453286394235e-05 0 0 0 2.9998883275924451e-05
leaf_weight=474 99 50 116 65 71 1694 61 4693 388 55 63 142 66 88 91 821 381 75 80 92 168 117 52 80 91 96 71 354 171 183
leaf_count=474 99 50 116 65 71 1694 61 4693 388 55 63 142 66 88 91 821 381 75 80 92 168 117 52 80 91 96 71 354 171 183
internal_value=2.49157e-07 1.58373e-05 0.000150081 8.20489e-06 0.000100087 2.62758e-06 2.86771e-05 -1.4544e-05 -3.64887e-06 1.31471e-05 4.23347e-05 2.24229e-06 3.28558e-05 6.31704e-05 9.52833e-05 0 5.19864e-06 1.18629e-05 3.02007e-05 4.54185e-05 0 1.17139e-05 3.933e-05 4.73532e-06 -1.28302e-05 2.84692e-06 -1.41449e-05 0 6.95803e-06 2.00976e-05
internal_weight=11048 5544 262 5282 250 5032 1131 5504 3901 979 216 2045 208 153 152 1837 1016 635 247 167 811 337 169 179 1856 212 1765 763 409 238
internal_count=11048 5544 262 5282 250 5032 1131 5504 3901 979 216 2045 208 153 152 1837 1016 635 247 167 811 337 169 179 1856 212 1765 763 409 238
is_linear=0
shrinkage=0.05


Tree=5
num_leaves=31
num_cat=0
split_feature=92 100 138 133 49 91 93 141 67 126 21 94 118 112 25 22 15 108 30 12 120 133 112 89 43 15 35 105 30 61
split_gain=0.000896794 0.00184784 0.00645874 0.000822344 0.00114699 0.000351834 0.000301695 0.000183113 0.000248 0.000102437 7.14478e-05 9.38139e-05 5.85928e-05 4.90202e-05 4.60398e-05 3.30093e-05 2.88081e-05 5.82849e-05 0.000119184 2.56514e-05 3.74996e-05 2.35032e-05 1.87819e-05 1.53205e-05 5.31796e-05 3.9495e-05 1.42089e-05 8.11166e-06 7.12652e-06 6.88572e-06
threshold=6.3500000000000023 5.5999999999999668 4.3850000000000007 80.160000000000011 974.6500000000002 17.350000000000005 268.68666670000005 38.630000000000003 7.1500000000000012 27.500000000000004 0.47916666666666669 3.5000000000000004 20.050000000000004 278.91811825000008 21.500000000000004 62.500000000000007 0.00036458333333333335 288.47378215000009 -1.3728571428571443 0.034842483000000007 277.12181565000009 67.030000000000015 279.29903915000006 41.750000000000007 0.35350000000000004 0.0011010416666666671 286.38341730000008 7.5000000000000009 0.51000000000000234 453.40000000000009
decision_type=2 2 2 2 2 2 2 2 2 2 2 2 2 2 2 2 2 2 2 2 2 2 2 2 2 2 2 2 2 2
left_child=9 3 -3 6 10 -6 12 13 22 23 11 -5 29 14 15 19 -14 -18 -19 20 21 -8 -9 -1 -25 -26 -13 -11 -29 -2
right_child=1 2 -4 4 5 -7 7 8 -10 27 -12 26 16 -15 -16 -17 17 18 -20 -21 -22 -23 -24 24 25 -27 -28 28 -30 -31
leaf_value=-4.8015586026682009e-06 0 0.00065237218269983575 0 0 1.391477859738496e-06 0.00024130536325018124 4.6388176415960884e-05 0.00017543600837919204 0 0 0 0 -7.7126163462497607e-06 0 0 0 0 0 7.6956231525041353e-05 0 0 0 0 0 0 6.1923836244082549e-05 9.0576275571699881e-05 -1.7501276682263435e-05 0 -1.4323107100683463e-05
leaf_weight=566 54 50 204 68 72 104 296 50 55 146 210 51 604 670 151 53 428 152 80 141 73 63 71 295 120 66 54 4196 155 1806
leaf_count=566 54 50 204 68 72 104 296 50 55 146 210 51 604 670 151 53 428 152 80 141 73 63 71 295 120 66 54 4196 155 1806
internal_value=3.88148e-07 1.50066e-05 0.000147638 7.68873e-06 6.50493e-05 0.00017197 0 1.83565e-05 7.14148e-05 -1.33708e-05 2.57545e-06 3.22674e-05 -8.13904e-06 8.40508e-06 1.70001e-05 2.32847e-05 0 7.38319e-06 2.79288e-05 2.71294e-05 3.35228e-05 4.01506e-05 0.00011172 0 7.2348e-06 2.90839e-05 6.26236e-05 -1.66532e-05 -1.70673e-05 -1.37822e-05
internal_weight=11104 5560 254 5306 559 176 4747 1623 176 5544 383 173 3124 1447 777 626 1264 660 232 573 432 359 121 1047 481 186 105 4497 4351 1860
internal_count=11104 5560 254 5306 559 176 4747 1623 176 5544 383 173 3124 1447 777 626 1264 660 232 573 432 359 121 1047 481 186 105 4497 4351 1860
is_linear=0
shrinkage=0.05


Tree=6
num_leaves=31
num_cat=0
split_feature=2 101 103 103 74 126 92 137 30 77 14 21 43 89 15 56 98 137 50 29 137 111 129 105 105 116 104 118 14 101
split_gain=0.000859903 0.00352884 0.000712055 0.000316891 0.000287939 0.00059809 0.000308255 0.000410863 0.000279263 0.000160495 9.61194e-05 0.000173829 6.2147e-05 0.000165164 0.000156738 4.19799e-05 9.85266e-05 0.000156548 3.05357e-05 2.05178e-05 1.87498e-05 1.00173e-05 2.22905e-05 7.22015e-06 5.10441e-06 4.43969e-06 3.63734e-06 1.99399e-06 1.13637e-06 8.43288e-07
threshold=0.0035617145000000003 -8.3657888499999711 1259.8000000000004 1110.0000000000002 9.0642857142857185 5.5000000000000009 20.150000000000006 0.015000000000000001 -1.8442857142857128 285.82809820000006 0.017140943000000002 0.38194444444444448 0.34850000000000003 45.750000000000007 0.00084479166666666676 -5.1070238999999722 -6.6499999999999968 0.18000000000000002 1021.6500000000002 32.650000000000013 1.0000000180025095e-35 6.8500000000000005 2.5000000000000004 7.5000000000000009 19.500000000000004 294.10224625000006 1.0000000180025095e-35 21.750000000000004 0.00076274300000000008 -6.5229198000000101
decision_type=2 2 2 2 2 2 2 2 2 2 2 2 2 2 2 2 2 2 2 2 2 2 2 2 2 2 2 2 2 2
left_child=2 -2 4 8 5 -1 12 -8 -3 20 26 24 18 -14 -15 16 -7 -18 25 21 -4 -9 -23 -22 -12 29 -11 -5 -28 -6
right_child=1 3 9 27 6 15 7 19 -10 10 11 -13 13 14 -16 -17 17 -19 -20 -21 23 22 -24 -25 -26 -27 28 -29 -30 -31
leaf_value=0.00020738837526264876 0.0004582109500473712 0.00015673740602430961 0 -3.6219298629140732e-06 0 0 0.00015048725440213178 0 0 0 0.00011590530526625705 0 0 0 9.6612625642824538e-05 0 0 9.5570798784909577e-05 0 0 0 0 3.7613400445184723e-05 -1.6993311495860933e-05 0 0 0 0 -6.558432052139372e-06 -1.3721484209270022e-05
leaf_weight=61 50 67 205 379 52 133 82 54 135 66 50 247 788 187 93 176 60 98 426 183 145 111 130 5468 52 58 58 131 445 914
leaf_count=61 50 67 205 379 52 133 82 54 135 66 50 247 788 187 93 176 60 98 426 183 145 111 130 5468 52 58 58 131 445 914
internal_value=4.38698e-07 5.20341e-05 -2.8841e-06 1.58952e-05 1.44032e-05 5.01981e-05 6.62474e-06 4.01815e-05 6.92099e-05 -1.28815e-05 2.27457e-06 2.60661e-05 0 8.2432e-06 4.15684e-05 1.85827e-05 3.02137e-05 5.67946e-05 -7.55082e-06 1.05457e-05 -1.61321e-05 1.87952e-05 2.31424e-05 -1.66763e-05 8.07955e-05 -1.24575e-05 -3.56629e-06 0 -5.69441e-06 -1.32655e-05
internal_weight=11104 762 10342 712 3606 528 3078 560 202 6736 918 349 2518 1068 280 467 291 158 1450 478 5818 295 241 5613 102 1024 569 510 503 966
internal_count=11104 762 10342 712 3606 528 3078 560 202 6736 918 349 2518 1068 280 467 291 158 1450 478 5818 295 241 5613 102 1024 569 510 503 966
is_linear=0
shrinkage=0.05


Tree=7
num_leaves=31
num_cat=0
split_feature=85 85 139 21 118 142 32 126 81 93 118 43 19 41 92 139 19 123 6 1 54 15 34 13 118 126 117 92 49 15
split_gain=0.000816877 0.00232001 0.000866769 0.000697294 0.000480558 0.000416574 0.000264437 0.000346359 0.000151099 0.000270838 9.83391e-05 5.83974e-05 0.000173614 0.000104232 4.2935e-05 6.61448e-05 5.00877e-05 3.84195e-05 3.79878e-05 1.77025e-05 2.39297e-05 6.32606e-05 4.82607e-05 1.95137e-05 1.57054e-05 1.48519e-05 1.20113e-05 1.10796e-05 9.34412e-06 9.10661e-06
threshold=267.52255620000005 267.60432725000004 85.297101827098672 0.47916666666666669 15.850000000000003 786.24045195533529 4.8500000000000005 4.5000000000000009 41.95000000000001 274.92912390000009 20.050000000000004 0.35950000000000004 -0.0015014285714285715 51.500000000000007 9.3500000000000032 68.337932145285137 -0.0026999999999999997 0.91597561503675362 0.00035902777777777783 0.028360589500000002 0.14500000000000005 0.00021875000000000006 -0.98021292384159231 0.00020183957638888889 36.95000000000001 22.500000000000004 0.8500000000000002 22.050000000000004 1000.35 0.00044895833333333338
decision_type=2 2 2 2 2 2 2 2 2 2 2 2 2 2 2 2 2 2 2 2 2 2 2 2 2 2 2 2 2 2
left_child=28 -2 6 4 -4 8 7 -3 9 -6 26 19 13 -13 -9 16 -16 18 -18 23 -21 -22 -23 -12 27 -7 -8 -25 -1 -20
right_child=1 2 3 -5 5 25 10 14 -10 -11 11 12 -14 -15 15 -17 17 -19 29 20 21 22 -24 24 -26 -27 -28 -29 -30 -31
leaf_value=-1.5695639429555611e-05 0.00025790006666587338 0.00013049859713471258 0 0 0.00027694376756699058 0 -1.3691626864897984e-05 0 0 0 0 0 0 9.3657320861666448e-05 0 0 0 0 8.8173130249990871e-05 0 0 0 6.7925230776725933e-05 -1.26308560821432e-05 0 2.7746944204279445e-05 0 0 0 0
leaf_weight=4423 95 82 129 228 98 67 1687 292 52 52 404 52 531 95 57 209 50 59 87 539 121 64 73 994 96 55 115 159 87 52
leaf_count=4423 95 82 129 228 98 67 1687 292 52 52 404 52 531 95 57 209 50 59 87 539 121 64 73 994 96 55 115 159 87 52
internal_value=5.39165e-07 1.21833e-05 7.78315e-06 6.12452e-05 9.73368e-05 0.000130122 6.56679e-07 2.64093e-05 0.000179466 0.000214012 -2.97236e-06 9.80345e-07 1.47371e-05 6.26823e-05 9.47525e-06 1.86844e-05 3.35849e-05 4.34631e-05 5.46e-05 -7.91103e-07 1.87192e-06 1.55492e-05 3.99975e-05 -5.09842e-06 -8.5687e-06 6.97515e-06 -1.26035e-05 -1.06562e-05 -1.53761e-05 6.87329e-05
internal_weight=11104 6594 6499 681 453 324 5818 888 202 150 4930 3128 678 147 806 514 305 248 189 2450 797 258 137 1653 1249 122 1802 1153 4510 139
internal_count=11104 6594 6499 681 453 324 5818 888 202 150 4930 3128 678 147 806 514 305 248 189 2450 797 258 137 1653 1249 122 1802 1153 4510 139
is_linear=0
shrinkage=0.05


Tree=8
num_leaves=31
num_cat=0
split_feature=85 85 139 142 43 74 126 22 118 22 118 43 19 41 90 120 14 135 56 98 141 134 41 92 19 134 0 50 116 49
split_gain=0.000750923 0.00208962 0.000805598 0.000535778 0.00056089 0.00026617 0.000741625 0.000151905 0.000228167 0.000176296 9.54878e-05 6.74086e-05 0.000165087 0.000121304 3.35687e-05 3.20823e-05 3.62286e-05 4.7566e-05 3.56633e-05 2.27603e-05 1.72722e-05 1.77422e-05 2.82787e-05 3.40483e-05 2.143e-05 1.63523e-05 1.54812e-05 1.32505e-05 1.27717e-05 8.47771e-06
threshold=267.52255620000005 267.60432725000004 85.297101827098672 788.02418193620986 0.30150000000000005 9.0642857142857185 5.5000000000000009 6.5000000000000009 19.250000000000004 55.500000000000007 20.050000000000004 0.35650000000000004 -0.0015014285714285715 52.500000000000007 26.10510204081633 278.09646485000007 0.029486658000000002 20.865000000000006 -4.6164650999999699 -6.2499999999999991 37.055000000000007 7.7600000000000007 49.500000000000007 8.0500000000000025 0.0086599999999999924 6.8550000000000013 0.051200000000000002 1025.0500000000002 286.1754823500001 1000.35
decision_type=2 2 2 2 2 2 2 2 2 2 2 2 2 2 2 2 2 2 2 2 2 2 2 2 2 2 2 2 2 2
left_child=29 -2 5 4 -4 6 -3 -6 -9 -10 28 20 13 -13 -15 16 17 -8 19 -19 25 -22 23 -23 -25 -12 27 -27 -7 -1
right_child=1 2 3 -5 7 10 15 8 9 -11 11 12 -14 14 -16 -17 -18 18 -20 -21 21 22 -24 24 -26 26 -28 -29 -30 -31
leaf_value=-1.4911034884454846e-05 0.00024513939424953911 0.00020680352131452747 0.0002843040139800995 0 0 -1.2714168230607508e-05 0 0 0.00013628321814634152 0 0 0 0 0 0.00012756432984921653 0 0 0 0 7.6237345772544639e-05 0 0 0 3.8973089969329005e-05 0 -1.1357662359523213e-05 0 0 0 0
leaf_weight=4423 95 57 50 298 59 1767 106 86 128 60 331 69 646 51 59 180 68 52 91 77 207 51 124 170 64 1169 290 110 79 87
leaf_count=4423 95 57 50 298 59 1767 106 86 128 60 331 69 646 51 59 180 68 52 91 77 207 51 124 170 64 1169 290 110 79 87
internal_value=6.27772e-07 1.18062e-05 7.58898e-06 5.91435e-05 9.84919e-05 6.86108e-07 3.1923e-05 5.48545e-05 7.09615e-05 0.00010171 -2.15553e-06 1.63706e-06 1.46161e-05 5.72119e-05 8.96659e-05 5.53176e-06 1.57352e-05 2.40013e-05 3.72886e-05 5.5223e-05 -6.36406e-07 3.11433e-06 1.10806e-05 2.05719e-05 2.96187e-05 -4.48363e-06 -7.09788e-06 -9.59327e-06 -1.17239e-05 -1.46066e-05
internal_weight=11104 6594 6499 681 383 5818 631 333 274 188 5187 3341 825 179 110 574 394 326 220 129 2516 616 409 285 234 1900 1569 1279 1846 4510
internal_count=11104 6594 6499 681 383 5818 631 333 274 188 5187 3341 825 179 110 574 394 326 220 129 2516 616 409 285 234 1900 1569 1279 1846 4510
is_linear=0
shrinkage=0.05


Tree=9
num_leaves=31
num_cat=0
split_feature=2 101 103 75 96 135 41 77 117 129 14 92 124 93 96 135 30 122 96 23 112 101 139 101 50 2 2 80 49 92
split_gain=0.000729536 0.00308765 0.00061494 0.000261793 0.000377271 0.000202021 0.000514331 0.000176263 0.000180887 0.000253776 0.000212034 0.000156294 9.66698e-05 6.53667e-05 6.10431e-05 7.17224e-05 9.87405e-05 9.21137e-05 4.88227e-05 4.08253e-05 6.75418e-05 3.70902e-05 2.36153e-05 1.83141e-05 1.37514e-05 6.86937e-06 6.48527e-06 6.4551e-06 6.37336e-06 5.29406e-06
threshold=0.0051660255 -6.8760039999999938 1072.2500000000002 7.2500000000000009 42.88750000000001 2.5400000000000005 52.500000000000007 287.99587560000003 0.15000000000000005 3.5000000000000004 0.016737458000000004 20.150000000000006 0.60355339059327384 268.99446620000009 39.662500000000009 20.865000000000006 -1.3400000000000001 15.500000000000002 41.775000000000006 27.063194444444449 278.91811825000008 -5.0408383999999833 90.664525633972247 7.7528775000000119 1022.9500000000002 0.0035617145000000003 0.00020991850000000003 13.562500000000002 1003.2500000000001 35.350000000000009
decision_type=2 2 2 2 2 2 2 2 2 2 2 2 2 2 2 2 2 2 2 2 2 2 2 2 2 2 2 2 2 2
left_child=2 -2 3 4 14 6 -3 13 -9 -10 -11 18 -13 22 15 -1 17 -17 24 20 21 -20 23 25 27 28 -15 -5 29 -4
right_child=1 5 7 11 -6 -7 -8 8 9 10 -12 12 -14 26 -16 16 -18 -19 19 -21 -22 -23 -24 -25 -26 -27 -28 -29 -30 -31
leaf_value=0 0.0004303016170617376 0.00019080912745980018 -1.4942989754531553e-05 0 0.00016213160137828334 0 0 0 0 0 0.00014221226886331265 0 8.9338098711308269e-05 0 0 0.00010989925424063972 0 0 0 0 0 5.156452425256538e-05 0 0 0 0 1.029409775630745e-05 -9.0360962947965228e-06 0 0
leaf_weight=203 50 50 6073 139 81 428 80 480 114 72 83 188 90 437 91 86 85 50 63 93 209 173 172 82 145 106 152 900 79 50
leaf_count=203 50 50 6073 139 81 428 80 480 114 72 83 188 90 437 91 86 85 50 63 93 209 173 172 82 145 106 152 900 79 50
internal_value=6.95026e-07 5.42141e-05 -1.93371e-06 1.85482e-05 4.93518e-05 1.08605e-05 6.60203e-05 -9.29853e-06 1.04627e-05 4.44855e-05 8.65566e-05 6.84986e-06 4.16773e-05 -1.20686e-05 2.16439e-05 3.04604e-05 5.08326e-05 7.73884e-05 0 1.3553e-05 2.12327e-05 3.95077e-05 -1.35507e-05 -1.40642e-05 -4.41051e-06 -1.44094e-05 0 -7.43108e-06 -1.46269e-05 -1.48091e-05
internal_weight=11104 608 10496 2596 596 558 130 7900 749 269 155 2000 278 7151 515 424 221 136 1722 538 445 236 6562 6390 1184 6308 589 1039 6202 6123
internal_count=11104 608 10496 2596 596 558 130 7900 749 269 155 2000 278 7151 515 424 221 136 1722 538 445 236 6562 6390 1184 6308 589 1039 6202 6123
is_linear=0
shrinkage=0.05


Tree=10
num_leaves=31
num_cat=0
split_feature=118 131 3 101 82 75 141 139 92 15 129 31 63 29 93 22 90 138 104 6 137 49 31 126 49 93 3 136 24 25
split_gain=0.000704153 0.00100037 0.00266375 0.00318458 0.000306976 0.000242036 0.000281106 0.000186887 0.00015262 9.27128e-05 0.000183968 0.000117305 7.24153e-05 6.85716e-05 5.63238e-05 4.28128e-05 9.93805e-05 7.04378e-05 4.11519e-05 3.27167e-05 2.25278e-05 1.44384e-05 1.21901e-05 8.25318e-06 5.18058e-06 1.56679e-05 3.42051e-06 3.31277e-06 1.85621e-06 1.07222e-06
threshold=15.450000000000001 33.15434016127945 0.028633697500000003 -3.653826199999997 28.546000000000003 7.2500000000000009 38.630000000000003 85.297101827098672 15.950000000000005 0.00023750000000000003 3.5000000000000004 14.450000000000001 10.652250000000002 44.300000000000004 268.86547980000006 5.5000000000000009 25.603061224489803 6.8050000000000006 0.45000000000000007 0.035966666666666675 1.0000000180025095e-35 1002.2500000000001 13.550000000000002 6.5000000000000009 972.25000000000011 270.82514135000002 0.047842980000000007 3.2550000000000003 34.250000000000007 1.5000000000000002
decision_type=2 2 2 2 2 2 2 2 2 2 2 2 2 2 2 2 2 2 2 2 2 2 2 2 2 2 2 2 2 2
left_child=20 2 24 -4 -5 6 7 -3 14 -10 -11 -12 13 -13 19 16 -16 -18 -8 22 -1 29 -7 -17 -2 -26 -25 28 -24 -22
right_child=1 5 3 4 -6 8 18 -9 9 10 11 12 -14 -15 15 23 17 -19 -20 -21 21 -23 27 26 25 -27 -28 -29 -30 -31
leaf_value=0 0 0 0.00058667167331840774 0 0.00014878686080206251 0 0 7.4358481733025441e-05 0 0 0 0.00010960038854228925 0 0 0 0 7.320776276651715e-05 0 0.00015954369801458935 0 0 0 0 -6.5473787708980854e-06 2.3547444243570465e-05 0 0 0 -1.3351839175209588e-05 -1.4403412833246496e-05
leaf_weight=235 256 450 50 73 50 100 51 90 462 439 73 137 52 59 295 276 98 60 58 61 67 114 80 711 93 53 112 61 1833 4521
leaf_count=235 256 450 50 73 50 100 51 90 462 439 73 137 52 59 295 276 98 60 58 61 67 114 80 711 93 53 112 61 1833 4521
internal_value=5.06668e-07 1.22481e-05 7.56237e-05 0.000239173 5.39993e-05 4.77972e-06 3.35603e-05 8.1503e-06 0 1.61822e-05 2.69335e-05 5.60601e-05 7.24007e-05 8.68589e-05 -4.07661e-06 4.66887e-07 1.52824e-05 4.72171e-05 0.000112772 -9.71891e-06 -1.30661e-05 -1.38286e-05 -1.16898e-05 -1.10285e-06 0 9.38643e-06 -5.16369e-06 -1.26096e-05 -1.29767e-05 -1.42774e-05
internal_weight=11070 6133 575 173 123 5558 649 540 4909 1222 760 321 248 196 3687 1552 453 158 109 2135 4937 4702 2074 1099 402 146 823 1974 1913 4588
internal_count=11070 6133 575 173 123 5558 649 540 4909 1222 760 321 248 196 3687 1552 453 158 109 2135 4937 4702 2074 1099 402 146 823 1974 1913 4588
is_linear=0
shrinkage=0.05


Tree=11
num_leaves=31
num_cat=0
split_feature=118 131 3 101 142 103 92 6 142 29 115 99 29 92 13 51 6 133 93 8 49 94 15 49 103 142 124 49 29 15
split_gain=0.000647479 0.00090656 0.00243494 0.0028415 0.000283792 0.000237203 0.000180108 0.000243272 8.9128e-05 0.000121456 0.000103397 6.53478e-05 9.13026e-05 5.97073e-05 8.3664e-05 6.23245e-05 3.57479e-05 2.60902e-05 2.3133e-05 1.73796e-05 1.31375e-05 5.98765e-06 1.67737e-05 4.39099e-06 2.5171e-05 3.57111e-06 3.29506e-06 2.91646e-06 2.46647e-06 3.31001e-06
threshold=15.450000000000001 33.15434016127945 0.028633697500000003 -3.653826199999997 732.33955336923111 1066.0500000000002 8.1500000000000039 0.014288194444444445 318.90907740386609 31.150000000000002 13.65 2.4000000000000346 19.950000000000006 15.950000000000005 0.0016090432986111114 28.500000000000004 0.035966666666666675 87.760000000000005 271.32447745000007 0.0008331160581507086 1002.2500000000001 20.500000000000004 0.0011010416666666671 972.25000000000011 924.85000000000025 67.502894249168733 -0.98296291314453399 994.45000000000016 24.300000000000001 9.7916666666666684e-05
decision_type=2 2 2 2 2 2 2 2 2 2 2 2 2 2 2 2 2 2 2 2 2 2 2 2 2 2 2 2 2 2
left_child=17 2 23 -4 -5 6 21 8 25 10 11 12 -10 16 -15 -16 18 20 27 -14 26 28 -23 -2 -25 -8 -1 -7 -3 -30
right_child=1 5 3 4 -6 13 7 -9 9 -11 -12 -13 19 14 15 -17 -18 -19 -20 -21 -22 22 -24 24 -26 -27 -28 -29 29 -31
leaf_value=0 0 0 0.00055791328203186449 0 0.00013698038336389635 -1.2108052315241737e-05 1.1630537989152465e-05 0.00012524266831098055 0 0 0 0 0 0 0 7.2217258638314274e-05 0 0 0 0.00010039223050658556 0 0 3.0914083763491358e-05 0 3.0206090644096099e-05 0 -1.3743425020653711e-05 0 0 -5.250403738115894e-06
leaf_weight=147 256 67 50 69 54 2062 65 81 70 279 191 52 61 730 60 74 73 90 156 166 114 107 56 66 80 437 4586 78 82 611
leaf_count=147 256 67 50 69 54 2062 65 81 70 279 191 52 61 730 60 74 73 90 156 166 114 107 56 66 80 437 4586 78 82 611
internal_value=5.84117e-07 1.18571e-05 7.22415e-05 0.000228606 5.09996e-05 4.69872e-06 1.72344e-05 2.85195e-05 1.87163e-05 2.8922e-05 4.27683e-05 5.97148e-05 6.88209e-05 -2.77272e-06 5.50129e-06 4.17522e-05 -7.90109e-06 -1.24067e-05 -1.01646e-05 8.48031e-05 -1.30476e-05 0 8.74415e-06 0 8.64156e-06 0 -1.34639e-05 -1.17413e-05 -1.78681e-06 -3.51936e-06
internal_weight=11070 6133 575 173 123 5558 2325 1402 1321 819 540 349 297 3233 864 134 2369 4937 2296 227 4847 923 163 402 146 502 4733 2140 760 693
internal_count=11070 6133 575 173 123 5558 2325 1402 1321 819 540 349 297 3233 864 134 2369 4937 2296 227 4847 923 163 402 146 502 4733 2140 760 693
is_linear=0
shrinkage=0.05


Tree=12
num_leaves=31
num_cat=0
split_feature=118 129 76 13 93 91 83 93 92 6 29 116 22 112 13 112 10 91 50 134 90 104 133 96 55 92 49 104 43 41
split_gain=0.000595898 0.000831267 0.00120972 0.000561054 0.000624606 0.000554646 0.000846229 0.000146926 0.000143686 0.000137929 5.02151e-05 4.93145e-05 5.37902e-05 6.19188e-05 4.6528e-05 0.000130487 4.60544e-05 4.30491e-05 4.20491e-05 3.66165e-05 5.09206e-05 3.59286e-05 2.46097e-05 2.44473e-05 4.13796e-05 1.97566e-05 1.2186e-05 4.65239e-06 5.65377e-06 9.25849e-06
threshold=15.450000000000001 7.5000000000000009 2.0500000000000007 0.00089274404861111112 272.11661600000008 17.050000000000004 18.750000000000004 268.60707300000007 8.1500000000000039 0.014288194444444445 24.050000000000004 293.24730735000009 62.500000000000007 279.74619550000006 0.0029473370347222225 291.64202090000009 15.340000000000002 16.250000000000004 1015.1500000000002 26.590000000000003 22.037755102040819 0.35000000000000009 87.430000000000021 36.13750000000001 -0.32266449999997343 18.650000000000006 1002.2500000000001 0.8500000000000002 0.35350000000000004 50.500000000000007
decision_type=2 2 2 2 2 2 2 2 2 2 2 2 2 2 2 2 2 2 2 2 2 2 2 2 2 2 2 2 2 2
left_child=22 7 3 10 5 -5 -7 14 27 11 18 12 13 16 25 -16 17 -10 -3 20 -19 -8 26 -22 -25 -2 -1 -9 -29 -30
right_child=1 2 -4 4 -6 6 21 8 9 -11 -12 -13 -14 -15 15 -17 -18 19 -20 -21 23 -23 -24 24 -26 -27 -28 28 29 -31
leaf_value=-1.2851259412243054e-05 -1.0850257220384682e-05 0 0.00030317404683206841 0 0 0.00032652295869475367 5.9276837807953018e-05 -4.3737751465905122e-06 0 9.4182929865331815e-05 -1.358475939311331e-06 0 0 0 0 6.3988921220454084e-05 0 0 5.2295928148634548e-05 0 0 0 0 0 8.2497407386397206e-05 0 0 0 0 1.5871243150298609e-05
leaf_weight=4697 1895 61 50 86 122 70 54 607 60 88 504 300 94 359 234 81 64 99 83 59 60 54 126 50 183 394 114 212 63 147
leaf_count=4697 1895 61 50 86 122 70 54 607 60 88 504 300 94 359 234 81 64 99 83 59 60 54 126 50 183 394 114 212 63 147
internal_value=6.69259e-07 1.1497e-05 5.14335e-05 3.41483e-05 8.2116e-05 0.000125459 0.000176206 1.92419e-06 1.14195e-05 2.18771e-05 0 1.32563e-05 1.86219e-05 2.29229e-05 -5.07295e-06 5.4941e-06 3.34919e-05 3.8559e-05 2.93147e-05 4.38436e-05 4.94345e-05 3.08048e-05 -1.17686e-05 6.08249e-05 7.00678e-05 -8.71231e-06 -1.24463e-05 0 0 8.18461e-06
internal_weight=11070 6133 1084 1034 386 264 178 5049 2445 1416 648 1328 1028 934 2604 315 575 511 144 451 392 108 4937 293 233 2289 4811 1029 422 210
internal_count=11070 6133 1084 1034 386 264 178 5049 2445 1416 648 1328 1028 934 2604 315 575 511 144 451 392 108 4937 293 233 2289 4811 1029 422 210
is_linear=0
shrinkage=0.05


Tree=13
num_leaves=31
num_cat=0
split_feature=118 131 4 128 103 92 142 120 43 21 83 13 99 99 133 92 110 116 29 83 43 16 15 9 119 82 27 29 142 43
split_gain=0.000545535 0.000719508 0.00160508 0.00240395 0.000202399 0.000156326 0.000197177 0.000127255 0.00012188 0.000240727 0.000265092 5.0398e-05 0.00013338 3.1602e-05 2.54945e-05 2.29716e-05 1.94424e-05 1.75291e-05 2.26366e-05 1.8507e-05 1.02027e-05 2.36794e-05 2.74878e-05 7.70786e-06 6.76324e-06 7.44773e-06 6.16112e-06 2.64831e-06 2.38131e-06 2.18875e-06
threshold=15.750000000000002 33.15434016127945 7.6750000000000009e-05 9.0640421076593753 1066.0500000000002 8.1500000000000039 318.90907740386609 278.24070175000003 0.28050000000000008 0.47916666666666669 20.650000000000002 0.0028939894027777782 -3.450000000000045 -2.450000000000045 87.760000000000005 18.650000000000006 14.350000000000003 280.30160125000003 29.600000000000005 16.750000000000004 0.35850000000000004 1.0550000000000004 0.0013937500000000002 3.280416666666667 8.9500000000000011 11.626000000000003 1309.1000000000001 58.850000000000009 67.502894249168733 0.49750000000000005
decision_type=2 2 2 2 2 2 2 2 2 2 2 2 2 2 2 2 2 2 2 2 2 2 2 2 2 2 2 2 2 2
left_child=14 2 13 -4 5 20 28 8 -8 10 -10 15 -13 -2 24 16 -6 -11 19 -19 -3 -22 -23 26 25 -1 -18 -28 -7 -27
right_child=1 4 3 -5 11 6 7 -9 9 17 -12 12 -14 -15 -16 -17 23 18 -20 -21 21 22 -24 -25 -26 29 27 -29 -30 -31
leaf_value=0 3.8978516419704714e-05 -3.8577713051607755e-06 0.0003701272078847019 0 0 9.4974312356278045e-06 0 0 0.00012054836543126406 0 0 8.0477436826864295e-05 0 0 0 0 0 5.1052516551206077e-05 0 0 0 5.1332561725179076e-05 0 0 0 -1.2690748045862208e-05 -1.1638582972237359e-05 0 0 0
leaf_weight=308 51 570 90 76 216 65 117 160 229 91 51 58 298 349 92 545 67 71 105 69 232 54 63 131 199 4393 1769 63 435 53
leaf_count=308 51 570 90 76 216 65 117 160 229 91 51 58 298 349 92 545 67 71 105 69 232 54 63 131 199 4393 1769 63 435 53
internal_value=7.04508e-07 1.12774e-05 6.56521e-05 0.000196627 4.71304e-06 1.62686e-05 2.68236e-05 4.0906e-05 4.9714e-05 5.86002e-05 9.76523e-05 -2.19059e-06 1.16762e-05 0 -1.09311e-05 -5.75372e-06 -8.16658e-06 1.10268e-05 1.85664e-05 3.16665e-05 0 6.97113e-06 2.54131e-05 -9.88523e-06 -1.16006e-05 -1.199e-05 -1.0705e-05 -1.12778e-05 0 -1.2566e-05
internal_weight=11070 6025 566 166 5459 2312 1393 893 733 616 280 3147 356 400 5045 2791 2246 336 245 140 919 349 117 2030 4953 4754 1899 1832 500 4446
internal_count=11070 6025 566 166 5459 2312 1393 893 733 616 280 3147 356 400 5045 2791 2246 336 245 140 919 349 117 2030 4953 4754 1899 1832 500 4446
is_linear=0
shrinkage=0.05


Tree=14
num_leaves=31
num_cat=0
split_feature=118 128 76 92 92 49 22 141 67 138 42 134 142 92 32 19 93 84 82 133 19 112 49 88 92 4 132 136 108 84
split_gain=0.00049874 0.00059524 0.00100176 0.000773465 0.000740539 0.000293032 0.000674987 0.000112224 0.000319841 0.000110093 7.7095e-05 6.83086e-05 5.21594e-05 4.91151e-05 4.17201e-05 4.08384e-05 3.55484e-05 5.50506e-05 7.64009e-05 2.4013e-05 1.37374e-05 1.0881e-05 1.05618e-05 8.51921e-06 7.33083e-06 8.56076e-06 7.397e-06 6.36137e-06 6.92514e-06 5.51107e-06
threshold=15.750000000000002 9.5871465020954059 2.5500000000000012 20.450000000000006 22.950000000000006 992.45000000000016 8.5000000000000018 38.630000000000003 7.1500000000000012 9.4400000000000031 0.48500000000000004 9.1100000000000012 317.58379229799124 6.7500000000000018 9.2500000000000018 -0.00034714285714285701 266.87355450000007 0.15000000000000005 26.856000000000005 87.760000000000005 0.0030971428571428586 294.66025765000006 1002.2500000000001 20.237500000000004 19.550000000000008 0.0055689755000000009 2.5000000000000004 1.8450000000000002 289.93183420000008 19.650000000000006
decision_type=2 2 2 2 2 2 2 2 2 2 2 2 2 2 2 2 2 2 2 2 2 2 2 2 2 2 2 2 2 2
left_child=19 2 3 5 -5 9 -7 12 -9 11 -11 21 20 -13 -15 16 -14 -18 -19 22 23 27 -1 -3 25 -17 -26 28 -2 -25
right_child=1 7 -4 4 -6 6 -8 8 -10 10 -12 13 15 14 -16 24 17 18 -20 -21 -22 -23 -24 29 26 -27 -28 -29 -30 -31
leaf_value=-1.1408782850552155e-05 -1.4687064316518337e-05 0 0.00026366790126945385 0.00022438582755947867 0 0.0001768869036673745 0 0.00010576152099613529 0 0 9.0836228678849046e-05 0 0 0 5.7820239383415487e-05 -6.9563596280752721e-06 0 7.8107053000272834e-05 0 0 0 0 0 -1.1384382064224745e-05 9.8396809081298118e-06 0 0 0 0 0
leaf_weight=4839 849 82 50 93 85 83 193 94 189 52 55 111 122 52 83 820 250 85 66 92 98 56 114 1637 190 184 240 68 87 51
leaf_count=4839 849 82 50 93 85 83 193 94 189 52 55 111 122 52 83 820 250 85 66 92 98 56 114 1637 190 184 240 68 87 51
internal_value=7.22354e-07 1.08477e-05 3.38462e-05 2.48768e-05 0.000126876 1.11e-05 5.82787e-05 0 3.04323e-05 0 4.9938e-05 -2.12506e-06 -2.14108e-06 1.47502e-05 3.60277e-05 1.6084e-06 1.43006e-05 2.20826e-05 4.68522e-05 -1.03787e-05 -8.74318e-06 -1.07641e-05 -1.10379e-05 -1.00033e-05 0 -4.27035e-06 0 -1.22225e-05 -1.33118e-05 -1.08413e-05
internal_weight=11070 6025 1917 1867 178 1689 276 4108 283 1413 107 1306 3825 246 135 1957 523 401 151 5045 1868 1060 4953 1770 1434 1004 430 1004 936 1688
internal_count=11070 6025 1917 1867 178 1689 276 4108 283 1413 107 1306 3825 246 135 1957 523 401 151 5045 1868 1060 4953 1770 1434 1004 430 1004 936 1688
is_linear=0
shrinkage=0.05


Tree=15
num_leaves=31
num_cat=0
split_feature=2 101 93 139 92 126 114 4 141 93 120 96 77 133 92 136 22 133 82 120 114 30 49 21 14 49 2 92 61 82
split_gain=0.000612265 0.00284595 0.000325946 0.000453091 0.000571308 0.000114336 0.00016134 0.000364379 0.000101949 0.000163424 0.000193769 5.28545e-05 5.23277e-05 2.02886e-05 1.59571e-05 5.05312e-05 5.71929e-05 4.76138e-05 5.06257e-05 4.45394e-05 5.41577e-05 3.14679e-05 1.45137e-05 4.19985e-05 6.41517e-05 1.32164e-05 1.25143e-05 8.18326e-06 7.63202e-06 6.84363e-06
threshold=0.0035617145000000003 -8.3657888499999711 267.48557675000001 85.297101827098672 21.050000000000008 43.500000000000007 28.650000000000002 0.005049572500000001 38.630000000000003 270.35638525000007 279.33609645000007 42.01250000000001 287.99587560000003 87.760000000000005 7.7500000000000018 0.44500000000000006 40.500000000000007 66.670000000000002 26.718000000000007 276.88880680000005 35.350000000000001 -1.3785714285714288 971.45000000000016 0.38194444444444448 0.016737458000000004 1000.35 0.00067201650000000017 18.450000000000006 441.30000000000007 15.584000000000001
decision_type=2 2 2 2 2 2 2 2 2 2 2 2 2 2 2 2 2 2 2 2 2 2 2 2 2 2 2 2 2 2
left_child=2 -2 12 8 11 6 7 -3 14 -10 -11 -5 13 25 26 16 17 18 19 20 21 -16 23 24 -14 28 -4 29 -1 -17
right_child=1 5 3 4 -6 -7 -8 -9 9 10 -12 -13 22 -15 15 27 -18 -19 -20 -21 -22 -23 -24 -25 -26 -27 -28 -29 -30 -31
leaf_value=0 0.00040469046617195442 0.00013884637994521456 -7.2515893857507406e-06 0 0.00019223109714887386 0 0 0 0 0.00011576950233784269 0 4.8314186998667485e-05 0 0 7.8355078429196003e-05 0 0 0 0 0 0 0 -2.943344664948526e-07 0 7.6160844322517869e-05 0 0 0 -1.1820303458683907e-05 -8.3640673195211207e-06
leaf_weight=139 51 86 1104 156 76 367 176 74 140 86 55 56 54 80 138 172 147 112 68 51 58 70 403 185 51 79 159 400 5720 536
leaf_count=139 51 86 1104 156 76 367 176 74 140 86 55 56 54 80 138 172 147 112 68 51 58 70 403 185 51 79 159 400 5720 536
internal_value=4.32114e-07 4.4252e-05 -2.29559e-06 9.20023e-06 7.00472e-05 1.04635e-05 3.28162e-05 6.89886e-05 2.34734e-06 3.11163e-05 6.92821e-05 2.07442e-06 -9.1803e-06 -1.07571e-05 0 2.73069e-06 1.47011e-05 2.38124e-05 3.22481e-05 4.0747e-05 4.89335e-05 6.08836e-05 0 1.1161e-05 3.65035e-05 -1.12167e-05 -4.60644e-06 0 -1.1539e-05 -5.37168e-06
internal_weight=11049 754 10295 3584 288 703 336 160 3296 281 141 212 6711 6018 3015 1752 644 497 385 317 266 208 693 290 105 5938 1263 1108 5859 708
internal_count=11049 754 10295 3584 288 703 336 160 3296 281 141 212 6711 6018 3015 1752 644 497 385 317 266 208 693 290 105 5938 1263 1108 5859 708
is_linear=0
shrinkage=0.05


Tree=16
num_leaves=31
num_cat=0
split_feature=2 101 133 103 139 112 74 85 4 114 160 118 77 21 119 160 108 15 103 84 112 90 49 116 105 89 160 12 100 117
split_gain=0.000552531 0.00257151 0.000302544 0.000286603 0.000143778 0.000155666 0.000123301 0.000111545 0.000155454 0.000321308 7.59184e-05 0.000106292 6.57067e-05 4.05142e-05 3.62411e-05 3.03018e-05 3.55546e-05 5.46097e-05 2.62249e-05 2.11086e-05 1.24028e-05 8.40959e-06 7.67847e-06 4.03912e-06 2.72911e-06 1.56919e-06 1.5338e-06 1.50252e-06 7.84089e-07 3.71725e-07
threshold=0.0035617145000000003 -8.3657888499999711 88.200000000000003 1061.3500000000004 85.297101827098672 278.91811825000008 8.3928571428571477 270.82950125000008 0.005049572500000001 28.850000000000005 0.25408163265306133 31.050000000000004 287.99587560000003 0.18750000000000003 11.050000000000002 0.19693877551020414 281.39369440000002 0.00049062500000000007 1204.7000000000005 1.0000000180025095e-35 279.39199100000008 26.176530612244903 1002.2500000000001 293.55428755000008 6.5000000000000009 53.550000000000004 0.71938775510204089 0.00075778150000000018 8.5499999999999563 0.15000000000000005
decision_type=2 2 2 2 2 2 2 2 2 2 2 2 2 2 2 2 2 2 2 2 2 2 2 2 2 2 2 2 2 2
left_child=2 -2 3 4 6 -6 10 -3 9 -9 11 -1 18 -14 -7 21 17 19 -5 -17 -21 23 24 27 -20 26 28 -8 -26 -15
right_child=1 7 -4 12 5 14 15 8 -10 -11 -12 -13 13 29 -16 16 -18 -19 22 20 -22 -23 -24 -25 25 -27 -28 -29 -30 -31
leaf_value=8.9560248166162644e-05 0.00038484505441514424 0 9.156377829285481e-05 0 0 0.00010297359390296704 0 0.00013442065224776077 0 0 0 0 4.2992654977503906e-05 -1.4418733384327643e-06 0 0 0 0 0 5.1526421952862964e-05 0 0 0 0 -1.1767367530915565e-05 0 0 -1.0121034978627854e-05 0 0
leaf_weight=99 51 378 81 766 82 101 78 84 136 105 103 95 54 446 55 200 282 186 85 129 51 162 130 91 5890 52 54 728 66 229
leaf_count=99 51 378 81 766 82 101 78 84 136 105 103 95 54 446 55 200 282 186 85 129 51 162 130 91 5890 52 54 728 66 229
internal_value=4.57775e-07 4.20944e-05 -2.10983e-06 -3.35106e-06 1.07187e-05 5.01794e-05 4.1691e-06 9.61548e-06 3.24819e-05 6.20945e-05 3.4103e-05 5.24465e-05 -8.4159e-06 7.16556e-07 7.94472e-05 0 6.50786e-06 1.48386e-05 -1.0071e-05 2.61917e-05 4.16602e-05 -6.12737e-06 -1.11464e-05 -8.22981e-06 -1.14014e-05 -1.153e-05 -1.16079e-05 -9.37443e-06 -1.16879e-05 0
internal_weight=11049 754 10295 10214 2442 238 2204 703 325 189 297 194 7772 729 156 1907 848 566 7043 380 180 1059 6277 897 6147 6062 6010 806 5956 675
internal_count=11049 754 10295 10214 2442 238 2204 703 325 189 297 194 7772 729 156 1907 848 566 7043 380 180 1059 6277 897 6147 6062 6010 806 5956 675
is_linear=0
shrinkage=0.05


Tree=17
num_leaves=31
num_cat=0
split_feature=2 101 92 133 115 93 74 136 21 118 85 4 114 119 105 126 112 128 92 43 89 4 13 116 133 105 49 27 103 138
split_gain=0.000498182 0.00232341 0.00028632 0.000688054 0.000382447 0.000193537 0.000154853 0.000138333 0.000144746 0.000154011 0.000101428 0.000142359 0.000289471 5.1267e-05 3.24586e-05 2.85065e-05 3.13638e-05 4.72773e-05 5.23514e-05 2.71349e-05 4.67065e-05 4.02983e-05 2.62679e-05 1.79004e-05 1.33888e-05 1.09204e-05 8.60419e-06 8.47095e-06 4.5848e-06 2.27649e-06
threshold=0.0035617145000000003 -8.3657888499999711 20.150000000000006 84.075000000000017 10.950000000000001 271.39235550000006 8.3928571428571477 0.54500000000000015 0.36805555555555564 30.750000000000004 270.82950125000008 0.005049572500000001 28.850000000000005 9.9500000000000011 16.500000000000004 21.500000000000004 293.05017920000006 11.11772088152023 28.650000000000002 0.37650000000000006 37.750000000000007 0.00018374100000000004 0.0042535998611111124 290.34024950000008 87.760000000000005 9.5000000000000018 1000.35 1852.5500000000004 696.05000000000007 16.700000000000003
decision_type=2 2 2 2 2 2 2 2 2 2 2 2 2 2 2 2 2 2 2 2 2 2 2 2 2 2 2 2 2 2
left_child=2 -2 5 13 -5 22 7 8 -7 -10 -3 12 -12 -4 15 -15 17 18 25 27 -21 -22 23 24 26 -17 28 -8 -1 -30
right_child=1 10 3 4 -6 6 19 -9 9 -11 11 -13 -14 14 -16 16 -18 -19 -20 20 21 -23 -24 -25 -26 -27 -28 -29 29 -31
leaf_value=0 0.00036597285241721418 0 0 0 0.00024832611587293754 0 -6.3766900132609187e-06 0 0.00016925934125213514 0 0.00012777869000616621 0 0 0 0 0 0 0 0 0 0 5.4487972612121438e-05 0 0 0 9.0645659034128631e-05 0 0 -1.1261947454237217e-05 0
leaf_weight=51 51 378 591 63 50 58 747 145 55 71 84 136 105 62 105 61 51 134 78 120 67 92 137 481 68 78 173 228 6407 122
leaf_count=51 51 378 591 63 50 58 747 145 55 71 84 136 105 62 105 61 51 134 78 120 67 92 137 481 68 78 173 228 6407 122
internal_value=5.0642e-07 4.00468e-05 -1.90748e-06 1.94601e-05 0.000138565 -5.47839e-06 8.86449e-06 3.93739e-05 6.80792e-05 9.79836e-05 8.81354e-06 3.07501e-05 5.91231e-05 3.4416e-06 1.57791e-05 2.19023e-05 2.7025e-05 3.25411e-05 4.74552e-05 0 1.44666e-05 3.31064e-05 -9.20334e-06 -9.76128e-06 -1.04192e-05 6.66447e-05 -1.07056e-05 -3.07654e-06 -1.0995e-05 -1.11171e-05
internal_weight=11049 754 10295 1273 113 9022 1583 329 184 126 703 325 189 1160 569 464 402 351 217 1254 279 159 7439 7302 6821 139 6753 975 6580 6529
internal_count=11049 754 10295 1273 113 9022 1583 329 184 126 703 325 189 1160 569 464 402 351 217 1254 279 159 7439 7302 6821 139 6753 975 6580 6529
is_linear=0
shrinkage=0.05


Tree=18
num_leaves=31
num_cat=0
split_feature=2 124 92 133 118 80 126 30 103 92 76 123 9 92 61 47 30 85 10 118 74 107 34 51 49 142 4 133 33 66
split_gain=0.000448831 0.00203533 0.000261276 0.000634528 0.000321396 0.00015241 0.000150905 0.000134756 5.28731e-05 7.22911e-05 3.86532e-05 2.76724e-05 2.80689e-05 3.35447e-05 4.50163e-05 5.78599e-05 2.46341e-05 2.44233e-05 2.46481e-05 1.95747e-05 1.69409e-05 1.53148e-05 1.26363e-05 1.26222e-05 1.00781e-05 7.3565e-06 6.60819e-06 5.85915e-06 4.64488e-06 2.04333e-06
threshold=0.0035617145000000003 -0.9159756150367534 20.150000000000006 84.075000000000017 17.150000000000002 11.337500000000004 17.500000000000004 -2.907142857142857 1110.0000000000002 8.9500000000000028 0.15000000000000005 0.60355339059327384 1.461527777777778 28.550000000000004 195.10000000000002 18.500000000000004 0.51000000000000234 278.12477370000005 41.860000000000007 31.050000000000004 8.7214285714285751 2.0500000000000003 0.60051702864215373 85.500000000000014 1004.4500000000002 67.468436082346287 0.026221308000000002 87.760000000000005 0.99942390501969058 18.675000000000004
decision_type=2 2 2 2 2 2 2 2 2 2 2 2 2 2 2 2 2 2 2 2 2 2 2 2 2 2 2 2 2 2
left_child=2 -2 5 10 -5 6 7 -1 9 -3 11 12 13 14 -4 -16 17 18 22 20 21 -9 24 25 26 -10 27 28 -7 -27
right_child=1 8 3 4 -6 16 -8 19 23 -11 -12 -13 -14 -15 15 -17 -18 -19 -20 -21 -22 -23 -24 -25 -26 29 -28 -29 -30 -31
leaf_value=0.00010769157748580081 0.00025514261938683618 0 0 0 0.00021004710543365949 -1.0968285230685927e-05 0 0 0 5.7084650398261755e-05 0 0 0 0 0 7.1846836381474417e-05 0 0 0 0 0 3.9065957088825327e-05 0 0 0 0 0 0 0 -1.4940471334522167e-05
leaf_weight=72 94 73 50 50 63 6284 383 59 64 95 523 208 54 81 131 113 386 614 268 159 52 93 262 131 50 51 211 74 55 246
leaf_count=72 94 73 50 50 63 6284 383 59 64 95 523 208 54 81 131 113 386 614 268 159 52 93 262 131 50 51 211 74 55 246
internal_value=5.68464e-07 3.80999e-05 -1.69812e-06 1.86953e-05 0.00013312 -5.13152e-06 1.33675e-05 3.46546e-05 0 2.79585e-05 3.1371e-06 1.30143e-05 2.03024e-05 2.56517e-05 3.35106e-05 4.25616e-05 -7.5868e-06 -8.26302e-06 -9.08682e-06 6.17555e-06 1.75052e-05 2.62182e-05 -9.72847e-06 -4.01846e-07 -1.01534e-05 -9.34826e-06 -1.03765e-05 -1.06672e-05 -1.08364e-05 -1.29566e-05
internal_weight=11049 754 10295 1273 113 9022 818 435 660 168 1160 637 429 375 294 244 8204 7818 7204 363 204 152 6936 492 6674 361 6624 6413 6339 297
internal_count=11049 754 10295 1273 113 9022 818 435 660 168 1160 637 429 375 294 244 8204 7818 7204 363 204 152 6936 492 6674 361 6624 6413 6339 297
is_linear=0
shrinkage=0.05


Tree=19
num_leaves=31
num_cat=0
split_feature=2 124 93 133 36 141 93 116 81 52 50 77 43 96 133 36 10 103 14 96 21 118 133 49 92 136 16 103 114 136
split_gain=0.000409804 0.00245466 0.000258577 0.000275811 0.000489937 8.35256e-05 0.000181165 0.00018986 6.59652e-05 3.99714e-05 6.07955e-05 3.81734e-05 1.84702e-05 7.55389e-05 5.41597e-05 6.39693e-05 4.35426e-05 1.4306e-05 1.33493e-05 3.7882e-05 3.64608e-05 1.32987e-05 1.27259e-05 1.13322e-05 9.57592e-06 1.97736e-05 4.05277e-05 3.47766e-05 6.19129e-05 6.24915e-06
threshold=0.0051660255 -0.9159756150367534 267.48557675000001 83.060000000000016 269.20361735000006 38.630000000000003 270.35638525000007 280.47180975000009 37.650000000000013 17.500000000000004 1019.35 286.55785725000004 0.37450000000000006 36.112500000000004 73.115000000000023 270.00203605000007 13.920000000000002 1049.0000000000002 0.016737458000000004 42.412500000000009 0.38194444444444448 29.050000000000004 87.760000000000005 1000.35 7.7500000000000018 0.41500000000000004 0.25500000000000006 937.20000000000016 31.050000000000004 3.7050000000000005
decision_type=2 2 2 2 2 2 2 2 2 2 2 2 2 2 2 2 2 2 2 2 2 2 2 2 2 2 2 2 2 2
left_child=2 -2 11 5 -5 12 -7 -8 -6 21 -11 17 24 -14 15 16 -15 -1 -13 20 -20 -3 23 29 -4 26 27 -26 -29 -19
right_child=1 9 3 4 8 6 7 -9 -10 10 -12 18 13 14 -16 -17 -18 22 19 -21 -22 -23 -24 -25 25 -27 -28 28 -30 -31
leaf_value=0 0.00030875119832574766 -1.1003674598619968e-05 -4.8805874327135241e-06 0 0 0 0 0.00011068682118946657 0.00021113210169810024 6.6555989051597528e-05 0 -1.5110078762499956e-06 0 7.9538531323789975e-05 0 0 0 -1.0221222388553122e-05 5.3897102837800046e-05 0 0 0 0 0 0 -7.4919264483848761e-07 0 6.5988560920383552e-05 0 0
leaf_weight=103 74 342 1014 111 53 159 52 96 51 54 66 596 283 100 81 55 56 5536 74 115 117 63 77 79 50 1020 289 89 71 123
leaf_count=103 74 342 1014 111 53 159 52 96 51 54 66 596 283 100 81 55 56 5536 74 115 117 63 77 79 50 1020 289 89 71 123
internal_value=6.15772e-07 4.10874e-05 -1.22937e-06 8.94819e-06 6.55545e-05 3.90255e-06 2.91012e-05 6.92118e-05 0.000143197 0 2.75208e-05 -7.38001e-06 0 8.93047e-06 2.83075e-05 4.1787e-05 5.81075e-05 -8.88187e-06 0 1.02112e-05 2.569e-05 -4.51704e-06 -9.297e-06 -9.65077e-06 -3.06238e-07 0 9.88543e-06 2.66787e-05 3.83772e-05 -9.9721e-06
internal_weight=11049 599 10450 3630 215 3415 307 148 104 525 120 6820 3108 575 292 211 156 5918 902 306 191 405 5815 5738 2533 1519 499 210 160 5659
internal_count=11049 599 10450 3630 215 3415 307 148 104 525 120 6820 3108 575 292 211 156 5918 902 306 191 405 5815 5738 2533 1519 499 210 160 5659
is_linear=0
shrinkage=0.05


Tree=20
num_leaves=31
num_cat=0
split_feature=160 160 137 3 93 141 82 96 128 76 160 95 11 53 11 136 129 66 103 112 160 85 17 43 124 107 137 29 34 29
split_gain=0.00034988 0.00169919 0.000391265 0.000421929 0.000225643 0.00024414 0.000166628 9.05219e-05 0.000131271 4.76995e-05 4.51498e-05 3.69532e-05 2.61711e-05 3.09697e-05 4.67169e-05 2.55033e-05 3.2203e-05 4.33795e-05 2.4806e-05 1.85247e-05 2.39513e-05 1.63794e-05 1.09677e-05 8.62537e-06 6.9128e-06 3.58737e-06 1.71179e-06 1.53949e-06 1.07254e-06 8.49332e-07
threshold=0.1295918367346939 0.13163265306122454 1.0000000180025095e-35 0.016310186000000004 271.47397105000005 38.630000000000003 23.832000000000004 42.587500000000013 9.5871465020954059 1.0000000180025095e-35 0.41122448979591847 4.5000000000000009 0.0020415472500000002 143.50000000000003 0.0034419432013888893 2.5550000000000002 2.5000000000000004 30.875000000000004 895.70000000000016 292.81361480000004 0.58673469387755117 274.92646785000005 0.0014500000000000001 0.47850000000000004 -0.9159756150367534 4.2500000000000009 13.645000000000001 23.200000000000003 0.7054983693014355 57.550000000000004
decision_type=2 2 2 2 2 2 2 2 2 2 2 2 2 2 2 2 2 2 2 2 2 2 2 2 2 2 2 2 2 2
left_child=11 -2 3 -3 9 7 -5 -6 -9 10 12 23 22 -14 -15 16 -12 19 -13 20 -18 24 -4 26 -11 -24 28 -26 -1 -29
right_child=1 2 4 6 5 -7 -8 8 -10 21 15 18 13 14 -16 -17 17 -19 -20 -21 -22 -23 25 -25 27 -27 -28 29 -30 -31
leaf_value=-1.0239753577029819e-05 0.00029634070865050983 0 0 0 0 0.00010886010000715342 0.000187127601094835 8.2059543983436877e-05 0 0 0 3.1374583100148896e-05 0 0 4.7040431270633758e-05 0 6.1248883258006062e-05 0 0 0 0 0 0 0 0 -1.0348466653274052e-05 0 -1.1730209929366538e-05 0 0
leaf_weight=4566 51 114 272 64 582 93 74 92 143 184 134 62 567 89 93 92 126 63 490 53 52 182 51 315 75 821 76 1382 57 50
leaf_count=4566 51 114 272 64 582 93 74 92 143 184 134 62 567 89 93 92 126 63 490 53 52 182 51 315 75 821 76 1382 57 50
internal_value=3.37641e-07 9.70479e-06 6.05004e-06 6.75624e-05 2.09224e-06 2.5131e-05 0.000126083 9.36614e-06 3.55384e-05 -1.63774e-06 1.38821e-06 -8.01869e-06 0 4.28749e-06 2.23254e-05 1.50193e-05 2.05566e-05 2.97898e-05 0 3.99483e-05 4.82401e-05 -8.20284e-06 -6.71574e-06 -9.47618e-06 -9.93608e-06 -9.51638e-06 -1.00202e-05 -1.10559e-05 -1.01479e-05 -1.14593e-05
internal_weight=11065 5499 5448 252 5196 910 138 817 235 4286 2413 5566 1893 749 182 520 428 294 552 231 178 1873 1144 5014 1691 872 4699 1507 4623 1432
internal_count=11065 5499 5448 252 5196 910 138 817 235 4286 2413 5566 1893 749 182 520 428 294 552 231 178 1873 1144 5014 1691 872 4699 1507 4623 1432
is_linear=0
shrinkage=0.05


Tree=21
num_leaves=31
num_cat=0
split_feature=92 92 103 139 141 81 91 52 14 30 74 96 103 49 103 124 18 34 30 34 128 133 30 160 49 29 29 82 85 24
split_gain=0.000322716 0.00153292 0.000277945 0.00018729 0.000196666 0.000304811 0.000165833 0.000108405 9.86013e-05 0.000249387 0.000316024 3.3849e-05 3.69416e-05 3.06669e-05 2.68986e-05 3.593e-05 3.01077e-05 2.66199e-05 2.35598e-05 3.3596e-05 2.36563e-05 1.61038e-05 6.92327e-06 5.48719e-06 4.99075e-06 4.87798e-06 4.37215e-06 4.28035e-06 3.93475e-06 3.74038e-06
threshold=6.3500000000000023 6.450000000000002 1037.7 85.297101827098672 38.630000000000003 36.750000000000007 17.350000000000005 15.500000000000002 0.016737458000000004 -1.3728571428571443 29.307142857142864 40.437500000000007 895.70000000000016 984.1500000000002 944.55000000000018 -0.70710678118654757 0.026262500000000005 -0.069313597901572141 -3.7071428571428564 -0.45264235446111972 11.039459824699005 87.430000000000021 0.51000000000000234 0.7071428571428573 999.6500000000002 26.350000000000005 53.050000000000004 26.790000000000003 271.91846425000006 31.650000000000002
decision_type=2 2 2 2 2 2 2 2 2 2 2 2 2 2 2 2 2 2 2 2 2 2 2 2 2 2 2 2 2 2
left_child=11 -2 3 4 14 -6 -5 17 27 -10 -11 22 -13 -8 24 -16 18 21 -17 -20 -21 23 29 25 28 -4 -27 -9 -3 -1
right_child=1 2 7 6 5 -7 13 8 9 10 -12 12 -14 -15 15 16 -18 -19 19 20 -22 -23 -24 -25 -26 26 -28 -29 -30 -31
leaf_value=0 0.00028180861742629746 0 0 0 0.00012954144213050644 0 0.00016291996806134954 6.0100638085126509e-06 0 0 0.00014019005585198655 2.8330937926576939e-05 -1.9643850055717349e-06 0 0 0 0 0 0 5.6329432656745475e-05 0 0 0 0 0 -1.2399953882341093e-05 0 -2.1889072356380894e-06 -6.5019698702557929e-06 -9.8492484949057963e-06
leaf_weight=147 51 56 204 76 87 112 60 228 260 61 91 111 636 55 117 58 54 487 64 136 52 61 197 54 121 1733 188 506 527 4475
leaf_count=147 51 56 204 76 87 112 60 228 260 61 91 111 636 55 117 58 54 487 64 136 52 61 197 54 121 1733 188 506 527 4475
internal_value=3.86395e-07 9.39553e-06 5.87656e-06 2.36704e-05 1.26996e-05 5.97787e-05 7.66441e-05 -7.31192e-08 1.13618e-05 3.09092e-05 8.15712e-05 -7.61623e-06 0 0.000115313 5.33908e-07 1.18406e-05 2.07663e-05 -6.71381e-06 2.73521e-05 3.39478e-05 4.45768e-05 -9.19604e-06 -9.19529e-06 -1.02665e-05 -1.04926e-07 -1.07019e-05 -1.15339e-05 0 -4.62362e-06 -9.58647e-06
internal_weight=11065 5499 5448 1575 1384 199 191 3873 1146 412 152 5566 747 115 1185 481 364 2727 310 252 188 2240 4819 2179 704 2125 1921 734 583 4622
internal_count=11065 5499 5448 1575 1384 199 191 3873 1146 412 152 5566 747 115 1185 481 364 2727 310 252 188 2240 4819 2179 704 2125 1921 734 583 4622
is_linear=0
shrinkage=0.05


Tree=22
num_leaves=31
num_cat=0
split_feature=92 92 137 3 61 141 81 82 52 11 30 14 28 96 103 55 41 103 73 30 56 43 120 76 14 34 116 82 92 30
split_gain=0.000298462 0.00138252 0.000342123 0.00037166 0.00019947 0.000190212 0.000216641 0.000127627 5.13217e-05 5.66293e-05 0.000205321 4.36382e-05 5.41298e-05 3.05711e-05 3.33704e-05 2.1492e-05 4.51445e-05 1.37528e-05 7.13431e-06 6.25079e-06 5.60578e-06 1.61537e-05 2.2321e-05 3.57808e-05 2.34911e-05 1.14335e-05 3.48932e-05 4.32857e-06 3.81755e-06 3.80928e-06
threshold=6.3500000000000023 6.450000000000002 1.0000000180025095e-35 0.016310186000000004 390.30000000000007 38.630000000000003 36.750000000000007 23.832000000000004 16.500000000000004 0.0032577515486111115 -1.7557142857142856 0.021183272000000003 31.350000000000005 40.437500000000007 895.70000000000016 0.40531245000002519 53.500000000000007 1031.5500000000004 20.950000000000003 0.51000000000000234 -4.6164650999999699 0.28050000000000008 277.69768830000004 1.0000000180025095e-35 0.0013540990000000003 -0.14675958939894998 293.24730735000009 26.790000000000003 29.350000000000005 -1.4257142857142873
decision_type=2 2 2 2 2 2 2 2 2 2 2 2 2 2 2 2 2 2 2 2 2 2 2 2 2 2 2 2 2 2
left_child=13 -2 3 -3 5 11 -7 -5 17 27 -11 20 15 19 -15 -13 -17 -6 -19 -1 21 -4 23 24 -23 -26 -27 29 -20 -10
right_child=1 2 4 7 8 6 -8 -9 9 10 -12 12 -14 14 -16 16 -18 18 28 -21 -22 22 -24 -25 25 26 -28 -29 -30 -31
leaf_value=-9.1097722309683008e-06 0.00026798915382152285 0 0 0 0 0.00012360225587461016 0 0.00017366897542791171 7.9153407076366975e-06 0 0.00011148732158856222 0 0 2.6927037858886898e-05 -1.8663199418947805e-06 0 9.5004059974733662e-05 0 -1.0848266866255055e-05 0 0 0 0 0 0 4.8976547683919192e-05 0 -4.1055816214461385e-06 0 0
leaf_weight=4622 51 114 101 64 129 91 95 74 151 114 52 51 145 111 636 94 53 99 2038 197 595 83 125 73 63 155 51 641 110 87
leaf_count=4622 51 114 101 64 129 91 95 74 151 114 52 51 145 111 636 94 53 99 2038 197 595 83 125 73 63 155 51 641 110 87
internal_value=4.36084e-07 9.11205e-06 5.7223e-06 6.33034e-05 1.95595e-06 1.61772e-05 6.79702e-05 0.00011823 -3.96422e-06 1.92678e-06 2.95127e-05 6.93095e-06 2.32201e-05 -7.23739e-06 0 4.01505e-05 5.03052e-05 -8.65838e-06 -9.7244e-06 -8.73808e-06 0 4.63622e-06 9.93615e-06 1.60838e-05 2.37821e-05 3.09349e-05 3.72331e-05 0 -1.03547e-05 0
internal_weight=11065 5499 5448 252 5196 1775 186 138 3421 1045 166 1589 343 5566 747 198 147 2376 2247 4819 1246 651 550 425 352 269 206 879 2148 238
internal_count=11065 5499 5448 252 5196 1775 186 138 3421 1045 166 1589 343 5566 747 198 147 2376 2247 4819 1246 651 550 425 352 269 206 879 2148 238
is_linear=0
shrinkage=0.05


Tree=23
num_leaves=31
num_cat=0
split_feature=92 92 137 3 93 135 129 100 136 41 8 105 10 141 94 43 42 119 95 141 103 136 30 53 43 92 56 80 67 43
split_gain=0.000275243 0.00124703 0.00031404 0.000343959 0.000184879 0.000185955 0.000148282 0.000149977 0.000195897 9.27972e-05 7.49719e-05 3.64015e-05 3.56159e-05 3.40333e-05 6.29359e-05 6.34072e-05 9.32734e-05 3.11564e-05 2.87077e-05 2.45905e-05 1.85231e-05 1.09599e-05 8.7275e-06 7.35113e-06 5.04016e-06 2.85736e-06 2.84823e-06 5.38573e-06 4.78077e-06 4.42076e-06
threshold=6.3500000000000023 6.450000000000002 1.0000000180025095e-35 0.016310186000000004 271.47397105000005 22.930000000000003 1.5000000000000002 3.4500000000000459 1.0200000000000002 52.500000000000007 0.00099592685739156709 14.500000000000002 41.860000000000007 29.160000000000004 25.500000000000004 0.32750000000000007 0.27500000000000008 12.250000000000002 4.5000000000000009 37.170000000000009 895.70000000000016 3.0850000000000004 0.51000000000000234 2.5000000000000004 0.47850000000000004 33.95000000000001 -3.4883086499999645 14.862500000000002 6.9500000000000011 0.25950000000000006
decision_type=2 2 2 2 2 2 2 2 2 2 2 2 2 2 2 2 2 2 2 2 2 2 2 2 2 2 2 2 2 2
left_child=18 -2 3 -3 11 -6 -7 -8 10 -5 -9 13 19 14 15 -4 -17 -18 22 21 -20 25 24 -14 -1 -13 27 -15 -28 -30
right_child=1 2 4 9 5 6 7 8 -10 -11 -12 12 23 26 -16 16 17 -19 20 -21 -22 -23 -24 -25 -26 -27 28 -29 29 -31
leaf_value=-9.0345842428244588e-06 0.0002548473602599608 0 0 0.0001526027233537217 0 0 0 0 0 0 0.00013909844829495491 -1.2550683534708139e-05 0 0 0 0 0 0.00011553741225119058 2.7111709787854961e-05 0 0 0 0 1.9523497288631642e-05 0 0 0 7.6457782395593374e-06 0 -5.9845966831042174e-06
leaf_weight=4524 51 114 108 86 374 156 126 53 80 52 121 1733 58 91 168 71 65 53 62 469 490 95 220 53 270 53 145 230 55 839
leaf_count=4524 51 114 108 86 374 156 126 53 80 52 121 1733 58 91 168 71 65 53 62 469 490 95 220 53 270 53 145 230 55 839
internal_value=4.70686e-07 8.81527e-06 5.54816e-06 6.07635e-05 1.89701e-06 2.27812e-05 4.17869e-05 5.86011e-05 8.12483e-05 0.000113608 0.000111434 -1.37506e-06 -6.05569e-06 2.19836e-06 1.41957e-05 2.90364e-05 4.64399e-05 7.35047e-05 -6.87541e-06 -8.67974e-06 0 -1.12596e-05 -8.17223e-06 4.43724e-06 -8.62553e-06 -1.22004e-05 0 3.50087e-07 -2.60936e-06 -4.6115e-06
internal_weight=11065 5499 5448 252 5196 910 536 380 254 138 174 4286 2461 1825 465 297 189 118 5566 2350 552 1881 5014 111 4794 1786 1360 321 1039 894
internal_count=11065 5499 5448 252 5196 910 536 380 254 138 174 4286 2461 1825 465 297 189 118 5566 2350 552 1881 5014 111 4794 1786 1360 321 1039 894
is_linear=0
shrinkage=0.05


Tree=24
num_leaves=31
num_cat=0
split_feature=92 92 139 134 93 135 129 100 136 8 103 92 52 95 74 21 103 121 101 43 141 124 73 3 100 59 67 141 24 34
split_gain=0.000255722 0.00112387 0.00023094 0.000354614 0.0001684 0.00017085 0.000137178 0.000135098 0.000176083 5.70505e-05 2.82714e-05 3.58416e-05 2.85457e-05 2.61825e-05 2.57844e-05 2.14887e-05 1.67451e-05 1.18972e-05 8.10821e-06 6.60762e-06 4.43928e-06 2.99906e-06 2.94197e-06 2.22365e-06 2.13553e-06 2.04707e-06 1.6358e-06 4.54946e-06 1.52079e-06 1.46031e-06
threshold=6.3500000000000023 6.450000000000002 90.664525633972247 4.2100000000000017 271.47397105000005 22.930000000000003 1.5000000000000002 3.4500000000000459 1.0200000000000002 0.00099592685739156709 1037.7 21.150000000000006 16.500000000000004 4.5000000000000009 13.692857142857145 0.18750000000000003 895.70000000000016 0.15000000000000005 -2.0358831000000062 0.46550000000000008 37.170000000000009 -0.9159756150367534 20.950000000000003 1.0000000180025095e-35 8.3500000000000245 15.804400000000003 17.650000000000002 38.060000000000009 31.650000000000002 0.7054983693014355
decision_type=2 2 2 2 2 2 2 2 2 2 2 2 2 2 2 2 2 2 2 2 2 2 2 2 2 2 2 2 2 2
left_child=13 -2 4 -4 10 -6 -7 -8 9 -9 11 -3 17 19 -13 -14 -15 21 -16 24 -17 -12 -23 -24 25 28 27 -22 -1 -30
right_child=1 2 3 -5 5 6 7 8 -10 -11 12 14 15 16 18 20 -18 -19 -20 -21 26 22 23 -25 -26 -27 -28 -29 29 -31
leaf_value=0 0.0002423500531138136 0 0 0.00012913603499782768 0 0 0 0 0 0.00013220053263809906 0 0 2.874868341426078e-05 2.5777643480949563e-05 5.297832225269431e-05 -3.9704001776562051e-06 0 0 0 0 1.6743822989155885e-05 0 0 -9.428675350881208e-06 0 0 0 0 -8.8489785945256097e-06 0
leaf_weight=58 51 565 157 95 375 156 126 53 80 121 111 54 64 62 70 688 490 252 58 460 55 161 114 1920 91 54 109 64 4300 51
leaf_count=58 51 565 157 95 375 156 126 53 80 121 111 54 64 62 70 688 490 252 58 460 55 161 114 1920 91 54 109 64 4300 51
internal_value=5.34369e-07 8.58711e-06 5.43713e-06 5.31376e-05 2.15184e-06 2.20034e-05 4.02198e-05 5.63923e-05 7.79481e-05 0.000106625 -9.06201e-07 5.77431e-06 -3.73076e-06 -6.52341e-06 2.50185e-05 0 0 -6.8656e-06 3.7251e-05 -7.76472e-06 0 -8.07327e-06 -8.47859e-06 -9.01044e-06 -8.36697e-06 -8.52228e-06 1.01679e-06 6.00434e-06 -8.6417e-06 -8.74917e-06
internal_weight=11065 5499 5448 252 5196 911 536 380 254 174 4285 747 3538 5566 182 980 552 2558 128 5014 916 2306 2195 2034 4554 4463 228 119 4409 4351
internal_count=11065 5499 5448 252 5196 911 536 380 254 174 4285 747 3538 5566 182 980 552 2558 128 5014 916 2306 2195 2034 4554 4463 228 119 4409 4351
is_linear=0
shrinkage=0.05


Tree=25
num_leaves=31
num_cat=0
split_feature=131 113 92 119 103 139 128 45 50 30 141 100 136 77 117 131 19 103 15 104 89 43 54 141 50 135 105 137 43 30
split_gain=0.000326226 0.00178273 0.000241997 0.000205516 0.000179833 0.000179878 0.000147811 0.000148308 0.000100245 6.23794e-05 5.98214e-05 5.6449e-05 4.05584e-05 3.82722e-05 3.96861e-05 4.1434e-05 7.39086e-05 1.69876e-05 1.27092e-05 1.20943e-05 2.69492e-05 5.81446e-05 1.70683e-05 1.50155e-05 1.42499e-05 7.30959e-06 7.25341e-06 7.1784e-06 5.76388e-06 5.62235e-06
threshold=33.15434016127945 0.75000000000000011 21.150000000000006 16.650000000000002 1072.2500000000002 85.297101827098672 9.8799750285840648 28.500000000000004 1024.3500000000001 -1.2600000000000007 33.920000000000009 -3.2499999999999996 0.71500000000000008 285.82809820000006 0.15000000000000005 215.12316406530485 -0.00060857142857142859 1182.6000000000001 0.0022197916666666672 0.8500000000000002 38.95000000000001 0.34350000000000008 0.055000000000000007 38.630000000000003 1021.6500000000002 10.190000000000001 7.5000000000000009 18.300000000000004 0.46850000000000008 0.51000000000000234
decision_type=2 2 2 2 2 2 2 2 2 2 2 2 2 2 2 2 2 2 2 2 2 2 2 2 2 2 2 2 2 2
left_child=1 2 3 18 5 8 7 -7 19 10 -10 -4 -12 17 -15 16 -16 -6 28 23 -21 -22 -23 24 25 -2 -19 29 -1 -28
right_child=4 -3 11 -5 13 6 -8 -9 9 -11 12 -13 -14 14 15 -17 -18 26 -20 20 21 22 -24 -25 -26 -27 27 -29 -30 -31
leaf_value=-1.4491777443565702e-05 0 0.00025340828939522734 0 9.1752480103762124e-05 0 0 0 0.00012033979170192484 0 0 8.9712591044958782e-05 0.00012234165108370067 0 -9.5907985932067349e-07 7.0890362305551927e-05 0 0 0 0 0 0 5.2917103691683259e-05 0 0 0 -1.2654544157325834e-05 -8.5730406778884791e-06 0 0 0
leaf_weight=621 152 81 51 50 572 51 117 97 150 78 83 50 64 665 76 93 143 184 169 195 137 93 53 190 326 710 5441 60 62 246
leaf_count=621 152 81 51 50 572 51 117 97 150 78 83 50 64 665 76 93 143 184 169 195 137 93 53 190 326 710 5441 60 62 246
internal_value=1.35761e-06 2.75929e-05 4.14227e-06 0 -9.9447e-07 9.96113e-06 5.05201e-05 8.38837e-05 2.88288e-06 2.67556e-05 3.77697e-05 7.81037e-05 6.23127e-05 -5.31944e-06 0 1.77489e-05 3.03156e-05 -6.87445e-06 -9.94973e-06 0 4.03934e-06 1.62711e-05 3.87342e-05 -4.03216e-06 -7.10127e-06 -1.05241e-05 -7.67947e-06 -8.00105e-06 -1.30349e-05 -8.23694e-06
internal_weight=11060 1084 1003 902 9976 2496 265 148 2231 375 297 101 147 7480 977 312 219 6503 852 1856 478 283 146 1378 1188 862 5931 5747 683 5687
internal_count=11060 1084 1003 902 9976 2496 265 148 2231 375 297 101 147 7480 977 312 219 6503 852 1856 478 283 146 1378 1188 862 5931 5747 683 5687
is_linear=0
shrinkage=0.05


Tree=26
num_leaves=31
num_cat=0
split_feature=131 113 92 119 103 139 90 91 54 50 56 134 108 77 117 131 19 103 16 105 7 43 138 128 100 124 89 30 23 43
split_gain=0.000300897 0.00160361 0.000223533 0.000185604 0.00016624 0.000162324 0.000158257 0.000134487 0.000250824 9.28087e-05 7.30925e-05 6.81824e-05 5.51472e-05 3.44601e-05 3.593e-05 3.8765e-05 6.54095e-05 1.55178e-05 1.16221e-05 6.66513e-06 5.4588e-06 5.25124e-06 4.99236e-06 1.06534e-05 1.14692e-05 1.86689e-05 2.79198e-05 4.68113e-06 3.29895e-06 1.61632e-06
threshold=33.15434016127945 0.75000000000000011 21.150000000000006 16.650000000000002 1072.2500000000002 85.297101827098672 26.233673469387757 18.950000000000003 0.085000000000000006 1024.3500000000001 -5.1070238999999722 7.2800000000000002 274.82676995000003 285.82809820000006 0.15000000000000005 215.12316406530485 -0.00060857142857142859 1182.6000000000001 1.5400000000000003 7.5000000000000009 0.17975000000000005 0.46850000000000008 6.535000000000001 9.9363902534855768 5.8000000000000123 0.1294095225512602 38.95000000000001 0.51000000000000234 26.059722222222224 0.34350000000000008
decision_type=2 2 2 2 2 2 2 2 2 2 2 2 2 2 2 2 2 2 2 2 2 2 2 2 2 2 2 2 2 2
left_child=1 2 3 18 5 9 -4 -7 -9 22 11 -11 -13 17 20 16 -16 -6 21 -19 -15 -1 23 29 25 -25 -27 -21 -24 -2
right_child=4 -3 6 -5 13 7 -8 8 -10 10 -12 12 -14 14 15 -17 -18 19 -20 27 -22 -23 28 24 -26 26 -28 -29 -30 -31
leaf_value=-1.3768353484446469e-05 -3.8193895769490264e-06 0.00024089239061894906 0 8.7254812236756601e-05 0 0 0.00013664968600866044 0 0.00017129634461727822 0 0 0 7.4907239259669998e-05 -4.8051391521271656e-06 6.7391878823128818e-05 0 0 0 0 -7.8990411445438894e-06 0 0 -5.7914491717928016e-06 0 0 0 4.5221412950316641e-05 0 0 0
leaf_weight=621 276 81 50 50 572 131 51 81 53 53 137 54 131 614 76 93 143 184 169 5501 51 62 617 167 124 65 83 246 60 464
leaf_count=621 276 81 50 50 572 131 51 81 53 53 137 54 131 614 76 93 143 184 169 5501 51 62 617 167 124 65 83 246 60 464
internal_value=1.37844e-06 2.65684e-05 4.05734e-06 0 -8.59959e-07 9.65965e-06 7.51051e-05 4.83259e-05 8.42146e-05 2.8071e-06 2.57654e-05 4.25318e-05 5.69284e-05 -5.03943e-06 0 1.68883e-05 2.90911e-05 -6.51586e-06 -9.42221e-06 -7.2863e-06 -9.11198e-07 -1.23771e-05 0 0 7.78014e-06 1.32295e-05 2.61614e-05 -7.5953e-06 -4.2905e-06 0
internal_weight=11060 1084 1003 902 9976 2496 101 265 134 2231 375 238 185 7480 977 312 219 6503 852 5931 665 683 1856 1179 439 315 148 5747 677 740
internal_count=11060 1084 1003 902 9976 2496 101 265 134 2231 375 238 185 7480 977 312 219 6503 852 5931 665 683 1856 1179 439 315 148 5747 677 740
is_linear=0
shrinkage=0.05


Tree=27
num_leaves=31
num_cat=0
split_feature=131 100 35 92 19 105 75 116 107 21 92 91 43 85 89 112 98 16 123 129 43 136 137 49 122 104 75 85 115 12
split_gain=0.000276863 0.00159585 0.00376986 0.000233141 0.000233973 0.000119936 9.71896e-05 0.000181892 0.000159392 0.000193863 3.93368e-05 6.07628e-05 6.08504e-05 2.10973e-05 1.67679e-05 1.57306e-05 1.421e-05 1.87815e-05 2.1095e-05 2.10974e-05 2.22065e-05 2.10234e-05 1.28697e-05 9.87516e-06 3.43571e-05 2.30345e-05 8.16328e-06 4.64536e-05 4.57903e-05 7.57162e-06
threshold=33.15434016127945 5.6999999999999895 272.55254115000008 21.150000000000006 -0.004302857142857143 17.500000000000004 7.2500000000000009 288.20274815000005 2.3500000000000001 0.46527777777777785 15.050000000000004 24.750000000000004 0.35950000000000004 278.23160545000002 35.95000000000001 278.43588985000008 1.9000000000000041 0.20500000000000004 -0.70710678118654735 2.5000000000000004 0.29350000000000004 0.97500000000000009 0.045000000000000005 992.45000000000016 12.500000000000002 0.55000000000000016 11.250000000000002 271.56896750000004 11.65 0.12625775600000003
decision_type=2 2 2 2 2 2 2 2 2 2 2 2 2 2 2 2 2 2 2 2 2 2 2 2 2 2 2 2 2 2
left_child=1 3 -3 13 -5 6 7 23 -9 -10 15 16 -13 14 -1 26 -12 -18 -19 -20 -21 -22 -7 -2 25 -25 27 -8 -29 -24
right_child=5 2 -4 4 -6 22 10 8 9 -11 11 12 -14 -15 -16 -17 17 18 19 20 21 -23 29 24 -26 -27 -28 28 -30 -31
leaf_value=0 0 0 0.00052621579701343432 0.00013933359984172244 0 0 0 0 0.00013776855985290901 0 -2.8187595109502355e-07 0 7.8831393905472535e-05 0 -1.7260190462926149e-05 -5.9111730255751245e-06 0 0 0 0 5.0954629105514252e-05 0 -7.6963490286084092e-06 0 0 5.1665453162665163e-05 -4.5982582330397921e-08 0 4.2961683923236401e-05 0
leaf_weight=315 307 89 50 57 59 466 220 57 87 62 597 114 62 57 457 1436 157 62 103 53 113 67 4507 51 103 62 917 90 135 148
leaf_count=315 307 89 50 57 59 466 220 57 87 62 597 114 62 57 457 1436 157 62 103 53 113 67 4507 51 103 62 917 90 135 148
internal_value=1.38282e-06 2.55411e-05 0.000183175 0 6.80039e-05 -7.43372e-07 4.29145e-06 2.13384e-05 6.16644e-05 8.89043e-05 6.35516e-08 8.11289e-06 3.67754e-05 -7.09503e-06 -1.10582e-05 -1.97204e-06 0 7.98802e-06 1.43734e-05 2.00273e-05 2.8338e-05 3.6673e-05 -6.49276e-06 0 1.06663e-05 3.11449e-05 0 6.76417e-06 2.45797e-05 -7.29969e-06
internal_weight=11060 1084 139 945 116 9976 4855 729 206 149 4126 1328 176 829 772 2798 1152 555 398 336 233 180 5121 523 216 113 1362 445 225 4655
internal_count=11060 1084 139 945 116 9976 4855 729 206 149 4126 1328 176 829 772 2798 1152 555 398 336 233 180 5121 523 216 113 1362 445 225 4655
is_linear=0
shrinkage=0.05


Tree=28
num_leaves=31
num_cat=0
split_feature=131 113 92 119 103 139 142 48 50 43 139 134 136 77 117 129 19 103 86 59 104 101 3 19 128 137 105 142 28 21
split_gain=0.000251021 0.00143927 0.000187519 0.000166223 0.000141543 0.000139355 0.000120975 0.000291883 8.10544e-05 7.49609e-05 5.20298e-05 7.56489e-05 3.79179e-05 3.11348e-05 3.20149e-05 5.41339e-05 0.000105583 1.28844e-05 1.06259e-05 1.06654e-05 8.64667e-06 2.15967e-05 3.823e-05 1.18815e-05 1.13342e-05 5.73391e-06 5.89287e-06 4.82822e-06 5.64412e-06 4.36203e-06
threshold=33.15434016127945 0.75000000000000011 21.150000000000006 16.650000000000002 1066.0500000000002 85.297101827098672 786.24045195533529 22.500000000000004 1024.3500000000001 0.30150000000000005 30.19717520673932 7.2800000000000002 1.0350000000000004 285.82809820000006 0.15000000000000005 3.5000000000000004 -0.00060857142857142859 1182.6000000000001 14.500000000000002 13.235300000000004 0.8500000000000002 -3.0153494500000018 0.017668429500000003 -1.0000000180025095e-35 8.9605319498923723 18.300000000000004 7.5000000000000009 751.43020351027587 33.95000000000001 0.3263888888888889
decision_type=2 2 2 2 2 2 2 2 2 2 2 2 2 2 2 2 2 2 2 2 2 2 2 2 2 2 2 2 2 2
left_child=1 2 3 18 5 8 7 -7 20 -4 -10 -12 -13 17 -15 -16 -17 -6 19 29 23 22 -22 24 -2 26 -19 28 -26 -1
right_child=4 -3 9 -5 13 6 -8 -9 10 -11 11 12 -14 14 15 16 -18 25 -20 -21 21 -23 -24 -25 27 -27 -28 -29 -30 -31
leaf_value=0 0 0.00022719479425005354 0.00011408702540411111 8.0939625850969958e-05 0 0 0 0.00016597002053841655 0 0 0 7.0446987129533831e-05 0 -2.1016063387173737e-07 0 8.9377490529538289e-05 0 0 0 0 3.8454565883512258e-05 0 0 0 -1.1765943658177736e-05 0 -7.194403648575031e-06 0 0 -1.5953254113956827e-05
leaf_weight=95 130 81 50 50 608 51 154 56 128 51 59 126 55 668 148 59 106 184 69 117 103 280 84 375 733 60 5687 55 67 571
leaf_count=95 130 81 50 50 608 51 154 56 128 51 59 126 55 668 148 59 106 184 69 117 103 280 84 375 733 60 5687 55 67 571
internal_value=1.31677e-06 2.43261e-05 2.75282e-06 0 -6.84476e-07 9.09498e-06 4.5314e-05 8.82136e-05 2.49275e-06 6.83421e-05 2.42101e-05 3.79099e-05 5.42419e-05 -4.54399e-06 0 1.59625e-05 3.60173e-05 -5.97049e-06 -9.77139e-06 -1.17374e-05 0 3.00414e-06 1.75971e-05 -3.57486e-06 -6.91125e-06 -6.68808e-06 -6.90135e-06 -9.38732e-06 -1.04519e-05 -1.42094e-05
internal_weight=11060 1084 1003 902 9976 2456 261 107 2195 101 368 240 181 7520 981 313 165 6539 852 783 1827 467 187 1360 985 5931 5871 855 800 666
internal_count=11060 1084 1003 902 9976 2456 261 107 2195 101 368 240 181 7520 981 313 165 6539 852 783 1827 467 187 1360 985 5931 5871 855 800 666
is_linear=0
shrinkage=0.05


Tree=29
num_leaves=31
num_cat=0
split_feature=124 2 103 141 134 73 93 25 62 11 28 66 97 77 117 74 19 112 137 116 83 92 90 93 133 36 24 136 81 160
split_gain=0.000238097 0.00184244 0.000219423 0.000197483 0.00024912 0.000316084 0.000144762 5.70893e-05 5.68546e-05 8.05701e-05 4.99297e-05 7.84414e-05 5.33755e-05 4.84587e-05 3.94992e-05 4.91092e-05 6.92602e-05 1.08936e-05 1.05943e-05 1.28006e-05 7.79295e-06 6.86458e-06 4.69801e-06 2.7769e-06 6.04544e-06 2.38772e-06 2.83283e-06 2.37025e-06 2.13027e-06 1.86435e-06
threshold=-0.9159756150367534 0.0051660255 1031.5500000000004 28.345000000000002 7.7600000000000007 14.050000000000002 270.35638525000007 11.500000000000002 29.350000000000005 0.0031604561527777781 8.9500000000000011 13.375000000000002 -0.40000000000000119 285.82809820000006 0.35000000000000003 29.192857142857147 -0.00054285714285714256 279.52330920000003 18.300000000000004 288.45036955000006 16.450000000000003 22.450000000000006 11.253061224489796 272.50475885000009 27.450000000000003 285.8210674 32.300000000000004 0.97500000000000009 52.350000000000001 0.71938775510204089
decision_type=2 2 2 2 2 2 2 2 2 2 2 2 2 2 2 2 2 2 2 2 2 2 2 2 2 2 2 2 2 2
left_child=1 8 3 4 5 -2 7 -7 9 23 11 12 -5 18 -15 -16 -17 -12 19 22 -14 -19 -4 24 -1 26 -24 -26 29 -28
right_child=2 -3 13 10 -6 6 -8 -9 -10 -11 17 -13 20 14 15 16 -18 21 -20 -21 -22 -23 25 -25 27 -27 28 -29 -30 -31
leaf_value=0 0.00018359205386981819 0.00025499035332040876 0 0 0 0 0 9.4829981979379168e-05 0 7.2673170758587649e-05 0 0 8.7790884231179038e-05 0 0 7.5986406982997e-05 0 -9.2351956133764021e-06 0 0 0 0 0 0 1.7162220908702642e-05 0 -9.0759063196029921e-06 0 0 0
leaf_weight=93 62 79 360 72 282 50 161 68 840 66 602 126 60 595 75 68 84 563 61 589 56 50 166 173 94 100 5288 50 74 53
leaf_count=93 62 79 360 72 282 50 161 68 840 66 602 126 60 595 75 68 84 563 61 589 56 50 166 173 94 100 5288 50 74 53
internal_value=1.33137e-06 2.08315e-05 -9.67774e-07 1.24297e-05 3.63904e-05 6.50941e-05 2.03425e-05 6.33634e-05 2.7954e-06 1.78761e-05 0 1.96086e-05 4.09685e-05 -5.47186e-06 2.12888e-06 2.12006e-05 3.83696e-05 -1.74609e-06 -7.15296e-06 -7.45854e-06 6.20628e-05 -7.09882e-06 -8.14551e-06 0 5.40084e-06 -8.52175e-06 -8.65971e-06 1.23333e-05 -8.86547e-06 -8.98233e-06
internal_weight=11060 1395 9665 2152 623 341 279 118 1316 476 1529 314 188 7513 822 227 152 1215 6691 6630 116 613 6041 410 237 5681 5581 144 5415 5341
internal_count=11060 1395 9665 2152 623 341 279 118 1316 476 1529 314 188 7513 822 227 152 1215 6691 6630 116 613 6041 410 237 5681 5581 144 5415 5341
is_linear=0
shrinkage=0.05


Tree=30
num_leaves=31
num_cat=0
split_feature=2 101 103 133 136 67 124 129 103 4 44 133 14 124 77 49 13 49 94 90 96 33 160 0 91 101 21 160 80 59
split_gain=0.000237011 0.00206419 0.000108243 0.000103523 9.36328e-05 0.000111748 0.000149331 0.000364767 5.51604e-05 8.4918e-05 8.45639e-05 3.98141e-05 4.68978e-05 6.90442e-05 2.95039e-05 2.34466e-05 5.75739e-05 1.00334e-05 1e-05 8.17045e-06 6.467e-06 5.13224e-06 4.2364e-06 3.98396e-06 3.62688e-06 8.88788e-06 5.23772e-06 6.41729e-06 3.19332e-06 1.92467e-06
threshold=0.0035617145000000003 -8.3657888499999711 1072.2500000000002 88.200000000000003 0.54500000000000015 7.5500000000000007 0.60355339059327384 5.5000000000000009 1123.3000000000004 0.005049572500000001 567.50000000000011 73.875000000000014 0.026079233500000003 -0.5 287.99587560000003 971.1500000000002 0.0016090432986111114 1003.2500000000001 20.500000000000004 28.054081632653066 51.625000000000007 0.9978723474326977 0.72142857142857164 0.30370000000000003 20.650000000000002 -5.7539127000000283 0.47916666666666669 0.14591836734693883 38.787500000000016 4.7938000000000009
decision_type=2 2 2 2 2 2 2 2 2 2 2 2 2 2 2 2 2 2 2 2 2 2 2 2 2 2 2 2 2 2
left_child=2 -2 4 14 5 6 11 -8 9 10 -3 12 13 -1 17 16 -16 20 -7 -20 21 22 23 -4 26 -26 27 -6 29 -10
right_child=1 8 3 -5 24 18 7 -9 28 -11 -12 -13 -14 -15 15 -17 -18 -19 19 -21 -22 -23 -24 -25 25 -27 -28 -29 -30 -31
leaf_value=7.1433910033169337e-05 0.00033641652048875894 0 -6.9876011903973331e-06 6.1083254044848103e-05 0 0 0 0.00015849268779232099 0 0 8.9507650857870307e-05 0 0 0 0 0 5.4984147660271354e-05 0 2.0899531916186855e-05 0 0 0 0 0 0 -7.7129108082057677e-06 0 1.4705174297584257e-05 0 -5.8502301558624131e-06
leaf_weight=77 50 51 6527 50 71 549 86 77 58 98 69 133 54 159 205 442 66 155 103 66 54 122 58 53 99 524 412 134 68 396
leaf_count=77 50 51 6527 50 71 549 86 77 58 98 69 133 54 159 205 442 66 155 103 66 54 122 58 53 99 524 412 134 68 396
internal_value=1.32712e-06 2.78042e-05 -2.24378e-07 -3.62893e-06 8.15584e-06 1.75811e-05 3.41042e-05 7.99175e-05 0 2.50213e-05 5.37367e-05 4.5111e-06 1.92794e-05 3.08397e-05 -4.70881e-06 9.88369e-08 1.46809e-05 -5.91799e-06 0 1.21268e-05 -6.28488e-06 -6.49666e-06 -6.70185e-06 -6.84981e-06 0 -3.80031e-06 2.98801e-07 7.98952e-06 -1.23093e-06 -4.39173e-06
internal_weight=11066 790 10276 7732 2544 1304 586 163 740 218 120 423 290 236 7682 713 271 6969 718 169 6814 6760 6638 6580 1240 623 617 205 522 454
internal_count=11066 790 10276 7732 2544 1304 586 163 740 218 120 423 290 236 7682 713 271 6969 718 169 6814 6760 6638 6580 1240 623 617 205 522 454
is_linear=0
shrinkage=0.05


end of trees

feature_importances:
total_tp_next_48h=49
cumul_gust_since_onset=33
sp_t=28
soil_moist_t=25
gust_trend_last6h_obs=22
min_t2m_next_48h=22
gust_at_t48h=22
pct_forest=20
tree_canopy_std=19
pct_water=18
pct_forest_classified=18
tp_rate_next_48h=18
gust_peak4h_mean_next_48h=17
t2m_at_t6h=17
pct_wetland=15
pre_event_mean_osi=14
gust_max_last6h_obs=14
pressure_change_6h=14
temp_change_6h=14
frac_zero_72h=13
log_customers=13
last_N_t=12
osi_trend_last6h=12
min_t2m_next_24h=12
gust_mean_next_48h=12
gust_gt30_since_onset=12
rural_urban_code=12
R_t_max_72h=11
min_t2m_next_6h=11
cumul_tp_since_onset=11
t2m_at_t24h=11
hour_cos=11
hours_since_obs=11
forest_x_customers=11
R_t_mean_72h=10
pop_density=10
pct_developed=10
last_R_t=9
mslma_t=9
gust_mean_next_24h=9
gust_max_next_48h=9
wind_speed_max_next_48h=9
tp_at_t24h=9
last_D_t=8
hours_since_peak=8
r2_t=8
gust_mean_next_6h=8
pct_unmapped=8
wind_cos_t=7
wind_speed_max_next_1h=7
gust_gt30_next_48h=7
wind_speed_at_t48h=7
t2m_at_t48h=7
pct_agriculture=7
pre_event_max_outage_pct=6
gust_x_hso=6
total_tp_next_6h=6
gust_max_next_24h=6
tree_canopy_pct=6
osi_mean_72h=5
dewpoint_c_t=5
wind_speed_max_next_6h=5
wind_speed_max_next_24h=5
gust_at_t24h=5
osi_std_72h=4
outage_pct_max_72h=4
N_t_mean_72h=4
gust_mean_obs=4
gust_max_obs=4
gust_last_obs=4
d2m_t=4
direct_rad_t=4
soil_moist_x_gust=4
gust_peak4h_mean_next_6h=4
gust_change_3h=4
pressure_change_3h=4
wind_speed_at_t1h=4
t2m_at_t1h=4
last_osi=3
N_t_max_72h=3
gust_gt30_obs=3
gust_t=3
et0_t=3
gust_mean_next_1h=3
gust_max_next_6h=3
total_tp_next_24h=3
gust_gt40_next_48h=3
wind_speed_at_t6h=3
tp_at_t6h=3
wind_speed_at_t24h=3
hour_sin=3
outage_pct_mean_72h=2
storm_onset_max_osi=2
cumul_gust_obs=2
wind_speed_t=2
wind_sin_t=2
t2m_t=2
vpd_t=2
sdswrf_t=2
diffuse_rad_t=2
temp_c_t=2
gust_x_phase=2
hour_of_day=2
n_utilities=2
last_P_t=1
osi_max_72h=1
storm_onset_mean_osi=1
blh_t=1
tcc_t=1
mcc_t=1
hcc_t=1
soil_gust_x_phase=1
gust_gt30_next_24h=1
gust_peak4h_mean_next_24h=1
gust_change_1h=1
gust_at_t6h=1
tp_at_t48h=1
gust_gt30_frac_next_48h=1

parameters:
[boosting: gbdt]
[objective: huber]
[metric: rmse]
[tree_learner: serial]
[device_type: cpu]
[data_sample_strategy: bagging]
[data: ]
[valid: ]
[num_iterations: 31]
[learning_rate: 0.05]
[num_leaves: 31]
[num_threads: 1]
[seed: 42]
[deterministic: 1]
[force_col_wise: 1]
[force_row_wise: 0]
[histogram_pool_size: -1]
[max_depth: -1]
[min_data_in_leaf: 50]
[min_sum_hessian_in_leaf: 0.001]
[bagging_fraction: 0.8]
[pos_bagging_fraction: 1]
[neg_bagging_fraction: 1]
[bagging_freq: 5]
[bagging_seed: 42]
[bagging_by_query: 0]
[feature_fraction: 0.8]
[feature_fraction_bynode: 1]
[feature_fraction_seed: 42]
[extra_trees: 0]
[extra_seed: 12879]
[early_stopping_round: 0]
[early_stopping_min_delta: 0]
[first_metric_only: 0]
[max_delta_step: 0]
[lambda_l1: 0.1]
[lambda_l2: 1]
[linear_lambda: 0]
[min_gain_to_split: 0]
[drop_rate: 0.1]
[max_drop: 50]
[skip_drop: 0.5]
[xgboost_dart_mode: 0]
[uniform_drop: 0]
[drop_seed: 42]
[top_rate: 0.2]
[other_rate: 0.1]
[min_data_per_group: 100]
[max_cat_threshold: 32]
[cat_l2: 10]
[cat_smooth: 10]
[max_cat_to_onehot: 4]
[top_k: 20]
[monotone_constraints: ]
[monotone_constraints_method: basic]
[monotone_penalty: 0]
[feature_contri: ]
[forcedsplits_filename: ]
[refit_decay_rate: 0.9]
[cegb_tradeoff: 1]
[cegb_penalty_split: 0]
[cegb_penalty_feature_lazy: ]
[cegb_penalty_feature_coupled: ]
[path_smooth: 0]
[interaction_constraints: ]
[verbosity: -1]
[saved_feature_importance_type: 0]
[use_quantized_grad: 0]
[num_grad_quant_bins: 4]
[quant_train_renew_leaf: 0]
[stochastic_rounding: 1]
[linear_tree: 0]
[max_bin: 255]
[max_bin_by_feature: ]
[min_data_in_bin: 3]
[bin_construct_sample_cnt: 200000]
[data_random_seed: 42]
[is_enable_sparse: 1]
[enable_bundle: 1]
[use_missing: 1]
[zero_as_missing: 0]
[feature_pre_filter: 1]
[pre_partition: 0]
[two_round: 0]
[header: 0]
[label_column: ]
[weight_column: ]
[group_column: ]
[ignore_column: ]
[categorical_feature: ]
[forcedbins_filename: ]
[precise_float_parser: 0]
[parser_config_file: ]
[objective_seed: 16083]
[num_class: 1]
[is_unbalance: 0]
[scale_pos_weight: 1]
[sigmoid: 1]
[boost_from_average: 1]
[reg_sqrt: 0]
[alpha: 0.9]
[fair_c: 1]
[poisson_max_delta_step: 0.7]
[tweedie_variance_power: 1.5]
[lambdarank_truncation_level: 30]
[lambdarank_norm: 1]
[label_gain: ]
[lambdarank_position_bias_regularization: 0]
[eval_at: ]
[multi_error_top_k: 1]
[auc_mu_weights: ]
[num_machines: 1]
[local_listen_port: 12400]
[time_out: 120]
[machine_list_filename: ]
[machines: ]
[gpu_platform_id: -1]
[gpu_device_id: -1]
[gpu_device_id_list: ]
[gpu_use_dp: 0]
[num_gpu: 1]

end of parameters

pandas_categorical:[]
