tree
version=v4
num_class=1
num_tree_per_iteration=1
label_index=0
max_feature_idx=162
objective=regression
feature_names=last_osi last_P_t last_N_t last_D_t last_R_t last_outage_pct osi_mean_72h osi_max_72h osi_std_72h outage_pct_mean_72h outage_pct_max_72h N_t_mean_72h N_t_max_72h R_t_mean_72h R_t_max_72h pre_event_mean_osi pre_event_max_outage_pct storm_onset_max_osi storm_onset_mean_osi osi_trend_last6h is_worsening frac_zero_72h hours_since_peak gust_mean_obs gust_max_obs gust_gt30_obs gust_gt40_obs cumul_gust_obs gust_last_obs gust_max_last6h_obs gust_trend_last6h_obs gust_t wind_speed_t wind_sin_t wind_cos_t t2m_t d2m_t tp_t rain_t csnow_t sdwe_t r2_t vpd_t soil_moist_t blh_t tcc_t lcc_t mcc_t hcc_t sp_t mslma_t sdswrf_t direct_rad_t diffuse_rad_t et0_t temp_c_t dewpoint_c_t icing_risk_t gust_exceed_30 soil_moist_x_gust is_snowing gust_x_hso gust_x_phase soil_gust_x_phase gust_exceed30_x_hso gust_max_next_1h gust_mean_next_1h wind_speed_max_next_1h total_tp_next_1h min_t2m_next_1h gust_gt30_next_1h gust_gt40_next_1h gust_peak4h_mean_next_1h gust_max_next_6h gust_mean_next_6h wind_speed_max_next_6h total_tp_next_6h min_t2m_next_6h gust_gt30_next_6h gust_gt40_next_6h gust_peak4h_mean_next_6h gust_max_next_24h gust_mean_next_24h wind_speed_max_next_24h total_tp_next_24h min_t2m_next_24h gust_gt30_next_24h gust_gt40_next_24h gust_peak4h_mean_next_24h gust_max_next_48h gust_mean_next_48h wind_speed_max_next_48h total_tp_next_48h min_t2m_next_48h gust_gt30_next_48h gust_gt40_next_48h gust_peak4h_mean_next_48h gust_change_1h gust_change_3h pressure_change_3h pressure_change_6h temp_change_6h wind_change_1h cumul_gust_since_onset cumul_tp_since_onset gust_gt30_since_onset gust_at_t1h wind_speed_at_t1h t2m_at_t1h tp_at_t1h gust_at_t6h wind_speed_at_t6h t2m_at_t6h tp_at_t6h gust_at_t24h wind_speed_at_t24h t2m_at_t24h tp_at_t24h gust_at_t48h wind_speed_at_t48h t2m_at_t48h tp_at_t48h hour_of_day hour_sin hour_cos days_since_onset hours_since_obs storm_phase log_customers rural_urban_code is_metro pop_density n_utilities pct_forest pct_developed pct_agriculture pct_water pct_wetland pct_unmapped pct_forest_classified tree_canopy_pct tree_canopy_std forest_x_customers window_len_next_1h is_full_next_1h tp_rate_next_1h gust_gt30_frac_next_1h has_weather_at_t1h window_len_next_6h is_full_next_6h tp_rate_next_6h gust_gt30_frac_next_6h has_weather_at_t6h window_len_next_24h is_full_next_24h tp_rate_next_24h gust_gt30_frac_next_24h has_weather_at_t24h window_len_next_48h is_full_next_48h tp_rate_next_48h gust_gt30_frac_next_48h has_weather_at_t48h
feature_infos=[0:0.33700000000000002] [0:0.52010631900000004] [0:0.065400654000000003] [0:0.51677670099999995] [0:0.058582058999999999] [0:52.009999999999998] [4.1666666666666669e-06:0.26529999999999998] [0.0001:0.65049999999999997] [1.9982631347136334e-05:0.22470370552747407] [0.00083333333333333328:39.644861111111112] [0.02:100] [3.1208333333333337e-06:0.014902686125] [7.4900000000000005e-05:0.30001265999999999] [3.1208333333333337e-06:0.017093115180555556] [7.4900000000000005e-05:0.18675781699999999] [0:0.38653749999999998] [0:100] [0:0.52000000000000002] [0:0.13546666666666665] [-0.055854285714285697:0.019237142857142855] [0:1] [0:0.95833333333333337] [0:71] [13.769444444444444:31.022222222222222] [29.100000000000001:70] [0:35] [0:18] [991.39999999999998:2233.5999999999999] [3.5:47.5] [15.6:64.5] [-6.477142857142856:2.0142857142857129] [1.3:58.299999999999997] [0.10000000000000001:38] [-0.99999999952007834:0.99999999987412524] [-0.99999999369183823:0.99109782185603668] [260.48599419999999:298.4303941] [257.33913039999999:289.8677619] [0:9.9000000000000004] [0:9.9000000000000004] [0:2.3100000000000001] [0:0.080000000000000002] [15:100] [0:2.5] [0.17000000000000001:0.52000000000000002] [10:3015] [0:100] [0:100] [0:100] [0:100] [887.5:1022.3] [986.70000000000005:1031.5999999999999] [0:863] [0:722] [0:451] [0:0.60999999999999999] [-12.664005799999984:25.280394100000024] [-15.81086959999999:16.717761900000028] [0:1] [0:28.299999999999997] [0.50050000000000006:21.359999999999999] [0:1] [4.5:3429.8999999999996] [0:106.59999999999999] [0:40.944600000000001] [0:1282.3999999999999] [2.5:58.299999999999997] [2:54] [0.20000000000000001:38] [0:14.4] [260.48599419999999:298.21776599999998] [0:2] [0:2] [2:54] [3.6000000000000001:58.299999999999997] [2.9500000000000002:49.328571428571429] [0.5:38] [0:25.200000000000003] [260.48599419999999:296.40927479999999] [0:7] [0:7] [2.9500000000000002:52.024999999999999] [3.6000000000000001:58.299999999999997] [2.9500000000000002:42.491999999999997] [0.5:38] [0:51.199999999999996] [260.21536479999997:287.65389420000002] [0:25] [0:18] [2.9500000000000002:52.024999999999999] [3.6000000000000001:58.299999999999997] [2.9500000000000002:36.587755102040823] [0.5:38] [0:52.900000000000006] [260.21536479999997:287.65389420000002] [0:42] [0:20] [2.9500000000000002:52.024999999999999] [-24:23.800000000000001] [-32:35.700000000000003] [-6.1000000000000227:8.4000000000000909] [-10.600000000000023:13] [-17.814469700000018:21.091773399999965] [-15.1:19] [362.30000000000001:4262.8000000000011] [0:53.200000000000003] [0:60] [2.2000000000000002:58.299999999999997] [0:38] [260.48599419999999:298.4303941] [0:11.300000000000001] [1.3:56.899999999999999] [0:34.799999999999997] [260.48599419999999:298.4303941] [0:11.300000000000001] [0.90000000000000002:56.899999999999999] [0:34.799999999999997] [260.21536479999997:298.36374050000001] [0:11.300000000000001] [0.90000000000000002:52.899999999999999] [0:34.299999999999997] [261.0733333:295.64185570000001] [0:9.6999999999999993] [0:23] [-1:1] [-1:1] [1:6] [1:143] [0:3] [7.9247959139564355:13.272345954174847] [1:9] [0:1] [11.475535238797397:3138.2235042681623] [1:14] [2.4399999999999999:88.719999999999999] [2.21:68.680000000000007] [0.040000000000000001:85.829999999999998] [0.01:4.0099999999999998] [0:19.780000000000001] [1.9299999999999999:18.32] [2.5641025641025643:95.815074496056084] [2.71:81.680000000000007] [13.6:40.350000000000001] [23.724227923039628:931.74929212165569] none none [0:7.2000000000000002] [0:1] none [2:7] [0:1] [0:3.6000000000000005] [0:1] [0:1] [2:25] [0:1] [0:2.048] [0:1] [0:1] [2:49] [0:1] [0:1.0795918367346939] [0:0.8571428571428571] [0:1]
tree_sizes=2971 2680 2667 2626 2716 2676 2667 2714 2713 2675 2699 2707 2716 2664 2733 2691 2636 2694 2681 2702 2649 2654 2707 2682 2648 2688 2666 2711 2645

Tree=0
num_leaves=31
num_cat=0
split_feature=139 120 88 58 29 131 34 108 136 50 31 1 139 137 128 66 118 84 84 16 50 122 24 118 73 3 136 101 76 139
split_gain=0.0151849 0.0157575 0.014381 0.00392863 0.00296355 0.00168968 0.00570041 0.00120177 0.00115921 0.00113364 0.000967404 0.000515565 0.000494864 0.000392552 0.000266756 0.000256176 0.000200375 0.000169753 0.000153907 0.000177598 0.000185807 0.000144732 8.65624e-05 7.69431e-05 6.90651e-05 6.13903e-05 6.09348e-05 6.00444e-05 4.68451e-05 4.63527e-05
threshold=91.048068522959113 275.57269375000004 25.337500000000006 6.2500000000000009 26.500000000000004 34.954889260841185 -0.9865918135270576 291.03402945000011 0.14500000000000005 1007.7500000000001 23.150000000000002 0.12794352700000003 33.399168722792496 0.74500000000000011 10.158885299192166 31.575000000000006 35.050000000000004 3.1500000000000008 17.750000000000004 0.24500000000000002 997.35000000000002 19.500000000000004 48.750000000000007 4.7500000000000009 28.450000000000003 0.14125974000000002 3.9100000000000006 10.737739300000017 5.6500000000000012 88.861231950955485
decision_type=2 10 2 2 2 2 2 2 2 2 2 2 2 2 2 2 10 2 2 2 2 2 2 8 2 2 2 2 2 2
left_child=3 8 -3 5 7 6 -1 -5 -2 14 -10 12 27 -14 17 16 23 -7 19 -19 -21 25 -23 -11 -8 -16 29 28 -6 -25
right_child=1 2 -4 4 11 9 24 -9 10 15 -12 -13 13 -15 21 -17 -18 18 -20 20 -22 22 -24 26 -26 -27 -28 -29 -30 -31
leaf_value=0.0022339036223847702 0.0016775855456960969 0.0018904842473110536 0.0031105844830313562 0.0017177228919730738 0.001644837214535284 0.0016775855456960969 0.0016461633440722602 0.0022123312218246421 0.0016775855456960969 0.0016775855456960969 0.0020090090205492632 0.0018399192797543529 0.0016775855456960969 0.0018280234285938445 0.0016380342724568592 0.0016775855456960969 0.0016775855456960969 0.0016775855456960969 0.0016775855456960969 0.0016775855456960969 0.0017985871847437632 0.0017397620389228428 0.0016775855456960969 0.0016122001722175369 0.0016775855456960969 0.0016775855456960969 0.0016775855456960969 0.0016775855456960969 0.0016775855456960969 0.0016775855456960969
leaf_weight=50 152 68 51 50 266 161 177 50 51 61 58 82 120 102 533 137 192 67 55 81 140 55 57 3250 100 61 70 127 57 53
leaf_count=50 152 68 51 50 266 161 177 50 51 61 58 82 120 102 533 137 192 67 55 81 140 55 57 3250 100 61 70 127 57 53
internal_value=0.00167759 0.00198381 0.00246264 0.00165853 0.00175619 0.00164184 0.00174602 0.00201738 0.00174424 0.00163397 0.00186975 0.00171452 0.00169157 0.00175538 0.00167759 0.00162043 0.00161786 0.00170379 0.00172493 0.00174083 0.00176248 0.00165631 0.00167845 0.00161504 0.00167425 0.00164373 0.00161403 0.00167107 0.00165473 0.001613
internal_weight=6534 380 119 6154 854 5300 327 100 261 4973 109 754 672 222 1210 3763 3626 504 343 288 221 706 112 3434 277 594 3373 450 323 3303
internal_count=6534 380 119 6154 854 5300 327 100 261 4973 109 754 672 222 1210 3763 3626 504 343 288 221 706 112 3434 277 594 3373 450 323 3303
is_linear=0
shrinkage=1


Tree=1
num_leaves=31
num_cat=0
split_feature=139 120 18 58 133 138 131 34 59 28 84 116 48 131 84 131 43 19 13 107 43 101 101 106 66 115 73 97 133 138
split_gain=0.0138017 0.0143 0.0131116 0.00361729 0.00256444 0.00419855 0.0015336 0.00515538 0.000959238 0.000994629 0.000898423 0.000428399 0.000285868 0.000260482 0.000221646 0.000216929 0.000255837 0.000308677 0.00021081 0.000161936 0.000151423 9.6794e-05 9.42824e-05 8.20479e-05 7.99485e-05 7.54821e-05 6.28784e-05 6.12658e-05 6.07726e-05 5.77344e-05
threshold=91.048068522959113 275.57269375000004 0.005004166666666668 6.2500000000000009 23.815000000000001 4.6850000000000014 34.954889260841185 -0.9865918135270576 8.005250000000002 25.850000000000005 3.0500000000000012 272.3797881000001 92.500000000000014 58.815508921636585 18.450000000000006 128.25942861116394 0.31050000000000005 6.8571428571428513e-05 0.0027519362083333336 14.65 0.33250000000000007 -0.28549484999999203 6.4314730999999776 33.850000000000001 30.025000000000002 14.950000000000001 28.450000000000003 1.8000000000000027 84.245000000000019 5.4500000000000011
decision_type=2 10 2 2 2 2 2 2 2 2 2 8 2 2 2 2 2 2 2 2 2 2 2 2 2 10 2 2 2 2
left_child=3 8 -3 6 13 -6 7 -1 -2 -10 18 14 -7 -5 15 16 -12 25 23 -14 -21 29 -15 28 -13 27 -9 -18 -8 -20
right_child=1 2 -4 4 5 12 10 26 9 -11 11 24 19 22 -16 -17 17 -19 21 20 -22 -23 -24 -25 -26 -27 -28 -29 -30 -31
leaf_value=0.00052904758186937846 0 0.00016371653156014733 0.0013247567404167577 0.00010042159834573214 0.0005853774125440897 0 -6.0664092486356986e-05 -2.9859918109507541e-05 0 0.00029516121928763292 0 -5.2176102767698468e-05 0 -3.0879337989302406e-05 -1.7269596016530895e-05 0 0.0001729868737568134 0 4.1961353577096902e-05 0 0.00017364890637971961 -3.2212837277715336e-05 0 0 0 0 0 0 0 0
leaf_weight=50 136 64 55 60 57 72 3172 177 58 67 94 374 51 284 158 259 101 54 83 53 113 237 164 97 83 61 100 54 55 91
leaf_count=50 136 64 55 60 57 72 3172 177 58 67 94 374 51 284 158 259 101 54 83 53 113 237 164 97 83 61 100 54 55 91
internal_value=0 0.000292207 0.000748566 -1.79019e-05 7.57548e-05 0.000180599 -3.39477e-05 6.50403e-05 6.29886e-05 0.000165174 -4.14737e-05 -3.27456e-07 8.17794e-05 0 1.78844e-05 3.4826e-05 5.96598e-05 8.45813e-05 -5.37699e-05 0.00011034 0.000135341 -4.55469e-06 -8.96056e-06 -5.83482e-05 -4.2339e-05 0.000111761 -2.33164e-06 0.000136324 -5.97525e-05 4.51499e-06
internal_weight=6534 380 119 6154 854 346 5300 327 261 125 4973 1238 289 508 781 623 364 270 3735 217 166 411 448 3324 457 216 277 155 3227 174
internal_count=6534 380 119 6154 854 346 5300 327 261 125 4973 1238 289 508 781 623 364 270 3735 217 166 411 448 3324 457 216 277 155 3227 174
is_linear=0
shrinkage=0.05


Tree=2
num_leaves=31
num_cat=0
split_feature=2 133 63 58 2 128 133 138 50 128 122 85 43 49 135 73 137 131 68 91 133 3 99 101 81 12 69 30 101 15
split_gain=0.0126468 0.00702041 0.00469042 0.00316262 0.0023307 0.00527699 0.00218785 0.00407639 0.0014427 0.000603212 0.000485331 0.000467491 0.000489606 0.000423831 0.000414298 0.000301799 0.000400021 0.000238574 0.000158837 0.000158695 0.00016549 7.97114e-05 8.03377e-05 7.16471e-05 6.58448e-05 4.28071e-05 4.24721e-05 2.95817e-05 2.9459e-05 2.61212e-05
threshold=0.048280649000000009 88.200000000000003 15.285400000000003 6.5500000000000016 0.0059917800000000012 9.4793363551546506 23.815000000000001 4.6850000000000014 1014.4500000000002 10.158885299192166 8.5000000000000018 265.72387760000009 0.32850000000000007 960.1500000000002 18.705000000000002 39.850000000000001 0.18000000000000002 58.815508921636585 2.0500000000000003 34.050000000000004 87.045000000000016 0.14125974000000002 -3.5499999999999541 6.4314730999999776 44.350000000000001 0.13106182650000003 293.43201275000007 -3.0628571428571423 -1.8852806000000155 0.0021312500000000003
decision_type=2 2 2 2 2 2 2 2 2 2 2 2 2 2 2 2 2 2 2 2 2 2 2 2 2 2 2 2 2 2
left_child=1 3 -3 4 8 -6 17 -8 9 10 29 -12 -13 -14 -15 -9 -17 -5 21 20 25 22 -11 27 -18 -10 -24 -19 -16 -1
right_child=-2 2 -4 6 5 -7 7 15 19 18 11 12 13 14 28 16 24 23 -20 -21 -22 -23 26 -25 -26 -27 -28 -29 -30 -31
leaf_value=-1.8466670349429661e-05 0.00076959591761960669 1.3194686023670132e-05 0.00074490171369261061 0.00010127675285554704 0.00047325178757484936 -3.5586926386023828e-06 0.00057918254401426704 0 -5.9537952220635149e-05 0 0 0 0 0.00026886602242620416 0 0 0.00023250830835119514 0 0 0 0 0 -5.0921143335172571e-05 0 0 0 0 -3.6210263544021608e-05 6.6844210832641681e-05 0
leaf_weight=237 52 65 50 56 73 181 55 114 3185 86 140 130 91 86 58 57 65 63 173 62 64 100 635 162 50 63 50 201 51 79
leaf_count=237 52 65 50 56 73 181 55 114 3185 86 140 130 91 86 58 57 65 63 173 62 64 100 635 162 50 63 50 201 51 79
internal_value=0 -5.90822e-06 0.000378111 -1.36878e-05 -2.79316e-05 0.000115188 7.61127e-05 0.000173063 -3.5769e-05 0 2.95499e-05 5.93164e-05 8.66163e-05 0.000123148 0.000166171 7.57956e-05 0.000117864 0 -2.67136e-05 -5.54474e-05 -5.70237e-05 -3.62019e-05 -4.1695e-05 -5.25396e-06 0.000171287 -5.86779e-05 -4.74256e-05 -2.68402e-05 3.79828e-05 -7.07313e-06
internal_weight=6534 6482 115 6367 5544 254 823 341 5290 1916 872 556 416 286 195 286 172 482 1044 3374 3312 871 771 426 115 3248 685 264 109 316
internal_count=6534 6482 115 6367 5544 254 823 341 5290 1916 872 556 416 286 195 286 172 482 1044 3374 3312 871 771 426 115 3248 685 264 109 316
is_linear=0
shrinkage=0.05


Tree=3
num_leaves=31
num_cat=0
split_feature=2 133 76 58 2 128 133 138 50 128 15 16 123 29 48 104 120 141 18 91 133 68 111 24 118 3 99 92 69 136
split_gain=0.0114267 0.00641136 0.00464469 0.00291033 0.00208106 0.00479075 0.00200477 0.00363017 0.00131111 0.000544037 0.000383421 0.000545741 0.00066035 0.0003501 0.000245875 0.000242411 0.000351916 0.000359048 0.000228395 0.000146938 0.000153157 0.000146763 9.2809e-05 7.5137e-05 8.18561e-05 7.2762e-05 7.30954e-05 6.29144e-05 3.80708e-05 2.21156e-05
threshold=0.048280649000000009 88.200000000000003 0.15000000000000005 6.5500000000000016 0.0059917800000000012 9.4793363551546506 23.815000000000001 4.6850000000000014 1014.4500000000002 10.158885299192166 0.00076666666666666669 4.4350000000000014 0.60355339059327384 39.100000000000001 92.500000000000014 0.25000000000000006 266.29196345000008 36.410000000000004 0.058362500000000005 34.050000000000004 87.045000000000016 2.0500000000000003 12.750000000000002 64.950000000000017 5.1500000000000012 0.14125974000000002 -3.5499999999999541 9.2500000000000018 293.43201275000007 3.9100000000000006
decision_type=2 2 2 2 2 2 2 2 2 2 2 2 2 2 2 2 10 2 2 2 2 2 10 2 8 2 2 2 2 2
left_child=1 3 -3 4 8 -6 18 -8 9 10 -1 12 13 22 -9 -16 -17 -18 27 20 23 25 -12 24 -10 26 -11 -5 -28 -26
right_child=-2 2 -4 6 5 -7 7 14 19 21 11 -13 -14 -15 15 16 17 -19 -20 -21 -22 -23 -24 -25 29 -27 28 -29 -30 -31
leaf_value=0 0.0007318421815882244 0 0.00071091955478241636 -2.4884485339944918e-05 0.00044990897732015981 -3.3817348430402676e-06 0.00055074052912069819 0 0 0 0.00028998950403494002 0 0 0 0 0 0.00027960472485323535 0 9.5747311062324543e-05 0 0 0 3.1598091471871572e-05 0 -5.928979324281551e-05 0 -4.8379089244122758e-05 0 0 0
leaf_weight=441 52 63 52 272 73 181 55 71 74 86 67 185 69 50 50 52 57 56 60 62 64 173 60 111 3000 100 635 150 50 63
leaf_count=441 52 63 52 272 73 181 55 71 74 86 67 185 69 50 50 52 57 56 60 62 64 173 60 111 3000 100 635 150 50 63
internal_value=0 -5.27239e-06 0.000361687 -1.27413e-05 -2.64356e-05 0.00010854 7.33602e-05 0.000166196 -3.38808e-05 0 2.8281e-05 6.19287e-05 0.000110595 0.00016201 7.31626e-05 9.97899e-05 0.000128873 0.000178609 0 -5.26381e-05 -5.41618e-05 -2.51665e-05 0.000208178 -5.57596e-05 -5.72623e-05 -3.43478e-05 -3.96007e-05 -5.27403e-06 -4.50688e-05 -5.85231e-05
internal_weight=6534 6482 115 6367 5544 254 823 341 5290 1916 872 431 246 177 286 215 165 113 482 3374 3312 1044 127 3248 3137 871 771 422 685 3063
internal_count=6534 6482 115 6367 5544 254 823 341 5290 1916 872 431 246 177 286 215 165 113 482 3374 3312 1044 127 3248 3137 871 771 422 685 3063
is_linear=0
shrinkage=0.05


Tree=4
num_leaves=31
num_cat=0
split_feature=134 33 131 2 34 50 19 84 59 73 105 114 33 126 131 93 44 136 141 84 93 30 118 128 32 5 0 99 100 92
split_gain=0.0104984 0.0104445 0.00346013 0.00340573 0.00469896 0.00248907 0.00312792 0.00157201 0.000967506 0.000955344 0.000652943 0.000560011 0.000420844 0.000368547 0.000222177 0.000217036 0.00020745 0.000186402 0.000128938 0.00029042 0.000104326 9.58051e-05 7.00726e-05 4.03019e-05 3.77784e-05 3.63411e-05 3.50496e-05 3.17046e-05 3.15933e-05 1.54205e-05
threshold=3.7100000000000004 -0.96635247222025489 57.257815097269223 0.0040711290000000006 -0.22307620381555796 1009.4500000000002 -0.0044599999999999996 2.2500000000000004 11.984350000000003 38.550000000000004 23.500000000000004 25.050000000000004 -0.94266135075280166 10.500000000000002 103.01877315531651 265.24347685000004 987.50000000000011 0.67500000000000016 34.320000000000007 13.350000000000003 264.80585965000006 -0.73000000000000087 4.7500000000000009 9.5242581603116321 17.550000000000004 10.555000000000001 0.00025000000000000006 4.6499999999999782 5.6999999999999895 9.8500000000000032
decision_type=2 2 2 2 2 2 2 2 2 2 2 10 2 2 2 2 2 2 2 2 2 2 8 2 2 2 2 2 2 2
left_child=1 -1 3 5 -5 6 -2 13 16 -8 -3 12 -10 14 17 21 20 -4 23 -20 -9 -7 -15 -18 -13 -16 -25 -24 -17 -26
right_child=2 10 7 4 -6 15 9 8 11 -11 -12 24 -14 22 25 28 18 -19 19 -21 -22 -23 27 26 29 -27 -28 -29 -30 -31
leaf_value=0.00094668519338531618 0.00047347617941399697 0.00019935690877399137 0 0.00065948526070444915 0 0 0 0 0 0.00019156507770462034 0 0 0.00021681840687348924 0 -3.5143849771380824e-05 -4.7349136200690344e-05 0 0.00012551827855482276 8.1143672735425139e-05 0 -4.6112854732430092e-05 6.369426301292454e-05 -5.4249132520388511e-05 0 0 0 -2.6599641245554913e-05 0 0 3.800139911309738e-05
leaf_weight=56 61 57 53 55 59 134 238 161 55 92 67 89 103 57 198 396 64 54 158 108 411 59 3043 86 69 56 278 53 53 111
leaf_count=56 61 57 53 55 59 134 238 161 55 92 67 89 103 57 198 396 64 54 158 108 411 59 3043 86 69 56 278 53 53 111
internal_value=2.06118e-07 0.000376416 -9.72216e-06 6.76082e-05 0.000331114 3.34006e-05 0.000134618 -2.77263e-05 9.44352e-06 5.56336e-05 7.33619e-05 7.59007e-05 0.000155344 -4.70543e-05 0 -2.05818e-05 -9.06721e-06 6.08969e-05 3.29206e-06 3.46654e-05 -3.27681e-05 4.48644e-06 -5.25324e-05 -4.58668e-06 1.03177e-05 -2.46489e-05 -1.73426e-05 -5.35445e-05 -4.24543e-05 2.60883e-05
internal_weight=6534 180 6354 1147 114 1033 391 5207 1693 330 124 427 158 3514 361 642 1266 107 694 266 572 193 3153 428 269 254 364 3096 449 180
internal_count=6534 180 6354 1147 114 1033 391 5207 1693 330 124 427 158 3514 361 642 1266 107 694 266 572 193 3153 428 269 254 364 3096 449 180
is_linear=0
shrinkage=0.05


Tree=5
num_leaves=31
num_cat=0
split_feature=59 103 139 150 0 131 56 106 80 59 33 106 13 77 50 29 28 63 68 140 15 12 104 99 19 138 6 123 59 24
split_gain=0.00659953 0.0158972 0.00275152 0.00275288 0.00420085 0.00101526 0.00101283 0.000814394 0.00119188 0.000489405 0.000484138 0.000369742 0.000690312 0.000357365 0.000351841 0.000347728 0.000318745 0.00026716 0.000254749 0.000177105 0.000127656 0.000110128 7.56365e-05 3.94503e-05 3.22059e-05 7.34349e-05 4.69058e-05 3.10245e-05 2.56457e-05 2.36655e-05
threshold=13.453450000000002 1220.0500000000004 91.048068522959113 0.12142857142857146 0.0034500000000000004 104.27425305936325 -1.713214649999969 16.750000000000004 17.412500000000005 12.26505 -0.95695856041302962 32.550000000000004 0.00083073102777777793 289.46377500000006 1006.85 28.700000000000003 25.850000000000005 17.197700000000001 2.2500000000000004 30.730000000000004 0.0054489583333333343 0.10813634050000001 21.550000000000004 -3.7499999999999996 -0.00053142857142857126 3.7300000000000004 0.0074604166666666681 -0.70710678118654735 11.378400000000001 33.750000000000007
decision_type=2 2 2 2 2 2 2 2 2 2 2 2 2 2 2 2 2 2 2 2 2 2 2 2 2 2 2 2 2 2
left_child=2 -2 5 16 -5 7 -3 21 -9 14 -11 -8 19 18 15 17 -4 -10 20 -13 23 29 28 -7 25 -17 -27 -26 -16 -1
right_child=1 6 3 4 -6 13 11 8 9 10 -12 12 -14 -15 22 24 -18 -19 -20 -21 -22 -23 -24 -25 27 26 -28 -29 -30 -31
leaf_value=0 0.00081991429710071787 -1.3724055756485691e-05 -2.89598972090638e-05 0 0.00060711708897724756 0 0 0.00025627774184141784 0.00018968537518660676 0 0.00016302502884021431 4.1365348952867545e-05 1.3286053691824527e-05 0 -3.5544780971743252e-05 0 8.2741505581053042e-05 0 0 0.0003418934131350706 0 0 0 -5.4322352119225446e-05 0 6.9120592271949274e-05 0 -2.378910187871952e-05 0 -5.3276543475099853e-05
leaf_weight=53 78 230 141 58 59 73 107 53 54 83 95 57 126 218 546 53 98 57 162 58 128 55 118 2822 62 78 75 143 56 593
leaf_count=53 78 230 141 58 59 73 107 53 54 83 95 57 126 218 546 53 98 57 162 58 128 55 118 2822 62 78 75 143 56 593
internal_value=0 0.0001501 -1.69089e-05 0.00011512 0.000313717 -2.62523e-05 4.98143e-05 0 2.1549e-05 9.09515e-06 8.65561e-05 0.000106054 0.000141563 -4.33009e-05 0 2.90615e-05 0 0.000108193 -4.77879e-05 0.00023768 -5.1153e-05 -4.38776e-05 -2.46443e-05 -5.33149e-05 0 1.92345e-05 4.11025e-05 -4.36866e-06 -3.22455e-05 -5.01441e-05
internal_weight=6589 656 5933 356 117 5577 578 2174 1473 1420 178 348 241 3403 1242 522 239 111 3185 115 3023 701 720 2895 411 206 153 205 602 646
internal_count=6589 656 5933 356 117 5577 578 2174 1473 1420 178 348 241 3403 1242 522 239 111 3185 115 3023 701 720 2895 411 206 153 205 602 646
is_linear=0
shrinkage=0.05


Tree=6
num_leaves=31
num_cat=0
split_feature=59 103 133 34 131 85 85 141 56 59 44 43 66 150 108 89 74 120 68 86 15 117 100 24 44 89 137 133 12 138
split_gain=0.00602141 0.0143084 0.00322433 0.00299578 0.00113535 0.00107973 0.00119694 0.00319525 0.000952065 0.000628555 0.000350727 0.00060782 0.000622508 0.000338343 0.00031517 0.00030122 0.000265953 0.000259996 0.000233053 0.000185686 0.000111285 7.15187e-05 4.75606e-05 4.30856e-05 3.00928e-05 2.78611e-05 5.18314e-05 2.38801e-05 2.14637e-05 1.82393e-05
threshold=13.453450000000002 1220.0500000000004 87.815000000000012 0.0038251703243304884 104.27425305936325 273.13648740000002 268.96477100000004 37.005000000000003 -1.713214649999969 12.26505 952.50000000000011 0.33250000000000007 34.975000000000009 0.15000000000000002 293.28946190000005 33.750000000000007 33.992857142857154 274.20122415000009 2.2500000000000004 14.500000000000002 0.0054489583333333343 1.0000000180025095e-35 5.6999999999999895 64.15000000000002 1312.5000000000002 42.150000000000013 1.0650000000000002 82.035000000000011 0.12625775600000003 11.465000000000002
decision_type=2 2 2 2 2 2 2 2 2 2 2 2 2 2 2 2 2 10 2 2 2 10 2 2 2 2 2 2 2 2
left_child=2 -2 4 -4 5 6 13 9 24 25 -10 -12 -13 21 18 17 22 -15 20 -14 23 27 -7 28 -3 -8 -27 29 -6 -1
right_child=1 8 3 -5 14 16 7 -9 10 -11 11 12 19 15 -16 -17 -18 -19 -20 -21 -22 -23 -24 -25 -26 26 -28 -29 -30 -31
leaf_value=-3.8837708090833778e-05 0.00077943750785529624 0 0 0.00049370808644292501 -5.2603655861602425e-05 -5.4976792425368233e-05 -1.2645353178567302e-05 0.00038810329761554386 0 0.00018014478685588321 0 0 0.00038405236175883991 0 0 0 1.0541869439568094e-05 0.00013721836813347183 0 6.6709587024947275e-05 0 0 0 0 -2.6108356589161087e-05 5.3674138535075543e-05 0 0 0 0
leaf_weight=430 78 63 83 57 2726 728 218 79 111 54 68 56 52 134 212 205 62 99 162 61 129 52 51 120 167 56 72 100 54 50
leaf_count=430 78 63 83 57 2726 728 218 79 111 54 68 56 52 134 212 205 62 99 162 61 129 52 51 120 167 56 72 100 54 50
internal_value=0 0.000143657 -1.58712e-05 0.000217137 -2.24018e-05 2.06407e-06 2.87698e-05 9.43762e-05 4.80263e-05 2.30731e-05 0.000102635 0.000138315 0.000189002 0 -4.10492e-05 3.30612e-05 -4.11616e-05 7.25864e-05 -4.52083e-05 0.000258691 -4.84288e-05 -2.40461e-05 -5.16951e-05 -5.04534e-05 -1.30408e-05 0 1.63853e-05 -3.0622e-05 -5.19049e-05 -3.5451e-05
internal_weight=6589 656 5933 140 5793 2390 1549 479 578 400 348 237 169 1070 3403 438 841 233 3191 113 3029 632 779 2900 230 346 128 580 2780 480
internal_count=6589 656 5933 140 5793 2390 1549 479 578 400 348 237 169 1070 3403 438 841 233 3191 113 3029 632 779 2900 230 346 128 580 2780 480
is_linear=0
shrinkage=0.05


Tree=7
num_leaves=31
num_cat=0
split_feature=59 103 139 76 49 56 84 2 111 29 33 44 22 28 18 49 102 12 0 91 44 117 24 139 84 44 106 17 122 113
split_gain=0.0054968 0.0128752 0.00229089 0.00245696 0.00477888 0.000889972 0.000826916 0.000711979 0.00113013 0.000690491 0.000547832 0.00031719 0.000553055 0.000263639 0.000221706 0.000161826 0.000153217 8.86798e-05 0.000152177 0.00019633 0.000263529 7.96075e-05 4.5575e-05 3.77608e-05 3.551e-05 2.78446e-05 2.55553e-05 2.1493e-05 2.0463e-05 2.74545e-05
threshold=13.453450000000002 1220.0500000000004 91.048068522959113 0.8500000000000002 963.35000000000002 -1.713214649999969 3.1500000000000008 0.0059917800000000012 8.7500000000000018 24.400000000000002 0.069029541179187887 952.50000000000011 7.5000000000000009 25.850000000000005 0.081616666666666685 978.45000000000016 -5.0499999999999998 0.0043323850000000002 0.024700000000000003 25.350000000000005 1432.5000000000002 0.15000000000000005 66.15000000000002 87.760506709764101 11.350000000000003 1312.5000000000002 32.550000000000004 0.030050000000000004 10.500000000000002 1.0000000180025095e-35
decision_type=2 2 2 2 2 2 2 2 10 2 2 2 2 2 2 2 2 2 2 2 2 10 2 2 2 2 2 2 2 10
left_child=2 -2 6 13 -5 25 7 14 -9 10 -8 -7 -13 -4 16 17 -1 -11 19 20 27 22 23 -18 28 -3 -17 -19 -20 -30
right_child=1 5 3 4 -6 11 9 8 -10 15 -12 12 -14 -15 -16 26 21 18 24 -21 -22 -23 -24 -25 -26 -27 -28 -29 29 -31
leaf_value=0 0.00074095895550732463 0 -2.9486173998392729e-05 0 0.00065763791088886822 0 0.00017769887278388656 -1.5145043845437542e-06 0.00024219697108619908 -2.0059831276305595e-05 0 0.00023529284590513273 2.293266622008749e-05 7.355595295288221e-05 0 -4.1883228359244856e-05 -4.7792377860322146e-05 0 0 0 0.00012444036353907712 0 0 0 -2.184683980064414e-05 -2.4810708988037991e-05 0 2.2305215771767608e-05 3.3000507513696158e-05 0
leaf_weight=68 78 63 141 67 50 111 97 88 56 236 82 99 138 98 89 281 3380 89 97 122 106 98 91 91 185 167 50 107 109 55
leaf_count=68 78 63 141 67 50 111 97 88 56 236 82 99 138 98 89 281 3380 89 97 122 106 98 91 91 185 167 50 107 109 55
internal_value=0 0.000137533 -1.48845e-05 0.000105417 0.000292703 4.63268e-05 -2.34777e-05 -3.59357e-05 5.97961e-05 3.9694e-06 9.78932e-05 9.9191e-05 0.000133264 0 -4.08716e-05 -4.31312e-06 -4.3116e-05 6.83862e-07 1.2068e-05 3.45489e-05 5.73944e-05 -4.47007e-05 -4.59235e-05 -4.68728e-05 0 -1.20971e-05 -3.6022e-05 0 0 1.76081e-05
internal_weight=6589 656 5933 356 117 578 5577 3961 144 1616 179 348 237 239 3817 1437 3728 1106 870 424 302 3660 3562 3471 446 230 331 196 261 164
internal_count=6589 656 5933 356 117 578 5577 3961 144 1616 179 348 237 239 3817 1437 3728 1106 870 424 302 3660 3562 3471 446 230 331 196 261 164
is_linear=0
shrinkage=0.05


Tree=8
num_leaves=31
num_cat=0
split_feature=134 49 98 134 50 2 104 134 85 84 46 138 111 92 61 18 93 128 41 59 100 17 1 1 67 7 85 90 110 74
split_gain=0.00520786 0.0056772 0.00425376 0.00521077 0.00160204 0.000712871 0.00138755 0.000696881 0.0008547 0.00192295 0.00102641 0.00122824 0.00177152 0.000258467 0.000256325 0.000171902 0.000141973 0.000128517 9.65892e-05 6.14157e-05 5.97212e-05 5.7157e-05 5.30965e-05 7.24027e-05 4.2238e-05 3.43005e-05 7.04354e-05 3.4233e-05 2.34063e-05 2.32275e-05
threshold=3.7100000000000004 957.35000000000002 16.950000000000006 8.7900000000000009 1012.5500000000001 0.0059917800000000012 20.450000000000006 8.6650000000000009 265.86586430000006 10.650000000000004 91.500000000000014 5.9850000000000003 13.550000000000002 2.4500000000000006 2190.1000000000008 0.081616666666666685 264.42113515000005 9.5356433201801512 40.500000000000007 11.327600000000002 7.400000000000035 0.018200000000000004 0.15028550400000004 5.6750000000000004e-05 25.850000000000005 0.042550000000000011 267.79984555000004 19.788775510204086 35.850000000000001 21.050000000000004
decision_type=2 2 2 2 2 2 2 2 2 2 2 2 10 2 2 2 2 2 2 2 2 2 2 2 2 2 2 2 10 2
left_child=1 -1 4 -4 7 15 -7 8 -2 10 11 12 -10 -9 17 16 29 -15 -19 -14 28 -12 23 -20 27 26 -11 -25 -18 -6
right_child=2 -3 3 -5 5 6 -8 13 9 25 21 -13 19 14 -16 -17 20 18 22 -21 -22 -23 -24 24 -26 -27 -28 -29 -30 -31
leaf_value=0 -2.2335140568635151e-05 0.00052641894402430682 0.00066814712831675188 0 -1.7300963388255151e-05 -1.0142893618213132e-05 0.00025351378140034972 -3.5621599627100831e-05 0.00052242504035008891 4.7889958408057664e-05 0 0 0 4.784953608541973e-05 0.00010406914480979771 0 -4.7598973073687884e-05 3.6774022008645703e-05 0 0.000149577223403635 0 4.3107845979951286e-05 0 0 0 -1.7062856271552283e-05 0 -3.9175467536232762e-05 0 0
leaf_weight=92 216 96 50 86 193 122 60 466 66 94 54 57 52 126 64 87 3042 56 98 50 90 80 63 70 56 150 168 455 67 163
leaf_count=92 216 96 50 86 193 122 60 466 66 94 54 57 52 126 64 87 3042 56 98 50 90 80 63 70 56 150 168 455 67 163
internal_value=0 0.000259092 -7.20465e-06 0.000266643 -1.39889e-05 -3.46181e-05 5.03648e-05 1.62817e-05 4.90805e-05 7.55677e-05 0.000159999 0.000228251 0.000296377 -2.56473e-06 7.99151e-06 -4.02501e-05 -4.21966e-05 0 -6.17995e-06 9.79152e-05 -4.57117e-05 7.51726e-06 -1.61964e-05 -2.19507e-05 -2.95631e-05 0 1.26053e-05 -3.41727e-05 -4.68832e-05 0
internal_weight=6589 188 6401 136 6265 3824 182 2441 987 771 359 225 168 1454 988 3642 3555 924 798 102 3199 134 742 679 581 412 262 525 3109 356
internal_count=6589 188 6401 136 6265 3824 182 2441 987 771 359 225 168 1454 988 3642 3555 924 798 102 3199 134 742 679 581 412 262 525 3109 356
is_linear=0
shrinkage=0.05


Tree=9
num_leaves=31
num_cat=0
split_feature=134 33 58 27 92 134 34 142 145 140 84 48 44 140 160 18 133 119 75 116 146 8 92 118 15 131 145 18 85 11
split_gain=0.00467613 0.0061017 0.00272896 0.00401083 0.00496173 0.00101548 0.00116391 0.0032888 0.000715284 0.000886985 0.00063501 0.000456719 0.000292881 0.000265779 0.000384458 0.000265313 0.000176346 0.000174668 0.000151409 0.000103616 9.07549e-05 7.82504e-05 0.000143758 6.36281e-05 5.63877e-05 3.61986e-05 2.09796e-05 2.08221e-05 1.46295e-05 3.23198e-06
threshold=3.7100000000000004 -0.97251090060516321 8.8499999999999996 1622.0500000000004 11.750000000000002 6.6950000000000012 -0.98899013218167997 661.39760749265974 0.075000000000000025 76.250000000000014 2.2500000000000004 99.500000000000014 1032.5000000000002 34.840000000000011 0.30102040816326542 0.058362500000000005 50.285000000000004 22.650000000000002 19.050000000000004 267.66452905000006 0.75000000000000011 0.013558292706703019 13.950000000000003 4.9500000000000011 0.0054489583333333343 47.842856086899232 1.2750000000000001 0.081616666666666685 272.38653270000003 0.0029237876250000007
decision_type=2 2 2 2 2 2 2 2 2 2 2 2 2 2 2 2 2 10 2 8 2 2 2 8 2 2 2 2 2 2
left_child=1 -1 5 4 -4 6 7 -2 18 -10 17 -3 20 -14 16 21 -15 23 19 -8 24 22 -5 -7 26 -25 -12 -27 -23 -19
right_child=2 11 3 15 -6 10 8 -9 9 -11 12 -13 13 14 -16 -17 -18 29 -20 -21 -22 28 -24 25 -26 27 -28 -29 -30 -31
leaf_value=0.00071430676215711113 0.00047906602448932192 -1.1972784122917762e-06 0.00072795482527978435 0 0 0 0 0 0 0.00020196762035344835 -3.8533060701934078e-05 0.0001359634406364184 0 0.00020227688184902825 0 0.00011557392930374658 0 0 1.0584452265088179e-05 -4.2145123312798446e-05 0 -2.4628453481365257e-05 9.8592440559654141e-05 0 0 -4.4325566457837078e-05 0 0 0 1.1802945104889279e-05
leaf_weight=51 50 69 51 139 53 67 98 92 192 88 486 68 318 60 162 64 79 61 66 565 69 141 51 64 56 3085 74 55 58 57
leaf_count=51 50 69 51 139 53 67 98 92 192 88 486 68 318 60 162 64 79 61 66 565 69 141 51 64 56 3085 74 55 58 57
internal_value=0 0.000245723 -6.59621e-06 9.77277e-05 0.000379868 -1.74099e-05 2.23009e-05 0.00015606 0 7.091e-05 -2.82172e-05 3.11425e-05 0 2.63173e-05 6.01835e-05 2.12467e-05 0.000121155 -3.96331e-05 -2.26734e-05 -3.35252e-05 -2.10092e-05 0 2.76542e-05 -4.19629e-05 -2.92997e-05 -4.29805e-05 -3.45753e-05 -4.37468e-05 -1.57413e-05 0
internal_weight=6589 188 6401 557 104 5844 1151 142 1009 280 4693 137 1304 619 301 453 139 3389 729 663 685 389 190 3271 616 3204 560 3140 199 118
internal_count=6589 188 6401 557 104 5844 1151 142 1009 280 4693 137 1304 619 301 453 139 3389 729 663 685 389 190 3271 616 3204 560 3140 199 118
is_linear=0
shrinkage=0.05


Tree=10
num_leaves=31
num_cat=0
split_feature=134 105 98 134 136 116 128 30 141 125 155 0 28 59 100 155 133 102 22 17 160 66 50 135 49 107 77 76 42 100
split_gain=0.00545366 0.00800446 0.00252441 0.0035772 0.00481458 0.000861668 0.000803647 0.00137111 0.000438521 0.000739032 0.000589754 0.000303266 0.000384713 0.000297198 0.000257937 0.000256179 0.000269201 0.000239778 0.00019596 0.00016509 0.000146787 0.000146273 0.000133416 9.89675e-05 8.00661e-05 0.000105342 6.59437e-05 6.58205e-05 5.60104e-05 5.13241e-05
threshold=3.7100000000000004 24.500000000000004 8.5000000000000036 7.5650000000000004 0.53000000000000014 273.89401570000001 9.5825325461623994 -0.79000000000000092 34.050000000000004 2.5000000000000004 0.45800000000000002 0.0042500000000000012 31.700000000000003 11.272000000000002 5.6499999999999782 0.10494117647058825 23.815000000000001 2.0000000000000018 1.0000000180025095e-35 0.23595000000000002 0.032630878438331866 32.725000000000009 998.75000000000011 24.065000000000001 977.25000000000011 16.450000000000003 276.15248380000008 2.9500000000000006 0.055000000000000007 6.0499999999999554
decision_type=2 2 2 2 2 8 2 2 2 2 2 2 2 2 2 2 2 2 2 2 2 2 2 2 2 2 2 2 2 2
left_child=1 -1 5 4 -4 6 7 11 28 10 -10 27 14 18 17 -5 -17 20 26 29 -13 -18 23 -11 25 -15 -7 -2 -8 -20
right_child=2 -3 3 15 -6 13 8 -9 9 22 -12 12 -14 24 -16 16 21 -19 19 -21 -22 -23 -24 -25 -26 -27 -28 -29 -30 -31
leaf_value=0.00064631027801078744 -2.9376376050469628e-05 0 0 -1.0102455983685917e-05 0.00069813786941593653 5.6306047643794535e-05 0 0.00023521061281846619 0.00023474803252611313 0 0 0 0 0 0 0 0 0 -4.5238048676036193e-05 0 0.00017305548676412058 0.00017991101050532571 -2.3778739403949528e-05 5.7799326206841954e-05 0 9.8235243846883194e-05 0 0 -3.7587736461009775e-05 0
leaf_weight=79 220 113 54 151 52 51 95 89 61 63 77 60 116 53 52 160 54 51 2648 79 115 55 465 97 52 50 51 98 1021 190
leaf_count=79 220 113 54 151 52 51 95 89 61 63 77 60 116 53 52 160 54 51 2648 79 115 55 465 97 52 50 51 98 1021 190
internal_value=1.07936e-06 0.000263557 -6.07615e-06 9.74198e-05 0.000359069 -1.62446e-05 2.95385e-06 4.63149e-05 -1.28858e-05 1.16992e-05 0.000118207 1.53936e-05 4.77587e-05 -3.40256e-05 8.17097e-05 1.88119e-05 5.35385e-05 0.000105103 -3.81275e-05 -4.08951e-05 0.000132867 0.00011469 -3.98172e-06 2.22878e-05 1.35491e-05 4.69045e-05 0 -9.05665e-06 -3.4166e-05 -4.31778e-05
internal_weight=6572 192 6380 526 106 5854 2680 801 1879 763 138 712 394 3174 278 420 269 226 3019 2917 175 109 625 160 155 103 102 318 1116 2838
internal_count=6572 192 6380 526 106 5854 2680 801 1879 763 138 712 394 3174 278 420 269 226 3019 2917 175 109 625 160 155 103 102 318 1116 2838
is_linear=0
shrinkage=0.05


Tree=11
num_leaves=31
num_cat=0
split_feature=134 119 98 134 136 131 65 104 119 104 84 56 34 106 100 84 133 6 66 37 25 80 7 54 93 76 24 114 15 129
split_gain=0.00491381 0.00753855 0.00230103 0.00323227 0.00433476 0.000788772 0.000681403 0.00069748 0.00183116 0.00233338 0.000659087 0.000335703 0.000344134 0.000333839 0.000272779 0.000240881 0.000245525 0.000138656 0.000121316 9.17779e-05 6.91173e-05 6.28944e-05 5.71485e-05 5.03489e-05 0.000198769 5.07334e-05 4.93213e-05 4.26017e-05 2.85848e-05 1.99458e-05
threshold=3.7100000000000004 8.5500000000000025 8.5000000000000036 7.5650000000000004 0.53000000000000014 104.27425305936325 16.650000000000002 18.850000000000005 3.6500000000000008 22.850000000000005 1.8500000000000005 -5.2832493999999874 0.13983047392451808 38.850000000000001 -5.599999999999965 2.6500000000000008 23.815000000000001 0.021015972222222224 32.725000000000009 1.2500000000000002 5.5000000000000009 38.737500000000004 0.21100000000000002 0.19500000000000003 266.27985920000009 2.7500000000000004 66.15000000000002 23.650000000000002 0.0054489583333333343 1.5000000000000002
decision_type=2 10 2 2 2 2 2 2 10 2 2 2 2 2 2 2 2 2 2 2 2 2 2 2 2 2 2 10 2 2
left_child=1 10 5 4 -4 6 20 11 9 -9 -1 29 13 23 27 -5 -17 19 -18 21 -2 26 -22 25 -25 -13 28 -7 -16 -8
right_child=2 -3 3 15 -6 14 7 8 -10 -11 -12 12 -14 -15 17 16 18 -19 -20 -21 22 -23 -24 24 -26 -27 -28 -29 -30 -31
leaf_value=-4.0621074933109674e-05 0 0.00076334453044285707 0 -9.6006562211857109e-06 0.0006638895898765252 3.7937384935921232e-05 0 0.00050144419595828658 0 0 0.00014860805173157134 -2.3873762374334642e-05 0.00012456170026901723 9.8520546338848916e-05 -4.4048786912652941e-05 0 0 0 0.0001710760961381449 0 -4.3546517911073314e-05 0 0 9.6416605229023846e-05 0 0 0 0 0 -2.8201738531991035e-05
leaf_weight=69 75 52 54 151 52 73 69 51 177 67 71 303 89 92 2526 160 54 180 55 96 587 60 55 61 108 285 60 352 82 406
leaf_count=69 75 52 54 151 52 73 69 51 177 67 71 303 89 92 2526 160 54 180 55 96 587 60 55 61 108 285 60 352 82 406
internal_value=1.16616e-06 0.000250329 -5.58665e-06 9.31814e-05 0.000342105 -1.53296e-05 4.75039e-06 2.36872e-05 9.48657e-05 0.000246688 2.02575e-05 5.23424e-06 2.53655e-05 8.95015e-06 -3.09852e-05 1.78179e-05 5.17061e-05 -3.63704e-05 0.000110193 -3.91126e-05 -3.33664e-05 -4.08374e-05 -3.88832e-05 0 2.16168e-05 -8.87885e-06 -4.20011e-05 0 -4.3034e-05 -2.39852e-05
internal_weight=6572 192 6380 526 106 5854 2425 1708 295 118 140 1413 938 849 3429 420 269 3004 109 2824 717 2728 642 757 169 588 2668 425 2608 475
internal_count=6572 192 6380 526 106 5854 2425 1708 295 118 140 1413 938 849 3429 420 269 3004 109 2824 717 2728 642 757 169 588 2668 425 2608 475
is_linear=0
shrinkage=0.05


Tree=12
num_leaves=31
num_cat=0
split_feature=131 98 73 133 138 110 39 101 99 75 11 139 129 128 77 90 128 91 118 19 119 50 77 116 100 15 0 136 16 107
split_gain=0.00444302 0.0146734 0.00167563 0.00156205 0.00428832 0.00177243 0.00134929 0.000332073 0.000319404 0.00029184 0.000238341 0.000173793 0.000148289 0.000169659 0.000135071 0.000119457 0.000207995 0.000257302 0.00011641 0.000114775 4.97497e-05 3.82646e-05 3.62568e-05 3.24215e-05 2.34589e-05 2.29123e-05 2.10953e-05 2.08744e-05 1.60962e-05 2.67742e-05
threshold=34.954889260841185 5.1499999999999995 36.050000000000004 23.815000000000001 4.745000000000001 29.950000000000003 1.0000000180025095e-35 -4.4418589999999929 -3.1499999999999768 18.950000000000003 0.0039022506805555554 89.965799758147398 6.5000000000000009 9.478801397250173 291.85012145000002 26.406122448979595 9.5356433201801512 29.200000000000006 4.4500000000000011 -0.020031428571428568 6.5500000000000007 995.35000000000002 292.05541530000005 273.07887025000008 -5.1999999999999877 7.1875000000000012e-05 0.090750000000000011 3.9100000000000006 0.85000000000000009 16.250000000000004
decision_type=2 2 2 2 2 10 2 2 2 2 2 2 2 2 2 2 2 2 8 2 8 2 2 10 2 2 2 2 2 2
left_child=1 6 7 15 5 -5 10 12 9 -6 24 14 20 -14 18 25 17 -17 -9 -20 -2 -21 -18 -13 -1 -4 -22 -23 -10 -30
right_child=2 -3 3 4 8 -7 -8 11 28 -11 -12 23 13 -15 -16 16 22 -19 19 21 26 27 -24 -25 -26 -27 -28 -29 29 -31
leaf_value=0 0 0.00068576621385257105 0 0.00062922912080573632 0 7.1923536761790853e-05 0.00020291707780752742 0 -4.7785968118968019e-06 0.00016413605934483227 4.2958333966697549e-05 3.2031188223104263e-05 0 0.00010126605019386739 0 0.0001298230222442619 -2.1898750227938336e-05 0 0 0 -2.5509311524335834e-05 -3.9750316252002143e-05 0 0 -4.5587935645986974e-05 -3.8183421703794887e-05 0 0 0 3.88982470432703e-05
leaf_weight=52 187 99 51 50 61 54 80 70 253 68 66 78 76 75 52 67 225 56 55 52 295 3453 97 71 299 262 57 81 64 66
leaf_count=52 187 99 51 50 61 54 80 70 253 68 66 78 76 75 52 67 225 56 55 52 295 3453 97 71 299 262 57 81 64 66
internal_value=1.25147e-06 0.000131978 -1.09695e-05 3.59679e-05 9.57428e-05 0.000390919 1.04701e-05 -2.60744e-05 2.53934e-05 9.32039e-05 -1.48856e-05 -3.18107e-05 0 4.83422e-05 -3.41674e-05 -6.08367e-06 1.12688e-06 6.36787e-05 -3.57034e-05 -3.71368e-05 -5.35793e-06 -3.84744e-05 -7.41045e-06 0 -4.00579e-05 -3.22296e-05 -1.9906e-05 -3.9104e-05 0 1.62143e-05
internal_weight=6572 596 5976 1374 616 104 497 4602 512 129 417 3912 690 151 3763 758 445 123 3711 3641 539 3586 322 149 351 313 352 3534 383 130
internal_count=6572 596 5976 1374 616 104 497 4602 512 129 417 3912 690 151 3763 758 445 123 3711 3641 539 3586 322 149 351 313 352 3534 383 130
is_linear=0
shrinkage=0.05


Tree=13
num_leaves=31
num_cat=0
split_feature=126 16 134 134 84 49 92 85 73 141 31 137 68 17 77 6 118 122 128 120 115 34 107 85 138 50 49 138 59 82
split_gain=0.00413938 0.00689558 0.0018366 0.00256866 0.00157457 0.00280404 0.00251761 0.00294257 0.000873336 0.000995127 0.000592861 0.000859348 0.000259392 0.000168297 0.00013344 0.000124095 0.000118173 0.000106423 0.000102496 0.00012867 0.000149474 6.5072e-05 6.20539e-05 5.27138e-05 0.000119657 4.45916e-05 3.88735e-05 3.635e-05 4.48527e-05 4.75819e-05
threshold=3.5000000000000004 1.0750000000000004 6.4500000000000011 6.3200000000000012 0.65000000000000024 966.1500000000002 19.850000000000005 265.98534310000008 35.750000000000007 34.050000000000004 30.850000000000005 2.4750000000000005 1.5500000000000003 0.23595000000000002 291.85012145000002 0.0051986111111111122 4.4500000000000011 17.500000000000004 9.5356433201801512 267.83623580000005 18.850000000000005 -0.023301619427383683 25.150000000000002 273.13648740000002 6.995000000000001 1022.85 956.85000000000002 12.750000000000002 13.022800000000002 21.986000000000008
decision_type=2 2 2 2 2 2 2 2 2 2 2 2 2 2 2 2 8 2 2 10 10 2 2 2 2 2 2 2 2 2
left_child=1 -1 3 4 15 27 7 -7 12 18 -11 23 13 14 16 -2 -4 -14 19 20 -10 -15 26 24 -12 -17 -20 28 29 -6
right_child=2 -3 8 -5 5 6 -8 -9 9 10 11 -13 17 21 -16 25 -18 -19 22 -21 -22 -23 -24 -25 -26 -27 -28 -29 -30 -31
leaf_value=0 -4.4576133174056989e-05 0.00073484591184430495 0 0.00038100544169871386 0 0 0 0.00052653420084395328 0.00011347513489194431 0 0.00010834096976936595 0.00033743481188963111 0 0 0 3.5505130280271949e-05 -3.6427953395181706e-05 5.9132887557258499e-05 0 0 0 5.5932661347854335e-05 0 0 0 -1.4838883852698251e-05 -3.3588182090013678e-05 3.2201024981319882e-05 0 -3.90667238361857e-05
leaf_weight=61 346 50 63 59 66 58 71 90 55 173 73 52 117 73 51 78 3620 84 69 104 57 51 141 54 54 53 466 74 50 159
leaf_count=61 346 50 63 59 66 58 71 90 55 173 73 52 117 73 51 78 3620 84 69 104 57 51 141 54 54 53 466 74 50 159
internal_value=1.40154e-06 0.000303271 -3.05694e-06 5.46417e-05 3.10886e-05 8.96011e-05 0.000229409 0.000346335 -1.58889e-05 1.75051e-05 8.35609e-05 0.000135936 -2.7801e-05 -3.11949e-05 -3.34377e-05 -2.8168e-05 -3.49873e-05 1.24207e-05 -7.0214e-06 1.08891e-05 5.54471e-05 0 -2.01375e-05 4.90385e-05 6.66997e-05 0 -2.83129e-05 0 -6.89123e-06 -2.35405e-05
internal_weight=6572 111 6461 1104 1045 568 219 148 5357 1298 406 233 4059 3858 3734 477 3683 201 892 216 112 124 676 181 127 131 535 349 275 225
internal_count=6572 111 6461 1104 1045 568 219 148 5357 1298 406 233 4059 3858 3734 477 3683 201 892 216 112 124 676 181 127 131 535 349 275 225
is_linear=0
shrinkage=0.05


Tree=14
num_leaves=31
num_cat=0
split_feature=66 62 133 49 133 137 85 103 129 2 84 103 43 21 31 122 30 19 93 85 104 59 113 140 100 15 100 24 87 112
split_gain=0.00388991 0.0103287 0.00159792 0.00186924 0.00111171 0.0006405 0.000630091 0.000789122 0.000564039 0.00173149 0.000263632 0.000247762 0.000440592 0.000195495 0.000180191 0.000136852 0.000112409 8.23699e-05 7.94403e-05 7.75706e-05 0.000250338 7.28394e-05 0.000107903 9.6142e-05 7.7755e-05 6.23007e-05 5.57456e-05 4.26826e-05 3.79142e-05 3.04557e-05
threshold=36.125000000000007 33.650000000000013 88.200000000000003 983.05000000000007 26.395000000000007 0.26500000000000007 273.03363755000004 825.10000000000002 5.5000000000000009 0.0059917800000000012 3.2500000000000013 1254.5500000000002 0.35050000000000003 0.22222222222222224 29.250000000000004 17.500000000000004 -1.4599999999999993 -0.0099971428571428572 262.38379520000007 266.46373065000006 12.750000000000002 10.328250000000002 0.15000000000000005 34.840000000000011 -4.099999999999965 0.0054489583333333343 6.2500000000000009 57.300000000000004 4.5000000000000009 292.1088661500001
decision_type=2 2 2 2 2 2 2 2 2 2 2 2 2 2 2 2 2 2 2 2 2 2 10 2 2 2 2 2 2 10
left_child=2 -2 6 -4 28 -6 7 -1 10 11 17 12 -10 -13 26 18 -16 -9 -15 -17 -21 27 23 -23 -25 -20 -8 -12 29 -3
right_child=1 4 3 -5 5 -7 14 8 9 -11 21 13 -14 15 16 19 -18 -19 25 20 -22 22 -24 24 -26 -27 -28 -29 -30 -31
leaf_value=0.00014573173542129135 0.00080476264117840832 -2.5184121572861581e-05 0.00038331392004726118 0 0 0.00021699412444929693 -4.0852829631073104e-05 0 0.00014271776067419393 0.000255056698836081 -2.1359049956741977e-05 7.6920904271231085e-05 0 0 -1.0793246880963963e-05 0 6.6567935951146259e-05 -3.5759908303201405e-05 -3.6919116116027523e-05 0 0.00012768828284963235 0 0 0.00012573524671771101 0 0 0 0 2.0472174212293547e-05 0
leaf_weight=88 51 174 54 52 50 120 1988 75 83 73 305 56 79 95 129 107 59 1462 621 87 50 64 139 53 50 63 65 88 142 50
leaf_count=88 51 174 54 52 50 120 1988 75 83 73 305 56 79 95 129 107 59 1462 621 87 50 64 139 53 50 63 65 88 142 50
internal_value=1.54352e-06 0.000124899 -9.73861e-06 0.000178468 4.95219e-05 0.000154772 -1.40121e-05 0 -4.82429e-06 1.92424e-05 -2.12046e-05 1.15099e-06 6.11476e-05 -3.27549e-06 -3.48932e-05 -1.26192e-05 0 -3.29017e-05 -2.5152e-05 6.92469e-06 3.86056e-05 0 2.20456e-05 4.99382e-05 7.96216e-05 -3.1785e-05 -3.93483e-05 -9.13705e-06 0 -1.24459e-05
internal_weight=6572 587 5985 106 536 170 5879 3638 3550 1314 2236 1241 162 1079 2241 1023 188 1537 779 244 137 699 306 167 103 684 2053 393 366 224
internal_count=6572 587 5985 106 536 170 5879 3638 3550 1314 2236 1241 162 1079 2241 1023 188 1537 779 244 137 699 306 167 103 684 2053 393 366 224
is_linear=0
shrinkage=0.05


Tree=15
num_leaves=31
num_cat=0
split_feature=2 98 142 133 120 22 115 106 140 137 109 44 3 112 11 126 3 103 102 69 109 119 13 80 90 116 97 141 116 49
split_gain=0.0105778 0.00178867 0.0021481 0.00183551 0.00302946 0.00106999 0.0034686 0.000831827 0.000579521 0.00106239 0.000312382 0.000222412 0.000228511 0.00085127 0.000151506 0.000134311 0.000129393 0.000102226 8.84485e-05 0.000108662 0.000135935 7.73922e-05 6.80108e-05 6.26957e-05 2.84602e-05 4.69017e-05 2.53973e-05 2.37024e-05 2.1999e-05 1.90791e-05
threshold=0.048280649000000009 15.450000000000003 331.33182725521624 87.815000000000012 275.73102945000005 1.0000000180025095e-35 7.5500000000000007 36.550000000000004 24.140000000000004 0.41500000000000009 0.15000000000000005 1622.5000000000002 0.00024942250000000007 278.60701405000003 0.0028712009375000003 82.500000000000014 0.1292758105 1578.3500000000006 -0.79999999999999927 285.99797690000008 0.35000000000000003 6.4500000000000011 0.0027519362083333336 38.337500000000013 24.745918367346942 265.78311605000005 1.2500000000000002 37.515000000000008 268.42003340000002 963.35000000000002
decision_type=2 2 2 2 10 2 8 2 2 2 2 2 2 10 2 2 2 2 2 2 2 8 2 2 2 10 2 2 8 2
left_child=1 3 -3 5 -5 6 -1 10 16 -10 11 14 13 -13 23 24 29 -11 19 20 -12 -22 27 -7 25 -16 -27 -14 -20 -9
right_child=-2 2 -4 4 -6 7 -8 8 9 17 18 12 22 -15 15 -17 -18 -19 28 -21 21 -23 -24 -25 -26 26 -28 -29 -30 -31
leaf_value=0.00045863771447900446 0.00071531520402494126 0 0.00041246301623463653 0 0.00047956801590272319 -3.686288998955864e-05 0 0 0 0.00030579266212985289 0 0 -3.0821451644572268e-05 0.00022067866377358959 0 -3.0609704450575216e-05 7.4976892915312377e-05 1.7815727307392719e-05 0 0 9.6535547564345248e-05 0 0 0 0 4.1115230908237784e-05 0 0 -1.4183365981905029e-05 -1.973107395122514e-05
leaf_weight=50 51 96 56 94 50 3036 142 50 87 56 65 112 365 52 66 380 50 50 197 94 110 50 67 66 285 151 60 59 279 216
leaf_count=50 51 96 56 94 50 3036 142 50 87 56 65 112 365 52 66 380 50 50 197 94 110 50 67 66 285 151 60 59 279 216
internal_value=4.98753e-06 0 0.000168168 -4.77803e-06 0.000169291 -9.65782e-06 0.00010322 -1.41175e-05 4.39666e-05 0.000112026 -2.04157e-05 -2.55227e-05 0 5.23898e-05 -2.99057e-05 -5.2765e-06 0 0.000218119 3.48295e-06 2.67773e-05 4.7088e-05 7.2272e-05 -1.55131e-05 -3.57695e-05 2.99566e-06 1.65563e-05 3.02082e-05 -2.60511e-05 -1.66943e-06 -1.17374e-05
internal_weight=6542 6491 152 6339 144 6195 192 6003 509 193 5494 4699 655 164 4044 942 316 106 795 319 225 160 491 3102 562 277 211 424 476 266
internal_count=6542 6491 152 6339 144 6195 192 6003 509 193 5494 4699 655 164 4044 942 316 106 795 319 225 160 491 3102 562 277 211 424 476 266
is_linear=0
shrinkage=0.05


Tree=16
num_leaves=31
num_cat=0
split_feature=2 131 2 11 36 59 61 93 30 77 92 84 115 140 50 6 104 115 76 99 94 136 111 75 134 119 116 101 123 43
split_gain=0.0095622 0.00182786 0.00216809 0.00196181 0.00375184 0.000757081 0.00196552 0.000475809 0.000584352 0.000997042 0.00172686 0.000461189 0.000262817 0.000363956 0.00022874 0.00015598 8.5607e-05 6.72141e-05 6.25365e-05 5.62338e-05 5.68003e-05 4.15415e-05 4.07838e-05 3.5904e-05 6.40337e-05 3.48716e-05 3.57946e-05 3.26571e-05 2.9432e-05 2.79415e-05
threshold=0.048280649000000009 49.908423753454493 0.0040711290000000006 0.0039022506805555554 268.64856795000009 11.272000000000002 317.10000000000008 266.14211465000011 -1.5385714285714258 267.95202830000011 9.6500000000000039 2.2500000000000004 11.550000000000002 47.610000000000007 1005.35 0.027309027777777779 24.050000000000004 10.550000000000002 1.0000000180025095e-35 -3.7499999999999996 6.5000000000000009 3.9100000000000006 20.350000000000005 15.65 9.9600000000000026 1.4500000000000002 295.46011055000002 13.867989750000023 0.12940952255126045 0.34350000000000008
decision_type=2 2 2 2 2 2 2 2 2 2 2 2 10 2 2 2 2 10 2 2 2 2 10 2 2 8 10 2 2 2
left_child=1 2 3 7 -5 14 -7 8 -1 -10 -11 -8 13 -13 19 21 -9 -17 22 -3 23 25 29 -21 -25 -16 27 -27 -12 -14
right_child=-2 5 -4 4 -6 6 11 16 9 10 28 12 18 -15 15 17 -18 -19 -20 20 -22 -23 -24 24 -26 26 -28 -29 -30 -31
leaf_value=0 0.00068023724606833778 3.6953521162382567e-05 0.00033561979443766181 0 0.00049234299095132891 0.00028017177703130048 -3.0082132698779822e-05 -4.3406505427643949e-05 0 0.00037593103234485176 3.798350731741783e-05 0.00018482010403672713 6.1866425048197275e-05 0 0 0 0 5.2484994804053411e-05 0 0 -2.1010113860036126e-05 0 0 4.9984429245523641e-05 0 -3.4187279306138964e-05 0 0 0 0
leaf_weight=273 51 97 69 70 63 68 508 337 103 63 50 65 86 73 75 55 53 60 227 152 336 89 66 99 58 3064 57 55 52 68
leaf_count=273 51 97 69 70 63 68 508 337 103 63 50 65 86 73 75 55 53 60 227 152 336 89 66 99 58 3064 57 55 52 68
internal_value=4.88406e-06 0 5.71331e-05 3.40803e-05 0.000213955 -1.27272e-05 2.0794e-05 2.81707e-06 3.7792e-05 9.11509e-05 0.000168759 0 3.4373e-05 9.83522e-05 -2.31938e-05 -2.86167e-05 -3.28842e-05 0 3.28485e-06 0 -3.23472e-06 -3.10454e-05 2.70056e-05 0 2.38349e-05 -3.19708e-05 -3.27674e-05 -3.34963e-05 0 4.12025e-05
internal_weight=6542 6491 1133 1064 133 5358 1161 931 541 268 165 1093 585 138 4197 3455 390 115 447 742 645 3340 220 309 157 3251 3176 3119 102 154
internal_count=6542 6491 1133 1064 133 5358 1161 931 541 268 165 1093 585 138 4197 3455 390 115 447 742 645 3340 220 309 157 3251 3176 3119 102 154
is_linear=0
shrinkage=0.05


Tree=17
num_leaves=31
num_cat=0
split_feature=2 131 34 134 74 133 120 72 61 140 100 142 101 118 128 128 120 69 131 97 50 79 7 34 49 99 118 114 19 137
split_gain=0.00864539 0.00164369 0.00344362 0.00625968 0.00190969 0.0017943 0.00248386 0.000682555 0.0017163 0.000283006 0.000413479 0.000448576 0.000262392 0.000118354 9.19855e-05 7.99391e-05 0.000165441 7.00812e-05 5.71542e-05 0.00011975 5.69899e-05 5.49381e-05 5.04623e-05 3.14857e-05 2.82033e-05 2.04504e-05 1.9117e-05 1.60788e-05 1.42656e-05 8.95153e-06
threshold=0.048280649000000009 49.908423753454493 -0.98899013218167997 5.3250000000000011 37.092857142857156 87.815000000000012 275.73102945000005 31.225000000000005 317.10000000000008 33.835000000000001 -0.54999999999995441 553.02400293402422 -3.9944553000000265 14.450000000000001 9.5242581603116321 9.478801397250173 288.33147760000003 292.11176450000011 102.00208775980865 -4.1999999999999966 995.05000000000007 1.5000000000000002 0.040350000000000004 -0.98765343129734928 961.35000000000002 3.9000000000000346 33.150000000000013 6.8500000000000005 -3.8571428571427147e-05 0.16500000000000004
decision_type=2 2 2 2 2 2 10 2 2 2 2 2 2 8 2 2 8 2 2 2 2 2 2 2 2 2 10 10 2 2
left_child=1 2 3 -1 5 13 -7 12 -9 21 11 -11 18 -4 15 23 22 20 19 -3 -16 25 -17 -14 -20 -10 -22 -15 -26 -13
right_child=-2 7 4 -5 -6 6 -8 8 9 10 -12 29 14 27 17 16 -18 -19 24 -21 26 -23 -24 -25 28 -27 -28 -29 -30 -31
leaf_value=0 0.00064687945349130771 8.5733757325215262e-05 0 0.00067973809859368144 0.0002848195515333727 0 0.00044530780219550559 0.00029200453368373149 -2.7879882183233577e-05 0.00017456205425832609 -4.1152340619903177e-06 0 0 0 0 0 0 0 0 0 -3.4176750150727444e-05 0 0.00010755584128603984 -2.7482739102824684e-05 -1.9629283736298848e-05 0 0 -4.7324246286490696e-05 0 1.6322207941682008e-05
leaf_weight=66 51 59 330 58 62 77 50 55 358 90 100 67 53 81 56 55 75 100 88 194 2774 279 51 286 278 52 140 409 65 83
leaf_count=66 51 59 330 58 62 77 50 55 358 90 100 67 53 81 56 55 75 100 88 194 2774 279 51 286 278 52 140 409 65 83
internal_value=4.72512e-06 0 5.42614e-05 0.00030478 1.82523e-05 0 0.000174634 -1.19899e-05 2.1181e-05 1.58166e-06 4.26235e-05 8.27811e-05 -2.15754e-05 -2.66284e-05 -2.71443e-05 0 1.84258e-05 -3.06016e-05 3.5089e-07 2.36144e-05 -3.20461e-05 -1.14572e-05 6.66553e-05 -2.01507e-05 -1.75394e-06 -2.35489e-05 -3.30992e-05 -4.22877e-05 -1.44509e-05 0
internal_weight=6542 6491 1133 124 1009 947 127 5358 1084 1029 340 240 4274 820 3590 520 181 3070 684 253 2970 689 106 339 431 410 2914 490 343 150
internal_count=6542 6491 1133 124 1009 947 127 5358 1084 1029 340 240 4274 820 3590 520 181 3070 684 253 2970 689 106 339 431 410 2914 490 343 150
is_linear=0
shrinkage=0.05


Tree=18
num_leaves=31
num_cat=0
split_feature=2 138 98 133 133 50 80 24 155 77 132 66 140 137 94 19 14 30 116 50 33 24 77 104 138 75 118 39 4 29
split_gain=0.00781605 0.00153043 0.00313647 0.00544898 0.00102747 0.000921381 0.000679871 0.00166586 0.000401229 0.000176677 0.000163738 9.54884e-05 0.000193044 0.000170936 0.00011877 9.0532e-05 7.0149e-05 6.68488e-05 7.16187e-05 0.000146709 0.000153385 4.63494e-05 3.36419e-05 3.39074e-05 3.23687e-05 2.8653e-05 2.0608e-05 1.68579e-05 1.74531e-05 1.60409e-05
threshold=0.048280649000000009 4.7550000000000008 8.5000000000000036 36.980000000000011 87.815000000000012 1027.5500000000002 30.887500000000003 46.850000000000001 0.065333333333333354 272.86359930000009 3.5000000000000004 34.475000000000009 33.835000000000001 0.18000000000000002 7.5000000000000009 -0.012812857142857141 0.021256709500000002 -2.2971428571428558 265.78311605000005 1002.85 -0.039019802186988521 66.15000000000002 268.51746565000002 15.050000000000002 4.4600000000000009 18.450000000000003 10.450000000000001 0.10500000000000002 0.018681965500000005 46.650000000000013
decision_type=2 2 2 2 2 2 2 2 2 2 2 2 2 2 2 2 2 2 10 2 2 2 2 2 2 2 10 2 2 2
left_child=1 2 5 -4 8 6 9 -8 21 15 -9 14 -13 -14 17 -1 -16 25 -19 -20 -21 27 -17 -24 29 -10 -12 28 -3 -11
right_child=-2 4 3 -5 -6 -7 7 10 11 24 26 12 13 -15 16 22 -18 18 19 20 -22 -23 23 -25 -26 -27 -28 -29 -30 -31
leaf_value=6.5973471084467184e-05 0.00061515745415817956 -3.2266719770073051e-05 0 0.00058906285022638496 0.00015078334208018811 0.00021088298884717655 0.00027656928409202454 7.8548899043446658e-05 -2.0339344059307638e-05 -4.3722141264269589e-05 0 0 0 0.00010754270260344799 -2.9626562501799287e-05 -2.0354590593452204e-05 0 0 0 0.00011204846278762969 0 0 0 3.5050393177527067e-05 0 0 -1.5441487071641151e-05 0 0 0
leaf_weight=51 51 2715 91 68 85 58 73 65 197 409 51 232 65 94 587 202 118 81 246 86 50 56 154 68 70 52 224 113 73 57
leaf_count=51 51 2715 91 68 85 58 73 65 197 409 51 232 65 94 587 202 118 81 246 86 50 56 154 68 70 52 224 113 73 57
internal_value=4.58652e-06 0 4.14157e-05 0.000253971 -1.44265e-05 1.50837e-05 3.4576e-06 6.01058e-05 -1.84537e-05 -1.47794e-05 0 0 2.19441e-05 6.47773e-05 -5.93548e-06 0 -2.19688e-05 2.93612e-06 1.87423e-05 2.98839e-05 7.19291e-05 -2.97958e-05 0 0 -3.51306e-05 -6.41186e-06 -2.77734e-06 -3.07385e-05 -3.1595e-05 -3.99052e-05
internal_weight=6542 6491 1641 159 4850 1482 1424 413 4765 1011 340 1808 391 159 1417 475 705 712 463 382 136 2957 424 222 536 249 275 2901 2788 466
internal_count=6542 6491 1641 159 4850 1482 1424 413 4765 1011 340 1808 391 159 1417 475 705 712 463 382 136 2957 424 222 536 249 275 2901 2788 466
is_linear=0
shrinkage=0.05


Tree=19
num_leaves=31
num_cat=0
split_feature=2 138 59 103 22 133 85 132 84 93 85 92 45 85 49 41 34 24 67 69 33 123 28 2 100 100 117 141 2 96
split_gain=0.00706533 0.00139368 0.00206381 0.00541306 0.0019359 0.000930768 0.000783946 0.00127924 0.00037031 0.000222421 0.000265875 0.000546593 0.000162501 0.000153085 0.000108018 0.000138564 7.94448e-05 4.31835e-05 3.57218e-05 3.45819e-05 9.3228e-05 0.000232999 5.86312e-05 3.1183e-05 2.63711e-05 2.32978e-05 2.04078e-05 1.95341e-05 1.51235e-05 1.20587e-05
threshold=0.048280649000000009 4.7550000000000008 11.935350000000001 1283.0000000000002 1.0000000180025095e-35 87.815000000000012 266.16094695000004 4.5000000000000009 1.6500000000000006 264.5304638500001 266.16094695000004 10.250000000000002 96.500000000000014 271.13774825000002 977.25000000000011 40.500000000000007 0.27669122796584494 66.15000000000002 19.250000000000004 285.99797690000008 -0.94266135075280166 -0.25881904510252113 19.750000000000004 0.00038067000000000005 -6.9500000000000446 -5.2499999999999991 0.15000000000000005 38.620000000000012 0.017940864000000004 30.637500000000006
decision_type=2 2 2 2 2 2 2 2 2 2 2 2 2 2 2 2 2 2 2 2 2 2 2 2 2 2 10 2 2 2
left_child=1 2 4 -4 -1 8 -5 -8 17 10 -6 -12 13 16 15 25 -11 26 23 20 29 -22 -21 -16 -24 -10 28 -14 -3 -17
right_child=-2 5 3 6 9 -7 7 -9 14 12 11 -13 27 -15 18 19 -18 -19 -20 22 21 -23 24 -25 -26 -27 -28 -29 -30 -31
leaf_value=0.00027819504802570767 0.00058499110189866494 -3.03413880502302e-05 0.00063421286867963451 -1.275818801537575e-06 0 0.00014333183780044511 0.00028745358537569601 0 9.816794383012023e-05 0 0.00019557990586351588 0 -3.7786075104497485e-05 -1.1337488134297777e-05 -3.0777148602184655e-05 0 0.00010436444597229744 0 0 0 8.9257398818468528e-05 0 0 0 -2.8126145140843485e-05 0 0 0 0 -1.2870184132275376e-05
leaf_weight=62 51 2807 50 154 182 85 70 76 50 50 58 74 560 200 369 143 50 56 102 141 110 249 60 51 290 50 50 55 56 181
leaf_count=62 51 2807 50 154 182 85 70 76 50 50 58 74 560 200 369 143 50 56 102 141 110 249 60 51 290 50 50 55 56 181
internal_value=4.48862e-06 0 3.96533e-05 0.000148015 6.31376e-06 -1.36387e-05 4.8533e-05 0.000134736 -1.75173e-05 -3.55196e-06 2.67658e-05 8.18193e-05 -1.94325e-05 0 0 8.25242e-06 5.94427e-05 -2.83571e-05 -1.87167e-05 0 1.0026e-05 2.89552e-05 -5.99772e-06 -2.54423e-05 -2.16339e-05 6.54943e-05 -2.92682e-05 -3.49432e-05 -2.98228e-05 0
internal_weight=6542 6491 1641 350 1291 4850 300 146 4765 1229 314 132 915 300 1796 1274 100 2969 522 1174 683 359 491 420 350 100 2913 615 2863 324
internal_count=6542 6491 1641 350 1291 4850 300 146 4765 1229 314 132 915 300 1796 1274 100 2969 522 1174 683 359 491 420 350 100 2913 615 2863 324
is_linear=0
shrinkage=0.05


Tree=20
num_leaves=31
num_cat=0
split_feature=98 134 134 0 150 49 49 100 120 90 95 95 19 21 44 141 89 101 93 18 101 24 129 47 77 10 24 120 117 119
split_gain=0.00313116 0.00410947 0.00102154 0.00389447 0.00100102 0.0021717 0.000398223 0.000218395 0.000215872 0.000374022 0.000192664 0.000331158 0.000176033 0.00016741 0.000151432 0.000264964 0.000187485 0.000110359 0.00010313 7.98217e-05 5.80753e-05 5.423e-05 4.77521e-05 3.45264e-05 3.10483e-05 2.74582e-05 2.73875e-05 2.66156e-05 2.58878e-05 1.83844e-05
threshold=16.950000000000006 9.0050000000000008 6.4500000000000011 0.043900000000000008 0.13571428571428576 965.55000000000007 977.25000000000011 -6.2499999999999991 283.97192885000004 21.690816326530616 1.5000000000000002 5.5000000000000009 -0.016147142857142849 0.31250000000000006 987.50000000000011 31.185000000000006 37.95000000000001 -5.9218403999999785 264.42113515000005 0.00023541666666666671 -6.3248157000000154 47.750000000000007 6.5000000000000009 80.500000000000014 292.05541530000005 40.760000000000012 66.15000000000002 277.62977845000006 0.65000000000000002 2.8500000000000001
decision_type=2 2 2 2 2 2 2 2 10 2 2 2 2 2 2 2 2 2 2 2 2 2 2 2 2 2 2 10 10 8
left_child=2 -2 3 4 10 -6 7 14 17 -10 13 -12 -8 -1 -4 -16 -17 22 -14 -19 -20 23 -9 -15 26 27 -22 28 29 -21
right_child=1 -3 6 -5 5 -7 12 8 9 -11 11 -13 18 21 15 16 -18 19 20 25 24 -23 -24 -25 -26 -27 -28 -29 -30 -31
leaf_value=0 0.00058850707621716609 0 0 0.00038845926631887176 0 0.00029452112511353337 1.8907926165742203e-05 0 0 0.0001572070836825659 0.00012961604019609403 0 0 -6.076729500079759e-05 0 0 0.00019423514985747817 0 0 0 -3.2599010204248827e-05 0 4.5885729652644808e-05 0 0 0 0 0 0 -3.2576925640040312e-05
leaf_weight=117 51 72 88 74 205 89 87 392 62 52 52 59 160 341 130 64 53 86 81 83 2763 127 57 60 54 54 76 94 63 851
leaf_count=117 51 72 88 74 205 89 87 392 62 52 52 59 160 341 130 64 53 86 81 83 2763 127 57 60 54 54 76 94 63 851
internal_value=2.32726e-07 0.000249775 -3.77398e-06 3.84103e-05 8.63667e-06 8.97757e-05 -1.35765e-05 1.04002e-06 -3.39766e-06 5.7088e-05 -1.63893e-05 2.36269e-05 -2.47869e-05 -3.10416e-05 3.96251e-05 6.0447e-05 0.000115295 -1.0508e-05 -2.76004e-05 -1.92971e-05 -2.98231e-05 -4.43606e-05 2.46698e-06 -5.40999e-05 -3.10561e-05 -2.39678e-05 -3.17828e-05 -2.58016e-05 -2.81975e-05 -3.02967e-05
internal_weight=6597 123 6474 1124 1050 294 5350 2129 1794 114 756 111 3221 645 335 247 117 1680 3134 1231 2974 528 449 401 2893 1145 2839 1091 997 934
internal_count=6597 123 6474 1124 1050 294 5350 2129 1794 114 756 111 3221 645 335 247 117 1680 3134 1231 2974 528 449 401 2893 1145 2839 1091 997 934
is_linear=0
shrinkage=0.05


Tree=21
num_leaves=31
num_cat=0
split_feature=98 27 2 160 133 101 84 141 160 131 126 119 128 18 106 77 19 11 118 122 59 35 101 119 99 74 114 136 24 112
split_gain=0.00283053 0.00387274 0.00166988 0.00795476 0.00096466 0.00186349 0.000440262 0.000378739 0.000463753 0.000522802 0.000243578 0.00028873 0.000219368 0.000206995 0.00012629 0.000105608 7.49989e-05 7.39628e-05 4.97241e-05 3.70015e-05 2.55591e-05 3.60683e-05 2.36671e-05 2.2535e-05 2.00529e-05 1.95764e-05 1.63376e-05 1.44889e-05 1.31942e-05 8.41887e-06
threshold=16.950000000000006 1676.9000000000003 0.0059917800000000012 0.012220009955201595 87.815000000000012 -3.2115821000000149 2.350000000000001 37.625000000000007 0.30102040816326542 126.44258308347843 65.500000000000014 4.2500000000000009 9.478801397250173 0.081616666666666685 36.350000000000001 273.04709280000003 1.0000000180025095e-35 0.003034306194444445 5.1500000000000012 21.500000000000004 11.935350000000001 288.02050905000004 -14.293070999999996 22.650000000000002 -2.6499999999999768 22.592857142857149 19.450000000000003 0.015000000000000001 31.000000000000004 292.4416303000001
decision_type=2 2 2 2 2 2 2 2 2 2 2 8 2 2 2 2 2 2 8 2 2 2 2 10 2 2 10 2 2 10
left_child=2 -2 4 -4 6 -6 13 10 9 -9 14 -12 -5 18 16 -15 17 19 -1 26 -16 -22 -20 24 -24 -14 -8 -26 -29 -30
right_child=1 -3 3 12 5 -7 7 8 -10 -11 11 -13 25 15 20 -17 -18 -19 22 -21 21 -23 23 -25 27 -27 -28 28 29 -31
leaf_value=0 0.00057199997331504261 0 0.00053134835825206339 -9.7325930366744563e-05 0.00035805711397723136 0 0 0.00020831838945704927 0 0 0.00012412325311945299 0 2.8801185268957078e-05 7.1885998861205276e-05 0 0 0 0 0 0 5.3118283047520537e-05 0 0 0 0 0 -3.8088455237275392e-05 0 -2.969717922402078e-05 0
leaf_weight=91 50 73 82 67 50 96 74 78 122 81 71 140 58 63 153 50 137 145 58 61 56 104 51 100 64 115 721 85 3449 52
leaf_count=91 50 73 82 67 50 96 74 78 122 81 71 140 58 63 153 50 137 145 58 61 56 104 51 100 64 115 721 85 3449 52
internal_value=4.15158e-07 0.000237672 -3.35632e-06 0.00010619 -9.919e-06 0.000113081 -1.37597e-05 3.67866e-06 5.84049e-05 0.000115145 -2.59703e-06 4.27504e-05 -1.99271e-05 -2.33282e-05 -1.26597e-05 2.41898e-05 -2.18076e-05 -2.69762e-05 -2.59589e-05 -3.26589e-05 4.63984e-06 2.09492e-05 -2.68692e-05 -2.73593e-05 -2.79994e-05 0 -3.55605e-05 -2.84368e-05 -2.88648e-05 -2.93737e-05
internal_weight=6597 123 6474 322 6152 146 6006 1943 281 159 1662 211 240 4063 1451 113 1138 1001 3950 856 313 160 3859 3801 3701 173 795 3650 3586 3501
internal_count=6597 123 6474 322 6152 146 6006 1943 281 159 1662 211 240 4063 1451 113 1138 1001 3950 856 313 160 3859 3801 3701 173 795 3650 3586 3501
is_linear=0
shrinkage=0.05


Tree=22
num_leaves=31
num_cat=0
split_feature=98 131 2 98 39 102 50 140 13 80 119 30 39 140 137 133 35 32 128 141 138 89 115 24 133 128 116 102 93 50
split_gain=0.0025598 0.00366059 0.00148478 0.00735131 0.000919675 0.000627536 0.000365356 0.000481427 0.000316058 0.000293123 0.000274413 0.000544673 0.000203369 0.000202623 0.000374192 0.000184519 0.000154792 0.000108948 9.42878e-05 6.56409e-05 5.4865e-05 5.32103e-05 4.26937e-05 2.91433e-05 2.01722e-05 1.70631e-05 1.38521e-05 1.38403e-05 1.55516e-05 1.18236e-05
threshold=16.950000000000006 103.01877315531651 0.0059917800000000012 5.0499999999999998 1.0150000000000003 -1.9000000000000008 993.75000000000011 35.630000000000003 0.0029375659652777783 39.13750000000001 8.8500000000000032 -1.121428571428573 0.10500000000000002 19.470000000000002 0.74500000000000011 75.50500000000001 292.15317255000008 12.850000000000003 9.478801397250173 38.050000000000004 16.700000000000003 45.850000000000001 1.4500000000000002 66.15000000000002 4.415 9.4851651395396477 272.30201515000005 -4.7999999999999972 279.98454775000005 994.85000000000002
decision_type=2 2 2 2 2 2 2 2 2 2 8 2 2 2 2 2 2 2 2 2 2 2 8 2 2 2 10 2 2 2
left_child=2 -2 4 5 6 -4 7 25 9 12 11 -10 16 -11 -15 -14 20 18 -7 26 22 -12 -8 27 -23 -1 -18 -24 29 -29
right_child=1 -3 3 -5 -6 17 8 -9 10 13 21 -13 15 14 -16 -17 19 -19 -20 -21 -22 24 23 -25 -26 -27 -28 28 -30 -31
leaf_value=2.5526294077280904e-05 0.0005458365369458289 0 0.00015314077217996012 0.00065110742119548956 0.00016258042621065876 -0.00012485775917196986 0 0.00015512700146639723 0 0 -2.1306004828803765e-05 0.00019734075954017631 0 0 0.00017039739136331871 9.6739820871388315e-05 -1.4863599630519852e-05 0 0 4.9966086678278564e-05 0 3.6323324168803919e-05 0 0 0 -4.4736088088785837e-06 0 0 0 -3.2588501866781342e-05
leaf_weight=59 51 72 51 50 72 54 111 66 137 181 252 55 196 52 53 50 164 67 100 64 86 51 124 101 65 177 107 61 134 3734
leaf_count=59 51 72 51 50 72 54 111 66 137 181 252 55 196 52 53 50 164 67 100 64 86 51 124 101 65 177 107 61 134 3734
internal_value=5.06847e-07 0.00022614 -3.04204e-06 0.000100197 -9.27363e-06 0 -1.21574e-05 3.67287e-05 -1.55836e-05 -1.98696e-05 1.54038e-05 6.51481e-05 -2.32535e-05 2.09418e-05 7.72417e-05 8.04587e-06 -2.59648e-05 -3.96681e-05 -6.33322e-05 0 -2.85479e-05 0 -2.93865e-05 -3.02047e-05 1.24645e-05 0 -2.58859e-06 -3.08711e-05 -3.14945e-05 -3.22049e-05
internal_weight=6597 123 6474 322 6152 272 6080 302 5778 5218 560 192 4932 286 105 246 4686 221 154 335 4351 368 4265 4154 116 236 271 4053 3929 3795
internal_count=6597 123 6474 322 6152 272 6080 302 5778 5218 560 192 4932 286 105 246 4686 221 154 335 4351 368 4265 4154 116 236 271 4053 3929 3795
is_linear=0
shrinkage=0.05


Tree=23
num_leaves=31
num_cat=0
split_feature=59 116 131 34 33 58 134 136 145 150 85 90 19 35 19 34 2 134 60 128 93 136 99 116 29 93 102 118 50 98
split_gain=0.00237434 0.0031323 0.000774453 0.00376362 0.00113021 0.000536579 0.000935964 0.00109251 0.000418308 0.000272564 0.000237256 0.000191564 0.000207992 0.000140418 0.000114751 0.000111087 8.79028e-05 7.77521e-05 7.70152e-05 8.68466e-05 4.53283e-05 4.20665e-05 3.83657e-05 2.05703e-05 2.06943e-05 1.71262e-05 1.18818e-05 1.1259e-05 4.93959e-05 8.1582e-06
threshold=16.509050000000006 269.30046435000003 34.954889260841185 -0.98899013218167997 -0.99644305200348815 8.8499999999999996 8.6650000000000009 0.6100000000000001 0.47500000000000003 0.59285714285714297 278.86104370000004 18.631632653061228 -2.4285714285714268e-05 294.65070315000008 -0.012812857142857141 0.20601837758028738 2.0800000000000004e-05 5.4450000000000012 1.0000000180025095e-35 8.3303262364428843 264.42113515000005 3.9100000000000006 3.2500000000000004 295.46011055000002 16.350000000000005 264.25036625000007 -4.6499999999999986 10.15 993.75000000000011 -4.4500000000000011
decision_type=2 10 2 2 2 2 2 2 2 2 2 2 2 2 2 2 2 2 2 2 2 2 2 10 2 2 2 10 2 2
left_child=2 -2 3 -1 -5 9 7 -7 10 13 18 12 -11 14 15 -4 -15 -16 19 -6 25 22 23 24 -22 -19 -26 28 -13 -24
right_child=1 -3 5 4 8 6 -8 -9 -10 11 -12 27 -14 16 17 -17 -18 20 -20 -21 21 -23 29 -25 26 -27 -28 -29 -30 -31
leaf_value=0.00040123708797396192 0 0.00051386344814230911 0 0.00022818173705280631 0 0 0 0.00032036406393959435 8.1531425468647119e-05 0 0 4.3785151424850078e-05 0.0001349689163536644 6.2678813388856728e-05 0 7.308037858085579e-05 0 -9.1849356476231123e-06 0 -8.9050828028527766e-05 0 0 0 0 0 8.8126500486395755e-07 -3.0614938933840483e-05 -7.5921140949318754e-06 0 -8.2315920672860551e-06
leaf_weight=67 53 51 148 50 61 56 314 56 56 51 68 71 60 63 245 51 76 506 51 231 54 97 139 57 71 55 3003 235 201 300
leaf_count=67 53 51 148 50 61 56 314 56 56 51 68 71 60 63 245 51 76 506 51 231 54 97 139 57 71 55 3003 235 201 300
internal_value=6.25071e-07 0.000237048 -2.42776e-06 5.12803e-05 0 -8.58965e-06 4.27099e-05 0.000166133 -1.9065e-05 -1.34942e-05 -4.50721e-05 1.34707e-05 7.26558e-05 -1.79491e-05 -1.99801e-05 0 1.50418e-05 -2.19113e-05 -6.44773e-05 -7.44182e-05 -2.3515e-05 -2.58214e-05 -2.67133e-05 -2.90177e-05 -2.95602e-05 0 -3.00994e-05 0 7.29905e-06 0
internal_weight=6597 104 6493 584 517 5909 426 112 467 5483 411 618 111 4865 4726 199 139 4527 343 292 4282 3721 3624 3185 3128 561 3074 507 272 439
internal_count=6597 104 6493 584 517 5909 426 112 467 5483 411 618 111 4865 4726 199 139 4527 343 292 4282 3721 3624 3185 3128 561 3074 507 272 439
is_linear=0
shrinkage=0.05


Tree=24
num_leaves=31
num_cat=0
split_feature=98 133 132 39 128 85 81 128 17 50 136 85 65 61 104 50 140 121 52 90 67 114 115 18 137 50 24 42 100 141
split_gain=0.00222628 0.00736018 0.0106901 0.000638254 0.000272164 0.000489025 0.00101136 0.000323398 0.000245745 0.000303841 0.000340014 0.000677423 0.0001606 0.000236947 0.000155015 0.0001502 0.000290924 0.000145964 0.000114928 7.36181e-05 8.48302e-05 0.000165133 6.38223e-05 5.73388e-05 4.7514e-05 4.37987e-05 0.00017422 2.954e-05 1.82452e-05 1.05255e-05
threshold=8.5000000000000036 66.365000000000009 2.5000000000000004 1.1550000000000002 9.7166251931298913 273.13648740000002 19.150000000000002 9.191157547363856 0.027600000000000003 1022.2500000000001 0.15500000000000003 265.86586430000006 30.550000000000004 1496.2000000000003 21.850000000000005 993.75000000000011 35.035000000000004 0.15000000000000005 123.50000000000001 21.431632653061229 15.65 27.650000000000002 11.950000000000001 0.0003020833333333334 2.4050000000000007 1006.85 42.900000000000006 0.045000000000000005 -2.6999999999999882 39.600000000000009
decision_type=2 2 2 2 2 2 2 2 2 2 2 2 2 2 2 2 2 10 2 2 2 10 10 2 2 2 2 2 2 2
left_child=3 25 -3 4 5 6 -1 12 -9 10 -10 -12 14 -14 24 16 -6 23 27 28 -21 -22 -19 -7 -8 26 -2 -17 -20 -29
right_child=1 2 -4 -5 15 17 7 8 9 -11 11 -13 13 -15 -16 18 -18 22 19 20 21 -23 -24 -25 -26 -27 -28 29 -30 -31
leaf_value=0.00021602115366369941 9.6475991953479101e-05 0 0.0009484027724595631 0.00014751755198484453 0 0 -6.8102954147477817e-05 0 0 0 0 0.00019108684181880494 0.00010580625859195909 0 0 0 0.00011963825197731154 5.0729490118805358e-05 0 0 9.5247761317678893e-05 0 0 -4.5403062416317752e-05 0 -1.6440387582035651e-05 0 -2.6840883963478161e-05 -1.8336327171027272e-05 0
leaf_weight=67 53 60 55 61 134 56 209 203 112 78 90 129 53 145 84 116 52 61 59 170 75 87 74 490 82 156 235 2717 490 144
leaf_count=67 53 60 55 61 134 56 209 203 112 78 90 129 53 145 84 116 52 61 59 170 75 87 74 490 82 156 235 2717 490 144
internal_value=7.4232e-07 9.67733e-05 0.000451481 -7.33486e-06 -9.77606e-06 3.61581e-06 2.43665e-05 9.14147e-06 3.67809e-05 5.93388e-05 8.14635e-05 0.000117807 -1.1681e-05 7.81706e-06 -3.52672e-05 -1.74127e-05 1.29365e-05 -2.71822e-05 -2.01745e-05 0 1.39253e-05 4.11975e-05 0 -3.98539e-05 -5.4118e-05 0 1.52331e-05 -2.4978e-05 -1.47384e-05 -2.59806e-05
internal_weight=6597 559 115 6038 5977 1933 1252 1185 612 409 331 219 573 198 375 4044 186 681 3858 881 332 162 135 546 291 444 288 2977 549 2861
internal_count=6597 559 115 6038 5977 1933 1252 1185 612 409 331 219 573 198 375 4044 186 681 3858 881 332 162 135 546 291 444 288 2977 549 2861
is_linear=0
shrinkage=0.05


Tree=25
num_leaves=31
num_cat=0
split_feature=103 104 98 28 22 34 68 111 80 117 98 6 126 85 35 50 140 90 68 131 85 67 15 118 75 103 136 114 97 115
split_gain=0.00352825 0.014616 0.000934982 0.00163298 0.000592337 0.00374576 0.000572876 0.00135701 0.00027281 0.000258279 0.000250649 0.000168303 0.000120716 0.000346891 9.26919e-05 8.95638e-05 0.000121267 6.40251e-05 6.06423e-05 8.59026e-05 0.000134016 5.04008e-05 4.81665e-05 4.55696e-05 3.02844e-05 2.9766e-05 3.02491e-05 2.83562e-05 2.82651e-05 2.64e-05
threshold=725.10000000000014 1.9500000000000006 15.450000000000003 17.350000000000005 1.0000000180025095e-35 -0.97990695235924685 0.8500000000000002 8.1500000000000004 38.212500000000013 0.15000000000000005 2.3000000000000003 0.014288194444444445 57.500000000000007 271.13774825000002 295.82347405000002 993.75000000000011 33.835000000000001 18.372448979591841 0.15000000000000005 34.954889260841185 278.73899065000006 11.250000000000002 0.00063125000000000008 4.7500000000000009 18.250000000000004 779.25000000000011 3.9100000000000006 5.5500000000000007 -7.6999999999999966 2.2500000000000004
decision_type=2 2 2 2 2 2 2 10 2 10 2 2 2 2 2 2 2 2 2 2 2 2 2 8 2 2 2 8 2 10
left_child=1 22 4 -4 5 -2 8 -8 11 -10 -11 14 13 -13 18 16 -9 21 19 20 29 -17 -1 -21 -19 -25 27 -27 -29 -6
right_child=2 -3 3 -5 6 -7 7 15 9 10 -12 12 -14 -15 -16 17 -18 24 -20 23 -22 -23 -24 25 -26 26 -28 28 -30 -31
leaf_value=-3.264400461754057e-05 0.0004526817174858069 0.0009434507969533169 0.00034927080487464355 0 0 -2.0346304463600973e-05 0.00028198842714796321 0 0 0.00015873573845337063 0 0.00014555200498930556 -9.5016049184095286e-06 0 0 4.786414336403603e-05 9.9172192580967752e-05 -3.4928719709304267e-05 0 0 0 0 0 0 0 0 0 0 -2.6161937475562253e-05 -9.1025178192801691e-05
leaf_weight=112 50 50 50 89 50 147 50 140 316 54 74 53 276 147 85 60 53 181 553 62 50 72 53 69 101 96 78 92 3104 193
leaf_count=112 50 50 50 89 50 147 50 140 316 54 74 53 276 147 85 60 53 181 553 62 50 72 53 69 101 96 78 92 3104 193
internal_value=3.41576e-06 0.000202475 -2.57231e-06 0.000123608 -6.22345e-06 7.6139e-05 -9.7678e-06 3.1836e-05 -1.5814e-05 1.59717e-05 7.67163e-05 -1.97107e-05 0 3.71083e-05 -2.2916e-05 2.57678e-06 3.42768e-05 -2.00021e-07 -2.42633e-05 -2.6729e-05 -6.40568e-05 1.01669e-05 0 -2.21599e-05 -2.27392e-05 -2.30874e-05 -2.3791e-05 -2.45435e-05 -2.53505e-05 -7.9481e-05
internal_weight=6560 215 6345 139 6206 197 6009 657 5352 444 128 4908 476 200 4432 607 193 414 4347 3794 293 132 165 3501 282 3439 3370 3292 3196 243
internal_count=6560 215 6345 139 6206 197 6009 657 5352 444 128 4908 476 200 4432 607 193 414 4347 3794 293 132 165 3501 282 3439 3370 3292 3196 243
is_linear=0
shrinkage=0.05


Tree=26
num_leaves=31
num_cat=0
split_feature=2 131 49 39 29 84 73 28 133 2 7 0 123 104 101 101 35 36 13 82 107 76 29 24 24 136 30 99 0 32
split_gain=0.00604552 0.000949106 0.0027568 0.00156567 0.000764187 0.00108574 0.000563663 0.00101877 0.00232555 0.000248701 0.000644097 0.000170929 0.000133289 0.000135276 0.000126649 0.000123452 8.24259e-05 5.5943e-05 4.45954e-05 4.31776e-05 4.05976e-05 3.31793e-05 4.19181e-05 2.73762e-05 1.81185e-05 1.66283e-05 1.34572e-05 1.31402e-05 9.71494e-06 6.79475e-06
threshold=0.048280649000000009 39.184882750482181 993.75000000000011 0.17500000000000002 28.700000000000003 8.4500000000000028 36.050000000000004 11.4 46.785000000000004 0.00085279300000000013 0.04685000000000001 0.11600000000000001 -0.70710678118654735 22.150000000000006 -4.5194812499999832 6.5501753499999902 295.60747305000007 261.05850505000006 0.0026822313333333338 15.582000000000003 11.950000000000001 6.3500000000000023 29.450000000000003 66.15000000000002 31.000000000000004 3.9100000000000006 -1.121428571428573 -3.2499999999999996 0.09395000000000002 19.650000000000002
decision_type=2 2 2 2 2 2 2 2 2 2 2 2 2 2 2 2 2 2 2 2 2 2 2 2 2 2 2 2 2 2
left_child=1 2 3 4 5 19 14 8 -8 11 -11 15 -6 -14 18 20 17 -16 21 -1 -9 28 -23 24 -19 29 -17 -22 -3 -26
right_child=-2 6 -4 -5 12 -7 7 9 -10 10 -12 -13 13 -15 16 26 -18 23 -20 -21 27 22 -24 -25 25 -27 -28 -29 -30 -31
leaf_value=1.5152834212957793e-05 0.00054568426882278624 -1.5715367632042333e-05 0.00040614812617999598 0.00026614424959477443 0 0.00023611570562988803 0 0 0.00038420356654144902 0.0001749294262560692 0 4.3232319848080484e-05 -8.0479080201582165e-05 0 0 0 0 0 4.3106152845211907e-05 -3.6671238119816882e-05 0 4.5456296680380803e-05 0 0 -2.5078928304266057e-05 0 2.2408386349565966e-05 -3.9364059148015625e-05 0 0
leaf_weight=65 50 389 52 57 72 66 99 65 59 70 159 91 240 74 143 163 70 119 59 68 84 55 50 80 3300 79 66 488 77 51
leaf_count=65 50 389 52 57 72 66 99 65 59 70 159 91 240 74 143 163 70 119 59 68 84 55 50 80 3300 79 66 488 77 51
internal_value=3.32875e-06 -1.52051e-07 5.42417e-05 1.7375e-05 0 7.14476e-05 -7.5104e-06 1.92023e-05 0.000138338 0 4.94482e-05 -7.87248e-06 -4.79426e-05 -6.23034e-05 -1.66588e-05 -1.90533e-05 -2.01346e-05 -2.16226e-05 0 0 -3.12582e-05 0 1.0148e-05 -2.29016e-05 -2.35708e-05 -2.42498e-05 0 -3.55674e-05 -1.24195e-05 -2.47854e-05
internal_weight=6560 6510 694 642 585 199 5816 1344 158 1186 229 957 386 314 4472 866 3842 3772 630 133 637 571 105 3629 3549 3430 229 572 466 3351
internal_count=6560 6510 694 642 585 199 5816 1344 158 1186 229 957 386 314 4472 866 3842 3772 630 133 637 571 105 3629 3549 3430 229 572 466 3351
is_linear=0
shrinkage=0.05


Tree=27
num_leaves=31
num_cat=0
split_feature=2 138 50 59 24 15 120 99 114 84 108 16 119 3 19 50 76 108 15 15 120 120 128 29 68 84 119 44 74 100
split_gain=0.00546392 0.000846906 0.00301543 0.00113398 0.00290443 0.00033518 0.00104183 0.000224334 0.000164378 0.000166177 0.000140083 0.000163259 0.00011405 0.000111138 0.000100202 0.000313074 7.45417e-05 5.93377e-05 5.09036e-05 5.14694e-05 9.25754e-05 0.000223382 3.94716e-05 3.92844e-05 3.83453e-05 3.79907e-05 3.37219e-05 3.63381e-05 3.18561e-05 2.72915e-05
threshold=0.048280649000000009 4.3850000000000007 1027.6500000000003 11.935350000000001 46.850000000000001 0.0054489583333333343 277.10264965000005 -3.1999999999999882 24.950000000000003 17.850000000000005 275.83718970000007 1.6050000000000002 6.2500000000000009 0.169340766 -0.0037128571428571414 1022.2500000000001 0.8500000000000002 295.26529170000009 0.00076666666666666669 0.0038104166666666672 279.27288375000006 273.97965680000004 9.8640708079995658 29.150000000000002 2.5500000000000003 13.550000000000002 8.4500000000000011 612.50000000000011 39.378571428571441 4.9500000000000464
decision_type=2 2 2 2 2 2 10 2 10 2 2 2 8 2 2 2 2 2 2 2 10 10 2 2 2 2 10 2 2 2
left_child=1 2 3 10 -5 7 16 8 9 -3 14 22 18 17 15 -1 -7 25 23 20 21 -20 -12 -9 -25 -14 -15 -28 -6 -23
right_child=-2 5 -4 4 28 6 -8 12 -10 -11 11 -13 13 26 -16 -17 -18 -19 19 -21 -22 29 -24 24 -26 -27 27 -29 -30 -31
leaf_value=0.00011818902853604717 0.00051893505547673604 0.00010038119661888 0.00041731116222674209 0.00036677877493511684 -3.359113378691188e-06 -2.1799986377300231e-05 0.00020691522114793775 0 0 0 -6.0800729640721784e-05 0 -2.8880907368783955e-05 -1.1057328760681801e-05 0 0 3.0934317082170882e-05 0 0 0 0 0.00012059852261726129 0 -2.4159923309406819e-05 0 0 0 3.4102692441138058e-05 3.2252217821466426e-05 0
leaf_weight=74 50 90 50 76 143 224 69 242 315 53 238 129 2628 214 294 51 82 68 144 69 83 69 120 496 78 109 51 127 74 50
leaf_count=74 50 90 50 76 143 224 69 242 315 53 238 129 2628 214 294 51 82 68 144 69 83 69 120 496 78 109 51 127 74 50
internal_value=3.36212e-06 0 3.62929e-05 1.59027e-05 0.000102643 -9.45893e-06 3.23048e-05 -1.36934e-05 1.40465e-05 5.90143e-05 -6.71878e-06 -2.77833e-05 -1.7694e-05 -2.28634e-05 5.86742e-06 4.58573e-05 0 -2.63586e-05 -2.02793e-07 8.67193e-06 2.14703e-05 3.8504e-05 -4.67566e-05 -1.08413e-05 -1.83794e-05 -2.76805e-05 0 1.80034e-05 0 8.89687e-05
internal_weight=6560 6510 1249 1199 293 5261 375 4886 458 143 906 487 4428 3197 419 125 306 2805 1231 415 346 263 358 816 574 2737 392 178 217 119
internal_count=6560 6510 1249 1199 293 5261 375 4886 458 143 906 487 4428 3197 419 125 306 2805 1231 415 346 263 358 816 574 2737 392 178 217 119
is_linear=0
shrinkage=0.05


Tree=28
num_leaves=31
num_cat=0
split_feature=2 98 138 131 35 85 17 49 85 114 75 111 19 122 7 136 93 131 84 136 0 24 64 36 115 28 8 138 30 100
split_gain=0.00494042 0.0011255 0.00230575 0.000707671 0.00340456 0.00974352 0.000296789 0.000292961 0.000239235 0.000233655 0.000572558 0.00111968 8.76372e-05 6.47033e-05 9.41578e-05 6.16754e-05 5.79245e-05 0.000154083 0.000166797 0.000154245 9.0293e-05 4.65868e-05 3.83858e-05 3.05202e-05 3.00114e-05 2.41939e-05 2.37603e-05 2.81314e-05 2.28898e-05 2.50361e-05
threshold=0.048280649000000009 16.950000000000006 4.8700000000000001 33.15434016127945 273.24919575000007 265.72387760000009 0.032550000000000009 977.6500000000002 265.86586430000006 23.450000000000003 19.050000000000004 15.250000000000002 -0.016147142857142849 11.500000000000002 0.042550000000000011 0.82500000000000007 265.15391345000006 129.24098929866494 16.650000000000006 0.49500000000000005 0.0036500000000000005 66.15000000000002 216.59999999999999 260.71575800000005 10.550000000000002 36.300000000000004 0.018776573640196279 6.8250000000000011 0.49285714285714199 4.6999999999999895
decision_type=2 2 2 2 2 2 2 2 2 8 2 10 2 2 2 2 2 2 2 2 2 2 2 2 10 2 2 2 2 2
left_child=1 3 -3 4 5 -1 -6 8 25 10 13 -12 24 26 15 -15 17 18 19 -11 -21 22 23 -14 -9 -5 27 -10 29 -18
right_child=-2 2 -4 7 6 -7 -8 12 9 16 11 -13 21 14 -16 -17 28 -19 -20 20 -22 -23 -24 -25 -26 -27 -28 -29 -30 -31
leaf_value=0 0.00049349706384864661 0.0004081900906264006 0 -2.3519104872690911e-05 0 0.00080806877792523541 -7.4518736701670513e-05 0 -3.4325060073531843e-05 0 0.0002947766974398677 0 0 6.8579611178669762e-05 0 0 -1.7289229153862447e-05 -3.5856290959526544e-06 0 0 0.00013566308511122141 0 0 -2.4242959562033878e-05 3.5660470874340788e-05 0 0 0 0 0
leaf_weight=107 50 50 79 643 97 51 187 64 118 120 58 118 79 114 104 66 618 184 56 50 80 83 128 2881 58 69 53 79 62 54
leaf_count=107 50 50 79 643 97 51 187 64 118 120 58 118 79 114 104 66 618 184 56 50 80 83 128 2881 58 69 53 79 62 54
internal_value=3.25362e-06 0 0.000144999 -3.55237e-06 5.59446e-05 0.000245666 -3.25522e-05 -8.83075e-06 1.90725e-06 1.26975e-05 3.55014e-05 0.000114672 -1.89748e-05 0 2.30393e-05 4.62204e-05 0 1.27322e-05 3.88107e-05 5.91917e-05 9.82686e-05 -2.10467e-05 -2.21939e-05 -2.33725e-05 0 -2.03663e-05 -6.4609e-06 -1.87862e-05 -9.41957e-06 -1.34882e-05
internal_weight=6560 6510 129 6381 442 158 284 5939 2646 1934 710 176 3293 534 284 180 1224 490 306 250 130 3171 3088 2960 122 712 250 197 734 672
internal_count=6560 6510 129 6381 442 158 284 5939 2646 1934 710 176 3293 534 284 180 1224 490 306 250 130 3171 3088 2960 122 712 250 197 734 672
is_linear=0
shrinkage=0.05


end of trees

feature_importances:
pct_forest=26
last_N_t=23
mslma_t=23
pop_density=22
total_tp_next_24h=21
min_t2m_next_24h=20
log_customers=20
gust_max_obs=19
pct_developed=18
soil_moist_x_gust=17
pct_unmapped=17
pressure_change_6h=16
pct_water=16
sp_t=15
gust_change_3h=15
temp_change_6h=14
osi_trend_last6h=13
wind_cos_t=13
gust_at_t48h=13
t2m_at_t48h=13
pre_event_mean_osi=12
min_t2m_next_48h=12
wind_speed_at_t48h=12
tree_canopy_pct=12
pressure_change_3h=11
cumul_tp_since_onset=11
t2m_at_t24h=11
tree_canopy_std=11
blh_t=10
min_t2m_next_6h=10
pct_wetland=10
last_osi=9
storm_onset_mean_osi=9
gust_max_last6h_obs=9
gust_trend_last6h_obs=9
cumul_gust_since_onset=9
wind_speed_at_t24h=9
gust_last_obs=8
wind_sin_t=8
total_tp_next_1h=8
total_tp_next_6h=8
total_tp_next_48h=8
gust_at_t24h=8
pct_forest_classified=8
gust_mean_next_1h=7
gust_max_next_6h=7
gust_mean_next_48h=7
gust_at_t1h=7
hour_of_day=7
last_D_t=6
storm_onset_max_osi=6
t2m_t=6
csnow_t=6
soil_moist_t=6
gust_exceed_30=6
wind_speed_max_next_6h=6
gust_peak4h_mean_next_6h=6
wind_change_1h=6
wind_speed_at_t6h=6
osi_mean_72h=5
osi_max_72h=5
N_t_mean_72h=5
R_t_mean_72h=5
pre_event_max_outage_pct=5
hours_since_peak=5
min_t2m_next_1h=5
gust_mean_next_6h=5
wind_speed_at_t1h=5
tp_at_t24h=5
hour_sin=5
hours_since_obs=5
N_t_max_72h=4
dewpoint_c_t=4
gust_x_hso=4
wind_speed_max_next_1h=4
gust_max_next_48h=4
wind_speed_max_next_48h=4
gust_change_1h=4
t2m_at_t1h=4
rural_urban_code=4
tp_rate_next_6h=4
tp_rate_next_48h=4
last_P_t=3
gust_t=3
wind_speed_t=3
d2m_t=3
hcc_t=3
t2m_at_t6h=3
n_utilities=3
forest_x_customers=3
tp_rate_next_1h=3
tp_rate_next_24h=3
osi_std_72h=2
frac_zero_72h=2
cumul_gust_obs=2
r2_t=2
vpd_t=2
soil_gust_x_phase=2
gust_max_next_1h=2
gust_max_next_24h=2
gust_mean_next_24h=2
gust_gt30_next_48h=2
gust_gt40_next_48h=2
gust_gt30_since_onset=2
tp_at_t1h=2
gust_at_t6h=2
tp_at_t6h=2
pct_agriculture=2
last_R_t=1
last_outage_pct=1
outage_pct_max_72h=1
R_t_max_72h=1
gust_gt30_obs=1
tp_t=1
tcc_t=1
lcc_t=1
mcc_t=1
direct_rad_t=1
et0_t=1
is_snowing=1
gust_x_phase=1
gust_exceed30_x_hso=1
gust_peak4h_mean_next_1h=1
gust_gt40_next_6h=1
gust_gt30_next_24h=1
gust_gt40_next_24h=1
gust_peak4h_mean_next_24h=1
gust_peak4h_mean_next_48h=1
tp_at_t48h=1
days_since_onset=1
gust_gt30_frac_next_1h=1

parameters:
[boosting: gbdt]
[objective: regression]
[metric: custom]
[tree_learner: serial]
[device_type: cpu]
[data_sample_strategy: bagging]
[data: ]
[valid: ]
[num_iterations: 2000]
[learning_rate: 0.05]
[num_leaves: 31]
[num_threads: 1]
[seed: 42]
[deterministic: 1]
[force_col_wise: 1]
[force_row_wise: 0]
[histogram_pool_size: -1]
[max_depth: -1]
[min_data_in_leaf: 50]
[min_sum_hessian_in_leaf: 0.001]
[bagging_fraction: 0.8]
[pos_bagging_fraction: 1]
[neg_bagging_fraction: 1]
[bagging_freq: 5]
[bagging_seed: 42]
[bagging_by_query: 0]
[feature_fraction: 0.8]
[feature_fraction_bynode: 1]
[feature_fraction_seed: 42]
[extra_trees: 0]
[extra_seed: 12879]
[early_stopping_round: 0]
[early_stopping_min_delta: 0]
[first_metric_only: 0]
[max_delta_step: 0]
[lambda_l1: 0.1]
[lambda_l2: 1]
[linear_lambda: 0]
[min_gain_to_split: 0]
[drop_rate: 0.1]
[max_drop: 50]
[skip_drop: 0.5]
[xgboost_dart_mode: 0]
[uniform_drop: 0]
[drop_seed: 42]
[top_rate: 0.2]
[other_rate: 0.1]
[min_data_per_group: 100]
[max_cat_threshold: 32]
[cat_l2: 10]
[cat_smooth: 10]
[max_cat_to_onehot: 4]
[top_k: 20]
[monotone_constraints: ]
[monotone_constraints_method: basic]
[monotone_penalty: 0]
[feature_contri: ]
[forcedsplits_filename: ]
[refit_decay_rate: 0.9]
[cegb_tradeoff: 1]
[cegb_penalty_split: 0]
[cegb_penalty_feature_lazy: ]
[cegb_penalty_feature_coupled: ]
[path_smooth: 0]
[interaction_constraints: ]
[verbosity: -1]
[saved_feature_importance_type: 0]
[use_quantized_grad: 0]
[num_grad_quant_bins: 4]
[quant_train_renew_leaf: 0]
[stochastic_rounding: 1]
[linear_tree: 0]
[max_bin: 255]
[max_bin_by_feature: ]
[min_data_in_bin: 3]
[bin_construct_sample_cnt: 200000]
[data_random_seed: 42]
[is_enable_sparse: 1]
[enable_bundle: 1]
[use_missing: 1]
[zero_as_missing: 0]
[feature_pre_filter: 1]
[pre_partition: 0]
[two_round: 0]
[header: 0]
[label_column: ]
[weight_column: ]
[group_column: ]
[ignore_column: ]
[categorical_feature: ]
[forcedbins_filename: ]
[precise_float_parser: 0]
[parser_config_file: ]
[objective_seed: 16083]
[num_class: 1]
[is_unbalance: 0]
[scale_pos_weight: 1]
[sigmoid: 1]
[boost_from_average: 1]
[reg_sqrt: 0]
[alpha: 0.9]
[fair_c: 1]
[poisson_max_delta_step: 0.7]
[tweedie_variance_power: 1.5]
[lambdarank_truncation_level: 30]
[lambdarank_norm: 1]
[label_gain: ]
[lambdarank_position_bias_regularization: 0]
[eval_at: ]
[multi_error_top_k: 1]
[auc_mu_weights: ]
[num_machines: 1]
[local_listen_port: 12400]
[time_out: 120]
[machine_list_filename: ]
[machines: ]
[gpu_platform_id: -1]
[gpu_device_id: -1]
[gpu_device_id_list: ]
[gpu_use_dp: 0]
[num_gpu: 1]

end of parameters

pandas_categorical:[]
