tree
version=v4
num_class=1
num_tree_per_iteration=1
label_index=0
max_feature_idx=162
objective=regression
feature_names=last_osi last_P_t last_N_t last_D_t last_R_t last_outage_pct osi_mean_72h osi_max_72h osi_std_72h outage_pct_mean_72h outage_pct_max_72h N_t_mean_72h N_t_max_72h R_t_mean_72h R_t_max_72h pre_event_mean_osi pre_event_max_outage_pct storm_onset_max_osi storm_onset_mean_osi osi_trend_last6h is_worsening frac_zero_72h hours_since_peak gust_mean_obs gust_max_obs gust_gt30_obs gust_gt40_obs cumul_gust_obs gust_last_obs gust_max_last6h_obs gust_trend_last6h_obs gust_t wind_speed_t wind_sin_t wind_cos_t t2m_t d2m_t tp_t rain_t csnow_t sdwe_t r2_t vpd_t soil_moist_t blh_t tcc_t lcc_t mcc_t hcc_t sp_t mslma_t sdswrf_t direct_rad_t diffuse_rad_t et0_t temp_c_t dewpoint_c_t icing_risk_t gust_exceed_30 soil_moist_x_gust is_snowing gust_x_hso gust_x_phase soil_gust_x_phase gust_exceed30_x_hso gust_max_next_1h gust_mean_next_1h wind_speed_max_next_1h total_tp_next_1h min_t2m_next_1h gust_gt30_next_1h gust_gt40_next_1h gust_peak4h_mean_next_1h gust_max_next_6h gust_mean_next_6h wind_speed_max_next_6h total_tp_next_6h min_t2m_next_6h gust_gt30_next_6h gust_gt40_next_6h gust_peak4h_mean_next_6h gust_max_next_24h gust_mean_next_24h wind_speed_max_next_24h total_tp_next_24h min_t2m_next_24h gust_gt30_next_24h gust_gt40_next_24h gust_peak4h_mean_next_24h gust_max_next_48h gust_mean_next_48h wind_speed_max_next_48h total_tp_next_48h min_t2m_next_48h gust_gt30_next_48h gust_gt40_next_48h gust_peak4h_mean_next_48h gust_change_1h gust_change_3h pressure_change_3h pressure_change_6h temp_change_6h wind_change_1h cumul_gust_since_onset cumul_tp_since_onset gust_gt30_since_onset gust_at_t1h wind_speed_at_t1h t2m_at_t1h tp_at_t1h gust_at_t6h wind_speed_at_t6h t2m_at_t6h tp_at_t6h gust_at_t24h wind_speed_at_t24h t2m_at_t24h tp_at_t24h gust_at_t48h wind_speed_at_t48h t2m_at_t48h tp_at_t48h hour_of_day hour_sin hour_cos days_since_onset hours_since_obs storm_phase log_customers rural_urban_code is_metro pop_density n_utilities pct_forest pct_developed pct_agriculture pct_water pct_wetland pct_unmapped pct_forest_classified tree_canopy_pct tree_canopy_std forest_x_customers window_len_next_1h is_full_next_1h tp_rate_next_1h gust_gt30_frac_next_1h has_weather_at_t1h window_len_next_6h is_full_next_6h tp_rate_next_6h gust_gt30_frac_next_6h has_weather_at_t6h window_len_next_24h is_full_next_24h tp_rate_next_24h gust_gt30_frac_next_24h has_weather_at_t24h window_len_next_48h is_full_next_48h tp_rate_next_48h gust_gt30_frac_next_48h has_weather_at_t48h
feature_infos=[0:0.55230000000000001] [0:0.82424180700000005] [0:0.065400654000000003] [0:0.90465771100000003] [0:0.058582058999999999] [0:82.420000000000002] [4.1666666666666669e-06:0.26529999999999998] [0.0001:0.65049999999999997] [1.9982631347136334e-05:0.22470370552747407] [0.00083333333333333328:39.644861111111112] [0.02:100] [3.1208333333333337e-06:0.018623942125000001] [7.4900000000000005e-05:0.37916412199999999] [3.1208333333333337e-06:0.017093115180555556] [7.4900000000000005e-05:0.18675781699999999] [0:0.38653749999999998] [0:100] [0:0.59799999999999998] [0:0.20940416666666664] [-0.055854285714285697:0.019237142857142855] [0:1] [0:0.95833333333333337] [0:71] [14.3125:31.258333333333326] [29.100000000000001:70] [0:35] [0:17] [1030.5:2250.5999999999995] [3.8999999999999999:47.5] [15.6:64.5] [-6.477142857142856:3.3114285714285714] [1.3:58.299999999999997] [0.10000000000000001:38] [-0.99999999952007834:0.99999999987412524] [-0.99999999369183823:0.97755991249912322] [261.39601499999998:298.4303941] [257.33913039999999:289.74666669999999] [0:9.9000000000000004] [0:9.9000000000000004] [0:2.3100000000000001] [0:0.080000000000000002] [15:100] [0:2.5] [0.17000000000000001:0.52000000000000002] [10:3015] [0:100] [0:100] [0:100] [0:100] [887.5:1022.3] [986.70000000000005:1031.3] [0:863] [0:727] [0:451] [0:0.59999999999999998] [-11.753985:25.280394100000024] [-15.81086959999999:16.596666700000014] [0:1] [0:28.299999999999997] [0.44460000000000005:23.550000000000001] [0:1] [14.800000000000001:3429.8999999999996] [0:102.40000000000001] [0:47.100000000000001] [0:1204.5] [2.1000000000000001:58.299999999999997] [1.7000000000000002:54.400000000000006] [0.20000000000000001:38] [0:14.699999999999999] [261.39601499999998:298.21689659999998] [0:2] [0:2] [1.7000000000000002:54.400000000000006] [3.6000000000000001:58.299999999999997] [2.5428571428571431:49.328571428571429] [0.5:38] [0:25.200000000000003] [261.15661019999999:296.40927479999999] [0:7] [0:7] [2.9500000000000002:52.024999999999999] [3.6000000000000001:58.299999999999997] [2.9500000000000002:42.796000000000006] [0.5:38] [0:33] [259.85092730000002:288.3249495] [0:25] [0:19] [2.9500000000000002:52.024999999999999] [3.6000000000000001:58.299999999999997] [2.9500000000000002:37.420408163265307] [0.5:38] [0:36.900000000000006] [259.85092730000002:288.3249495] [0:42] [0:22] [2.9500000000000002:52.024999999999999] [-24.299999999999997:22.5] [-32:33.299999999999997] [-5.8999999999999773:8.9000000000000909] [-10.199999999999932:13.200000000000045] [-18.266987999999969:21.845291299999985] [-15.300000000000001:28.000000000000004] [396.99999999999989:4359.2999999999993] [0:40.600000000000001] [0:61] [1.3:58.299999999999997] [0.10000000000000001:38] [261.39601499999998:298.4303941] [0:11.300000000000001] [1.3:57.100000000000001] [0:34.899999999999999] [261.15661019999999:298.4303941] [0:11.300000000000001] [0.90000000000000002:56.899999999999999] [0.10000000000000001:34.899999999999999] [259.85092730000002:298.36374050000001] [0:11.300000000000001] [0.90000000000000002:51.200000000000003] [0:31.800000000000001] [261.0733333:296.39282830000002] [0:7.5] [0:23] [-1:1] [-1:1] [1:6] [1:143] [0:3] [7.9247959139564355:13.187409269807329] [1:9] [0:1] [8.3691524328166658:3138.2235042681623] [1:11] [2.4399999999999999:88.719999999999999] [2.21:77.180000000000007] [0.080000000000000002:85.829999999999998] [0.01:5.5099999999999998] [0:16.82] [1.9299999999999999:17.02] [2.5641025641025643:95.299005138296707] [2.71:81.680000000000007] [13.6:40.350000000000001] [23.724227923039628:931.74929212165569] none none [0:7.3499999999999996] [0:1] none [2:7] [0:1] [0:3.6000000000000005] [0:1] [0:1] [2:25] [0:1] [0:1.3200000000000001] [0:1] [0:1] [2:49] [0:1] [0:0.75306122448979607] [0:0.8571428571428571] [0:1]
tree_sizes=2962 2690 2673 2666 2689 2683 2731 2756 2728 2670 2748 2752 2728 2703 2725 2748 2655 2710 2712 2708 2687 2716 2666

Tree=0
num_leaves=31
num_cat=0
split_feature=2 128 93 76 98 31 105 68 68 128 66 21 94 22 141 32 47 35 90 77 24 119 128 74 91 90 104 16 114 103
split_gain=0.0165017 0.00602196 0.00625649 0.00721379 0.00499462 0.00198973 0.00229192 0.000816456 0.000616315 0.000527029 0.000417654 0.000519119 0.000253039 0.000289876 0.000225729 0.000282272 0.000219704 0.000192366 0.000157046 0.000145269 0.000116946 8.79645e-05 8.62615e-05 7.81275e-05 7.70466e-05 4.40896e-05 4.39029e-05 1.40634e-05 9.15823e-06 5.78064e-06
threshold=0.048280649000000009 9.2173545129383765 263.23428335000006 0.75000000000000011 8.7500000000000018 33.650000000000013 7.5000000000000009 1.1500000000000004 1.5500000000000003 9.7166251931298913 20.225000000000005 0.20138888888888892 16.500000000000004 1.5000000000000002 33.255000000000003 19.150000000000002 30.500000000000004 290.82988080000001 19.764285714285716 289.80402175000006 31.000000000000004 22.050000000000004 9.682996729138976 35.250000000000007 15.050000000000002 29.614285714285717 23.550000000000001 0.85000000000000009 30.950000000000003 1604.1500000000003
decision_type=2 2 2 2 2 2 2 2 2 2 2 2 2 2 2 2 2 2 2 2 2 10 2 2 2 2 2 2 10 2
left_child=1 2 3 -1 7 8 -7 12 9 10 22 -12 13 -4 25 -16 -14 20 24 26 -11 23 -3 -22 -10 28 -15 -19 -8 -27
right_child=-2 5 4 -5 -6 6 14 -9 18 17 11 -13 16 19 15 -17 -18 27 -20 -21 21 -23 -24 -25 -26 29 -28 -29 -30 -31
leaf_value=0.0017467916825125969 0.0026255618444002869 0.0016930663198005352 0.0017985571136704826 0.0024459858177840253 0.0021789161431298165 0.0021120385542560804 0.0017234572596463507 0.0018930564393030652 0.0017467916825125969 0.0017467916825125969 0.001898115581958967 0.0017467916825125969 0.0018685022581536471 0.0016971514745557014 0.0017467916825125969 0.0018575159000270302 0.0017467916825125969 0.001730471398551816 0.0017467916825125969 0.0017467916825125969 0.0016809278648031827 0.0017467916825125969 0.0017467916825125969 0.0017467916825125969 0.0018323971909404448 0.0017634624741175225 0.0017467916825125969 0.0017467916825125969 0.0017467916825125969 0.0017467916825125969
leaf_weight=68 52 323 74 85 76 51 249 96 69 50 70 234 61 514 137 107 52 131 172 51 2950 78 56 51 83 51 107 96 58 66
leaf_count=68 52 323 74 85 76 51 249 96 69 50 70 234 61 514 137 107 52 131 172 51 2950 78 56 51 83 51 107 96 58 66
internal_value=0.00174679 0.00173958 0.00184003 0.00214163 0.00179009 0.00171518 0.0017887 0.0017535 0.00170192 0.0016963 0.00174455 0.00177959 0.00174356 0.0017277 0.00175603 0.00179703 0.0018037 0.00168798 0.00175645 0.0017124 0.00168463 0.00168338 0.00170328 0.00168199 0.00179937 0.00174413 0.00170362 0.00174679 0.00172762 0.00174679
internal_weight=6318 6266 1184 153 1031 5082 719 955 4363 4039 683 304 859 746 668 244 113 3356 324 672 3129 3079 379 3001 152 424 621 227 307 117
internal_count=6318 6266 1184 153 1031 5082 719 955 4363 4039 683 304 859 746 668 244 113 3356 324 672 3129 3079 379 3001 152 424 621 227 307 117
is_linear=0
shrinkage=1


Tree=1
num_leaves=31
num_cat=0
split_feature=2 133 76 58 131 28 128 34 116 30 46 68 30 23 31 140 138 3 35 93 46 4 24 100 94 68 38 120 76 122
split_gain=0.0149132 0.00640897 0.0041328 0.00327332 0.00280731 0.00479691 0.00122022 0.0016564 0.000922446 0.00113281 0.000528897 0.000487147 0.000414839 0.00104014 0.000386739 0.000514367 0.000650769 0.000241428 0.000205932 0.000157773 0.000237719 0.000112355 8.159e-05 8.13855e-05 5.50382e-05 5.07144e-05 4.95231e-05 4.62987e-05 2.05735e-05 1.15436e-05
threshold=0.048280649000000009 88.200000000000003 1.0000000180025095e-35 0.44999999999999934 66.097061926189738 11.250000000000002 9.7166251931298913 -0.99859986665283351 273.23579680000006 -1.0785714285714285 97.500000000000014 1.5500000000000003 -2.4199999999999995 21.902777777777779 35.45000000000001 17.225000000000005 5.6950000000000012 0.22414210450000002 286.56951675000005 265.14159230000001 29.500000000000004 0.027773778500000002 31.350000000000005 5.6999999999999895 7.5000000000000009 0.8500000000000002 1.0500000000000003 270.93295325000008 2.2500000000000009 9.5000000000000018
decision_type=2 2 2 2 2 2 2 2 8 2 2 2 2 2 2 2 2 2 2 2 2 2 2 2 2 2 2 10 2 2
left_child=1 3 -3 6 5 -5 7 -1 9 25 -11 21 -7 -14 18 -16 -17 23 28 20 -15 22 -8 -10 -20 -9 -13 -19 -6 -18
right_child=-2 2 -4 4 14 12 11 8 17 10 -12 26 13 19 15 16 29 27 24 -21 -22 -23 -24 -25 -26 -27 -28 -29 -30 -31
leaf_value=0.00028040363073623492 0.00083566068923144774 0 0.00069916057286928456 0.00060818865698540614 -4.8420027986764464e-05 0 0 -1.7655349297474679e-05 -5.9188355628815963e-05 0.000262657534650417 0 3.9512824099801946e-05 0.00025910107478354207 0.00014732838595811135 0 0.00025472634983695269 0 0 4.7887966574004772e-05 0 0 0 -6.4406365791988408e-05 0 0 2.3264356707089891e-05 0 4.5062672173739164e-05 0 1.9410167356442549e-05
leaf_weight=50 52 54 51 51 395 134 74 246 693 71 57 79 92 57 256 53 51 71 59 117 95 75 2661 55 242 91 90 56 78 112
leaf_count=50 52 54 51 51 395 134 74 246 693 71 57 79 92 57 256 53 51 71 59 117 95 75 2661 55 242 91 90 56 78 112
internal_value=0 -6.58235e-06 0.000377266 -1.39957e-05 4.15809e-05 0.000136007 -3.79397e-05 0 -9.88575e-06 4.17673e-05 0.000168094 -5.59866e-05 7.61491e-05 0.000103971 0 3.57549e-05 9.33407e-05 -4.30598e-05 -2.16171e-05 3.16343e-05 6.59089e-05 -6.12847e-05 -6.29399e-05 -5.45377e-05 0 0 2.53599e-06 0 -4.30138e-05 9.14456e-06
internal_weight=6318 6266 105 6161 1792 546 4369 1390 1340 465 128 2979 495 361 1246 472 216 875 774 269 152 2810 2735 748 301 337 169 127 473 163
internal_count=6318 6266 105 6161 1792 546 4369 1390 1340 465 128 2979 495 361 1246 472 216 875 774 269 152 2810 2735 748 301 337 169 127 473 163
is_linear=0
shrinkage=0.05


Tree=2
num_leaves=31
num_cat=0
split_feature=2 133 112 98 103 128 99 119 19 101 126 46 19 30 131 102 33 5 114 160 61 15 68 32 96 35 103 99 99 120
split_gain=0.0134767 0.0058409 0.00373485 0.0034676 0.00462259 0.00158885 0.00166257 0.000810598 0.000734689 0.00114581 0.000688905 0.000551198 0.000737229 0.00068436 0.000418264 0.000359983 0.000606302 0.000261272 0.000256006 0.000378727 0.000249869 0.000111045 0.000110705 9.84856e-05 9.4594e-05 5.72163e-05 3.13593e-05 3.06581e-05 2.54665e-05 1.93963e-05
threshold=0.048280649000000009 88.200000000000003 273.79184035000009 8.7500000000000018 880.70000000000005 9.5242581603116321 -3.5999999999999654 5.4500000000000011 -0.00011571428571428566 6.9688069999999991 73.500000000000014 99.500000000000014 -9.8571428571428538e-05 -1.828571428571429 104.25131654813585 -1.9000000000000008 -0.14139196418558 8.5650000000000031 20.950000000000003 0.024231127679403545 1660.2500000000002 0.00063125000000000008 2.4500000000000006 12.550000000000002 44.512500000000003 291.74589700000007 1520.2 -2.5499999999999541 4.0499999999999554 277.41236045000005
decision_type=2 2 10 2 2 2 2 8 2 2 2 2 2 2 2 2 2 2 10 2 2 2 2 2 2 2 2 2 2 10
left_child=1 3 -3 5 -5 6 -1 11 -6 -10 14 12 13 -8 18 16 -9 22 19 -7 -21 -20 25 -23 27 28 -25 -17 -16 -29
right_child=-2 2 -4 4 8 10 7 15 9 -11 -12 -13 -14 -15 17 24 -18 -19 21 20 -22 23 -24 26 -26 -27 -28 29 -30 -31
leaf_value=0.00024290286845664728 0.00079466598666325789 0.00066663369463080581 0 0.00056328572638723829 0 0 0 0 0 0.00030966874016932278 -6.3809675498862519e-05 0 0 0.00027142823987782728 -5.8699025287338062e-05 0 0.0001787509684278498 0 -2.874708268672244e-05 0.00013732893681740708 0 0 0 6.2308712861120638e-05 0 0 0 -5.1645858554371136e-05 0 0
leaf_weight=78 52 51 54 52 270 66 56 128 113 58 1924 116 111 89 875 50 52 327 350 116 56 104 111 85 57 155 53 530 53 126
leaf_count=78 52 51 54 52 270 66 56 128 113 58 1924 116 111 89 875 50 52 327 350 116 56 104 111 85 57 155 53 530 53 126
internal_value=0 -5.9598e-06 0.000360446 -1.30732e-05 0.000112178 -2.48674e-05 1.91142e-05 1.86612e-06 4.65204e-05 0.000127436 -4.03692e-05 6.7483e-05 0.000109413 0.000183566 -1.90413e-05 -1.87663e-05 3.13329e-05 -3.51613e-05 4.48916e-06 5.15467e-05 9.56226e-05 -6.05258e-06 -4.60567e-05 6.17714e-06 -3.71553e-05 -5.09288e-05 4.28723e-05 -4.27353e-05 -5.63957e-05 -4.56284e-05
internal_weight=6318 6266 105 6161 493 5668 1393 1315 441 171 4275 372 256 145 2351 943 180 1521 830 238 172 592 1194 242 763 1083 138 706 928 656
internal_count=6318 6266 105 6161 493 5668 1393 1315 441 171 4275 372 256 145 2351 943 180 1521 830 238 172 592 1194 242 763 1083 138 706 928 656
is_linear=0
shrinkage=0.05


Tree=3
num_leaves=31
num_cat=0
split_feature=2 133 76 98 105 128 99 34 118 126 74 28 24 138 128 24 58 67 101 24 3 36 68 75 95 69 29 5 108 93
split_gain=0.0121824 0.00532853 0.00341887 0.0032123 0.00543401 0.00188403 0.00200697 0.00187633 0.000864939 0.000688364 0.000416795 0.000489325 0.000470573 0.000441977 0.000334123 0.000362289 0.000291156 0.000261481 0.000147515 0.000126232 9.66076e-05 8.78654e-05 8.68233e-05 8.46924e-05 8.12529e-05 7.49688e-05 6.66776e-05 6.36988e-05 6.79449e-05 6.27368e-05
threshold=0.048280649000000009 88.200000000000003 1.0000000180025095e-35 11.65 6.5000000000000009 9.5242581603116321 -3.5999999999999654 -0.99888336093746311 14.15 73.500000000000014 17.821428571428577 31.700000000000003 40.150000000000013 5.8600000000000003 10.047674471911776 37.600000000000001 5.4500000000000002 15.350000000000003 -4.1625046499999589 31.650000000000002 0.18851152100000004 279.40099480000009 2.2500000000000004 20.850000000000005 6.5000000000000009 291.61211765000002 44.400000000000013 12.795000000000002 291.74130655000005 265.01371540000008
decision_type=2 2 2 2 2 2 2 2 8 2 2 2 2 2 2 2 2 2 2 2 2 2 2 2 2 2 2 2 2 2
left_child=1 3 -3 5 -5 6 -1 -8 10 14 -9 12 -12 -14 15 17 20 -7 23 -11 22 24 25 26 -10 -16 -17 28 -20 -6
right_child=-2 2 -4 4 29 9 7 8 21 19 11 -13 13 -15 16 18 -18 -19 27 -21 -22 -23 -24 -25 -26 -27 -28 -29 -30 -31
leaf_value=0.00026648238035184996 0.00075568237816387752 0 0.00063731208470401801 0.00061966441479223888 4.5459848842491976e-05 0 0.00030346633858593686 -6.9988508138196215e-06 -4.3944106152862838e-05 0 0 0 0.00021008696323961603 0 -5.4162697361871151e-05 7.0098484486439511e-05 0 0.00016582072437271115 -4.424288473613181e-05 -6.3020133638558271e-05 0 0 0 0 0 0 0 0 0 0
leaf_weight=83 52 54 51 51 107 79 51 80 696 70 97 83 130 71 990 94 354 56 315 1889 122 108 137 55 52 86 50 93 61 101
leaf_count=83 52 54 51 51 107 79 51 80 696 70 97 83 130 71 990 94 354 56 315 1889 122 108 137 55 52 86 50 93 61 101
internal_value=8.47674e-08 -5.5075e-06 0.000344409 -1.23374e-05 0.000157486 -2.06623e-05 2.68349e-05 8.45852e-06 0 -3.72717e-05 5.179e-05 7.72091e-05 0.000108201 0.000152162 -1.69342e-05 4.58666e-06 -3.01211e-05 8.19612e-05 -3.67571e-06 -6.05697e-05 -4.11402e-05 -3.28209e-05 -4.54042e-05 2.10221e-05 -3.90617e-05 -5.02526e-05 4.54947e-05 -2.48159e-05 -3.44985e-05 1.78176e-05
internal_weight=6318 6266 105 6161 259 5902 1451 1368 1317 4451 461 381 298 201 2492 803 1689 135 668 1959 1335 856 1213 199 748 1076 144 469 376 208
internal_count=6318 6266 105 6161 259 5902 1451 1368 1317 4451 461 381 298 201 2492 803 1689 135 668 1959 1335 856 1213 199 748 1076 144 469 376 208
is_linear=0
shrinkage=0.05


Tree=4
num_leaves=31
num_cat=0
split_feature=2 133 92 58 105 131 34 99 128 84 161 56 105 145 14 34 35 141 35 16 19 67 133 131 76 114 34 92 115 114
split_gain=0.0110093 0.00485701 0.00322815 0.00262248 0.00375448 0.00122984 0.00199344 0.0010042 0.00205999 0.000442166 0.000706984 0.00068361 0.000571357 0.000429116 0.000317591 0.000665566 0.000177047 9.60864e-05 0.000124342 0.000160591 0.000101437 7.57546e-05 0.000131928 7.0356e-05 6.68879e-05 6.05286e-05 6.02153e-05 5.9119e-05 5.30168e-05 2.07758e-05
threshold=0.048280649000000009 88.200000000000003 1.8500000000000005 3.2500000000000004 5.5000000000000009 50.043530164939476 -0.99608340247372185 -2.9000000000000337 9.2309758884199038 0.45000000000000007 0.071428571428571438 -6.8670184499999882 15.500000000000002 0.7250000000000002 0.030052685000000003 0.28425807860100555 293.18689110000008 34.050000000000004 274.41318480000007 0.33500000000000002 -0.00010571428571428568 17.850000000000005 23.815000000000001 121.07560815808249 7.9500000000000011 22.450000000000003 -0.96515854449263017 11.350000000000003 13.750000000000002 33.350000000000001
decision_type=2 2 2 2 2 2 2 2 2 2 2 2 2 2 2 2 2 2 2 2 2 2 2 2 2 8 2 2 8 10
left_child=1 3 -3 5 -5 6 -1 8 -6 26 11 -11 -13 14 16 -16 24 20 -19 -20 29 -10 -23 25 -7 -15 -8 -21 -17 -9
right_child=-2 2 -4 4 7 13 9 17 21 10 -12 12 -14 23 15 28 -18 18 19 27 -22 22 -24 -25 -26 -27 -28 -29 -30 -31
leaf_value=0.00030547962389200142 0.00071861116410527415 0 0.00059619028199151881 0.00043051316605897233 0.00033986141055595924 -5.5338045173575334e-05 0 -3.4259359781421389e-05 0 0 -8.9204542760781254e-06 0 0.00025583967295763921 7.5216410476665861e-05 -3.6324058043111556e-05 0.00015472887163363899 0 0 0 0.00013005296549479305 0 0 8.781736592845845e-05 0 0 0 -3.8780958189268271e-05 0 0 0
leaf_weight=56 52 51 54 63 72 3014 53 361 81 61 200 75 83 59 417 51 124 64 57 57 164 133 79 137 50 52 429 57 50 62
leaf_count=56 52 51 54 63 72 3014 53 361 81 61 200 75 83 59 417 51 124 64 57 57 164 133 79 137 50 52 429 57 50 62
internal_value=3.11866e-07 -4.96501e-06 0.000329078 -1.15219e-05 5.17083e-05 -2.86411e-05 1.87142e-05 2.7049e-05 9.60944e-05 0 3.80867e-05 0.000103588 0.000159987 -4.13687e-05 -4.5956e-05 0 -5.19998e-05 0 2.26307e-05 5.01001e-05 -1.42469e-05 1.82335e-05 3.67155e-05 7.01089e-06 -5.43855e-05 4.09844e-05 -3.20509e-05 8.51189e-05 0.000104431 -2.96577e-05
internal_weight=6318 6266 105 6161 1250 4911 957 1187 365 901 419 219 158 3954 3706 518 3188 822 235 171 587 293 212 248 3064 111 482 114 101 423
internal_count=6318 6266 105 6161 1250 4911 957 1187 365 901 419 219 158 3954 3706 518 3188 822 235 171 587 293 212 248 3064 111 482 114 101 423
is_linear=0
shrinkage=0.05


Tree=5
num_leaves=31
num_cat=0
split_feature=131 33 98 111 80 131 75 118 50 104 116 24 128 117 100 84 114 93 115 63 4 4 58 21 37 37 129 140 24 93
split_gain=0.00549027 0.00961432 0.00235058 0.00287908 0.00133309 0.00113438 0.00151364 0.00223634 0.00111742 0.00119242 0.00212431 0.000473889 0.000460891 0.00135264 0.000276297 0.000249578 0.000109201 0.000142946 9.7028e-05 7.24975e-05 6.99613e-05 5.10867e-05 5.10108e-05 5.06e-05 4.65428e-05 3.81566e-05 3.21401e-05 2.88957e-05 2.0724e-05 1.24e-05
threshold=24.463098825772978 -0.99068568699374759 14.150000000000002 15.950000000000001 28.137500000000006 66.097061926189738 18.350000000000005 14.450000000000001 1020.4500000000002 4.4500000000000011 268.05126365000007 50.750000000000007 9.7166251931298913 0.15000000000000005 5.3000000000000123 2.2500000000000004 24.050000000000004 265.38818975000009 17.250000000000004 13.447850000000001 0.027773778500000002 0.0061498395000000013 5.0500000000000016 0.5902777777777779 0.15000000000000005 0.95000000000000007 5.5000000000000009 76.510000000000005 31.350000000000005 271.23806555000004
decision_type=2 2 2 10 2 2 2 10 2 2 10 2 2 10 2 2 10 2 10 2 2 2 2 2 2 2 2 2 2 2
left_child=1 -1 4 -4 12 6 -6 -8 9 -3 -11 -9 13 14 18 21 17 -17 24 -19 25 -7 26 29 -2 28 -18 -10 -14 -16
right_child=2 8 3 -5 5 15 7 11 27 10 -12 -13 20 -15 23 16 22 19 -20 -21 -22 -23 -24 -25 -26 -27 -28 -29 -30 -31
leaf_value=0.00072416608174749218 -4.8553649486663196e-05 0 0.00046004996307861547 0 0 -4.7997626437199431e-05 0.00040194364990630015 0.00011915475192257542 -4.0125413938905254e-05 0 0.00048131484826501714 -4.5960862409502109e-06 0 0.00022104734037039356 5.0296643544586396e-05 0 -2.757902053142658e-05 0 0 0.00012335958474959981 0 0 0 0 0 0 0 0 -5.4467973406630513e-05 0
leaf_weight=67 678 77 55 109 340 411 73 98 98 53 50 85 67 57 76 180 319 52 89 50 69 95 335 60 60 51 69 57 2403 50
leaf_count=67 678 77 55 109 340 411 73 98 98 53 50 85 67 57 76 180 319 52 89 50 69 95 335 60 60 51 69 57 2403 50
internal_value=-1.94021e-06 0.000175703 -1.48512e-05 0.000167955 -2.09449e-05 8.8365e-06 6.8522e-05 0.000160097 4.93001e-05 0.000139515 0.000250078 3.47884e-05 -3.9453e-05 -6.16627e-06 -2.40876e-05 -1.14287e-05 0 2.89686e-05 -3.87265e-05 7.59952e-05 -5.12672e-05 -4.02516e-05 -7.00389e-06 1.41215e-05 -4.48174e-05 -5.26268e-05 -2.04727e-05 -2.36366e-05 -5.3529e-05 3.59123e-05
internal_weight=6333 402 5931 164 5767 2107 596 256 335 180 103 183 3660 1070 1013 1511 1005 282 827 102 2590 506 723 186 738 2521 388 155 2470 126
internal_count=6333 402 5931 164 5767 2107 596 256 335 180 103 183 3660 1070 1013 1511 1005 282 827 102 2590 506 723 186 738 2521 388 155 2470 126
is_linear=0
shrinkage=0.05


Tree=6
num_leaves=31
num_cat=0
split_feature=134 120 80 131 94 138 29 92 131 35 128 117 25 155 100 52 88 141 11 68 101 116 64 141 115 59 133 120 100 43
split_gain=0.00560702 0.00656784 0.00259199 0.0033759 0.00276595 0.00527026 0.0010139 0.00120362 0.00265705 0.000503106 0.000434338 0.0012246 0.000339849 0.000271357 0.000246613 0.000182876 0.000148527 0.000139923 0.0001325 0.000117347 9.79444e-05 9.46478e-05 7.37755e-05 7.2148e-05 6.24217e-05 4.63892e-05 4.5076e-05 3.88142e-05 3.02383e-05 1.98258e-05
threshold=3.6600000000000006 273.42251485000003 28.137500000000006 66.097061926189738 4.5000000000000009 3.9600000000000004 31.500000000000004 13.550000000000002 54.34318632635496 282.76004525000002 9.7166251931298913 0.15000000000000005 13.500000000000002 0.088117647058823551 4.0999999999999668 112.50000000000001 31.337500000000006 28.365000000000006 0.0060564499583333339 0.45000000000000007 -5.7012087499999771 273.0296226000001 523.50000000000011 36.975000000000009 18.650000000000002 14.669550000000003 80.530000000000015 264.89645520000005 -6.6499999999999764 0.38450000000000006
decision_type=2 10 2 2 2 2 2 2 2 2 2 10 2 2 2 2 2 2 2 2 2 10 2 2 10 2 2 10 2 2
left_child=1 9 10 4 5 -4 7 8 -6 -1 11 14 -7 25 19 16 -15 -17 26 24 -12 -19 23 27 -2 -5 -16 -18 -29 -8
right_child=2 -3 3 13 6 12 29 -9 -10 -11 20 -13 -14 15 18 17 22 21 -20 -21 -22 -23 -24 -25 -26 -27 -28 28 -30 -31
leaf_value=-3.6446883737384761e-05 -4.9106805919729065e-05 0.000676632156474695 0.00073188462267456287 -4.3494983067974228e-05 0 0 -1.5902214444747873e-05 0 0.0004736850940139075 0.00014480173015710664 0 0.0002079419555649126 0.0001470321850737331 5.2752763426724411e-05 -2.1659396272481792e-05 0 0 0.00011085090196095681 7.0844485241347389e-05 0 -5.1212986894437899e-05 0 0 0 0 0 2.6646181901810419e-06 0 -4.4987788790306917e-05 0
leaf_weight=65 677 64 52 455 84 54 195 120 60 55 158 58 67 71 238 111 53 84 65 50 2433 86 119 162 54 72 79 65 354 73
leaf_count=65 677 64 52 455 84 54 195 120 60 55 158 58 67 71 238 111 53 84 65 50 2433 86 119 162 54 72 79 65 354 73
internal_value=-1.66269e-06 0.000268565 -1.06042e-05 2.96814e-05 0.000121489 0.000301667 5.30603e-05 0.000123401 0.000220414 5.81324e-06 -3.66145e-05 -6.92928e-06 7.13128e-05 -6.96636e-06 -2.21101e-05 3.14627e-06 -3.49753e-06 4.03023e-05 0 -3.89367e-05 -4.86665e-05 6.87335e-05 -1.54956e-05 -2.39909e-05 -4.49488e-05 -3.76058e-05 0 -3.39709e-05 -3.9124e-05 0
internal_weight=6333 184 6149 2337 705 173 532 264 144 120 3812 1221 121 1632 1163 1105 824 281 382 781 2591 170 753 634 731 527 317 472 419 268
internal_count=6333 184 6149 2337 705 173 532 264 144 120 3812 1221 121 1632 1163 1105 824 281 382 781 2591 170 753 634 731 527 317 472 419 268
is_linear=0
shrinkage=0.05


Tree=7
num_leaves=31
num_cat=0
split_feature=134 120 73 134 94 138 136 35 128 117 116 141 91 101 91 89 21 4 101 76 2 135 94 30 93 93 58 111 54 84
split_gain=0.00505835 0.00593598 0.00243397 0.00300495 0.00379615 0.00537829 0.00109659 0.000455784 0.00036139 0.00072299 0.000221351 0.000209697 0.000667179 0.000205682 0.000202015 0.000196532 0.000169896 0.000211899 0.000141669 8.04335e-05 4.34119e-05 3.40217e-05 3.25395e-05 2.58765e-05 3.6969e-05 2.34251e-05 2.27741e-05 2.23026e-05 2.96211e-05 2.92932e-05
threshold=3.6600000000000006 273.42251485000003 32.050000000000004 7.5650000000000004 4.5000000000000009 4.745000000000001 0.94000000000000006 282.76004525000002 9.7166251931298913 0.15000000000000005 274.39122835000006 33.255000000000003 25.050000000000004 -5.7945086499999823 29.250000000000004 41.550000000000004 0.39583333333333343 7.6750000000000009e-05 10.538265199999985 6.7500000000000018 0.00093457300000000007 3.9500000000000006 7.5000000000000009 -0.78857142857142926 264.25494310000005 265.51727535000003 6.2500000000000009 15.350000000000003 0.24500000000000002 2.850000000000001
decision_type=2 10 2 2 2 2 2 2 2 10 8 2 2 2 2 2 2 2 2 2 2 2 2 2 2 2 2 10 2 2
left_child=1 7 8 4 5 -4 15 -1 9 10 16 18 27 -10 21 22 17 -2 20 -15 23 -12 -6 24 -5 -20 -24 29 -29 -13
right_child=2 -3 3 11 6 -7 -8 -9 13 -11 14 12 -14 19 -16 -17 -18 -19 25 -21 -22 -23 26 -25 -26 -27 -28 28 -30 -31
leaf_value=-3.4652150193737309e-05 0.00013524758485069542 0.00064332103737755328 0.00071320639372823933 0 0 0 0.00021866815100798792 0.00013769092991164404 0 0.00013793475796135041 0 0 0.00013602939255311143 -4.8753508737626948e-05 0 7.0023419950045703e-05 -9.0590281896935545e-06 0 2.9625085016552688e-05 0 0 -4.8179243314579016e-05 -3.1191175827538449e-05 0 -4.5751013342870723e-05 0 0 -2.5269929127275512e-05 0 2.0629654240549606e-05
leaf_weight=65 50 64 61 54 81 63 81 55 196 73 50 105 98 2510 99 98 264 94 66 54 94 688 148 104 469 62 58 201 55 173
leaf_count=65 50 64 61 54 81 63 81 55 196 73 50 105 98 2510 99 98 264 94 66 54 94 688 148 104 469 62 58 201 55 173
internal_value=-1.2944e-06 0.000255349 -9.82735e-06 3.31194e-05 0.000128648 0.000380436 5.02707e-05 3.50124e-06 -3.28663e-05 -6.5425e-06 -1.91306e-05 -1.62455e-06 1.60935e-05 -4.3619e-05 -3.47037e-05 1.41359e-06 5.98925e-07 5.27283e-05 -2.06997e-05 -4.7418e-05 -3.15381e-05 -4.52669e-05 -4.81484e-06 -3.62816e-05 -4.1244e-05 1.36248e-06 -2.06214e-05 0 -1.46208e-05 1.71259e-06
internal_weight=6333 184 6149 2071 590 124 466 120 4078 1318 1245 1481 632 2760 837 385 408 144 849 2564 721 738 287 627 523 128 206 534 256 278
internal_count=6333 184 6149 2071 590 124 466 120 4078 1318 1245 1481 632 2760 837 385 408 144 849 2564 721 738 287 627 523 128 206 534 256 278
is_linear=0
shrinkage=0.05


Tree=8
num_leaves=31
num_cat=0
split_feature=134 67 50 128 86 88 138 86 98 138 103 27 59 100 88 133 123 15 85 94 11 30 16 80 30 135 119 66 100 115
split_gain=0.00456459 0.00588949 0.00218033 0.00237327 0.00253887 0.0060099 0.000570025 0.000564394 0.000549306 0.000542554 0.000539319 0.000506549 0.000300034 0.00018368 0.000227111 0.000181971 0.000204867 0.00021926 0.000222603 0.000109038 0.0001059 0.000152129 0.000170167 8.15742e-05 6.86942e-05 6.56149e-05 6.49934e-05 6.47515e-05 5.09262e-05 4.25218e-05
threshold=3.6600000000000006 13.850000000000003 1011.4500000000002 9.2173545129383765 4.5000000000000009 30.637500000000006 4.3850000000000007 16.500000000000004 15.350000000000003 4.3650000000000011 1345.4000000000003 1607.2000000000005 11.391950000000001 4.0499999999999554 23.537500000000005 23.815000000000001 -1.0000000180025095e-35 0.00038437500000000011 265.78119365000003 21.500000000000004 0.0028040629930555557 1.0000000180025095e-35 2.2200000000000002 34.51250000000001 -0.78857142857142926 6.3150000000000013 1.7500000000000002 41.225000000000009 7.5499999999999554 17.050000000000004
decision_type=2 2 2 2 2 2 2 2 2 2 2 2 2 2 2 2 2 2 2 2 2 2 2 2 2 2 8 2 2 10
left_child=1 11 3 4 5 -2 9 -6 15 13 -10 -1 26 29 -15 24 17 -17 -19 -14 21 22 -20 25 27 -18 -8 -5 -28 -4
right_child=2 -3 6 8 7 -7 12 -9 10 -11 -12 -13 19 14 -16 16 23 18 20 -21 -22 -23 -24 -25 -26 -27 28 -29 -30 -31
leaf_value=0.00015506190348080258 0 0.00068203194235998544 -3.5951399329593198e-05 -3.8975359109077563e-05 0 0.00061040691345577876 0 0.00016271415109648453 0.0002298677380724043 0.00013422839559047538 0 -1.2438976226780466e-05 -1.5461641877815644e-06 7.8236097392800734e-05 0 0 0 0 0.00014473063213134041 6.8512583833431752e-05 0 0 0 2.9815270749548809e-06 0 -3.2813010997124556e-05 -4.9895192021292451e-05 0 0 0
leaf_weight=53 102 54 448 516 225 77 78 55 50 71 56 77 143 99 187 187 50 51 126 57 55 55 62 85 102 393 2650 57 62 50
leaf_count=53 102 54 448 516 225 77 78 55 50 71 56 77 143 99 187 187 50 51 126 57 55 55 62 85 102 393 2650 57 62 50
internal_value=-9.88087e-07 0.000242783 -9.13389e-06 2.81698e-05 0.000129902 0.000279263 -3.27886e-05 1.59699e-05 9.56659e-08 0 0.000112179 1.83443e-05 -4.31145e-05 -8.67989e-06 1.24257e-05 -3.9233e-06 5.3039e-06 3.00564e-05 5.43341e-05 0 7.29176e-05 8.71809e-05 0.000108741 -1.03811e-05 -2.58509e-05 -2.42072e-05 -4.75481e-05 -3.29577e-05 -4.88437e-05 -3.08214e-05
internal_weight=6333 184 6149 2304 459 179 3845 280 1845 855 106 130 2990 784 286 1739 1064 536 349 200 298 243 188 528 675 443 2790 573 2712 498
internal_count=6333 184 6149 2304 459 179 3845 280 1845 855 106 130 2990 784 286 1739 1064 536 349 200 298 243 188 528 675 443 2790 573 2712 498
is_linear=0
shrinkage=0.05


Tree=9
num_leaves=31
num_cat=0
split_feature=139 33 58 105 64 102 131 56 101 138 137 97 44 131 35 116 85 15 85 141 6 21 92 109 18 7 85 31 49 50
split_gain=0.00423374 0.00831617 0.00179967 0.00267884 0.00129543 0.000597508 0.00052728 0.000670353 0.00042089 0.000269126 0.000274414 0.000651862 0.00023389 0.000185487 0.000175876 0.000280176 0.000138421 0.000232164 0.000220866 0.000253817 0.000116929 0.000110614 8.15053e-05 6.1698e-05 5.8308e-05 5.3066e-05 3.81375e-05 3.79537e-05 2.62738e-05 1.99845e-05
threshold=91.048068522959113 -0.99068568699374759 1.9499999999999995 4.5000000000000009 17.999999999999972 -6.3999999999999995 66.097061926189738 10.384407300000023 -4.6069917999999737 4.3850000000000007 0.18500000000000003 2.3999999999999999 912.50000000000011 101.39159143922772 277.03284350000007 266.82608310000006 269.63425390000003 0.00045520833333333334 273.12622315000004 31.980000000000004 0.042731250000000005 0.12500000000000003 6.3500000000000014 1.0000000180025095e-35 0.057693750000000009 0.00125 267.69459815000005 30.250000000000004 985.05000000000007 1005.35
decision_type=2 2 2 2 2 2 2 2 2 2 2 2 2 2 2 10 2 2 2 2 2 2 2 2 2 2 2 2 2 2
left_child=2 -2 5 -4 23 -1 7 12 13 10 11 -10 -5 14 15 -7 24 -18 19 -19 25 -11 -17 28 26 -12 -8 -23 -3 -27
right_child=1 4 3 6 -6 8 16 -9 9 21 20 -13 -14 -15 -16 22 17 18 -20 -21 -22 27 -24 -25 -26 29 -28 -29 -30 -31
leaf_value=0.0001197778704809025 0.00072898556013043219 -4.7862440708796588e-05 0.00039752999075241027 0.00010429060653254494 0.00022825582075513569 0 -3.3069996392233794e-05 0.00019745209495493821 0 0 0 0.00018829765867025652 0 -1.6807262138939346e-05 0 0.00016533234338451637 0 0 0 0.00015698388331111349 0 -4.6535108841213664e-05 0 0 0 0 0 0 0 -4.6317070546411049e-05
leaf_weight=54 56 97 50 57 68 65 349 88 195 100 58 52 227 305 113 62 245 53 92 79 74 2827 73 50 56 53 157 96 50 432
leaf_count=54 56 97 50 57 68 65 349 88 195 100 58 52 227 305 113 62 245 53 92 79 74 2827 73 50 56 53 157 96 50 432
internal_value=-7.48492e-07 0.000175002 -1.09914e-05 3.59996e-05 3.68361e-05 -2.70691e-05 1.92802e-05 7.02371e-05 -2.99651e-05 -3.62081e-05 -4.48913e-06 3.17191e-05 1.272e-05 1.21875e-06 3.47052e-05 6.37895e-05 0 2.0854e-05 5.90596e-05 0.000100262 -2.71026e-05 -4.36158e-05 0.000105661 -4.80435e-06 -1.58621e-05 -3.70382e-05 -2.38099e-05 -4.54089e-05 -3.27578e-05 -4.25267e-05
internal_weight=6333 321 6012 1453 265 4559 1403 372 4505 3887 864 247 284 618 313 200 1031 469 224 132 617 3023 135 197 562 543 506 2923 147 485
internal_count=6333 321 6012 1453 265 4559 1403 372 4505 3887 864 247 284 618 313 200 1031 469 224 132 617 3023 135 197 562 543 506 2923 147 485
is_linear=0
shrinkage=0.05


Tree=10
num_leaves=31
num_cat=0
split_feature=134 120 50 103 111 2 101 122 38 68 104 16 33 115 117 39 1 100 11 65 49 141 73 133 21 16 101 19 83 141
split_gain=0.00736585 0.0124241 0.00195763 0.00267104 0.001516 0.000841391 0.0021779 0.000578838 0.00110403 0.00105357 0.000635541 0.000804849 0.00052337 0.000407705 0.000304141 0.000238569 0.00024603 0.000233745 0.000251069 0.000229526 0.000314614 0.000681468 0.000147313 9.13942e-05 6.93924e-05 6.23437e-05 5.6006e-05 3.51298e-05 3.38185e-05 1.47082e-05
threshold=3.6600000000000006 273.42251485000003 1012.5500000000001 866.10000000000014 7.0500000000000007 0.0030276435000000002 4.6500039999999681 19.500000000000004 1.0000000180025095e-35 5.0500000000000016 0.75000000000000011 0.77000000000000013 0.067884653464281228 15.450000000000001 1.0000000180025095e-35 0.87500000000000011 0.14441036650000003 3.8000000000000118 0.0017222175763888894 23.150000000000002 988.75000000000011 30.670000000000005 39.050000000000004 80.530000000000015 0.15972222222222224 0.03500000000000001 -3.408865350000013 -0.0074014285714285684 13.950000000000001 37.035000000000004
decision_type=2 10 2 2 10 2 2 2 2 2 2 2 2 10 10 2 2 2 2 2 2 2 2 2 2 2 2 2 2 2
left_child=1 14 3 -2 -5 17 -7 10 -9 -10 11 -6 13 -13 -1 16 24 22 23 20 21 -20 -4 -19 -12 -26 -18 -27 -29 -21
right_child=2 -3 5 4 7 6 -8 8 9 -11 15 12 -14 -15 -16 -17 26 18 19 29 -22 -23 -24 -25 25 27 -28 28 -30 -31
leaf_value=-5.0128135134443815e-05 0.0003043871269331029 0.00089207675977142514 -4.682358291888262e-05 0.00028904835064569106 0 -1.7810408331797575e-06 0.00034176651132238137 0 0.0003499463997529044 0 0 0.00030023399465668873 0 0 9.7756066257023214e-05 5.6735520258371246e-05 5.8190747665120994e-05 -4.0253943111024337e-05 0.00019394951743689914 -1.9170615778894198e-05 0 0 0 0 0 0 0 0 -4.4574705313435e-05 0
leaf_weight=62 86 61 2414 50 241 167 52 240 56 54 86 59 85 54 62 59 58 564 81 172 73 100 53 58 78 69 57 55 996 61
leaf_count=62 86 61 2414 50 241 167 52 240 56 54 86 59 85 54 62 59 58 564 81 172 73 100 53 58 78 69 57 55 996 61
internal_value=2.97271e-06 0.000313491 -5.56579e-06 2.8919e-05 1.63016e-05 -2.85389e-05 5.82473e-05 7.88242e-06 6.72276e-05 0.000197882 -4.62174e-07 4.92816e-05 0.000124423 0.000196218 0 -1.88904e-05 -2.56895e-05 -3.52665e-05 -9.804e-06 9.84875e-06 4.82779e-05 8.71047e-05 -4.46782e-05 -3.32081e-05 -3.39287e-05 -3.71269e-05 2.26991e-05 -4.01666e-05 -4.24577e-05 -1.07037e-05
internal_weight=6363 185 6178 2383 2297 3795 219 2247 350 110 1897 439 198 113 124 1458 1399 3576 1109 487 254 181 2467 622 1284 1198 115 1120 1051 233
internal_count=6363 185 6178 2383 2297 3795 219 2247 350 110 1897 439 198 113 124 1458 1399 3576 1109 487 254 181 2467 622 1284 1198 115 1120 1051 233
is_linear=0
shrinkage=0.05


Tree=11
num_leaves=31
num_cat=0
split_feature=134 105 131 98 102 39 2 86 58 101 93 122 131 104 36 84 142 140 110 104 83 56 100 104 42 119 131 41 145 113
split_gain=0.00664926 0.0102188 0.00183007 0.00391368 0.00190194 0.00125906 0.00067864 0.000508213 0.000464322 0.000280734 0.000261868 0.000275274 0.000129166 0.000136619 0.000121006 0.000115331 0.000138944 0.000158465 0.000116565 7.73065e-05 0.000122045 6.47712e-05 6.01281e-05 6.67273e-05 7.29649e-05 3.73988e-05 3.62029e-05 3.3328e-05 3.04847e-05 2.77147e-05
threshold=3.6600000000000006 24.500000000000004 66.097061926189738 12.300000000000004 -4.5999999999999979 1.0150000000000003 0.0046566110000000006 15.500000000000002 5.0500000000000016 -4.445556049999964 265.4424831500001 19.500000000000004 101.39159143922772 6.0500000000000016 261.05705075000009 1.8500000000000005 178.94132777377956 50.560000000000009 33.750000000000007 0.55000000000000016 11.050000000000002 11.712314250000022 5.9500000000000464 25.900000000000009 1.3650000000000004 22.250000000000004 62.20474218226024 32.500000000000007 1.4750000000000003 1.0500000000000003
decision_type=2 2 2 2 2 2 2 2 2 2 2 2 2 2 2 2 2 2 10 2 2 2 2 2 2 10 2 2 2 10
left_child=1 -1 3 4 -2 6 7 10 9 12 11 19 13 -4 -11 -10 -17 18 -18 -6 -21 25 23 24 -12 27 29 -16 -14 -22
right_child=2 -3 8 -5 5 -7 -8 -9 15 14 22 -13 28 -15 21 16 17 -19 -20 20 26 -23 -24 -25 -26 -27 -28 -29 -30 -31
leaf_value=0.00068361791360398963 0.00027892712812108985 -1.1183252874953844e-05 9.5552910838843228e-05 0.00044710121803259349 3.3232787429609882e-05 0.00025125046888562939 0.0001335253475529529 0.00013102447759073195 -1.0317041745276416e-05 0 -4.6408656051588048e-05 9.0208060147623265e-05 -2.0611371719692566e-05 0 0 0 0.00010212413292384345 0 0 1.7347274085911284e-06 -4.3962078321411406e-05 0 0 0 0 0 0 -4.2664390374094307e-05 0 0
leaf_weight=89 68 96 65 56 52 50 88 55 175 112 729 83 324 74 63 224 129 78 72 98 312 108 64 73 60 96 56 2685 75 54
leaf_count=89 68 96 65 56 52 50 88 55 175 112 729 83 324 74 63 224 129 78 72 98 312 108 64 73 60 96 56 2685 75 54
internal_value=3.03723e-06 0.000298069 -5.0351e-06 3.47659e-05 1.92814e-05 6.36036e-06 0 -8.19053e-06 -2.38571e-05 -3.13721e-05 -1.62739e-05 1.20225e-06 0 4.31821e-05 -3.72283e-05 8.69115e-06 2.52323e-05 4.88526e-05 7.25901e-05 -3.12182e-06 -1.6411e-05 -3.9255e-05 -3.40172e-05 -3.76453e-05 -4.19438e-05 -4.06985e-05 -3.24394e-05 -4.18118e-05 -1.24356e-05 -3.82034e-05
internal_weight=6363 185 6178 1898 1842 1774 1724 1636 4280 3602 1581 655 538 139 3064 678 503 279 201 572 520 2952 926 862 789 2844 422 2748 399 366
internal_count=6363 185 6178 1898 1842 1774 1724 1636 4280 3602 1581 655 538 139 3064 678 503 279 201 572 520 2952 926 862 789 2844 422 2748 399 366
is_linear=0
shrinkage=0.05


Tree=12
num_leaves=31
num_cat=0
split_feature=19 39 98 141 128 102 50 59 76 23 105 128 29 105 101 1 58 21 44 92 139 29 122 93 1 122 11 84 23 44
split_gain=0.00579289 0.00304186 0.00156707 0.0015253 0.00125347 0.00164716 0.000890359 0.000568366 0.000425146 0.000595657 0.000357716 0.000361521 0.000573694 0.0002303 0.000179414 0.000210271 0.000151204 0.000124994 0.000118237 0.000113165 9.9243e-05 7.62581e-05 6.69861e-05 5.36873e-05 5.31181e-05 1.3872e-05 1.33332e-05 1.31317e-05 7.29711e-05 1.72523e-06
threshold=0.014947142857142855 1.0150000000000003 16.250000000000004 33.890000000000008 9.2173545129383765 -4.4499999999999993 1027.6500000000003 10.687700000000001 0.35000000000000009 22.022916666666667 17.500000000000004 10.018310656109238 24.150000000000002 5.5000000000000009 -2.8571419499999986 0.12230235450000003 4.9500000000000002 0.12500000000000003 1972.5000000000002 2.4500000000000006 87.16903152294654 47.050000000000004 16.500000000000004 264.2839082000001 0.11044648200000003 20.500000000000004 0.0028040629930555557 8.5500000000000025 25.256944444444446 1542.5000000000002
decision_type=2 2 2 2 2 2 2 2 2 2 2 2 2 2 2 2 2 2 2 2 2 2 2 2 2 2 2 2 2 2
left_child=1 2 4 -4 5 -1 8 14 13 -10 11 12 -9 -7 15 20 21 -16 -19 -12 23 -15 -13 -6 25 26 -21 28 -11 -25
right_child=-2 -3 3 -5 7 6 -8 10 9 27 19 22 -14 16 17 -17 -18 18 -20 24 -22 -23 -24 29 -26 -27 -28 -29 -30 -31
leaf_value=0.00031836819919037369 0.00041338523338302314 0.00029781134088725271 0 0.00037824645134070824 0 4.5529570755586718e-05 0.00019916503943477441 0 0.00016127213362383572 5.3219623828466098e-05 -3.1565130825602454e-05 0 0.00021139903145064038 -4.7862405257451962e-05 0 5.5711736072547446e-05 0 -4.1892874419920218e-05 0 -1.7197623718264209e-05 0 0 5.6749317563326955e-05 -3.8070153506377863e-05 3.719093932393965e-05 0 0 0 0 0
leaf_weight=50 84 82 62 50 103 78 63 51 91 75 364 217 70 497 67 98 99 2801 136 229 56 68 51 418 95 55 51 94 56 52
leaf_count=50 84 82 62 50 103 78 63 51 91 75 364 217 70 497 67 98 99 2801 136 229 56 68 51 418 95 55 51 94 56 52
internal_value=3.08848e-06 -1.66921e-06 -6.48613e-06 0.000175573 -1.0687e-05 3.41289e-05 1.67222e-05 -2.23886e-05 9.59141e-07 5.33915e-05 4.25024e-06 4.6269e-05 0.000119381 -1.46829e-05 -3.21737e-05 -1.75043e-06 -2.93327e-05 -3.78695e-05 -3.96631e-05 -1.00788e-05 -1.87139e-05 -4.09727e-05 0 -2.85766e-05 0 -1.83592e-07 -1.11111e-05 0 1.57704e-05 -3.57794e-05
internal_weight=6363 6279 6197 112 6085 1171 1121 4914 1058 316 1183 389 121 742 3731 727 664 3004 2937 794 629 565 268 573 430 335 280 225 131 470
internal_count=6363 6279 6197 112 6085 1171 1121 4914 1058 316 1183 389 121 742 3731 727 664 3004 2937 794 629 565 268 573 430 335 280 225 131 470
is_linear=0
shrinkage=0.05


Tree=13
num_leaves=31
num_cat=0
split_feature=134 120 128 50 86 88 50 59 105 101 122 117 92 77 76 114 30 56 4 68 50 89 142 96 116 104 85 31 119 33
split_gain=0.00563453 0.011229 0.00163101 0.00215782 0.00460555 0.00662118 0.00135603 0.000897291 0.000967263 0.00027809 0.000273001 0.000218199 0.000196647 0.000149987 0.000134687 0.000128926 0.000168453 0.000112483 9.20176e-05 0.000107601 6.40485e-05 6.24543e-05 3.89345e-05 5.54455e-05 5.59679e-05 2.89709e-05 2.43589e-05 2.26044e-05 2.24756e-05 1.96028e-05
threshold=3.6600000000000006 273.42251485000003 9.2173545129383765 1007.5500000000001 4.5000000000000009 30.925000000000004 1027.6500000000003 12.001750000000003 7.5000000000000009 -3.3398337499999964 17.500000000000004 1.0000000180025095e-35 2.4500000000000006 289.80402175000006 0.45000000000000007 23.850000000000005 -3.0457142857142849 -12.092949249999974 0.012910643500000001 1.0000000180025095e-35 994.45000000000016 44.150000000000013 464.50375483722991 32.912500000000001 267.94159960000007 25.650000000000006 268.61221585000004 34.350000000000001 22.900000000000002 -0.99166604524036484
decision_type=2 10 2 2 2 2 2 2 2 2 2 10 2 2 2 10 2 2 2 2 2 2 2 2 10 2 2 2 10 2
left_child=1 11 3 4 5 -2 14 9 -9 18 27 -1 26 17 21 16 -14 -11 19 29 -19 25 -21 24 -24 -5 -10 -6 -22 -4
right_child=2 -3 7 6 10 -7 -8 8 12 13 -12 -13 15 -15 -16 -17 -18 20 -20 22 28 -23 23 -25 -26 -27 -28 -29 -30 -31
leaf_value=-6.5700877558334646e-05 0 0.00082421775045429151 0 -4.1254240678827666e-05 -2.3766160630311928e-05 0.0007767863151445151 0.0002483409527578225 0.00022513022686772882 -2.1632145794582257e-05 0 0.00011106800402760403 6.5894589264182347e-05 0 0 9.341775591813278e-06 0 0.00010834984617437893 0 4.992913041927817e-05 0 -3.946764010912313e-05 0 7.7749567524675967e-05 0 0 0 0 0 0 -3.1044086731346636e-05
leaf_weight=62 72 61 52 471 128 59 50 59 269 129 53 62 54 206 76 287 101 64 80 119 2953 75 62 63 98 55 50 61 79 353
leaf_count=62 72 61 52 471 128 59 50 59 269 129 53 62 54 206 76 287 101 64 80 119 2953 75 62 63 98 55 50 61 79 353
internal_value=3.22239e-06 0.000274805 -4.1441e-06 4.99086e-05 0.000147501 0.000385837 0 -1.6845e-05 2.81524e-05 -2.66891e-05 0 0 6.04376e-06 -3.29624e-05 -1.89994e-05 3.2013e-05 7.05435e-05 -3.5667e-05 0 -6.13111e-06 -3.76288e-05 -3.08985e-05 3.80463e-06 2.13706e-05 3.86829e-05 -3.72406e-05 -1.43013e-05 -9.27703e-06 -3.87117e-05 -2.68253e-05
internal_weight=6363 185 6178 1100 373 131 727 5078 820 4258 242 124 761 3431 677 442 155 3225 827 747 3096 601 342 223 160 526 319 189 3032 405
internal_count=6363 185 6178 1100 373 131 727 5078 820 4258 242 124 761 3431 677 442 155 3225 827 747 3096 601 342 223 160 526 319 189 3032 405
is_linear=0
shrinkage=0.05


Tree=14
num_leaves=31
num_cat=0
split_feature=19 133 34 98 103 68 122 80 84 138 50 74 137 126 91 114 67 21 80 40 81 97 6 118 49 91 113 49 1 35
split_gain=0.00511084 0.00247995 0.00314207 0.00144789 0.00305278 0.000729425 0.000789658 0.00105946 0.00115512 0.000437143 0.00106368 0.000430935 0.000355332 0.000272381 0.000223608 0.000161855 0.000156427 0.000119478 0.000104385 9.93301e-05 9.06984e-05 8.00318e-05 7.60192e-05 4.63514e-05 3.86016e-05 3.18663e-05 2.32068e-05 1.9213e-05 2.00376e-05 1.77304e-05
threshold=0.014947142857142855 87.815000000000012 -0.040943227135682388 11.900000000000002 959.75000000000011 1.5500000000000003 17.500000000000004 31.987500000000004 9.8500000000000032 4.4700000000000015 1027.6500000000003 36.107142857142868 1.0000000180025095e-35 9.5000000000000018 26.100000000000005 18.850000000000005 16.250000000000004 0.26388888888888895 33.737500000000004 0.025000000000000005 44.550000000000004 -5.6999999999999966 0.042731250000000005 4.7500000000000009 975.85000000000002 25.650000000000002 0.55000000000000016 938.55000000000007 0.15152663050000001 294.02787930000005
decision_type=2 2 2 2 2 2 2 2 2 2 2 2 2 2 2 10 2 2 2 2 2 2 2 8 2 2 10 2 2 2
left_child=1 3 -3 5 -5 9 -7 8 -8 10 12 16 -1 15 20 -14 23 24 19 22 -13 -19 -15 -11 -18 -20 -23 -25 29 -29
right_child=-2 2 -4 4 -6 6 7 -9 -10 11 -12 14 13 18 -16 -17 17 21 25 -21 -22 26 -24 27 -26 -27 -28 28 -30 -31
leaf_value=8.7260614154931529e-05 0.00038862564983334303 0 0.00046764438898886539 0.00045654743105200509 0 0 0.00035217513341622721 0 0 0 0.00021265528845537644 0.00013338183615001312 0.00010622209034785368 -4.3388137376930793e-05 0 0 4.9824246063421709e-05 0 3.6986816741208995e-05 0 0 -2.9726168798817795e-05 0 0 0 -1.5235512247491824e-06 0 -4.0809488125657009e-05 -1.8347335580983773e-06 0
leaf_weight=89 84 86 62 50 180 276 67 78 51 54 58 56 57 711 94 60 83 81 57 107 54 510 61 61 50 137 53 2626 319 51
leaf_count=89 84 86 62 50 180 276 67 78 51 54 58 56 57 711 94 60 83 81 57 107 54 510 61 61 50 137 53 2626 319 51
internal_value=3.28229e-06 -1.13769e-06 0.000199368 -6.82493e-06 0.000113928 -1.23971e-05 4.41809e-05 0.000121275 0.000215883 -1.82441e-05 3.43093e-06 -2.65468e-05 -2.30944e-06 -1.32742e-05 3.33719e-05 4.60089e-05 -3.09841e-05 -2.95086e-06 -2.44307e-05 -3.20154e-05 8.422e-05 -1.73181e-05 -3.85761e-05 -3.63758e-05 2.89135e-05 0 -2.64148e-05 -3.72083e-05 -3.77976e-05 -4.02138e-05
internal_weight=6363 6279 148 6131 230 5901 472 196 118 5429 1337 4092 1279 1190 204 117 3888 777 1073 879 110 644 772 3111 133 194 563 3057 2996 2677
internal_count=6363 6279 148 6131 230 5901 472 196 118 5429 1337 4092 1279 1190 204 117 3888 777 1073 879 110 644 772 3111 133 194 563 3057 2996 2677
is_linear=0
shrinkage=0.05


Tree=15
num_leaves=31
num_cat=0
split_feature=2 133 92 98 41 2 115 116 104 33 122 29 141 11 30 119 103 122 81 67 11 137 140 91 95 59 16 19 52 50
split_gain=0.00647718 0.00275016 0.00282186 0.00154632 0.00157589 0.00105935 0.00384966 0.000721712 0.000501523 0.000946167 0.000522497 0.000567649 0.000319696 0.000203943 0.0004581 0.000176544 0.000161495 0.000159721 0.000111297 0.000105851 8.79348e-05 7.61459e-05 5.61631e-05 4.8063e-05 3.7805e-05 2.7961e-05 1.74467e-05 1.44038e-05 1.20577e-05 1.36831e-05
threshold=0.048280649000000009 88.200000000000003 1.8500000000000005 16.250000000000004 56.500000000000007 0.0030276435000000002 8.2500000000000018 273.23579680000006 0.45000000000000007 -0.019330678791224309 20.500000000000004 24.550000000000004 18.815000000000001 0.0032577515486111115 -1.5699999999999987 10.750000000000002 1231.1500000000003 17.500000000000004 33.650000000000013 17.350000000000005 0.01171224859027778 0.095000000000000015 73.360000000000014 11.15 2.5000000000000004 9.068500000000002 1.2050000000000003 0.010917142857142851 277.50000000000006 993.25000000000011
decision_type=2 2 2 2 2 2 8 8 2 2 2 2 2 2 2 10 2 2 2 2 2 2 2 2 2 2 2 2 2 2
left_child=1 3 -3 5 -5 7 -7 8 9 -1 13 -12 15 16 -15 -9 -10 22 -13 20 27 -19 23 -18 -8 -26 -11 -14 29 -25
right_child=-2 2 -4 4 -6 6 24 12 10 26 11 18 19 14 -16 -17 17 21 -20 -21 -22 -23 -24 28 25 -27 -28 -29 -30 -31
leaf_value=0.00019470966362902689 0.0005498800391743081 0 0.00048363515246912083 0 0.00038256105746589967 0.00040876763441728139 -2.4114143478559556e-05 0 3.0166664314795826e-05 -1.0149984906908275e-05 0.0002165943210852942 5.8983931789043711e-05 -3.953590380129698e-05 -5.9306782303097208e-06 0.00011165759477356032 8.8121915618622946e-05 0 5.9374020079472012e-05 0 0 0 0 0 0 0 3.7143492006163004e-05 2.0547910155922483e-05 0 0 -4.0591751084545522e-05
leaf_weight=95 53 56 58 64 50 68 156 57 59 115 50 79 2689 169 98 69 69 53 139 213 59 178 126 89 51 52 74 89 50 1111
leaf_count=95 53 56 58 64 50 68 156 57 59 115 50 79 2689 169 98 69 69 53 139 213 59 178 126 89 51 52 74 89 50 1111
internal_value=4.61349e-06 0 0.000242193 -4.58536e-06 0.00017506 -8.82019e-06 7.62121e-05 -1.45577e-05 3.51792e-06 6.68625e-05 -2.23141e-06 6.01587e-05 -3.06637e-05 -1.31055e-05 1.88279e-05 2.83708e-05 -2.09079e-05 -2.57043e-05 6.22751e-07 -3.47498e-05 -3.73018e-05 0 -3.22863e-05 -3.53309e-05 0 5.56284e-06 0 -3.87307e-05 -3.75922e-05 -3.86924e-05
internal_weight=6338 6285 114 6171 114 6057 327 5730 2554 284 2270 268 3176 2002 267 126 1735 1676 218 3050 2837 231 1445 1319 259 103 189 2778 1250 1200
internal_count=6338 6285 114 6171 114 6057 327 5730 2554 284 2270 268 3176 2002 267 126 1735 1676 218 3050 2837 231 1445 1319 259 103 189 2778 1250 1200
is_linear=0
shrinkage=0.05


Tree=16
num_leaves=31
num_cat=0
split_feature=2 133 99 138 50 105 81 76 132 58 103 1 133 119 59 139 11 77 104 108 131 6 106 115 129 50 68 99 33 74
split_gain=0.00585302 0.00247631 0.00302676 0.00127623 0.00234918 0.00198285 0.00430648 0.00083192 0.00139033 0.000497049 0.000214675 0.000265465 0.000200404 0.00029539 0.00036096 0.000170122 0.00013503 0.000114248 0.000123255 9.78763e-05 9.42139e-05 9.3637e-05 6.59262e-05 8.76344e-05 8.13161e-05 6.49908e-05 4.13593e-05 3.98489e-05 5.47907e-05 2.64461e-05
threshold=0.048280649000000009 88.200000000000003 0.95000000000004559 4.6950000000000012 1027.6500000000003 5.5000000000000009 36.050000000000004 2.5500000000000012 2.5000000000000004 5.650000000000003 1102.6500000000001 0.12230235450000003 24.405000000000005 11.65 13.5631 87.16903152294654 0.0032577515486111115 292.09661925000006 22.650000000000006 296.13924405000006 44.072938538781621 0.042731250000000005 19.950000000000003 9.8500000000000032 6.5000000000000009 996.95000000000016 2.2500000000000004 -1.3500000000000225 0.4117889784432256 20.321428571428577
decision_type=2 2 2 2 2 2 2 2 2 2 2 2 2 10 2 2 2 2 2 2 2 2 2 10 2 2 2 2 2 2
left_child=1 3 -3 4 5 6 -1 10 -9 15 11 -7 -11 27 -15 16 19 18 21 26 -10 25 -17 24 -24 -12 -5 28 -14 -18
right_child=-2 2 -4 9 -6 7 -8 8 20 12 17 -13 13 14 -16 22 29 -19 -20 -21 -22 -23 23 -25 -26 -27 -28 -29 -30 -31
leaf_value=0 0.00052289518178440632 0 0.00047697394647790744 -3.7455484527084646e-05 0.00033530846660372818 0 0.00056336786374267119 0.00032226244671904833 6.6663731111406857e-05 0 0 0.00011341261713096175 4.7480593580649903e-05 0 0.00020354692115947807 -1.4234968019336784e-05 -1.4331779406188117e-05 0 0 0 0 0 0 0 8.0272957001249968e-05 -4.5264701981338766e-05 0 -7.276777679476525e-06 0 1.4600115114491735e-06
leaf_weight=75 53 55 59 2678 62 127 50 50 52 229 51 59 102 50 56 162 318 58 132 53 125 86 52 54 85 818 175 82 53 277
leaf_count=75 53 55 59 2678 62 127 50 50 52 229 51 59 102 50 56 162 318 58 132 53 125 86 52 54 85 818 175 82 53 277
internal_value=4.56485e-06 0 0.000229997 -4.17197e-06 3.09591e-05 1.65856e-05 0.00020741 0 8.93615e-05 -1.91561e-05 -1.39473e-05 2.40411e-05 1.95812e-05 4.57721e-05 0.000116779 -2.6206e-05 -2.96213e-05 -2.4497e-05 -2.991e-05 -3.42511e-05 0 -3.66122e-05 0 2.6199e-05 5.04237e-05 -4.17376e-05 -3.57863e-05 0 2.47069e-05 0
internal_weight=6338 6285 114 6171 1745 1683 125 1558 227 4426 1331 186 572 343 106 3854 3501 1145 1087 2906 177 955 353 191 137 869 2853 237 155 595
internal_count=6338 6285 114 6171 1745 1683 125 1558 227 4426 1331 186 572 343 106 3854 3501 1145 1087 2906 177 955 353 191 137 869 2853 237 155 595
is_linear=0
shrinkage=0.05


Tree=17
num_leaves=31
num_cat=0
split_feature=2 133 99 138 50 56 86 126 128 65 5 43 122 133 49 128 139 6 11 39 35 106 115 134 49 140 74 7 19 49
split_gain=0.00528936 0.00221695 0.00275506 0.00117412 0.00211231 0.00185995 0.00191517 0.000582672 0.0012094 0.000446037 0.00021664 0.000200308 0.000315358 0.000184298 0.000208666 0.000315328 0.000151641 0.000145406 0.000121721 0.000108741 8.72581e-05 5.77378e-05 8.11176e-05 6.55758e-05 5.17152e-05 3.46038e-05 2.38755e-05 7.28953e-05 2.04004e-05 1.81139e-05
threshold=0.048280649000000009 88.200000000000003 0.95000000000004559 4.6950000000000012 1027.6500000000003 10.384407300000023 4.5000000000000009 10.500000000000002 9.6990731166746915 35.650000000000013 0.17500000000000002 0.38550000000000006 17.500000000000004 24.405000000000005 949.35000000000002 10.294295681912834 87.16903152294654 0.042731250000000005 0.0032577515486111115 0.45500000000000002 294.02787930000005 19.950000000000003 9.8500000000000032 4.0650000000000004 982.95000000000016 69.210000000000022 20.321428571428577 0.13525000000000001 -5.5714285714285695e-05 970.1500000000002
decision_type=2 2 2 2 2 2 2 2 2 2 2 2 2 2 2 2 2 2 2 2 2 2 10 2 2 2 2 2 2 2
left_child=1 3 -3 4 5 7 -7 8 -1 16 -8 17 24 -11 -15 -16 18 25 19 20 -5 -18 23 -23 -13 -9 -20 -28 29 -17
right_child=-2 2 -4 9 -6 6 10 11 -10 13 -12 12 -14 14 15 28 21 -19 26 -21 -22 22 -24 -25 -26 -27 27 -29 -30 -31
leaf_value=0 0.00049723461654206473 0 0.00045352273230673753 -3.6092524831012071e-05 0.00031880916732858635 0.00038460674973920866 8.2081977249686138e-05 -4.1521047320782226e-05 0.0002721274915938921 0 0 -2.475800823856781e-05 9.3594110646714148e-05 0 0.00017229371288880375 3.942722118948055e-05 -1.3527586015195858e-05 0 -1.3617436831785463e-05 0 0 9.5290019657937283e-05 0 0 0 0 5.1844418825674114e-05 0 0 0
leaf_weight=102 53 55 59 2736 62 65 95 744 55 229 75 231 88 100 65 62 162 89 318 61 109 52 54 85 87 52 67 210 63 53
leaf_count=102 53 55 59 2736 62 65 95 744 55 229 75 231 88 100 65 62 162 89 318 61 109 52 54 85 87 52 67 210 63 53
internal_value=4.48787e-06 0 0.000217762 -3.79855e-06 2.98651e-05 1.60686e-05 0.000146717 -1.77071e-06 8.43249e-05 -1.8204e-05 2.48027e-05 -1.6168e-05 3.19373e-06 1.8216e-05 4.34982e-05 6.93218e-05 -2.49097e-05 -3.06873e-05 -2.81299e-05 -3.25259e-05 -3.42947e-05 0 2.44221e-05 4.79515e-05 -6.36373e-06 -3.87682e-05 0 1.38727e-06 3.03428e-06 2.13042e-05
internal_weight=6338 6285 114 6171 1745 1683 235 1448 157 4426 170 1291 406 572 343 243 3854 885 3501 2906 2845 353 191 137 318 796 595 277 178 115
internal_count=6338 6285 114 6171 1745 1683 235 1448 157 4426 170 1291 406 572 343 243 3854 885 3501 2906 2845 353 191 137 318 796 595 277 178 115
is_linear=0
shrinkage=0.05


Tree=18
num_leaves=31
num_cat=0
split_feature=2 133 104 98 134 2 101 116 128 25 67 75 114 114 4 70 113 16 50 4 24 116 106 109 3 67 90 6 135 33
split_gain=0.00477969 0.00198373 0.0025605 0.00132309 0.00202463 0.000939716 0.00366778 0.000592176 0.000520365 0.000695543 0.00124421 0.000965152 0.00249582 0.000278025 0.000219208 0.000183271 9.8035e-05 9.58997e-05 0.000114695 8.7422e-05 7.49943e-05 0.000102314 0.00021749 7.33394e-05 4.04808e-05 3.60985e-05 3.41688e-05 3.02272e-05 2.66168e-05 2.40546e-05
threshold=0.048280649000000009 88.200000000000003 21.450000000000006 16.250000000000004 8.8900000000000023 0.0030276435000000002 4.6500039999999681 273.23579680000006 10.047674471911776 17.500000000000004 15.350000000000003 23.650000000000002 25.250000000000004 19.950000000000003 0.027773778500000002 1.5000000000000002 1.0000000180025095e-35 1.3450000000000004 1003.0500000000001 0.010437862000000001 37.100000000000001 268.34689455000006 24.850000000000005 1.2500000000000002 0.0016197165000000002 16.350000000000005 28.960204081632657 0.042731250000000005 30.955000000000002 -0.99877369639652314
decision_type=2 2 2 2 2 2 2 8 2 2 2 2 10 10 2 2 10 2 2 2 2 10 2 2 2 2 2 2 2 2
left_child=1 3 -3 5 -5 7 25 8 9 10 20 12 13 -12 15 27 17 -11 -19 23 28 22 -22 26 -17 -7 -10 29 -1 -9
right_child=-2 2 -4 4 -6 6 -8 14 19 16 11 -13 -14 -15 -16 24 -18 18 -20 -21 21 -23 -24 -25 -26 -27 -28 -29 -30 -31
leaf_value=-2.3219987593392942e-05 0.00047283328215177826 0.00045719476366314299 0 0.00039114523321946975 0 -2.2086583539537578e-05 0.00038644979434799127 0 -2.9346083428951108e-05 -4.1761713161449744e-06 0.00012687254863392029 0 0.00049378943395728635 0 2.2501412427446504e-05 4.4115663662383804e-05 -3.1460486702163571e-05 0 7.3125562989936993e-05 0 0.00013383730618780074 0 0 0 0 0 0 0 0 -3.5456631502638804e-05
leaf_weight=159 53 53 61 52 62 184 72 59 979 166 62 63 57 78 96 51 260 58 97 95 53 105 53 150 140 71 69 51 50 2779
leaf_count=159 53 53 61 52 62 184 72 59 979 166 62 63 57 78 96 51 260 58 97 95 53 105 53 150 140 71 69 51 50 2779
internal_value=4.41634e-06 0 0.000206128 -3.44176e-06 0.000162778 -7.42193e-06 7.268e-05 -1.28775e-05 3.34956e-06 2.77659e-05 6.2944e-05 0.000149182 0.000203771 4.75667e-05 -2.74974e-05 -3.06854e-05 -4.85271e-06 1.20158e-06 3.90021e-05 -1.66016e-05 0 2.81305e-05 6.29156e-05 -2.19028e-05 0 0 -2.68908e-05 -3.40935e-05 -9.69167e-06 -3.47831e-05
internal_weight=6338 6285 114 6171 114 6057 327 5730 2554 1261 680 260 197 140 3176 3080 581 321 155 1293 420 211 106 1198 191 255 1048 2889 209 2838
internal_count=6338 6285 114 6171 114 6057 327 5730 2554 1261 680 260 197 140 3176 3080 581 321 155 1293 420 211 106 1198 191 255 1048 2889 209 2838
is_linear=0
shrinkage=0.05


Tree=19
num_leaves=31
num_cat=0
split_feature=2 131 34 39 67 131 103 25 48 49 93 85 5 126 16 52 131 68 39 116 43 102 133 64 25 25 22 99 90 116
split_gain=0.00431878 0.00182186 0.00416509 0.00364549 0.000569093 0.00101061 0.00161039 0.000458886 0.00117922 0.000638089 0.000427447 0.000792424 0.000171639 0.000312103 0.000156424 0.000239357 0.000149685 0.000141022 8.13328e-05 7.90191e-05 7.35376e-05 7.18513e-05 6.95655e-05 5.4318e-05 2.82891e-05 5.42343e-05 3.16623e-05 2.16049e-05 1.81442e-05 1.58976e-05
threshold=0.048280649000000009 39.184882750482181 -0.99316240862590577 0.31500000000000006 14.550000000000002 66.097061926189738 915.60000000000002 17.500000000000004 99.500000000000014 952.35000000000002 264.67457085000007 266.81298430000004 14.445000000000002 18.500000000000004 0.74500000000000011 100.50000000000001 154.72186079148065 1.0000000180025095e-35 0.45500000000000002 268.59899800000005 0.41550000000000004 -5.5999999999999996 87.745000000000019 479.20000000000005 14.500000000000002 27.500000000000004 5.5000000000000009 -3.8500000000000223 30.60510204081633 269.74684115000008
decision_type=2 2 2 2 2 2 2 2 2 2 2 2 2 2 2 2 2 2 2 8 2 2 2 2 2 2 2 2 2 8
left_child=1 2 -1 7 12 6 -6 8 19 -10 11 -8 18 -14 20 24 -17 -9 21 -4 23 -3 -23 27 26 -26 -16 -7 -29 -15
right_child=-2 4 3 -5 5 14 10 17 9 -11 -12 -13 13 29 15 16 -18 -19 -20 -21 -22 22 -24 -25 25 -27 -28 28 -30 -31
leaf_value=0.00043432670299957307 0.00044962940529297128 0 0 0.00042460179269525095 0.00035267498371126753 0 0 -5.8887394202595243e-05 0 0.00023976025356474071 -6.7412927521257057e-07 0.00020954848054758704 8.5797430308096073e-05 0 0 0.00010433720380457631 0 0 0 -3.5393601691081329e-05 0 -3.2041299371788908e-05 0 0 -2.5143358639098257e-05 0 3.5784375751034293e-05 -3.5841947252664163e-05 0 -2.0761127709712515e-05
leaf_weight=72 53 56 51 53 51 53 62 273 55 87 185 73 94 56 54 93 94 101 68 184 111 2752 60 135 325 68 61 623 56 279
leaf_count=72 53 56 51 53 51 53 62 273 55 87 185 73 94 56 54 93 94 101 68 184 111 2752 60 135 325 68 61 623 56 279
internal_value=4.35189e-06 0 6.73637e-05 2.77915e-05 -1.03089e-05 8.77026e-06 8.4267e-05 0 3.81313e-05 0.000155628 2.49477e-05 9.65706e-05 -2.33828e-05 0 -5.02517e-06 8.53698e-06 5.87591e-05 -3.992e-05 -2.77978e-05 -1.20386e-05 -1.9769e-05 -2.93583e-05 -3.0707e-05 -2.55459e-05 -2.06254e-07 -1.33773e-05 1.42837e-06 -3.09523e-05 -3.33488e-05 -1.5521e-05
internal_weight=6338 6285 876 804 5409 2044 371 751 377 142 320 135 3365 429 1673 695 187 374 2936 235 978 2868 2812 867 508 393 115 732 679 335
internal_count=6338 6285 876 804 5409 2044 371 751 377 142 320 135 3365 429 1673 695 187 374 2936 235 978 2868 2812 867 508 393 115 732 679 335
is_linear=0
shrinkage=0.05


Tree=20
num_leaves=31
num_cat=0
split_feature=128 98 115 136 68 1 94 70 141 128 73 101 150 4 77 68 75 91 90 26 136 112 16 8 36 141 38 119 73 118
split_gain=0.0023376 0.00419167 0.00586262 0.0082096 0.00229276 0.00365352 0.000574858 0.000504495 0.000699303 0.00115687 0.000269439 0.000242127 0.00020768 0.000119533 0.000105658 9.66123e-05 0.000279234 6.64598e-05 6.46864e-05 6.33803e-05 5.85911e-05 5.4703e-05 7.6789e-05 4.84806e-05 4.30163e-05 5.66416e-05 2.88422e-05 2.86591e-05 2.1536e-05 2.17211e-05
threshold=9.1984547107968968 5.1499999999999995 11.050000000000002 0.58500000000000008 0.35000000000000009 0.0017340880000000002 17.500000000000004 1.5000000000000002 34.050000000000004 10.05339352179625 36.050000000000004 -3.3398337499999964 0.092857142857142874 0.0112925035 289.80402175000006 1.0000000180025095e-35 13.950000000000001 19.850000000000005 30.348979591836738 12.500000000000002 1.2600000000000002 288.52150765000005 0.075000000000000025 0.071515565716563465 271.41794325000006 37.080000000000005 0.75000000000000011 22.900000000000002 43.550000000000004 4.4500000000000011
decision_type=2 2 8 2 2 2 2 2 2 2 2 2 2 2 2 2 2 2 2 2 2 10 2 2 2 2 2 10 2 8
left_child=1 4 3 -3 6 -6 12 11 18 -10 -8 13 17 15 23 -2 -17 20 21 -20 -1 22 -9 26 -11 -26 27 28 29 -13
right_child=7 2 -4 -5 5 -7 10 8 9 24 -12 14 -14 -15 -16 16 -18 -19 19 -21 -22 -23 -24 -25 25 -27 -28 -29 -30 -31
leaf_value=-5.8235063518834765e-05 -2.3816150113407934e-05 7.641735507510518e-06 0 0.00096656753390022816 0.0004567881302177234 0 0 0 0.00025335952212660599 0 0.00016809624607468814 0 3.8498165658893378e-06 5.8559535204360993e-05 0 9.0431088416759552e-05 -1.4411948119333013e-06 0 4.6890041992557164e-05 0 0 0 -3.749709216991019e-05 0 6.6700912958107694e-05 0 0 0 0 -3.2116585772179672e-05
leaf_weight=463 413 57 97 53 71 81 50 59 76 76 51 61 79 84 112 86 323 105 78 61 73 95 343 89 55 79 53 72 61 2902
leaf_count=463 413 57 97 53 71 81 50 59 76 76 51 61 79 84 112 86 323 105 78 61 73 95 343 89 55 79 53 72 61 2902
internal_value=1.23038e-06 6.54063e-05 0.000270971 0.00051926 1.63068e-05 0.000196195 -1.11132e-05 -1.24389e-05 1.83486e-05 8.45264e-05 8.8325e-05 -2.02858e-05 -3.21002e-05 0 -2.65219e-05 -2.98825e-06 5.85502e-06 -4.43181e-05 -3.64728e-06 1.04351e-05 -5.15513e-05 -1.7639e-05 -2.6904e-05 -2.84479e-05 0 2.82241e-05 -2.95064e-05 -3.01465e-05 -3.08889e-05 -3.14949e-05
internal_weight=6358 1180 207 110 973 152 821 5178 922 286 101 4256 720 906 3350 822 409 641 636 139 536 497 402 3238 210 134 3149 3096 3024 2963
internal_count=6358 1180 207 110 973 152 821 5178 922 286 101 4256 720 906 3350 822 409 641 636 139 536 497 402 3238 210 134 3149 3096 3024 2963
is_linear=0
shrinkage=0.05


Tree=21
num_leaves=31
num_cat=0
split_feature=128 98 94 49 39 59 105 119 43 112 115 101 77 102 84 4 68 75 1 85 0 91 6 58 15 119 118 43 115 85
split_gain=0.00213082 0.00396422 0.0024323 0.00350421 0.00275196 0.000445804 0.000461155 0.000534075 0.000359152 0.000952299 0.000208458 0.000141247 0.000150006 0.00011391 0.000105067 7.74961e-05 9.70899e-05 0.000152291 5.28088e-05 8.96325e-05 4.99968e-05 4.25885e-05 3.82142e-05 4.60289e-05 2.92101e-05 2.53605e-05 2.06566e-05 1.7517e-05 1.71292e-05 1.45802e-05
threshold=9.1984547107968968 8.7500000000000018 17.500000000000004 971.05000000000007 0.17500000000000002 12.001750000000003 17.500000000000004 13.550000000000002 0.33150000000000007 276.54623930000008 2.4500000000000006 -3.3398337499999964 289.80402175000006 -2.7999999999999989 4.7500000000000009 0.012910643500000001 1.0000000180025095e-35 13.950000000000001 0.10770394800000001 265.36188780000003 0.0011000000000000001 23.850000000000005 0.035966666666666675 3.9499999999999997 0.00065000000000000008 22.900000000000002 12.65 0.30750000000000005 15.050000000000002 262.68921020000005
decision_type=2 2 2 2 2 2 2 10 2 8 8 2 2 2 2 2 2 2 2 2 2 2 2 2 2 10 10 2 8 2
left_child=1 2 4 -4 8 11 7 14 9 -1 -10 15 22 -12 -7 16 -2 -18 20 -20 -8 28 23 25 -14 29 -16 -11 -15 -13
right_child=5 -3 3 -5 -6 6 18 -9 10 27 13 12 24 21 26 -17 17 -19 19 -21 -22 -23 -24 -25 -26 -27 -28 -29 -30 -31
leaf_value=0.00021331477746124413 -2.5413775676969198e-05 0.00041323502817809085 0.00050095912572942333 0 0.00035543655542017599 0 0 0.00023179076020752809 2.6169898822243096e-06 -2.0551429874412515e-05 0 0 0 -6.4671345855350182e-05 0 4.5704764267012667e-05 7.0194588791919042e-05 0 0 5.4786628702302174e-05 -2.663724781591408e-05 0 0 0 2.8485050622192726e-05 0 6.9366633497707335e-05 0 0 -2.9572581388917228e-05
leaf_weight=56 404 77 63 67 52 99 122 50 62 105 67 74 119 435 50 81 77 285 60 86 309 52 53 140 89 72 73 52 92 2935
leaf_count=56 404 77 63 67 52 99 122 50 62 105 67 74 119 435 50 81 77 285 60 86 309 52 53 140 89 72 73 52 92 2935
internal_value=1.31749e-06 6.26117e-05 3.32537e-05 0.000236077 8.06988e-07 -1.16946e-05 1.85903e-05 7.27948e-05 -1.41563e-05 3.16163e-05 -3.50043e-05 -1.87917e-05 -2.32462e-05 -4.63414e-05 1.36845e-05 0 -5.40996e-06 3.14914e-06 0 1.5877e-05 -1.48266e-05 -5.3727e-05 -2.62529e-05 -2.70223e-05 5.61615e-08 -2.82968e-05 4.95485e-05 -2.48765e-06 -5.80735e-05 -2.89987e-05
internal_weight=6358 1180 1103 130 973 5178 849 272 921 213 708 4329 3482 646 222 847 766 362 577 146 431 579 3274 3221 208 3081 123 157 527 3009
internal_count=6358 1180 1103 130 973 5178 849 272 921 213 708 4329 3482 646 222 847 766 362 577 146 431 579 3274 3221 208 3081 123 157 527 3009
is_linear=0
shrinkage=0.05


Tree=22
num_leaves=31
num_cat=0
split_feature=131 98 63 76 96 103 128 44 116 139 94 21 62 63 120 25 93 68 136 2 19 25 136 66 18 11 61 137 23 117
split_gain=0.00200332 0.00584267 0.00748861 0.00223101 0.00351761 0.000492444 0.000485581 0.000604321 0.00094759 0.000951134 0.000440837 0.000393363 0.000537586 0.001541 0.000132194 0.000123665 0.000113838 0.000111136 0.000105823 8.19364e-05 5.79751e-05 5.44834e-05 5.16038e-05 4.67247e-05 4.31505e-05 4.12119e-05 3.5743e-05 7.04705e-05 2.22942e-05 2.20423e-05
threshold=35.133458222840027 5.1499999999999995 15.513900000000001 0.75000000000000011 31.712500000000002 2399.7500000000009 10.047674471911776 1622.5000000000002 271.11979475000004 70.340289833390045 17.500000000000004 0.64583333333333337 37.750000000000007 8.7604000000000006 274.02246065000003 10.500000000000002 264.13746370000007 0.75000000000000011 0.53500000000000014 0.00063433750000000007 5.7142857142857171e-06 3.5000000000000004 0.94000000000000006 39.375000000000007 0.06209375000000001 0.0028040629930555557 1616.8500000000001 0.63500000000000012 21.588888888888892 1.0000000180025095e-35
decision_type=2 2 2 2 2 2 2 2 10 2 2 2 2 2 10 2 2 2 2 2 2 2 2 2 2 2 2 2 2 10
left_child=1 3 -3 10 -5 6 7 11 -9 -10 22 14 13 -13 16 -16 29 19 -17 20 23 -7 28 -8 -23 -18 -19 -28 -1 -2
right_child=5 2 -4 4 -6 21 17 8 9 -11 -12 12 -14 -15 15 18 25 26 -20 -21 -22 24 -24 -25 -26 -27 27 -29 -30 -31
leaf_value=0 0 0.00086211846775589894 0 0.00048351705078433348 0 0 -3.1075540155257751e-05 0 0.00028138581049481421 0 6.4432919602803583e-05 0 0 0.00034858286832162533 0 0 -3.9488171992521251e-05 0 8.5312725976109509e-05 0 0 -3.0809276168109434e-05 0 0 0 0 0 6.2537452722081328e-05 -7.1188004155599079e-05 2.9575260052788213e-05
leaf_weight=93 75 50 63 59 76 69 1111 156 89 53 61 89 89 50 101 142 416 148 89 174 231 1915 56 68 164 194 61 68 286 62
leaf_count=93 75 50 63 59 76 69 1111 156 89 53 61 89 89 50 101 142 416 148 89 174 231 1915 56 68 164 194 61 68 286 62
internal_value=1.38516e-06 7.90738e-05 0.000410222 1.13049e-05 0.000196164 -8.03237e-06 2.32735e-06 2.36595e-05 8.92032e-05 0.00018222 -2.92426e-05 4.83593e-06 6.60999e-05 0.000129408 -3.52915e-06 1.56275e-05 -1.87372e-05 -1.33879e-05 4.1026e-05 -1.95736e-05 -2.39906e-05 -2.70687e-05 -5.39643e-05 -2.84789e-05 -2.86794e-05 -2.99264e-05 3.94224e-06 2.6844e-05 -6.06696e-05 0
internal_weight=6358 744 113 631 135 5614 3466 1605 298 142 496 1307 228 139 1079 332 747 1861 231 1584 1410 2148 435 1179 2079 610 277 129 379 137
internal_count=6358 744 113 631 135 5614 3466 1605 298 142 496 1307 228 139 1079 332 747 1861 231 1584 1410 2148 435 1179 2079 610 277 129 379 137
is_linear=0
shrinkage=0.05


end of trees

feature_importances:
log_customers=22
pop_density=18
last_N_t=16
total_tp_next_1h=16
pct_forest=16
mslma_t=14
temp_change_6h=14
gust_change_3h=13
t2m_at_t24h=12
tree_canopy_std=12
min_t2m_next_48h=11
gust_gt30_since_onset=11
wind_speed_at_t24h=11
t2m_t=10
gust_exceed_30=10
total_tp_next_6h=10
cumul_gust_since_onset=10
cumul_tp_since_onset=10
wind_speed_at_t48h=10
hour_of_day=10
pct_unmapped=10
last_R_t=9
N_t_mean_72h=9
pre_event_max_outage_pct=9
osi_trend_last6h=9
sp_t=9
gust_gt30_next_48h=9
pressure_change_3h=9
gust_at_t24h=9
pct_developed=9
frac_zero_72h=8
gust_max_obs=8
gust_trend_last6h_obs=8
wind_sin_t=8
wind_speed_max_next_1h=8
min_t2m_next_24h=8
wind_speed_max_next_48h=8
pressure_change_6h=8
t2m_at_t48h=8
last_P_t=7
gust_gt30_obs=7
wind_cos_t=7
csnow_t=7
soil_moist_x_gust=7
total_tp_next_24h=7
total_tp_next_48h=7
osi_mean_72h=6
wind_change_1h=6
tp_at_t24h=6
gust_max_last6h_obs=5
soil_moist_t=5
dewpoint_c_t=5
gust_mean_next_6h=5
wind_speed_max_next_6h=5
min_t2m_next_6h=5
gust_peak4h_mean_next_6h=5
gust_gt30_next_24h=5
gust_mean_next_48h=5
gust_at_t48h=5
hours_since_obs=5
pct_water=5
pct_forest_classified=5
tree_canopy_pct=5
last_outage_pct=4
pre_event_mean_osi=4
gust_mean_obs=4
gust_t=4
blh_t=4
gust_max_next_6h=4
gust_peak4h_mean_next_24h=4
pct_wetland=4
last_D_t=3
d2m_t=3
rain_t=3
lcc_t=3
direct_rad_t=3
soil_gust_x_phase=3
gust_exceed30_x_hso=3
gust_mean_next_1h=3
gust_max_next_24h=3
gust_peak4h_mean_next_48h=3
gust_at_t1h=3
wind_speed_at_t6h=3
t2m_at_t6h=3
tp_at_t6h=3
pct_agriculture=3
osi_max_72h=2
storm_onset_mean_osi=2
hours_since_peak=2
gust_last_obs=2
wind_speed_t=2
tp_t=2
r2_t=2
gust_x_hso=2
gust_max_next_1h=2
gust_gt30_next_1h=2
wind_speed_max_next_24h=2
gust_max_next_48h=2
gust_gt40_next_48h=2
gust_change_1h=2
t2m_at_t1h=2
tp_at_t1h=2
rural_urban_code=2
forest_x_customers=2
tp_rate_next_1h=2
last_osi=1
osi_std_72h=1
R_t_max_72h=1
gust_gt40_obs=1
cumul_gust_obs=1
sdwe_t=1
vpd_t=1
mcc_t=1
hcc_t=1
et0_t=1
gust_x_phase=1
min_t2m_next_1h=1
gust_at_t6h=1
hour_sin=1
n_utilities=1
tp_rate_next_6h=1
tp_rate_next_24h=1
tp_rate_next_48h=1
gust_gt30_frac_next_48h=1

parameters:
[boosting: gbdt]
[objective: regression]
[metric: custom]
[tree_learner: serial]
[device_type: cpu]
[data_sample_strategy: bagging]
[data: ]
[valid: ]
[num_iterations: 2000]
[learning_rate: 0.05]
[num_leaves: 31]
[num_threads: 1]
[seed: 42]
[deterministic: 1]
[force_col_wise: 1]
[force_row_wise: 0]
[histogram_pool_size: -1]
[max_depth: -1]
[min_data_in_leaf: 50]
[min_sum_hessian_in_leaf: 0.001]
[bagging_fraction: 0.8]
[pos_bagging_fraction: 1]
[neg_bagging_fraction: 1]
[bagging_freq: 5]
[bagging_seed: 42]
[bagging_by_query: 0]
[feature_fraction: 0.8]
[feature_fraction_bynode: 1]
[feature_fraction_seed: 42]
[extra_trees: 0]
[extra_seed: 12879]
[early_stopping_round: 0]
[early_stopping_min_delta: 0]
[first_metric_only: 0]
[max_delta_step: 0]
[lambda_l1: 0.1]
[lambda_l2: 1]
[linear_lambda: 0]
[min_gain_to_split: 0]
[drop_rate: 0.1]
[max_drop: 50]
[skip_drop: 0.5]
[xgboost_dart_mode: 0]
[uniform_drop: 0]
[drop_seed: 42]
[top_rate: 0.2]
[other_rate: 0.1]
[min_data_per_group: 100]
[max_cat_threshold: 32]
[cat_l2: 10]
[cat_smooth: 10]
[max_cat_to_onehot: 4]
[top_k: 20]
[monotone_constraints: ]
[monotone_constraints_method: basic]
[monotone_penalty: 0]
[feature_contri: ]
[forcedsplits_filename: ]
[refit_decay_rate: 0.9]
[cegb_tradeoff: 1]
[cegb_penalty_split: 0]
[cegb_penalty_feature_lazy: ]
[cegb_penalty_feature_coupled: ]
[path_smooth: 0]
[interaction_constraints: ]
[verbosity: -1]
[saved_feature_importance_type: 0]
[use_quantized_grad: 0]
[num_grad_quant_bins: 4]
[quant_train_renew_leaf: 0]
[stochastic_rounding: 1]
[linear_tree: 0]
[max_bin: 255]
[max_bin_by_feature: ]
[min_data_in_bin: 3]
[bin_construct_sample_cnt: 200000]
[data_random_seed: 42]
[is_enable_sparse: 1]
[enable_bundle: 1]
[use_missing: 1]
[zero_as_missing: 0]
[feature_pre_filter: 1]
[pre_partition: 0]
[two_round: 0]
[header: 0]
[label_column: ]
[weight_column: ]
[group_column: ]
[ignore_column: ]
[categorical_feature: ]
[forcedbins_filename: ]
[precise_float_parser: 0]
[parser_config_file: ]
[objective_seed: 16083]
[num_class: 1]
[is_unbalance: 0]
[scale_pos_weight: 1]
[sigmoid: 1]
[boost_from_average: 1]
[reg_sqrt: 0]
[alpha: 0.9]
[fair_c: 1]
[poisson_max_delta_step: 0.7]
[tweedie_variance_power: 1.5]
[lambdarank_truncation_level: 30]
[lambdarank_norm: 1]
[label_gain: ]
[lambdarank_position_bias_regularization: 0]
[eval_at: ]
[multi_error_top_k: 1]
[auc_mu_weights: ]
[num_machines: 1]
[local_listen_port: 12400]
[time_out: 120]
[machine_list_filename: ]
[machines: ]
[gpu_platform_id: -1]
[gpu_device_id: -1]
[gpu_device_id_list: ]
[gpu_use_dp: 0]
[num_gpu: 1]

end of parameters

pandas_categorical:[]
