tree
version=v4
num_class=1
num_tree_per_iteration=1
label_index=0
max_feature_idx=182
objective=regression
feature_names=last_osi last_P_t last_N_t last_D_t last_R_t last_outage_pct osi_mean_72h osi_max_72h osi_std_72h outage_pct_mean_72h outage_pct_max_72h N_t_mean_72h N_t_max_72h R_t_mean_72h R_t_max_72h pre_event_mean_osi pre_event_max_outage_pct storm_onset_max_osi storm_onset_mean_osi osi_trend_last6h is_worsening frac_zero_72h hours_since_peak gust_mean_obs gust_max_obs gust_gt30_obs gust_gt40_obs cumul_gust_obs gust_last_obs gust_max_last6h_obs gust_trend_last6h_obs gust_t wind_speed_t wind_sin_t wind_cos_t t2m_t d2m_t tp_t rain_t csnow_t sdwe_t r2_t vpd_t soil_moist_t blh_t tcc_t lcc_t mcc_t hcc_t sp_t mslma_t sdswrf_t direct_rad_t diffuse_rad_t et0_t temp_c_t dewpoint_c_t icing_risk_t gust_exceed_30 soil_moist_x_gust is_snowing gust_x_hso gust_x_phase soil_gust_x_phase gust_exceed30_x_hso gust_max_next_1h gust_mean_next_1h wind_speed_max_next_1h total_tp_next_1h min_t2m_next_1h gust_gt30_next_1h gust_gt40_next_1h gust_peak4h_mean_next_1h gust_max_next_6h gust_mean_next_6h wind_speed_max_next_6h total_tp_next_6h min_t2m_next_6h gust_gt30_next_6h gust_gt40_next_6h gust_peak4h_mean_next_6h gust_max_next_24h gust_mean_next_24h wind_speed_max_next_24h total_tp_next_24h min_t2m_next_24h gust_gt30_next_24h gust_gt40_next_24h gust_peak4h_mean_next_24h gust_max_next_48h gust_mean_next_48h wind_speed_max_next_48h total_tp_next_48h min_t2m_next_48h gust_gt30_next_48h gust_gt40_next_48h gust_peak4h_mean_next_48h gust_change_1h gust_change_3h pressure_change_3h pressure_change_6h temp_change_6h wind_change_1h cumul_gust_since_onset cumul_tp_since_onset gust_gt30_since_onset gust_at_t1h wind_speed_at_t1h t2m_at_t1h tp_at_t1h gust_at_t6h wind_speed_at_t6h t2m_at_t6h tp_at_t6h gust_at_t24h wind_speed_at_t24h t2m_at_t24h tp_at_t24h gust_at_t48h wind_speed_at_t48h t2m_at_t48h tp_at_t48h hour_of_day hour_sin hour_cos days_since_onset hours_since_obs storm_phase log_customers rural_urban_code is_metro pop_density n_utilities pct_forest pct_developed pct_agriculture pct_water pct_wetland pct_unmapped pct_forest_classified tree_canopy_pct tree_canopy_std forest_x_customers window_len_next_1h is_full_next_1h tp_rate_next_1h gust_gt30_frac_next_1h has_weather_at_t1h window_len_next_6h is_full_next_6h tp_rate_next_6h gust_gt30_frac_next_6h has_weather_at_t6h window_len_next_24h is_full_next_24h tp_rate_next_24h gust_gt30_frac_next_24h has_weather_at_t24h window_len_next_48h is_full_next_48h tp_rate_next_48h gust_gt30_frac_next_48h has_weather_at_t48h nbr8_mean_last_P_t nbr8_max_last_P_t nbr8_mean_last_N_t nbr8_max_last_N_t nbr8_mean_last_D_t nbr8_max_last_D_t nbr8_mean_last_R_t nbr8_max_last_R_t nbr8_mean_osi_trend_last6h nbr8_max_osi_trend_last6h nbr8_mean_gust_t nbr8_max_gust_t nbr8_mean_gust_at_t1h nbr8_max_gust_at_t1h nbr8_mean_gust_max_next_6h nbr8_max_gust_max_next_6h nbr8_mean_gust_mean_next_6h nbr8_max_gust_mean_next_6h self_minus_nbr8_mean_last_P_t self_minus_nbr8_mean_gust_at_t1h
feature_infos=[0:0.33700000000000002] [0:0.52010631900000004] [0:0.065400654000000003] [0:0.51677670099999995] [0:0.058582058999999999] [0:52.009999999999998] [4.1666666666666669e-06:0.26529999999999998] [0.0001:0.65049999999999997] [1.9982631347136334e-05:0.22470370552747407] [0.00083333333333333328:39.644861111111112] [0.02:100] [3.1208333333333337e-06:0.014902686125] [7.4900000000000005e-05:0.30001265999999999] [3.1208333333333337e-06:0.017093115180555556] [7.4900000000000005e-05:0.18675781699999999] [0:0.38653749999999998] [0:100] [0:0.52000000000000002] [0:0.13546666666666665] [-0.055854285714285697:0.019237142857142855] [0:1] [0:0.95833333333333337] [0:71] [13.03611111111111:31.022222222222222] [29.100000000000001:70] [0:35] [0:16] [938.59999999999991:2233.5999999999999] [4.0999999999999996:47.5] [15.4:64.5] [-6.477142857142856:1.754285714285714] [0.59999999999999998:47.200000000000003] [0:30.100000000000001] [-0.99999998753876496:0.99999984353561966] [-0.99999915337281864:1] [269.84122689999998:292.46573860000001] [260.2948073:277.11515530000003] [0:1.2] none [0:0.83999999999999997] [0:0.029999999999999999] [17:91] [0.050000000000000003:1.46] [0.21099999999999999:0.48899999999999999] [10:2640] [0:100] [0:100] [0:100] [0:100] [897.5:1022.3] [1007.2:1028.5] [0:815] [0:714] [0:366] [0:0.45000000000000001] [-3.3087730999999962:19.315738600000032] [-12.855192699999975:3.965155300000049] none [0:17.200000000000003] [0.19259999999999999:19.168800000000001] [0:1] [0.80000000000000004:598] none none [0:137.19999999999996] [1.2:47.200000000000003] [0.89999999999999991:45.100000000000001] [0.29999999999999999:30.100000000000001] [0:1.2] [269.84122689999998:291.88977269999998] [0:2] none [0.89999999999999991:45.100000000000001] [5.4000000000000004:47.200000000000003] [3.657142857142857:41.100000000000001] [2:30.100000000000001] [0:3] [269.84122689999998:288.16426039999999] [0:7] none [4.3499999999999996:44.024999999999999] [13.5:58.299999999999997] [8.6559999999999988:33.671999999999997] [6.2000000000000002:38] [0:25.299999999999997] [269.84122689999998:285.30291929999999] [0:19] [0:11] [12.5:52.550000000000004] [29:58.299999999999997] [14.157142857142857:36.318367346938771] [13.4:38] [0:36.5] [266.22120000000001:282.77648069999998] [0:38] [0:19] [24.775000000000002:52.550000000000004] [-17:16.600000000000001] [-25.499999999999996:29.699999999999999] [-4:5.3999999999999773] [-6.1999999999999318:9.8000000000000682] [-9.8627007999999705:14.137159800000006] [-9.1999999999999993:13.800000000000001] [347.09999999999997:1349.7000000000003] [0:7.7999999999999998] [0:25] [0.59999999999999998:47.200000000000003] [0:28.600000000000001] [269.84122689999998:292.46573860000001] [0:1.2] [2.2000000000000002:39.799999999999997] [0:24.100000000000001] [269.84122689999998:292.46573860000001] [0:2] [2.2999999999999998:58.299999999999997] [0.29999999999999999:38] [269.98722709999998:298.4303941] [0:7.9000000000000004] [4.7000000000000002:51.600000000000001] [1.5:33.799999999999997] [266.22120000000001:293.41757139999999] [0:11.300000000000001] [0:22] [-1:1] [-1:1] none [1:23] none [7.1180162044653335:13.453719692845613] [1:9] [0:1] [8.8255199219102849:11939.655837338518] [1:11] [0.96999999999999997:88.719999999999999] [2.21:86.629999999999995] [0.080000000000000002:87.469999999999999] [0.01:5.4699999999999998] [0:16.82] [1.8899999999999999:17.02] [0.98868616858628067:95.299005138296707] [2.2000000000000002:81.680000000000007] [12.65:40.350000000000001] [8.0679963363985543:931.73249595386176] none none [0:0.59999999999999998] [0:1] none none none [0:0.42857142857142855] [0:1] none none none [0:1.0119999999999998] [0:0.76000000000000001] none none none [0:0.74489795918367352] [0:0.77551020408163263] none [0:0.34418174637499999] [0:0.82424180700000005] [0:0.019511376625] [0:0.065400654000000003] [1.7349999999999998e-05:0.34561596100000003] [0.00010009999999999999:0.90465771100000003] [0:0.018427852874999998] [0:0.058582058999999999] [-0.011978214285714281:0.0097710714285714241] [-0.0018599999999999958:0.019237142857142855] [3.0874999999999995:45.524999999999999] [4.7999999999999998:49.899999999999999] [3.0874999999999995:39.837500000000006] [4.7999999999999998:47.200000000000003] [7.0499999999999989:45.524999999999999] [8.5999999999999996:49.899999999999999] [5.3499999999999996:36.208928571428572] [6.2999999999999998:41.100000000000001] [-0.17830591575000002:0.30402829187500002] [-13.362499999999997:15.524999999999999]
tree_sizes=1105 1136 775 660 1241 969 972 1217 973 970 879 1107 1110 1104 1099 1097 1104 1303 1254 1309 776 1412 1417 1508 1539 1036 1164 1280 1168 1199 1182 1175 1200 1399 1416 1637 1310 1629 1747 1660 1277 1078 1471 1588 1368 1451

Tree=0
num_leaves=9
num_cat=0
split_feature=116 77 100 52 100 2 64 93
split_gain=0.626704 0.400183 0.0991076 0.0092003 0.00576535 0.00780134 0.00274096 0.0008356
threshold=275.70574760000005 271.38083970000008 7.900000000000035 679.50000000000011 6.8500000000000236 0.026111614000000002 17.900000000000002 277.90233875000007
decision_type=2 2 2 2 2 2 2 2
left_child=1 -1 3 4 7 -6 -3 -2
right_child=2 6 -4 -5 5 -7 -8 -9
leaf_value=0.011966668792753545 0.008122330456635277 0.0081952336481947944 0.0093193248454835967 0.008814117904996855 0.0082206426357257518 0.0089038317047241446 0.0086308214065892435 0.0084992323988391238
leaf_weight=203.06974589824677 1873.5084715634584 82.052020668983459 202.63543947041035 44.848452270030975 128.70711550116539 56.581482887268066 38.838974297046661 44.352257490158081
leaf_count=44 2118 76 74 23 169 4 55 63
internal_value=0.00855507 0.0106149 0.00827255 0.00817115 0.00815494 0.00845698 0.00837585 0.00812842
internal_weight=2674.59 323.961 2350.63 2148 2103.15 185.289 120.891 1917.86
internal_count=2626 175 2451 2377 2354 173 131 2181
is_linear=0
shrinkage=1


Tree=1
num_leaves=9
num_cat=0
split_feature=116 77 100 52 100 16 103 93
split_gain=0.565793 0.361332 0.0895258 0.00838233 0.00519494 0.00680182 0.00254166 0.00067673
threshold=275.70574760000005 271.38083970000008 7.900000000000035 679.50000000000011 6.8500000000000236 9.4000000000000004 637.45000000000016 277.90233875000007
decision_type=2 2 2 2 2 2 2 2
left_child=1 -1 3 4 7 -6 -3 -2
right_child=2 6 -4 -5 5 -7 -8 -9
leaf_value=0.0032622072962145577 -0.00039076615154250057 -0.00031931502534775382 0.00074658238061251446 0.0002667487406562332 -0.00030271307894250322 0.00032340988691875814 0.00010287782255863234 -3.2736276078723996e-05
leaf_weight=203.06974589824677 1873.5084715634584 83.506932497024536 202.63543947041035 44.848452270030975 124.994285851717 60.294312536716461 37.384062469005585 44.352257490158081
leaf_count=44 2118 78 74 23 164 9 53 63
internal_value=2.04242e-05 0.00197772 -0.000247928 -0.000344377 -0.000359906 -7.14855e-05 -0.000147964 -0.000385113
internal_weight=2674.59 323.961 2350.63 2148 2103.15 185.289 120.891 1917.86
internal_count=2626 175 2451 2377 2354 173 131 2181
is_linear=0
shrinkage=0.05


Tree=2
num_leaves=6
num_cat=0
split_feature=19 64 128 24 67
split_gain=0.526732 0.00275746 0.000697118 0.000219904 6.21227e-06
threshold=0.018424285714285716 37.400000000000034 8.2703459890949294 67.300000000000026 17.050000000000004
decision_type=2 2 2 2 2
left_child=1 2 -1 4 -4
right_child=-2 -3 3 -5 -6
leaf_value=0 0.001344037039742796 0 -0.00037879488261646549 -5.1880753032528699e-05 -0.00019410417337765466
leaf_weight=39.544681191444397 586.39896392822266 66.83888703584671 1820.1629222631454 42.684548079967499 118.96395754814148
leaf_count=57 20 95 2270 58 126
internal_value=1.94713e-05 -0.00035056 -0.000361058 -0.000365844 -0.000370147
internal_weight=2674.59 2088.19 2021.36 1981.81 1939.13
internal_count=2626 2606 2511 2454 2396
is_linear=0
shrinkage=0.05


Tree=3
num_leaves=5
num_cat=0
split_feature=2 64 93 32
split_gain=0.475695 0.0024654 0.000724698 0.000504297
threshold=0.048280649000000009 37.400000000000034 277.97260910000006 17.050000000000004
decision_type=2 2 2 2
left_child=1 2 3 -1
right_child=-2 -3 -4 -5
leaf_value=-0.00035677692332754859 0.0012769495738141458 0 0 -0.00012442710608429766
leaf_weight=1885.0547398030758 586.39896392822266 66.83888703584671 42.935135126113892 93.36623415350914
leaf_count=2348 20 95 61 102
internal_value=1.81003e-05 -0.000333454 -0.000343386 -0.000348406
internal_weight=2674.59 2088.19 2021.36 1978.42
internal_count=2626 2606 2511 2450
is_linear=0
shrinkage=0.05


Tree=4
num_leaves=10
num_cat=0
split_feature=77 103 100 172 65 75 93 119 91
split_gain=0.444089 0.483318 0.032128 0.0124347 0.00592094 0.0130719 0.00351306 0.000698611 0.000254378
threshold=271.56566080000005 811.25000000000011 8.4000000000000359 0.0037357142857142858 26.750000000000004 10.65 271.37122820000008 7.5500000000000007 16.050000000000004
decision_type=2 2 2 2 2 2 2 2 2
left_child=1 -1 4 -3 7 -6 -7 -2 -9
right_child=2 3 -4 -5 5 6 -8 8 -10
leaf_value=0.0031948983907568182 -3.1265810534482474e-05 -0.00038144752810560274 0.00055516822265655919 0.00043763112798809371 0.0004993045321006294 4.630295058046122e-05 -0.00031695156644340986 -8.717665530627751e-05 -0.00036465772082778787
leaf_weight=210.57560932636261 50.804222941398621 159.24075603485107 108.81078898906708 60.063002407550812 65.244940340518951 55.312264561653137 311.74072486162186 57.263708651065826 1595.5379419326782
leaf_count=13 70 149 27 43 11 67 339 83 1824
internal_value=1.68923e-05 0.00148896 -0.000263331 -0.000133454 -0.000307608 -0.000123333 -0.00024865 -0.000351336 -0.000358126
internal_weight=2674.59 429.879 2244.71 219.304 2135.9 432.298 367.053 1703.61 1652.8
internal_count=2626 205 2421 192 2394 417 406 1977 1907
is_linear=0
shrinkage=0.05


Tree=5
num_leaves=8
num_cat=0
split_feature=46 46 2 32 80 93 2
split_gain=0.364668 0.00995716 0.02217 0.00129529 0.00124886 0.000895779 0.000286953
threshold=95.500000000000014 1.0000000180025095e-35 0.048280649000000009 17.050000000000004 34.13750000000001 277.90233875000007 0.048280649000000009
decision_type=2 2 2 2 2 2 2
left_child=1 3 4 5 -3 6 -1
right_child=-2 2 -4 -5 -6 -7 -8
leaf_value=-0.00032326432816127216 0.0015743076774763364 -0.00031678312730823167 0.00064132031090351595 0 0 0 -0.00047509943901063995
leaf_weight=1711.0808723568916 294.8848083615303 220.37780912220478 87.959844589233398 52.733942300081253 47.280948281288147 44.683861255645752 205.23963737487793
leaf_count=2153 88 255 3 50 60 64 7
internal_value=-7.8197e-05 -0.000286551 -2.68343e-05 -0.000329898 -0.000266589 -0.000336762 -0.000342373
internal_weight=2664.24 2369.36 355.619 2013.74 267.659 1961 1916.32
internal_count=2680 2592 318 2274 315 2224 2160
is_linear=0
shrinkage=0.05


Tree=6
num_leaves=8
num_cat=0
split_feature=46 46 2 98 32 93 2
split_gain=0.329347 0.00899284 0.0200463 0.00116359 0.00112231 0.000754762 0.000196069
threshold=95.500000000000014 1.0000000180025095e-35 0.048280649000000009 7.2500000000000009 17.050000000000004 277.90233875000007 0.048280649000000009
decision_type=2 2 2 2 2 2 2
left_child=1 4 3 -3 5 6 -1
right_child=-2 2 -4 -5 -6 -7 -8
leaf_value=-0.00030711054895879615 0.0014958583369291515 -0.00030031379977259198 0.00060961476874568817 0 0 0 -0.00045145963436652456
leaf_weight=1711.0808723568916 294.8848083615303 222.82782669365406 87.959844589233398 44.830930709838867 52.733942300081253 44.683861255645752 205.23963737487793
leaf_count=2153 88 257 3 58 50 64 7
internal_value=-7.44487e-05 -0.000272544 -2.49554e-05 -0.000253596 -0.000313751 -0.00032018 -0.000325406
internal_weight=2664.24 2369.36 355.619 267.659 2013.74 1961 1916.32
internal_count=2680 2592 318 315 2274 2224 2160
is_linear=0
shrinkage=0.05


Tree=7
num_leaves=10
num_cat=0
split_feature=77 43 100 172 111 65 64 77 139
split_gain=0.227295 0.265244 0.0121718 0.00710058 0.00494937 0.00805051 0.00116865 0.00110659 0.00030524
threshold=271.56566080000005 0.39550000000000007 8.4000000000000359 0.0037357142857142858 3.5500000000000003 26.750000000000004 37.400000000000034 279.26861620000005 91.465220253218561
decision_type=2 2 2 2 2 2 2 2 2
left_child=1 3 4 -1 5 7 8 -2 -6
right_child=2 -3 -4 -5 6 -7 -8 -9 -10
leaf_value=-0.0003223913695700569 -0.00027851858225041949 0.0026492308888294313 0.00032763382455585336 0.00032101546318852206 -0.00029381058438692441 0.00028098030969498007 0 0 -0.00043213862583090705
leaf_weight=134.44131845235825 228.00450041890144 155.21368461847305 79.086902961134911 55.820259213447571 1580.5761836320162 96.901061177253723 56.63577002286911 37.901763990521431 239.66027915477753
leaf_count=143 279 15 25 37 1952 37 81 55 56
internal_value=-7.0878e-05 0.00112106 -0.000251029 -0.000106791 -0.000273831 -8.45542e-05 -0.000307692 -0.000237048 -0.000314996
internal_weight=2664.24 345.475 2318.77 190.262 2239.68 362.807 1876.87 265.906 1820.24
internal_count=2680 195 2485 180 2460 371 2089 334 2008
is_linear=0
shrinkage=0.05


Tree=8
num_leaves=8
num_cat=0
split_feature=46 46 2 98 32 133 2
split_gain=0.269451 0.00751642 0.0170338 0.00104749 0.000888203 0.000786736 2.30215e-05
threshold=95.500000000000014 1.0000000180025095e-35 0.048280649000000009 7.2500000000000009 17.050000000000004 87.485000000000014 0.048280649000000009
decision_type=2 2 2 2 2 2 2
left_child=1 4 3 -3 5 6 -1
right_child=-2 2 -4 -5 -6 -7 -8
leaf_value=-0.0002790227173462336 0.001352842523142714 -0.00027521524088016568 0.00056481675136365694 0 0 0 -0.00040858588221785193
leaf_weight=1702.6843458414078 294.8848083615303 222.82782669365406 87.959844589233398 44.830930709838867 52.733942300081253 53.080387771129608 205.23963737487793
leaf_count=2145 88 257 3 58 50 72 7
internal_value=-6.72658e-05 -0.000246615 -1.91009e-05 -0.000230991 -0.000284282 -0.000290035 -0.000295786
internal_weight=2664.24 2369.36 355.619 267.659 2013.74 1961 1907.92
internal_count=2680 2592 318 315 2274 2224 2152
is_linear=0
shrinkage=0.05


Tree=9
num_leaves=8
num_cat=0
split_feature=46 46 2 131 32 139 27
split_gain=0.24336 0.00679833 0.015395 0.0010063 0.000763752 0.000565886 5.83967e-05
threshold=95.500000000000014 1.0000000180025095e-35 0.048280649000000009 66.057692735826961 17.050000000000004 92.570171094383383 2140.6500000000005
decision_type=2 2 2 2 2 2 2
left_child=1 4 3 -3 5 6 -1
right_child=-2 2 -4 -5 -6 -7 -8
leaf_value=-0.00028445799179840117 0.0012854289593924855 0 0.00053689337374006449 -0.00026260776922711667 0 0 -2.4250264180006965e-05
leaf_weight=1862.2131281495094 294.8848083615303 44.350337743759155 87.959844589233398 223.30841965973377 52.733942300081253 54.089579939842224 44.70166289806366
leaf_count=2081 88 63 3 252 50 77 66
internal_value=-6.40455e-05 -0.000234579 -1.74683e-05 -0.000219578 -0.00027041 -0.00027579 -0.000280995
internal_weight=2664.24 2369.36 355.619 267.659 2013.74 1961 1906.91
internal_count=2680 2592 318 315 2274 2224 2147
is_linear=0
shrinkage=0.05


Tree=10
num_leaves=7
num_cat=0
split_feature=31 108 99 139 31 122
split_gain=0.265021 0.0857023 0.00696672 0.0018253 0.00128535 0.00015637
threshold=35.95000000000001 271.65732840000004 4.3500000000000236 93.65491565332664 33.550000000000004 1.0000000180025095e-35
decision_type=2 2 2 2 2 2
left_child=1 -1 3 4 5 -3
right_child=-2 2 -4 -5 -6 -7
leaf_value=0.0012331038181914657 0.001956046393091175 -6.2008298642549648e-05 0.0001577651709769153 0 0 -0.0002727828580472853
leaf_weight=101.75247865915298 154.64880847930908 71.960836201906204 91.086546212434769 50.577269554138184 44.14179901778698 2046.301795989275
leaf_count=51 72 88 35 72 56 2278
internal_value=-4.09279e-05 -0.000172132 -0.000236868 -0.000255433 -0.000262451 -0.000268014
internal_weight=2560.47 2405.82 2304.07 2212.98 2162.4 2118.26
internal_count=2652 2580 2529 2494 2422 2366
is_linear=0
shrinkage=0.05


Tree=11
num_leaves=9
num_cat=0
split_feature=116 2 99 141 128 91 112 134
split_gain=0.311974 0.280665 0.00633689 0.00222327 0.00177562 0.000250388 0.000151667 4.65997e-05
threshold=275.70574760000005 0.048280649000000009 4.3500000000000236 33.775000000000013 8.2872536633422964 15.950000000000001 271.75028545000004 5.245000000000001
decision_type=2 2 2 2 2 2 2 2
left_child=1 3 4 -1 -2 7 -7 -6
right_child=2 -3 -4 -5 5 6 -8 -9
leaf_value=-0.00035012514027626138 0 0.0030369071768162974 0.00014488824110967365 7.3902176604970543e-06 0 -3.3337581034670399e-05 -0.00026326377404879714 -0.00010928587225874682
leaf_weight=77.186301052570343 47.293247222900391 146.59974098205566 91.44524297118187 42.529137194156647 44.586989104747772 57.910797089338303 2002.8564512878656 50.061627209186554
leaf_count=110 68 5 35 57 63 59 2181 74
internal_value=-3.85793e-05 0.00157564 -0.000228749 -0.000182688 -0.000246588 -0.000253372 -0.000259247 -7.18188e-05
internal_weight=2560.47 266.315 2294.15 119.715 2202.71 2155.42 2060.77 94.6486
internal_count=2652 172 2480 167 2445 2377 2240 137
is_linear=0
shrinkage=0.05


Tree=12
num_leaves=9
num_cat=0
split_feature=116 2 100 141 139 56 122 23
split_gain=0.281755 0.253457 0.00878949 0.00204331 0.0016909 0.000289642 0.000281826 5.47343e-05
threshold=275.70574760000005 0.048280649000000009 9.0500000000000131 33.775000000000013 93.65491565332664 -10.070452149999964 1.0000000180025095e-35 29.731250000000006
decision_type=2 2 2 2 2 2 2 2
left_child=1 3 4 -1 5 -2 -7 -8
right_child=2 -3 -4 -5 -6 6 7 -9
leaf_value=-0.00033284278906691746 0 0.0028860905636435737 0.00031753228467281156 7.0292126227539692e-06 0 -4.7259325537694196e-05 -0.00025377416414295272 -1.7292827768265184e-05
leaf_weight=77.186301052570343 45.262772262096405 146.59974098205566 65.78878790140152 42.529137194156647 48.469883322715759 79.540780380368233 2006.7571468353271 48.334984183311462
leaf_count=110 60 5 12 57 69 91 2178 70
internal_value=-3.65701e-05 0.00149737 -0.000217389 -0.000171625 -0.00023556 -0.000242198 -0.000245443 -0.000250655
internal_weight=2560.47 266.315 2294.15 119.715 2228.37 2179.9 2134.63 2055.09
internal_count=2652 172 2480 167 2468 2399 2339 2248
is_linear=0
shrinkage=0.05


Tree=13
num_leaves=9
num_cat=0
split_feature=116 2 100 141 128 91 112 36
split_gain=0.254481 0.228885 0.00798811 0.00187861 0.00159528 0.000196289 0.000281531 0.00027676
threshold=275.70574760000005 0.048280649000000009 9.0500000000000131 33.775000000000013 8.2872536633422964 15.950000000000001 271.75028545000004 264.53030000000007
decision_type=2 2 2 2 2 2 2 2
left_child=1 3 4 -1 -2 7 -7 -6
right_child=2 -3 -4 -5 5 6 -8 -9
leaf_value=-0.00031641349746538316 0 0.0027427636749028134 0.00030189342085013812 6.6858110377773676e-06 0 -8.6251301213714461e-06 -0.00023993887517016993 -0.00012922317719888838
leaf_weight=77.186301052570343 47.293247222900391 146.59974098205566 65.78878790140152 42.529137194156647 34.015622913837433 58.73255518078804 2026.3141136020422 62.010028064250946
leaf_count=110 68 5 12 57 50 60 2201 89
internal_value=-3.47106e-05 0.00142298 -0.00020665 -0.000161108 -0.000224035 -0.00023045 -0.000235827 -6.09366e-05
internal_weight=2560.47 266.315 2294.15 119.715 2228.37 2181.07 2085.05 96.0257
internal_count=2652 172 2480 167 2468 2400 2261 139
is_linear=0
shrinkage=0.05


Tree=14
num_leaves=9
num_cat=0
split_feature=116 2 99 59 93 134 120 120
split_gain=0.229807 0.206695 0.00476803 0.00187317 0.00148203 0.0001672 3.16994e-05 0.000110226
threshold=275.70574760000005 0.048280649000000009 4.3500000000000236 12.468200000000001 277.90233875000007 2.7150000000000003 290.74636895000009 291.10962080000007
decision_type=2 2 2 2 2 2 2 2
left_child=1 3 4 -1 5 -2 -7 -8
right_child=2 -3 -4 -5 -6 6 7 -9
leaf_value=-0.00030607888770598689 -0.00032104920824994068 0.0026065546876063075 0.00012357561985176289 2.32415439021706e-05 0 -0.00020854939801418426 0 -0.0001031951384629168
leaf_weight=78.163342118263245 212.96672022342682 146.59974098205566 91.44524297118187 41.552096128463745 46.518177211284637 1859.6872576028109 42.189345076680183 41.347611799836159
leaf_count=112 18 5 35 55 66 2258 44 59
internal_value=-3.28191e-05 0.00135228 -0.000196305 -0.00015111 -0.000211904 -0.000218149 -0.000204141 -4.5551e-05
internal_weight=2560.47 266.315 2294.15 119.715 2202.71 2156.19 1943.22 83.537
internal_count=2652 172 2480 167 2445 2379 2361 103
is_linear=0
shrinkage=0.05


Tree=15
num_leaves=9
num_cat=0
split_feature=77 2 99 73 100 51 139 77
split_gain=0.243896 0.270321 0.0240996 0.0087104 0.00591783 0.00266555 0.00157605 0.000689226
threshold=271.38083970000008 0.048280649000000009 4.6499999999999782 41.95000000000001 8.4000000000000359 776.50000000000011 93.65491565332664 271.72908050000007
decision_type=2 2 2 2 2 2 2 2
left_child=1 -1 3 4 5 6 7 -2
right_child=2 -3 -4 -5 -6 -7 -8 -9
leaf_value=-0.00021663406470397617 0 0.0028766455328685919 0.00060755142821632721 -0.00090099272248022472 0.00020570016962205074 8.4253564504754852e-05 0 -0.00021510171348669593
leaf_weight=129.84075278043747 61.899102717638016 146.59974098205566 94.753496944904327 44.901356160640717 84.801801100373268 58.580643802881241 48.469883322715759 1956.9807377904654
leaf_count=143 60 5 12 24 27 36 69 2245
internal_value=6.32117e-06 0.0014102 -0.000157199 -0.000191795 -0.00017473 -0.000192345 -0.000202637 -0.000209757
internal_weight=2626.83 276.44 2350.39 2255.63 2210.73 2125.93 2067.35 2018.88
internal_count=2621 148 2473 2461 2437 2410 2374 2305
is_linear=0
shrinkage=0.05


Tree=16
num_leaves=9
num_cat=0
split_feature=77 43 100 58 165 69 51 139
split_gain=0.219919 0.249869 0.0214247 0.00734804 0.00706112 0.00580369 0.00249075 0.00152264
threshold=271.38083970000008 0.39650000000000007 7.5999999999999668 11.150000000000004 0.0028736076875000003 272.21336550000007 776.50000000000011 93.65491565332664
decision_type=2 2 2 2 2 2 2 2
left_child=1 4 3 6 -1 -4 7 -2
right_child=2 -3 5 -5 -6 -7 -8 -9
leaf_value=-0.00023798114538103152 -0.00020280228363703408 0.003046183246972453 0.00060044087071050179 -0.00087024825678580497 0.00045034315784399761 5.6203898670458013e-05 8.0111591287376652e-05 0
leaf_weight=98.13494747877121 1953.8278289586306 119.94777876138687 92.741688668727875 43.460210472345352 58.357767522335052 154.0092286914587 58.580643802881241 47.767421245574951
leaf_count=99 2241 7 9 22 42 97 36 68
internal_value=6.0904e-06 0.00133927 -0.000149088 -0.000202202 0 0.000282536 -0.000185268 -0.000195568
internal_weight=2626.83 276.44 2350.39 2103.64 156.493 246.751 2060.18 2001.6
internal_count=2621 148 2473 2367 141 106 2345 2309
is_linear=0
shrinkage=0.05


Tree=17
num_leaves=11
num_cat=0
split_feature=77 43 99 59 128 100 97 15 112 112
split_gain=0.198558 0.225693 0.0197413 0.0073783 0.00647576 0.00494102 0.00147393 0.00276246 0.00101695 0.000766536
threshold=271.38083970000008 0.39650000000000007 4.6499999999999782 17.290000000000003 9.5871465020954059 8.4000000000000359 4.5500000000000025 0.0020156250000000005 272.17132835000001 287.12757020000009
decision_type=2 2 2 2 2 2 2 2 2 2
left_child=1 4 3 5 -1 6 8 -8 -2 -10
right_child=2 -3 -4 -5 -6 -7 7 -9 9 -11
leaf_value=0.00042122101057840978 0 0.0028951333007778582 0.00054970305025102558 -0.00082212675511820024 -0.00023411209095048808 0.00018779300046849537 -0.00016975085267842077 0.00030576962203468998 -0.00019499222069682925 0
leaf_weight=60.186958968639374 41.0081727206707 119.94777876138687 94.753496944904327 45.573260426521301 96.305756032466888 85.300529345870018 91.302570447325706 44.418585360050201 1887.4678511023521 60.562555491924286
leaf_count=47 43 7 12 9 94 28 127 20 2148 86
internal_value=6.02794e-06 0.0012729 -0.000141326 -0.000172801 0 -0.000156784 -0.000173051 0 -0.000183959 -0.00018936
internal_weight=2626.83 276.44 2350.39 2255.63 156.493 2210.06 2124.76 135.721 1989.04 1948.03
internal_count=2621 148 2473 2461 141 2452 2424 147 2277 2234
is_linear=0
shrinkage=0.05


Tree=18
num_leaves=10
num_cat=0
split_feature=77 2 100 97 35 51 139 24 139
split_gain=0.179309 0.205543 0.0177139 0.00672369 0.00315979 0.00209202 0.00137318 0.000136826 8.99999e-05
threshold=271.38083970000008 0.048280649000000009 7.5999999999999668 9.3500000000000014 272.98448215000002 776.50000000000011 93.65491565332664 65.550000000000026 91.465220253218561
decision_type=2 2 2 2 2 2 2 2 2
left_child=1 7 3 5 -4 6 8 -1 -2
right_child=2 -3 4 -5 -6 -7 -8 -9 -10
leaf_value=-0.00026835359565552467 -0.00016836681588551939 0.0024890887085434756 0.00048953470021066161 -0.00081277013602202664 7.0779910176602172e-05 7.3322260262878916e-05 7.5482787315772168e-06 -1.9883772863176186e-06 -0.00027142975462367497
leaf_weight=79.631762087345123 1734.8099303692579 146.59974098205566 97.454684972763062 44.594154298305511 149.29623238742352 58.580643802881241 47.064959168434143 50.208990693092346 218.58641684055328
leaf_count=120 2215 5 15 23 91 36 67 23 26
internal_value=5.8234e-06 0.00120981 -0.000134111 -0.00018254 0.000257658 -0.000166076 -0.000175618 -0.000204368 -0.000182591
internal_weight=2626.83 276.44 2350.39 2103.64 246.751 2059.04 2000.46 129.841 1953.4
internal_count=2621 148 2473 2367 106 2344 2308 143 2241
is_linear=0
shrinkage=0.05


Tree=19
num_leaves=11
num_cat=0
split_feature=77 43 99 100 46 165 51 133 77 139
split_gain=0.161422 0.188702 0.0163143 0.00712941 0.00692523 0.00485532 0.00184274 0.00122363 0.00069236 8.03549e-05
threshold=271.38083970000008 0.39650000000000007 4.9499999999999895 8.4000000000000359 98.500000000000014 0.0028736076875000003 776.50000000000011 87.485000000000014 271.82325345000004 91.465220253218561
decision_type=2 2 2 2 2 2 2 2 2 2
left_child=1 5 3 4 6 -1 7 8 -2 -10
right_child=2 -3 -4 -5 -6 -7 -8 -9 9 -11
leaf_value=-0.00021261605208953242 0 0.0026311893221180396 0.00066955006743353986 0.0002098489074226765 -0.00068102863566823222 0.00035915847484057272 6.9717692602483893e-05 0 -0.00015938066775498299 -0.00025575751124351211
leaf_weight=98.13494747877121 77.95375069975853 119.94777876138687 59.342358469963074 117.04272912442684 69.506631731987 58.357767522335052 58.580643802881241 53.928074777126312 1673.6700920015574 240.36274123191833
leaf_count=99 81 7 3 32 56 42 36 73 2135 57
internal_value=5.46767e-06 0.00114791 -0.000127206 -0.000150308 -0.000172084 0 -0.000152584 -0.000161423 -0.000168219 -0.000174222
internal_weight=2626.83 276.44 2350.39 2291.04 2174 156.493 2104.5 2045.91 1991.99 1914.03
internal_count=2621 148 2473 2470 2438 141 2382 2346 2273 2192
is_linear=0
shrinkage=0.05


Tree=20
num_leaves=6
num_cat=0
split_feature=2 93 102 100 100
split_gain=0.149526 0.00123106 0.000548575 0.00021934 0.000718015
threshold=0.048280649000000009 278.06151935000008 -4.9500000000000002 7.900000000000035 7.5999999999999668
decision_type=2 2 2 2 2
left_child=1 2 -1 4 -4
right_child=-2 -3 3 -5 -6
leaf_value=0 0.0007660779669953462 3.5221345080594118e-05 -0.00015773335194008405 -0.00032881374446544574 0
leaf_weight=56.484181433916092 557.07901573181152 42.194360613822937 1946.085345774889 72.211500287055969 42.887824013829231
leaf_count=66 19 60 2409 86 40
internal_value=3.49842e-05 -0.000151535 -0.000157631 -0.000161843 -0.000153106
internal_weight=2716.94 2159.86 2117.67 2061.18 1988.97
internal_count=2680 2661 2601 2535 2449
is_linear=0
shrinkage=0.05


Tree=21
num_leaves=12
num_cat=0
split_feature=64 2 46 58 73 15 112 15 50 135 36
split_gain=0.144838 0.165268 0.0367016 0.00740167 0.00622425 0.0124112 0.00121402 0.00101604 0.00058773 0.000282483 0.000144415
threshold=19.900000000000016 0.048280649000000009 99.500000000000014 7.9500000000000002 28.950000000000003 0.0065104166666666678 287.12757020000009 0.00016562500000000003 1015.5500000000001 2.8350000000000004 263.4672503000001
decision_type=2 2 2 2 2 2 2 2 2 2 2
left_child=2 7 3 4 6 -6 8 -2 -1 -10 -11
right_child=1 -3 -4 -5 5 -7 -8 -9 9 10 -12
leaf_value=0 4.008564585681297e-05 0.0025396056827962079 0.00061772134284574301 -0.00076864983310726616 -0.0001393793088846583 0.00048617641920021496 0 -0.00020261175742204685 -0.00025943693114460976 0 -0.00015091291240249308
leaf_weight=51.529780685901642 40.217606961727142 117.27979278564453 173.3018844127655 46.50038306415081 210.32325479388237 120.67824059724808 66.886801898479462 75.755357652902603 212.72210651636124 51.99760265648365 1549.7494158297777
leaf_count=65 59 4 40 25 259 9 95 93 99 69 1863
internal_value=3.31898e-05 0.00122297 -7.69822e-05 -0.0001315 -0.000115871 7.44063e-05 -0.000151063 -7.608e-05 -0.000158944 -0.000163675 -0.000147684
internal_weight=2716.94 233.253 2483.69 2310.39 2263.89 331.001 1932.89 115.973 1866 1814.47 1601.75
internal_count=2680 156 2524 2484 2459 268 2191 152 2096 2031 1932
is_linear=0
shrinkage=0.05


Tree=22
num_leaves=12
num_cat=0
split_feature=64 2 35 65 73 134 112 34 50 165 36
split_gain=0.130842 0.149276 0.0301285 0.00681493 0.00622528 0.0126347 0.00113332 0.000957174 0.000586479 0.000241772 0.000217539
threshold=19.900000000000016 0.048280649000000009 271.70026210000009 38.050000000000004 28.950000000000003 2.7150000000000003 287.12757020000009 0.23193985212834073 1015.5500000000001 0.0073098348750000016 263.4672503000001
decision_type=2 2 2 2 2 2 2 2 2 2 2
left_child=2 7 -1 4 6 -6 8 -2 -4 10 -10
right_child=1 -3 3 -5 5 -7 -8 -9 9 -11 -12
leaf_value=0.0005693259014116533 -0.00020187602902605373 0.0024136988641644819 0 -0.00073673661361666875 0.00043583478430920196 -0.00015021056497622565 0 2.8503620954317921e-05 0 -0.00025913531374510413 -0.0001455797175185315
leaf_weight=166.4617545902729 70.946984559297562 117.27979278564453 51.519314527511597 45.956902846693993 148.70712721347809 222.87645748257637 66.886801898479462 45.025980055332184 44.917317166924477 176.75176727771759 1559.612027451396
leaf_count=48 87 4 65 24 8 276 95 65 62 41 1905
internal_value=3.14291e-05 0.00116233 -7.3191e-05 -0.00012173 -0.000106766 7.14443e-05 -0.000144275 -7.02082e-05 -0.000152051 -0.000156877 -0.000142344
internal_weight=2716.94 233.253 2483.69 2317.23 2271.27 371.584 1899.69 115.973 1832.8 1781.28 1604.53
internal_count=2680 156 2524 2476 2452 284 2168 152 2073 2008 1967
is_linear=0
shrinkage=0.05


Tree=23
num_leaves=13
num_cat=0
split_feature=64 2 46 65 73 2 112 132 50 135 91 23
split_gain=0.118192 0.134831 0.030564 0.00620336 0.00509933 0.0102489 0.00105037 0.000837154 0.000488276 0.000174182 0.000198001 3.41225e-05
threshold=19.900000000000016 0.048280649000000009 99.500000000000014 38.600000000000009 28.950000000000003 0.048280649000000009 287.12757020000009 3.5000000000000004 1015.5500000000001 2.8350000000000004 16.050000000000004 29.731250000000006
decision_type=2 2 2 2 2 2 2 2 2 2 2 2
left_child=2 7 3 4 6 -6 8 -2 -1 -10 -11 -12
right_child=1 -3 -4 -5 5 -7 -8 -9 9 10 11 -13
leaf_value=0 -0.00018314506693599316 0.0022940343680701671 0.00056399182545420294 -0.00071685243718436643 -0.0001212515254336832 0.00044921165845592599 0 3.1082369075574801e-05 -0.00023537836612149587 0 -0.00014061201141609547 0
leaf_weight=51.529780685901642 74.748419225215912 117.27979278564453 173.3018844127655 44.551978692412376 215.67010697722435 117.27979278564453 66.886801898479462 41.224545389413834 212.72210651636124 66.322326064109802 1487.3505277335644 48.074164688587189
leaf_count=65 91 4 40 22 267 4 95 61 99 96 1764 72
internal_value=2.97838e-05 0.00110469 -6.95566e-05 -0.000119466 -0.000105203 6.54622e-05 -0.000137205 -6.46347e-05 -0.000144589 -0.000148902 -0.000134158 -0.000138194
internal_weight=2716.94 233.253 2483.69 2310.39 2265.84 332.95 1932.89 115.973 1866 1814.47 1601.75 1535.42
internal_count=2680 156 2524 2484 2462 271 2191 152 2096 2031 1932 1836
is_linear=0
shrinkage=0.05


Tree=24
num_leaves=13
num_cat=0
split_feature=64 11 46 65 73 15 128 15 32 135 36 23
split_gain=0.106784 0.121783 0.0276327 0.00558893 0.00459935 0.00929604 0.00101042 0.000852305 0.000441742 0.00016322 0.000150533 4.58242e-05
threshold=19.900000000000016 0.0063192529166666679 99.500000000000014 38.600000000000009 28.950000000000003 0.0065104166666666678 8.2872536633422964 0.00016562500000000003 14.750000000000002 2.8350000000000004 263.19595815000008 29.731250000000006
decision_type=2 2 2 2 2 2 2 2 2 2 2 2
left_child=2 7 3 4 6 -6 -1 -2 9 -8 -11 -12
right_child=1 -3 -4 -5 5 -7 8 -9 -10 10 11 -13
leaf_value=1.9881077728141443e-05 4.3903731578562971e-05 0.0021803023788233233 0.00053595405654993449 -0.00068179671896396207 -0.0001197784291574948 0.00041979377952177581 -0.00022372955844972704 -0.00017913660822533226 0 0 -0.00013121988921697842 0
leaf_weight=50.048734664916992 40.217606961727142 117.27979278564453 173.3018844127655 44.551978692412376 212.2716591656208 120.67824059724808 217.67431253194809 75.755357652902603 41.037028938531876 40.269642949104309 1538.0022657513618 45.853722751140594
leaf_count=72 59 4 40 22 262 9 106 93 35 56 1854 68
internal_value=2.81325e-05 0.00104992 -6.61986e-05 -0.000113742 -0.000100071 6.14895e-05 -0.000130503 -5.93307e-05 -0.000137163 -0.000140826 -0.000126507 -0.000129028
internal_weight=2716.94 233.253 2483.69 2310.39 2265.84 332.95 1932.89 115.973 1882.84 1841.8 1624.13 1583.86
internal_count=2680 156 2524 2484 2462 271 2191 152 2119 2084 1978 1922
is_linear=0
shrinkage=0.05


Tree=25
num_leaves=9
num_cat=0
split_feature=116 66 46 106 119 36 120 23
split_gain=0.130339 0.0479359 0.00743565 0.00252147 0.000660024 0.000345265 0.000315426 0.000123134
threshold=274.62585660000008 34.775000000000006 57.500000000000007 23.650000000000002 7.1500000000000012 262.91142080000003 290.74636895000009 29.731250000000006
decision_type=2 2 2 2 2 2 2 2
left_child=1 -1 4 -4 -2 -6 7 -7
right_child=2 -3 3 -5 5 6 -8 -9
leaf_value=0.00031821336592188765 0 0.0019956852701583892 0.000341318167418432 0 0 -0.00013725622849562372 0 0
leaf_weight=86.15583336353302 47.048083424568176 103.82036107778549 109.27185487747192 119.92243215441704 34.614549040794373 1871.3837051391602 79.099556460976601 47.851906001567841
leaf_count=82 67 24 28 72 45 2201 94 70
internal_value=9.61236e-06 0.00126677 -9.21525e-05 0.000168591 -0.000123354 -0.000127982 -0.000130747 -0.000134943
internal_weight=2499.17 189.976 2309.19 229.194 2080 2032.95 1998.34 1919.24
internal_count=2683 106 2577 100 2477 2410 2365 2271
is_linear=0
shrinkage=0.05


Tree=26
num_leaves=10
num_cat=0
split_feature=116 66 2 100 100 119 91 23 36
split_gain=0.117957 0.043065 0.00537599 0.000884135 0.000640077 0.000569743 0.000207733 8.45629e-05 4.57822e-05
threshold=274.62585660000008 34.775000000000006 0.048280649000000009 7.900000000000035 7.400000000000035 7.1500000000000012 15.950000000000001 29.731250000000006 265.17343980000004
decision_type=2 2 2 2 2 2 2 2 2
left_child=1 -1 3 4 5 -2 8 -8 -7
right_child=2 -3 -4 -5 -6 6 7 -9 -10
leaf_value=0.00030248524058579192 0 0.0018968529448069801 0.00011539809258482279 -0.00033255896028776131 0 0 -0.00012181922765028578 0 -4.7458443881711435e-05
leaf_weight=86.15583336353302 46.666743487119675 103.82036107778549 263.8795337677002 66.960326209664345 50.750281244516373 37.197244584560394 1751.6617455780506 42.259154081344604 49.817058145999908
leaf_count=82 67 24 9 91 56 54 2167 62 71
internal_value=9.31146e-06 0.00120534 -8.74005e-05 -0.000116052 -0.000106034 -0.000111215 -0.000115898 -0.000119886 0
internal_weight=2499.17 189.976 2309.19 2045.31 1978.35 1927.6 1880.94 1793.92 87.0143
internal_count=2683 106 2577 2568 2477 2421 2354 2229 125
is_linear=0
shrinkage=0.05


Tree=27
num_leaves=11
num_cat=0
split_feature=116 66 46 106 119 36 101 23 15 135
split_gain=0.106764 0.0386764 0.00646589 0.00219952 0.000577517 0.000307322 0.000305971 0.000102091 9.99634e-05 6.51385e-06
threshold=274.62585660000008 34.775000000000006 57.500000000000007 23.650000000000002 7.1500000000000012 262.91142080000003 -6.3407545499999847 29.731250000000006 0.0017010416666666669 2.8350000000000004
decision_type=2 2 2 2 2 2 2 2 2 2
left_child=1 -1 4 -4 -2 -6 8 9 -7 -8
right_child=2 -3 3 -5 5 6 7 -9 -10 -11
leaf_value=0.00028753452767904904 0 0.0018029151133771258 0.00032126145590430442 0 0 -5.6872507330580344e-05 -0.00020043758897164048 0 1.9293946027204744e-05 -0.00011446337684659885
leaf_weight=86.15583336353302 47.048083424568176 103.82036107778549 109.27185487747192 119.92243215441704 34.614549040794373 71.980861499905586 192.56206691265106 47.340081632137299 36.214132845401764 1650.2380247116089
leaf_count=82 67 24 28 72 45 108 111 69 35 2042
internal_value=9.00297e-06 0.00114696 -8.29081e-05 0.000159854 -0.000112125 -0.000116501 -0.00011913 -0.00012413 0 -0.000126263
internal_weight=2499.17 189.976 2309.19 229.194 2080 2032.95 1998.34 1890.14 108.195 1842.8
internal_count=2683 106 2577 100 2477 2410 2365 2222 143 2153
is_linear=0
shrinkage=0.05


Tree=28
num_leaves=10
num_cat=0
split_feature=116 66 46 106 119 36 101 23 2
split_gain=0.0966485 0.0347229 0.00586956 0.00197871 0.000537688 0.000283504 0.000277349 8.33859e-05 5.98403e-05
threshold=274.62585660000008 34.775000000000006 57.500000000000007 23.450000000000003 7.1500000000000012 262.91142080000003 -6.3407545499999847 29.731250000000006 7.3000000000000013e-05
decision_type=2 2 2 2 2 2 2 2 2
left_child=1 -1 4 -4 -2 -6 8 -8 -7
right_child=2 -3 3 -5 5 6 7 -9 -10
leaf_value=0.00027332276389635031 0 0.0017136293705751187 0.00030600304361808137 0 0 -4.5720176000707433e-05 -0.00012009380422400796 0 2.3818248536841295e-07
leaf_weight=86.15583336353302 47.048083424568176 103.82036107778549 108.79778054356575 120.39650648832321 34.614549040794373 70.566800191998482 1842.8000916242599 47.340081632137299 37.628194153308868
leaf_count=82 67 24 27 73 45 104 2153 69 39
internal_value=8.67953e-06 0.00109147 -7.86708e-05 0.000152229 -0.000106577 -0.000110826 -0.000113356 -0.000118115 0
internal_weight=2499.17 189.976 2309.19 229.194 2080 2032.95 1998.34 1890.14 108.195
internal_count=2683 106 2577 100 2477 2410 2365 2222 143
is_linear=0
shrinkage=0.05


Tree=29
num_leaves=10
num_cat=0
split_feature=116 102 99 100 16 119 91 135 36
split_gain=0.0874831 0.0320065 0.00538134 0.000822862 0.00267225 0.000486241 0.000245286 2.54341e-05 2.38442e-05
threshold=274.62585660000008 -2.2500000000000004 4.3500000000000236 7.400000000000035 6.3750000000000009 7.3500000000000005 15.950000000000001 10.295000000000002 265.17343980000004
decision_type=2 2 2 2 2 2 2 2 2
left_child=1 -1 3 5 -5 -2 8 -8 -7
right_child=2 -3 -4 4 -6 6 7 -9 -10
leaf_value=0.0019359327059844753 0 0.00049519997390499797 0.00021207213717089194 -0.00015981097442661988 0.00029525512537522774 0 -0.00015367238607729317 -9.5136515546743024e-05 -3.4249676178758083e-05
leaf_weight=67.23293125629425 48.960016459226608 122.74326318502426 141.94929841160774 74.880188271403313 53.403727531433105 37.197244584560394 449.7622447013855 1453.2223089933395 49.817058145999908
leaf_count=14 70 92 39 107 15 54 423 1798 71
internal_value=8.47506e-06 0.00103873 -7.45319e-05 -9.56989e-05 0 -0.000103647 -0.000107784 -0.000111671 0
internal_weight=2499.17 189.976 2309.19 2167.24 128.284 2038.96 1990 1902.98 87.0143
internal_count=2683 106 2577 2538 122 2416 2346 2221 125
is_linear=0
shrinkage=0.05


Tree=30
num_leaves=10
num_cat=0
split_feature=77 92 74 14 83 80 46 36 119
split_gain=0.0626697 0.0796567 0.0134998 0.00208083 0.00135578 0.000590194 0.000768505 0.000295344 1.33e-05
threshold=271.56566080000005 0.15000000000000005 34.350000000000009 0.061309237500000009 14.65 34.45000000000001 95.500000000000014 262.91142080000003 27.250000000000004
decision_type=2 2 2 2 2 2 2 2 2
left_child=1 -1 3 5 -3 6 7 -2 -9
right_child=2 4 -4 -5 -6 -7 -8 8 -10
leaf_value=0.0012449843062030679 0 4.4099537591381607e-05 -0.00093305163561344584 1.2290087445084877e-05 -0.00018054996926360111 0 -0.00036514451910223301 -0.00010138390139344764 0
leaf_weight=214.18465885519981 39.215897679328918 68.289131879806519 47.286549508571625 434.00800240039825 151.71597617864609 50.748993515968323 41.38994312286377 1568.7002864032984 37.916792750358582
leaf_count=18 52 60 27 87 126 58 57 2102 51
internal_value=8.9065e-06 0.00055926 -9.67192e-05 -7.57893e-05 -8.83113e-05 -0.000100654 -0.000106348 -9.65854e-05 -0.000100078
internal_weight=2653.46 434.19 2219.27 2171.98 220.005 1737.97 1687.22 1645.83 1606.62
internal_count=2638 204 2434 2407 186 2320 2262 2205 2153
is_linear=0
shrinkage=0.05


Tree=31
num_leaves=10
num_cat=0
split_feature=77 19 74 14 80 46 24 36 119
split_gain=0.0565915 0.0721433 0.0121981 0.00189321 0.000551058 0.000676939 0.000546038 0.0002735 5.37165e-06
threshold=271.56566080000005 0.018424285714285716 34.350000000000009 0.061309237500000009 34.45000000000001 95.500000000000014 65.550000000000026 262.91142080000003 27.250000000000004
decision_type=2 2 2 2 2 2 2 2 2
left_child=1 6 3 4 5 7 -1 -2 -9
right_child=2 -3 -4 -5 -6 -7 -8 8 -10
leaf_value=-0.00022307577181051371 0 0.0011266973625906373 -0.00088736526132993955 1.1677000970513394e-05 0 -0.00034731799134153006 0 -9.6317935291017763e-05 0
leaf_weight=111.44698962569237 39.215897679328918 234.55958557128906 47.286549508571625 434.00800240039825 50.748993515968323 41.38994312286377 88.18319171667099 1568.7002864032984 37.916792750358582
leaf_count=162 52 8 27 87 58 57 34 2102 51
internal_value=8.35394e-06 0.000531424 -9.19238e-05 -7.19047e-05 -9.56468e-05 -0.00010119 -0.000145212 -9.17567e-05 -9.51314e-05
internal_weight=2653.46 434.19 2219.27 2171.98 1737.97 1687.22 199.63 1645.83 1606.62
internal_count=2638 204 2434 2407 2320 2262 196 2205 2153
is_linear=0
shrinkage=0.05


Tree=32
num_leaves=10
num_cat=0
split_feature=77 92 74 14 169 80 46 36 141
split_gain=0.0509202 0.0662287 0.0110214 0.00172309 0.00120504 0.000514844 0.000594941 0.000253442 2.48695e-05
threshold=271.56566080000005 0.15000000000000005 34.350000000000009 0.061309237500000009 0.0059621270000000011 34.45000000000001 95.500000000000014 262.91142080000003 25.685000000000006
decision_type=2 2 2 2 2 2 2 2 2
left_child=1 -1 3 5 8 6 7 -2 -3
right_child=2 4 -4 -5 -6 -7 -8 -9 -10
leaf_value=0.001129430360687522 0 -0.00030878647920913236 -0.00084391580746009704 1.1094490270546148e-05 0 0 -0.00033036175949490549 -9.0432083940974713e-05 -1.1514120625521357e-05
leaf_weight=214.18465885519981 39.215897679328918 47.845014274120331 47.286549508571625 434.00800240039825 128.83596032857895 50.748993515968323 41.38994312286377 1606.617079153657 43.324133455753326
leaf_count=18 52 66 27 87 59 58 57 2153 61
internal_value=7.65598e-06 0.000503917 -8.73666e-05 -6.82139e-05 -8.47782e-05 -9.08891e-05 -9.6289e-05 -8.71693e-05 -0.000223427
internal_weight=2653.46 434.19 2219.27 2171.98 220.005 1737.97 1687.22 1645.83 91.1691
internal_count=2638 204 2434 2407 186 2320 2262 2205 127
is_linear=0
shrinkage=0.05


Tree=33
num_leaves=12
num_cat=0
split_feature=64 11 46 174 83 15 21 101 19 53 19
split_gain=0.0388586 0.0484758 0.0147715 0.00988762 0.00152195 0.0064872 0.000903667 0.000488698 0.000323384 0.000288311 1.77313e-05
threshold=19.900000000000016 0.0063192529166666679 99.500000000000014 44.400000000000006 15.65 0.0065104166666666678 0.50694444444444453 -6.0120303999999569 0.018424285714285716 128.50000000000003 -0.0077157142857142771
decision_type=2 2 2 2 2 2 2 2 2 2 2
left_child=2 6 3 4 5 9 -2 -6 -9 10 -1
right_child=1 -3 -4 -5 7 -7 -8 8 -10 -11 -12
leaf_value=0 0 0.0013382342286723061 0.00038696988843925736 -0.00082474788938704526 0 0.00031429544285458116 -0.00022094858596476559 -8.8291043250190917e-05 -0.00020619226524868142 0 -9.1857795900353027e-05
leaf_weight=33.057251125574112 58.932157337665558 117.27979278564453 174.03488671779633 44.71312803030014 53.22897769510746 126.49140280485153 55.588553547859192 1287.0526182949543 146.59974098205566 37.046818912029266 519.43090406060219
leaf_count=52 67 4 41 13 47 58 80 1475 5 52 744
internal_value=7.0423e-06 0.000625687 -5.03443e-05 -8.65865e-05 -6.89676e-05 -1.68106e-06 -6.60118e-05 -9.79869e-05 -0.000103968 -7.83617e-05 -8.86217e-05
internal_weight=2653.46 231.801 2421.66 2247.62 2202.91 716.026 114.521 1486.88 1433.65 589.535 552.488
internal_count=2638 151 2487 2446 2433 906 147 1527 1480 848 796
is_linear=0
shrinkage=0.05


Tree=34
num_leaves=12
num_cat=0
split_feature=77 92 97 83 16 169 25 116 36 69 176
split_gain=0.0416963 0.0555287 0.0090757 0.00164408 0.00711954 0.0010667 0.000853375 0.000864926 0.000240826 0.00015777 2.58797e-05
threshold=271.56566080000005 0.15000000000000005 8.7500000000000018 15.850000000000003 17.135000000000005 0.0059621270000000011 10.500000000000002 277.30316045000006 263.36383120000011 277.85469885000003 32.400000000000006
decision_type=2 2 2 2 2 2 2 2 2 2 2
left_child=1 -1 3 4 8 -3 9 -8 -2 -5 -10
right_child=2 5 -4 6 -6 -7 7 -9 10 -11 -12
leaf_value=0.0010288541188347938 0 -0.00021181933345867823 -0.00076955816044902618 -0.00020702855919265003 0.00032940000555124635 0 6.2482502863330162e-05 -7.6877933084051027e-05 -8.72245943558256e-05 -6.2271926687122302e-05 0
leaf_weight=214.18465885519981 36.869850277900696 91.169147729873657 46.878519713878632 242.54834979772568 132.67729568481445 128.83596032857895 85.153293699026108 960.75377826392651 519.63220191001892 154.62400877475739 40.129167258739471
leaf_count=18 53 127 26 142 26 59 84 1087 737 220 59
internal_value=6.60315e-06 0.000455841 -7.92021e-05 -6.16569e-05 0 -8.15188e-05 -9.25621e-05 -6.0707e-05 -7.42443e-05 -0.000163528 -8.33565e-05
internal_weight=2653.46 434.19 2219.27 2172.39 729.309 220.005 1443.08 1045.91 596.631 397.172 559.761
internal_count=2638 204 2434 2408 875 186 1533 1171 849 362 796
is_linear=0
shrinkage=0.05


Tree=35
num_leaves=14
num_cat=0
split_feature=64 108 35 116 73 15 165 128 128 50 56 106 89
split_gain=0.0363343 0.0422046 0.0124373 0.00906153 0.00337195 0.00532586 0.00118686 0.000766833 0.000724111 0.000283677 0.000146285 2.53611e-05 2.76297e-05
threshold=19.900000000000016 273.43516825000006 271.70026210000009 274.37203730000004 28.750000000000004 0.0065104166666666678 0.0073098348750000016 10.047934111019257 8.2703459890949294 1015.5500000000001 -9.6827496999999578 32.050000000000004 35.350000000000001
decision_type=2 2 2 2 2 2 2 2 2 2 2 2 2
left_child=2 -2 -1 -4 6 11 8 -3 -5 -10 -11 12 -6
right_child=1 7 3 4 5 -7 -8 -9 9 10 -12 -13 -14
leaf_value=0.00036973819409673596 0.0011796464007154505 5.7155772775568313e-05 -0.00067879463479962273 0.0001032499650172584 0 0.000310561279100694 -0.00019911250542556719 -0.00015176724278612226 0 0 -7.7176110120817583e-05 0 -0.00010373489865053665
leaf_weight=165.90912482142448 137.3210147023201 52.332665205001831 60.799193203449249 38.787146091461182 43.353643015027046 150.58316600322723 231.98894494771957 80.860932230949402 53.637863412499428 50.934662938117981 1539.3773146867752 39.544652342796326 106.15964835882187
leaf_count=48 31 34 45 56 64 11 40 104 66 70 1915 38 133
internal_value=1.59829e-05 0.000566431 -4.22227e-05 -7.40502e-05 -5.52299e-05 8.26325e-05 -8.23248e-05 -3.26062e-05 -6.31457e-05 -7.01716e-05 -7.44022e-05 -7.3282e-05 -8.48672e-05
internal_weight=2751.59 270.515 2481.08 2315.17 2254.37 339.641 1914.73 133.194 1682.74 1643.95 1590.31 189.058 149.513
internal_count=2655 169 2486 2438 2393 246 2147 138 2107 2051 1985 235 197
is_linear=0
shrinkage=0.05


Tree=36
num_leaves=11
num_cat=0
split_feature=77 46 74 83 16 85 165 51 128 14
split_gain=0.0410947 0.0478552 0.0083808 0.0023863 0.00871308 0.00133995 0.000620576 0.000356344 7.33058e-05 1.19012e-05
threshold=271.56566080000005 26.500000000000004 34.350000000000009 15.850000000000003 17.135000000000005 271.10737725000007 0.0097899795625000004 640.50000000000011 9.444421489435852 0.00037453650000000008
decision_type=2 2 2 2 2 2 2 2 2 2
left_child=1 8 3 4 7 -5 -7 9 -1 -2
right_child=2 -3 -4 5 -6 6 -8 -9 -10 -11
leaf_value=0 0 0.00091426013116842049 -0.00071892739567629897 0.00012635170890110047 0.00034312019901742334 -7.8254674444882592e-05 -0.00019318745726589669 0 -0.00013075984419679636 -8.3114814887605599e-05
leaf_weight=65.815106868743896 38.756276369094849 250.35774698853493 48.679325103759766 48.44473659992218 162.7272424697876 1213.61644269526 227.82534229755402 43.477157801389694 133.37418401241302 518.51641075313091
leaf_count=54 55 28 29 57 28 1461 32 63 111 737
internal_value=1.51193e-05 0.0004533 -6.84382e-05 -5.18551e-05 1.45302e-05 -8.92141e-05 -0.000100008 -6.65894e-05 -0.000102769 -7.98449e-05
internal_weight=2751.59 449.547 2302.04 2253.36 763.477 1489.89 1441.44 600.75 199.189 557.273
internal_count=2655 193 2462 2433 883 1550 1493 855 165 792
is_linear=0
shrinkage=0.05


Tree=37
num_leaves=14
num_cat=0
split_feature=64 97 91 35 116 73 139 165 93 120 56 59 67
split_gain=0.0306227 0.0374091 0.0123419 0.00948031 0.00778723 0.00241605 0.0046486 0.000964316 0.000720081 0.000193295 0.000145578 3.615e-05 3.5533e-05
threshold=19.900000000000016 -3.2000000000000002 17.550000000000004 271.70026210000009 273.58530345000003 28.750000000000004 91.465220253218561 0.0055204350625000015 278.06151935000008 290.74636895000009 -8.8189297499999935 9.1053000000000015 20.400000000000002
decision_type=2 2 2 2 2 2 2 2 2 2 2 2 2
left_child=3 -2 -3 -1 -5 7 11 8 9 10 -6 -7 -4
right_child=1 2 12 4 5 6 -8 -9 -10 -11 -12 -13 -14
leaf_value=0.00031966965039005764 0.0014864590646713391 0.00066299355918497649 -0.00018157362790119773 -0.00066992936596154328 0 0 0.0002822188185655465 -0.00017682165719789107 0.00011217580407722839 0 -7.0135199423381216e-05 -9.3453707454836427e-05 0
leaf_weight=165.90912482142448 72.93680340051651 71.791114091873169 71.626197934150696 52.742831885814667 87.477100893855095 60.289611876010895 148.00466513633728 244.76209986209869 40.14473819732666 55.506358772516251 1486.8356343507767 139.40319402515888 54.160496711730957
leaf_count=48 22 21 102 34 120 80 7 59 57 67 1844 170 24
internal_value=1.4096e-05 0.000519555 0.000131751 -3.91874e-05 -6.71895e-05 -5.06393e-05 6.29591e-05 -7.38998e-05 -5.57257e-05 -6.29936e-05 -6.64437e-05 -7.52306e-05 -0.000134851
internal_weight=2751.59 270.515 197.578 2481.08 2315.17 2262.42 347.697 1914.73 1669.96 1629.82 1574.31 199.693 125.787
internal_count=2655 169 147 2486 2438 2404 257 2147 2088 2031 1964 250 126
is_linear=0
shrinkage=0.05


Tree=38
num_leaves=15
num_cat=0
split_feature=64 97 91 46 65 73 165 19 93 44 138 122 67 138
split_gain=0.0276036 0.0338422 0.0112182 0.00859925 0.00695866 0.00205592 0.00428123 0.000763045 0.0005969 0.000236264 7.58328e-05 3.78143e-05 1.22218e-05 8.56998e-06
threshold=19.900000000000016 -3.2000000000000002 17.550000000000004 99.500000000000014 38.050000000000004 28.750000000000004 0.0053301693124999999 0.018424285714285716 277.97260910000006 1362.5000000000002 2.3650000000000007 7.5000000000000009 20.400000000000002 6.6350000000000007
decision_type=2 2 2 2 2 2 2 2 2 2 2 2 2 2
left_child=3 -2 -3 4 5 7 11 8 9 10 -1 -7 -4 -11
right_child=1 2 12 -5 -6 6 -8 -9 -10 13 -12 -13 -14 -15
leaf_value=0 0.0014131413052612838 0.0006302993102072843 -0.0001726199493094928 0.00029991894416471005 -0.00067155231219598668 -7.7438028970261384e-05 0.00030138671536789703 -0.00017325330969128746 8.4432004233982652e-05 1.7979716645237797e-05 -6.8659655614143752e-05 0 0 -4.5780930757130847e-06
leaf_weight=65.1138014793396 72.93680340051651 71.791114091873169 71.626197934150696 169.9433696269989 46.555360272526741 148.12872803211212 120.89710474014282 205.23963737487793 44.265697956085205 61.515871822834015 1516.024644061923 46.400367140769958 54.160496711730957 56.990777313709259
leaf_count=91 22 21 102 36 25 185 6 7 63 80 1876 62 24 55
internal_value=1.32532e-05 0.00049322 0.000123041 -3.72413e-05 -6.4315e-05 -4.93335e-05 6.07829e-05 -6.97393e-05 -5.4599e-05 -6.12076e-05 -6.63348e-05 -6.3954e-05 -0.000129722 0
internal_weight=2751.59 270.515 197.578 2481.08 2311.13 2264.58 315.426 1949.15 1743.91 1699.65 1581.14 194.529 125.787 118.507
internal_count=2655 169 147 2486 2450 2425 253 2172 2165 2102 1967 247 126 135
is_linear=0
shrinkage=0.05


Tree=39
num_leaves=14
num_cat=0
split_feature=77 96 74 111 11 85 100 77 51 61 128 43 51
split_gain=0.0312099 0.0395406 0.00671427 0.00192733 0.00400656 0.000843985 0.000755388 0.000622176 0.000417903 0.000320177 0.000151994 3.45082e-05 1.15063e-05
threshold=271.56566080000005 40.962499999999999 34.350000000000009 2.4500000000000006 0.0040165472500000013 271.06783780000006 8.3500000000000245 273.30363410000007 776.50000000000011 102.50000000000001 9.444421489435852 0.35250000000000004 744.50000000000011
decision_type=2 2 2 2 2 2 2 2 2 2 2 2 2
left_child=1 -1 3 4 11 -5 7 9 12 -7 -3 -2 -9
right_child=2 10 -4 5 -6 6 -8 8 -10 -11 -12 -13 -14
leaf_value=0.00080825527497787881 -3.2807283794645938e-05 0 -0.00064301677168416118 0.00010259136573428562 0.00051844321259247612 -8.8433519659229305e-06 3.0718368246106181e-05 -6.0920968972388532e-05 4.2657219031970114e-05 -0.00016524871660756775 -0.00015281837559141345 0 0
leaf_weight=253.53871512413025 79.746107250452042 65.815106868743896 48.679325103759766 53.354013085365295 43.699701070785522 116.60426409542561 115.62740449607372 1395.2304724305868 48.154410302639008 323.55934183299541 130.1932158768177 35.883380502462387 41.504513919353485
leaf_count=35 114 54 29 64 20 151 31 1795 26 139 104 48 45
internal_value=1.24256e-05 0.000394494 -6.01532e-05 -4.5064e-05 0.000111655 -5.94225e-05 -6.61555e-05 -7.45831e-05 -5.3152e-05 -0.000135263 -0.000116717 -2.33868e-06 -5.98683e-05
internal_weight=2751.59 449.547 2302.04 2253.36 159.329 2094.03 2040.68 1925.05 1484.89 440.164 196.008 115.629 1436.73
internal_count=2655 193 2462 2433 182 2251 2187 2156 1866 290 158 162 1840
is_linear=0
shrinkage=0.05


Tree=40
num_leaves=11
num_cat=0
split_feature=116 120 73 16 165 31 91 134 120 165
split_gain=0.0365587 0.0344636 0.00229151 0.00562896 0.000587509 0.000204774 0.000189953 0.000104284 7.65831e-05 5.49683e-05
threshold=275.30663465000003 284.13235290000006 28.950000000000003 9.4000000000000004 0.0055204350625000015 26.750000000000004 16.050000000000004 3.7100000000000004 284.13235290000006 0.0053301693124999999
decision_type=2 2 2 2 2 2 2 2 2 2
left_child=1 -1 4 8 5 6 -2 -8 -4 -9
right_child=2 -3 3 -5 -6 -7 7 9 -10 -11
leaf_value=-0.00015620143417415888 0 0.00097496390167284774 0 0.0002517263920757618 -0.00016329230234651349 0 0 -6.3940396866323822e-05 -0.0001024121131998241 0
leaf_weight=95.803423047065735 69.329869091510773 180.33970046043396 47.624063014984131 208.9266152381897 191.29216086864471 49.169587433338165 45.301174581050873 1495.3374152183533 213.42896534502506 57.118521571159363
leaf_count=94 100 51 60 12 61 48 36 1915 261 36
internal_value=2.06248e-05 0.000565335 -4.07507e-05 5.22821e-05 -6.63072e-05 -5.2497e-05 -5.6072e-05 -5.98117e-05 -8.8609e-05 -6.20451e-05
internal_weight=2653.67 276.143 2377.53 469.98 1907.55 1716.26 1667.09 1597.76 261.053 1552.46
internal_count=2674 145 2529 333 2196 2135 2087 1987 321 1951
is_linear=0
shrinkage=0.05


Tree=41
num_leaves=9
num_cat=0
split_feature=116 120 2 46 61 91 111 16
split_gain=0.0329135 0.0312302 0.00190881 0.000503396 0.000137606 0.000148817 6.19367e-05 2.95025e-07
threshold=275.30663465000003 284.13235290000006 0.048280649000000009 77.500000000000014 27.050000000000004 15.950000000000001 1.0500000000000003 1.0750000000000004
decision_type=2 2 2 2 2 2 2 2
left_child=1 -1 3 4 7 -6 -7 -2
right_child=2 -3 -4 -5 5 6 -8 -9
leaf_value=-0.00014847204077339407 0 0.00092648450637822666 6.1960722060689448e-05 -0.00024627385472330367 0 0 -5.9014764444491352e-05 4.4380852049357199e-06
leaf_weight=95.803423047065735 57.737538397312164 180.33970046043396 351.83937835693359 48.593982547521591 89.041838407516479 41.434448450803757 1752.4349740296602 36.44621217250824
leaf_count=94 83 51 12 61 129 49 2155 40
internal_value=1.94053e-05 0.000536314 -3.87303e-05 -5.87082e-05 -5.14482e-05 -5.4423e-05 -5.75854e-05 0
internal_weight=2653.67 276.143 2377.53 2025.69 1977.1 1882.91 1793.87 94.1838
internal_count=2674 145 2529 2517 2456 2333 2204 123
is_linear=0
shrinkage=0.05


Tree=42
num_leaves=13
num_cat=0
split_feature=116 2 73 2 98 166 50 111 59 36 98 138
split_gain=0.0296223 0.027612 0.00199238 0.00489991 0.0013825 0.000591627 0.000205054 0.000149365 0.000119407 7.82124e-05 4.64185e-05 2.75957e-05
threshold=275.30663465000003 0.048280649000000009 28.950000000000003 0.048280649000000009 5.950000000000002 0.043470888500000006 1015.5500000000001 0.8500000000000002 9.2104000000000017 264.31451360000005 6.2000000000000028 2.3650000000000007
decision_type=2 2 2 2 2 2 2 2 2 2 2 2
left_child=1 4 5 8 -1 6 -2 -8 -4 -9 -10 -11
right_child=2 -3 3 -5 -6 -7 7 9 10 11 -12 -13
leaf_value=-0.00026796260735546839 0 0.00088808382198536878 0 0.00023893161894929598 3.1776373119964337e-05 -0.00015979093890611612 0 0 -0.00011009292381636942 0 0 -5.818686740553782e-05
leaf_weight=63.639122724533081 53.006092011928558 175.9196891784668 55.73025980591774 205.23963737487793 36.584311604499817 180.53581988811493 36.837649971246719 86.434961497783661 168.44139964878559 66.854011535644531 40.56834676861763 1483.8801938593388
leaf_count=88 65 6 79 7 51 45 43 123 208 93 39 1827
internal_value=1.82859e-05 0.000508737 -3.67663e-05 4.96974e-05 -0.000109921 -6.07039e-05 -4.73657e-05 -5.11913e-05 -7.8538e-05 -5.39206e-05 -9.60548e-05 -5.65277e-05
internal_weight=2653.67 276.143 2377.53 469.98 100.223 1907.55 1727.01 1674.01 264.74 1637.17 209.01 1550.73
internal_count=2674 145 2529 333 139 2196 2151 2086 326 2043 247 1920
is_linear=0
shrinkage=0.05


Tree=43
num_leaves=14
num_cat=0
split_feature=116 2 73 16 1 165 50 91 134 165 137 132 133
split_gain=0.0267555 0.0249175 0.00178253 0.00445479 0.00122927 0.000527796 0.000190243 0.000150188 8.53884e-05 5.46399e-05 5.33393e-05 3.8918e-05 4.23434e-06
threshold=275.30663465000003 0.048280649000000009 28.950000000000003 9.4000000000000004 5.0550000000000009e-05 0.0055204350625000015 1015.5500000000001 16.050000000000004 3.7100000000000004 0.0053301693124999999 0.12000000000000001 7.5000000000000009 70.015000000000015
decision_type=2 2 2 2 2 2 2 2 2 2 2 2 2
left_child=1 4 5 10 -1 6 -2 12 -9 11 -4 -10 -8
right_child=2 -3 3 -5 -6 -7 7 8 9 -11 -12 -13 -14
leaf_value=8.6529881920318784e-06 0 0.0008439305949875331 0 0.00022457052886050728 -0.00026272127918636011 -0.0001489611272440798 0 0 -5.8082577970740892e-05 0 -9.0414250427088184e-05 0 1.6326319644150747e-05
leaf_weight=41.466132044792175 53.006092011928558 175.9196891784668 54.102278918027878 208.9266152381897 58.757302284240723 191.29216086864471 34.622281014919281 55.005684316158295 1392.8097715675831 56.433552742004395 206.95074944198132 85.664717465639114 38.714468777179718
leaf_count=59 65 6 80 12 80 61 51 40 1759 35 241 130 55
internal_value=1.72379e-05 0.000483418 -3.49859e-05 4.64601e-05 -0.000102072 -5.76861e-05 -4.45203e-05 -4.828e-05 -5.17148e-05 -5.39369e-05 -7.73185e-05 -5.57896e-05 0
internal_weight=2653.67 276.143 2377.53 469.98 100.223 1907.55 1716.26 1663.25 1589.91 1534.91 261.053 1478.47 73.3367
internal_count=2674 145 2529 333 139 2196 2135 2070 1964 1924 321 1889 106
is_linear=0
shrinkage=0.05


Tree=44
num_leaves=12
num_cat=0
split_feature=116 120 73 2 165 31 91 134 43 98 138
split_gain=0.0241659 0.0256531 0.00159704 0.00403455 0.000467808 0.00016485 0.000144496 8.48594e-05 6.54833e-05 5.65638e-05 4.9305e-05
threshold=275.30663465000003 284.13235290000006 28.950000000000003 0.048280649000000009 0.0055204350625000015 26.750000000000004 16.050000000000004 3.7100000000000004 0.32850000000000007 6.4000000000000021 2.3650000000000007
decision_type=2 2 2 2 2 2 2 2 2 2 2
left_child=1 -1 4 8 5 6 -2 -8 -4 -10 -9
right_child=2 -3 3 -5 -6 -7 7 10 9 -11 -12
leaf_value=-0.00015828980921141211 0 0.00081410513982813505 0 0.00021586888399288741 -0.00014155180551677092 0 0 0 -9.8130072796435909e-05 0 -5.2950902970673283e-05
leaf_weight=95.803423047065735 69.329869091510773 180.33970046043396 50.589108601212502 205.23963737487793 191.29216086864471 49.169587433338165 45.301174581050873 68.148063540458679 172.49273177981377 41.658165842294693 1484.307873249054
leaf_count=94 100 51 73 7 61 48 36 95 213 40 1856
internal_value=1.62428e-05 0.000459353 -3.32926e-05 4.34656e-05 -5.48368e-05 -4.21832e-05 -4.55954e-05 -4.89392e-05 -7.16841e-05 -8.43075e-05 -5.10044e-05
internal_weight=2653.67 276.143 2377.53 469.98 1907.55 1716.26 1667.09 1597.76 264.74 214.151 1552.46
internal_count=2674 145 2529 333 2196 2135 2087 1987 326 253 1951
is_linear=0
shrinkage=0.05


Tree=45
num_leaves=12
num_cat=0
split_feature=46 180 102 112 166 102 91 33 75 53 119
split_gain=0.0118509 0.00703781 0.00643903 0.000999173 0.00102056 0.000341005 0.000171883 0.000120708 9.40637e-05 8.15348e-05 3.35618e-05
threshold=99.500000000000014 38.292857142857144 5.4000000000000021 274.0991841500001 0.043470888500000006 -4.4500000000000002 15.950000000000001 -0.68285109625581408 5.4500000000000011 68.500000000000014 24.550000000000004
decision_type=2 2 2 2 2 2 2 2 2 2 2
left_child=1 2 3 -1 5 -5 9 10 -9 -7 -8
right_child=-2 -3 -4 4 -6 6 7 8 -10 -11 -12
leaf_value=-0.00012075160416382157 0.0003469426216586668 -0.00065957062455498667 0.00049336780077222412 4.9648124260629499e-05 0.00014230087394842217 -7.9107665486368086e-06 -7.9196099701105111e-05 0 -3.4720522871118106e-05 7.4998467103522232e-05 0
leaf_weight=499.52412360906601 196.82202124595642 47.108604431152344 52.588612228631973 44.015620738267899 66.182534456253052 47.524543881416321 614.57959744334221 46.403492987155914 927.63055372238159 34.699315309524536 53.636553734540939
leaf_count=317 73 21 27 60 10 68 739 55 1194 51 49
internal_value=-2.19056e-05 -5.3917e-05 -3.95979e-05 -5.39527e-05 -3.29858e-05 -4.24479e-05 -4.77238e-05 -5.15075e-05 -3.01158e-05 0 -7.51262e-05
internal_weight=2630.72 2433.89 2386.78 2334.2 1834.67 1768.49 1724.47 1642.25 974.034 82.2239 668.216
internal_count=2664 2591 2570 2543 2226 2216 2156 2037 1249 119 788
is_linear=0
shrinkage=0.05


end of trees

feature_importances:
last_N_t=27
lcc_t=23
min_t2m_next_6h=19
pressure_change_6h=19
t2m_at_t24h=19
d2m_t=14
wind_speed_max_next_48h=13
gust_exceed30_x_hso=12
gust_max_next_6h=12
nbr8_mean_last_N_t=12
min_t2m_next_48h=10
pct_forest_classified=10
wind_speed_at_t48h=9
log_customers=9
pre_event_mean_osi=8
t2m_at_t6h=8
t2m_at_t48h=8
pre_event_max_outage_pct=7
gust_mean_obs=7
sdswrf_t=7
pressure_change_3h=7
wind_speed_t=6
soil_moist_t=6
mslma_t=6
gust_max_next_1h=6
pct_developed=6
osi_trend_last6h=5
gust_mean_next_6h=5
gust_change_1h=5
gust_change_3h=5
pct_agriculture=5
R_t_max_72h=4
gust_t=4
t2m_t=4
soil_moist_x_gust=4
gust_mean_next_1h=4
gust_peak4h_mean_next_6h=4
wind_speed_max_next_24h=4
wind_change_1h=4
gust_at_t1h=4
wind_speed_at_t6h=4
pct_unmapped=4
tree_canopy_std=4
N_t_mean_72h=3
gust_max_obs=3
dewpoint_c_t=3
wind_speed_max_next_1h=3
total_tp_next_48h=3
temp_change_6h=3
hour_of_day=3
pct_forest=3
direct_rad_t=2
diffuse_rad_t=2
gust_exceed_30=2
gust_x_hso=2
min_t2m_next_1h=2
wind_speed_max_next_6h=2
min_t2m_next_24h=2
cumul_gust_since_onset=2
t2m_at_t1h=2
n_utilities=2
nbr8_max_last_N_t=2
nbr8_mean_last_R_t=2
nbr8_max_osi_trend_last6h=2
last_P_t=1
frac_zero_72h=1
gust_gt30_obs=1
cumul_gust_obs=1
wind_sin_t=1
wind_cos_t=1
blh_t=1
gust_max_next_48h=1
gust_peak4h_mean_next_48h=1
pop_density=1
pct_wetland=1
nbr8_max_gust_t=1
nbr8_max_gust_at_t1h=1
nbr8_max_gust_mean_next_6h=1

parameters:
[boosting: gbdt]
[objective: regression]
[metric: custom]
[tree_learner: serial]
[device_type: cpu]
[data_sample_strategy: bagging]
[data: ]
[valid: ]
[num_iterations: 2000]
[learning_rate: 0.05]
[num_leaves: 31]
[num_threads: 1]
[seed: 42]
[deterministic: 1]
[force_col_wise: 1]
[force_row_wise: 0]
[histogram_pool_size: -1]
[max_depth: -1]
[min_data_in_leaf: 50]
[min_sum_hessian_in_leaf: 0.001]
[bagging_fraction: 0.8]
[pos_bagging_fraction: 1]
[neg_bagging_fraction: 1]
[bagging_freq: 5]
[bagging_seed: 42]
[bagging_by_query: 0]
[feature_fraction: 0.8]
[feature_fraction_bynode: 1]
[feature_fraction_seed: 42]
[extra_trees: 0]
[extra_seed: 12879]
[early_stopping_round: 0]
[early_stopping_min_delta: 0]
[first_metric_only: 0]
[max_delta_step: 0]
[lambda_l1: 0.1]
[lambda_l2: 1]
[linear_lambda: 0]
[min_gain_to_split: 0]
[drop_rate: 0.1]
[max_drop: 50]
[skip_drop: 0.5]
[xgboost_dart_mode: 0]
[uniform_drop: 0]
[drop_seed: 42]
[top_rate: 0.2]
[other_rate: 0.1]
[min_data_per_group: 100]
[max_cat_threshold: 32]
[cat_l2: 10]
[cat_smooth: 10]
[max_cat_to_onehot: 4]
[top_k: 20]
[monotone_constraints: ]
[monotone_constraints_method: basic]
[monotone_penalty: 0]
[feature_contri: ]
[forcedsplits_filename: ]
[refit_decay_rate: 0.9]
[cegb_tradeoff: 1]
[cegb_penalty_split: 0]
[cegb_penalty_feature_lazy: ]
[cegb_penalty_feature_coupled: ]
[path_smooth: 0]
[interaction_constraints: ]
[verbosity: -1]
[saved_feature_importance_type: 0]
[use_quantized_grad: 0]
[num_grad_quant_bins: 4]
[quant_train_renew_leaf: 0]
[stochastic_rounding: 1]
[linear_tree: 0]
[max_bin: 255]
[max_bin_by_feature: ]
[min_data_in_bin: 3]
[bin_construct_sample_cnt: 200000]
[data_random_seed: 42]
[is_enable_sparse: 1]
[enable_bundle: 1]
[use_missing: 1]
[zero_as_missing: 0]
[feature_pre_filter: 1]
[pre_partition: 0]
[two_round: 0]
[header: 0]
[label_column: ]
[weight_column: ]
[group_column: ]
[ignore_column: ]
[categorical_feature: ]
[forcedbins_filename: ]
[precise_float_parser: 0]
[parser_config_file: ]
[objective_seed: 16083]
[num_class: 1]
[is_unbalance: 0]
[scale_pos_weight: 1]
[sigmoid: 1]
[boost_from_average: 1]
[reg_sqrt: 0]
[alpha: 0.9]
[fair_c: 1]
[poisson_max_delta_step: 0.7]
[tweedie_variance_power: 1.5]
[lambdarank_truncation_level: 30]
[lambdarank_norm: 1]
[label_gain: ]
[lambdarank_position_bias_regularization: 0]
[eval_at: ]
[multi_error_top_k: 1]
[auc_mu_weights: ]
[num_machines: 1]
[local_listen_port: 12400]
[time_out: 120]
[machine_list_filename: ]
[machines: ]
[gpu_platform_id: -1]
[gpu_device_id: -1]
[gpu_device_id_list: ]
[gpu_use_dp: 0]
[num_gpu: 1]

end of parameters

pandas_categorical:[]
