tree
version=v4
num_class=1
num_tree_per_iteration=1
label_index=0
max_feature_idx=162
objective=regression
feature_names=last_osi last_P_t last_N_t last_D_t last_R_t last_outage_pct osi_mean_72h osi_max_72h osi_std_72h outage_pct_mean_72h outage_pct_max_72h N_t_mean_72h N_t_max_72h R_t_mean_72h R_t_max_72h pre_event_mean_osi pre_event_max_outage_pct storm_onset_max_osi storm_onset_mean_osi osi_trend_last6h is_worsening frac_zero_72h hours_since_peak gust_mean_obs gust_max_obs gust_gt30_obs gust_gt40_obs cumul_gust_obs gust_last_obs gust_max_last6h_obs gust_trend_last6h_obs gust_t wind_speed_t wind_sin_t wind_cos_t t2m_t d2m_t tp_t rain_t csnow_t sdwe_t r2_t vpd_t soil_moist_t blh_t tcc_t lcc_t mcc_t hcc_t sp_t mslma_t sdswrf_t direct_rad_t diffuse_rad_t et0_t temp_c_t dewpoint_c_t icing_risk_t gust_exceed_30 soil_moist_x_gust is_snowing gust_x_hso gust_x_phase soil_gust_x_phase gust_exceed30_x_hso gust_max_next_1h gust_mean_next_1h wind_speed_max_next_1h total_tp_next_1h min_t2m_next_1h gust_gt30_next_1h gust_gt40_next_1h gust_peak4h_mean_next_1h gust_max_next_6h gust_mean_next_6h wind_speed_max_next_6h total_tp_next_6h min_t2m_next_6h gust_gt30_next_6h gust_gt40_next_6h gust_peak4h_mean_next_6h gust_max_next_24h gust_mean_next_24h wind_speed_max_next_24h total_tp_next_24h min_t2m_next_24h gust_gt30_next_24h gust_gt40_next_24h gust_peak4h_mean_next_24h gust_max_next_48h gust_mean_next_48h wind_speed_max_next_48h total_tp_next_48h min_t2m_next_48h gust_gt30_next_48h gust_gt40_next_48h gust_peak4h_mean_next_48h gust_change_1h gust_change_3h pressure_change_3h pressure_change_6h temp_change_6h wind_change_1h cumul_gust_since_onset cumul_tp_since_onset gust_gt30_since_onset gust_at_t1h wind_speed_at_t1h t2m_at_t1h tp_at_t1h gust_at_t6h wind_speed_at_t6h t2m_at_t6h tp_at_t6h gust_at_t24h wind_speed_at_t24h t2m_at_t24h tp_at_t24h gust_at_t48h wind_speed_at_t48h t2m_at_t48h tp_at_t48h hour_of_day hour_sin hour_cos days_since_onset hours_since_obs storm_phase log_customers rural_urban_code is_metro pop_density n_utilities pct_forest pct_developed pct_agriculture pct_water pct_wetland pct_unmapped pct_forest_classified tree_canopy_pct tree_canopy_std forest_x_customers window_len_next_1h is_full_next_1h tp_rate_next_1h gust_gt30_frac_next_1h has_weather_at_t1h window_len_next_6h is_full_next_6h tp_rate_next_6h gust_gt30_frac_next_6h has_weather_at_t6h window_len_next_24h is_full_next_24h tp_rate_next_24h gust_gt30_frac_next_24h has_weather_at_t24h window_len_next_48h is_full_next_48h tp_rate_next_48h gust_gt30_frac_next_48h has_weather_at_t48h
feature_infos=[0:0.55230000000000001] [0:0.82424180700000005] [0:0.065400654000000003] [0:0.90465771100000003] [0:0.058582058999999999] [0:82.420000000000002] [3.3333333333333335e-05:0.072337499999999999] [0.00029999999999999997:0.59799999999999998] [7.0710678118654754e-05:0.18169104839251773] [0.0048611111111111112:11.391249999999999] [0.050000000000000003:100] [1.7098222222222223e-05:0.018623942125000001] [0.000178314:0.37916412199999999] [1.7052208333333331e-05:0.0135610985] [0.00014467000000000001:0.18675781699999999] [0:0.025660416666666668] [0:30.77] [0:0.59799999999999998] [0:0.20940416666666664] [-0.055854285714285697:0.019237142857142855] [0:1] [0:0.86111111111111116] [0:71] [13.769444444444444:31.258333333333326] [29.100000000000001:69.400000000000006] [0:33] [0:18] [991.39999999999998:2250.5999999999995] [3.5:44.200000000000003] [15.6:62.399999999999999] [-5.5599999999999996:3.3114285714285714] [1.3:57.100000000000001] [0:36.100000000000001] [-0.99999998841629867:0.99999999987412524] [-0.99999998754592778:0.99957376561966682] [261.1578963:298.4303941] [258.3225564:289.8677619] [0:11.300000000000001] [0:11.300000000000001] [0:2.52] [0:0.080000000000000002] [15:100] [0:2.3500000000000001] [0.17100000000000001:0.52100000000000002] [10:3090] [0:100] [0:100] [0:100] [0:100] [899.20000000000005:1020.1] [986.79999999999995:1031.5999999999999] [0:852] [0:727] [0:454] [0:0.57999999999999996] [-11.992103699999973:25.280394100000024] [-14.827443599999981:16.717761900000028] [0:1] [0:27.100000000000001] [0.48360000000000003:22.584399999999999] [0:1] [1.6000000000000001:3431.4000000000001] [0:106.59999999999999] [0:41.067000000000007] [0:1282.3999999999999] [2.6000000000000001:57.100000000000001] [1.9500000000000002:54.400000000000006] [0.10000000000000001:36.600000000000001] [0:14.100000000000001] [260.70757930000002:298.21689659999998] [0:2] [0:2] [1.9500000000000002:54.400000000000006] [2.6000000000000001:57.100000000000001] [2.4000000000000004:48.385714285714286] [0.69999999999999996:36.600000000000001] [0:23] [260.21536479999997:295.57644970000001] [0:7] [0:7] [2.4000000000000004:50.950000000000003] [2.6000000000000001:57.100000000000001] [2.4000000000000004:42.796000000000006] [0.69999999999999996:36.600000000000001] [0:45.899999999999991] [259.85092730000002:288.3249495] [0:25] [0:19] [2.4000000000000004:51.224999999999994] [2.6000000000000001:57.100000000000001] [2.4000000000000004:37.651020408163269] [0.69999999999999996:36.600000000000001] [0:52.900000000000006] [259.85092730000002:288.3249495] [0:42] [0:22] [2.4000000000000004:51.224999999999994] [-24.299999999999997:23.800000000000001] [-26.100000000000001:28.800000000000001] [-6:9.3000000000000682] [-10.5:13.700000000000045] [-18.307083299999988:21.091773399999965] [-14:20.799999999999997] [348.89999999999998:4383.5] [0:53.200000000000003] [0:61] [1.3:56.899999999999999] [0:36.600000000000001] [260.70757930000002:298.4303941] [0:11.300000000000001] [1.3:56.899999999999999] [0:35.700000000000003] [260.21536479999997:298.4303941] [0:11.300000000000001] [1.3:55] [0:36.100000000000001] [260.21536479999997:297.90430939999999] [0:9.6999999999999993] [1.3:53.299999999999997] [0:34.299999999999997] [260.48599419999999:296.58327589999999] [0:9.6999999999999993] [0:23] [-1:1] [-1:1] [1:6] [1:143] [0:3] [8.316055720364643:13.272345954174847] [1:9] [0:1] [8.3691524328166658:2766.2496601348944] [1:14] [2.9100000000000001:87.799999999999997] [2.3100000000000001:77.180000000000007] [0.040000000000000001:85.829999999999998] [0.01:5.5099999999999998] [0:19.780000000000001] [1.9299999999999999:18.32] [2.9672682777607835:95.815074496056084] [2.71:81.680000000000007] [13.6:40.350000000000001] [27.74525183103081:931.74929212165569] none none [0:7.0500000000000007] [0:1] none [2:7] [0:1] [0:3.2857142857142856] [0:1] [0:1] [2:25] [0:1] [0:1.8359999999999996] [0:1] [0:1] [2:49] [0:1] [0:1.0795918367346939] [0:0.8571428571428571] [0:1]
tree_sizes=2977 2719 2762 2821 2757 2702 2818 2737 2759 2716 2764 2779 2790 2762 2721 2789 2820 2706 2668 2753 2750 2778 2773

Tree=0
num_leaves=31
num_cat=0
split_feature=2 126 0 99 131 85 103 22 93 92 126 0 126 0 126 134 108 74 49 101 108 86 103 2 6 84 11 101 99 105
split_gain=0.0112112 0.00761286 0.0125044 0.00457833 0.00316597 0.00374463 0.00280671 0.00307145 0.00292833 0.00190689 0.00388807 0.00162317 0.00148506 0.00114941 0.00114804 0.000985719 0.000590321 0.000572271 0.00096061 0.000566848 0.000421884 0.000390664 0.000317623 0.000249443 0.000205776 0.000107191 9.35948e-05 8.44392e-05 7.11454e-05 6.78937e-05
threshold=0.048280649000000009 58.500000000000007 0.17410000000000003 -0.900000000000034 102.00208775980865 272.2229327500001 1028.1500000000003 49.500000000000007 264.57181340000005 11.250000000000002 51.500000000000007 0.057500000000000009 21.500000000000004 0.031750000000000007 21.500000000000004 4.9050000000000002 274.77729720000008 18.464285714285719 962.1500000000002 -0.16579749999999646 292.17352120000004 14.500000000000002 2477.8500000000004 0.00063433750000000007 0.042731250000000005 11.050000000000002 0.002825370180555556 3.1782033499999902 4.4500000000000464 12.500000000000002
decision_type=2 2 2 2 2 2 2 2 2 2 2 2 2 2 2 2 2 2 2 2 2 2 2 2 2 2 2 2 2 2
left_child=1 2 4 21 5 6 7 -1 9 10 -8 20 16 -7 27 17 -13 -3 -19 -11 23 -4 26 -6 29 -22 28 -15 -17 -24
right_child=-2 15 3 -5 11 13 8 -9 -10 19 -12 12 -14 14 -16 22 -18 18 -20 -21 25 -23 24 -25 -26 -27 -28 -29 -30 -31
leaf_value=0.0025592822370418948 0.0025076561154513703 0.0018275843746309159 0.0018540263680039133 0.0025616457564045453 0.0017946894401203437 0.0018128173147055719 0.002499995886350477 0.0019377872094405502 0.0018540263680039133 0.0020357754837205116 0.0018540263680039133 0.0018540263680039133 0.0018540263680039133 0.0021032949954582925 0.0018540263680039133 0.001814050053426405 0.0020667289977123931 0.0018540263680039133 0.0020795197342502931 0.0018540263680039133 0.0018540263680039133 0.002089703800203581 0.0018540263680039133 0.0018540263680039133 0.0018540263680039133 0.0019028757850632701 0.0018540263680039133 0.0018567285926654534 0.0018540263680039133 0.0017787026944516475
leaf_weight=52 64 240 50 92 1246 505 65 68 310 68 53 62 379 81 117 993 152 121 72 99 122 52 60 153 78 113 138 52 99 2523
leaf_count=52 64 240 50 92 1246 505 65 68 310 68 53 62 379 81 117 993 152 121 72 99 122 52 60 153 78 113 138 52 99 2523
internal_value=0.00185403 0.00184842 0.00189847 0.00229014 0.00187645 0.00193389 0.00201583 0.00225203 0.00195921 0.0020746 0.002241 0.00184076 0.00190805 0.00185403 0.00194361 0.00180223 0.00201319 0.00186456 0.00193621 0.00192566 0.00181327 0.00199222 0.00179401 0.00180215 0.00178245 0.00185817 0.00182311 0.00204495 0.0018181 0.00178002
internal_weight=8279 8215 3891 194 3697 1470 715 120 595 285 118 2227 593 755 250 4324 214 433 193 167 1634 102 3891 1399 2661 235 1230 133 1092 2583
internal_count=8279 8215 3891 194 3697 1470 715 120 595 285 118 2227 593 755 250 4324 214 433 193 167 1634 102 3891 1399 2661 235 1230 133 1092 2583
is_linear=0
shrinkage=1


Tree=1
num_leaves=31
num_cat=0
split_feature=2 126 5 100 33 131 94 93 5 137 28 112 133 3 119 5 93 86 80 142 51 59 103 93 6 84 104 35 101 59
split_gain=0.0101268 0.00694659 0.0113723 0.00482052 0.00326642 0.00449579 0.00299289 0.00342319 0.00279001 0.00136307 0.00108728 0.00224498 0.000966528 0.000895978 0.000862248 0.000790077 0.000676061 0.000632733 0.000631625 0.000950162 0.000565527 0.000505897 0.000272629 0.000259461 0.000193703 0.000185338 0.000146458 0.000108896 9.67367e-05 7.07792e-05
threshold=0.048280649000000009 58.500000000000007 26.91 -1.7499999999999998 0.034193102071511529 102.00208775980865 18.500000000000004 264.41373735000008 4.5700000000000012 0.56500000000000006 11.250000000000002 277.12384030000004 80.390000000000015 0.12692570250000004 11.050000000000002 4.0500000000000007 271.13700360000001 14.500000000000002 20.262500000000003 779.98523430632292 1.5000000000000002 11.693200000000003 2500.5 267.01159660000002 0.042731250000000005 9.2500000000000018 1.4500000000000004 294.57278475000004 -3.8036915999999787 13.618150000000002
decision_type=2 2 2 2 2 2 2 2 2 2 2 10 2 2 10 2 2 2 2 2 2 2 2 2 2 2 2 2 2 2
left_child=1 2 4 17 5 6 7 9 10 -1 11 -9 22 21 -10 25 -17 -4 -14 -20 -15 27 28 -22 -24 29 -23 -6 -3 -7
right_child=-2 12 3 -5 13 15 -8 8 14 -11 -12 -13 18 20 -16 16 -18 -19 19 -21 23 26 24 -25 -26 -27 -28 -29 -30 -31
leaf_value=0.00018980185575122991 0.00062145103716578051 0 0 0.00069782714696235151 -5.8696067434031918e-05 -4.7922394423983559e-05 0 0 7.7126641301385293e-05 0.00070622590958373623 0 0.00043328971128479078 -2.3588569781622937e-05 0 0.00051000037629626491 0 0.00012778470081549907 0.00023784566489286427 0.00023545014267801893 0 0 0 -7.0944363742802931e-05 0.00016077407739644784 0 0 7.6115694128266366e-05 0 -4.026582602563796e-05 0
leaf_weight=66 64 401 50 90 1238 530 197 78 54 54 261 50 255 179 65 158 188 54 69 111 51 86 2553 101 77 151 73 50 858 67
leaf_count=66 64 401 50 90 1238 530 197 78 54 54 261 50 255 179 65 158 188 54 69 111 51 86 2553 101 77 151 73 50 858 67
internal_value=0 -5.10238e-06 4.26768e-05 0.000416283 2.16125e-05 6.75657e-05 0.000155623 0.000209043 0.000137385 0.000467431 5.64798e-05 0.000175258 -4.9253e-05 -2.51845e-05 0.000357517 0 6.34279e-05 0.000120694 1.25389e-05 9.11913e-05 4.15823e-05 -4.39286e-05 -5.74514e-05 0.000113985 -6.85693e-05 -2.78077e-05 1.97771e-05 -5.56811e-05 -3.02225e-05 -4.17534e-05
internal_weight=8279 8215 3891 194 3697 1919 825 628 508 120 389 128 4324 1778 119 1094 346 104 435 180 331 1447 3889 152 2630 748 159 1288 1259 597
internal_count=8279 8215 3891 194 3697 1919 825 628 508 120 389 128 4324 1778 119 1094 346 104 435 180 331 1447 3889 152 2630 748 159 1288 1259 597
is_linear=0
shrinkage=0.05


Tree=2
num_leaves=31
num_cat=0
split_feature=2 126 5 100 33 138 88 93 136 90 5 142 133 3 74 142 86 51 59 74 101 84 12 104 5 6 100 129 69 128
split_gain=0.00914832 0.00634318 0.0103158 0.00428066 0.00297886 0.00414914 0.00499328 0.00510691 0.00183988 0.00586968 0.001757 0.000994211 0.000872953 0.000804745 0.000591738 0.000939436 0.000573975 0.000519428 0.000458757 0.000327556 0.000235012 0.000222711 0.000165073 0.00013416 0.000130663 0.000123336 0.000123935 0.00012421 0.000104977 9.87541e-05
threshold=0.048280649000000009 58.500000000000007 26.91 -1.7499999999999998 0.034193102071511529 4.745000000000001 37.712500000000013 264.48813625000008 1.0200000000000002 21.529591836734699 5.6550000000000002 576.73970023542154 80.390000000000015 0.12692570250000004 17.13571428571429 779.98523430632292 14.500000000000002 1.5000000000000002 11.693200000000003 32.050000000000004 -7.2020859999999791 9.2500000000000018 0.014075710000000002 1.4500000000000004 3.3900000000000006 0.042731250000000005 8.2500000000000018 5.5000000000000009 291.94140755000006 9.5017903776270458
decision_type=2 2 2 2 2 2 2 2 2 2 2 2 2 2 2 2 2 2 2 2 2 2 2 2 2 2 2 2 2 2
left_child=1 2 4 16 5 6 7 -1 22 -10 21 -12 20 18 -14 -16 -4 -15 28 -19 -3 24 -9 -20 29 26 27 -22 -6 -7
right_child=-2 12 3 -5 13 10 -8 8 9 -11 11 -13 14 17 15 -17 -18 19 23 -21 25 -23 -24 -25 -26 -27 -28 -29 -30 -31
leaf_value=0.00063698891881273966 0.00059085652214567897 0 0 0.000663319225909168 -5.7644142292522395e-05 0 -3.4348830902563509e-06 0 0 0.00066239088234555871 1.0868202945091882e-05 0.0002264193828546013 -2.5666688967411186e-05 0 0.00022429637388110703 0 0.00022616960839712361 0.00016045222802885668 0 0 -6.8454374600824812e-05 8.0349300634477486e-06 7.3710080819733824e-05 7.2361339122368446e-05 0 0 0 -3.1128533620631586e-05 0 -5.0356105982605311e-05
leaf_weight=85 64 256 50 90 1162 67 216 74 66 62 189 127 244 179 73 118 54 101 86 51 2624 226 131 73 81 84 53 872 126 595
leaf_count=85 64 256 50 90 1162 67 216 74 66 62 189 127 244 179 73 118 54 101 86 51 2624 226 131 73 81 84 53 872 126 595
internal_value=0 -4.66181e-06 4.09676e-05 0.000396886 2.08364e-05 6.47463e-05 0.000169852 0.000271125 0.000161139 0.000317057 8.9088e-06 0.000113712 -4.6878e-05 -2.37548e-05 1.13656e-05 8.46028e-05 0.000114578 3.91368e-05 -4.16113e-05 0.000108679 -5.46794e-05 -2.01958e-05 3.84466e-05 1.80407e-05 -3.55025e-05 -5.79839e-05 -5.94015e-05 -6.05856e-05 -5.28624e-05 -4.36705e-05
internal_weight=8279 8215 3891 194 3697 1919 634 418 333 128 1285 316 4324 1778 435 191 104 331 1447 152 3889 969 205 159 743 3633 3549 3496 1288 662
internal_count=8279 8215 3891 194 3697 1919 634 418 333 128 1285 316 4324 1778 435 191 104 331 1447 152 3889 969 205 159 743 3633 3549 3496 1288 662
is_linear=0
shrinkage=0.05


Tree=3
num_leaves=31
num_cat=0
split_feature=2 126 0 35 33 131 161 93 50 0 124 129 92 133 120 142 3 5 59 93 118 126 82 128 128 84 104 101 35 92
split_gain=0.00826525 0.00578098 0.00937356 0.00719011 0.00254636 0.00358279 0.00248578 0.00306792 0.00188714 0.00161267 0.00122256 0.000895674 0.000877023 0.000787157 0.000549485 0.000540629 0.000453892 0.000445239 0.000417033 0.000406545 0.000250356 0.000239461 0.000230003 0.000272655 0.000467245 0.000167817 0.000122885 0.000112439 9.29095e-05 8.64148e-05
threshold=0.048280649000000009 58.500000000000007 0.13935000000000003 275.85707145000003 0.034193102071511529 102.00208775980865 0.3775510204081633 264.41373735000008 997.95000000000016 0.034600000000000006 0.37940952255126048 2.5000000000000004 9.6500000000000039 80.390000000000015 275.36922175000001 779.98523430632292 0.12692570250000004 3.3900000000000006 11.693200000000003 271.30041540000008 12.350000000000003 21.500000000000004 16.844000000000005 9.5825325461623994 9.4838347729937542 9.2500000000000018 1.4500000000000004 -8.9263594499999765 294.57278475000004 1.0000000180025095e-35
decision_type=2 2 2 2 2 2 2 2 2 2 2 2 2 2 10 2 2 2 2 2 10 2 2 2 2 2 2 2 2 2
left_child=1 2 4 -4 5 6 7 8 -1 11 12 -9 -5 22 -15 -16 18 25 28 -19 -13 -18 -3 24 -24 -7 -20 -25 -6 -29
right_child=-2 13 3 10 16 17 -8 9 -10 -11 -12 20 -14 14 15 -17 21 19 26 -21 -22 -23 23 27 -26 -27 -28 29 -30 -31
leaf_value=0.00064456249536421623 0.00056176822054000632 -6.3988402933312026e-05 0.00087466662692867094 0 -5.3065198274770836e-05 -3.9339973098373579e-05 0 0.00021807578975976624 0.00010314168028190132 0.00031340407932437604 0 9.2076982339009796e-05 0.00034619425817858027 -2.4188488130161877e-05 0.00017470956768848677 0 0.00011291726919967403 0 0 9.5338473832909284e-05 -2.7998748631222031e-07 0 -1.549276771266448e-05 0 0.0001332163802229814 0 6.8792164258067368e-05 0 0 -4.9885269971886644e-05
leaf_weight=62 64 2390 50 53 1238 583 186 73 58 95 97 74 106 248 85 102 56 149 86 180 261 211 208 160 62 150 73 69 50 1000
leaf_count=62 64 2390 50 53 1238 583 186 73 58 95 97 74 106 248 85 102 56 149 86 180 261 211 208 160 62 150 73 69 50 1000
internal_value=0 -4.27567e-06 3.92563e-05 0.000305311 1.50739e-05 5.6284e-05 0.00013557 0.000183894 0.000427213 0.000115192 0.000171682 5.61614e-05 0.000257772 -4.46045e-05 1.02061e-05 8.23021e-05 -2.70021e-05 0 -3.94808e-05 4.36523e-05 5.45362e-06 2.18641e-05 -5.20217e-05 -2.95787e-05 5.7064e-07 -2.56861e-05 1.639e-05 -4.02623e-05 -5.02642e-05 -4.61103e-05
internal_weight=8279 8215 3891 306 3585 1871 809 623 120 503 256 408 159 4324 435 187 1714 1062 1447 329 335 267 3889 1499 270 733 159 1229 1288 1069
internal_count=8279 8215 3891 306 3585 1871 809 623 120 503 256 408 159 4324 435 187 1714 1062 1447 329 335 267 3889 1499 270 733 159 1229 1288 1069
is_linear=0
shrinkage=0.05


Tree=4
num_leaves=31
num_cat=0
split_feature=11 126 5 85 103 2 44 82 138 105 33 108 96 43 0 93 128 136 126 134 118 134 108 56 126 104 145 108 135 131
split_gain=0.00746711 0.0142288 0.0114885 0.00493454 0.00285614 0.00221453 0.00209984 0.00131037 0.00118586 0.00111843 0.00109491 0.0015185 0.00264633 0.0031841 0.000705804 0.000789333 0.000457381 0.00039743 0.000617324 0.000377337 0.000341939 0.00055159 0.00034091 0.000201007 0.000162446 0.000455714 0.000149235 0.000141817 0.000108824 0.000106964
threshold=0.0043609413958333341 20.500000000000004 14.220000000000001 275.23085045000005 2225.2500000000005 0.0011481080000000003 2022.5000000000002 20.418000000000003 4.6950000000000012 8.5000000000000018 0.034193102071511529 273.8641234000001 37.662500000000009 0.36650000000000005 0.071150000000000005 269.82032105000002 9.5241855175685135 1.0600000000000003 40.500000000000007 6.9000000000000012 13.15 8.7750000000000004 291.96874520000006 -6.4894118499999811 88.500000000000014 18.150000000000009 0.92500000000000016 276.8749102000001 19.340000000000003 65.446658712036339
decision_type=2 2 2 2 2 2 2 2 2 2 2 2 2 2 2 2 2 2 2 2 10 2 2 2 2 2 2 2 2 2
left_child=4 2 -2 -4 5 8 20 9 10 -7 11 -1 13 -13 22 -16 24 -9 -19 -15 -3 23 26 -22 25 -6 -10 -17 -11 -18
right_child=1 6 3 -5 16 7 -8 17 14 28 -12 12 -14 19 15 27 29 18 -20 -21 21 -23 -24 -25 -26 -27 -28 -29 -30 -31
leaf_value=0 0 -4.1684757601732524e-05 0.0012363919437746263 0.00034342230530455715 0 0.00041418449295738135 0.00032605166057589298 0 -4.5022915066979476e-05 0 -1.8683280726963703e-05 0.0005366513903810791 0 0 0 0 -4.4819623387404931e-06 0 0.00023711081317203398 0.00015695432664149437 0 -5.8349261758993563e-06 5.7918993337662476e-06 0.00014722352199419885 -2.5658973398358578e-05 0.00013284844945174931 0 0.00020405564155921374 0.00011701376599286041 -6.2274887489357022e-05
leaf_weight=211 74 286 56 50 86 60 52 341 1808 53 290 77 149 61 245 60 280 63 53 52 50 150 275 102 309 75 218 67 100 2526
leaf_count=211 74 286 56 50 86 60 52 341 1808 53 290 77 149 61 245 60 280 63 53 52 50 150 275 102 309 75 218 67 100 2526
internal_value=0 0.000143491 0.000536467 0.000869055 -1.5376e-05 1.10316e-05 2.45013e-05 9.45805e-05 -3.50233e-06 0.000202545 4.64925e-05 8.99038e-05 0.000155769 0.000278981 -2.10947e-05 3.67426e-05 -5.06139e-05 3.30105e-05 0.00011295 5.63739e-05 0 3.42843e-05 -3.26292e-05 0.000106335 0 3.53131e-05 -4.03112e-05 0.000139107 8.49314e-05 -5.82929e-05
internal_weight=8279 820 180 106 7459 4183 640 670 3513 213 840 550 339 190 2673 372 3276 457 116 113 588 302 2301 152 470 161 2026 127 153 2806
internal_count=8279 820 180 106 7459 4183 640 670 3513 213 840 550 339 190 2673 372 3276 457 116 113 588 302 2301 152 470 161 2026 127 153 2806
is_linear=0
shrinkage=0.05


Tree=5
num_leaves=31
num_cat=0
split_feature=2 8 61 103 33 138 0 161 120 91 99 161 91 0 126 139 131 120 66 103 69 50 30 137 0 137 84 129 59 0
split_gain=0.00657004 0.00494391 0.00638038 0.00311907 0.00247793 0.0026499 0.00274102 0.00224207 0.00617685 0.0015973 0.00117512 0.00101477 0.00112274 0.000969256 0.00151122 0.00095719 0.000820393 0.000844437 0.000345225 0.000259066 0.000207914 0.000191821 9.27491e-05 6.35683e-05 5.72809e-05 4.92181e-05 7.14134e-05 4.15301e-05 3.15695e-05 3.61322e-05
threshold=0.048280649000000009 0.060185657676937045 149.45000000000002 1992.1000000000001 0.034193102071511529 4.745000000000001 0.029700000000000001 0.3775510204081633 269.3636350000001 19.950000000000003 2.6999999999999891 0.31632653061224497 30.300000000000001 0.080000000000000002 21.500000000000004 25.952893429475971 32.799577433071228 275.58497510000007 34.525000000000006 2249.9500000000003 280.61751655000006 1006.4500000000002 -0.73000000000000087 2.6550000000000007 0.023450000000000002 10.170000000000002 2.7500000000000004 7.5000000000000009 11.943150000000001 0.054200000000000005
decision_type=2 2 2 2 2 2 2 2 10 2 2 2 2 2 2 2 2 10 2 2 2 2 2 2 2 2 2 2 2 2
left_child=1 3 -3 4 5 7 21 8 -1 -10 -11 -4 -13 18 -15 -8 17 -5 28 23 -17 -7 -20 27 -23 26 -21 -18 29 -6
right_child=-2 2 11 16 13 6 15 -9 9 10 -12 12 -14 14 -16 20 19 -19 22 25 -22 24 -24 -25 -26 -27 -28 -29 -30 -31
leaf_value=0.00057442078022531379 0.00051663991218894639 0.00064396500663687706 0 0 -5.216157218265147e-05 0 0 0 0 1.2299313399125818e-05 0.00042119324602632945 0.00030345989798819499 0 0.00029480662409629016 0 0.00023152391211483014 -2.702375589803168e-05 0.00020135102660025304 0 -5.8330806791088166e-05 0 -4.6604640471971597e-05 6.900595355820666e-05 0 0 0 0 0 0 0
leaf_weight=94 60 62 167 119 1229 468 127 166 215 69 53 68 53 53 235 179 434 61 92 3038 51 502 52 136 58 50 164 64 57 129
leaf_count=94 60 62 167 119 1229 468 127 166 215 69 53 68 53 53 235 179 434 61 92 3038 51 502 52 136 58 50 164 64 57 129
internal_value=0 -4.16708e-06 0.00017851 -1.29203e-05 1.85535e-05 5.80679e-05 1.59599e-05 0.000147204 0.000207294 8.87008e-05 0.000232564 5.91248e-05 0.000170515 -2.11519e-05 5.62722e-05 0.000137168 -4.37862e-05 4.71582e-05 -3.86868e-05 -4.92961e-05 0.000198793 -2.13663e-05 1.18914e-05 -9.30052e-06 -4.11361e-05 -5.55512e-05 -5.63252e-05 -2.07015e-05 -4.73699e-05 -4.89499e-05
internal_weight=8305 8245 350 7895 3829 1982 1385 597 431 337 122 288 121 1847 288 357 4066 180 1559 3886 230 1028 144 634 560 3252 3202 498 1415 1358
internal_count=8305 8245 350 7895 3829 1982 1385 597 431 337 122 288 121 1847 288 357 4066 180 1559 3886 230 1028 144 634 560 3252 3202 498 1415 1358
is_linear=0
shrinkage=0.05


Tree=6
num_leaves=31
num_cat=0
split_feature=11 126 41 103 2 120 108 138 115 43 101 0 131 34 126 118 134 96 88 108 108 0 108 119 150 119 85 133 92 61
split_gain=0.00623013 0.0125641 0.00446741 0.0023219 0.00155929 0.00152509 0.0010782 0.000999972 0.00145825 0.00355361 0.00108391 0.000811357 0.000767776 0.000937003 0.000659217 0.000310621 0.000285024 0.000222995 0.000378439 0.00030567 0.000215412 0.000203646 0.000160989 0.000156339 0.000143907 0.000136054 7.96901e-05 7.3976e-05 6.43423e-05 5.0926e-05
threshold=0.0044062812152777788 11.500000000000002 37.500000000000007 2225.2500000000005 0.0011481080000000003 278.57647350000008 292.75575665000002 4.6950000000000012 8.6500000000000004 0.37050000000000005 -11.344956599999987 0.080000000000000002 32.799577433071228 0.014925636211722383 21.500000000000004 13.15 8.7750000000000004 36.13750000000001 44.862500000000004 277.75393590000004 293.2227259500001 0.029700000000000001 294.73063130000008 6.0500000000000007 1.0000000180025095e-35 20.350000000000005 271.76987915000001 86.820000000000007 7.3500000000000023 318.30000000000007
decision_type=2 2 2 2 2 8 2 2 10 2 2 2 2 2 2 10 2 2 2 2 2 2 2 8 2 10 2 2 2 2
left_child=3 -2 -3 4 7 17 15 8 9 -1 -10 20 13 -5 -13 -4 24 -6 19 -19 21 23 25 -9 -17 -12 -7 28 -14 -23
right_child=1 2 6 12 5 26 -8 11 10 -11 22 14 27 -15 -16 16 -18 18 -20 -21 -22 29 -24 -25 -26 -27 -28 -29 -30 -31
leaf_value=0.00050681041488000623 0.00070630627824796424 0.00049013354751249695 -4.6599991737625675e-05 0 0 4.3559292762278857e-05 0.00023234939128266051 -4.5462945374942496e-06 0.00022224854893791864 4.5602264744838144e-07 -4.004529163757123e-05 0.00019443711581144772 -5.3788332532670718e-05 0.00021882943576851437 0 0.00012392542747235254 0 0 0 0.00013140786655871725 3.0265817027881242e-06 2.7986397363248333e-05 3.5475847422169277e-05 -4.8414240726968335e-05 0 0 0.00031756865286153795 0 0 -1.1533128654682305e-05
leaf_weight=54 86 54 278 104 191 56 50 552 52 152 466 70 3048 55 127 80 159 78 98 160 215 132 67 1422 67 76 75 50 58 173
leaf_count=54 86 54 278 104 191 56 50 552 52 152 466 70 3048 55 127 80 159 78 98 160 215 132 67 1422 67 76 75 50 58 173
internal_value=0 0.000134856 5.52461e-05 -1.4023e-05 9.6251e-06 8.05254e-05 9.61768e-06 -2.10093e-06 4.29006e-05 0.000159151 0 -1.84677e-05 -4.56002e-05 4.60385e-05 7.23407e-05 -1.26939e-06 2.36443e-05 3.11518e-05 5.63446e-05 9.18425e-05 -2.76707e-05 -3.27597e-05 -1.22718e-05 -3.86874e-05 7.72933e-05 -2.74368e-05 0.000239531 -5.18139e-05 -5.27959e-05 0
internal_weight=8305 774 688 7531 4216 658 634 3558 867 206 661 2691 3315 159 197 584 306 527 336 238 2494 2279 609 1974 147 542 131 3156 3106 305
internal_count=8305 774 688 7531 4216 658 634 3558 867 206 661 2691 3315 159 197 584 306 527 336 238 2494 2279 609 1974 147 542 131 3156 3106 305
is_linear=0
shrinkage=0.05


Tree=7
num_leaves=31
num_cat=0
split_feature=2 8 126 103 33 138 0 94 120 3 92 0 126 139 129 112 85 132 31 84 56 108 30 99 76 59 0 114 76 0
split_gain=0.00573952 0.00410993 0.00475941 0.00259342 0.00215674 0.00228459 0.00227969 0.00200535 0.00543634 0.00142686 0.00134525 0.000828533 0.00132675 0.000788576 0.000588549 0.000403093 0.000380772 0.000568827 0.000301571 0.00021129 0.00016129 0.000155657 7.7873e-05 7.32035e-05 5.82022e-05 5.46608e-05 5.34152e-05 4.11752e-05 0.000101527 3.73229e-05
threshold=0.048280649000000009 0.060185657676937045 14.500000000000002 1992.1000000000001 0.034193102071511529 4.745000000000001 0.029700000000000001 18.500000000000004 269.3636350000001 0.052576056500000003 9.5500000000000025 0.080000000000000002 21.500000000000004 25.952893429475971 6.5000000000000009 276.0673963000001 263.81596360000009 1.5000000000000002 31.850000000000005 7.3500000000000014 -2.1677866499999534 280.81817885000004 -0.73000000000000087 4.3500000000000236 0.55000000000000016 14.827200000000003 0.023450000000000002 20.050000000000004 1.0000000180025095e-35 0.054200000000000005
decision_type=2 2 2 2 2 2 2 2 10 2 2 2 2 2 2 10 2 2 2 2 2 2 2 2 2 2 2 10 2 2
left_child=1 3 -3 4 5 7 20 8 -1 15 27 18 -13 -8 19 -10 17 -16 29 23 26 -15 -20 25 -18 -5 -7 -4 -29 -6
right_child=-2 2 10 14 11 6 13 -9 9 -11 -12 12 -14 21 16 -17 24 -19 22 -21 -22 -23 -24 -25 -26 -27 -28 28 -30 -31
leaf_value=0.00053869351321420825 0.00048333185557924882 0.00060808239348935549 -1.4007151683095986e-05 -5.3465315810076194e-05 -4.891861210955004e-05 -4.15217884809271e-05 0 0 -2.364788886901658e-06 0.00030723757986036575 0.00025704265421018139 0.00027470875914500708 0 0.0002118110842567465 0.00017581690647552428 0.0001143044279151694 -2.7556396336561872e-05 0 0 0 0 0 5.1291744009693102e-05 0 0 0 0 7.2240393557194686e-05 0 0
leaf_weight=94 60 53 115 3050 1204 526 127 166 197 60 69 53 235 177 71 80 386 85 155 176 448 53 73 109 108 81 54 63 50 127
leaf_count=94 60 53 115 3050 1204 526 127 166 197 60 69 53 235 177 71 80 386 85 155 176 448 53 73 109 108 81 54 63 50 127
internal_value=0 -3.45802e-06 0.000163042 -1.14922e-05 1.71328e-05 5.40485e-05 1.46577e-05 0.000136894 0.000193768 8.14554e-05 6.5072e-05 -1.97833e-05 5.12215e-05 0.000125351 -3.96758e-05 1.36346e-05 0 7.1542e-05 -3.61298e-05 -4.80023e-05 -1.90088e-05 0.000181345 0 -5.09149e-05 -1.73126e-05 -5.23544e-05 -3.65237e-05 0 2.65202e-05 -4.57692e-05
internal_weight=8305 8245 350 7895 3829 1982 1385 597 431 337 297 1847 288 357 4066 277 650 156 1559 3416 1028 230 228 3240 494 3131 580 228 113 1331
internal_count=8305 8245 350 7895 3829 1982 1385 597 431 337 297 1847 288 357 4066 277 650 156 1559 3416 1028 230 228 3240 494 3131 580 228 113 1331
is_linear=0
shrinkage=0.05


Tree=8
num_leaves=31
num_cat=0
split_feature=2 126 3 35 138 90 97 41 0 120 65 98 133 120 50 50 128 2 120 86 50 128 108 43 41 39 74 99 117 3
split_gain=0.00518534 0.00373721 0.00653335 0.00344246 0.00158483 0.00255205 0.00197191 0.00106985 0.00103052 0.00146916 0.000962648 0.00116169 0.000755494 0.000720637 0.00119258 0.000275815 0.000190943 0.000165885 0.000158371 0.000149707 0.00039437 0.000139745 0.000238143 0.000170167 0.00010051 5.50453e-05 5.09802e-05 4.4746e-05 4.40895e-05 3.49992e-05
threshold=0.048280649000000009 58.500000000000007 0.26752381500000005 275.52554800000001 4.745000000000001 24.391836734693882 -4.2999999999999972 41.500000000000007 0.037550000000000007 269.84318185000006 27.050000000000004 0.14999999999999861 80.390000000000015 279.19643330000002 1021.7500000000001 1007.2500000000001 12.096210342524335 0.00063433750000000007 273.09124905000004 14.500000000000002 1006.9500000000002 9.7501603843386047 293.71502765000008 0.32950000000000007 35.500000000000007 0.52500000000000013 13.135714285714288 -1.9500000000000453 0.25000000000000006 9.6826000000000011e-05
decision_type=2 2 2 2 2 2 2 2 2 10 2 2 2 10 2 2 2 2 8 2 2 2 2 2 2 2 2 2 10 2
left_child=1 2 4 -4 5 6 -1 -5 15 28 -8 -12 18 26 -15 21 -11 -17 -3 20 -7 23 29 -6 -20 -26 -14 -9 -10 -23
right_child=-2 12 3 7 8 19 10 27 9 16 11 -13 13 14 -16 17 -18 -19 24 -21 -22 22 -24 -25 25 -27 -28 -29 -30 -31
leaf_value=0.00038150361766716378 0.00045956141732396471 0 0.00068060178075742732 0.00031258786284672318 0 0.00015033036305864628 0 0 -2.0054333269106761e-05 0.00016456978065869057 0.0003226250882807893 1.8512252637055285e-06 -3.0053605612988152e-05 0.00029645024715656688 0 -4.7929626852291504e-05 0 0 0 -2.6625979495655401e-05 0 0 3.5487391133690683e-05 8.7702560442593994e-05 -4.8355716394438834e-05 0 0 4.7549222008180524e-05 0 -4.3002239996703594e-05
leaf_weight=92 60 361 50 73 62 51 158 61 294 200 72 103 160 55 72 1078 71 153 50 260 343 58 96 88 3425 64 159 65 120 351
leaf_count=92 60 361 50 73 62 51 158 61 294 200 72 103 160 55 72 1078 71 153 50 260 343 58 96 88 3425 64 159 65 120 351
internal_value=0 -3.12142e-06 3.17427e-05 0.000280081 1.33597e-05 6.46474e-05 0.000159913 0.000151548 -6.23756e-06 4.35639e-05 8.27638e-05 0.000163319 -3.555e-05 1.87031e-05 0.00012311 -2.69888e-05 0.000135125 -4.09309e-05 -4.30392e-05 0 2.18877e-05 0 -1.33527e-05 4.14271e-05 -4.64017e-05 -4.7497e-05 -7.4933e-06 1.71506e-05 -4.5039e-06 -3.70701e-05
internal_weight=8305 8245 3899 249 3650 1079 425 199 2571 685 333 175 4346 446 127 1886 271 1231 3900 654 394 655 505 150 3539 3489 319 126 414 409
internal_count=8305 8245 3899 249 3650 1079 425 199 2571 685 333 175 4346 446 127 1886 271 1231 3900 654 394 655 505 150 3539 3489 319 126 414 409
is_linear=0
shrinkage=0.05


Tree=9
num_leaves=31
num_cat=0
split_feature=11 126 126 33 138 134 114 120 29 1 126 19 111 81 133 120 50 3 126 19 31 101 36 1 120 22 76 112 21 120
split_gain=0.00474944 0.0113725 0.00221181 0.00198988 0.00270517 0.00256951 0.00225713 0.00238833 0.00174083 0.00112494 0.000870216 0.000849079 0.000751572 0.000719994 0.000697863 0.000649358 0.0010822 0.000615082 0.000993361 0.000322943 0.000223676 0.000174887 0.00012845 0.000111932 9.75396e-05 5.1098e-05 5.57702e-05 4.67475e-05 4.61851e-05 4.56127e-05
threshold=0.0058848091388888904 17.500000000000004 58.500000000000007 0.034193102071511529 4.745000000000001 9.1700000000000017 31.050000000000004 269.3636350000001 31.350000000000005 0.056562766000000007 44.500000000000007 0.0007614285714285788 11.950000000000001 39.650000000000013 80.390000000000015 279.19643330000002 1021.7500000000001 0.12692570250000004 21.500000000000004 -0.0018885714285714254 31.850000000000005 -8.9263594499999765 275.72904950000003 0.033897852500000006 277.67257695000006 8.5000000000000018 9.4500000000000028 275.62564175000006 0.56250000000000011 271.33300135000007
decision_type=2 2 2 2 2 2 10 10 2 2 2 2 10 2 2 10 2 2 2 2 2 2 2 2 10 2 2 10 2 8
left_child=2 -2 3 4 5 6 7 13 -9 22 11 -3 19 -1 21 -16 -17 20 -19 -11 27 -4 23 -6 -12 -24 28 -5 -27 -23
right_child=1 10 14 17 9 -7 -8 8 -10 12 24 -13 -14 -15 15 16 -18 18 -20 -21 -22 29 25 -25 -26 26 -28 -29 -30 -31
leaf_value=0.00064351675013760829 0.00065884985888180463 0 0 0 -3.7540290891013693e-05 0 0 0 0.00033618957713919725 0 -3.733022430346214e-05 0.00027194095014419875 0 0.00016400694312538049 -6.7419633865597447e-06 0.00028189242192768561 0 0.00021718927462181515 0 0.0001819159152876319 0 0 -2.5948099099106218e-06 0 0 6.0592587214369603e-05 0 -4.5245948586553787e-05 0 -4.5122474440196236e-05
leaf_weight=64 90 67 184 141 537 180 73 135 72 59 209 59 120 50 319 55 72 62 269 165 247 78 118 70 54 103 54 1087 56 3456
leaf_count=64 90 67 184 141 537 180 73 135 72 59 209 59 120 50 319 55 72 62 269 165 247 78 118 70 54 103 54 1087 56 3456
internal_value=0 0.000153147 -8.86908e-06 1.85976e-05 5.55952e-05 0.000146557 0.000218013 0.000275371 0.000136907 1.08884e-05 2.19365e-05 0.000134995 9.02045e-05 0.000479939 -3.42236e-05 1.74171e-05 0.000116741 -1.6667e-05 3.8354e-05 0.000144317 -3.24193e-05 -4.17657e-05 -1.29401e-05 -2.80495e-05 -1.35953e-05 0 2.43556e-05 -4.14395e-05 4.08021e-05 -4.42589e-05
internal_weight=8305 479 7826 3662 1856 574 394 321 207 1282 389 126 344 114 4164 446 127 1806 331 224 1475 3718 938 607 263 331 213 1228 159 3534
internal_count=8305 479 7826 3662 1856 574 394 321 207 1282 389 126 344 114 4164 446 127 1806 331 224 1475 3718 938 607 263 331 213 1228 159 3534
is_linear=0
shrinkage=0.05


Tree=10
num_leaves=31
num_cat=0
split_feature=2 126 0 126 44 33 134 116 21 126 93 128 21 74 62 2 75 111 59 141 90 160 96 0 103 27 101 129 123 30
split_gain=0.00835353 0.00289761 0.00607312 0.00526758 0.00132267 0.0013104 0.00206127 0.00192606 0.00227887 0.000616795 0.00118005 0.000578004 0.00062604 0.00125636 0.000842425 0.000360753 0.000361866 0.000349727 0.000335119 0.000227744 0.000426749 0.000224054 0.00023112 0.000182604 0.000162121 0.000176342 0.000149057 0.000152386 0.000138485 0.000115873
threshold=0.048280649000000009 58.500000000000007 0.13935000000000003 21.500000000000004 877.50000000000011 0.034193102071511529 7.5650000000000004 277.54005950000004 0.49305555555555564 51.500000000000007 265.54915570000009 9.5825325461623994 0.39583333333333343 16.864285714285717 48.95000000000001 0.00074144200000000014 23.150000000000002 17.450000000000003 10.783550000000002 33.720000000000006 22.369387755102043 0.21938775510204087 37.662500000000009 0.031750000000000007 1501.3500000000001 1855.4000000000003 -8.1819759500000071 7.5000000000000009 -0.78656609248549292 -1.8585714285714297
decision_type=2 2 2 2 2 2 2 10 2 2 2 2 2 2 2 2 2 10 2 2 2 2 2 2 2 2 2 2 2 2
left_child=1 2 5 4 -4 6 7 8 -1 10 -10 12 13 -3 -15 19 -17 -5 28 -8 -21 22 -22 -9 -20 29 -13 -28 -7 -26
right_child=-2 11 3 17 -6 18 15 23 9 -11 -12 26 -14 14 -16 16 -18 -19 24 20 21 -23 -24 -25 25 -27 27 -29 -30 -31
leaf_value=0.00048890413143376922 0.00059067597252457447 -2.5427068605605377e-06 0.00067691711263705666 0 0.0001614400013984943 0 -2.2115427719702562e-05 -1.3515437030946487e-05 0.0003184953165012606 0 0 0 -2.2071592891562955e-05 0.00031580528507597948 0 0.00010925327376806028 0 0.00011402113388182334 0 -3.8009603747200087e-06 0.00020781130237862403 0 0 8.1492568314178444e-05 0 0 -4.4259003918995036e-05 0 -4.059033620335929e-05 0.00013271613464132289
leaf_weight=70 59 164 71 94 54 379 721 135 59 53 66 227 673 64 76 155 79 92 106 253 55 82 58 64 58 54 3064 107 1052 70
leaf_count=70 59 164 71 94 54 379 721 135 59 53 66 227 673 64 76 155 79 92 106 253 55 82 58 64 58 54 3064 107 1052 70
internal_value=2.6536e-06 -1.01452e-06 2.98033e-05 0.000242081 0.000496962 9.84235e-06 3.99637e-05 0.000134071 0.00022733 9.43736e-05 0.000157768 -2.94887e-05 0 6.36784e-05 0.000176181 6.3453e-06 6.3828e-05 4.23103e-05 -1.96719e-05 -9.3229e-07 2.19968e-05 8.08265e-05 0.000127065 0 1.99241e-05 5.33074e-05 -3.93022e-05 -4.21032e-05 -3.11408e-05 8.63058e-05
internal_weight=8314 8255 3880 311 125 3569 1850 447 248 178 125 4375 977 304 140 1403 234 186 1719 1169 448 195 113 199 288 182 3398 3171 1431 128
internal_count=8314 8255 3880 311 125 3569 1850 447 248 178 125 4375 977 304 140 1403 234 186 1719 1169 448 195 113 199 288 182 3398 3171 1431 128
is_linear=0
shrinkage=0.05


Tree=11
num_leaves=31
num_cat=0
split_feature=2 126 1 126 93 93 131 92 129 1 126 73 135 41 32 34 98 11 75 140 13 10 45 81 104 100 145 136 61 115
split_gain=0.00754992 0.00263928 0.0054816 0.00464471 0.00167223 0.00158353 0.00244133 0.00282289 0.000921501 0.000852694 0.0011612 0.000697097 0.000825931 0.000874906 0.000403453 0.00026523 0.000262764 0.000239482 0.000226044 0.000222449 0.000211872 0.000177184 0.000171036 0.000157651 0.000112328 0.000103947 9.60119e-05 8.75112e-05 7.72301e-05 5.94749e-05
threshold=0.048280649000000009 51.500000000000007 0.19961611100000001 21.500000000000004 271.61559265000005 265.10846720000006 62.20474218226024 10.850000000000003 7.5000000000000009 0.024989248000000002 21.500000000000004 21.250000000000004 10.215000000000002 70.500000000000014 14.15 0.0066197132315709006 -4.4999999999999964 0.0020906935902777779 20.050000000000004 17.960000000000004 0.0028602459097222224 23.975000000000005 19.500000000000004 42.050000000000004 1.2500000000000004 8.3500000000000245 1.3750000000000002 0.15500000000000003 1342.8000000000004 13.750000000000002
decision_type=2 2 2 2 2 2 2 2 2 2 2 2 2 2 2 2 2 2 2 2 2 2 2 2 2 2 2 2 2 10
left_child=1 2 5 4 -4 6 7 -1 20 14 15 -10 13 -13 -7 -11 -16 -17 -5 -8 23 -22 -19 25 -21 26 -3 -15 -12 -23
right_child=-2 8 3 18 -6 9 19 -9 11 10 28 12 -14 27 16 17 -18 22 -20 24 21 29 -24 -25 -26 -27 -28 -29 -30 -31
leaf_value=0.00055120547555704614 0.00056163438720007743 -4.3221239275631249e-05 0.00073507703006993439 0 0.00022863278761113033 -4.8059133322507584e-05 -3.7161447195287582e-06 2.26436955385541e-05 -2.1015263915725165e-05 0 -2.8390886338559907e-05 0.00030801848273131333 0 0 7.954483588547982e-05 0 -9.471241190380276e-06 0 8.5787169215588004e-05 0 6.0810562298827694e-05 -3.4157296764418593e-05 0.00014238634881803594 0 0.00011503449134863785 0 0 6.1505293277201015e-05 0 0
leaf_weight=56 59 3423 50 87 96 1031 236 86 329 98 387 64 225 53 98 105 339 52 94 50 94 205 259 154 63 71 134 71 195 50
leaf_count=56 59 3423 50 87 96 1031 236 86 329 98 387 64 225 53 98 105 339 52 94 50 94 205 259 154 63 71 134 71 195 50
internal_value=2.61811e-06 -8.39204e-07 3.24567e-05 0.000227456 0.000439907 9.88077e-06 9.25636e-05 0.000268453 -2.49753e-05 -4.03339e-06 2.69796e-05 2.23576e-05 6.89535e-05 0.000146082 -3.05938e-05 8.33968e-05 0 0.000100894 2.7138e-05 6.15022e-06 -3.46905e-05 0 0.000124597 -3.81375e-05 7.04676e-05 -4.03088e-05 -4.15964e-05 2.07057e-05 -1.43271e-05 -1.89218e-05
internal_weight=8314 8255 3382 327 146 3055 491 142 4873 2564 1096 742 413 188 1468 514 437 416 181 349 4131 349 311 3782 113 3628 3557 124 582 255
internal_count=8314 8255 3382 327 146 3055 491 142 4873 2564 1096 742 413 188 1468 514 437 416 181 349 4131 349 311 3782 113 3628 3557 124 582 255
is_linear=0
shrinkage=0.05


Tree=12
num_leaves=31
num_cat=0
split_feature=2 126 0 61 44 85 131 32 98 84 0 126 2 128 21 74 77 75 75 90 0 51 131 101 136 77 96 96 88 100
split_gain=0.00682125 0.00240485 0.00508397 0.00435842 0.00115529 0.0011373 0.00205467 0.00142048 0.00258014 0.00240006 0.000734746 0.00066566 0.000597101 0.000468509 0.000539052 0.00112212 0.000724789 0.000294956 0.000288438 0.000271364 0.000195563 0.000166381 0.000147631 0.00014389 0.00013993 0.000134966 0.000119292 9.74707e-05 9.18343e-05 8.18548e-05
threshold=0.048280649000000009 58.500000000000007 0.13935000000000003 272.50000000000006 877.50000000000011 272.39802235000008 66.389093735741838 12.950000000000001 0.1000000000000001 10.350000000000003 0.022300000000000004 21.500000000000004 0.00095549100000000004 9.5825325461623994 0.39583333333333343 16.864285714285717 269.03824175000005 25.050000000000004 20.050000000000004 19.817346938775511 0.031750000000000007 320.50000000000006 67.443867958799743 -8.9263594499999765 1.0200000000000002 273.64853360000006 37.062500000000007 39.13750000000001 31.962500000000009 8.2500000000000018
decision_type=2 2 2 2 2 2 2 2 2 2 2 2 2 2 2 2 2 2 2 2 2 2 2 2 2 2 2 2 2 2
left_child=1 2 5 4 -4 6 7 19 9 -9 -7 20 21 14 15 -3 -17 24 -5 -1 -12 28 -15 -24 -14 -22 -10 -23 -8 -25
right_child=-2 13 3 18 -6 10 12 8 26 -11 11 -13 17 22 -16 16 -18 -19 -20 -21 25 27 23 29 -26 -27 -28 -29 -30 -31
leaf_value=0.00011035499436018819 0.00053402068656578205 -2.1781563021553042e-06 0.00062211196231070666 0 0.00013492451096218163 -4.3883415707195331e-05 0 0.00066740067293516035 7.012120379854354e-05 5.6270028982436522e-05 0 -2.0124030360282565e-05 0 0 -2.0637645055923362e-05 0.00026153058515905814 0 0 9.4448421199910048e-05 -8.5893094576457406e-06 0 7.1075754921610758e-05 0 -4.2692547838681399e-05 0.00019072135269287713 9.9131789906108388e-05 0 0 -2.7575256972592361e-05 0
leaf_weight=54 59 164 71 77 54 1075 240 52 66 53 119 433 57 341 673 82 58 52 109 116 53 81 151 2848 70 255 51 83 659 58
leaf_count=54 59 164 71 77 54 1075 240 52 66 53 119 433 57 341 673 82 58 52 109 116 53 81 151 2848 70 255 51 83 659 58
internal_value=2.69058e-06 -5.65535e-07 2.74613e-05 0.000221756 0.000454071 9.07267e-06 4.06433e-05 0.000140953 0.000225694 0.000409536 -1.50116e-05 1.52801e-05 4.87324e-06 -2.65645e-05 0 5.89683e-05 0.000165566 9.11465e-05 3.72992e-05 3.77634e-07 6.2827e-05 -5.02718e-06 -3.53992e-05 -3.89041e-05 0.000132074 8.39619e-05 1.62627e-05 3.21519e-05 -1.73933e-05 -4.14233e-05
internal_weight=8314 8255 3880 311 125 3569 1634 392 222 105 1935 860 1242 4375 977 304 140 179 186 170 427 1063 3398 3057 127 308 117 164 899 2906
internal_count=8314 8255 3880 311 125 3569 1634 392 222 105 1935 860 1242 4375 977 304 140 179 186 170 427 1063 3398 3057 127 308 117 164 899 2906
is_linear=0
shrinkage=0.05


Tree=13
num_leaves=31
num_cat=0
split_feature=2 126 0 126 85 134 33 32 44 129 141 0 126 73 141 136 73 84 128 111 0 68 77 128 128 128 34 112 81 69
split_gain=0.00616375 0.00221854 0.00469006 0.00374983 0.0014878 0.00193711 0.00265779 0.00161899 0.000960257 0.00076465 0.000687426 0.000661396 0.000606592 0.000605837 0.0008513 0.000442515 0.000443473 0.000350298 0.000202333 0.000178 0.000174768 0.000140999 0.000120056 0.000111452 0.000109009 0.000101873 9.89887e-05 8.52018e-05 6.28863e-05 5.65014e-05
threshold=0.048280649000000009 51.500000000000007 0.13935000000000003 21.500000000000004 272.39802235000008 7.5650000000000004 -0.087782311110582295 13.950000000000001 877.50000000000011 7.5000000000000009 33.195000000000007 0.022300000000000004 21.500000000000004 21.250000000000004 32.090000000000011 0.15500000000000003 30.250000000000004 12.850000000000003 9.5241855175685135 17.450000000000003 0.031750000000000007 2.7500000000000004 273.64853360000006 9.4793363551546506 9.608896471458312 9.4793363551546506 0.0066197132315709006 285.50218730000006 42.050000000000004 294.34527955000004
decision_type=2 2 2 2 2 2 2 2 2 2 2 2 2 2 2 2 2 2 2 8 2 2 2 2 2 2 2 10 2 2
left_child=1 2 4 8 5 6 7 -1 -4 18 24 -6 20 -11 15 -15 -17 -12 23 -5 -13 28 -22 -3 25 -7 -24 -8 -20 -26
right_child=-2 9 3 19 11 10 27 -9 -10 13 17 12 -14 14 -16 16 -18 -19 21 -21 22 -23 26 -25 29 -27 -28 -29 -30 -31
leaf_value=1.3076514203651006e-05 0.00050776467170362595 -1.2116819295437581e-05 0.00059163664669540598 0 -4.1674383434157032e-05 0 6.3395207173428232e-05 0.0005036400420882274 0.00012830093997465817 -1.9511804132145535e-05 0.0001369402672126129 0 -1.9120147305733078e-05 0 0 0.00025755726247063231 0 0 -3.8605885377437734e-05 8.5494472835929825e-05 0 0 0 5.0036414614114221e-05 -3.0513648566685994e-05 6.2345983577203395e-05 0.00011424139039541569 0 0 0
leaf_weight=51 59 345 71 81 1074 84 52 74 54 329 146 119 433 87 185 90 51 103 3420 75 53 145 63 90 428 74 192 95 131 60
leaf_count=51 59 345 71 81 1074 84 52 74 54 329 146 119 433 87 185 90 51 103 3420 75 53 145 63 90 428 74 192 95 131 60
internal_value=2.71179e-06 -3.53358e-07 3.01316e-05 0.000226311 1.06755e-05 5.61538e-05 0.000174794 0.000344865 0.000433765 -2.25385e-05 1.43626e-05 -1.41975e-05 1.43181e-05 2.02399e-05 6.39545e-05 0.000129183 0.000186288 8.67385e-05 -3.14353e-05 2.65306e-05 5.98739e-05 -3.52317e-05 7.98715e-05 0 -5.8976e-06 1.52225e-05 9.41946e-05 0 -3.72986e-05 -2.29778e-05
internal_weight=8314 8255 3382 281 3101 1167 272 125 125 4873 895 1934 860 742 413 228 141 249 4131 156 427 3696 308 435 646 158 255 147 3551 488
internal_count=8314 8255 3382 281 3101 1167 272 125 125 4873 895 1934 860 742 413 228 141 249 4131 156 427 3696 308 435 646 158 255 147 3551 488
is_linear=0
shrinkage=0.05


Tree=14
num_leaves=31
num_cat=0
split_feature=2 126 0 61 85 92 49 93 141 133 75 142 0 126 43 12 75 81 120 0 21 77 34 100 93 41 35 2 24 50
split_gain=0.00556901 0.0020269 0.00428188 0.00342666 0.00136357 0.00183245 0.00165187 0.00124793 0.000942572 0.000698532 0.000798386 0.00129577 0.000598208 0.000556615 0.000325014 0.000603078 0.000201708 0.000185353 0.00017592 0.000157655 0.000141197 0.000107811 8.20136e-05 7.87645e-05 7.97546e-05 7.35346e-05 5.82619e-05 8.23058e-05 5.07358e-05 4.54714e-05
threshold=0.048280649000000009 51.500000000000007 0.13935000000000003 272.50000000000006 272.39802235000008 3.7500000000000009 974.75000000000011 271.94261340000008 37.595000000000006 80.210000000000022 10.450000000000001 779.98523430632292 0.022300000000000004 21.500000000000004 0.39650000000000007 0.020157542000000004 20.050000000000004 42.050000000000004 269.03383025000011 0.031750000000000007 0.12500000000000003 273.64853360000006 0.0066197132315709006 8.3500000000000245 261.59339285000004 35.500000000000007 293.61153645000007 0.00015343650000000002 32.850000000000009 1008.7500000000001
decision_type=2 2 2 2 2 2 2 2 2 2 2 2 2 2 2 2 2 2 10 2 2 2 2 2 2 2 2 2 2 2
left_child=1 2 4 7 5 6 -1 -4 14 17 -11 -12 -6 19 26 -16 -5 20 -10 -14 -3 -21 -23 24 -22 -26 27 -7 -27 -15
right_child=-2 9 3 16 12 8 -8 -9 18 10 11 -13 13 29 15 -17 -18 -19 -20 21 23 22 -24 -25 25 28 -28 -29 -30 -31
leaf_value=0.00035645092278463095 0.00048279957762921801 0 0.00066317250880221017 0 -3.959260247356724e-05 -3.0602307807329426e-05 0 0.00017710974475592501 0.0001894363748547759 -7.0627214011537011e-06 0.00025354183825584189 0 0 0 0 0.00021109891508554117 8.3164770393375157e-05 3.0980241184787097e-07 0 0 0 0 0.00010855891725717001 0 0 0 0 0 -3.7712909453344028e-05 -2.638599924910345e-05
leaf_weight=90 59 122 50 71 1074 425 70 75 92 311 87 116 119 65 52 50 85 185 52 53 114 63 192 76 53 255 168 168 3554 368
leaf_count=90 59 122 50 71 1074 425 70 75 92 311 87 116 119 65 52 50 85 185 52 53 114 63 192 76 53 255 168 168 3554 368
internal_value=2.7597e-06 -1.23676e-07 2.89932e-05 0.000216498 1.03261e-05 5.38944e-05 0.00021486 0.000414938 2.31708e-05 -2.13593e-05 2.91339e-05 0.000108861 -1.33938e-05 1.35251e-05 0 8.61814e-05 2.40142e-05 -2.84654e-05 0.000141363 5.73115e-05 -3.09381e-05 7.63222e-05 8.99105e-05 -3.27578e-05 -3.38097e-05 -3.50491e-05 -7.89784e-06 -1.80341e-05 -3.59692e-05 -1.81663e-05
internal_weight=8314 8255 3382 281 3101 1167 160 125 1007 4873 514 203 1934 860 863 102 156 4359 144 427 4174 308 255 4052 3976 3862 761 593 3809 433
internal_count=8314 8255 3382 281 3101 1167 160 125 1007 4873 514 203 1934 860 863 102 156 4359 144 427 4174 308 255 4052 3976 3862 761 593 3809 433
is_linear=0
shrinkage=0.05


Tree=15
num_leaves=31
num_cat=0
split_feature=126 1 22 1 116 83 126 133 84 93 44 49 98 137 61 73 132 1 104 2 101 30 80 50 114 81 39 116 116 112
split_gain=0.00303424 0.0121962 0.00872418 0.00141256 0.00122201 0.000957385 0.00072216 0.000800701 0.00141874 0.000722339 0.000321167 0.000280231 0.000274906 0.000267129 0.000443408 0.000248941 0.000162798 0.000161322 0.000149779 0.000165536 0.000162563 0.000249807 0.000128806 0.00011636 9.37918e-05 8.13191e-05 7.55154e-05 6.46214e-05 9.05986e-05 4.9462e-05
threshold=21.500000000000004 0.14216828450000005 4.5000000000000009 0.045716430000000009 272.62726220000008 19.650000000000002 51.500000000000007 20.620000000000001 12.250000000000002 265.4525069500001 1532.5000000000002 972.6500000000002 -1.0000000180025095e-35 1.0000000180025095e-35 1517.3000000000004 35.550000000000004 1.5000000000000002 0.023570075500000006 20.850000000000005 0.00020374800000000004 -7.2020859999999791 -2.7971428571428558 36.062500000000007 991.45000000000016 25.750000000000004 41.95000000000001 0.10500000000000002 281.75568510000005 294.58246230000003 286.80121025000005
decision_type=2 2 2 2 8 2 2 2 2 2 2 2 2 2 2 2 2 2 2 2 2 2 2 2 10 2 2 10 10 10
left_child=1 3 5 15 6 -3 7 23 9 12 22 -5 -9 14 -8 17 -12 -1 20 -20 21 -15 26 -2 -11 -22 -6 -13 -29 -25
right_child=4 2 -4 11 10 -7 13 8 -10 24 16 27 -14 18 -16 -17 -18 -19 19 -21 25 -23 -24 29 -26 -27 -28 28 -30 -31
leaf_value=-4.2764764976534848e-05 6.1069774908446554e-05 0.00028603568827354148 0.00099298382936804388 0.00024573021414454947 -4.3413537799377933e-05 0 0.00014893502354451421 0.00038077906672846605 0 0 6.3900419326683316e-05 0 4.2147348142986859e-05 8.1745462378421505e-05 0 5.6184577994057553e-05 -9.4454780047691168e-06 0 0 7.5864273002457016e-05 -3.0340218583769029e-05 -8.880800314153566e-06 0 -2.9433661223628417e-05 8.3286503533599895e-05 0 0 9.4842725396201261e-05 0 0
leaf_weight=720 63 96 53 50 2782 60 69 66 260 64 90 84 50 89 65 51 396 193 295 77 1346 292 152 202 59 92 51 122 62 215
leaf_count=720 63 96 53 50 2782 60 69 66 260 64 90 84 50 89 65 51 396 193 295 77 1346 292 152 202 59 92 51 122 62 215
internal_value=9.52095e-07 6.60535e-05 0.000419621 4.23334e-06 -1.26448e-05 0.000187894 7.91317e-06 4.45511e-05 8.88466e-05 0.000176703 -3.36503e-05 9.85367e-05 0.00027916 -5.37706e-06 5.73615e-05 -2.17636e-05 0 -3.16449e-05 -1.15195e-05 9.6978e-06 -1.86089e-05 0 -3.98188e-05 0 3.82815e-05 -2.68403e-05 -4.22398e-05 5.16764e-05 6.89656e-05 -1.11763e-05
internal_weight=8266 1491 209 1282 6775 156 3304 979 499 239 3471 318 116 2325 134 964 486 913 2191 372 1819 381 2985 480 123 1438 2833 268 184 417
internal_count=8266 1491 209 1282 6775 156 3304 979 499 239 3471 318 116 2325 134 964 486 913 2191 372 1819 381 2985 480 123 1438 2833 268 184 417
is_linear=0
shrinkage=0.05


Tree=16
num_leaves=31
num_cat=0
split_feature=126 1 13 128 93 1 73 52 62 101 101 4 84 140 49 50 140 126 84 58 140 19 131 85 116 117 81 1 77 99
split_gain=0.00278263 0.0110802 0.00808635 0.00135564 0.0014822 0.00129855 0.00126189 0.000755118 0.00100364 0.000956183 0.000498893 0.000472208 0.000567994 0.000584581 0.000393415 0.00031636 0.000291797 0.000282169 0.00021201 0.000209489 0.000192647 0.000161468 0.000145295 0.000107076 0.000118504 8.66978e-05 7.96001e-05 7.84671e-05 5.42485e-05 4.66533e-05
threshold=21.500000000000004 0.14216828450000005 0.0035040081111111115 9.5825325461623994 266.33577250000002 0.036801556500000006 21.650000000000002 132.50000000000003 41.45000000000001 -13.410857399999996 2.6869773500000069 0.00018379200000000003 7.5500000000000016 17.375000000000004 971.25000000000011 1008.7500000000001 27.275000000000002 49.500000000000007 12.250000000000002 3.9499999999999997 75.820000000000007 -0.00079857142857142334 65.446658712036339 275.07856555000006 294.81412485000004 1.0000000180025095e-35 41.850000000000001 0.016033045500000006 292.12413700000008 0.85000000000002285
decision_type=2 2 2 2 2 2 2 2 2 2 2 2 2 2 2 2 2 2 2 2 2 2 2 2 10 10 2 2 2 2
left_child=1 5 6 4 7 19 10 9 -9 -2 -3 20 25 -14 -7 16 28 18 -18 27 -11 -22 -17 -16 -25 -13 -6 -1 -5 -19
right_child=3 2 -4 15 26 14 -8 8 -10 11 -12 12 13 -15 23 22 17 29 -20 -21 21 -23 -24 24 -26 -27 -28 -29 -30 -31
leaf_value=-4.2908152608126985e-05 0.00023967907179967834 0.00041690558968217713 0.00096768421380217596 -3.1102147070464634e-05 -4.092953058018977e-05 0.00024368275027681569 0 0.00032577495864234815 9.8842148178846387e-06 -4.1597071038268043e-05 3.3640909566790514e-05 0 0 0.00022644746671318563 0 0 0.00011364202985882561 -1.5372794928242942e-05 0 3.370261306484105e-05 0 7.7139116411008472e-05 -3.8199616615802077e-05 9.7114261848356846e-05 0 5.7307059105093661e-05 0 0 0 8.3545378521336956e-06
leaf_weight=651 58 54 51 835 505 50 54 68 99 289 50 237 53 82 155 309 103 393 115 56 56 73 2955 131 55 65 60 184 84 336
leaf_count=651 58 54 51 835 505 50 54 68 99 289 50 237 53 82 155 309 103 393 115 56 56 73 2955 131 55 65 60 184 84 336
internal_value=1.15005e-06 6.35059e-05 0.000400553 -1.18423e-05 2.61876e-05 4.39187e-06 0.00018111 6.22256e-05 0.000169446 3.69792e-05 0.000282338 1.71237e-05 5.60227e-05 0.000143349 8.33892e-05 -2.50143e-05 -5.23923e-06 1.06569e-05 6.09321e-05 -2.4724e-05 -1.16468e-05 1.67933e-05 -3.4783e-05 4.4622e-05 7.12252e-05 1.40117e-07 -3.38534e-05 -3.46589e-05 -2.70482e-05 0
internal_weight=8266 1491 209 6775 1645 1282 158 1080 167 913 104 855 437 135 391 5130 1866 947 218 891 418 129 3264 341 186 302 565 835 919 729
internal_count=8266 1491 209 6775 1645 1282 158 1080 167 913 104 855 437 135 391 5130 1866 947 218 891 418 129 3264 341 186 302 565 835 919 729
is_linear=0
shrinkage=0.05


Tree=17
num_leaves=31
num_cat=0
split_feature=126 5 22 128 50 5 61 76 22 83 120 21 74 50 140 126 2 103 73 133 112 5 131 30 118 100 101 69 30 99
split_gain=0.00255589 0.0101082 0.00732467 0.00124038 0.00136888 0.00120744 0.00113295 0.00149147 0.00116106 0.000867009 0.000418863 0.000786885 0.000484345 0.000286848 0.0002644 0.000257801 0.000252405 0.000645546 0.000214999 0.000196869 0.000176019 0.000133294 0.000130276 0.000107633 8.00549e-05 7.26484e-05 4.70218e-05 4.25124e-05 4.66583e-05 4.21162e-05
threshold=21.500000000000004 14.220000000000001 4.5000000000000009 9.5825325461623994 1002.85 4.5700000000000012 1532.0000000000002 8.1500000000000039 8.5000000000000018 19.650000000000002 276.69323835000006 0.36805555555555564 18.292857142857148 1008.7500000000001 27.275000000000002 49.500000000000007 0.0016532625000000003 966.90000000000009 35.550000000000004 59.620000000000005 294.22836620000004 1.0200000000000002 65.446658712036339 -2.7428571428571424 10.15 7.5499999999999554 -4.1311415500000228 293.56623160000009 -0.50285714285714245 0.85000000000002285
decision_type=2 2 2 2 2 2 2 2 2 2 10 2 2 2 2 2 2 2 2 2 10 2 2 2 8 2 2 2 2 2
left_child=1 5 9 4 6 18 7 8 -2 -3 20 12 -12 14 27 19 26 -18 21 -16 24 -1 -15 -8 -6 -24 -7 28 -5 -17
right_child=3 2 -4 13 10 16 23 -9 -10 -11 11 -13 -14 22 15 29 17 -19 -20 -21 -22 -23 25 -25 -26 -27 -28 -29 -30 -31
leaf_value=-4.3973900949178008e-05 0.00045079443636332961 0.00026030649898511351 0.00091000485735195187 -3.3762914609372233e-05 0 0 5.6938280456917533e-05 0 6.249297917309849e-05 0 0 0 0.00023462439069787608 0 8.8428622337324917e-05 -1.4606106116825407e-05 0.00030319482412075028 0 5.1853001820675744e-05 0 2.2992997492399314e-05 0 -3.7464542748012677e-05 0 -3.890444354992737e-05 0 3.7415823948148974e-05 0 0 7.9380502801776087e-06
leaf_weight=562 66 96 53 725 79 59 82 74 80 60 53 246 68 309 157 393 52 82 51 61 62 351 2902 153 682 53 125 143 51 336
leaf_count=562 66 96 53 725 79 59 82 74 80 60 53 246 68 309 157 393 52 82 51 61 62 351 2902 153 682 53 125 143 51 336
internal_value=1.30552e-06 6.10794e-05 0.000383041 -1.11183e-05 2.52075e-05 4.43629e-06 9.89873e-05 0.000181752 0.000273913 0.000167506 0 4.10553e-05 0.000145633 -2.37438e-05 -4.77058e-06 1.02101e-05 9.17626e-05 0.000155356 -1.92544e-05 5.82597e-05 -2.27609e-05 -2.87493e-05 -3.30544e-05 0 -3.30755e-05 -3.62903e-05 1.78338e-05 -2.56368e-05 -3.02488e-05 0
internal_weight=8266 1491 209 6775 1645 1282 455 220 146 156 1190 367 121 5130 1866 947 318 134 964 218 823 913 3264 235 761 2955 184 919 776 729
internal_count=8266 1491 209 6775 1645 1282 455 220 146 156 1190 367 121 5130 1866 947 318 134 964 218 823 913 3264 235 761 2955 184 919 776 729
is_linear=0
shrinkage=0.05


Tree=18
num_leaves=31
num_cat=0
split_feature=61 1 14 104 128 73 50 61 76 22 1 120 21 75 52 50 101 142 62 33 112 123 77 118 21 78 30 50 66 119
split_gain=0.00226682 0.00704247 0.00517795 0.00157153 0.00135724 0.00119235 0.0011094 0.00103844 0.00136611 0.000998136 0.000560233 0.000475899 0.000938757 0.00109388 0.000893858 0.000273176 0.00025226 0.000238495 0.000219401 0.000163534 0.000133087 0.000127552 0.000106596 0.000102818 0.000101983 0.000100698 9.72623e-05 8.61341e-05 7.98824e-05 6.98428e-05
threshold=318.30000000000007 0.14216828450000005 0.056742897000000007 2.6500000000000008 9.5825325461623994 21.350000000000005 1002.85 1532.0000000000002 8.1500000000000039 8.5000000000000018 0.024989248000000002 277.67257695000006 0.46527777777777785 10.450000000000001 80.500000000000014 1008.7500000000001 2.6869773500000069 318.90822195054994 41.250000000000007 0.32890507931924012 294.22836620000004 0.78656609248549325 278.44498800000008 10.15 0.56250000000000011 6.5000000000000009 -2.7428571428571424 1024.5500000000002 23.925000000000004 15.15
decision_type=2 2 2 2 2 2 2 2 2 2 2 10 2 2 2 2 2 2 2 2 10 2 2 8 2 2 2 2 2 10
left_child=1 3 5 10 6 16 7 8 9 -2 -1 20 13 -13 -15 17 -3 -6 19 28 23 22 24 -8 27 -17 -9 -12 -19 -25
right_child=4 2 -4 -5 15 -7 11 26 -10 -11 21 12 -14 14 -16 25 -18 18 -20 -21 -22 -23 -24 29 -26 -27 -28 -29 -30 -31
leaf_value=-3.4829639136493758e-05 0.00042859113081642901 0.0003436847947791723 0.00078302666300889825 0.00024592348688615449 -2.3738850967765091e-05 0 0 5.4125667772265836e-05 0 5.9406909640529188e-05 9.8747939131109367e-05 0 -6.8400593351244032e-06 0 0.0003873333762702797 -3.3484822537181555e-05 2.1534825958523839e-05 0 0 0 2.186159320343803e-05 0 0 -3.8520376346352849e-05 0 0 0 0 0.00010721738040105466 0
leaf_weight=677 66 60 51 65 951 58 88 82 74 80 167 72 169 53 54 3251 50 52 683 72 62 90 50 660 76 66 153 76 108 50
leaf_count=677 66 60 51 65 951 58 88 82 74 80 167 72 169 53 54 3251 50 52 683 72 62 90 50 660 76 66 153 76 108 50
internal_value=1.42968e-06 5.9415e-05 0.000320194 7.47592e-06 -9.87434e-06 0.000146304 2.80894e-05 9.46648e-05 0.00017389 0.000262092 -1.9744e-06 0 5.19865e-05 0.000135034 0.000236033 -2.30228e-05 0.000243811 -4.40454e-06 1.02359e-05 5.25927e-05 -1.69217e-05 3.55861e-05 4.93583e-05 -2.62164e-05 6.04127e-05 -3.19853e-05 0 7.63635e-05 8.08845e-05 -3.36733e-05
internal_weight=8266 1420 219 1201 6846 168 1663 455 220 146 1136 1208 348 179 107 5183 110 1866 915 232 860 459 369 798 319 3317 235 243 160 710
internal_count=8266 1420 219 1201 6846 168 1663 455 220 146 1136 1208 348 179 107 5183 110 1866 915 232 860 459 369 798 319 3317 235 243 160 710
is_linear=0
shrinkage=0.05


Tree=19
num_leaves=31
num_cat=0
split_feature=126 5 22 0 116 131 83 120 161 137 49 14 85 15 64 85 132 2 33 65 42 41 23 138 5 0 104 3 138 59
split_gain=0.00217442 0.00848957 0.00620457 0.00104735 0.000898222 0.000881551 0.000777901 0.000638737 0.00110676 0.000788859 0.000746337 0.00100944 0.000386006 0.000376445 0.000507648 0.000247943 0.000312355 0.000223585 0.000574519 0.000184037 0.000169648 0.000140466 0.000119037 0.000119014 0.000110775 8.0719e-05 6.38756e-05 0.000178781 5.8064e-05 5.71079e-05
threshold=21.500000000000004 14.220000000000001 4.5000000000000009 0.031750000000000007 272.62726220000008 111.69009300119471 19.650000000000002 270.18126675000008 0.052668052668052676 1.7650000000000003 972.85000000000002 0.023353200500000001 269.13455665000009 0.00028958333333333337 314.19999999999999 263.94213510000003 1.5000000000000002 0.0016532625000000003 -0.84691266162793533 33.95000000000001 1.175 33.500000000000007 17.958333333333339 14.245000000000003 1.6050000000000002 0.27175000000000005 21.350000000000009 0.0083583425000000027 6.1650000000000009 14.267350000000002
decision_type=2 2 2 2 8 2 2 8 2 2 2 2 2 2 2 2 2 2 2 2 2 2 2 2 2 2 2 2 2 2
left_child=1 3 6 19 5 7 -3 8 -2 12 11 -11 -10 -14 -15 16 -6 -5 -19 24 22 -17 -7 26 -1 -23 -9 -28 -22 -24
right_child=4 2 -4 17 15 20 -8 23 9 10 -12 -13 13 14 -16 21 -18 18 -20 -21 28 25 29 -25 -26 -27 27 -29 -30 -31
leaf_value=-3.7676704028251546e-05 0.0002489715255927713 0.00023801759362071344 0.00083835691640463973 1.463961438334868e-05 0.00010479931024388529 0 0 -9.138916817456368e-06 -4.0814034191080054e-05 0.00033033340795940826 0 0 0 0.00020995564273136323 0 0 -6.0696284626641318e-06 0.00024465920601869591 0 4.0349048617386988e-05 0 -3.5665823300935603e-05 -3.0495515227834628e-05 7.467082759527935e-05 0 0 0 9.4862310004112361e-05 4.8795655932406009e-05 0
leaf_weight=651 88 96 53 184 70 151 60 690 238 65 50 52 77 62 50 74 193 71 63 61 54 3051 1280 53 252 83 102 60 90 142
leaf_count=651 88 96 53 184 70 151 60 690 238 65 50 52 77 62 50 74 193 71 63 61 54 3051 1280 53 252 83 102 60 90 142
internal_value=1.5274e-06 5.66841e-05 0.000351816 4.43597e-06 -9.87982e-06 7.61083e-06 0.000150382 3.54619e-05 7.25026e-05 3.75812e-05 0.000129387 0.000199115 0 5.46228e-05 0.000115521 -2.79664e-05 4.78501e-06 8.59061e-05 0.000145894 -1.73188e-05 -1.52269e-05 -3.22102e-05 -2.18424e-05 1.98043e-06 -2.67857e-05 -3.42637e-05 0 2.50125e-05 2.22079e-05 -2.71449e-05
internal_weight=8266 1491 209 1282 6775 3304 156 1587 682 594 167 117 427 189 112 3471 263 318 134 964 1717 3208 1573 905 903 3134 852 162 144 1422
internal_count=8266 1491 209 1282 6775 3304 156 1587 682 594 167 117 427 189 112 3471 263 318 134 964 1717 3208 1573 905 903 3134 852 162 144 1422
is_linear=0
shrinkage=0.05


Tree=20
num_leaves=31
num_cat=0
split_feature=19 126 138 49 128 120 33 25 22 0 160 28 51 93 112 0 137 21 85 75 123 30 19 108 101 43 160 134 19 33
split_gain=0.00532405 0.00155909 0.00326808 0.00368025 0.000987961 0.00127623 0.00143887 0.00141609 0.000988471 0.00057916 0.000452924 0.000344079 0.000510468 0.000339668 0.000282345 0.000229687 0.000198287 0.000195539 0.000877175 0.00048692 0.000161383 0.000132709 0.000121291 0.000113496 0.000110601 0.000106004 9.39226e-05 9.1943e-05 3.58849e-05 5.26649e-05
threshold=0.017289999999999996 11.500000000000002 4.7550000000000008 977.25000000000011 9.5825325461623994 269.52135620000007 0.045833771595344359 17.500000000000004 8.5000000000000018 0.086200000000000013 0.15408163265306127 31.350000000000005 1.5000000000000002 267.25261390000009 277.03223560000009 0.029250000000000002 0.60500000000000009 0.36805555555555564 267.28518255 10.450000000000001 -0.5 -2.5899999999999994 -3.1428571428571688e-05 294.43697855000005 -5.5778654499999893 0.40750000000000003 0.21027445460943001 17.455000000000002 -0.00099428571428571426 -0.10711875536397387
decision_type=2 2 2 2 2 8 2 2 2 2 2 2 2 2 10 2 2 2 2 2 2 2 2 2 2 2 2 2 2 2
left_child=1 2 3 -1 5 6 7 8 -3 -5 25 23 -13 28 -15 -4 -9 18 19 -7 -16 -17 -19 24 -12 -6 -24 -23 -14 -30
right_child=-2 4 15 9 10 17 -8 16 -10 -11 11 12 13 14 20 21 -18 22 -20 -21 -22 27 26 -25 -26 -27 -28 -29 29 -31
leaf_value=0.00059353403915306919 0.0004995308425202017 0.00047377047055977261 -2.1090412932114114e-05 0 -2.9883080425604678e-05 0 0 0 5.6937151434145294e-05 0.00019588118731647867 0 -6.8818457102601813e-06 0 0 0.00024487501348630759 0 7.8792143748796666e-05 -2.6594881979633109e-05 -1.9127518690722702e-05 0.00019487913827800083 0 0.00012546610206430031 0 1.5956625691903201e-05 -2.8549099541215528e-05 0 5.5974787570691358e-05 0 0 5.5045066064637877e-05
leaf_weight=57 53 60 323 91 3198 56 237 52 62 53 124 330 170 55 63 57 99 634 188 96 57 62 221 100 908 648 74 57 50 85
leaf_count=57 53 60 323 91 3198 56 237 52 62 53 124 330 170 55 63 57 99 634 188 96 57 62 221 100 908 648 74 57 50 85
internal_value=4.49496e-06 6.56494e-07 7.25097e-05 0.000242265 -5.33845e-06 2.6203e-05 9.29273e-05 0.000170977 0.000304773 6.56032e-05 -1.58996e-05 1.44539e-06 2.8482e-05 6.31534e-05 0.000124507 0 2.86888e-05 0 3.17045e-05 0.00012697 0.00016847 4.92944e-05 -1.2533e-05 -1.34956e-05 -2.12024e-05 -2.59556e-05 7.8384e-07 7.96802e-05 1.13186e-05 3.0788e-05
internal_weight=8320 8267 700 201 7567 1779 510 273 122 144 5788 1942 810 480 175 499 151 1269 340 152 120 176 929 1132 1032 3846 295 119 305 135
internal_count=8320 8267 700 201 7567 1779 510 273 122 144 5788 1942 810 480 175 499 151 1269 340 152 120 176 929 1132 1032 3846 295 119 305 135
is_linear=0
shrinkage=0.05


Tree=21
num_leaves=31
num_cat=0
split_feature=2 126 0 69 41 134 85 33 63 9 82 2 86 91 68 140 74 33 3 69 124 33 69 117 93 41 19 128 19 100
split_gain=0.00481053 0.00143254 0.00223352 0.00201906 0.00115095 0.00090575 0.00165008 0.00188076 0.00237435 0.00215143 0.00173807 0.000298618 0.000347729 0.000275141 0.000235357 0.000248376 0.000245148 0.0001627 0.000172817 0.000166051 0.000151738 0.000124784 0.00014752 9.19715e-05 6.32019e-05 0.000113801 5.79503e-05 5.65676e-05 5.25544e-05 4.21417e-05
threshold=0.048280649000000009 58.500000000000007 0.13935000000000003 275.65425565000004 41.500000000000007 7.5650000000000004 272.2229327500001 0.034193102071511529 20.299050000000005 0.039166666666666676 26.09800000000001 0.00074144200000000014 9.5000000000000018 23.550000000000004 0.25000000000000006 73.360000000000014 22.921428571428574 -0.98604373256004085 0.051077488500000004 292.39654650000006 0.78656609248549303 0.78701117138188392 273.58171275000007 1.0000000180025095e-35 267.48557675000001 45.500000000000007 0.0010714285714285789 8.9916910153496676 -0.00045285714285714281 8.4000000000000359
decision_type=2 2 2 2 2 2 2 2 2 2 2 2 2 2 2 2 2 2 2 2 2 2 2 10 2 2 2 2 2 2
left_child=1 2 5 -4 13 6 7 8 9 -1 -11 17 21 -5 23 -16 -17 20 19 -19 -7 22 -13 27 -20 -26 -8 -3 -21 -29
right_child=-2 14 3 4 -6 11 26 -9 -10 10 -12 12 -14 -15 15 16 -18 18 24 28 -22 -23 -24 -25 25 -27 -28 29 -30 -31
leaf_value=0 0.00047501684018816045 0 0.00042726641055196529 3.5106004749758172e-06 0 0 -1.6260163566747007e-05 0 0 0.00065081901926239362 0.00012144349213187642 0 0 0.00029396475062314054 -4.1136337969404642e-06 0.00013516208717952234 0 -3.2882597757685697e-05 -2.9480238438000876e-06 -1.2615441099976442e-06 9.7789946073065112e-05 0 0.00012927890764736987 0 7.155075423259743e-05 0 2.272018946790494e-05 -2.8419534528761043e-05 3.551058160133799e-05 0
leaf_weight=51 53 200 61 58 135 106 381 159 74 61 60 54 285 52 646 66 54 1310 270 151 51 53 120 198 85 149 84 3132 103 58
leaf_count=51 53 200 61 58 135 106 381 159 74 61 60 54 285 52 646 66 54 1310 270 151 51 53 120 198 85 149 84 3132 103 58
internal_value=4.42437e-06 7.45561e-07 2.32703e-05 0.000154059 6.42498e-05 1.07495e-05 5.54075e-05 0.000129409 0.000215785 0.000317477 0.000432449 -1.63472e-06 3.03391e-05 0.000187273 -1.83503e-05 1.22264e-06 7.10685e-05 -1.12488e-05 -1.66053e-05 -2.53085e-05 2.73195e-05 7.67063e-05 9.72031e-05 -2.39213e-05 4.97943e-07 2.57463e-05 0 -2.59508e-05 0 -2.75676e-05
internal_weight=8320 8267 3913 306 245 3607 870 405 246 172 121 2737 512 110 4354 766 120 2225 2068 1564 157 227 174 3588 504 234 465 3390 254 3190
internal_count=8320 8267 3913 306 245 3607 870 405 246 172 121 2737 512 110 4354 766 120 2225 2068 1564 157 227 174 3588 504 234 465 3390 254 3190
is_linear=0
shrinkage=0.05


Tree=22
num_leaves=31
num_cat=0
split_feature=2 126 138 49 128 50 25 120 81 22 61 0 36 35 96 98 0 19 103 112 21 101 30 81 133 53 134 116 136 134
split_gain=0.00434655 0.00131799 0.00282744 0.0032507 0.000842447 0.00141897 0.00100542 0.00110351 0.000717824 0.000467702 0.000394255 0.000688636 0.000314111 0.000249346 0.000189318 0.000247189 0.000181389 0.000173993 0.000366435 0.000197777 0.000283241 0.000166692 0.000123083 0.000120571 0.000104781 0.000133315 8.44144e-05 0.000113419 0.000133655 7.66859e-05
threshold=0.048280649000000009 11.500000000000002 4.7550000000000008 977.25000000000011 9.5825325461623994 1005.9500000000002 17.500000000000004 269.3636350000001 37.650000000000013 5.5000000000000009 318.30000000000007 0.054200000000000005 267.41542085000003 293.32950800000009 40.837500000000013 0.14999999999999861 0.029250000000000002 0.00037571428571428538 2601.9500000000003 268.11096870000006 0.39583333333333343 -3.8549074999999955 -2.5899999999999994 32.350000000000001 23.330000000000002 173.50000000000003 8.6650000000000009 267.72072040000006 0.66500000000000015 17.455000000000002
decision_type=2 2 2 2 2 2 2 10 2 2 2 2 2 2 2 2 2 2 2 8 2 2 2 2 2 2 2 10 2 2
left_child=1 2 3 -1 5 6 7 8 -3 -5 11 -6 -13 21 -8 -16 -4 19 -19 20 -7 26 -18 -9 -15 -26 27 -12 -29 -24
right_child=-2 4 16 9 10 17 14 23 -10 -11 13 12 -14 24 15 -17 22 18 -20 -21 -22 -23 29 -25 25 -27 -28 28 -30 -31
leaf_value=0.00055503460793888428 0.00045170585064355429 2.2132669272932929e-05 -1.9147716707680273e-05 0.00015980897328546462 -3.9440334207596559e-06 0.00010928734203122394 -4.3482903397463861e-06 6.6307654998094094e-05 0.0003827523166896581 0 0 0.00016734263433494507 0 0 0.00014646621662655425 0 0 0.00010024339423931419 0 -2.9151534781586913e-05 0 -2.718577421347838e-05 0.00011506419549515981 0 0 8.715455983525148e-05 -1.1702457848719482e-05 0.00010063397541267073 0 0
leaf_weight=57 53 57 323 63 358 62 178 82 78 81 105 98 71 214 50 55 57 113 106 776 161 3928 62 61 77 85 726 71 55 57
leaf_count=57 53 57 323 63 358 62 178 82 78 81 105 98 71 214 50 55 57 113 106 776 161 3928 62 61 77 85 726 71 55 57
internal_value=4.3471e-06 8.20042e-07 6.69018e-05 0.000224779 -4.64033e-06 2.44253e-05 9.05171e-05 0.000159659 0.000268538 5.66437e-05 -1.44403e-05 2.26582e-05 0.000108114 -1.91103e-05 4.6677e-06 6.70186e-05 0 -1.9636e-06 3.22962e-05 -1.44988e-05 1.40713e-05 -2.25614e-05 4.3484e-05 2.0999e-05 1.24047e-05 4.43053e-05 0 2.19202e-05 5.5771e-05 7.31659e-05
internal_weight=8320 8267 700 201 7567 1779 561 278 135 144 5788 527 169 5261 283 105 499 1218 219 999 223 4885 176 143 376 162 957 231 126 119
internal_count=8320 8267 700 201 7567 1779 561 278 135 144 5788 527 169 5261 283 105 499 1218 219 999 223 4885 176 143 376 162 957 231 126 119
is_linear=0
shrinkage=0.05


end of trees

feature_importances:
hours_since_obs=44
last_osi=35
last_N_t=25
t2m_at_t48h=18
log_customers=18
min_t2m_next_48h=17
wind_sin_t=16
temp_change_6h=16
mslma_t=15
last_outage_pct=13
last_P_t=12
min_t2m_next_24h=12
t2m_at_t1h=12
pop_density=12
total_tp_next_24h=11
cumul_gust_since_onset=11
pct_developed=11
pct_unmapped=11
frac_zero_72h=10
gust_x_hso=10
pct_forest=10
last_D_t=9
osi_trend_last6h=9
hours_since_peak=9
gust_trend_last6h_obs=9
t2m_at_t6h=9
r2_t=8
soil_moist_x_gust=8
gust_mean_next_6h=8
wind_speed_max_next_6h=8
gust_max_next_24h=8
pressure_change_6h=8
cumul_tp_since_onset=8
sp_t=7
min_t2m_next_1h=7
gust_max_next_6h=7
total_tp_next_48h=7
pressure_change_3h=7
t2m_at_t24h=7
rural_urban_code=7
t2m_t=6
min_t2m_next_6h=6
gust_peak4h_mean_next_48h=6
pct_water=6
pct_wetland=6
tree_canopy_pct=6
forest_x_customers=6
N_t_mean_72h=5
soil_moist_t=5
blh_t=5
total_tp_next_6h=5
gust_gt30_next_24h=5
gust_change_3h=5
gust_at_t48h=5
wind_cos_t=4
sdswrf_t=4
gust_mean_next_48h=4
wind_speed_at_t48h=4
tree_canopy_std=4
gust_gt30_frac_next_48h=4
osi_mean_72h=3
wind_speed_t=3
gust_x_phase=3
gust_mean_next_24h=3
wind_speed_max_next_24h=3
gust_peak4h_mean_next_24h=3
wind_speed_max_next_48h=3
wind_speed_at_t6h=3
gust_at_t24h=3
tp_at_t24h=3
hour_sin=3
n_utilities=3
tp_rate_next_48h=3
osi_std_72h=2
N_t_max_72h=2
R_t_mean_72h=2
R_t_max_72h=2
gust_gt30_obs=2
gust_last_obs=2
gust_t=2
d2m_t=2
csnow_t=2
direct_rad_t=2
dewpoint_c_t=2
gust_max_next_1h=2
gust_mean_next_1h=2
total_tp_next_1h=2
gust_peak4h_mean_next_6h=2
gust_gt30_next_48h=2
gust_gt30_since_onset=2
wind_speed_at_t24h=2
hour_cos=2
pct_agriculture=2
pct_forest_classified=2
tp_rate_next_1h=2
last_R_t=1
outage_pct_mean_72h=1
outage_pct_max_72h=1
pre_event_mean_osi=1
gust_mean_obs=1
gust_max_obs=1
cumul_gust_obs=1
gust_max_last6h_obs=1
vpd_t=1
tcc_t=1
diffuse_rad_t=1
gust_exceed_30=1
soil_gust_x_phase=1
gust_exceed30_x_hso=1
gust_gt30_next_6h=1
gust_change_1h=1
tp_rate_next_6h=1

parameters:
[boosting: gbdt]
[objective: regression]
[metric: custom]
[tree_learner: serial]
[device_type: cpu]
[data_sample_strategy: bagging]
[data: ]
[valid: ]
[num_iterations: 2000]
[learning_rate: 0.05]
[num_leaves: 31]
[num_threads: 1]
[seed: 42]
[deterministic: 1]
[force_col_wise: 1]
[force_row_wise: 0]
[histogram_pool_size: -1]
[max_depth: -1]
[min_data_in_leaf: 50]
[min_sum_hessian_in_leaf: 0.001]
[bagging_fraction: 0.8]
[pos_bagging_fraction: 1]
[neg_bagging_fraction: 1]
[bagging_freq: 5]
[bagging_seed: 42]
[bagging_by_query: 0]
[feature_fraction: 0.8]
[feature_fraction_bynode: 1]
[feature_fraction_seed: 42]
[extra_trees: 0]
[extra_seed: 12879]
[early_stopping_round: 0]
[early_stopping_min_delta: 0]
[first_metric_only: 0]
[max_delta_step: 0]
[lambda_l1: 0.1]
[lambda_l2: 1]
[linear_lambda: 0]
[min_gain_to_split: 0]
[drop_rate: 0.1]
[max_drop: 50]
[skip_drop: 0.5]
[xgboost_dart_mode: 0]
[uniform_drop: 0]
[drop_seed: 42]
[top_rate: 0.2]
[other_rate: 0.1]
[min_data_per_group: 100]
[max_cat_threshold: 32]
[cat_l2: 10]
[cat_smooth: 10]
[max_cat_to_onehot: 4]
[top_k: 20]
[monotone_constraints: ]
[monotone_constraints_method: basic]
[monotone_penalty: 0]
[feature_contri: ]
[forcedsplits_filename: ]
[refit_decay_rate: 0.9]
[cegb_tradeoff: 1]
[cegb_penalty_split: 0]
[cegb_penalty_feature_lazy: ]
[cegb_penalty_feature_coupled: ]
[path_smooth: 0]
[interaction_constraints: ]
[verbosity: -1]
[saved_feature_importance_type: 0]
[use_quantized_grad: 0]
[num_grad_quant_bins: 4]
[quant_train_renew_leaf: 0]
[stochastic_rounding: 1]
[linear_tree: 0]
[max_bin: 255]
[max_bin_by_feature: ]
[min_data_in_bin: 3]
[bin_construct_sample_cnt: 200000]
[data_random_seed: 42]
[is_enable_sparse: 1]
[enable_bundle: 1]
[use_missing: 1]
[zero_as_missing: 0]
[feature_pre_filter: 1]
[pre_partition: 0]
[two_round: 0]
[header: 0]
[label_column: ]
[weight_column: ]
[group_column: ]
[ignore_column: ]
[categorical_feature: ]
[forcedbins_filename: ]
[precise_float_parser: 0]
[parser_config_file: ]
[objective_seed: 16083]
[num_class: 1]
[is_unbalance: 0]
[scale_pos_weight: 1]
[sigmoid: 1]
[boost_from_average: 1]
[reg_sqrt: 0]
[alpha: 0.9]
[fair_c: 1]
[poisson_max_delta_step: 0.7]
[tweedie_variance_power: 1.5]
[lambdarank_truncation_level: 30]
[lambdarank_norm: 1]
[label_gain: ]
[lambdarank_position_bias_regularization: 0]
[eval_at: ]
[multi_error_top_k: 1]
[auc_mu_weights: ]
[num_machines: 1]
[local_listen_port: 12400]
[time_out: 120]
[machine_list_filename: ]
[machines: ]
[gpu_platform_id: -1]
[gpu_device_id: -1]
[gpu_device_id_list: ]
[gpu_use_dp: 0]
[num_gpu: 1]

end of parameters

pandas_categorical:[]
