tree
version=v4
num_class=1
num_tree_per_iteration=1
label_index=0
max_feature_idx=189
objective=gamma
feature_names=last_osi last_P_t last_N_t last_D_t last_R_t last_outage_pct osi_mean_72h osi_max_72h osi_std_72h outage_pct_mean_72h outage_pct_max_72h N_t_mean_72h N_t_max_72h R_t_mean_72h R_t_max_72h pre_event_mean_osi pre_event_max_outage_pct storm_onset_max_osi storm_onset_mean_osi osi_trend_last6h is_worsening frac_zero_72h hours_since_peak gust_mean_obs gust_max_obs gust_gt30_obs gust_gt40_obs cumul_gust_obs gust_last_obs gust_max_last6h_obs gust_trend_last6h_obs gust_t wind_speed_t wind_sin_t wind_cos_t t2m_t d2m_t tp_t rain_t csnow_t sdwe_t r2_t vpd_t soil_moist_t blh_t tcc_t lcc_t mcc_t hcc_t sp_t mslma_t sdswrf_t direct_rad_t diffuse_rad_t et0_t temp_c_t dewpoint_c_t icing_risk_t gust_exceed_30 soil_moist_x_gust is_snowing gust_x_hso gust_x_phase soil_gust_x_phase gust_exceed30_x_hso gust_max_next_1h gust_mean_next_1h wind_speed_max_next_1h total_tp_next_1h min_t2m_next_1h gust_gt30_next_1h gust_gt40_next_1h gust_peak4h_mean_next_1h gust_max_next_6h gust_mean_next_6h wind_speed_max_next_6h total_tp_next_6h min_t2m_next_6h gust_gt30_next_6h gust_gt40_next_6h gust_peak4h_mean_next_6h gust_max_next_24h gust_mean_next_24h wind_speed_max_next_24h total_tp_next_24h min_t2m_next_24h gust_gt30_next_24h gust_gt40_next_24h gust_peak4h_mean_next_24h gust_max_next_48h gust_mean_next_48h wind_speed_max_next_48h total_tp_next_48h min_t2m_next_48h gust_gt30_next_48h gust_gt40_next_48h gust_peak4h_mean_next_48h gust_change_1h gust_change_3h pressure_change_3h pressure_change_6h temp_change_6h wind_change_1h cumul_gust_since_onset cumul_tp_since_onset gust_gt30_since_onset gust_at_t1h wind_speed_at_t1h t2m_at_t1h tp_at_t1h gust_at_t6h wind_speed_at_t6h t2m_at_t6h tp_at_t6h gust_at_t24h wind_speed_at_t24h t2m_at_t24h tp_at_t24h gust_at_t48h wind_speed_at_t48h t2m_at_t48h tp_at_t48h hour_of_day hour_sin hour_cos days_since_onset hours_since_obs storm_phase log_customers rural_urban_code is_metro pop_density n_utilities pct_forest pct_developed pct_agriculture pct_water pct_wetland pct_unmapped pct_forest_classified tree_canopy_pct tree_canopy_std forest_x_customers window_len_next_1h is_full_next_1h tp_rate_next_1h gust_gt30_frac_next_1h has_weather_at_t1h window_len_next_6h is_full_next_6h tp_rate_next_6h gust_gt30_frac_next_6h has_weather_at_t6h window_len_next_24h is_full_next_24h tp_rate_next_24h gust_gt30_frac_next_24h has_weather_at_t24h window_len_next_48h is_full_next_48h tp_rate_next_48h gust_gt30_frac_next_48h has_weather_at_t48h N_nonzero_frac_obs R_nonzero_frac_obs P_mean_last24_obs D_mean_last24_obs N_mean_last24_obs R_mean_last24_obs flow_balance_last24_obs restoration_ratio_obs P_D_gap_last_obs hours_since_P_peak_obs hours_since_N_peak_obs hours_since_R_peak_obs first_material_N_hour_obs first_material_R_hour_obs P_trend_last24_obs D_trend_last24_obs P_post_peak_slope_obs P_active_frac_obs has_material_P_obs has_material_N_obs has_material_R_obs gust_excess30_sum_obs N_per_gust_excess_obs P_change_per_gust_excess_obs gust_to_N_best_corr_obs gust_to_N_best_lag_obs gust_at_first_material_N_obs
feature_infos=[0:0.55230000000000001] [0:0.82424180700000005] [0:0.065400654000000003] [0:0.90465771100000003] [0:0.058582058999999999] [0:82.420000000000002] [4.1666666666666669e-06:0.26529999999999998] [0.0001:0.65049999999999997] [1.9982631347136334e-05:0.22470370552747407] [0.00083333333333333328:39.644861111111112] [0.02:100] [3.1208333333333337e-06:0.018623942125000001] [7.4900000000000005e-05:0.37916412199999999] [3.1208333333333337e-06:0.017093115180555556] [7.4900000000000005e-05:0.18675781699999999] [0:0.38653749999999998] [0:100] [0:0.59799999999999998] [0:0.20940416666666664] [-0.055854285714285697:0.019237142857142855] [0:1] [0:0.95833333333333337] [0:71] [13.03611111111111:31.258333333333326] [29.100000000000001:70] [0:35] [0:17] [938.59999999999991:2250.5999999999995] [3.8999999999999999:47.5] [15.4:64.5] [-6.477142857142856:3.3114285714285714] [0.80000000000000004:57.700000000000003] [0:36.600000000000001] [-0.99999999953664132:0.99999999987412524] [-0.99999999369183823:0.99876820410701517] [262.52648149999999:298.2982313] [257.71271739999997:289.62757579999999] [0:9.0999999999999996] [0:9.0999999999999996] [0:2.3100000000000001] [0:0.089999999999999997] [17:100] [0:2.5] [0.16700000000000001:0.52100000000000002] [15:3015] [0:100] [0:100] [0:100] [0:100] [885.39999999999998:1027] [986.79999999999995:1031.8] [0:840] [0:731] [0:428] [0:0.59999999999999998] [-10.623518499999989:25.14823130000002] [-15.437282600000003:16.477575800000011] [0:1] [0:27.700000000000003] [0.25680000000000003:22.584399999999999] [0:1] [0.80000000000000004:3394.5] [0:102.2] [0:41.839199999999998] [0:1237.3999999999999] [1.2:57.700000000000003] [0.89999999999999991:54.5] [0.29999999999999999:36.600000000000001] [0:14.699999999999999] [262.26215280000002:298.19585030000002] [0:2] [0:2] [0.89999999999999991:54.5] [5.4000000000000004:57.799999999999997] [3.657142857142857:47.614285714285714] [0.40000000000000002:36.600000000000001] [0:25.200000000000003] [261.05202270000001:296.40927479999999] [0:7] [0:7] [4.3499999999999996:52.550000000000004] [12.800000000000001:58.299999999999997] [8.4559999999999995:42.796000000000006] [6:38] [0:34.299999999999997] [259.42265909999998:286.57337899999999] [0:25] [0:19] [12.450000000000001:52.550000000000004] [12.800000000000001:58.299999999999997] [8.5285714285714285:37.651020408163269] [6.0999999999999996:38] [0:37.399999999999999] [259.42265909999998:282.77648069999998] [0:40] [0:22] [12.625:52.550000000000004] [-19.800000000000001:26.299999999999997] [-27.399999999999999:33.299999999999997] [-6.1999999999999318:10.599999999999909] [-10.699999999999932:14.599999999999909] [-20.027499999999975:21.091773399999965] [-15.1:20.799999999999997] [361:3614.6999999999998] [0:39.20000000000001] [0:61] [0.59999999999999998:57.700000000000003] [0:36.600000000000001] [262.26215280000002:298.4303941] [0:9.0999999999999996] [2.2000000000000002:57.799999999999997] [0:36.399999999999999] [261.05202270000001:298.36374050000001] [0:10.6] [2.1000000000000001:57.799999999999997] [0:38] [260.0631818:298.36374050000001] [0:11.300000000000001] [1.3:51.100000000000001] [0:33.799999999999997] [261.7510092:296.58327589999999] [0:11.300000000000001] [0:23] [-1:1] [-1:1] [1:4] [1:96] [0:2] [7.1180162044653335:13.453719692845613] [1:9] [0:1] [8.3691524328166658:11939.655837338518] [1:11] [0.96999999999999997:88.719999999999999] [2.21:86.629999999999995] [0.080000000000000002:87.469999999999999] [0.01:5.5099999999999998] [0:16.82] [1.8899999999999999:17.02] [0.98868616858628067:95.299005138296707] [2.2000000000000002:81.680000000000007] [12.65:40.350000000000001] [8.0679963363985543:931.73249595386176] none none [0:7.3499999999999996] [0:1] none none none [0:3.6000000000000005] [0:1] none none none [0:1.3719999999999999] [0:1] none none none [0:0.76326530612244892] [0:0.81632653061224492] none [0.041666666666666664:0.80555555555555558] [0.041666666666666664:0.90277777777777779] [0:0.33157778683333333] [0:0.2415728110416667] [0:0.05185222787499999] [0:0.036813731041666665] [-2.7300916666667119e-05:0.03421760770833332] [0.013031417634099374:6.5416667824977583] [-0.14113178900000001:0.088746481000000002] [0:71] [0:71] [0:70] [0:68] [0:71] [-0.00035191936000000026:0.052080195401739138] [-0.0001288437365217392:0.043438201510000003] [-0.12208507408333331:0.00066816548250572968] [0:0.98611111111111116] [0:1] [0:1] [0:1] [0:446.30000000000001] [1.2346153846153842e-05:0.021449622666666654] [-0.0026323566314935061:0.0032034721433531746] [-0.25886629144625328:0.74936202470774849] [0:3] [3.2000000000000002:60.600000000000001]
tree_sizes=3347 3430 3434 3433 3447 3422 3443 3452 3442 3457 3456 3463 3433 3405 3461 3430 3449 3448

Tree=0
num_leaves=31
num_cat=0
split_feature=103 140 128 93 133 160 16 90 129 2 54 186 185 180 61 188 14 2 19 164 113 104 175 119 76 81 59 24 138 67
split_gain=5874.14 2241.99 1888.93 2280.4 1964.18 1716.33 1486.39 1280.35 1008.13 919.356 884.696 827.289 809.61 784.436 771.091 729.446 703.257 665.4 483.012 482.475 1016.28 1107.87 457.741 388.214 616.27 355.377 340.337 308.964 303.443 412.842
threshold=2128.1000000000004 16.365000000000006 9.5871465020954059 266.81298430000004 26.470000000000002 0.25816326530612249 0.62500000000000011 12.566326530612248 3.5000000000000004 0.00034829900000000005 0.055000000000000007 -4.321685543550243e-05 0.0016502144781547874 0.062500000000000014 248.65000000000003 1.5000000000000002 0.032327929500000005 1.1650000000000002e-05 -0.00045999999999999963 0.63194444444444453 0.25000000000000006 22.050000000000008 65.500000000000014 6.7500000000000009 0.15000000000000005 44.250000000000007 8.256000000000002 60.000000000000007 7.5700000000000012 9.1500000000000004
decision_type=2 2 2 2 2 2 2 2 2 2 2 10 10 2 2 2 2 2 2 2 2 2 8 2 2 2 2 2 2 2
left_child=2 7 -1 4 5 12 8 -2 9 -3 18 -6 17 14 -5 23 -17 26 -9 -8 21 -21 -10 24 -13 -15 -4 -12 -27 -30
right_child=1 6 3 13 11 -7 19 10 22 -11 27 15 -14 25 -16 16 -18 -19 -20 20 -22 -23 -24 -25 -26 28 -28 -29 29 -31
leaf_value=-6.6899733516494422 -6.8239235517451693 -8.0154977211642873 -6.9761777510648599 -6.7929397240959704 -6.7323312595469158 -6.9225498275756054 -6.791418324385357 -8.2887441027632818 -7.1967825614133876 -7.0058804158637438 -7.60443932436882 -6.8458875066845417 -6.939765499111302 -6.7182857774988287 -7.2411621611430173 -7.6598750885284588 -6.8676130560580217 -8.3867580754388893 -7.1988320954967504 -7.7338672866326927 -6.779448540339013 -6.7767427111160652 -6.7883771434449534 -6.8203729921836826 -7.3625676982031409 -6.7566092379951677 -7.6773047087511159 -7.1369557041672405 -6.8054756403111432 -7.1604280410985988
leaf_weight=3788.3934228047729 12.556157125916796 4.8811342024710012 3.9322327887639421 31.076380537590012 123.78555108886212 25.434959734033328 166.25992230186239 3.6389293957618065 13.120330084115269 4.8441608790308237 5.1683344243792844 16.04105729516596 4.4181558887939891 2012.7699985937215 13.161424425139556 5.2271643331041542 5.913622111082077 3.1401923642260945 2.8895888663828364 6.6310497391968948 20.573817193508148 5.2214776501059532 14.133440522477029 84.503796159056947 8.637444884516297 157.54747311212122 4.6211935831233859 21.085162012139335 29.172337230935227 10.7880381566938
leaf_count=1280 40 157 29 76 147 131 395 149 147 38 114 58 28 1820 160 122 26 141 40 161 45 12 34 251 132 264 112 204 79 114
internal_value=-6.72229 -6.94557 -6.71234 -6.74569 -6.87853 -7.19238 -6.8822 -7.26427 -7.16926 -7.58633 -7.4248 -6.82339 -7.58151 -6.7288 -6.93491 -6.91618 -7.28629 -7.78741 -7.93427 -6.82679 -7.00051 -7.34959 -6.99497 -6.8736 -7.04478 -6.72458 -7.41574 -7.25813 -6.78841 -6.90976
internal_weight=6609.57 281.004 6328.56 2540.17 285.655 41.5467 235.665 45.3382 36.9791 9.7253 32.782 244.109 16.1118 2254.52 44.2378 120.323 11.1408 11.6936 6.52852 198.686 32.4263 11.8525 27.2538 109.182 24.6785 2210.28 8.55343 26.2535 197.508 39.9604
internal_count=6506 1536 4970 3690 1177 441 989 547 376 195 507 736 310 2513 236 589 148 282 189 613 218 173 181 441 190 2277 141 318 457 193
is_linear=0
shrinkage=1


Tree=1
num_leaves=31
num_cat=0
split_feature=85 134 128 63 15 186 131 85 92 53 131 187 136 81 84 88 113 168 54 136 173 186 43 50 22 19 189 140 108 133
split_gain=4128.15 1710.22 1602.8 1545.74 829.818 646.396 642.276 1015.33 543.266 472.973 533.596 1076.69 449.241 426.35 405.546 348.073 302.873 276.307 287.484 270.177 251.756 249.544 249.492 245.222 234.579 231.213 211.973 184.889 182.025 163.141
threshold=267.45843825000003 7.3800000000000017 9.5871465020954059 9.0844000000000023 0.00017187500000000002 0.00035849205067117301 407.19002995464729 270.47817345000004 11.850000000000003 126.50000000000001 353.17057882342073 0.42372613849888735 0.32500000000000007 44.750000000000007 1.6500000000000006 24.462500000000002 1.0000000180025095e-35 0.00066300750000000013 0.17500000000000002 0.17500000000000002 4.5000000000000009 0.0010547538249195967 0.32650000000000007 1026.7500000000002 5.5000000000000009 0.0027085714285714243 29.250000000000004 43.875000000000007 291.84825210000002 24.840000000000007
decision_type=2 2 2 2 2 8 2 2 2 2 2 2 2 2 2 2 2 2 2 2 10 10 2 2 2 2 8 2 2 2
left_child=1 19 -2 13 8 9 17 12 -5 10 -3 -12 -8 20 -15 -7 -11 -6 25 26 22 -17 23 -4 -16 -19 -1 -23 -26 -22
right_child=2 5 3 4 6 15 7 -9 -10 16 11 -13 -14 14 24 21 -18 18 -20 -21 29 27 -24 -25 28 -27 -28 -29 -30 -31
leaf_value=-0.076662245591091457 0.033524825522760725 -0.33873556105100427 -0.37510561440793211 -0.22747067443282651 -0.032367347901990647 -0.38947381622760646 -0.22017437915584753 -0.14693191977209111 -0.76431836083410576 -0.32588179420120444 -0.12881103240919564 -1.1924586509153321 -1.1084447254687502 -0.050702771896522975 -0.058312484998722686 -0.079755021707269849 -0.1158657688423894 -0.58699247879741889 -0.10220366231427909 -0.02058376777954693 -0.024756495866291035 -0.11113397988188414 -0.031857587761841583 -0.050576697216700967 -0.54442378620155096 -0.13760849390054658 -0.30318714294363214 -0.39271949691067176 -0.1352069366853372 0.013230029204644392
leaf_weight=32.90907821431756 3616.867613710463 34.229604247026145 10.279549897997642 15.199910152237864 138.55772862257436 12.982630458660422 2.8678723550401655 24.110200435854495 6.91459499526536 39.690983730950393 4.2849088441580516 5.2738506289897487 3.9592353214975446 153.36516515817493 8.1863831658847648 87.204678737092763 32.732095792889595 5.428647324908523 51.5283024427481 201.52531801420264 343.38478775729891 12.622204295359554 163.24867084645666 12.870012097060679 7.9077861795667541 6.7022098889574409 14.841460017487405 12.08955231704749 5.182273855432868 1575.1502888221294
leaf_count=85 1191 273 95 89 229 122 20 98 128 305 18 155 114 310 19 228 111 81 159 285 514 43 268 27 105 28 111 115 22 1158
internal_value=0.0010236 -0.138436 0.0121622 -0.0183185 -0.134747 -0.233115 -0.105859 -0.314621 -0.421349 -0.318095 -0.448902 -0.773487 -0.811749 -0.00522511 -0.080066 -0.152106 -0.233903 -0.0725046 -0.157937 -0.0462738 0.00101697 -0.121321 -0.0542966 -0.204456 -0.27972 -0.36848 -0.151946 -0.259003 -0.403866 0.00641913
internal_weight=6642.1 490.386 6151.71 2534.84 255.269 241.111 233.154 30.9373 22.1145 116.211 43.7884 9.55876 6.82711 2279.57 174.642 124.899 72.4231 202.217 63.6592 249.276 2104.93 111.916 186.398 23.1496 21.2764 12.1309 47.7505 24.7118 13.0901 1918.54
internal_count=6506 1851 4655 3464 946 1370 729 232 217 862 446 173 134 2518 456 508 416 497 268 481 2062 386 390 122 146 109 196 158 127 1672
is_linear=0
shrinkage=0.05


Tree=2
num_leaves=31
num_cat=0
split_feature=103 134 36 15 82 134 14 120 101 134 140 82 88 138 176 7 108 104 166 21 23 105 83 25 105 73 187 133 171 100
split_gain=3079.37 1081.43 1637.11 600.472 811.157 551.901 491.289 540.019 402.626 362.857 353.738 352.141 349.592 319.557 404.749 351.111 288.696 305.001 254.207 242.154 251.995 283.121 279.91 227.707 225.136 205.689 199.101 196.06 187.608 167.297
threshold=2104.3500000000004 10.465000000000002 281.06354715000003 0.00025312500000000004 25.212000000000003 16.560000000000006 0.010025738000000001 269.26212620000007 -2.6533646000000028 6.4400000000000004 6.7950000000000008 19.282000000000007 45.112500000000004 9.6350000000000033 15.500000000000002 0.004850000000000001 267.34284695000002 21.450000000000006 0.069908437083333344 0.49305555555555564 22.511111111111116 6.5000000000000009 14.050000000000002 20.500000000000004 18.500000000000004 39.050000000000004 0.46813596692115883 86.075000000000017 0.0016996420000000006 4.4500000000000464
decision_type=2 2 2 2 2 2 2 2 2 2 2 2 2 2 10 2 2 2 2 2 2 2 2 2 2 2 2 2 2 2
left_child=1 9 3 4 8 10 7 -4 -3 19 -2 -5 24 -13 15 -15 17 18 -12 -1 21 -21 -23 -10 -11 -6 28 -18 -26 -7
right_child=5 2 6 11 25 29 -8 -9 23 12 16 13 -14 14 -16 -17 27 -19 -20 20 -22 22 -24 -25 26 -27 -28 -29 -30 -31
leaf_value=0.037973037623671595 -0.28670212353661251 -0.010009919205486802 -0.97112143205178558 0.016916118068101935 -0.53314673120135858 -0.3609307997847 -0.18436627612960474 -0.32033960356249036 -0.25910257086836752 0.013392478757498917 -0.49067971724439918 -0.024045679480576881 -0.11270166794788342 -0.052781839002163822 -0.056782218311302118 -0.50140027142336785 -0.091252345388849007 -0.073953147116856452 -0.10653692912038192 -0.01662145865235071 0.013530119975612176 -0.064813396316349456 -0.42480873811520514 -0.043628716722344266 -0.28515770773534033 -0.17534861819071296 -0.022573159181847432 0.0095320354603547052 -0.017590433095215675 -0.18489991344200712
leaf_weight=2456.3952285628766 23.487520074471831 107.23210750473663 4.4303042034152922 645.99178785516415 11.423974304925652 25.634654774330556 25.859666420146823 12.217597967595792 32.144337769714184 2027.4082960383967 11.752466550096871 323.73197895102203 59.509521193802357 7.2212967346422401 39.22205248195678 11.232493074727243 269.04861332871951 20.338707868941128 7.5922217387706032 36.450395395979285 210.27022981457412 11.585639331489803 9.9412477128207666 20.307565272785723 14.79853269015439 8.0748282507993263 113.98741498589516 58.429725207388401 11.501769714057444 37.505761258653365
leaf_count=590 164 129 110 427 144 218 125 97 204 1484 137 480 196 16 85 134 762 52 26 49 153 28 103 39 105 40 166 47 16 180
internal_value=0.00111654 0.0103261 -0.0312302 -0.020343 -0.104537 -0.124465 -0.332577 -0.539022 -0.0660352 0.0208138 -0.101781 -0.00556692 0.00583666 -0.0436043 -0.15102 -0.337842 -0.0891915 -0.215342 -0.352808 0.033048 -0.0120061 -0.103364 -0.242761 -0.178149 0.00914365 -0.401002 -0.0518843 -0.0732806 -0.173258 -0.260958
internal_weight=6654.73 6200.94 1249.09 1206.58 179.183 453.79 42.5076 16.6479 159.684 4951.85 390.649 1027.4 2227.21 381.408 57.6758 18.4538 367.162 39.6834 19.3447 2724.64 268.248 57.9773 21.5269 52.4519 2167.7 19.4988 140.288 327.478 26.3003 63.1404
internal_count=6506 4920 2030 1698 556 1586 332 207 372 2890 1188 1142 1967 715 235 150 1024 215 163 923 333 180 131 243 1771 184 287 809 121 398
is_linear=0
shrinkage=0.05


Tree=3
num_leaves=31
num_cat=0
split_feature=85 128 93 131 180 131 186 30 118 81 28 30 93 18 113 29 44 132 172 73 132 29 172 23 175 99 91 91 69 107
split_gain=2663.48 1391.28 1024.84 698.658 351.04 314.464 307.868 284.999 222.036 220.757 217.571 190.933 181.175 165.281 164.907 162.79 161.574 156.015 145.196 422.143 147.666 143.188 148.605 141.578 141.343 135.61 134.051 264.773 118.071 117.566
threshold=267.45843825000003 9.5871465020954059 266.81298430000004 86.399070695009968 0.062500000000000014 257.1604598582673 2.0666096243860089e-05 -2.355714285714285 8.8500000000000032 44.250000000000007 26.650000000000002 -1.6485714285714284 264.92575245000006 0.063537500000000011 1.6500000000000001 44.100000000000009 1362.5000000000002 2.5000000000000004 7.5000000000000009 20.050000000000004 7.5000000000000009 45.500000000000007 45.000000000000007 21.588888888888892 59.500000000000007 -2.5500000000000109 18.050000000000004 20.650000000000002 268.31946215000005 7.0500000000000007
decision_type=2 2 2 2 2 2 8 2 2 2 2 2 2 2 2 2 2 2 10 2 2 2 8 2 8 2 2 2 2 2
left_child=3 21 5 7 17 10 24 -1 -8 13 -3 -9 -12 25 26 16 -7 -4 -11 -20 -21 22 -2 -13 -5 -6 -10 -28 -25 -24
right_child=1 2 4 6 9 15 8 11 14 18 12 23 -14 -15 -16 -17 -18 -19 19 20 -22 -23 29 28 -26 -27 27 -29 -30 -31
leaf_value=0.0054288362101483139 0.038348683825844908 -0.034726314869642762 -0.18618200611201019 -0.3544717155355232 -0.077770776000621447 -0.19786832358177547 -0.24124439280024379 -0.21900670565148045 -0.085953462323154969 -0.021305828355360549 -0.28962286319327402 -0.014041242424662558 -0.10136419346814232 0.036048160277643168 0.0030249694480607441 -0.10705990582054221 -0.45650919704117987 -0.041515274751033206 -0.037403451480077662 -0.4904196715678304 -0.16326487299304271 -0.012087263287500113 0.018285455129852277 -0.22081565951881688 -0.14440132121591454 0.0003651697373664577 -0.33053683073820356 -0.12398022145383825 -0.076916722772113144 -0.055574479768164146
leaf_weight=149.43358730711043 2921.8457475621253 135.26226965570822 34.968023756053299 24.576572111807764 56.485758820781484 26.010308899451047 38.46857102913782 23.330248532816768 104.14627410075627 165.81665741000324 14.88526740670204 69.969891593791544 81.218916958197951 336.23150952998549 27.845111582661048 28.256352701224387 8.7629026863723976 40.468487205449492 53.288473898544908 6.8550064130686215 9.0579151175916177 170.45223465003073 243.52502628229558 18.182790288701653 14.920673746615646 1629.0045644174097 19.615612855646759 75.129343204200268 65.539694933220744 68.098138343542814
leaf_count=133 680 230 169 206 146 133 229 130 285 237 107 90 248 93 26 91 98 75 94 84 42 212 154 103 61 1617 156 264 168 145
internal_value=0.00116734 0.0114018 -0.0159335 -0.0964744 -0.00481583 -0.103675 -0.150833 -0.0454173 -0.130481 -0.00124372 -0.0760724 -0.0881566 -0.133257 0.00409403 -0.11069 -0.202149 -0.274125 -0.110198 -0.0470053 -0.107333 -0.325157 0.0324945 0.0348491 -0.0669741 -0.280763 -0.00229499 -0.126571 -0.169803 -0.110465 0.00200292
internal_weight=6661.65 6030.49 2626.57 631.158 2332.18 294.396 304.702 326.456 265.205 2256.74 231.366 177.023 96.1042 2021.72 226.736 63.0296 34.7732 75.4365 235.018 69.2014 15.9129 3403.92 3233.47 153.692 39.4972 1685.49 198.891 94.745 83.7225 311.623
internal_count=6506 4655 3464 1851 2557 907 1227 624 960 2313 585 491 355 1856 731 322 231 244 457 220 126 1191 979 361 267 1763 705 420 271 299
is_linear=0
shrinkage=0.05


Tree=4
num_leaves=31
num_cat=0
split_feature=85 128 93 134 180 91 93 113 18 103 15 77 138 15 86 188 140 107 29 172 134 100 98 138 169 77 67 187 186 175
split_gain=2192.73 1290.02 810.854 434.822 280.579 217.758 254.345 198.339 187.9 187.796 221.821 298.797 167.955 166.8 159.216 157.982 151.806 142.583 136.808 144.789 133.267 133.255 132.022 175.737 158.28 162.552 116.462 175.861 109.76 108.046
threshold=267.45843825000003 9.5871465020954059 266.81298430000004 7.3800000000000017 0.062500000000000014 17.050000000000004 264.92575245000006 1.6500000000000001 0.063537500000000011 1052.2000000000003 0.00021875000000000006 275.90768640000005 6.9150000000000009 0.00066875000000000007 9.5000000000000018 1.5000000000000002 77.280000000000015 10.750000000000002 45.500000000000007 45.000000000000007 4.4650000000000007 1.1499999999999775 -2.7999999999999998 7.7000000000000002 8.7283124999999474e-06 266.08118690000009 7.0500000000000007 0.43622116078512507 2.0666096243860089e-05 7.5000000000000009
decision_type=2 2 2 2 2 2 2 2 2 2 2 2 2 2 2 2 2 2 2 8 2 2 2 2 2 2 2 2 8 8
left_child=3 18 5 15 21 -3 -7 22 9 29 11 -11 -12 -8 -13 20 -17 -14 19 -2 -1 -4 23 -5 -25 -26 -21 -28 -24 -6
right_child=1 2 4 7 8 6 13 -9 -10 10 12 14 17 -15 -16 16 -18 -19 -20 26 -22 -23 28 24 25 -27 27 -29 -30 -31
leaf_value=-0.09851200042902418 0.037893355263299372 -0.016523965978226994 -0.19408664020929126 -0.13351088233460395 -0.051641384284260738 -0.22139850203584599 -0.13999692101392061 0.0008257086554913992 0.033246308911042209 -0.03866359227775084 0.0015925790482207134 -0.39512164415822393 -0.036889159155973343 -0.047980866779447726 -0.13631961173815754 -0.24066166633355285 -0.016751011009124794 -0.15702134423813047 -0.011345614226699647 0.019993971520174889 -0.0044920150054481864 -0.053349143143992223 -0.17503001688639544 -0.082624123862969787 -0.15946853753978016 -0.48187056770720882 -0.14737402828328558 0.0055283337595056371 -0.09029478851291145 0.0070939474574128209
leaf_weight=45.09055133163929 2811.9180818255991 80.098592385649681 22.946415129117668 83.7088728165254 82.578161155804992 43.012770694214851 86.343520680209622 33.672589413356036 336.53755998145789 58.72011579759419 354.42071237042546 9.5476784761995095 134.17221448104829 117.33943063020706 18.026445829309523 16.184928678907458 13.906141102313994 29.649013590533286 172.52503693290055 230.78675457648933 208.1132085211575 61.361426257295534 47.637955748476088 8.0104271024465579 8.0467046964913624 10.835586314555256 28.360499169677496 51.955066099762917 221.70962677546777 1236.7041669676546
leaf_count=136 680 107 116 310 169 238 331 33 112 105 343 93 234 231 70 99 19 126 212 138 227 128 218 23 37 125 115 46 624 1061
internal_value=0.00118396 0.0109911 -0.0148261 -0.0826734 -0.00452401 -0.0884862 -0.11167 -0.115319 -0.00116178 -0.0071976 -0.0302512 -0.104019 -0.0177815 -0.0875053 -0.236798 -0.0347536 -0.141212 -0.0594823 0.031919 0.0343135 -0.0215764 -0.093539 -0.125601 -0.172174 -0.283241 -0.359661 0.00192282 -0.0495504 -0.105892 0.0033774
internal_weight=6663.92 5967 2671.46 696.917 2344.66 326.794 246.696 413.622 2260.36 1923.82 604.536 86.2942 518.242 203.683 27.5741 283.295 30.0911 163.821 3295.55 3123.02 253.204 84.3078 379.949 110.602 26.8927 18.8823 311.102 80.3156 269.348 1319.28
internal_count=6506 4655 3464 1851 2557 907 800 1370 2313 2201 971 268 703 562 163 481 118 360 1191 979 363 244 1337 495 185 162 299 161 842 1230
is_linear=0
shrinkage=0.05


Tree=5
num_leaves=31
num_cat=0
split_feature=103 137 36 81 103 34 142 164 7 90 49 168 168 49 101 137 81 93 75 16 103 130 175 53 50 32 93 90 34 81
split_gain=1549.31 663.656 674.993 571.179 458.303 232.814 212.857 204.981 278.857 203.421 189.574 183.692 157.443 148.498 139.085 136.819 136.053 188.913 132.369 172.585 208.125 203.186 188.958 147.054 121.262 205.474 168.952 118 115.287 110.444
threshold=2128.1000000000004 0.055000000000000007 283.56290330000007 30.450000000000003 1593.0500000000004 0.48189605130802166 695.13022429900059 0.64583333333333337 0.073700000000000015 32.085714285714296 965.6500000000002 0.0065380056041666685 0.0016478637083333335 960.25000000000011 -4.1441412000000062 2.2900000000000005 32.250000000000007 266.45959165000005 7.1500000000000012 0.74500000000000011 1111.4000000000003 1.0000000180025095e-35 51.500000000000007 140.50000000000003 1025.9500000000003 12.65 263.5054770000001 23.392857142857146 -0.25728984675103883 32.850000000000001
decision_type=2 2 2 2 2 2 2 2 2 2 2 2 2 2 2 2 2 2 2 2 2 2 8 2 2 2 2 2 2 2
left_child=1 10 4 -4 7 14 11 9 16 18 12 24 27 28 -6 -16 -9 -18 -3 20 -20 -22 -23 -24 25 26 -2 -1 -8 -12
right_child=6 2 3 -5 5 -7 13 8 -10 -11 29 -13 -14 -15 15 -17 17 -19 19 -21 21 22 23 -25 -26 -27 -28 -29 -30 -31
leaf_value=-0.15359518840048417 -0.33843243059210282 0.026322866111872362 0.034229597478168984 -0.21596583735004207 -0.15598560505020836 0.035175479503818913 -0.01325952551336267 -0.073397314540813371 -0.0065227443175417807 -0.075165852736163719 -0.0016596208952331265 -0.026850661316632243 0.018314672059267397 0.00010328151970793493 -0.03989186538869819 -0.15283703800566717 -0.066729945243249253 -0.36702742029111524 0.0010098975686119007 0.017260104477006752 -0.019647507916587384 -0.070315148800284957 -0.40692943801688425 -0.11969516660840324 -0.030588960706312895 -0.090836027969987881 -0.14693246041740368 -0.026507150184516756 -0.1979293156259751 0.038677655884756308
leaf_weight=25.253076337277889 13.918939692433922 915.7072352420073 34.192506900988519 65.907089370768517 50.678368417546153 49.929134856909513 15.519251475110648 43.93614805303514 179.36986897699535 70.065708676353097 185.70287969242781 97.177423979155719 161.69359854329377 136.38378493860364 142.45013194344938 32.499799120239913 10.522321870550515 10.737837303895502 810.49044257355854 1121.6364478957839 156.86638090480119 56.723404509481043 7.8525703835766789 11.640312867704777 49.81341133499518 244.64027074095793 74.127279720269144 62.327414362691343 18.13851934671402 1929.2540011359379
leaf_count=106 115 433 10 355 212 14 20 110 203 177 192 150 102 136 257 135 26 97 794 734 219 138 80 42 81 691 295 96 94 436
internal_value=0.00173188 0.00951152 -0.00350848 -0.13096 8.32772e-08 -0.0618936 -0.071627 0.00504113 -0.0389577 0.008469 0.0302747 -0.0886481 -0.0109132 -0.0233447 -0.0834564 -0.0616511 -0.126671 -0.2283 0.0103964 0.00364945 -0.0109771 -0.0525065 -0.118941 -0.24986 -0.104224 -0.11511 -0.180723 -0.0645286 -0.115764 0.0351344
internal_weight=6785.16 6135.44 3771.21 100.1 3671.11 275.557 649.719 3395.55 244.566 3150.98 2364.23 479.677 249.274 170.042 225.628 174.95 65.1963 21.2602 3080.92 2165.21 1043.57 233.083 76.2163 19.4929 382.5 332.686 88.0462 87.5805 33.6578 2114.96
internal_count=6550 4968 4036 365 3671 618 1582 3053 436 2617 932 1332 304 250 604 392 233 123 2440 2007 1273 479 260 122 1182 1101 410 202 114 628
is_linear=0
shrinkage=0.05


Tree=6
num_leaves=31
num_cat=0
split_feature=128 63 85 141 164 133 136 48 118 131 111 126 185 92 173 104 15 76 49 137 2 26 15 85 89 120 175 128 176 129
split_gain=1531.02 1043.27 400.584 305.229 264.271 262.362 243.621 227.884 173.439 171.407 159.812 154.219 157.981 163.568 143.866 130.059 128.79 109.308 108.04 107.667 117.23 105.217 98.0181 136.85 97.9309 113.17 95.0497 156.376 90.9851 172.727
threshold=9.5871465020954059 8.8417000000000012 267.52572035000009 32.245000000000005 0.34027777777777785 26.200000000000003 0.54500000000000015 88.500000000000014 7.2500000000000009 33.205449859187688 13.450000000000001 40.500000000000007 0.0020234682089555985 19.550000000000004 4.5000000000000009 8.5500000000000025 0.00095000000000000011 0.15000000000000005 971.95000000000016 0.15500000000000003 1.2500000000000001e-05 4.5000000000000009 0.00011458333333333334 265.5251143000001 33.45000000000001 274.75153710000006 8.5000000000000018 9.9629114534985632 61.500000000000007 3.5000000000000004
decision_type=2 2 2 2 2 2 2 2 2 2 2 2 8 2 10 2 2 2 2 2 2 2 2 2 2 2 8 2 10 2
left_child=2 5 -1 15 -5 6 10 -8 19 -4 -2 -11 13 -13 -7 16 18 -12 -3 -6 -21 26 -17 -24 25 -23 27 -10 -16 -30
right_child=1 3 9 4 8 14 7 -9 21 11 17 12 -14 -15 28 22 -18 -19 -20 20 -22 24 23 -25 -26 -27 -28 -29 29 -31
leaf_value=-0.03161678441917104 -0.0037650819904285916 -0.18975399833213469 0.039593503715948539 0.014265154589679543 -0.05298438238751272 -0.034268902554937163 -0.041381450853432644 -0.17033575939699214 -0.033478854348175713 0.020125540507570407 -0.18529438846475629 -0.25328547023798204 0.012188109600784909 -0.033032329382862824 0.014336988664922078 -0.065265936106995812 -0.030860925023327702 -0.025315884895345947 -0.076832329367845342 -0.39099436956951422 -0.1195999719428119 0.025692741349506516 -0.12328782126377513 -0.25107562891069607 -0.065385209392809771 -0.054602820547926416 -0.070323466109762534 -0.29233183720816053 -0.12963511282872464 0.0036219965390507643
leaf_weight=281.35613717883825 394.14493764610961 32.346680488437414 1959.7944493629038 144.6561490772292 11.574722125194969 198.89580294303596 97.433543462771922 52.758863529190421 10.919186193495991 1078.6848029047251 20.441225297981873 14.480464637279509 41.446965411305428 19.413735305890441 1451.6255038585514 33.225202515721321 84.269862842746079 22.169082961045206 66.372412398457527 7.7189321606420007 9.8785395305603725 93.827639750670642 67.643023405224085 33.027995037380606 163.62248568749055 80.689957808237523 166.83924755780026 12.422648705076424 31.259840039303526 98.292760171927512
leaf_count=460 424 159 407 103 25 336 179 236 19 644 100 93 31 33 1035 78 137 34 170 76 36 45 237 204 379 170 403 91 115 91
internal_value=0.00170396 -0.0220818 0.0254268 -0.064354 -0.0458473 -0.00386142 -0.032822 -0.08754 -0.0614516 0.0305912 -0.013837 0.0152778 -0.0534173 -0.131835 0.00569808 -0.105072 -0.0768826 -0.104665 -0.115415 -0.178522 -0.253536 -0.0546529 -0.142704 -0.167319 -0.0377071 -0.0115038 -0.0844014 -0.177797 0.0107472 -0.0292401
internal_weight=6781.23 3386.06 3395.18 1019.03 702.15 2367.02 586.948 150.192 557.493 3113.82 436.755 1154.03 75.3412 33.8942 1780.07 316.885 182.989 42.6103 98.7191 29.1722 17.5975 528.321 133.896 100.671 338.14 174.518 190.181 23.3418 1581.18 129.553
internal_count=6550 4882 1668 2332 1347 2550 973 415 1244 1208 558 801 157 126 1577 985 466 134 329 137 112 1107 519 441 594 215 513 110 1241 206
is_linear=0
shrinkage=0.05


Tree=7
num_leaves=31
num_cat=0
split_feature=128 63 85 133 133 77 164 119 131 126 180 136 185 120 53 103 48 136 96 75 185 142 101 135 81 0 174 92 104 116
split_gain=1386.47 855.139 370.877 228.644 222.469 206.711 198.519 176.326 168.755 136.137 135.302 120.013 119.706 115.194 124.799 111.859 106.381 103.708 103.194 93.38 89.8711 96.1968 85.0505 83.0557 82.3429 93.9145 162.395 76.7502 75.1577 74.0666
threshold=9.5871465020954059 8.8417000000000012 267.52572035000009 26.200000000000003 26.200000000000003 278.72274780000004 0.34027777777777785 6.4500000000000011 33.205449859187688 40.500000000000007 0.25694444444444448 0.52500000000000013 0.0020234682089555985 286.86391255000007 115.50000000000001 1602.3000000000002 82.500000000000014 1.3450000000000004 37.587500000000013 13.050000000000002 0.0017410484861216568 679.34258491213939 -2.8873695500000163 14.860000000000001 45.550000000000004 0.071900000000000006 8.5000000000000018 0.75000000000000011 0.55000000000000016 268.80046470000008
decision_type=2 2 2 2 2 2 2 2 2 2 2 2 8 2 2 2 2 2 2 2 8 2 2 2 2 2 10 2 2 2
left_child=2 3 19 5 -3 11 -6 17 -4 -10 13 24 15 20 18 -11 -13 28 -15 -1 21 -5 -19 -9 -2 26 -26 -23 -8 -21
right_child=1 4 8 10 6 -7 7 23 9 12 -12 16 -14 14 -16 -17 -18 22 -20 29 -22 27 -24 -25 25 -27 -28 -29 -30 -31
leaf_value=-0.0043340256566469972 0.0041806621361863269 -0.092119426241060662 0.039173431577917035 -0.0062922841401645323 0.0058227898206204623 -0.11433548172122027 -0.012313242357741415 -0.093805358746621659 0.019518783908016382 -0.029043323462129983 0.018882787749006019 -0.02518336923245168 0.011735488735276141 -0.22348232409201685 -0.010194864021329977 -0.19914586332826403 -0.11533859992374196 -0.081571921314014334 -0.034979941173742195 -0.040098346352719902 0.014220462938864156 -0.0002650925362386439 -0.28504656046903215 -0.027367284793303706 -0.22003588086095169 0.013980575580970349 -0.018087074864816786 -0.095869648828092568 -0.096079269024884867 -0.13241538038878442
leaf_weight=165.4702723287046 335.21175454556942 320.52536206925288 1883.715378401801 318.6708088486921 166.62036308366805 64.080285259988159 33.422859988175333 53.900596704334021 1057.1926872227341 21.076500756666064 910.23201759438962 86.718867138028145 40.94487170688808 16.898780198767785 38.787447894457728 17.64369715936482 52.496279851533473 10.742627056315543 13.062142039649187 97.170503873378038 379.2452783822082 31.72648891992867 11.520647823344914 347.27382169105113 16.386578404344618 28.289751559495926 23.894592694938183 61.692959730513394 143.75017678178847 27.75305800139904
leaf_count=180 307 913 407 359 147 213 42 157 644 34 566 131 31 97 47 92 176 30 23 176 271 32 83 538 93 20 33 182 422 104
internal_value=0.0016675 -0.0204369 0.024802 -0.00362652 -0.057136 -0.0300802 -0.0424136 -0.055791 0.0299922 0.0147539 0.00545402 -0.0199359 -0.0478738 -0.00875734 -0.0703612 -0.109742 -0.0597956 -0.0941605 -0.145246 -0.0290854 -0.00331706 -0.0194642 -0.194806 -0.0365172 -0.00606712 -0.0555757 -0.103702 -0.0638007 -0.0804631 -0.0615359
internal_weight=6776.12 3465.15 3310.97 2377.39 1087.76 607.078 767.231 600.611 3020.57 1136.86 1770.32 542.998 79.6651 860.084 68.7484 38.7202 139.215 199.436 29.9609 290.394 791.336 412.09 22.2633 401.174 403.783 68.5709 40.2812 93.4194 177.173 124.924
internal_count=6550 4882 1668 2550 2332 973 1419 1272 1208 801 1577 760 157 1011 167 126 307 577 120 460 844 573 113 695 453 146 126 214 464 280
is_linear=0
shrinkage=0.05


Tree=8
num_leaves=31
num_cat=0
split_feature=128 103 112 131 141 172 131 135 6 18 19 140 84 131 142 124 105 124 176 80 83 29 133 108 50 133 80 134 116 175
split_gain=1257.28 729.542 344.356 259.727 213.461 173.636 162.19 134.069 121.577 118.562 126.703 123.604 113.469 137.906 112.255 109.754 108.643 107.688 145.186 118.417 136.71 106.468 96.0604 94.7202 88.6044 183.203 83.7794 81.7634 75.0377 74.7807
threshold=9.5871465020954059 1223.9000000000003 270.06918000000007 71.650750253308317 33.775000000000013 62.500000000000007 33.205449859187688 23.240000000000006 0.012175694444444446 0.063537500000000011 -0.0029928571428571409 15.325000000000001 8.4500000000000011 69.265150281751673 634.47382262545705 0.37940952255126048 18.500000000000004 -0.5 12.500000000000002 31.862500000000004 16.850000000000005 52.70000000000001 78.710000000000022 286.89593260000004 997.25000000000011 8.5350000000000019 11.587500000000004 18.850000000000005 276.18562035000008 13.500000000000002
decision_type=2 2 2 2 2 8 2 2 2 2 2 2 2 2 2 2 2 2 10 2 2 2 2 2 2 2 2 2 2 8
left_child=2 5 22 12 8 9 -4 -7 24 10 11 21 13 14 -3 29 -8 19 -19 20 -6 26 -1 -20 25 -5 -2 -22 -26 -12
right_child=1 3 6 4 17 7 16 -9 -10 -11 15 -13 -14 -15 -16 -17 -18 18 23 -21 27 -23 -24 -25 28 -27 -28 -29 -30 -31
leaf_value=-0.071523026160626085 -0.073827550067988648 -0.045469670591888819 0.037970937080862466 -0.083251414364249432 -0.028366165899855095 -0.17270249646576052 0.019077607512444916 -0.031928176852612782 -0.026124543353464619 0.034014149714924384 0.0055648912265504752 -0.019212723578923282 0.016995477144211034 0.0095751022739929432 -0.17755700088293033 0.016434435912299449 -0.03255374101392202 -0.028127110516020227 -0.14035117778466555 0.0045007540167800114 -0.20729607000716493 -0.0060411233519335923 -0.0055822561606330961 -0.042175775278612604 -0.076225610926542245 -0.32251335627964867 -0.25771989254020017 -0.04962822473383445 -0.13748052960619828 -0.025182434458688951
leaf_weight=100.99713104590774 13.092178992927076 51.844007294625044 1824.162953093648 23.727692395448685 125.26622571190819 22.102569910231978 1072.8173032104969 66.070941966027021 77.752524928189814 258.91736079193652 387.31906842114404 187.47690663672984 190.03442768752575 68.387930314987898 23.14779597800225 767.79387097223662 111.5933225993067 128.21250892151147 71.733986443374306 198.01428673043847 18.996418939437717 14.970415035728363 121.25124442204833 39.086454250849783 300.80087655689567 12.006245020776985 13.282469625584779 15.511385174468158 62.179894076660275 401.95316604222171
leaf_count=247 34 100 438 65 197 102 663 109 119 82 344 260 125 55 109 515 185 201 276 180 102 17 135 73 761 96 87 32 236 605
internal_value=0.00162743 -0.0189542 0.0241771 -0.0468919 -0.0588581 -0.000513619 0.0286166 -0.0688133 -0.0838207 0.00246127 -0.00212694 -0.0367846 -0.00829598 -0.0417373 -0.088107 0.00298338 0.0141854 -0.0388142 -0.0647551 -0.0213373 -0.0532194 -0.11401 -0.0357565 -0.106456 -0.0949659 -0.170368 -0.172651 -0.139958 -0.0870814 -0.0100995
internal_weight=6770.5 3539.68 3230.82 1406.7 1073.29 2132.98 3008.57 88.1735 476.467 2044.81 1785.89 228.822 333.414 143.38 74.9918 1557.07 1184.41 596.821 239.033 357.788 159.774 41.3451 222.248 110.82 398.715 35.7339 26.3746 34.5078 362.981 789.272
internal_count=6550 4882 1668 2727 2338 2155 1286 211 1277 1944 1862 398 389 264 209 1464 848 1061 550 511 331 138 382 349 1158 161 121 134 997 949
is_linear=0
shrinkage=0.05


Tree=9
num_leaves=31
num_cat=0
split_feature=128 103 85 131 167 131 172 105 30 104 18 19 142 30 93 56 78 124 135 50 93 21 94 11 135 185 120 50 189 134
split_gain=1141.06 613.153 319.049 208.301 165.946 163.628 146.29 137.253 116.592 152.085 110.88 110.121 164.974 103.64 136.4 104.089 122.411 99.9875 91.7391 90.8069 136.102 71.1395 110.124 100.771 70.2024 82.1225 67.7889 64.6089 64.6819 73.2457
threshold=9.5871465020954059 1223.9000000000003 267.52572035000009 71.650750253308317 0.0099279031875000017 33.205449859187688 62.500000000000007 18.500000000000004 -1.6185714285714292 0.35000000000000009 0.063537500000000011 -0.0029928571428571409 138.23403032749744 -3.1571428571428557 267.87036575000008 8.5472232000000208 1.5000000000000002 0.37940952255126048 23.240000000000006 996.95000000000016 264.33571590000003 0.49305555555555564 13.500000000000002 0.0001795951180555556 30.955000000000002 0.00083106067559222594 279.52654290000004 1022.0500000000001 35.350000000000001 10.220000000000002
decision_type=2 2 2 2 2 2 8 2 2 2 2 2 2 2 2 2 2 2 2 2 2 2 2 2 2 10 2 2 10 2
left_child=2 6 -1 13 19 -4 10 -7 9 -9 11 12 -2 -3 15 16 -15 21 -8 20 -5 27 23 -23 26 -26 -21 28 29 -13
right_child=1 3 5 4 -6 7 18 8 -10 -11 -12 17 -14 14 -16 -17 -18 -19 -20 24 -22 22 -24 -25 25 -27 -28 -29 -30 -31
leaf_value=-0.024797277638611694 -0.13880187950887601 0.026034597230241326 0.03830749254447427 -0.25033589405797335 -0.02055974928587706 0.018412360195316665 -0.13867454166532719 -0.016235934002270323 0.0019146987377576686 -0.23640027704278568 0.033463252672104316 -0.023029363404884665 -0.017068968091095222 -0.057828654004949291 0.028761515790371447 0.00074919175993011728 -0.19941292826852614 0.015878982301804574 -0.029390873584353428 -0.036699776374399411 -0.079761925588652749 -0.045775799058000652 -0.014455155342666812 -0.1976230007403692 -0.068869663109824827 -0.1695493280461273 -0.095823754879485024 0.011439794269201251 0.0058963195076347508 -0.11760654886543781
leaf_weight=307.09944812580943 31.282517566345632 134.82079110946506 1744.1346660703421 14.632497061043976 300.09234016574919 1029.6246416717768 26.269179718568921 16.286689056083564 42.77637124992907 14.520236486569045 250.25860131811351 66.712489605881274 206.17479898734018 69.43582315929234 65.153497949242592 47.831686163321137 19.22749999165535 755.27872982039116 68.214504442643374 362.26506700506434 54.833018601406366 32.881210405379534 173.46238282229751 16.142995621543378 329.99277838878334 21.295672883279622 55.883736302144825 388.13174255657941 90.942440067883581 29.10025576967746
leaf_count=460 121 64 407 93 424 650 102 22 41 88 82 98 277 151 27 47 100 515 109 629 144 64 224 84 786 97 165 299 80 100
internal_value=0.00158636 -0.0176055 0.023552 -0.0423795 -0.0525838 0.0287754 -0.000469324 0.0136798 -0.0518325 -0.124333 0.00235793 -0.00200408 -0.0336418 -0.00776822 -0.0304102 -0.0586949 -0.0904699 0.00284981 -0.0609614 -0.0639953 -0.118806 -0.0094897 -0.0334278 -0.0988279 -0.0588927 -0.0754512 -0.0448231 -0.00017478 -0.0242722 -0.0527241
internal_weight=6764.76 3610.32 3154.44 1475.46 1139 2847.34 2134.85 1103.21 73.5833 30.8069 2040.37 1790.11 237.457 336.469 201.649 136.495 88.6633 1552.65 94.4837 838.903 69.4655 797.374 222.487 49.0242 769.437 351.288 418.149 574.887 186.755 95.8127
internal_count=6550 4882 1668 2727 2338 1208 2155 801 151 110 1944 1862 398 389 325 298 251 1464 211 1914 237 949 372 148 1677 883 794 577 278 198
is_linear=0
shrinkage=0.05


Tree=10
num_leaves=31
num_cat=0
split_feature=128 93 118 184 175 172 137 35 43 81 41 136 135 122 189 164 180 120 187 77 85 131 43 187 76 174 114 50 16 138
split_gain=983.337 589.413 302.666 171.309 154.085 150.223 134.078 141.716 121.608 107.461 106.445 127.247 103.035 98.6903 95.941 88.6508 86.2401 146.027 98.9132 99.6711 96.9502 86.1065 82.481 71.9084 120.603 75.4324 145.692 81.6284 93.2598 73.2321
threshold=9.5241855175685135 267.49982010000002 14.450000000000001 1.8000000000000009 9.5000000000000018 69.000000000000014 0.070000000000000021 277.37434340000004 0.37850000000000006 45.650000000000013 89.500000000000014 0.50000000000000011 38.740000000000009 11.500000000000002 44.550000000000004 0.35416666666666669 0.22916666666666669 284.12161985000006 0.57410940594204873 277.05672075000007 278.27756055000003 33.205449859187688 0.34850000000000003 0.58307283748751004 1.7500000000000004 54.500000000000007 29.050000000000004 1020.7500000000001 0.64500000000000013 4.7750000000000012
decision_type=2 2 2 2 10 8 2 2 2 2 2 2 2 2 8 2 2 2 2 2 2 2 2 2 2 10 2 2 2 2
left_child=2 3 4 -2 -1 9 7 -5 21 16 23 -12 -13 -10 -11 -15 17 20 -18 -20 -3 -4 -19 25 -25 27 29 -8 -29 -27
right_child=1 5 8 6 -6 -7 10 -9 13 14 11 12 -14 15 -16 -17 18 22 19 -21 -22 -23 -24 24 -26 26 -28 28 -30 -31
leaf_value=-0.10467933687336609 0.016157398668163257 0.0068963216064944549 0.039861458204629836 -0.081991024835894266 -0.0084065418568125671 -0.07759667258951182 -0.030157798085346493 0.0057294260901646953 0.010935514364177241 -0.018350091095371734 -0.067131109814973389 -0.34352867193201353 -0.093252845730750072 -0.14902924793868935 -0.11628278660550723 -0.0091222268989391894 0.022002587874476995 -0.11715401106399559 -0.051274772975472185 0.012260235387338383 -0.059856655200478254 0.020464391759590222 -0.029967809304035656 -0.058741057736665471 -0.16026035670020189 -0.097091790619125137 -0.02320012822829778 -0.044476088382096955 -0.16727333612972714 -0.25539904539986075
leaf_weight=48.748079717159271 121.7742498703301 744.99201758496929 1335.9772848933935 58.057045543566346 254.87887061014771 60.090934735257179 617.71709467237815 208.05534289218485 119.44187829270959 129.13881702115759 41.21764849126339 8.6435158923268336 9.0870596505701524 20.579742942005396 30.241958877071738 24.286598525941372 888.54649643041193 36.061629475094378 102.13525947276503 152.81653823144734 57.667360351420939 1009.8137814383954 106.48074832186103 254.60722500970587 32.743878833483905 20.041283063590527 39.232170230709016 46.578176609240472 23.140099759679288 13.063567169476299
leaf_count=153 82 642 270 155 298 155 991 184 93 177 98 75 28 85 103 29 497 123 208 115 128 596 171 555 141 61 58 89 104 85
internal_value=0.000504442 -0.0160758 0.0229086 -0.0405343 -0.0241727 -0.000232296 -0.0455771 -0.0136249 0.028613 0.001867 -0.0532408 -0.118395 -0.227354 -0.0128825 -0.0375728 -0.0752552 0.00489544 -0.00627235 0.0141284 -0.0132736 0.0020257 0.0315258 -0.0527223 -0.0494587 -0.0708423 -0.0412822 -0.0896975 -0.0360575 -0.0870933 -0.165365
internal_weight=6615.86 3802.13 2813.73 1493.96 303.627 2308.17 1372.18 266.112 2510.1 2248.08 1106.07 58.9482 17.7306 164.308 159.381 44.8663 2088.7 945.202 1143.5 254.952 802.659 2345.79 142.542 1047.12 287.351 759.772 72.337 687.435 69.7183 33.1049
internal_count=6549 5025 1524 2706 451 2319 2624 339 1073 2164 2285 201 103 207 280 114 1884 1064 820 323 770 866 294 2084 696 1388 204 1184 193 146
is_linear=0
shrinkage=0.05


Tree=11
num_leaves=31
num_cat=0
split_feature=131 126 108 49 175 80 142 21 85 23 5 33 100 136 75 85 24 189 189 108 24 119 3 24 120 186 98 179 185 53
split_gain=862.109 496.121 213.152 133.673 129.168 200.834 125.231 118.228 141.932 113.509 81.7383 79.6877 76.6331 126.883 136.447 98.8176 88.7764 85.4458 108.373 73.6268 71.8736 71.5144 70.31 66.188 79.246 65.5884 60.8727 59.9618 88.2435 116.364
threshold=64.936761357106477 42.500000000000007 271.88387920000008 968.35000000000002 12.500000000000002 18.712500000000006 318.90907740386609 0.57638888888888895 271.61284615000005 20.815972222222225 0.48500000000000004 -0.92526910016930308 4.1999999999999895 0.48500000000000004 15.850000000000003 266.06344980000006 48.750000000000007 14.100000000000001 39.550000000000004 281.39456900000005 53.20000000000001 10.350000000000003 0.0026005270000000005 32.600000000000009 275.69458800000007 0.0004284176855734087 -5.8500000000000005 -1.0476344153621318e-05 0.00042842165424383506 85.500000000000014
decision_type=2 2 2 2 8 2 2 2 2 2 2 2 2 2 2 2 2 10 10 2 2 2 2 2 2 10 2 10 10 2
left_child=2 4 10 7 -2 19 -7 -4 -9 23 -1 -10 13 15 -15 -3 -16 -14 22 26 -18 -22 -19 -5 -25 27 -6 28 -17 -30
right_child=1 12 3 9 5 6 -8 8 11 -11 -12 -13 17 14 16 25 20 18 -20 -21 21 -23 -24 24 -26 -27 -28 -29 29 -31
leaf_value=-0.051696472768537463 0.009447788360553433 -0.084040019737807004 0.014282237774981442 0.013856292700453588 -0.023987365803486708 -0.069271805966132902 -0.020053721532464441 -0.0081901682544810155 -0.049156572660369241 0.03417473180433267 0.0035248322291378297 -0.21804729554533347 0.010033771065823597 -0.049000191463685297 -0.22975231429258791 -0.026739361804749531 -0.032261375789374984 -0.14959417502607369 -0.010821191004328167 -0.047527653442834439 -0.15972923933372082 -0.048574112926225835 -0.054362649165772159 -0.11659178481051345 -8.5106094999535698e-05 0.0045104483144227424 0.013709866456448935 -0.0045903410406059322 -0.20407898301349281 -0.042301560655987093
leaf_weight=122.84893679991364 1097.7070311806165 82.892855509184301 470.89406560920179 119.49123498611152 128.00851298775524 184.24914415366948 433.59504097793251 77.965229000896215 14.581417843699457 1932.9324735132977 145.42227954789996 14.090620497241614 112.97122304048389 152.98960141232237 15.961432502605019 65.393567427061498 28.114514505490661 21.771205754950643 168.26666210405529 65.596496138256043 51.424735957756639 21.774742007255554 159.45012421673164 24.781583474949002 33.840697260573506 128.81002946710214 628.78550009790342 66.685966514982283 20.233554686885327 24.947557033039629
leaf_count=251 890 224 336 86 190 441 608 91 30 611 135 80 90 304 94 101 47 90 205 129 219 44 334 85 34 117 456 73 107 47
internal_value=0.000509091 -0.0157114 0.020585 0.0248269 -0.00346519 -0.0133103 -0.0348275 0.00349431 -0.0437872 0.0306562 -0.0218421 -0.136876 -0.0433875 -0.0543502 -0.0806656 -0.0358926 -0.121168 -0.0276659 -0.0398604 0.00287169 -0.101934 -0.127831 -0.066589 -0.00747752 -0.0505497 -0.0226054 0.0073037 -0.0422526 -0.0646766 -0.117709
internal_weight=6616.48 3659.63 2956.85 2688.58 2537.94 1440.23 617.844 577.531 106.637 2111.05 268.271 28.672 1121.69 659.229 270.265 388.964 117.275 462.459 349.488 822.391 101.314 73.1995 181.221 178.114 58.6223 306.071 756.794 177.261 110.575 45.1811
internal_count=6549 4810 1739 1353 2714 1824 1049 537 201 816 386 110 2096 1377 708 669 404 719 629 775 310 263 424 205 119 445 646 328 255 154
is_linear=0
shrinkage=0.05


Tree=12
num_leaves=31
num_cat=0
split_feature=128 103 112 168 73 131 84 180 120 163 49 85 187 18 104 88 89 186 107 0 124 2 98 94 54 54 131 81 81 49
split_gain=821.847 485.023 223.759 127.877 139.836 116.375 130.938 107.706 105.091 101.43 96.0875 88.1129 81.7167 102.885 72.9947 72.3301 71.8682 67.3337 109.572 72.5007 83.2674 78.9693 71.525 63.649 76.9757 60.8231 60.7904 58.5786 73.8827 165.278
threshold=9.5241855175685135 1230.2 269.94723965000009 6.0895604166666673e-05 13.750000000000002 63.778943440450405 8.2500000000000018 0.22916666666666669 284.12161985000006 0.15277777777777782 966.25000000000011 278.27756055000003 0.57410940594204873 0.013991666666666668 23.750000000000004 22.587500000000006 45.050000000000004 0.00039673608777858867 12.850000000000003 0.060150000000000009 -0.70710678118654757 0.00015343650000000002 -2.850000000000001 13.500000000000002 0.115 0.085000000000000006 33.205449859187688 33.350000000000001 41.650000000000013 983.35000000000002
decision_type=2 2 2 2 2 2 2 2 2 2 2 2 2 2 2 2 2 8 2 2 2 2 2 2 2 2 2 2 2 2
left_child=2 7 14 4 -4 6 15 8 11 -6 -5 27 -9 -14 -1 -3 25 19 -19 21 -21 22 -7 24 -10 -13 -12 -2 29 -29
right_child=1 5 3 10 9 17 -8 12 23 -11 26 16 13 -15 -16 -17 -18 18 -20 20 -22 -23 -24 -25 -26 -27 -28 28 -30 -31
leaf_value=-0.043804516802606275 0.012758455105112393 -0.005378879808197904 0.015359414782008605 9.606117729729683e-06 -0.022994724206753456 -0.087717425819641842 0.018358631133581577 0.018745978034003755 -0.15556889763832121 -0.17643950037628103 0.039054187607944525 -0.042589075580708458 -0.083289215799644295 0.00055235222578063159 0.024143884312527761 -0.099299221697238871 -0.0090479199523043393 -0.068166306681049865 -0.013949074317567353 -0.042815317022618454 -0.18704547224647061 -0.022233568424900704 -0.045868169303611123 -0.014316537403628061 -0.046211939873313519 -0.15223999560751145 0.02159355653635486 -0.13992923821517059 0.0081049212652217536 -0.012649695332073982
leaf_weight=161.5188262835145 478.43768565845676 37.733177884481847 81.417775871232152 262.15055634640157 23.590818338096142 136.20122849475592 188.78319246228784 901.44385468540713 23.298422872554511 19.513205533847213 1264.7808820996433 34.047331317327917 41.72663745470345 253.91606905031949 51.405397243797779 44.512628393247724 68.350452805869281 119.97357055544853 410.96843327023089 21.571705566719174 19.228186427615583 251.58339547738433 432.3555160635151 66.556497247423977 52.475691222585738 20.484375406987965 833.49377353582531 31.617410845123231 165.00995097588748 118.63346336036921
leaf_count=304 356 42 56 262 35 377 119 563 99 92 276 64 113 251 26 135 81 285 526 41 95 364 830 86 102 86 473 123 138 149
internal_value=0.000511351 -0.0141074 0.0217456 0.0259629 -0.0232542 -0.0345869 -0.00457139 0.000994636 -0.0106136 -0.0949981 0.0285701 -0.00437669 0.0112674 -0.011505 -0.0273405 -0.0568522 -0.043597 -0.0404204 -0.0263147 -0.049073 -0.113756 -0.0457145 -0.0560386 -0.0504321 -0.0814896 -0.0858683 0.0321343 0.00173641 -0.0149622 -0.0402144
internal_weight=6616.78 3918.91 2697.87 2484.95 124.522 1662.91 271.029 2256 1058.91 43.104 2360.43 916.581 1197.09 295.643 212.924 82.2458 122.882 1391.88 530.942 860.94 40.7999 820.14 568.557 142.331 75.7741 54.5317 2098.27 793.699 315.261 150.251
internal_count=6549 5025 1524 1194 183 2814 296 2211 1284 127 1011 997 927 364 330 177 231 2518 811 1707 136 1571 1207 287 201 150 749 766 410 272
is_linear=0
shrinkage=0.05


Tree=13
num_leaves=31
num_cat=0
split_feature=128 103 118 168 25 172 77 21 119 164 137 101 65 142 185 35 50 128 90 24 119 33 173 30 112 139 63 128 186 160
split_gain=750.551 358.993 201.462 192.042 125.114 101.603 99.1681 87.562 116.797 80.8127 77.6882 81.3591 72.8725 71.0652 94.0678 70.4277 67.631 66.3785 65.8619 64.7801 126.104 60.6402 73.5294 59.7382 59.79 59.16 56.9367 56.5266 56.325 56.5932
threshold=9.1197746952926142 1230.2 14.450000000000001 0.0089461504375000032 3.5000000000000004 69.000000000000014 285.90853570000007 0.54861111111111127 13.15 0.3263888888888889 2.2900000000000005 -9.7460256500000053 29.050000000000004 480.46053238892199 0.00043058174995046873 280.35437160000009 1011.85 10.415936856408999 27.858163265306125 54.150000000000013 13.65 0.46882805895964047 4.5000000000000009 -2.367142857142857 278.59382070000009 77.161642100731058 8.4168000000000003 9.7204957671364376 0.0011965050171165016 0.015306122448979595
decision_type=2 2 2 2 2 8 2 2 2 2 2 2 2 2 8 2 2 2 2 2 2 2 10 2 2 2 2 2 10 2
left_child=2 5 25 4 17 7 -5 13 21 -4 11 -6 28 14 19 -16 -7 -3 -10 -2 -21 22 -9 24 -15 -1 -14 -20 -13 -30
right_child=1 3 9 6 10 16 -8 8 18 -11 -12 12 26 23 15 -17 -18 -19 27 20 -22 -23 -24 -25 -26 -27 -28 -29 29 -31
leaf_value=-0.077250055770031259 -0.015648631421213279 0.03501072291097982 0.015477163873905814 -0.02685348522599118 -0.092948986249064516 0.0044594017732813816 0.039658499184277371 -0.052413146958059757 0.0060984775596617446 0.03830025280137607 -0.057453016364542843 -0.037324323602691313 0.013446022674649586 0.0097307410142015282 0.0077089021103898181 -0.049662162391911686 -0.10375000991718175 -0.026357439646158661 -0.001140005178300024 -0.0053085499188517352 -0.18492789830309497 -0.024333537694628884 -0.17631041231480266 0.021079820984306542 -0.041447266265775808 -0.0084975970784922257 -0.023893741861260979 -0.10614504393433631 -0.037260054655903381 -0.16022310946043278
leaf_weight=38.646348048001528 56.807755022309721 99.405105284415185 566.88497738912702 86.764399958774447 49.332640806213021 23.264064079616219 154.19991032779217 34.591133607551455 327.12074141483754 1247.3175682593137 338.63681244850159 485.06159533327445 122.2424031086266 192.82030397467315 606.81112945300993 57.648135556373745 36.365851350128651 77.512323510833085 25.300349391996861 18.798024186864495 19.623348837718368 58.798042087815702 18.64116437966004 982.91507361968979 79.866277412045747 151.0575279854238 597.08853795332834 25.225616180803627 19.570695297792554 18.717147162184119
leaf_count=100 75 29 391 134 143 21 31 72 287 291 729 848 89 155 513 116 114 119 26 21 96 88 88 568 147 177 883 81 35 82
internal_value=0.000513257 -0.0105846 0.0260562 -0.0261857 -0.0317747 0.0018806 0.0156768 0.00342916 -0.0155115 0.0311839 -0.0361061 -0.0304671 -0.0279099 0.00803927 -0.00402344 0.00265676 -0.0620734 0.00809854 -0.00214623 -0.0502295 -0.0995382 -0.0601032 -0.0983433 0.0153391 -0.00533702 -0.0228617 -0.0175315 -0.0547045 -0.0421046 -0.100046
internal_weight=6617.04 4613.13 2003.91 2048.53 1807.57 2564.6 240.964 2504.97 489.677 1814.2 1630.65 1292.01 1242.68 2015.29 759.688 664.459 59.6299 176.917 377.647 95.2291 38.4214 112.03 53.2323 1255.6 272.687 189.704 719.331 50.526 523.349 38.2878
internal_count=6549 5590 959 3122 2957 2468 165 2333 642 682 2809 2080 1937 1691 821 629 135 148 394 192 117 248 160 870 302 277 972 107 965 117
is_linear=0
shrinkage=0.05


Tree=14
num_leaves=31
num_cat=0
split_feature=128 126 118 185 133 174 122 184 172 112 45 132 93 172 128 176 145 138 137 115 86 164 173 141 155 59 187 92 101 133
split_gain=688.356 305.204 188.418 119.252 168.977 177.431 100.824 94.9372 89.556 82.278 82.1797 81.5367 80.827 80.3831 73.5124 71.9011 70.4846 75.5351 68.9049 95.9468 62.659 60.2517 56.8465 55.0577 51.9158 51.4294 49.6365 47.6958 84.4279 105.694
threshold=9.1197746952926142 43.500000000000007 14.450000000000001 0.00043058174995046873 32.20000000000001 6.5000000000000009 10.500000000000002 9.2000000000000046 62.500000000000007 292.99948060000003 73.500000000000014 4.5000000000000009 268.68671640000008 45.000000000000007 10.415936856408999 13.500000000000002 0.82500000000000018 7.9250000000000007 0.070000000000000021 11.250000000000002 12.500000000000002 0.31250000000000006 4.5000000000000009 25.805000000000003 0.3580000000000001 8.6166000000000018 0.25352997928072141 1.3500000000000005 0.75580894999998816 59.215000000000011
decision_type=2 2 2 8 2 8 2 2 8 2 2 2 2 8 2 10 2 2 2 2 2 2 8 2 2 2 2 2 2 2
left_child=2 3 23 4 5 -2 -7 14 9 22 -10 -8 20 21 -3 -11 18 -18 19 25 -6 -4 -5 -1 -17 -9 -20 -28 -29 -30
right_child=1 7 13 8 12 6 11 16 10 15 -12 -13 -14 -15 -16 24 17 -19 26 -21 -22 -23 -24 -25 -26 -27 27 28 29 -31
leaf_value=0.00041523985370400568 -0.16397477825319945 0.034721619974850279 0.014795767425326024 -0.024577864580643802 -0.097045130198779 -0.010974210521235048 -0.16210518126328055 -0.020214235190674921 -0.0023947234297900088 -0.0018402523035905419 -0.11915649818471848 -0.048759235896449399 0.0082327202335216176 0.0036317251584291029 -0.022959010005782883 -0.13174786013720316 -0.049238039902702577 -0.15231981044064405 -0.097681023914382728 0.020089846080287417 -0.010405644544690892 0.039806653322298297 0.0099959553156030168 -0.053760624044789533 -0.033110804804916835 -0.10089790177905898 -0.022763063466195742 -0.039498183110673851 -0.20119854151691663 -0.023945608326282616
leaf_weight=117.08063521981239 29.82138954475522 94.232610631734133 303.08275248669088 124.97571731172502 33.649226328358054 148.16142313554883 21.370976330712438 65.866782333701849 33.259174853563309 83.77968068048358 26.755362926051021 60.715746838599443 401.3484450164251 239.57396909035742 130.51220095064491 22.631640097126365 77.548508627340198 22.947234730236232 31.46862636692822 139.58770886389539 53.547882733866572 1215.970286661759 2108.9116531185573 77.016107764095068 33.231409688014537 27.794303677976131 450.39660775894299 407.89098228001967 17.889440838247538 15.836699399165807
leaf_count=116 131 28 213 187 101 181 94 93 35 87 93 121 335 222 191 85 155 96 95 83 65 247 1687 161 56 86 656 731 94 24
internal_value=0.000511912 -0.00992221 0.025429 -0.0011897 -0.0186286 -0.0511033 -0.0358169 -0.0286563 0.00417829 0.00571545 -0.0556306 -0.0799245 -0.00126183 0.0305896 0.00125026 -0.0313764 -0.0340031 -0.0740939 -0.0304548 -0.00611555 -0.0446176 0.0348328 0.00804934 -0.0212211 -0.0747735 -0.0450232 -0.0365836 -0.0343156 -0.0460085 -0.121197
internal_weight=6616.86 4664.13 1952.72 3182.16 748.615 260.07 230.248 1481.97 2433.54 2373.53 60.0145 82.0867 488.546 1758.63 224.745 139.643 1257.23 100.496 1156.73 233.249 87.1971 1519.05 2233.89 194.097 55.863 93.6611 923.482 892.014 441.617 33.7261
internal_count=6549 5590 959 3258 1028 527 396 2332 2230 2102 128 215 501 682 219 228 2113 251 1862 262 166 460 1874 277 141 179 1600 1505 849 118
is_linear=0
shrinkage=0.05


Tree=15
num_leaves=31
num_cat=0
split_feature=131 61 118 184 88 124 184 189 105 92 49 65 28 186 83 88 24 29 185 184 186 112 135 108 141 132 39 59 173 96
split_gain=621.097 259.925 191.389 127.222 103.991 94.178 83.352 112.304 81.2255 79.9546 80.2255 77.4162 75.3673 68.0243 71.7781 67.4269 57.8183 56.8389 56.0954 56.1408 54.9548 77.809 54.6035 54.3102 54.0354 58.1177 52.7879 51.4875 51.1396 48.8437
threshold=64.936761357106477 1054.6500000000003 14.450000000000001 41.900000000000006 43.437500000000007 -0.5 204.05000000000004 19.150000000000002 17.500000000000004 17.250000000000004 949.1500000000002 10.15 36.250000000000007 5.0206259785288598e-05 14.950000000000001 24.787500000000005 36.500000000000007 41.400000000000006 0.00045471887698540959 86.050000000000026 0.0004284176855734087 280.22972465000004 54.580000000000005 276.13756870000003 28.605000000000004 5.5000000000000009 1.0000000180025095e-35 4.7814000000000005 9.5000000000000018 36.38750000000001
decision_type=2 2 2 2 2 2 2 8 2 2 2 2 2 8 2 2 2 2 10 2 10 2 2 2 2 2 2 2 8 2
left_child=2 4 9 16 6 13 7 23 24 10 -1 18 -5 14 -3 -10 -4 28 19 -9 21 27 -17 -2 25 -8 -15 -6 -7 -13
right_child=1 5 3 12 20 17 8 11 15 -11 -12 29 -14 26 -16 22 -18 -19 -20 -21 -22 -23 -24 -25 -26 -27 -28 -29 -30 -31
leaf_value=-0.10437856469314605 0.029007395881392936 -0.0033171030461104515 0.0066367187201943527 0.032177276790829656 -0.062645771116104296 -0.1023738092094314 0.018325706315085323 0.0032416690992948076 0.021903905265804064 0.017322229064921438 -0.018292764197898832 -0.046471291678879589 -0.0066489346710627978 -0.00070958948903912338 -0.056854002145203857 -0.01423522141325363 -0.046496522275015911 -0.030654379842665114 0.017824679847499577 -0.075494686380223844 0.0027200391333448651 -0.022196060917826964 -0.084315742514293912 -0.014563119924827143 0.032736238880795784 -0.040022498355715336 -0.041149898852979871 -0.16960747578622984 -0.047862164764409576 -0.016027794487860913
leaf_weight=29.736132495105267 268.38058616314083 98.31147211138159 315.05080444645137 1932.2062592934817 34.46515722386539 58.688735751435161 150.7003048369661 56.850653408095241 95.276726193726063 149.10203678067774 236.14078890159726 191.75164347724058 133.07136619463563 494.86281872401014 173.02249421924353 113.34536761138588 60.090284420177341 393.83286667335778 230.69932173774578 36.411942592822015 60.44252116791904 76.497302792035043 36.188492598943412 96.501483833417296 445.310619849246 58.374046287965029 95.489410432986915 17.646906118839979 174.19538884144276 425.25988366547972
leaf_count=94 112 105 273 688 79 181 95 53 53 97 323 371 151 502 371 146 117 636 148 93 57 111 99 125 153 106 175 81 342 562
internal_value=0.00177183 -0.0112449 0.0194703 0.0248077 -0.00103956 -0.0276452 0.00201607 -0.00604675 0.0137245 -0.0118901 -0.0282945 -0.015177 0.0296712 -0.0168783 -0.0375579 -0.0107988 -0.00196188 -0.0423904 0.00459468 -0.0279206 -0.036529 -0.0548921 -0.031676 0.0174622 0.0229091 0.00189798 -0.00731779 -0.101472 -0.0619999 -0.0255568
internal_weight=6737.9 3882.51 2855.4 2440.42 2394.1 1488.4 2205.05 1305.86 899.196 414.979 265.877 940.973 2065.28 861.686 271.334 244.811 375.141 626.717 323.962 93.2626 189.052 128.609 149.534 364.882 654.385 209.074 590.352 52.1121 232.884 617.012
internal_count=6499 4756 1743 1229 2444 2312 2116 1464 652 514 417 1227 839 1153 476 298 390 1159 294 146 328 271 245 237 354 201 677 160 523 933
is_linear=0
shrinkage=0.05


Tree=16
num_leaves=31
num_cat=0
split_feature=128 61 85 129 16 88 164 104 77 30 43 180 142 112 120 80 168 107 67 128 85 43 74 186 90 90 49 44 134 94
split_gain=556.493 244.776 129.507 118.097 143.98 105.344 103.943 102.921 109.047 126.798 96.7867 90.5076 86.5704 81.5631 77.7346 67.9799 66.2359 60.0131 84.408 71.6257 58.7961 56.9122 66.7491 58.3544 56.2927 69.9529 56.2887 71.418 65.324 55.4199
threshold=9.1197746952926142 391.25000000000006 267.52572035000009 3.5000000000000004 0.45500000000000007 43.862500000000004 0.3263888888888889 2.2500000000000013 273.73112855000005 -2.1714285714285708 0.27950000000000008 0.22916666666666669 135.82898045752839 269.3624971000001 284.79328870000006 15.337500000000004 0.003436210791666667 13.950000000000001 9.4500000000000011 8.6900050228473464 277.34643180000006 0.43350000000000005 26.621428571428577 0.00031441698232891594 23.772448979591839 21.340816326530614 960.25000000000011 947.50000000000011 7.7600000000000007 12.500000000000002
decision_type=2 2 2 2 2 2 2 2 2 2 2 2 2 2 2 2 2 2 2 2 2 2 2 8 2 2 2 2 2 2
left_child=2 5 -1 4 -3 10 17 16 13 -10 -2 14 15 26 20 -13 -5 18 -4 -20 -12 23 -23 -6 25 -22 27 -9 -28 -16
right_child=1 3 6 7 21 -7 -8 8 9 -11 11 12 -14 -15 29 -17 -18 -19 19 -21 24 22 -24 -25 -26 -27 28 -29 -30 -31
leaf_value=-0.013557141499973639 -0.05326926980940834 -0.055105560818906135 0.0066479095921383475 -0.0065847872420382626 -0.026376817585083728 -0.057770440021671136 0.036441209994282672 -0.014932817969676895 -0.033754232653510387 -0.1773929433892025 0.0089342181775703081 -0.071449872819937643 0.022686007611128163 0.0073376225431934991 -0.08581235193381892 0.0041233634584883416 0.025465373086727933 0.030218261885234257 -0.0092614891682191204 -0.13017015489787534 -0.01262899412637649 -0.1267034229267516 -0.022649813782257444 -0.0014621998701808527 -0.0052082003946992191 -0.13805576197901448 0.0071248672278620417 -0.13904141951775384 -0.045704283908017188 -0.013805237887848907
leaf_weight=198.74151949957013 63.830515200272202 356.21230853232555 219.4045964051038 376.22152953082696 512.83392553776503 63.906480761244893 1253.1679763216525 22.023796625435352 50.280990209430456 21.626031938940287 628.59960678836796 42.186541654169559 1048.095994010102 247.57967640459538 43.141787546221167 95.018373374827206 280.43896243162453 186.29396307654679 26.758330533280969 22.006030136719346 23.669085689820349 24.438103638589382 40.913390505127609 434.17378072999418 98.532314973883331 20.509577605873346 106.40491578541696 24.364811584353447 127.99109166488051 69.448762253392488
leaf_count=253 133 750 190 426 784 139 339 29 85 102 516 104 572 211 119 87 137 73 32 82 30 89 60 447 109 80 91 95 246 89
internal_value=0.00170669 -0.00733353 0.0245697 -0.0176356 -0.0277944 0.00497828 0.0290154 -0.00655712 -0.0215068 -0.0788628 0.00688679 0.00876972 0.0177948 -0.0135574 -0.00333364 -0.0194259 0.00711313 0.00849278 -0.00663729 -0.0654441 0.0023443 -0.0181348 -0.062959 -0.0149731 -0.0265077 -0.0727349 -0.0319598 -0.0817827 -0.0217727 -0.0419531
internal_weight=6728.81 4822.44 1906.37 2625.5 1368.57 2196.94 1707.63 1256.93 600.271 71.907 2133.03 2069.2 1185.3 528.364 883.901 137.205 656.66 454.463 268.169 48.7644 771.311 1012.36 65.3515 947.008 142.711 44.1787 280.785 46.3886 234.396 112.591
internal_count=6499 5530 969 3552 2130 1978 716 1422 859 187 1839 1706 763 672 943 191 563 377 304 114 735 1380 149 1231 219 110 461 124 337 208
is_linear=0
shrinkage=0.05


Tree=17
num_leaves=31
num_cat=0
split_feature=131 61 85 128 88 18 129 77 91 54 86 91 18 164 161 178 105 134 122 141 135 74 104 82 33 176 176 168 141 88
split_gain=523.665 198.351 155.983 118.355 81.0618 73.6344 77.0226 98.1877 70.1773 107.603 83.7324 77.419 65.4005 61.95 70.6215 54.8396 54.5972 52.0823 50.5701 55.7458 55.6279 70.0353 66.0243 58.1436 47.9332 48.0178 46.776 65.0352 46.4435 89.5405
threshold=64.936761357106477 1054.6500000000003 267.45843825000003 9.0703119626089794 43.437500000000007 0.063537500000000011 5.5000000000000009 273.81073400000008 20.350000000000005 0.10500000000000002 11.500000000000002 16.450000000000003 0.063537500000000011 0.3263888888888889 0.29591836734693883 3.1857756521739139e-06 8.5000000000000018 4.0050000000000008 16.500000000000004 35.815000000000005 30.955000000000002 26.178571428571434 4.2500000000000009 15.758000000000001 -0.62985628252973769 61.500000000000007 8.5000000000000018 0.0016903416458333338 33.340000000000011 24.937500000000007
decision_type=2 2 2 2 2 2 2 2 2 2 2 2 2 2 2 2 2 2 2 2 2 2 2 2 2 8 10 2 2 2
left_child=2 4 17 13 5 6 7 28 11 -10 -11 -5 15 14 -4 16 -3 -1 20 -20 21 -17 -23 -22 25 -8 -21 -28 29 -2
right_child=1 12 3 8 -6 -7 24 -9 9 10 -12 -13 -14 -15 -16 18 -18 -19 19 26 23 22 -24 -25 -26 -27 27 -29 -30 -31
leaf_value=-0.061578758701218275 0.015955035839429664 -0.030279320029362983 -0.020872573563584039 -0.027557486950515415 -0.031229424314301688 0.029478809251899409 -0.062897327257981944 -0.016889176513671632 0.0022356459861783175 -0.1761562852105624 -0.025686890876711707 0.020789314015719276 0.0032390259426255392 0.037104794339359939 0.02788381839017802 -0.03744420895436705 -0.14602181321633165 -0.0050347930542881114 -0.031116125135932246 -0.02451408529745731 0.0062193332299770093 -0.032305540695541111 0.014539196086989743 -0.042008798290654799 0.021179474610298624 0.016742995468422041 -0.18586581415072279 -0.064793048050223123 0.022959603998368439 -0.050571531577691314
leaf_weight=46.007154881954193 144.54281680844724 23.227908242493868 106.16416275314987 93.703945057466626 201.4512690519914 216.09266405925155 35.714775572530925 929.56908769882284 109.0192835079506 16.443689450621605 20.734279045835137 659.88827500212938 194.78291879966855 1154.8559348415583 241.13040523603559 155.04235201887786 18.360090270638466 308.71316791325808 283.71527691371739 27.786503948271275 75.631998922675848 100.99799366760999 285.37252498883754 347.82533641066402 455.4455309798941 38.239853804931045 16.573551407083869 35.979591315612197 300.58581912703812 76.507022795267403
leaf_count=104 98 38 151 146 328 88 82 1244 104 78 32 385 182 297 106 272 75 340 461 42 66 167 202 641 262 25 82 84 162 155
internal_value=0.00164411 -0.00999453 0.0183772 0.0229477 -0.000953487 0.00183368 -0.00119335 -0.00715103 0.00858633 -0.0229973 -0.0952408 0.0147425 -0.0238334 0.0315354 0.012948 -0.0276843 -0.0837231 -0.0125351 -0.0258652 -0.0417533 -0.0198282 -0.00917079 0.0022292 -0.0333888 0.0151112 -0.0219769 -0.0784122 -0.105827 0.0101922 -0.00717185
internal_weight=6720.11 3963.44 2756.66 2401.94 2398.15 2196.7 1980.6 1451.2 899.789 146.197 37.178 753.592 1565.3 1502.15 347.295 1370.51 41.588 354.72 1328.93 364.055 964.87 541.413 386.371 423.457 529.4 73.9546 80.3396 52.5531 521.636 221.05
internal_count=6499 4756 1743 1299 2444 2116 2028 1659 745 214 110 531 2312 554 257 2130 113 444 2017 669 1348 641 369 707 369 107 208 166 415 253
is_linear=0
shrinkage=0.05


end of trees

feature_importances:
log_customers=19
pop_density=17
min_t2m_next_24h=15
min_t2m_next_48h=11
cumul_gust_since_onset=11
P_change_per_gust_excess_obs=11
gust_max_next_24h=10
pct_forest=10
pct_developed=10
R_nonzero_frac_obs=9
hours_since_P_peak_obs=9
N_per_gust_excess_obs=9
sp_t=8
gust_peak4h_mean_next_24h=8
cumul_tp_since_onset=8
t2m_at_t48h=8
first_material_N_hour_obs=8
storm_onset_mean_osi=7
mslma_t=7
min_t2m_next_6h=7
pct_agriculture=7
pct_water=7
forest_x_customers=7
R_mean_last24_obs=7
P_active_frac_obs=7
gust_to_N_best_corr_obs=7
pre_event_mean_osi=6
gust_max_obs=6
gust_trend_last6h_obs=6
gust_mean_next_48h=6
gust_gt30_since_onset=6
t2m_at_t1h=6
t2m_at_t6h=6
gust_at_t48h=6
pct_wetland=6
pct_unmapped=6
tree_canopy_std=6
first_material_R_hour_obs=6
gust_at_first_material_N_obs=6
gust_max_last6h_obs=5
soil_moist_t=5
et0_t=5
wind_speed_max_next_48h=5
total_tp_next_48h=5
temp_change_6h=5
wind_speed_at_t48h=5
hour_cos=5
tree_canopy_pct=5
hours_since_N_peak_obs=5
gust_excess30_sum_obs=5
last_N_t=4
pre_event_max_outage_pct=4
osi_trend_last6h=4
frac_zero_72h=4
diffuse_rad_t=4
gust_x_hso=4
soil_gust_x_phase=4
gust_peak4h_mean_next_6h=4
wind_speed_at_t1h=4
tp_at_t6h=4
hours_since_obs=4
rural_urban_code=4
n_utilities=4
gust_mean_obs=3
wind_sin_t=3
soil_moist_x_gust=3
wind_speed_max_next_1h=3
gust_max_next_6h=3
wind_speed_max_next_6h=3
total_tp_next_6h=3
gust_mean_next_24h=3
wind_speed_max_next_24h=3
total_tp_next_24h=3
gust_gt30_next_24h=3
gust_gt30_next_48h=3
gust_change_3h=3
pressure_change_6h=3
hour_of_day=3
hours_since_R_peak_obs=3
last_osi=2
osi_max_72h=2
R_t_max_72h=2
gust_gt30_obs=2
gust_last_obs=2
wind_cos_t=2
t2m_t=2
d2m_t=2
blh_t=2
hcc_t=2
gust_max_next_1h=2
gust_mean_next_6h=2
gust_max_next_48h=2
gust_peak4h_mean_next_48h=2
t2m_at_t24h=2
tp_rate_next_48h=2
gust_to_N_best_lag_obs=2
last_D_t=1
last_outage_pct=1
osi_mean_72h=1
N_t_mean_72h=1
hours_since_peak=1
gust_gt40_obs=1
wind_speed_t=1
csnow_t=1
r2_t=1
tcc_t=1
dewpoint_c_t=1
min_t2m_next_1h=1
gust_gt30_next_6h=1
pressure_change_3h=1
wind_speed_at_t6h=1
gust_at_t24h=1
wind_speed_at_t24h=1
is_metro=1
pct_forest_classified=1
tp_rate_next_1h=1
tp_rate_next_24h=1
gust_gt30_frac_next_48h=1
N_nonzero_frac_obs=1
D_mean_last24_obs=1
N_mean_last24_obs=1
flow_balance_last24_obs=1
P_D_gap_last_obs=1
D_trend_last24_obs=1
P_post_peak_slope_obs=1

parameters:
[boosting: gbdt]
[objective: gamma]
[metric: rmse]
[tree_learner: serial]
[device_type: cpu]
[data_sample_strategy: bagging]
[data: ]
[valid: ]
[num_iterations: 2000]
[learning_rate: 0.05]
[num_leaves: 31]
[num_threads: -1]
[seed: 42]
[deterministic: 0]
[force_col_wise: 0]
[force_row_wise: 0]
[histogram_pool_size: -1]
[max_depth: -1]
[min_data_in_leaf: 50]
[min_sum_hessian_in_leaf: 0.001]
[bagging_fraction: 0.8]
[pos_bagging_fraction: 1]
[neg_bagging_fraction: 1]
[bagging_freq: 5]
[bagging_seed: 42]
[bagging_by_query: 0]
[feature_fraction: 0.8]
[feature_fraction_bynode: 1]
[feature_fraction_seed: 42]
[extra_trees: 0]
[extra_seed: 12879]
[early_stopping_round: 0]
[early_stopping_min_delta: 0]
[first_metric_only: 0]
[max_delta_step: 0]
[lambda_l1: 0.1]
[lambda_l2: 1]
[linear_lambda: 0]
[min_gain_to_split: 0]
[drop_rate: 0.1]
[max_drop: 50]
[skip_drop: 0.5]
[xgboost_dart_mode: 0]
[uniform_drop: 0]
[drop_seed: 42]
[top_rate: 0.2]
[other_rate: 0.1]
[min_data_per_group: 100]
[max_cat_threshold: 32]
[cat_l2: 10]
[cat_smooth: 10]
[max_cat_to_onehot: 4]
[top_k: 20]
[monotone_constraints: ]
[monotone_constraints_method: basic]
[monotone_penalty: 0]
[feature_contri: ]
[forcedsplits_filename: ]
[refit_decay_rate: 0.9]
[cegb_tradeoff: 1]
[cegb_penalty_split: 0]
[cegb_penalty_feature_lazy: ]
[cegb_penalty_feature_coupled: ]
[path_smooth: 0]
[interaction_constraints: ]
[verbosity: -1]
[saved_feature_importance_type: 0]
[use_quantized_grad: 0]
[num_grad_quant_bins: 4]
[quant_train_renew_leaf: 0]
[stochastic_rounding: 1]
[linear_tree: 0]
[max_bin: 255]
[max_bin_by_feature: ]
[min_data_in_bin: 3]
[bin_construct_sample_cnt: 200000]
[data_random_seed: 42]
[is_enable_sparse: 1]
[enable_bundle: 1]
[use_missing: 1]
[zero_as_missing: 0]
[feature_pre_filter: 1]
[pre_partition: 0]
[two_round: 0]
[header: 0]
[label_column: ]
[weight_column: ]
[group_column: ]
[ignore_column: ]
[categorical_feature: ]
[forcedbins_filename: ]
[precise_float_parser: 0]
[parser_config_file: ]
[objective_seed: 16083]
[num_class: 1]
[is_unbalance: 0]
[scale_pos_weight: 1]
[sigmoid: 1]
[boost_from_average: 1]
[reg_sqrt: 0]
[alpha: 0.9]
[fair_c: 1]
[poisson_max_delta_step: 0.7]
[tweedie_variance_power: 1.5]
[lambdarank_truncation_level: 30]
[lambdarank_norm: 1]
[label_gain: ]
[lambdarank_position_bias_regularization: 0]
[eval_at: ]
[multi_error_top_k: 1]
[auc_mu_weights: ]
[num_machines: 1]
[local_listen_port: 12400]
[time_out: 120]
[machine_list_filename: ]
[machines: ]
[gpu_platform_id: -1]
[gpu_device_id: -1]
[gpu_device_id_list: ]
[gpu_use_dp: 0]
[num_gpu: 1]

end of parameters

pandas_categorical:[]
