tree
version=v4
num_class=1
num_tree_per_iteration=1
label_index=0
max_feature_idx=162
objective=regression
feature_names=last_osi last_P_t last_N_t last_D_t last_R_t last_outage_pct osi_mean_72h osi_max_72h osi_std_72h outage_pct_mean_72h outage_pct_max_72h N_t_mean_72h N_t_max_72h R_t_mean_72h R_t_max_72h pre_event_mean_osi pre_event_max_outage_pct storm_onset_max_osi storm_onset_mean_osi osi_trend_last6h is_worsening frac_zero_72h hours_since_peak gust_mean_obs gust_max_obs gust_gt30_obs gust_gt40_obs cumul_gust_obs gust_last_obs gust_max_last6h_obs gust_trend_last6h_obs gust_t wind_speed_t wind_sin_t wind_cos_t t2m_t d2m_t tp_t rain_t csnow_t sdwe_t r2_t vpd_t soil_moist_t blh_t tcc_t lcc_t mcc_t hcc_t sp_t mslma_t sdswrf_t direct_rad_t diffuse_rad_t et0_t temp_c_t dewpoint_c_t icing_risk_t gust_exceed_30 soil_moist_x_gust is_snowing gust_x_hso gust_x_phase soil_gust_x_phase gust_exceed30_x_hso gust_max_next_1h gust_mean_next_1h wind_speed_max_next_1h total_tp_next_1h min_t2m_next_1h gust_gt30_next_1h gust_gt40_next_1h gust_peak4h_mean_next_1h gust_max_next_6h gust_mean_next_6h wind_speed_max_next_6h total_tp_next_6h min_t2m_next_6h gust_gt30_next_6h gust_gt40_next_6h gust_peak4h_mean_next_6h gust_max_next_24h gust_mean_next_24h wind_speed_max_next_24h total_tp_next_24h min_t2m_next_24h gust_gt30_next_24h gust_gt40_next_24h gust_peak4h_mean_next_24h gust_max_next_48h gust_mean_next_48h wind_speed_max_next_48h total_tp_next_48h min_t2m_next_48h gust_gt30_next_48h gust_gt40_next_48h gust_peak4h_mean_next_48h gust_change_1h gust_change_3h pressure_change_3h pressure_change_6h temp_change_6h wind_change_1h cumul_gust_since_onset cumul_tp_since_onset gust_gt30_since_onset gust_at_t1h wind_speed_at_t1h t2m_at_t1h tp_at_t1h gust_at_t6h wind_speed_at_t6h t2m_at_t6h tp_at_t6h gust_at_t24h wind_speed_at_t24h t2m_at_t24h tp_at_t24h gust_at_t48h wind_speed_at_t48h t2m_at_t48h tp_at_t48h hour_of_day hour_sin hour_cos days_since_onset hours_since_obs storm_phase log_customers rural_urban_code is_metro pop_density n_utilities pct_forest pct_developed pct_agriculture pct_water pct_wetland pct_unmapped pct_forest_classified tree_canopy_pct tree_canopy_std forest_x_customers window_len_next_1h is_full_next_1h tp_rate_next_1h gust_gt30_frac_next_1h has_weather_at_t1h window_len_next_6h is_full_next_6h tp_rate_next_6h gust_gt30_frac_next_6h has_weather_at_t6h window_len_next_24h is_full_next_24h tp_rate_next_24h gust_gt30_frac_next_24h has_weather_at_t24h window_len_next_48h is_full_next_48h tp_rate_next_48h gust_gt30_frac_next_48h has_weather_at_t48h
feature_infos=[0:0.55230000000000001] [0:0.82424180700000005] [0:0.065400654000000003] [0:0.90465771100000003] [0:0.058582058999999999] [0:82.420000000000002] [4.1666666666666669e-06:0.26529999999999998] [0.0001:0.65049999999999997] [1.9982631347136334e-05:0.22470370552747407] [0.00083333333333333328:39.644861111111112] [0.02:100] [3.1208333333333337e-06:0.018623942125000001] [7.4900000000000005e-05:0.37916412199999999] [3.1208333333333337e-06:0.017093115180555556] [7.4900000000000005e-05:0.18675781699999999] [0:0.38653749999999998] [0:100] [0:0.59799999999999998] [0:0.20940416666666664] [-0.055854285714285697:0.019237142857142855] [0:1] [0:0.95833333333333337] [0:71] [13.03611111111111:31.258333333333326] [29.100000000000001:70] [0:35] [0:17] [938.59999999999991:2250.5999999999995] [3.8999999999999999:47.5] [15.4:64.5] [-6.477142857142856:3.3114285714285714] [0.59999999999999998:58.299999999999997] [0:38] [-0.99999999953664132:0.99999999987412524] [-0.99999999369183823:1] [259.42265909999998:298.4303941] [257.33913039999999:289.74666669999999] [0:11.300000000000001] [0:11.300000000000001] [0:2.52] [0:0.089999999999999997] [15:100] [0:2.5] [0.16700000000000001:0.52300000000000002] [10:3015] [0:100] [0:100] [0:100] [0:100] [884.60000000000002:1027.2] [986.70000000000005:1031.8] [0:863] [0:737] [0:463] [0:0.59999999999999998] [-13.727340900000002:25.280394100000024] [-15.81086959999999:16.596666700000014] [0:1] [0:28.299999999999997] [0.19259999999999999:23.550000000000001] [0:1] [0.80000000000000004:3819.7999999999997] [0:107.59999999999999] [0:47.100000000000001] [0:1689.7999999999997] [1.2:58.299999999999997] [0.89999999999999991:54.5] [0:38] [0:14.699999999999999] [259.42265909999998:298.21689659999998] [0:2] [0:2] [0.89999999999999991:54.5] [2.7999999999999998:58.299999999999997] [2.0571428571428569:49.328571428571429] [0.40000000000000002:38] [0:26.699999999999999] [259.42265909999998:296.40927479999999] [0:7] [0:7] [2.5999999999999996:52.550000000000004] [8.3000000000000007:58.299999999999997] [4.5520000000000005:43.052] [5:38] [0:34.399999999999999] [259.42265909999998:286.57337899999999] [0:25] [0:19] [7.5:52.550000000000004] [10.1:58.299999999999997] [5.3392857142857135:37.897959183673471] [5.2000000000000002:38] [0:37.399999999999999] [259.42265909999998:282.77648069999998] [0:42] [0:22] [9.375:52.550000000000004] [-24.299999999999997:28.199999999999999] [-32:33.399999999999999] [-6.1999999999999318:10.599999999999909] [-10.899999999999977:14.599999999999909] [-20.027499999999975:21.845291299999985] [-15.300000000000001:28.000000000000004] [347.09999999999997:4155.3000000000002] [0:40.299999999999997] [0:61] [0.59999999999999998:58.299999999999997] [0:38] [259.42265909999998:298.4303941] [0:11.300000000000001] [0.90000000000000002:58.299999999999997] [0:38] [259.42265909999998:298.4303941] [0:11.300000000000001] [0.90000000000000002:58.299999999999997] [0:38] [259.42265909999998:298.4303941] [0:11.300000000000001] [0.90000000000000002:53.799999999999997] [0:33.799999999999997] [259.42265909999998:296.58327589999999] [0:11.300000000000001] [0:23] [-1:1] [-1:1] [1:5] [1:120] [0:3] [7.1180162044653335:13.453719692845613] [1:9] [0:1] [8.3691524328166658:11939.655837338518] [1:11] [0.96999999999999997:88.719999999999999] [2.21:86.629999999999995] [0.080000000000000002:87.469999999999999] [0.01:5.5099999999999998] [0:16.82] [1.8899999999999999:17.02] [0.98868616858628067:95.299005138296707] [2.2000000000000002:81.680000000000007] [12.65:40.350000000000001] [8.0679963363985543:931.7442536362413] none none [0:7.3499999999999996] [0:1] none none none [0:3.8142857142857141] [0:1] none none none [0:1.3759999999999999] [0:1] none [25:49] [0:1] [0:0.76326530612244892] [0:0.8571428571428571] [0:1]
tree_sizes=3426 3474 3559 3514 3495 3499 3543 3540 3546 3520 3550 3473 3543 3528 3512 3533 3506 3498 3521 3549 3569 3586

Tree=0
num_leaves=31
num_cat=0
split_feature=0 126 140 155 19 17 126 126 1 13 131 155 0 85 85 53 96 112 81 82 16 155 138 29 83 30 81 132 134 134
split_gain=1.91723 2.32653 0.867165 1.36888 2.20564 1.03078 0.501862 0.373567 0.314658 0.168652 0.113427 0.0850001 0.0833079 0.115895 0.0773553 0.0780165 0.072958 0.0972511 0.0531255 0.0465019 0.0416075 0.034187 0.0546134 0.0325539 0.0324555 0.0286307 0.0275564 0.0329289 0.0240023 0.037474
threshold=0.20185000000000003 18.500000000000004 71.610000000000014 0.30600000000000011 -0.0021257142857142846 0.051100000000000007 39.500000000000007 35.500000000000007 0.082906605000000008 0.0017604038750000004 100.14236344882157 0.64200000000000024 0.11260000000000002 276.62060580000008 281.04897725000006 202.50000000000003 39.987500000000004 276.42146015000009 38.250000000000007 26.174000000000007 0.34500000000000003 0.042000000000000016 3.3850000000000002 31.350000000000005 18.550000000000004 -2.1171428571428605 53.850000000000001 4.5000000000000009 7.5850000000000009 6.8100000000000014
decision_type=2 2 2 2 2 2 2 2 2 2 2 2 2 2 2 2 2 2 2 2 2 2 2 2 2 2 2 2 2 2
left_child=2 -2 7 16 5 -5 -3 8 14 23 -10 -9 -12 -14 18 -16 21 -18 -1 20 -13 -4 -23 -6 -8 -22 28 -28 29 -20
right_child=1 6 3 4 9 -7 24 11 10 -11 12 19 13 -15 15 -17 17 -19 26 -21 25 22 -24 -25 -26 -27 27 -29 -30 -31
leaf_value=0.0097137461491450961 0.017181406376624915 0.012810265029998255 0.0096512830102624472 0.018864849963530331 0.010591415246661216 0.012695859551051143 0.0096977394057499253 0.0096364870470804047 0.0099888520983488199 0.012313958758946503 0.010586814557010354 0.0099027802568246708 0.012066315079221573 0.010610783590531992 0.010110281096124005 0.011545568250329494 0.011831302624620007 0.01006601591996196 0.0099820386838089473 0.0098131659140794393 0.011186654042645352 0.011235752397976905 0.009822405259265676 0.0097466854885417693 0.010544546263266534 0.01009085838979379 0.011235530912754288 0.010060368319599064 0.0098798809048302044 0.010817404214835598
leaf_weight=2332.8767372369766 192 246 1019.7106537818909 150.64352643489838 368.70873463153839 129.76895403862 287.89617466926575 11122.934097290039 384.70614612102509 136.53307044506073 731.98847889900208 187.08608484268188 312 265.51130616664886 317.93650817871094 138.78888845443726 108.53709304332733 291.34870672225952 380.81089496612549 631.28847765922546 195.65537774562836 95.780796051025391 221.58348941802979 156.22347629070282 183.99721193313599 99.415521264076233 102.62714052200317 127.31991100311279 1370.1976181268692 199.28889584541321
leaf_count=2056 64 82 951 55 176 53 251 10512 254 61 335 136 104 121 222 61 57 200 277 522 96 39 192 135 74 64 53 77 1021 112
internal_value=0.0100569 0.0123037 0.00996186 0.0108032 0.0123372 0.0160472 0.0109841 0.00984232 0.0101429 0.0107502 0.0107316 0.00967821 0.0109535 0.0114079 0.00994314 0.0105596 0.00997341 0.0105608 0.00987955 0.0100905 0.0104638 0.00979374 0.0102356 0.0103304 0.0100388 0.0108357 0.0100593 0.0105734 0.00999592 0.0102612
internal_weight=22489.2 909.893 21579.3 2678.84 941.878 280.412 717.893 18900.4 6664.05 661.465 1694.21 12236.4 1309.5 577.511 4969.85 456.725 1736.96 399.886 4513.12 1113.45 482.157 1337.07 317.364 524.932 471.893 295.071 2180.24 229.947 1950.3 580.1
internal_count=18413 471 17942 1919 480 108 407 16023 4693 372 814 11330 560 225 3879 283 1439 257 3596 818 296 1182 231 311 325 160 1540 130 1410 389
is_linear=0
shrinkage=1


Tree=1
num_leaves=31
num_cat=0
split_feature=133 50 0 126 103 126 133 50 131 5 33 84 33 137 74 3 77 75 101 128 15 26 84 112 49 138 138 47 83 0
split_gain=2.06878 2.25617 1.83182 2.10237 0.428517 0.428245 0.216675 0.33868 0.380578 0.264339 0.158 0.138116 0.0870836 0.081265 0.0986199 0.0798898 0.0496775 0.0707477 0.0487233 0.0455882 0.0381071 0.0378872 0.0357033 0.0271481 0.0247674 0.0241475 0.0421637 0.029386 0.0235872 0.0209241
threshold=88.200000000000003 1008.35 0.20185000000000003 19.500000000000004 2023.7500000000002 41.500000000000007 79.305000000000021 1007.2500000000001 35.133458222840027 7.2950000000000008 -0.82616351771630825 1.0500000000000005 0.39458463453570042 0.75500000000000012 24.842857142857145 0.18851152100000004 277.2960447000001 8.0500000000000025 7.5977940500000054 10.282506010043578 0.00093958333333333339 12.500000000000002 8.7500000000000018 293.18921075000009 984.85000000000002 3.8450000000000002 2.9800000000000004 72.500000000000014 18.350000000000005 0.028450000000000003
decision_type=2 2 2 2 2 2 2 2 2 2 2 2 2 2 2 2 2 2 2 2 2 2 2 2 2 2 2 2 2 2
left_child=2 -2 4 -4 6 -5 9 8 -8 12 15 -3 29 23 -15 -11 -14 18 22 -17 -12 24 -18 -9 -22 26 -19 -28 -7 -1
right_child=1 11 3 5 -6 28 7 13 -10 10 20 -13 16 14 -16 19 17 25 -20 -21 21 -23 -24 -25 -26 -27 27 -29 -30 -31
leaf_value=-0.00035859968320052082 0.0091384002226074842 -0.00025570094310877769 0.0066357887860867054 0.002476142315863399 -0.00041658455551268393 -0.00036000587508643549 0.0033183193904768567 -0.00028125417928888088 0.00042071245345561188 0.00050128754235521716 -5.9912612263652712e-05 0.002269755459987081 -0.00026510577643551665 0.0021004845478077958 -0.00010838616117721436 0.0007479800655465714 0.00011679173462346724 -0.00020802032730226429 0.0018282865676692043 0.0019631521956925014 0 0.0010936714742743911 0.0014043340681715859 0.00068234491952634394 0.00080237325002191777 -7.1580025819417814e-05 0.00025922974974952026 0.0013966083771479345 0.00037722055524742047 2.4339565287876399e-05
leaf_weight=4070.5361648797989 126 132.07850241661072 201 255 9120.4320877790451 282.92892944812775 206.9640451669693 655.60156106948853 259.83757877349854 426.47462010383606 994.17296969890594 87.248555421829224 1207.4954271316528 96.712155342102051 96.109294891357422 141.32593667507172 245.49577844142914 187.73668777942657 82.506792068481445 236.60795629024506 385.02290880680084 162.32545876502991 72.275727987289429 78.93486225605011 126.81724655628204 1759.7654151916504 148.76537358760834 107.78131473064423 170.96445715427399 364.2461633682251
leaf_count=3651 42 112 67 85 8752 249 78 549 130 187 656 43 1013 41 74 65 176 152 33 80 253 58 35 51 44 1304 77 50 70 236
internal_value=-3.10853e-06 0.00383121 -6.32997e-05 0.00213194 -0.000157699 0.00084033 3.68245e-05 0.000623167 0.00172045 -3.90198e-05 0.000413711 0.000731977 -0.000175411 6.41873e-05 0.000978826 0.000989815 0 0.000122756 0.000733572 0.00152511 0.000132514 0.000423354 0.00042881 -0.000170119 0.000199301 9.275e-06 0.000340205 0.000760051 -7.11102e-05 -0.000326022
internal_weight=22489.2 345.327 22143.8 909.893 21233.9 708.893 12113.5 1394.16 466.802 10719.4 2472.75 219.327 8246.6 927.358 192.821 804.409 3811.82 2604.33 400.278 377.934 1668.34 674.166 317.772 734.536 511.84 2204.05 444.283 256.547 453.893 4434.78
internal_count=18413 197 18216 471 17745 404 8993 923 208 8070 1343 155 6727 715 115 332 2840 1827 244 145 1011 355 211 600 297 1583 279 127 319 3887
is_linear=0
shrinkage=0.05


Tree=2
num_leaves=31
num_cat=0
split_feature=133 155 0 126 126 104 15 1 91 99 155 89 155 155 137 128 30 116 138 36 92 25 1 139 139 83 93 4 120 88
split_gain=1.86853 2.05154 1.65421 1.90196 0.409592 0.390679 0.171 0.179402 0.189475 0.150565 0.0921964 0.0722014 0.0669272 0.0630195 0.0689875 0.0625404 0.0490379 0.0471538 0.0454022 0.044184 0.0383754 0.0364879 0.0335469 0.0297572 0.0293071 0.0262442 0.02508 0.0216815 0.0224819 0.0196106
threshold=88.200000000000003 0.35400000000000004 0.20185000000000003 18.500000000000004 39.500000000000007 5.7500000000000018 0.00027708333333333334 0.13643709050000002 15.050000000000002 0.64999999999997737 0.69400000000000017 42.45000000000001 0.042000000000000016 0.3020000000000001 0.045000000000000005 9.0494084161360799 0.31428571428571334 293.38661675000009 6.1450000000000005 268.84978845000006 14.450000000000005 10.500000000000002 0.072925425000000016 94.800254241315841 70.926061883346662 18.950000000000003 267.97546370000003 0.021025441500000002 267.11041520000009 49.875000000000007
decision_type=2 2 2 2 2 2 2 2 2 2 2 2 2 2 2 2 2 2 2 2 2 2 2 2 2 2 2 2 10 2
left_child=2 12 5 -4 -5 6 23 8 -8 20 16 15 -2 -7 18 -12 17 22 -15 -18 -9 -19 -10 27 -17 -6 -24 29 -29 -1
right_child=1 -3 3 4 25 13 7 9 10 -11 11 -13 -14 14 -16 24 19 21 -20 -21 -22 -23 26 -25 -26 -27 -28 28 -30 -31
leaf_value=-0.00026393680179180948 -0.00024301196242085791 0.0082416794964331307 0.0064367606371177905 0.0024820743998897224 -0.00032294753778061948 -0.00040584759942314462 0.0018808963901229888 0.00074868922081475046 -0.00020468577122178004 0.0017441942270319654 0.0020004221238557065 -0.00035918182150453522 0.0016222526051329217 0.0012486774122583142 -0.00023256364883227781 0.0012640427899022972 0.00076355881921174532 0.0010679438308270354 -8.8268063560068669e-05 -9.9276722529564637e-05 -6.0362109087710073e-05 0.00012429135738161186 -0.0001241418516302636 0.00056623273186125027 0.00026363230447382254 0.0004414809451849641 0.00047183953986786042 0.00080917117085466399 -7.8829679853833169e-05 0.00048771276005808744
leaf_weight=3656.3430052995682 132.07850241661072 141.64352643489838 192 246 292.02953791618347 9523.2316414117813 147.43971967697144 313.67202866077423 2994.2594184875488 323.97782266139984 110.16127383708954 130.69314002990723 71.605028986930847 157.13844084739685 716.56159770488739 116.27398598194122 366.10082948207855 134.36586976051331 94.878843069076538 233.03268587589264 254.31791508197784 493.67333996295929 327.52582955360413 122.80978763103485 245.73125624656677 179.86384868621826 357.6108330488205 96.900451183319092 233.81537520885468 83.428436636924744
leaf_count=3101 112 52 64 82 253 9173 81 124 2415 116 51 119 33 77 587 46 189 69 67 169 166 307 232 74 140 72 155 61 168 58
internal_value=-2.7534e-06 0.00364126 -5.99684e-05 0.00202612 0.000832233 -0.000149686 6.18713e-05 0.000221839 0.000116829 0.000881336 6.83804e-05 0.000651399 0.000393017 -0.000366752 1.25025e-05 0.000941857 -2.35314e-06 -6.23468e-05 0.000727226 0.000420022 0.000378179 0.000335507 -0.000131688 -0.000186758 0.000601329 -2.06922e-05 0.000179881 -0.000210838 0.000167938 -0.000245706
internal_weight=22489.2 345.327 22143.8 909.893 717.893 21233.9 10742.1 6548.84 5656.87 891.968 5509.43 602.86 203.684 10491.8 968.579 472.167 4906.57 4307.44 252.017 599.134 567.99 628.039 3679.4 4193.3 362.005 471.893 685.137 4070.49 330.716 3739.77
internal_count=18413 197 18216 471 407 17745 7841 4379 3973 406 3892 356 145 9904 731 237 3536 3178 144 358 290 376 2802 3462 186 325 387 3388 229 3159
is_linear=0
shrinkage=0.05


Tree=3
num_leaves=31
num_cat=0
split_feature=133 50 0 126 126 104 15 1 91 100 84 84 133 84 136 88 30 116 56 29 88 104 141 77 128 47 2 92 122 88
split_gain=1.68756 1.88785 1.49392 1.71709 0.3729 0.352943 0.154409 0.161841 0.171077 0.13647 0.104485 0.083369 0.067626 0.0568147 0.0703635 0.0480968 0.0441617 0.0426615 0.0399678 0.0348566 0.0335319 0.0326102 0.0311691 0.0317799 0.0311072 0.0485474 0.0310895 0.0294745 0.0193144 0.018318
threshold=88.200000000000003 1008.35 0.20185000000000003 18.500000000000004 37.500000000000007 5.7500000000000018 0.00027708333333333334 0.13643709050000002 15.050000000000002 1.8000000000001253 1.0500000000000005 17.350000000000005 84.075000000000017 7.5500000000000016 0.025000000000000005 34.462500000000013 0.31428571428571334 293.38661675000009 -4.3002115499999709 25.050000000000004 32.562500000000007 11.050000000000004 38.860000000000007 279.73269355000008 8.451898608804397 98.500000000000014 0.010714564500000001 14.450000000000005 11.500000000000002 49.875000000000007
decision_type=2 2 2 2 2 2 2 2 2 2 2 2 2 2 2 2 2 2 2 2 2 2 2 2 2 2 2 2 2 2
left_child=2 -2 5 -4 -5 6 22 8 -8 27 -3 16 15 -7 -15 20 17 26 28 -19 -13 -6 24 -24 25 -1 -10 -9 -18 -26
right_child=1 10 3 4 21 13 7 9 11 -11 -12 12 -14 14 -16 -17 18 19 -20 -21 -22 -23 23 -25 29 -27 -28 -29 -30 -31
leaf_value=-0.0001707156021677122 0.0083153299347856844 -0.00023095267175418581 0.006116590149353205 0.0025059248341078111 0.00050736957849560279 -0.00038555733902337493 0.0017874851128779361 0.00068687104813015115 -0.00016597583329390895 0.0016450150442299653 0.0019624333904489587 0.00024964178985261413 0.0018828042842596487 0.001396263365608265 -0.00011470784551181413 -0.0001356728670234946 0.00036797200680034386 0.00090280340836926916 -9.4334096048122602e-05 6.8444840035370214e-05 0.0013927644559640334 -0.0003085052595425296 -0.00030880838914524618 0.00080076290755977321 -0.00026159838017469602 0.0015175200011163723 0.00039886492476921522 -2.1612406415178898e-05 0.0011546419504704991 0.00046361590584892355
leaf_weight=110.08448600769043 126 132.07850241661072 192 219 209.48281466960907 9523.2316414117813 147.43971967697144 300.55906295776367 3422.6258728504181 331.08901023864746 87.248555421829224 145.91760575771332 90.943110466003418 83.313599586486816 885.26528203487396 230.10490751266479 207.09052133560181 181.99220430850983 233.03268587589264 446.04700541496277 135.89403235912323 289.41057193279266 100.53259241580963 156.51650488376617 3678.4874843358994 64.247551679611206 256.77020823955536 260.31969320774078 159.01030814647675 83.428436636924744
leaf_count=90 42 112 64 73 85 9173 81 120 2675 118 43 84 41 39 692 181 119 90 169 286 50 249 89 81 3098 46 127 168 70 58
internal_value=-2.4597e-06 0.00346058 -5.68445e-05 0.00192559 0.000790803 -0.000142116 5.89453e-05 0.000210972 0.000111183 0.000837405 0.000623832 6.5099e-05 0.000619505 -0.000348436 1.14095e-05 0.000382096 -2.11322e-06 -5.90979e-05 0.000398659 0.000319223 0.000821529 2.4404e-05 -0.000177283 0.000347915 -0.000212929 0.000428048 -0.000125102 0.000349692 0.000725485 -0.000244068
internal_weight=22489.2 345.327 22143.8 909.893 717.893 21233.9 10742.1 6548.84 5656.87 891.968 219.327 5509.43 602.86 10491.8 968.579 511.917 4906.57 4307.44 599.134 628.039 281.812 498.893 4193.3 257.049 3936.25 174.332 3679.4 560.879 366.101 3761.92
internal_count=18413 197 18216 471 407 17745 7841 4379 3973 406 155 3892 356 9904 731 315 3536 3178 358 376 134 334 3462 170 3292 136 2802 288 189 3156
is_linear=0
shrinkage=0.05


Tree=4
num_leaves=31
num_cat=0
split_feature=133 84 0 126 126 103 133 50 131 1 93 33 131 3 137 74 84 81 75 48 74 112 28 94 136 49 16 0 133 137
split_gain=1.52421 1.70905 1.34916 1.55017 0.336695 0.321432 0.169741 0.274797 0.322722 0.203764 0.133566 0.071907 0.0695941 0.0745034 0.0633883 0.0848223 0.0493548 0.0402243 0.0756233 0.0600209 0.0296873 0.0252244 0.0221622 0.0203622 0.0332349 0.0385676 0.0193405 0.0179954 0.0176807 0.0176786
threshold=88.200000000000003 8.8500000000000032 0.20185000000000003 18.500000000000004 37.500000000000007 2023.7500000000002 79.305000000000021 1007.2500000000001 35.133458222840027 0.072925425000000016 271.04652805000006 0.39458463453570042 100.14236344882157 0.18851152100000004 0.75500000000000012 24.842857142857145 1.0500000000000005 33.650000000000013 8.0500000000000025 82.500000000000014 30.992857142857151 293.18921075000009 44.050000000000004 10.500000000000002 0.33500000000000008 988.45000000000016 0.89000000000000012 0.028450000000000003 86.820000000000007 0.055000000000000007
decision_type=2 2 2 2 2 2 2 2 2 2 2 2 2 2 2 2 2 2 2 2 2 2 2 2 2 2 2 2 2 2
left_child=2 16 5 -4 -5 6 9 8 -8 11 22 27 -12 -14 21 -16 -2 -13 19 -19 -6 -9 -11 24 25 -20 -25 -1 -10 -7
right_child=1 -3 3 4 20 29 7 14 28 10 12 17 13 -15 15 -17 -18 18 23 -21 -22 -23 -24 26 -26 -27 -28 -29 -30 -31
leaf_value=-0.00032048986294846678 -0.00021949181786197247 0.0074878710309631315 0.0058123453934266775 0.0023811979730698199 -0.00020775641273059771 -0.00019264496159882835 0.0030121521955059922 -0.00026518962852904618 0 -4.1863749640980546e-05 1.4058624737250066e-05 -0.00029107695825706298 0.00054554895997863172 0.0015255881448274066 0.0018986709276445177 -0.00014857362410671993 0.0013798623713036653 0.00014146942798854071 7.7530223659318806e-05 0.0014941657495884338 0.00064671097680934987 0.0006636287253139031 0.00049677710955849574 -0.00021918031124507493 0 0.0016146684521865014 8.4582489792541985e-05 3.4192661088725748e-05 0.00080353384461812451 -0.00039019562369665327
leaf_weight=4070.5361648797989 132.07850241661072 141.64352643489838 192 219 358.97147858142853 1461.0508234500885 206.9640451669693 655.60156106948853 144.912513256073 1184.5152336359024 239.06183707714081 876.28617751598358 444.64342141151428 379.96284151077271 96.712155342102051 96.109294891357422 71.605028986930847 185.03216505050659 93.398461937904358 161.01372194290161 139.92190802097321 78.93486225605011 224.56376326084137 1059.6808221340179 347.41105055809021 83.398087739944458 1005.6020300388336 364.2461633682251 114.92506551742554 7659.3812643289566
leaf_count=3651 112 52 64 73 283 1320 78 549 82 789 139 788 173 137 41 74 33 115 67 78 51 51 105 827 250 52 663 236 48 7432
internal_value=-2.15458e-06 0.00328901 -5.38513e-05 0.00183007 0.000751451 -0.000134897 3.35284e-05 0.000552515 0.00154088 -3.35499e-05 0.000363866 -0.000153351 0.000786806 0.00100449 4.84926e-05 0.00085695 0.000322328 4.62074e-06 9.46611e-05 0.000787773 2.27036e-05 -0.000157813 4.07245e-05 0 0.000279741 0.000835751 -6.88867e-05 -0.00029023 0.000342776 -0.000359122
internal_weight=22489.2 345.327 22143.8 909.893 717.893 21233.9 12113.5 1394.16 466.802 10719.4 2472.75 8246.6 1063.67 824.606 927.358 192.821 203.684 3811.82 2935.54 346.046 498.893 734.536 1409.08 2589.49 524.208 176.797 2065.28 4434.78 259.838 9120.43
internal_count=18413 197 18216 471 407 17745 8993 923 208 8070 1343 6727 449 310 715 115 145 2840 2052 193 334 600 894 1859 369 119 1490 3887 130 8752
is_linear=0
shrinkage=0.05


Tree=5
num_leaves=31
num_cat=0
split_feature=0 126 133 36 103 126 133 50 141 5 49 93 136 33 133 86 0 29 53 105 136 49 28 128 15 91 2 120 0 128
split_gain=1.41182 1.67485 1.23415 1.47048 0.29436 0.275214 0.176786 0.280625 0.25406 0.185046 0.141222 0.117427 0.0691827 0.0607227 0.0541055 0.0642371 0.0463566 0.04216 0.0523219 0.0396058 0.0335607 0.030601 0.0256164 0.0210968 0.0220678 0.0200902 0.0188259 0.0891339 0.0181112 0.01763
threshold=0.20185000000000003 19.500000000000004 88.200000000000003 277.66645610000006 2011.5500000000002 39.500000000000007 79.305000000000021 1008.35 25.640000000000004 7.2950000000000008 978.85000000000002 271.04652805000006 0.6100000000000001 0.2477285990076257 80.530000000000015 4.5000000000000009 0.11260000000000002 24.550000000000004 202.50000000000003 10.500000000000002 0.05000000000000001 978.35000000000002 44.750000000000007 10.133735740856517 0.0012729166666666668 18.350000000000005 0.0053583815000000012 282.97450380000004 0.093500000000000014 9.9957932222808719
decision_type=2 2 2 2 2 2 2 2 2 2 2 2 2 2 2 2 2 2 2 2 2 2 2 2 2 2 2 10 2 2
left_child=2 -2 4 10 6 -3 9 8 20 13 -4 23 29 -1 15 -9 -14 18 19 -15 -8 -18 -19 -11 -25 -7 -6 -28 -16 -13
right_child=1 5 3 -5 26 25 7 14 -10 11 -12 12 16 17 28 -17 21 22 -20 -21 -22 -23 -24 24 -26 -27 27 -29 -30 -31
leaf_value=-0.00028997644995613708 0.0055837915234010797 0.0020389908354593676 0.0024229967695226931 0.0077863006150014824 -0.0003598288571232886 -0.0002933644819557346 0.0010511702197077671 -0.0002527895743734131 0.0026070871664377344 -0.00019943929712976715 -0.00014767074417683818 -0.00012914384582188534 0.00040116155450750239 -3.6746530816118271e-05 -0.00026483909035752648 0.0016355624321521352 0.0019105914024875898 -0.00014569321299893754 0.0010122389697908758 0.00091685711777568469 -8.9882363836176849e-05 0.00087923323096078792 0.00054264601118377042 1.0878001154262348e-05 0.00057603077586042566 0.00036550218681036077 -0.00027291319065059336 0.0017851166985932334 0.00059295739122076137 0.00049807802849342094
leaf_weight=3992.1319270133972 231 246 76.896050214767456 105.21023941040039 8705.1210134029388 277.16384518146515 102.41259610652924 73.882569909095764 255.98597037792206 555.28531754016876 159.68451309204102 135.35408449172974 159.19110059738159 800.82139360904694 632.6192911863327 99.60899555683136 201 2917.2217255830765 185.87555050849915 123.69700956344604 152.40385961532593 154.27029812335968 138.12268662452698 558.44151568412781 262.10823118686676 196.09202969074249 504.81899607181549 57.558044195175171 64.197143316268921 430.3971403837204
leaf_count=3531 77 82 30 38 8382 243 41 65 98 432 127 95 68 580 534 62 67 2307 92 65 88 62 70 337 105 79 459 49 32 169
internal_value=1.0541e-06 0.00188646 -8.17266e-05 0.00289389 -0.000129928 0.000685957 3.32192e-05 0.00056535 0.00149452 -3.55987e-05 0.000673512 0.000344185 0.000734343 -0.000150579 1.31695e-05 0.0008059 0.00115764 -1.5754e-05 0.000246562 8.62924e-05 0.000351486 0.0014805 -0.000112772 3.39176e-05 0.000197972 -9.62734e-06 -0.000341611 -5.06086e-05 -0.000177909 0.000339232
internal_weight=22554.6 950.256 21604.3 341.791 21262.5 719.256 11995 1381.11 510.802 10613.9 236.581 2456.05 1080.21 8157.87 870.308 173.492 514.461 4165.74 1110.39 924.518 254.816 355.27 3055.34 1375.84 820.55 473.256 9267.5 562.377 696.816 565.751
internal_count=18466 481 17985 195 17790 404 8900 920 227 7980 157 1335 461 6645 693 127 197 3114 737 645 129 129 2377 874 442 322 8890 508 566 264
is_linear=0
shrinkage=0.05


Tree=6
num_leaves=31
num_cat=0
split_feature=0 62 139 84 128 139 103 105 1 33 81 107 101 138 136 104 92 85 76 84 6 1 22 120 88 105 81 6 3 131
split_gain=1.27491 1.36984 0.497638 0.850283 1.35267 0.212111 0.207193 0.185552 0.168665 0.0892994 0.0506417 0.0539769 0.0566344 0.0557208 0.0458629 0.043287 0.0317149 0.0377327 0.0651946 0.0307503 0.038625 0.0306878 0.0294685 0.0663002 0.0280075 0.0253091 0.0246164 0.0247749 0.0203838 0.0283949
threshold=0.20185000000000003 12.950000000000001 87.760506709764101 7.7500000000000018 8.3844366951598737 89.303625086230099 1795.55 20.500000000000004 0.15152663050000001 -0.76690442072599241 33.550000000000004 12.250000000000002 7.5977940500000054 4.6100000000000003 0.6100000000000001 1.8500000000000005 1.0500000000000005 273.18725945000006 0.15000000000000005 19.250000000000007 0.00037361111111111118 0.039655072500000006 1.0000000180025095e-35 282.97450380000004 33.38750000000001 25.500000000000004 54.95000000000001 0.0023770833333333339 0.010936583000000001 32.789184554052362
decision_type=2 2 2 2 2 2 2 2 2 2 2 2 2 2 2 2 2 2 2 2 2 2 2 10 2 2 2 2 2 2
left_child=2 -2 6 16 -5 -6 8 -3 10 14 21 12 19 -14 -10 -11 -4 18 -18 26 -21 -1 23 25 -7 -8 27 -12 -13 -30
right_child=1 7 3 4 5 24 22 -9 9 15 11 28 13 -15 -16 -17 17 -19 -20 20 -22 -23 -24 -25 -26 -27 -28 -29 29 -31
leaf_value=-0.00031618897160720307 0.0046250104111129958 0.0018146003006807882 -0.00031791391491241993 0.0065265311545706327 0.0023221048149375668 0.00063321983777201232 0.00076883375039538669 -1.9735078014798336e-05 0.00033276023972339552 -0.00011728380073177663 -0.00015557759525365998 -0.00028087064808619361 0.0017735850725754641 0.00015879723006370657 0.0014797534650756187 0.00079450701379251321 0.0015670950546194725 -0.00014669946744718613 1.6104457693255641e-05 -5.2002849773820959e-05 0.0011313601894400386 0.00012468776628864721 -0.00033769309114907784 0.0015612520776738562 -0.00024000043593734263 -0.00031803763714489654 0.00072961916913929484 0.00014872915301845197 0.00089937523396316959 -6.5618587008248725e-05
leaf_weight=2289.1730191707611 294 192 641.71556520462036 137.21023941040039 189.81191968917847 202.32512211799622 59.318766713142395 464.25587487220764 138.59965884685516 372.49274575710297 1203.2422515153885 1389.645498752594 103.2002911567688 125.74293291568756 314.2438873052597 193.5493597984314 108.22377848625183 393.03120851516724 196.23221254348755 111.59074974060059 151.65344142913818 458.29489064216614 9293.7567619085312 62.701723694801331 156.28352761268616 385.75277853012085 124.70446634292603 1496.799033164978 80.24075186252594 1224.7806805372238
leaf_count=2096 98 64 591 50 74 97 35 319 60 262 936 1219 48 69 111 70 50 319 148 86 72 254 8896 55 124 357 68 911 54 873
internal_value=1.1347e-06 0.0017928 -7.75189e-05 0.000668035 0.00209883 0.000972091 -0.000154907 0.000511271 7.44448e-06 0.000616444 -6.2888e-05 1.76223e-05 0.000153383 0.000912984 0.00114122 0.000186523 -6.17757e-05 0.000166841 0.000587123 9.51705e-05 0.000612505 -0.00024081 -0.000317362 4.48679e-05 0.000239153 -0.000160573 4.49898e-05 1.12598e-05 -0.000147629 -1.8132e-06
internal_weight=22554.6 950.256 21604.3 2024.83 685.631 548.421 19579.5 656.256 9777.95 1018.89 8759.07 6011.6 3316.93 228.943 452.844 566.042 1339.2 697.487 304.456 3087.99 263.244 2747.47 9801.53 507.773 358.609 445.072 2824.75 2700.04 2694.67 1305.02
internal_count=18466 481 17985 1453 345 295 16532 383 7189 503 6686 4336 2190 117 171 332 1108 517 198 2073 158 2350 9343 447 221 392 1915 1847 2146 927
is_linear=0
shrinkage=0.05


Tree=7
num_leaves=31
num_cat=0
split_feature=0 61 133 36 103 94 133 118 18 1 116 93 136 33 137 0 29 53 105 69 119 28 48 128 44 2 2 128 15 120
split_gain=1.15088 1.3875 1.01203 1.21991 0.242197 0.205296 0.149603 0.204306 0.252769 0.154086 0.10292 0.0986447 0.0559723 0.0507683 0.040797 0.0364784 0.0359084 0.0435433 0.0335804 0.030118 0.0229808 0.0226753 0.0221126 0.0182951 0.0191324 0.016289 0.0824927 0.0161096 0.0151231 0.0143797
threshold=0.20185000000000003 184.90000000000003 88.200000000000003 277.66645610000006 2011.5500000000002 16.500000000000004 79.305000000000021 16.150000000000002 0.0044291666666666672 0.072925425000000016 273.93867725000007 271.04652805000006 0.6100000000000001 0.25689226117795938 1.4200000000000002 0.11260000000000002 24.550000000000004 202.50000000000003 10.500000000000002 284.9320126500001 6.4500000000000011 44.750000000000007 58.500000000000007 10.133735740856517 617.50000000000011 0.0053583815000000012 0.0060912370000000002 10.133735740856517 0.0012729166666666668 270.64971640000005
decision_type=2 2 2 2 2 2 2 10 2 2 2 2 2 2 2 2 2 2 2 2 10 2 2 2 2 2 2 2 2 10
left_child=2 -2 4 10 6 -3 9 8 19 13 -4 23 27 -1 20 -14 17 18 29 -8 -9 -18 -17 -11 28 -6 -27 -13 -25 -15
right_child=1 5 3 -5 25 -7 7 14 -10 11 -12 12 15 16 -16 22 21 -19 -20 -21 -22 -23 -24 24 -26 26 -28 -29 -30 -31
leaf_value=-0.00026380717903958894 0.0050122662552264559 -7.1477901990064745e-05 0.0018480657808375945 0.0070773968294131281 -0.00032614284613147459 0.0016582892297263632 -0.00018338946226521835 0.00064134210321707512 0.0024066467128673052 -0.00018773852326023929 -0.0002402202840939725 -7.0234908826529935e-05 0.00037596184688757815 0.00010138538837992751 0.00085119264939094116 0.0016793654857349288 -0.00013461250720987747 0.00092793419023586845 0.00085584286640273352 0.00073580067932969742 -0.00027268412821323455 0.00051295365638145919 0.00077055200693468002 0.00018552126887653563 -6.1009413187092083e-05 0.0017238578177822693 -0.00025281479603781284 0.00048959040008111779 0.00085165616869301161 -0.00035956673807478111
leaf_weight=4028.094539642334 237 437.53075814247131 96.723173379898071 105.21023941040039 8705.1210134029388 275.72511672973633 153.746049284935 74.286931753158569 255.13376235961914 555.28531754016876 139.8573899269104 167.89798772335052 159.19110059738159 559.69443798065186 115.44660139083862 216 2886.9307701587677 185.87555050849915 121.03737998008728 189.95377659797668 592.54330468177795 138.12268662452698 139.27029812335968 292.97332108020782 388.79740357398987 57.799884796142578 504.57715547084808 397.85323715209961 138.77902221679688 238.11492800712585
leaf_count=3560 79 310 41 38 8382 92 117 52 95 432 116 110 68 349 68 72 2282 92 64 81 507 70 57 146 249 50 458 154 47 228
internal_value=1.19998e-06 0.0017035 -7.35189e-05 0.002621 -0.000117189 0.000591588 3.07636e-05 0.000520293 0.00121458 -3.25071e-05 0.00059669 0.000313999 0.000671603 -0.000137466 -5.67701e-06 0.00105291 -1.29919e-05 0.000229462 8.18759e-05 0.000310778 -0.000162564 -0.000103233 0.0013403 2.93169e-05 0.000182339 -0.000309208 -3.80824e-05 0.000314798 0.000412666 -3.02094e-05
internal_weight=22554.6 950.256 21604.3 341.791 21262.5 713.256 11995 1381.11 598.834 10613.9 236.581 2456.05 1080.21 8157.87 782.277 514.461 4129.78 1104.72 918.847 343.7 666.83 3025.05 355.27 1375.84 820.55 9267.5 562.377 565.751 431.752 797.809
internal_count=18466 481 17985 195 17790 402 8900 920 293 7980 157 1335 461 6645 627 197 3085 733 641 198 559 2352 129 874 442 8890 508 264 193 577
is_linear=0
shrinkage=0.05


Tree=8
num_leaves=31
num_cat=0
split_feature=0 126 139 84 128 126 139 103 1 131 92 81 137 114 21 128 107 101 138 13 1 92 112 118 138 124 100 88 61 16
split_gain=1.03894 1.26011 0.409357 0.701731 1.10748 0.199663 0.182133 0.171506 0.149128 0.0623345 0.0665407 0.045861 0.0447837 0.0597515 0.0706447 0.121695 0.0374119 0.0492548 0.0475571 0.0274267 0.0266999 0.0264826 0.0302858 0.0470247 0.0328914 0.0256073 0.0553183 0.0250181 0.0187313 0.0184878
threshold=0.20185000000000003 19.500000000000004 87.760506709764101 7.7500000000000018 8.3844366951598737 39.500000000000007 89.303625086230099 1593.1500000000005 0.15152663050000001 100.14236344882157 14.150000000000004 33.650000000000013 0.055000000000000007 14.450000000000001 0.5902777777777779 9.2083290871281154 12.15 7.5977940500000054 4.6100000000000003 0.0016090432986111114 0.039655072500000006 1.0500000000000005 276.23932020000007 20.750000000000004 3.3850000000000002 0.91597561503675351 -4.1999999999999877 33.112500000000004 200.30000000000004 0.16500000000000001
decision_type=2 2 2 2 2 2 2 2 2 2 2 2 2 2 2 2 2 2 2 2 2 2 2 10 2 2 2 2 2 2
left_child=2 -2 7 21 -5 -3 -6 8 11 -10 28 20 13 -9 15 -15 17 25 -19 -17 -1 -4 23 24 -23 29 -27 -8 -11 -13
right_child=1 5 3 4 6 -7 27 12 9 10 -12 16 -14 14 -16 19 -18 18 -20 -21 -22 22 -24 -25 -26 26 -28 -29 -30 -31
leaf_value=-0.00029486035197221367 0.0048260184698577582 0.0017289265910321887 -0.00029052210842192366 0.0059133048331680045 0.0021366972492819396 -1.4570322571630571e-05 0.00059048470409674798 -0.00032214204171957683 -0.00015137905225768376 0.0014040337288100443 1.8433859330788576e-05 -0.00025080058015256219 -0.00031324438035555403 0.0018703580370701351 -0.0002956170351573276 -0.00014321665027516436 -0.00012030153730324207 0.0016559509571610306 0.00014237879020270541 0.00087928386174332114 0.00011741751751174617 0.0009964598405902028 -0.00011969885012813888 0.0016821962691517648 -0.00024992354845020836 0.0013623850907514229 0.00011347378426854247 -0.00023235497400541632 0.0007286875935281407 9.5835437271302832e-05
leaf_weight=2094.0136259794235 231 246 641.71556520462036 137.21023941040039 189.81191968917847 473.25587487220764 196.73959469795227 824.79528141021729 190.87372946739197 307.60176181793213 192.24145770072937 482.49259269237518 9347.550772190094 146.04011976718903 302.48524165153503 237.89215064048767 2110.5885562896729 103.2002911567688 119.85270726680756 87.171764135360718 463.34384608268738 78.604331016540527 402.5106155872345 68.828716635704041 147.54353630542755 118.25928246974945 390.32526898384094 161.8690550327301 223.96642601490021 1836.7888140678406
leaf_count=1926 77 82 591 50 74 322 95 789 135 105 115 399 8916 68 274 181 1658 48 65 46 254 34 322 34 127 67 248 126 78 1160
internal_value=1.26474e-06 0.00161867 -6.97164e-05 0.00060644 0.00190627 0.000576371 0.000885708 -0.000139925 2.61736e-05 0.00062984 0.000842676 -4.47854e-05 -0.000271381 -2.3388e-05 0.000288691 0.000674284 4.01893e-05 0.000152856 0.000869247 0.000117507 -0.000218192 -5.62297e-05 0.000152277 0.000539447 0.000163761 9.42948e-05 0.000415794 0.000205553 0.00113078 2.1491e-05
internal_weight=22554.6 950.256 21604.3 2024.83 685.631 719.256 548.421 19579.5 8633.55 914.683 723.81 7718.86 10945.9 1598.38 773.589 471.104 5161.51 3050.92 223.053 325.064 2557.36 1339.2 697.487 294.977 226.148 2827.87 508.585 358.609 531.568 2319.28
internal_count=18466 481 17985 1453 345 404 295 16532 6258 433 298 5825 10274 1358 569 295 3645 1987 113 227 2180 1108 517 195 161 1874 315 221 183 1559
is_linear=0
shrinkage=0.05


Tree=9
num_leaves=31
num_cat=0
split_feature=0 126 133 50 126 126 133 118 141 6 5 93 136 93 33 112 141 51 81 24 136 96 91 15 23 77 4 21 98 36
split_gain=0.937935 1.13766 0.82868 1.0328 0.204272 0.180607 0.134589 0.187894 0.167033 0.162561 0.114268 0.0988011 0.0500055 0.0430458 0.0405421 0.0326482 0.0282215 0.0315311 0.0302674 0.0324993 0.0275142 0.0246808 0.0186071 0.0185089 0.0209882 0.0247195 0.0202426 0.0183474 0.0172607 0.0158855
threshold=0.20185000000000003 19.500000000000004 88.200000000000003 1009.1500000000002 63.500000000000007 38.500000000000007 79.305000000000021 16.150000000000002 25.640000000000004 0.0035847222222222226 8.2900000000000009 271.04652805000006 0.6100000000000001 267.50534780000004 0.25689226117795938 274.83887175000001 38.860000000000007 314.50000000000006 53.850000000000001 47.250000000000007 1.6650000000000003 33.51250000000001 18.350000000000005 0.00038437500000000011 18.664583333333336 277.84505530000007 0.021025441500000002 0.4513888888888889 8.8000000000000043 268.58402450000006
decision_type=2 2 2 2 2 2 2 10 2 2 2 2 2 2 2 2 2 2 2 2 2 2 2 2 2 2 2 2 2 2
left_child=2 -2 4 -4 6 -3 10 8 21 -10 14 27 -13 -5 -1 -9 18 -18 23 -20 -14 -8 -7 26 25 -25 -16 29 -17 -12
right_child=1 5 3 13 -6 22 7 15 9 -11 11 12 20 -15 16 28 17 -19 19 -21 -22 -23 -24 24 -26 -27 -28 -29 -30 -31
leaf_value=-0.00022859760897847375 0.0045857577957212929 0.0016850804683375869 0.0060616345386012302 0.00095992139556635124 -0.00029076799324901119 -0.00026816875763945486 0.00078171521638223114 0.00082367364754552591 0.00067853196723157512 0.0032379880180132808 0.00041953837199808436 0.00029304165879514362 0.0013306655898674311 -0.00041492818894682 -0.00023963989818118295 -0.00022289670364176035 8.0090105551989336e-05 0.0011471273564673289 0.0012306034880007997 1.7218846522154783e-05 0.00049962241224331644 -6.2906872259520645e-05 0.00035721533629385569 -0.00017703366725762556 -4.7345634771682227e-05 0.00077111623602566393 0.00058988808733233212 -0.00020596912110285373 0.00062358139065327059 -9.201846446842548e-07
leaf_weight=4354.4705929756165 231 234 121.20678079128265 118.79552698135376 8764.3463442325592 280.16384518146515 178.72765779495239 100.17308080196381 119.77527403831482 144 338.41585350036621 528.8960440158844 292.22573232650757 101.78849494457245 1706.4156039953232 627.07059001922607 236.37952816486359 104.50829613208771 90.541022300720215 161.05397307872772 190.05630314350128 147.11241888999939 205.09202969074249 97.96945858001709 1558.5966131687164 181.49264073371887 72.688201189041138 608.70943868160248 63.248165369033813 595.65362751483917
leaf_count=3828 77 78 41 70 8456 244 82 63 62 48 153 249 98 84 1417 524 164 48 41 99 85 92 82 86 1143 79 48 494 45 386
internal_value=1.29785e-06 0.00153808 -6.61335e-05 0.00237205 -0.000105672 0.000547325 2.37399e-05 0.000489491 0.00116427 0.00210162 -3.36638e-05 0.000259179 0.000643091 0.000303923 -0.000121598 -8.33528e-06 -9.70179e-06 0.000424242 -4.93297e-05 0.000476815 0.00101523 0.000386056 0 -8.74298e-05 2.14034e-05 0.000421455 -0.000202627 4.05992e-06 -0.000137319 0.000146352
internal_weight=22554.6 950.256 21604.3 341.791 21262.5 719.256 12498.2 1380.11 589.615 263.775 11118.1 2553.96 1011.18 220.584 8564.12 790.492 4209.65 340.888 3868.76 251.595 482.282 325.84 485.256 3617.16 1838.06 279.462 1779.1 1542.78 690.319 934.069
internal_count=18466 481 17985 195 17790 404 9334 916 284 110 8418 1465 432 154 6953 632 3125 212 2913 140 183 174 326 2773 1308 165 1465 1033 569 539
is_linear=0
shrinkage=0.05


Tree=10
num_leaves=31
num_cat=0
split_feature=133 155 0 126 126 126 139 119 18 1 93 85 110 131 33 18 24 77 138 138 29 74 64 29 103 49 41 138 128 62
split_gain=0.876494 0.971196 0.844751 0.994336 0.23434 0.183737 0.129579 0.149695 0.141202 0.103715 0.0960942 0.065706 0.0579919 0.047123 0.0450491 0.0425999 0.0373661 0.037174 0.0495399 0.0937017 0.0360052 0.0312942 0.0212909 0.0211969 0.0373568 0.0186188 0.0168062 0.0166214 0.0142629 0.0177502
threshold=88.200000000000003 0.35400000000000004 0.20185000000000003 15.500000000000002 37.500000000000007 65.500000000000014 84.467414954242443 3.2500000000000004 0.0058562500000000012 0.082906605000000008 269.98076670000006 273.18725945000006 21.650000000000002 100.14236344882157 0.66735264478138345 0.0042979166666666678 58.350000000000009 277.52026490000009 3.8450000000000002 3.6550000000000007 53.70000000000001 20.657142857142862 148.19999999999993 24.550000000000004 990.05000000000007 970.05000000000007 70.500000000000014 2.9800000000000004 10.041791911176277 32.45000000000001
decision_type=2 2 2 2 2 2 2 10 2 2 2 2 2 2 2 2 2 2 2 2 2 2 2 2 2 2 2 2 2 2
left_child=2 21 5 -4 -5 6 9 8 26 14 28 12 -9 -12 20 -14 -15 25 19 27 -1 -2 -6 24 -20 -16 -8 -19 -11 -30
right_child=1 -3 3 4 22 -7 7 11 -10 10 13 -13 15 16 17 -17 -18 18 23 -21 -22 -23 -24 -25 -26 -27 -28 -29 29 -31
leaf_value=-0.00021871646472514615 -0.00027000501420389151 0.0056011022146219471 0.0048329118196453365 0.0018454013051417044 -0.00023340285005511146 -0.00027708162521139875 0.0010817229077029877 0.0014008796458929288 0.0026470225821094008 -0.00023986597536096457 -2.8591070042498587e-05 -0.00016181403070559091 -0.00015558019706274481 0.0011541594032632803 0.00036623452750519643 0.00083923934687064536 0.00046811026116425514 -0.00014540955411522868 7.6958757973737002e-05 0.0018914460182939347 0.00080510255566295849 0.00094467741814062553 0.00041614893276409917 -0.00012345124837526858 0.0012383917215826503 -0.00025023359126953674 0.000182645688172811 0.00054728348536864011 0.00030421707049723773 -0.00012191828062533774
leaf_weight=5595.9329400062561 114.83156216144562 145.31340301036835 174 270 307.95995163917542 8387.4974544048309 99.807524442672729 153.20979130268097 131.04775941371918 506.74689567089081 229.92221450805664 662.2223789691925 250.93842911720276 362.46330690383911 131.64540946483612 179.35702347755432 529.05938601493835 158.50506949424744 413.66978394985199 111.87309968471527 84.255914092063904 91.173702597618103 210.48295152187347 830.06181693077087 85.229420304298401 1055.1449158191681 143.28850793838501 169.51254451274872 479.85331666469574 476.1218626499176
leaf_count=4840 101 52 58 90 257 8114 41 65 48 438 143 541 189 127 85 83 219 126 260 51 43 42 84 638 37 893 79 87 233 344
internal_value=9.95662e-06 0.00248444 -2.91054e-05 0.00141862 0.000653626 -9.50441e-05 2.34927e-05 0.00044162 0.00131932 -3.64623e-05 0.000240735 0.000173155 0.000561493 0.00058891 -0.000120007 0.000248475 0.000753618 3.68721e-05 0.000183474 0.000643285 -0.000202511 0.000245401 2.09768e-05 2.71456e-05 0.000287454 -0.000177391 0.000575181 0.000197938 -2.3008e-05 8.68506e-05
internal_weight=22541.1 351.319 22189.8 962.443 788.443 21227.4 12839.9 1619.87 374.144 11220 2584.17 1245.73 583.505 1121.44 8635.83 430.295 891.523 2955.64 1768.85 439.891 5680.19 206.005 518.443 1328.96 498.899 1186.79 243.096 328.018 1462.72 955.975
internal_count=18408 195 18213 489 431 17724 9610 1046 168 8564 1504 878 337 489 7060 272 346 2177 1199 264 4883 143 341 935 297 978 120 213 1015 577
is_linear=0
shrinkage=0.05


Tree=11
num_leaves=31
num_cat=0
split_feature=133 84 1 126 126 126 59 139 138 1 126 85 19 74 128 3 116 94 88 129 21 29 16 128 83 117 128 126 138 21
split_gain=0.791549 0.885847 0.762955 0.897687 0.211567 0.165985 0.13735 0.117154 0.136023 0.0936546 0.0860202 0.073893 0.100037 0.0552682 0.0415622 0.0588948 0.0359402 0.043202 0.038878 0.0338163 0.0332573 0.030444 0.0222639 0.0206386 0.0196784 0.0171231 0.0370948 0.0171368 0.0166623 0.0147365
threshold=88.200000000000003 15.150000000000004 0.30954854950000005 15.500000000000002 37.500000000000007 65.500000000000014 9.1412000000000013 84.467414954242443 2.6900000000000004 0.072925425000000016 20.500000000000004 273.18725945000006 -0.004302857142857143 21.450000000000006 10.133735740856517 0.18851152100000004 293.69365540000007 7.5000000000000009 49.875000000000007 3.5000000000000004 0.47916666666666669 53.70000000000001 2.2250000000000005 9.293439940087163 18.550000000000004 0.55000000000000016 8.7172845149725635 47.500000000000007 14.535000000000002 0.4513888888888889
decision_type=2 2 2 2 2 2 2 2 2 2 2 2 2 2 2 2 2 2 2 2 2 2 2 2 2 2 2 2 2 2
left_child=2 6 5 -4 -5 7 -2 9 -9 16 14 12 -10 -14 -11 -16 18 -18 21 -20 22 25 23 -15 -6 -1 -27 -28 -13 -12
right_child=1 -3 3 4 24 -7 -8 8 11 10 29 28 13 20 15 -17 17 -19 19 -21 -22 -23 -24 -25 -26 26 27 -29 -30 -31
leaf_value=-0.00020933605261068606 0 0.0064510282920355357 0.0045926470436155791 0.0017534717171009619 -0.00024246019551531824 -0.00026322919751174976 0.0024691287969642647 0.0021350874908861619 0.0021190184560741228 0.00010153144965003528 9.851058690741178e-05 -0.00022238320918534197 0.0014559272722456272 0.0011043852380670646 0.00040574856598682977 0.001330758094607134 0.0010426289940746538 2.8284772405192079e-05 0.0011673865674378893 -4.9326180942838941e-05 -0.00031159615579318101 0.00075825407234592405 0 0.00023500085514996548 0.00037549524463295424 0.0011531050409413009 -0.00015508422438228748 0.0005607546425643637 0.00050622122721808154 -0.00021120872495616286
leaf_weight=6516.3332109451294 173.83241641521454 95.507353544235229 174 270 290.79003918170929 8387.4974544048309 81.9788978099823 107.81114661693573 95.792229652404785 379.02702605724335 1016.340140581131 544.22529065608978 106.56021499633789 158.88810205459595 487.27221930027008 288 128.23427093029022 621.4886919260025 101.35318517684937 112.37844383716583 197.79079484939575 84.277138710021973 169.74536979198456 151.34695160388947 227.6528639793396 66.330471873283386 715.45078957080841 91.920407056808472 87.71131443977356 611.5919007062912
leaf_count=5630 127 33 58 90 251 8114 35 54 35 216 607 455 43 61 186 96 74 414 49 75 180 44 91 68 90 41 572 54 59 506
internal_value=9.57949e-06 0.00236111 -2.75304e-05 0.0013483 0.000621073 -9.02065e-05 0.000795494 2.2441e-05 0.000420028 -3.45468e-05 0.00021634 0.000293108 0.000589964 0.000394389 0.000546429 0.000757086 -0.000117881 0.000209598 -0.00015049 0.000507113 0.000218228 -0.000170029 0.000447147 0.000698442 1.94643e-05 -0.000181393 2.13038e-05 -6.68068e-05 -0.000112715 -1.48355e-05
internal_weight=22541.1 351.319 22189.8 962.443 788.443 21227.4 255.811 12839.9 1619.87 11220 2782.23 1512.06 880.124 784.331 1154.3 775.272 8437.77 749.723 7688.04 213.732 677.771 7474.31 479.98 310.235 518.443 7390.03 873.702 807.371 631.937 1627.93
internal_count=18408 195 18213 489 431 17724 162 9610 1046 8564 1611 992 478 443 498 282 6953 488 6465 124 400 6341 220 129 341 6297 667 626 514 1113
is_linear=0
shrinkage=0.05


Tree=12
num_leaves=31
num_cat=0
split_feature=133 84 0 126 85 126 139 85 138 1 93 73 131 128 7 33 4 141 88 74 44 104 76 134 1 85 101 16 30 137
split_gain=0.715458 0.805156 0.689029 0.81042 0.191573 0.150119 0.10427 0.126706 0.150115 0.0870244 0.0754819 0.0529277 0.0649964 0.0435797 0.0404068 0.0384104 0.0453677 0.0351939 0.0269635 0.0258026 0.0242933 0.0205918 0.0169538 0.0166823 0.0150643 0.0143625 0.0139058 0.022439 0.01366 0.0131329
threshold=88.200000000000003 8.8500000000000032 0.20185000000000003 15.500000000000002 276.74513940000003 63.500000000000007 84.467414954242443 272.92869220000006 3.3850000000000002 0.082906605000000008 269.32169395000005 31.850000000000005 37.757193452824723 10.133735740856517 0.14165000000000003 0.66735264478138345 0.021025441500000002 38.860000000000007 49.875000000000007 20.657142857142862 417.50000000000006 12.150000000000004 3.0500000000000012 4.0650000000000004 0.039655072500000006 284.04297395000009 6.1348178000000084 0.99500000000000011 -2.1457142857142872 0.055000000000000007
decision_type=2 2 2 2 2 2 2 2 2 2 2 2 2 2 2 2 2 2 2 2 2 2 2 2 2 2 2 2 2 2
left_child=2 19 5 -4 21 6 9 8 -8 15 -11 12 -10 -12 -15 24 17 18 22 -2 -19 -5 26 -14 -1 -9 -17 -28 -26 -7
right_child=1 -3 3 4 -6 29 7 25 11 10 13 -13 23 14 -16 16 -18 20 -20 -21 -22 -23 -24 -25 28 -27 27 -29 -30 -31
leaf_value=-0.0002189736477076009 -0.00026133943024024499 0.0050827238730754157 0.004364326841224518 0.00036267360150586637 0.0017150244969525376 -0.00010516701629007589 0.0024505651270679929 -0.00016303129587566574 0.0015895190667355602 -2.3237446828699307e-05 6.0972605832045431e-05 6.6895287825471955e-05 0.00074160598897352829 0.0004621313072349718 0.0012435049964851811 -0.00016162137869676763 0.0012478755886409076 1.1708943416163748e-05 0.00058313551466059965 0.00084121078545686058 0.0009886317358280103 -0.0002547817404620184 0.00052989764022016745 -0.0001500628892683519 0.00064230826332469198 0.00055708812735680887 -0.0001840942971129592 0.00084418292479526062 -4.9854000326907366e-05 -0.00027295919635463684
leaf_weight=4690.7797827720642 114.83156216144562 145.31340301036835 174 263.40047633647919 255 1517.5975452661514 121.58457362651825 634.29766690731049 193.42395830154419 1354.2299151420593 374.49916648864746 341.18856120109558 94.566486477851868 533.13854610919952 266.45108711719513 2148.7068415880203 74.408786535263062 132.3998612165451 154.15219604969025 91.173702597618103 144.04928934574127 270.0424268245697 100.45102143287659 100.14373457431793 78.255914092063904 74.719466805458069 109.17644095420837 92.297623038291931 668.09846723079681 7228.7498334646225
leaf_count=4161 101 52 58 108 85 1371 55 523 85 937 224 202 41 204 90 1719 42 92 87 42 70 238 50 60 41 45 74 43 463 7045
internal_value=9.28967e-06 0.00224495 -2.59805e-05 0.00128149 0.000590139 -8.55537e-05 2.53939e-05 0.000407859 0.00081937 -2.88103e-05 0.000227659 0.000537606 0.0009373 0.000521079 0.000729986 -0.000106685 3.69796e-05 3.55091e-06 -5.17033e-05 0.000204179 0.000540504 4.08545e-05 -9.38977e-05 0.00025903 -0.000185694 -7.9422e-05 -0.0001229 0.00026412 1.67919e-05 -0.000244432
internal_weight=22541.1 351.319 22189.8 962.443 788.443 21227.4 12481 1559.92 850.907 10921.1 2528.32 729.323 388.134 1174.09 799.59 8392.78 2955.64 2881.23 2604.78 206.005 276.449 533.443 2450.63 194.71 5437.13 709.017 2350.18 201.474 746.354 8746.35
internal_count=18408 195 18213 489 431 17724 9308 1011 443 8297 1455 388 186 518 294 6842 2177 2135 1973 143 162 346 1886 101 4665 568 1836 117 504 8416
is_linear=0
shrinkage=0.05


Tree=13
num_leaves=31
num_cat=0
split_feature=133 50 0 126 126 126 139 119 18 1 126 85 111 128 3 33 77 131 75 118 29 83 41 18 16 43 84 82 94 86
split_gain=0.646101 0.755268 0.622306 0.732366 0.203797 0.136127 0.0960175 0.11971 0.110206 0.0765363 0.0717735 0.0492372 0.063232 0.0421231 0.0552212 0.0355405 0.0400518 0.0510551 0.0529555 0.0336157 0.0269338 0.019232 0.0139975 0.0136531 0.0123668 0.0120863 0.0113211 0.0140213 0.0108458 0.0102712
threshold=88.200000000000003 1008.0500000000001 0.20185000000000003 12.500000000000002 35.500000000000007 65.500000000000014 84.467414954242443 3.2500000000000004 0.0058562500000000012 0.072925425000000016 25.500000000000004 273.18725945000006 9.8500000000000032 10.133735740856517 0.18851152100000004 0.8303213832943418 277.52026490000009 35.942420820543425 7.1500000000000012 20.450000000000003 53.70000000000001 18.350000000000005 70.500000000000014 0.0042979166666666678 0.51500000000000012 0.38350000000000006 22.550000000000004 25.138000000000005 31.500000000000004 6.5000000000000009
decision_type=2 2 2 2 2 2 2 10 2 2 2 2 2 2 2 2 2 2 2 8 2 2 2 2 2 2 2 2 2 2
left_child=2 -2 5 -4 -5 6 9 8 22 15 13 12 -9 -11 -15 20 25 -18 -19 -3 26 -6 -8 -14 -20 -17 -1 -28 -12 -26
right_child=1 19 3 4 21 -7 7 11 -10 10 28 -13 23 14 -16 16 17 18 24 -21 -22 -23 -24 -25 29 -27 27 -29 -30 -31
leaf_value=-0.00020060083793443074 0.0050554085247602101 0.00089253195690686127 0.0044597051312794565 0.0017166680204732075 -0.00022385878306080566 -0.00023786404777532949 0.00096714730047955597 0.0011370784586313628 0.0023398627366464282 4.4751543744081952e-05 -0.00012055085659154653 -0.00014901171063617642 -0.00016577406676860547 0.00032145679954220379 0.0011267192095025678 -0.00023426632192658292 0.0012564007048820726 0.00097529368809875713 -0.00017674829430475281 -0.00032808668277995606 0.00070111168455574871 0.00037262199421932434 0.00014434069856427659 0.00046616117164748793 0.00041561925626754179 0.00035012465451771845 0.00053363587143135803 -0.00011619261630457343 0.0002511050338396391 -1.2355198713747204e-06
leaf_weight=5653.91836810112 135 110.22634994983673 147 279 288.82279396057129 8387.4974544048309 99.807524442672729 223.304403424263 131.04775941371918 458.1885632276535 1158.33544921875 662.2223789691925 228.74723660945892 570.67730891704559 365.6545615196228 913.47075653076172 113.44420802593231 163.31128203868866 480.00621342658997 106.09231781959534 84.255914092063904 247.6201092004776 143.28850793838501 131.45360386371613 239.75960743427277 90.696248412132263 116.82032918930054 259.62793266773224 229.37540376186371 322.4557501077652
leaf_count=4937 45 62 49 93 250 8114 41 100 48 275 855 541 174 229 124 775 68 98 360 88 43 97 79 63 130 56 59 206 128 221
internal_value=8.9639e-06 0.0021335 -2.4542e-05 0.00121799 0.000622737 -8.11684e-05 2.08124e-05 0.00038077 0.00116568 -3.07396e-05 0.000196004 0.000140273 0.000476831 0.000449607 0.000642127 -0.000106112 5.87582e-05 0.000241434 0.000140816 0.000272123 -0.000169569 4.23523e-05 0.000505221 5.16571e-05 4.45511e-06 -0.000176214 -0.000182677 7.30964e-05 -5.53826e-05 0.000168079
internal_weight=22541.1 351.319 22189.8 962.443 815.443 21227.4 12839.9 1619.87 374.144 11220 2782.23 1245.73 583.505 1394.52 936.332 8437.77 2323.14 1318.98 1205.53 216.319 6114.62 536.443 243.096 360.201 1042.22 1004.17 6030.37 376.448 1387.71 562.215
internal_count=18408 195 18213 489 440 17724 9610 1046 168 8564 1611 878 337 628 353 6953 1708 877 809 150 5245 347 120 237 711 831 5202 265 983 351
is_linear=0
shrinkage=0.05


Tree=14
num_leaves=31
num_cat=0
split_feature=133 155 0 103 120 103 59 139 50 138 1 100 119 12 49 114 4 75 88 116 24 118 132 6 155 82 137 2 13 103
split_gain=0.583484 0.697077 0.562074 0.621819 0.227125 0.124418 0.10605 0.0810957 0.128629 0.128161 0.0817474 0.0538709 0.0465934 0.0343394 0.0336038 0.0323117 0.028623 0.0388723 0.0316435 0.0345234 0.0450559 0.0276205 0.0267781 0.0178548 0.0168714 0.0232069 0.0139414 0.0667629 0.0175495 0.0225932
threshold=88.200000000000003 0.60600000000000021 0.20185000000000003 1328.45 276.13854995000003 1998.1000000000001 9.2553500000000017 84.467414954242443 1002.4500000000002 6.8450000000000015 0.072925425000000016 0.25000000000000006 3.2500000000000004 0.055071705000000006 978.35000000000002 36.650000000000013 0.021025441500000002 15.050000000000002 49.875000000000007 293.38661675000009 35.050000000000004 19.350000000000005 4.5000000000000009 0.012918750000000001 0.69000000000000006 25.538000000000007 0.055000000000000007 0.0053583815000000012 0.0016090432986111114 2228.3500000000004
decision_type=2 2 2 2 10 2 2 2 2 2 2 2 8 2 2 2 2 2 2 2 2 10 2 2 2 2 2 2 2 2
left_child=2 6 5 4 -4 7 -2 10 9 -9 16 -12 -10 -13 -15 -14 18 -18 19 24 -21 -5 -20 -16 -1 -26 27 28 -7 -30
right_child=1 -3 3 21 -6 26 -8 8 12 -11 11 13 15 14 23 -17 17 -19 22 20 -22 -23 -24 -25 25 -27 -28 -29 29 -31
leaf_value=-0.00019732721652497028 0 0.0056557333791265527 0.0016787963335504052 -0.00010554889422138668 0.0042159585238664187 -0.00025636012521794481 0.0022226756089924358 0.0020883946896184391 0.00094763501430758729 9.23988672001261e-05 7.1561496673414617e-06 0.00010783800249306047 -0.00010021758773832628 0.0010588241562911722 0.00058789420973150109 0.00074598676471805084 0.0012262474260179147 -0.00017500659708297858 0.0010343781220465296 0.0012002490556297367 3.1934269122492984e-05 0.00066397408288130068 -3.8345551533582395e-05 -0.00011384990880657349 0.00036533511630623114 -0.00016192235438577981 -0.00024192261430918628 0.0015063548730614518 0.00072792413292056216 -8.580640435187464e-05
leaf_weight=5935.1465219259262 182.06217288970947 95.507353544235229 237 414.67050814628601 153 1034.3852831125259 73.749141335487366 189.76336824893951 148.0638439655304 148.63821244239807 1284.2673374414444 417.99164867401123 923.71023595333099 342.94213652610779 256.62006616592407 127.46765625476837 93.901765108108521 92.036031484603882 107.72330975532532 94.634092807769775 680.02627420425415 157.77239501476288 106.79027998447418 123.01095283031464 333.45350456237793 545.10389852523804 7751.9270477294922 62.707315921783447 112.4600635766983 314.59591853618622
leaf_count=5143 131 33 79 303 51 984 31 71 74 72 822 207 711 119 92 74 48 69 52 48 458 56 71 78 196 447 7509 55 56 268
internal_value=8.65228e-06 0.00202763 -2.31776e-05 0.00115768 0.00269517 -7.70049e-05 0.000636851 2.92727e-05 0.00036827 0.00122927 -2.0333e-05 0.000233277 0.000120327 0.000483277 0.000693101 0 -9.7956e-05 0.000508678 -0.000113116 -0.000130587 0.000182467 9.861e-05 0.000479449 0.000347672 -0.000166933 3.26996e-05 -0.00021446 -7.14393e-05 -0.000143542 0.000117999
internal_weight=22541.1 351.319 22189.8 962.443 390 21227.4 255.811 11951.3 1537.64 338.402 10413.6 2424.83 1199.24 1140.56 722.573 1051.18 7988.82 185.938 7802.88 7588.36 774.66 572.443 214.514 379.631 6813.7 878.557 9276.08 1524.15 1461.44 427.056
internal_count=18408 195 18213 489 130 17724 162 8852 1002 143 7850 1318 859 496 289 785 6532 117 6415 6292 506 359 123 170 5786 643 8872 1363 1308 324
is_linear=0
shrinkage=0.05


Tree=15
num_leaves=31
num_cat=0
split_feature=1 126 133 36 103 126 49 133 50 131 3 33 85 81 82 104 4 77 24 34 4 49 141 49 16 103 1 2 49 33
split_gain=0.530567 0.59203 0.488666 0.672456 0.117201 0.115019 0.0886598 0.0869797 0.134172 0.118844 0.0729707 0.0599538 0.0460944 0.0292227 0.0470967 0.0259033 0.0220549 0.0248464 0.0304731 0.0320161 0.0202519 0.0191966 0.0174759 0.0215325 0.0158905 0.0158185 0.0206998 0.0113515 0.0777842 0.0113398
threshold=0.30954854950000005 19.500000000000004 88.200000000000003 278.57922185000007 1998.1000000000001 40.500000000000007 978.35000000000002 79.305000000000021 1004.85 35.133458222840027 0.18851152100000004 -0.82616351771630825 284.04297395000009 41.250000000000007 29.002000000000006 1.8500000000000005 0.0022618450000000006 278.26221230000004 32.300000000000004 -0.098418429851077557 0.0028697850000000001 978.85000000000002 39.105000000000011 985.85000000000002 0.93500000000000016 1504.3500000000001 0.0010582800000000002 0.0053583815000000012 987.6500000000002 0.26813364192783795
decision_type=2 2 2 2 2 2 2 2 2 2 2 2 2 2 2 2 2 2 2 2 2 2 2 2 2 2 2 2 2 2
left_child=2 -2 4 6 7 -3 -4 10 9 -9 16 21 13 -10 -15 -13 17 -1 19 -19 -18 -12 24 -24 -20 26 -22 -6 -29 -26
right_child=1 5 3 -5 27 -7 -8 8 12 -11 11 15 -14 14 -16 -17 20 18 22 -21 25 -23 23 -25 29 -27 -28 28 -30 -31
leaf_value=-0.00020481406466649378 0.0033409318205246587 0.001282746610622711 0.0016965500696585996 0.0054074233099510828 -0.00022112338942979054 -1.5041490996886158e-05 -0.00027015523909439929 0.0020657455416489049 -0.00017510335461708341 0.00025948383915419337 0.0011432864372785099 -0.0001143851430282784 0.0013281148026544468 0.0013156458917149222 -2.724671184778858e-05 0.00051524131383967641 0.00049314074353100617 0.00017046137020879277 -0.00019820598167595194 0.001387083673988107 0.00081362555872616484 0.000354049443047952 -0.00020764974396755414 0.00064494502746547397 -0.00016458153460233087 -0.0002326180562615903 4.0761706758822654e-05 -0.00018208967407470713 0.0018043937597889152 0.00018318720291187471
leaf_weight=3504.7540149688721 234 261 86.896050214767456 94.258595705032349 8729.0969785451889 468.77128100395203 155.18355190753937 194.63499474525452 669.84818470478058 184.31323719024658 244.34897446632385 489.16105031967163 69.456567406654358 97.271011233329773 173.90694355964661 239.02153956890106 243.76527285575867 312.37318277359009 1773.3468856811523 68.483536839485168 91.86213743686676 146.05428612232208 114.13313269615173 177.66193640232086 365.43003976345062 504.09451866149902 1689.8128962516785 503.17995715141296 53.593919515609741 618.03635716438293
leaf_count=3105 78 87 32 33 8397 318 124 71 546 91 86 348 41 52 114 101 114 170 1503 38 58 61 94 90 307 434 1053 458 47 387
internal_value=7.4311e-06 0.00115482 -4.35979e-05 0.00184394 -7.3783e-05 0.000443386 0.000419312 2.92497e-05 0.000401206 0.00120337 -1.91479e-05 0.000361893 9.45452e-05 0 0.00043914 8.58521e-05 -6.47476e-05 -0.0001111 -1.38398e-05 0.000405381 6.03371e-05 0.000862457 -6.79676e-05 0.000294813 -0.000108272 1.17989e-05 8.38489e-05 -0.000207145 3.05314e-06 4.88507e-05
internal_weight=22557.8 963.771 21594 336.338 21257.6 729.771 242.08 11971.8 1389.43 378.948 10582.3 1118.59 1010.48 941.026 271.178 728.183 9463.75 6934.22 3429.47 380.857 2529.53 390.403 3048.61 291.795 2756.81 2285.77 1781.68 9285.87 556.774 983.466
internal_count=18438 483 17955 189 17766 405 156 8864 915 162 7949 596 753 712 166 449 7353 5694 2589 208 1659 147 2381 184 2197 1545 1111 8902 505 694
is_linear=0
shrinkage=0.05


Tree=16
num_leaves=31
num_cat=0
split_feature=0 61 133 84 103 103 59 133 50 131 3 100 128 81 86 4 77 24 34 104 4 1 75 138 9 63 138 95 131 131
split_gain=0.478937 0.536397 0.441473 0.608794 0.110034 0.106122 0.0935397 0.0784337 0.127479 0.111335 0.0676703 0.0562014 0.0435053 0.0381935 0.0458578 0.0200175 0.0230043 0.0274761 0.0288676 0.0187805 0.0171898 0.0140152 0.0139553 0.0203928 0.0197374 0.0136866 0.012524 0.0112856 0.0102282 0.065465
threshold=0.20185000000000003 163.65000000000003 88.200000000000003 14.350000000000003 1366.3000000000004 1972.2500000000002 9.3544500000000017 79.305000000000021 1004.85 35.133458222840027 0.18851152100000004 5.6999999999999895 10.515540806382498 40.350000000000001 12.500000000000002 0.0022618450000000006 278.26221230000004 32.300000000000004 -0.098418429851077557 11.850000000000003 0.0028697850000000001 0.0010582800000000002 10.050000000000002 5.3600000000000003 0.059375000000000004 10.067850000000002 9.6000000000000032 9.5000000000000018 33.205449859187688 32.789184554052362
decision_type=2 2 2 2 2 2 2 2 2 2 2 2 2 2 2 2 2 2 2 2 2 2 2 2 2 2 2 2 2 2
left_child=2 -2 5 6 -3 7 -4 10 9 -9 15 12 -12 26 -15 16 -1 18 -18 -6 -17 -22 23 24 -19 -14 -10 -24 29 -7
right_child=1 4 3 -5 19 28 -8 8 13 -11 11 -13 25 14 -16 20 17 22 -20 -21 21 -23 27 -25 -26 -27 -28 -29 -30 -31
leaf_value=-0.00019701231839676194 0.0032512702997105677 0.0014496764583728423 -8.0608571703681423e-05 0.0054722235593527525 0.00036507661087689289 -0.0001395526142535584 0.0019918363964505376 0.0020677947641626038 -0.00023217785937238198 0.00027197690757036386 -0.00019225353512447119 0.00097603982977632984 0.00071838353921715526 0.0011399163890797 0 0.00046361574022062575 0.00016196550062807483 0 0.0013187276446859639 -0.00021723466503733018 0.00055239156564453973 -1.238867204415193e-05 -0.00015307776014136053 -0.0001171857384467538 0.00077901983735973064 1.8808577560342407e-05 0.00032974467591625285 0.00030342178286869024 -0.00021497450179048399 0.0015865233376034849
leaf_weight=3423.3808151483536 222 198 179.5377699136734 82.185694456100464 271.53096604347229 1142.8492960929871 74.614733457565308 181.16491365432739 543.90426933765411 178.52360033988953 439.50356447696686 273.66829109191895 276.12727081775665 159.0294463634491 189.34406590461731 237.24211704730988 312.37318277359009 160.94715011119843 68.483536839485168 272.24031496047974 114.22510766983032 2150.7660593986511 2186.9343068599701 372.56144440174103 174.73322331905365 113.66770613193512 114.17898225784302 136.60818183422089 8250.9234048128128 56.501619338989258
leaf_count=3030 74 66 130 28 107 1029 31 65 456 86 326 101 98 90 122 111 170 107 38 236 80 1445 1799 285 91 59 81 84 7964 49
internal_value=7.17531e-06 0.00109731 -4.12962e-05 0.00175275 0.000442428 -6.99979e-05 0.000513651 2.95801e-05 0.000385852 0.00119357 -1.65887e-05 0.000352945 0.000140374 9.13284e-05 0.000516766 -6.08038e-05 -0.000105354 -1.19115e-05 0.000385971 6.44994e-05 5.89017e-05 1.41183e-05 -6.36534e-05 0.00012707 0.000412557 0.000527746 -0.000126744 -0.000123969 -0.000194932 -5.28175e-05
internal_weight=22557.8 963.771 21594 336.338 741.771 21257.6 254.153 11807.4 1366.15 359.689 10441.2 1102.97 829.299 1006.46 348.374 9338.26 6836.02 3412.64 380.857 543.771 2502.23 2264.99 3031.78 708.242 335.68 389.795 658.083 2323.54 9450.27 1199.35
internal_count=18438 483 17955 189 409 17766 161 8724 900 151 7824 584 483 749 212 7240 5604 2574 208 343 1636 1525 2366 483 198 157 537 1883 9042 1078
is_linear=0
shrinkage=0.05


Tree=17
num_leaves=31
num_cat=0
split_feature=0 126 139 36 126 113 80 126 0 100 128 139 119 138 82 111 160 33 0 161 15 77 160 128 138 45 82 88 23 126
split_gain=0.432546 0.503207 0.194206 0.381419 0.155849 0.137709 0.0931619 0.0705308 0.0512685 0.0456602 0.0276785 0.0258574 0.0487893 0.0760697 0.0212011 0.0499069 0.0243941 0.0208353 0.0216343 0.0201416 0.0192444 0.0192365 0.0196807 0.0268853 0.0184964 0.0389796 0.0182078 0.0158353 0.0224278 0.0148141
threshold=0.20185000000000003 11.500000000000002 87.760506709764101 284.84880925000004 36.500000000000007 1.3500000000000003 36.437500000000007 61.500000000000007 0.11260000000000002 5.6999999999999895 10.515540806382498 83.777273392101407 6.4500000000000011 4.7550000000000008 19.590000000000003 7.7500000000000009 0.18673469387755107 0.8303213832943418 0.025450000000000004 0.21428571428571433 0.0006895833333333335 278.17390095000007 0.24183673469387759 9.8893125600333374 3.5100000000000002 99.500000000000014 26.850000000000005 42.612500000000004 25.256944444444446 37.500000000000007
decision_type=2 2 2 2 2 2 2 2 2 2 2 2 10 2 2 2 2 2 2 2 2 2 2 2 2 2 2 2 2 2
left_child=2 -2 7 5 -3 6 14 8 11 10 -10 17 13 -13 -4 16 -16 18 -1 -17 -11 27 23 24 -23 -26 -20 -19 -29 -12
right_child=1 4 3 -5 -6 -7 -8 -9 9 20 29 12 -14 -15 15 19 -18 21 26 -21 -22 22 -24 -25 25 -27 -28 28 -30 -31
leaf_value=-0.00016660095350686104 0.0038328736007427998 0.0014602248910374177 -0.00016742669879394071 0.0030535635885307576 2.9105780074158548e-05 0.0018283175711245325 0.0012807525773334259 -0.00019728995941461038 -0.00017710153051930105 0.00038372778274732919 0.00061243360948293321 0.0015838304462146412 -6.0500907545392176e-05 -6.1997804416554455e-05 0.0014064947981796442 0.00023450619514459145 0.00020474913208201148 -0.00019419728207771862 0.00019484274018897679 -0.00034647409882470091 0.0012870419370924185 7.7339076916132059e-05 0 -4.1603228705574852e-05 0.00037365819931690426 0.0016288847084769686 -0.0001176606218256346 0.0008491652618627777 0 0
leaf_weight=4838.8969016075134 138 306 813.47388970851898 128.71940982341766 519.77128100395203 127.3684903383255 157.96769654750824 8369.1108878850937 384.4926689863205 135.17838108539581 282.83941411972046 140.02421808242798 453.03555583953857 128.57131052017212 106.13506627082825 322.13467621803284 88.651504397392273 926.92398655414581 903.70035195350647 273.26845836639404 144.85560977458954 125.69868290424347 580.93196046352386 211.02767884731293 184.56744170188904 105.42917668819427 945.94762659072876 91.839183211326599 472.24281847476959 150.94670689105988
leaf_count=4261 46 102 727 45 335 58 98 8093 288 57 102 53 355 92 48 195 57 764 472 208 49 80 397 142 93 56 717 39 321 88
internal_value=6.95349e-06 0.00104296 -3.90995e-05 0.000427414 0.000566597 0.000244298 0.000125962 -8.74578e-05 -4.98249e-06 0.000318786 0.00012263 -4.06822e-05 0.000246122 0.000780151 8.36716e-06 0.000195644 0.000888932 -6.32864e-05 -0.000110841 -2.3893e-05 0.000871701 5.27213e-05 0.000201991 0.000396158 0.000629953 0.000851211 3.23432e-05 -6.48846e-05 0.000138727 0.000399597
internal_weight=22557.8 963.771 21594 2017.72 825.771 1889 1761.63 19576.3 11207.1 1098.31 818.279 10108.8 721.631 268.596 1603.66 790.19 194.787 9387.21 6688.54 595.403 280.034 2698.66 1207.65 626.723 415.695 289.997 1849.65 1491.01 564.082 433.786
internal_count=18438 483 17955 1436 437 1391 1333 16519 8426 584 478 7842 500 145 1235 508 105 7342 5450 403 106 1892 768 371 229 149 1189 1124 360 190
is_linear=0
shrinkage=0.05


Tree=18
num_leaves=31
num_cat=0
split_feature=0 126 133 56 103 103 133 50 131 3 49 100 85 128 137 114 104 24 33 4 81 75 43 21 28 8 30 50 104 43
split_gain=0.39091 0.454235 0.381644 0.535699 0.142243 0.0865927 0.0614326 0.0979967 0.0936727 0.0542961 0.0530004 0.0476751 0.0420096 0.0342944 0.0234985 0.0183803 0.016523 0.0157228 0.0242162 0.0186617 0.0150752 0.0231803 0.0147875 0.0297635 0.0144354 0.0138202 0.0118986 0.0114491 0.0109101 0.010738
threshold=0.20185000000000003 11.500000000000002 88.200000000000003 4.5003615500000373 1366.3000000000004 1998.1000000000001 79.305000000000021 1005.7500000000001 35.133458222840027 0.18851152100000004 978.35000000000002 -0.19999999999987492 284.04297395000009 10.428373544156942 1.4200000000000002 17.750000000000004 11.850000000000003 32.300000000000004 0.9747853227031047 0.0019396380000000003 41.650000000000013 9.8500000000000032 0.25350000000000006 0.56250000000000011 44.050000000000004 0.0010483183985813985 -1.5699999999999987 1008.35 0.35000000000000009 0.34650000000000003
decision_type=2 2 2 2 2 2 2 2 2 2 2 2 2 2 2 2 2 2 2 2 2 2 2 2 2 2 2 2 2 2
left_child=2 -2 5 10 -3 6 9 8 -8 15 -4 26 14 29 27 -1 -6 18 28 20 -19 25 23 -21 -24 -22 -11 -9 -17 -13
right_child=1 4 3 -5 16 -7 7 12 -10 11 -12 13 -14 -15 -16 17 -18 19 -20 22 21 -23 24 -25 -26 -27 -28 -29 -30 -31
leaf_value=-0.00023221230683882063 0.0036426088128158514 0.0014485302525358572 0.0013223748054322433 0.0046989560480079802 0.00033835065914980094 -0.00017839847155170455 0.0017480095439940024 0.00042044746144474798 0.00019749738370564171 -0.00013368160843636829 -0.00021492520410261513 -0.00014304279543208019 0.0012398896470063199 0.00097092468210423243 0.00056087832256677343 -0.00030413275865987259 -0.00020786264511454342 -0.0001809068439168971 0.0010119379471878361 -2.1495277321409946e-05 0 -8.2181880209419273e-05 -6.8935050984021753e-06 0.0012025923443580201 0.00047473477112556839 0.00061739555163380815 0.00038601459057636847 -0.00020557223423933515 0.00020855144010777506 0.00056427468499475615
leaf_weight=1275.8934823274612 138 282 83.896050214767456 99.248966097831726 271.53096604347229 9285.8708552122116 203.7869678735733 76.199476003646851 201.84070718288422 433.47386729717255 153.19318151473999 124.26747071743011 69.456567406654358 329.22883868217468 141.1574364900589 129.90102195739746 272.24031496047974 2809.2505608797073 81.884215712547302 105.28907406330109 187.55897319316864 1805.4286714792252 2179.3062065839767 81.594764590263367 165.22706723213196 209.74952077865601 146.52396881580353 696.98978388309479 432.67035269737244 85.091704964637756
leaf_count=1192 46 94 31 35 107 8902 76 38 100 307 123 75 41 111 79 114 236 2483 44 72 121 1389 1468 45 69 102 68 581 254 35
internal_value=6.71379e-06 0.000991604 -3.70557e-05 0.00163097 0.00053866 -6.37579e-05 2.47526e-05 0.000337372 0.000991153 -1.5849e-05 0.00031133 0.000312753 6.20047e-05 0.00065103 -2.32655e-05 -5.52459e-05 5.583e-05 -2.70341e-05 0.000208388 -4.78346e-05 -0.000104092 -3.81924e-06 6.15724e-05 0.000489894 2.51047e-05 0.000339031 0 -0.000136955 8.09681e-05 0.000121985
internal_weight=22557.8 963.771 21594 336.338 825.771 21257.6 11971.8 1389.43 405.628 10582.3 237.089 1118.59 983.803 538.588 914.347 9463.75 543.771 8187.86 644.456 7543.4 5011.99 2202.74 2531.42 186.884 2344.53 397.308 579.998 773.189 562.571 209.359
internal_count=18438 483 17955 189 437 17766 8864 915 176 7949 154 596 739 221 698 7353 343 6161 412 5749 4095 1612 1654 117 1537 223 375 619 368 110
is_linear=0
shrinkage=0.05


Tree=19
num_leaves=31
num_cat=0
split_feature=0 126 133 84 103 104 59 133 119 21 0 120 104 22 92 137 97 13 83 33 1 92 94 32 83 119 91 43 50 24
split_gain=0.353107 0.410098 0.344776 0.487112 0.128412 0.0788393 0.0734259 0.0547029 0.0985654 0.0702816 0.0428431 0.0382451 0.0369915 0.0239804 0.0179118 0.020309 0.0178328 0.0165988 0.015075 0.014348 0.0161136 0.0142331 0.0233505 0.0721455 0.012093 0.0117997 0.0116079 0.0115506 0.0129772 0.0108032
threshold=0.20185000000000003 11.500000000000002 88.200000000000003 14.350000000000003 1366.3000000000004 5.5500000000000016 9.3544500000000017 79.305000000000021 3.2500000000000004 0.35416666666666669 0.11260000000000002 284.16695305000002 4.7500000000000009 5.5000000000000009 5.450000000000002 0.045000000000000005 5.8000000000000034 0.0011774856111111114 18.350000000000005 0.85648599935048308 0.039655072500000006 11.650000000000004 13.500000000000002 6.6500000000000012 18.350000000000005 7.1500000000000012 20.750000000000004 0.38350000000000006 1023.5500000000001 31.950000000000006
decision_type=2 2 2 2 2 2 2 2 10 2 2 10 2 2 2 2 2 2 2 2 2 2 2 2 2 10 2 2 2 2
left_child=2 -2 5 6 -3 7 -4 10 9 -9 19 13 16 24 -7 17 -10 -16 -6 20 -1 22 23 -21 -12 -23 -22 -27 -29 -17
right_child=1 4 3 -5 18 14 -8 8 12 -11 11 -13 -14 -15 15 29 -18 -19 -20 21 26 25 -24 -25 -26 27 -28 28 -30 -31
leaf_value=-0.00013732859706015252 0.0034617885738182416 0.0013763596623964846 -8.3832931699936243e-05 0.0048777438745374688 -0.00019083904065055231 -0.0001834463028302371 0.001750283420853411 0.0019078732037386159 -8.9521540345235433e-05 0.00033465036671248051 0.00025043998647211632 0.00084629820622825344 0.0011140354882313527 0.00062033299974418069 2.5722499877088655e-05 0.00022670179551897071 0.00075683812157977513 0.00082949829946764092 0.00033101925276503985 1.9376079971824571e-05 0.00025727072010063009 0.00049498641716353646 5.9299726015390055e-05 0.001849697273260776 -0.00019168133638719585 -0.0001792347995096482 -3.6069135727484153e-05 -5.6635508041155846e-05 0.00070863566775552535 -0.00015927551603551964
leaf_weight=4270.8854892253876 138 282 179.5377699136734 82.185694456100464 280.70564532279968 9107.992715716362 74.614733457565308 149.71691536903381 741.34886837005615 152.48167943954468 249.23189091682434 242.71706008911133 78.257312536239624 187.59250009059906 166.45051419734955 212.31906425952911 66.671396493911743 119.88509213924408 263.06563568115234 181.82737505435944 467.76484477519989 85.558065891265869 987.89289653301239 79.095816254615784 397.92666733264923 977.67752695083618 1133.155339717865 132.62907421588898 83.046387076377869 985.51706337928772
leaf_count=3664 46 94 130 28 242 8819 31 55 563 72 118 90 48 69 113 117 40 52 101 125 249 47 642 41 302 791 742 91 33 883
internal_value=6.48685e-06 0.000942554 -3.51014e-05 0.00155029 0.000511823 -6.04923e-05 0.000439785 3.50832e-05 0.00035475 0.00113428 -4.51078e-06 0.00029157 8.23367e-05 0.000123471 -0.000157196 5.47428e-07 -1.26572e-05 0.00038137 5.25916e-05 -4.31165e-05 -8.63234e-05 5.52684e-05 0.000176295 0.00059825 -1.3575e-05 -5.90493e-05 4.66262e-05 -0.000103339 0.000216869 -8.65575e-05
internal_weight=22557.8 963.771 21594 336.338 825.771 21257.6 254.153 10665.5 1188.48 302.199 9477 1077.47 886.278 834.751 10592.2 1484.17 808.02 286.336 543.771 8399.53 5871.81 2527.73 1248.82 260.923 647.159 1278.91 1600.92 1193.35 215.675 1197.84
internal_count=18438 483 17955 189 437 17766 161 7782 778 127 7004 579 651 489 9984 1165 603 165 343 6425 4655 1770 808 166 420 962 991 915 124 1000
is_linear=0
shrinkage=0.05


Tree=20
num_leaves=31
num_cat=0
split_feature=0 126 139 50 19 136 126 103 1 120 103 75 21 87 90 137 2 155 89 33 4 136 104 41 6 87 139 137 50 138
split_gain=0.274603 0.34053 0.115795 0.208224 0.357745 0.0814203 0.0573593 0.0557918 0.0553612 0.0276597 0.0382317 0.0284272 0.0261727 0.0229705 0.0293626 0.0203746 0.0381246 0.0217517 0.0273932 0.0181569 0.0161343 0.0159626 0.0143703 0.0129052 0.0167191 0.0114222 0.0152738 0.0125024 0.0117718 0.0174889
threshold=0.20185000000000003 20.500000000000004 87.760506709764101 1007.5500000000001 -0.0021257142857142846 0.63500000000000012 42.500000000000007 1504.3500000000001 0.072925425000000016 271.84779945000008 579.60000000000002 5.8500000000000005 0.49305555555555564 1.5000000000000002 28.652040816326537 0.055000000000000007 0.0053583815000000012 0.30600000000000011 35.45000000000001 -0.82616351771630825 0.021025441500000002 0.05000000000000001 1.8500000000000005 81.500000000000014 0.00030833333333333337 1.0000000180025095e-35 38.339909155946991 0.19500000000000003 1016.85 5.8700000000000001
decision_type=2 2 2 2 2 2 2 2 2 10 2 2 2 2 2 2 2 2 2 2 2 2 2 2 2 2 2 2 2 2
left_child=2 -2 7 4 -4 21 -3 8 9 10 -1 -12 19 -5 -15 16 17 -9 -19 -10 23 -6 -21 25 -25 -13 27 -27 -28 -30
right_child=1 6 3 13 5 -7 -8 15 12 -11 11 20 -14 14 -16 -17 -18 18 -20 22 -22 -23 -24 24 -26 26 28 -29 29 -31
leaf_value=0.0011562708310457405 0.0024393014808006008 0.00084921811368500282 0.0031757630325023045 -9.8590710582759181e-05 0.00043209176304614478 0.0015081459335840569 -7.7652817691623106e-05 -0.00018503322350885883 0.00059393836958694201 -0.00019325702852339877 0.00097892056663016823 -0.00017308910639891222 -2.1553467777994913e-05 0.0010298460719474294 -0.00010421605025526634 -0.0001796640496804761 0.0010537570576131675 0.00075159957040534279 -5.6345708453514071e-06 6.3947399019886485e-05 0.00067990195866392733 -0.00028726511017479868 0.00055397908051164479 -0.00021193651060175388 0.00058923111941125515 0.00038575921711890684 0 -0.00013410837826858217 0.00084674548737121358 8.5620198435689223e-05
leaf_weight=72.423375129699707 243 259.6181788444519 153.43125915527344 1203.5285140275955 117.99460816383362 114.95162630081177 440.93911910057068 1033.0236097574234 568.41974532604218 2243.3421409130096 72.365814566612244 1332.5460734367371 571.40997290611267 110.40858209133148 102.17107427120209 9707.9573055505753 81.906707167625427 159.64913833141327 416.41799020767212 565.04581737518311 80.247652769088745 214.45589625835419 218.73857831954956 90.534832000732422 177.09558308124542 122.56887936592102 398.25835371017456 1255.4553118944168 139.05863666534424 201.21527004241943
leaf_count=36 81 87 53 1013 60 40 315 984 206 1980 45 1137 364 48 72 9196 63 68 303 306 48 152 75 81 93 63 275 968 65 127
internal_value=-6.05106e-06 0.000828106 -4.28864e-05 0.000317184 0.00109637 0.000366625 0.000259428 -8.03855e-05 1.93236e-05 -5.28735e-05 2.57822e-05 3.03749e-06 0.000253968 -1.04253e-05 0.000463441 -0.000151748 5.57132e-06 -4.52999e-05 0.000196497 0.000374022 -1.4498e-05 -1.64233e-05 0.000207608 -3.10145e-05 0.000299817 -5.82138e-05 1.1796e-05 -8.39966e-05 0.000197168 0.000412887
internal_weight=22468.2 943.557 21524.6 2016.94 600.833 447.402 700.557 19507.7 8108.73 6185.11 3941.77 3869.35 1923.61 1416.11 212.58 11399 1691 1609.09 576.067 1352.2 3796.98 332.451 783.784 3716.73 267.63 3449.1 2116.56 1378.02 738.532 340.274
internal_count=18404 483 17921 1438 305 252 402 16483 5869 4918 2938 2902 951 1133 120 10614 1418 1355 371 587 2857 212 381 2809 174 2635 1498 1031 467 192
is_linear=0
shrinkage=0.05


Tree=21
num_leaves=31
num_cat=0
split_feature=0 61 133 56 126 161 15 1 100 91 141 84 138 75 85 114 43 110 141 77 0 50 83 104 8 83 83 124 56 75
split_gain=0.247866 0.307892 0.248739 0.368517 0.056235 0.0530744 0.0428199 0.0404483 0.0332248 0.0302149 0.0187376 0.0154284 0.0223461 0.0178556 0.015475 0.0164379 0.0228475 0.0202202 0.0140139 0.0198281 0.0134256 0.012375 0.0117352 0.0112182 0.0132677 0.0111475 0.0107572 0.0439338 0.0105724 0.00988755
threshold=0.20185000000000003 193.10000000000005 88.200000000000003 3.4740885500000336 65.500000000000014 0.33673469387755106 0.00027708333333333334 0.13643709050000002 5.4500000000000464 14.050000000000002 37.125000000000007 16.650000000000006 3.3850000000000002 16.150000000000002 284.98531900000006 33.050000000000004 0.38350000000000006 16.950000000000003 38.860000000000007 279.73269355000008 0.028450000000000003 1023.5500000000001 11.250000000000002 0.55000000000000016 0.012361670566801151 18.050000000000004 31.000000000000004 0.78656609248549303 -4.3002115499999709 17.050000000000004
decision_type=2 2 2 2 2 2 2 2 2 2 2 2 2 2 2 2 2 2 2 2 2 2 2 2 2 2 2 2 2 2
left_child=2 -2 4 22 6 -3 18 9 10 -8 21 14 -13 -14 15 20 -17 -18 26 -20 25 -9 -4 -22 -25 -11 -1 -28 -26 -27
right_child=1 5 3 -5 -6 -7 7 8 -10 11 -12 12 13 -15 -16 16 17 -19 19 -21 23 -23 -24 24 28 29 27 -29 -30 -31
leaf_value=-0.00016192168006974058 0.002331875299298711 -7.3024517142779484e-05 -0.00034486908372157501 0.0037636975563623207 -0.00016205532335941344 0.00081628464531626756 0.00072690860305197431 0.00018901166381524669 0.00085273277050580915 -0.00023832449831893691 -0.00016015899287534556 0.0009635137911970155 0.00030474097303740229 -0.00017819899502090485 0.00071274524074664612 2.0957390848539412e-05 0.00095217671531629957 5.7213273665447457e-05 -0.00020523512539203376 0.00060918370130455687 -0.00034350328036847431 0.00077723058480138718 0.00041277924898187776 0.00048964784450840576 0.00019821286278393874 0.00010066597776549617 -0.00015648573265716336 0.00093126945941635086 -0.00015526464486676633 -0.00013462689506904142
leaf_weight=4063.0605552196503 240 442.79758024215698 75.943616986274719 104.57641398906708 8406.2455592155457 260.7597177028656 152.5541809797287 347.18947982788086 269.88992261886597 1308.4514917135239 237.64807975292206 89.526453614234924 499.34959721565247 295.63821804523468 71.261555790901184 1168.47010409832 140.64322566986084 137.17524862289429 130.23950147628784 155.39026546478271 137.74957072734833 139.91545438766479 133.53240931034088 205.80389440059662 465.1735326051712 699.92517995834351 426.98827731609344 116.53573942184448 376.47113990783691 1169.2736804485321
leaf_count=3487 80 316 71 39 8142 87 82 160 94 1195 167 41 266 232 46 778 65 80 117 84 113 47 69 96 231 469 343 80 305 1022
internal_value=-5.62522e-06 0.000786871 -4.06324e-05 0.00135328 -6.15698e-05 0.000250175 4.01756e-06 7.62895e-05 0.000374744 3.26049e-05 0.000188927 1.61037e-05 0.000210996 0.000118867 -1.23922e-05 -2.22693e-05 0.000122494 0.000530004 -0.000111837 0.000220966 -7.14213e-05 0.000369461 0.000114012 6.94604e-05 0.000128814 -0.000125546 -0.000133601 6.8837e-05 3.41706e-05 -4.38408e-05
internal_weight=22468.2 943.557 21524.6 314.052 21210.6 703.557 12804.3 7912.11 994.643 6917.47 724.753 6764.91 884.514 794.988 5880.4 5809.14 1446.29 277.818 4892.21 285.63 4362.85 487.105 209.476 1185.2 1047.45 3177.65 4606.58 543.524 841.645 1869.2
internal_count=18404 483 17921 179 17742 403 9600 5489 468 5021 374 4939 539 498 4400 4354 923 145 4111 201 3431 207 140 745 632 2686 3910 423 536 1491
is_linear=0
shrinkage=0.05


end of trees

feature_importances:
hours_since_obs=43
last_osi=30
pct_forest=29
last_P_t=23
log_customers=20
pct_unmapped=20
cumul_gust_since_onset=19
wind_sin_t=16
mslma_t=16
total_tp_next_24h=16
pct_forest_classified=15
pop_density=14
cumul_tp_since_onset=13
min_t2m_next_24h=12
pct_wetland=12
sp_t=11
tp_rate_next_24h=11
last_R_t=10
gust_max_next_24h=10
wind_speed_max_next_24h=10
gust_peak4h_mean_next_24h=10
pct_water=10
wind_speed_max_next_6h=9
min_t2m_next_6h=9
last_D_t=8
pre_event_mean_osi=8
gust_max_last6h_obs=8
min_t2m_next_48h=8
tree_canopy_std=8
last_N_t=7
pre_event_max_outage_pct=7
frac_zero_72h=7
gust_max_obs=7
total_tp_next_48h=7
pressure_change_6h=7
wind_speed_at_t48h=7
t2m_at_t48h=7
d2m_t=6
gust_mean_next_6h=6
gust_mean_next_24h=6
wind_speed_max_next_48h=6
osi_mean_72h=5
storm_onset_mean_osi=5
gust_trend_last6h_obs=5
soil_moist_t=5
gust_gt30_next_48h=5
t2m_at_t6h=5
t2m_at_t24h=5
gust_at_t48h=5
R_t_mean_72h=4
gust_last_obs=4
dewpoint_c_t=4
soil_moist_x_gust=4
gust_x_hso=4
temp_change_6h=4
gust_gt30_since_onset=4
gust_at_t24h=4
last_outage_pct=3
osi_trend_last6h=3
r2_t=3
diffuse_rad_t=3
gust_gt30_next_24h=3
pct_developed=3
osi_std_72h=2
hours_since_peak=2
gust_mean_obs=2
wind_cos_t=2
blh_t=2
mcc_t=2
hcc_t=2
gust_x_phase=2
total_tp_next_6h=2
gust_gt40_next_24h=2
gust_max_next_48h=2
gust_peak4h_mean_next_48h=2
wind_speed_at_t1h=2
gust_at_t6h=2
wind_speed_at_t6h=2
hour_cos=2
n_utilities=2
tp_rate_next_48h=2
gust_gt30_frac_next_48h=2
osi_max_72h=1
outage_pct_mean_72h=1
N_t_max_72h=1
storm_onset_max_osi=1
gust_gt30_obs=1
gust_gt40_obs=1
wind_speed_t=1
tcc_t=1
sdswrf_t=1
soil_gust_x_phase=1
gust_exceed30_x_hso=1
min_t2m_next_1h=1
gust_max_next_6h=1
gust_peak4h_mean_next_6h=1
gust_mean_next_48h=1
gust_gt40_next_48h=1
gust_change_1h=1
gust_change_3h=1
pressure_change_3h=1
tp_at_t6h=1
tp_at_t24h=1
hour_of_day=1
rural_urban_code=1
tree_canopy_pct=1

parameters:
[boosting: gbdt]
[objective: regression]
[metric: rmse]
[tree_learner: serial]
[device_type: cpu]
[data_sample_strategy: bagging]
[data: ]
[valid: ]
[num_iterations: 2000]
[learning_rate: 0.05]
[num_leaves: 31]
[num_threads: -1]
[seed: 42]
[deterministic: 0]
[force_col_wise: 0]
[force_row_wise: 0]
[histogram_pool_size: -1]
[max_depth: -1]
[min_data_in_leaf: 50]
[min_sum_hessian_in_leaf: 0.001]
[bagging_fraction: 0.8]
[pos_bagging_fraction: 1]
[neg_bagging_fraction: 1]
[bagging_freq: 5]
[bagging_seed: 42]
[bagging_by_query: 0]
[feature_fraction: 0.8]
[feature_fraction_bynode: 1]
[feature_fraction_seed: 42]
[extra_trees: 0]
[extra_seed: 12879]
[early_stopping_round: 0]
[early_stopping_min_delta: 0]
[first_metric_only: 0]
[max_delta_step: 0]
[lambda_l1: 0.1]
[lambda_l2: 1]
[linear_lambda: 0]
[min_gain_to_split: 0]
[drop_rate: 0.1]
[max_drop: 50]
[skip_drop: 0.5]
[xgboost_dart_mode: 0]
[uniform_drop: 0]
[drop_seed: 42]
[top_rate: 0.2]
[other_rate: 0.1]
[min_data_per_group: 100]
[max_cat_threshold: 32]
[cat_l2: 10]
[cat_smooth: 10]
[max_cat_to_onehot: 4]
[top_k: 20]
[monotone_constraints: ]
[monotone_constraints_method: basic]
[monotone_penalty: 0]
[feature_contri: ]
[forcedsplits_filename: ]
[refit_decay_rate: 0.9]
[cegb_tradeoff: 1]
[cegb_penalty_split: 0]
[cegb_penalty_feature_lazy: ]
[cegb_penalty_feature_coupled: ]
[path_smooth: 0]
[interaction_constraints: ]
[verbosity: -1]
[saved_feature_importance_type: 0]
[use_quantized_grad: 0]
[num_grad_quant_bins: 4]
[quant_train_renew_leaf: 0]
[stochastic_rounding: 1]
[linear_tree: 0]
[max_bin: 255]
[max_bin_by_feature: ]
[min_data_in_bin: 3]
[bin_construct_sample_cnt: 200000]
[data_random_seed: 42]
[is_enable_sparse: 1]
[enable_bundle: 1]
[use_missing: 1]
[zero_as_missing: 0]
[feature_pre_filter: 1]
[pre_partition: 0]
[two_round: 0]
[header: 0]
[label_column: ]
[weight_column: ]
[group_column: ]
[ignore_column: ]
[categorical_feature: ]
[forcedbins_filename: ]
[precise_float_parser: 0]
[parser_config_file: ]
[objective_seed: 16083]
[num_class: 1]
[is_unbalance: 0]
[scale_pos_weight: 1]
[sigmoid: 1]
[boost_from_average: 1]
[reg_sqrt: 0]
[alpha: 0.9]
[fair_c: 1]
[poisson_max_delta_step: 0.7]
[tweedie_variance_power: 1.5]
[lambdarank_truncation_level: 30]
[lambdarank_norm: 1]
[label_gain: ]
[lambdarank_position_bias_regularization: 0]
[eval_at: ]
[multi_error_top_k: 1]
[auc_mu_weights: ]
[num_machines: 1]
[local_listen_port: 12400]
[time_out: 120]
[machine_list_filename: ]
[machines: ]
[gpu_platform_id: -1]
[gpu_device_id: -1]
[gpu_device_id_list: ]
[gpu_use_dp: 0]
[num_gpu: 1]

end of parameters

pandas_categorical:[]
