tree
version=v4
num_class=1
num_tree_per_iteration=1
label_index=0
max_feature_idx=189
objective=regression
feature_names=last_osi last_P_t last_N_t last_D_t last_R_t last_outage_pct osi_mean_72h osi_max_72h osi_std_72h outage_pct_mean_72h outage_pct_max_72h N_t_mean_72h N_t_max_72h R_t_mean_72h R_t_max_72h pre_event_mean_osi pre_event_max_outage_pct storm_onset_max_osi storm_onset_mean_osi osi_trend_last6h is_worsening frac_zero_72h hours_since_peak gust_mean_obs gust_max_obs gust_gt30_obs gust_gt40_obs cumul_gust_obs gust_last_obs gust_max_last6h_obs gust_trend_last6h_obs gust_t wind_speed_t wind_sin_t wind_cos_t t2m_t d2m_t tp_t rain_t csnow_t sdwe_t r2_t vpd_t soil_moist_t blh_t tcc_t lcc_t mcc_t hcc_t sp_t mslma_t sdswrf_t direct_rad_t diffuse_rad_t et0_t temp_c_t dewpoint_c_t icing_risk_t gust_exceed_30 soil_moist_x_gust is_snowing gust_x_hso gust_x_phase soil_gust_x_phase gust_exceed30_x_hso gust_max_next_1h gust_mean_next_1h wind_speed_max_next_1h total_tp_next_1h min_t2m_next_1h gust_gt30_next_1h gust_gt40_next_1h gust_peak4h_mean_next_1h gust_max_next_6h gust_mean_next_6h wind_speed_max_next_6h total_tp_next_6h min_t2m_next_6h gust_gt30_next_6h gust_gt40_next_6h gust_peak4h_mean_next_6h gust_max_next_24h gust_mean_next_24h wind_speed_max_next_24h total_tp_next_24h min_t2m_next_24h gust_gt30_next_24h gust_gt40_next_24h gust_peak4h_mean_next_24h gust_max_next_48h gust_mean_next_48h wind_speed_max_next_48h total_tp_next_48h min_t2m_next_48h gust_gt30_next_48h gust_gt40_next_48h gust_peak4h_mean_next_48h gust_change_1h gust_change_3h pressure_change_3h pressure_change_6h temp_change_6h wind_change_1h cumul_gust_since_onset cumul_tp_since_onset gust_gt30_since_onset gust_at_t1h wind_speed_at_t1h t2m_at_t1h tp_at_t1h gust_at_t6h wind_speed_at_t6h t2m_at_t6h tp_at_t6h gust_at_t24h wind_speed_at_t24h t2m_at_t24h tp_at_t24h gust_at_t48h wind_speed_at_t48h t2m_at_t48h tp_at_t48h hour_of_day hour_sin hour_cos days_since_onset hours_since_obs storm_phase log_customers rural_urban_code is_metro pop_density n_utilities pct_forest pct_developed pct_agriculture pct_water pct_wetland pct_unmapped pct_forest_classified tree_canopy_pct tree_canopy_std forest_x_customers window_len_next_1h is_full_next_1h tp_rate_next_1h gust_gt30_frac_next_1h has_weather_at_t1h window_len_next_6h is_full_next_6h tp_rate_next_6h gust_gt30_frac_next_6h has_weather_at_t6h window_len_next_24h is_full_next_24h tp_rate_next_24h gust_gt30_frac_next_24h has_weather_at_t24h window_len_next_48h is_full_next_48h tp_rate_next_48h gust_gt30_frac_next_48h has_weather_at_t48h N_nonzero_frac_obs R_nonzero_frac_obs P_mean_last24_obs D_mean_last24_obs N_mean_last24_obs R_mean_last24_obs flow_balance_last24_obs restoration_ratio_obs P_D_gap_last_obs hours_since_P_peak_obs hours_since_N_peak_obs hours_since_R_peak_obs first_material_N_hour_obs first_material_R_hour_obs P_trend_last24_obs D_trend_last24_obs P_post_peak_slope_obs P_active_frac_obs has_material_P_obs has_material_N_obs has_material_R_obs gust_excess30_sum_obs N_per_gust_excess_obs P_change_per_gust_excess_obs gust_to_N_best_corr_obs gust_to_N_best_lag_obs gust_at_first_material_N_obs
feature_infos=[0:0.55230000000000001] [0:0.82424180700000005] [0:0.021710291] [0:0.90465771100000003] [0:0.039181763000000001] [0:82.420000000000002] [4.1666666666666669e-06:0.26529999999999998] [0.0001:0.65049999999999997] [1.9982631347136334e-05:0.22470370552747407] [0.00083333333333333328:39.644861111111112] [0.02:100] [3.1208333333333337e-06:0.018623942125000001] [7.4900000000000005e-05:0.37916412199999999] [3.1208333333333337e-06:0.017093115180555556] [7.4900000000000005e-05:0.119716399] [0:0.38653749999999998] [0:100] [0:0.59799999999999998] [0:0.20940416666666664] [-0.022628571428571428:0.017611428571428573] [0:1] [0:0.95833333333333337] [0:71] [13.03611111111111:31.258333333333326] [29.300000000000001:70] [0:35] [0:18] [938.59999999999991:2250.5999999999995] [3.5:47.5] [15.4:64.5] [-6.477142857142856:3.3114285714285714] [0.59999999999999998:57.799999999999997] [0:38] [-0.99999999953664132:0.99999999913657367] [-0.99999999329043221:1] [261.05202270000001:298.3466019] [257.33913039999999:289.8677619] [0:11.300000000000001] [0:11.300000000000001] [0:2.6600000000000001] [0:0.089999999999999997] [15:100] [0:2.5] [0.16700000000000001:0.52000000000000002] [10:3090] [0:100] [0:100] [0:100] [0:100] [884.60000000000002:1027] [986.70000000000005:1031.8] [0:840] [0:731] [0:463] [0:0.60999999999999999] [-12.097977299999968:25.196601900000019] [-15.81086959999999:16.717761900000028] [0:1] [0:27.799999999999997] [0.19259999999999999:23.550000000000001] [0:1] [0.80000000000000004:3819.7999999999997] [0:107.59999999999999] [0:47.100000000000001] [0:1689.7999999999997] [1.2:57.799999999999997] [0.89999999999999991:54.5] [0:38] [0:14.699999999999999] [260.0631818:298.21776599999998] [0:2] [0:2] [0.89999999999999991:54.5] [5.4000000000000004:57.799999999999997] [3.5714285714285716:49.328571428571429] [0.40000000000000002:38] [0:26.699999999999999] [259.42265909999998:296.22558249999997] [0:7] [0:7] [4.3499999999999996:52.550000000000004] [13.199999999999999:57.799999999999997] [8.2360000000000007:43.052] [6:38] [0:51.199999999999996] [259.42265909999998:286.57337899999999] [0:25] [0:19] [12.25:52.550000000000004] [13.199999999999999:57.799999999999997] [7.961224489795919:37.897959183673471] [6:38] [0:52.900000000000006] [259.42265909999998:281.94003939999999] [0:40] [0:22] [12.75:52.550000000000004] [-24.299999999999997:28.199999999999999] [-32:35.700000000000003] [-6.1999999999999318:10.599999999999909] [-10.899999999999977:14.599999999999909] [-20.027499999999975:21.845291299999985] [-15.300000000000001:28.000000000000004] [347.09999999999997:3733.5999999999999] [0:53.200000000000003] [0:61] [0.59999999999999998:57.799999999999997] [0:38] [260.0631818:298.3466019] [0:11.300000000000001] [1.3999999999999999:57.799999999999997] [0:38] [259.42265909999998:298.3466019] [0:11.300000000000001] [0.90000000000000002:57.799999999999997] [0:38] [259.42265909999998:298.3466019] [0:11.300000000000001] [0.90000000000000002:53.799999999999997] [0:34.299999999999997] [259.42265909999998:296.58327589999999] [0:11.300000000000001] [0:23] [-1:1] [-1:1] [1:4] [1:96] [0:2] [7.1180162044653335:13.453719692845613] [1:9] [0:1] [8.3691524328166658:11939.655837338518] [1:14] [0.96999999999999997:88.719999999999999] [2.21:86.629999999999995] [0.040000000000000001:87.469999999999999] [0.01:5.5099999999999998] [0:19.780000000000001] [1.8899999999999999:18.32] [0.98868616858628067:95.815074496056084] [2.2000000000000002:80.340000000000003] [12.65:40.140000000000001] [8.0679963363985543:851.54750536995925] none none [0:7.3499999999999996] [0:1] none none none [0:3.8142857142857141] [0:1] none none none [0:2.048] [0:1] none none none [0:1.0795918367346939] [0:0.81632653061224492] none [0.041666666666666664:0.83333333333333337] [0.041666666666666664:0.90277777777777779] [0:0.33157778683333333] [0:0.2415728110416667] [0:0.05185222787499999] [0:0.017634620166666667] [-5.9704624999999938e-05:0.03421760770833332] [0.013031417634099374:6.5416667824977583] [-0.094310770000000002:0.045476995000000006] [0:71] [0:71] [0:70] [0:68] [0:71] [-0.00014221094434782621:0.052080195401739138] [-2.8979260869565253e-06:0.043438201510000003] [-0.090709080000000039:0.00060335147105305595] [0:0.98611111111111116] [0:1] [0:1] [0:1] [0:446.30000000000001] [1.2346153846153842e-05:0.024848555909090915] [-0.0026323566314935061:0.0091683099305555574] [-0.13256831251647599:0.75281650661316302] [0:3] [3.2000000000000002:60.600000000000001]
tree_sizes=3507 3589 3566 3569 3569 3570 3542 3498 3479 3510 3576 3576 3553 3583 3540 3525 3610 3540 3604 3576

Tree=0
num_leaves=31
num_cat=0
split_feature=133 90 103 177 18 133 100 160 77 28 23 88 81 2 91 180 128 160 124 61 160 138 133 85 29 31 164 133 29 74
split_gain=2.56727 1.98014 0.441144 0.379605 0.384167 0.191566 0.123543 0.096929 0.0880581 0.0807921 0.0519874 0.0476301 0.0458994 0.0393232 0.0249438 0.0230566 0.0520178 0.0674887 0.0572832 0.0200747 0.0199308 0.0187337 0.0183633 0.0178012 0.0113223 0.0137435 0.00809788 0.00774566 0.0119982 0.0054479
threshold=88.200000000000003 25.406122448979595 1201.1500000000003 -7.8140403478260928e-05 0.063537500000000011 80.210000000000022 5.0999999999999668 0.42142857142857149 275.55836775000006 21.250000000000004 18.550694444444449 29.512500000000006 28.850000000000005 0.0006863590000000001 18.150000000000002 0.25694444444444448 9.232155983247015 0.1295918367346939 -0.70710678118654757 21.500000000000004 0.32346938775510214 3.8050000000000002 59.215000000000011 273.84030045000003 48.400000000000006 18.550000000000004 0.49305555555555564 26.335000000000004 26.700000000000006 11.064285714285718
decision_type=2 2 2 2 2 2 2 2 2 2 2 2 2 2 2 2 2 2 2 2 2 2 2 2 2 2 2 2 2 2
left_child=2 11 3 -1 5 8 -6 9 10 -7 12 -2 14 19 -5 -4 17 -17 -19 -12 29 -20 24 -18 25 -15 -25 -22 -29 -10
right_child=1 -3 15 4 6 7 -8 -9 20 -11 13 -13 -14 22 -16 16 23 18 21 -21 27 -23 -24 26 -26 -27 -28 28 -30 -31
leaf_value=0.010895158808722329 0.00706853870669495 0.016036504637935278 0.0069520185006117412 0.0077512640113910989 0.0080494362627404926 0.0085787861699249644 0.01012484414200503 0.0091381316102302525 0.0071973321062038728 0.0071563870556901402 0.0079958978594038867 0.0087806441011610854 0.0071590851217534284 0.0076533696632205611 0.0087039395217810098 0.0069958964225429101 0.0069659183492007453 0.0089303261402097836 0.0078878686652354771 0.0072320625697174807 0.0070516377393751162 0.0070852971379655929 0.0073756461821291048 0.0074819339105535298 0.0075342769627197879 0.008429878181031256 0.0070894994959858392 0.0077827198779260682 0.0072908363636020931 0.0070094016835336352
leaf_weight=81.543157458305359 79.492708802223206 145.51306867599487 6744.4282445907593 139.60944581031799 140.26409149169922 173.22860717773438 168.09762477874756 204.81160724163055 618.19228005409241 220.55813455581665 90.5325927734375 73.635847449302673 104.72409176826477 123.75096583366394 190.75762438774109 360.4485719203949 2632.987388253212 106.52856338024139 166.96356821060181 1394.6820282936096 204.0546954870224 115.32701992988586 261.69023180007935 261.05229437351227 156.13620972633362 167.82128012180328 262.6819064617157 157.94051837921143 662.01617443561554 1670.9167085886002
leaf_count=32 69 49 6489 62 57 76 57 83 445 165 51 33 80 54 75 326 2476 59 60 948 176 96 154 139 74 58 198 65 442 1490
internal_value=0.00728906 0.0118785 0.00721113 0.00752118 0.00747976 0.00739751 0.00920248 0.0082495 0.0073107 0.00777113 0.00752742 0.00786375 0.00802873 0.00742546 0.00831905 0.00700888 0.0071084 0.00747886 0.007939 0.00728243 0.00714018 0.00754278 0.00773152 0.00701886 0.00792773 0.00811977 0.00728769 0.00731926 0.00739216 0.00705791
internal_weight=17880.4 298.642 17581.7 6931.33 6849.78 6541.42 308.362 598.598 5942.82 393.787 2629.7 153.129 435.091 2194.61 330.367 10650.4 3905.99 749.268 388.819 1485.21 3313.12 282.291 709.399 3156.72 447.708 291.572 523.734 1024.01 819.957 2289.11
internal_count=14638 151 14487 4644 4612 4498 114 324 4174 241 1556 102 217 1339 137 9843 3354 541 215 999 2618 156 340 2813 186 112 337 683 507 1935
is_linear=0
shrinkage=1


Tree=1
num_leaves=31
num_cat=0
split_feature=133 90 103 18 133 166 120 77 137 23 35 81 119 2 15 131 119 91 61 92 12 137 104 83 179 133 50 61 85 174
split_gain=2.31856 1.78816 0.398759 0.330271 0.354604 0.18562 0.118087 0.0796773 0.0747981 0.0468386 0.0435716 0.0416453 0.037932 0.0356808 0.0226409 0.0576535 0.132124 0.0223264 0.0181377 0.0181231 0.0175966 0.0166572 0.0120231 0.00902469 0.0075037 0.0074135 0.00660001 0.00658723 0.0059537 0.00591643
threshold=88.200000000000003 25.406122448979595 1201.1500000000003 0.063537500000000011 80.210000000000022 0.008135649083333335 274.38358365000005 275.55836775000006 0.015000000000000001 18.550694444444449 279.99604660000006 28.850000000000005 9.8500000000000032 0.0006863590000000001 0.00092500000000000015 33.845472724088289 7.3500000000000005 18.150000000000002 21.500000000000004 15.950000000000005 0.096316070500000003 5.580000000000001 0.35000000000000009 27.550000000000004 -7.3966693677001509e-06 4.8000000000000007 1028.2500000000002 222.65000000000001 278.52408990000009 6.5000000000000009
decision_type=2 2 2 2 2 2 2 2 2 2 2 2 2 2 2 2 2 2 2 2 2 2 2 2 8 2 2 2 2 10
left_child=2 10 3 4 7 8 -5 9 12 11 -2 17 -6 18 28 16 22 -1 -11 -9 25 27 -16 -22 26 -17 -21 -15 -4 -20
right_child=1 -3 14 6 5 -7 -8 19 -10 13 -12 -13 -14 21 15 20 -18 -19 29 24 23 -23 -24 -25 -26 -27 -28 -29 -30 -31
leaf_value=0.00044056369791474665 -0.0002087790019953933 0.0083143627394977656 -0.00032557263970647328 0.00060302813698102009 0.0016312680400720151 0.0024761820506031952 0.0026517543092505046 -0.00021829197188550828 -9.4330870290101269e-05 0.00067318782734410024 0.0014274078426519173 -0.00012223192009098614 0.00037333209294227289 0.0003485401955164973 0.00048196743756130818 9.2923007974902224e-05 0.0021868765204453482 0.0013458098391917097 3.0163734312309312e-05 4.2345809786997862e-05 -0.00011821316597879823 0.00084786692565673883 -0.00023689828264565456 0.00045501275558640575 -0.00026517170319036279 -0.00028622935422546622 0.00051966505260782087 -7.8968565822132631e-05 -8.9475111397876661e-05 -0.00017425154424013348
leaf_weight=139.60944581031799 79.83982241153717 145.51306867599487 6934.220322728157 128.26409149169922 176.24480521678925 208.31377911567688 180.09762477874756 2294.7944383621216 185.9964941740036 90.5325927734375 73.288733839988708 104.72409176826477 109.58642792701721 437.18921661376953 74.233329296112061 114.5819776058197 81.734909176826477 190.75762438774109 804.32070696353912 765.90619444847107 123.90963423252106 181.66961109638214 235.80178332328796 129.12034976482391 168.39368307590485 2616.5229456424713 84.026061058044434 90.539859771728516 340.29230535030365 590.3613213300705
leaf_count=62 69 49 6689 53 75 83 61 1939 133 51 33 80 65 198 29 61 45 75 506 496 88 74 201 45 150 2410 33 68 275 442
internal_value=1.46025e-06 0.00436296 -7.25833e-05 0.000222173 0.00014674 0.00122747 0.00182045 2.20269e-05 0.000661509 0.000228203 0.000546055 0.000704196 0.0011694 0.000131281 -0.000264884 -0.000154857 0.000410146 0.000980836 -4.80113e-06 -0.000140131 -0.000230821 0.000422829 -4.7705e-05 0.000155259 3.11401e-05 -0.000268464 9.59657e-05 0.000265727 -0.000315229 -5.28445e-05
internal_weight=17880.4 298.642 17581.7 6931.33 6622.97 680.142 308.362 5942.82 471.828 2629.7 153.129 435.091 285.831 2194.61 10650.4 3375.9 391.77 330.367 1485.21 3313.12 2984.13 709.399 310.035 253.03 1018.33 2731.1 849.932 527.729 7274.51 1394.68
internal_count=14638 151 14487 4644 4530 356 114 4174 273 1556 102 217 140 1339 9843 2879 275 137 999 2618 2604 340 230 133 679 2471 529 266 6964 948
is_linear=0
shrinkage=0.05


Tree=2
num_leaves=31
num_cat=0
split_feature=133 90 103 177 18 133 120 92 77 49 30 88 43 15 15 47 104 138 56 92 24 41 122 100 35 50 133 2 133 87
split_gain=2.09395 1.61478 0.360338 0.319505 0.314651 0.151368 0.12337 0.0856545 0.0759126 0.0752054 0.0539041 0.0402104 0.0252873 0.0204461 0.0395428 0.0556093 0.039136 0.0241283 0.0181688 0.0159671 0.0129653 0.012273 0.0121256 0.0111424 0.00953128 0.00685629 0.00685223 0.00663872 0.00628041 0.00623805
threshold=88.200000000000003 25.406122448979595 1201.1500000000003 -7.8140403478260928e-05 0.06499583333333335 80.210000000000022 275.00617885000003 20.650000000000006 275.55836775000006 1006.4500000000002 -0.86142857142857199 29.512500000000006 0.37150000000000005 0.00092500000000000015 0.00094270833333333348 97.500000000000014 0.65000000000000024 4.3900000000000015 -6.9089117999999692 15.950000000000005 63.000000000000007 46.500000000000007 1.5000000000000002 7.7500000000000009 273.35961160000005 1028.9500000000003 4.8000000000000007 0.00097368600000000008 67.000000000000014 1.0000000180025095e-35
decision_type=2 2 2 2 2 2 2 2 2 2 2 2 2 2 2 2 2 2 2 2 2 2 2 2 2 2 2 2 2 2
left_child=2 11 3 -1 5 8 -6 10 9 12 -7 -2 20 -4 15 -15 17 21 -14 -10 23 -16 -20 27 -24 28 -18 -5 -21 -30
right_child=1 -3 13 4 6 7 -8 -9 19 -11 -12 -13 18 14 16 -17 26 -19 22 25 -22 -23 24 -25 -26 -27 -28 -29 29 -31
leaf_value=0.0033069750382288578 -0.00020906545645919713 0.0079014820923953132 -0.00029950510110337593 -6.7418509287101475e-05 0.00062678111789088702 0.0010191645855069749 0.0028528312859672886 0.0016968742073686493 -0.0002041560989208682 0.001473989444685335 -0.00013115194299332899 0.0013611918031562762 -4.0431074648771092e-05 -0.00012822618153350332 0.0009817717936300202 0.0016071271504178347 8.8317056262194829e-05 -0.00013363218959482938 0.00097052376567316456 -0.00013080165322194477 0.00046351625488495605 0.00017741178623726113 0.00066627981981928557 0.0005057124084040962 0.00018890390373093943 0.00046868124518615592 -0.00027484532720431482 0.00025395443855910345 0 0.00038942478680799319
leaf_weight=81.543157458305359 79.492708802223206 145.51306867599487 7274.5126280784607 1281.978808760643 122.26409149169922 189.77163231372833 144.09762477874756 204.81160724163055 2303.7944383621216 115.66950106620789 204.01510941982269 73.635847449302673 164.5062860250473 106.60401821136475 114.28425753116608 74.488582730293274 114.5819776058197 194.70698571205139 133.9099760055542 495.01416850090027 176.04873859882355 112.40744543075562 203.17748427391052 104.93180549144745 303.06241047382355 81.045094847679138 2658.8316618204117 179.4194598197937 292.78158569335938 149.48508954048157
leaf_count=32 69 49 6964 885 51 92 49 83 1942 43 149 33 115 79 40 42 61 161 62 378 87 61 85 57 155 36 2435 78 196 69
internal_value=1.53466e-06 0.00414641 -6.88171e-05 0.000211361 0.000173302 0.000104194 0.00185591 0.00086187 2.74447e-05 0.000226995 0.000411715 0.000517526 0.000167846 -0.00025163 -0.000146928 0.000563022 -0.000188899 0.00025367 0.000400567 -0.000131012 5.73357e-05 0.000607412 0.00052158 8.22598e-06 0.00039129 2.95977e-05 -0.000258013 -2.4397e-05 -3.4993e-06 0.00012768
internal_weight=17880.4 298.642 17581.7 6931.33 6849.78 6583.42 266.362 598.598 5984.82 2662.7 393.787 153.129 2547.03 10650.4 3375.9 181.093 3194.81 421.399 804.656 3322.12 1742.38 226.692 640.15 1566.33 506.24 1018.33 2773.41 1461.4 937.281 442.267
internal_count=14638 151 14487 4644 4612 4512 100 324 4188 1567 241 102 1524 9843 2879 121 2758 262 417 2621 1107 101 302 1020 240 679 2496 963 643 265
is_linear=0
shrinkage=0.05


Tree=3
num_leaves=31
num_cat=0
split_feature=133 90 93 133 0 86 120 44 50 126 81 35 128 28 2 111 28 15 15 85 180 104 49 91 88 136 24 138 81 186
split_gain=1.89104 1.45821 0.300353 0.308548 0.280158 0.212912 0.139205 0.0731706 0.0699533 0.048673 0.0394987 0.0367773 0.0350293 0.0315946 0.0193534 0.0208585 0.0283351 0.0122745 0.042867 0.0486641 0.0117673 0.0115599 0.00781448 0.00769298 0.00764121 0.00758719 0.00749933 0.00673993 0.00673718 0.00594988
threshold=88.200000000000003 25.406122448979595 267.14417930000008 80.210000000000022 0.21365000000000003 10.500000000000002 272.40926080000003 742.50000000000011 1027.2500000000002 11.500000000000002 28.050000000000004 279.99604660000006 9.293439940087163 44.050000000000004 0.0012152840000000003 3.3500000000000001 19.250000000000004 0.00092500000000000015 0.00094270833333333348 267.42453710000007 0.27083333333333343 0.65000000000000024 970.6500000000002 20.150000000000002 39.212500000000006 1.0200000000000002 46.750000000000007 3.9200000000000004 22.150000000000002 0.00024131674173260575
decision_type=2 2 2 2 2 2 2 2 2 2 2 2 2 2 2 2 2 2 2 2 2 2 2 2 2 2 2 2 2 10
left_child=2 11 17 4 8 7 -6 12 9 13 -10 -2 -5 14 15 16 -4 -1 19 -19 -11 22 24 -9 -20 -16 -22 28 -17 -28
right_child=1 -3 3 5 6 -7 -8 23 10 20 -12 -13 -14 -15 25 27 -18 18 21 -21 26 -23 -24 -25 -26 -27 29 -29 -30 -31
leaf_value=-0.00029375322519405416 -0.00019904000877424993 0.0075091045555895743 0.0011040149281451512 0.0016620191565804865 0.00042380396727889201 0.0026152979167245998 0.0025588510446250441 -0.00017547950538642526 0.0010475814595317932 -0.00020571561746924555 9.1636349640337043e-05 0.0013013433999228777 0.00046360393730765113 0.0008220281829852985 0.00022530724128311936 0.0004335195386564255 5.8165764155776264e-05 -0.00018623332519517087 -7.2215038579014507e-06 0.0016027047957558223 0.0002693052958197107 -0.00024988228481174959 -0.00023168304928928153 0.00041315266026422938 0.00050783065569419015 0.00075033309593784691 -0.00019333302610448255 -0.00012586719265792246 -1.1734369894815725e-05 5.7068385370287469e-05
leaf_weight=6480.794576048851 79.83982241153717 145.51306867599487 93.957745432853699 164.86224949359894 159.51354277133942 184.63677716255188 159 173.77998983860016 233.79507505893707 2944.6438235044479 223.81088256835938 73.288733839988708 120.25461041927338 154.64627349376678 274.53089392185211 114.25341320037842 240.81152367591858 71.798964858055115 142.71861159801483 70.312780141830444 191.28822815418243 2575.2206107378006 165.85286366939545 80.141462445259094 114.83096432685852 118.94093596935272 491.64192879199982 1173.0858756303787 248.8653746843338 413.75564968585968
leaf_count=6272 69 49 45 67 65 77 53 126 96 2504 130 33 58 63 131 55 148 60 99 41 109 2339 149 46 45 43 402 869 161 234
internal_value=1.64912e-06 0.0039406 -6.51934e-05 0.000161616 6.23733e-05 0.00114566 0.00150993 0.000629092 -3.75969e-06 -4.68289e-05 0.000592159 0.000490401 0.00117742 0.000129406 7.95554e-05 9.69758e-06 0.000369003 -0.000253357 -0.000168343 0.000668958 -0.000153564 -0.000209901 2.15071e-05 0 0.000204157 0.00039819 -8.91902e-06 -6.55386e-05 0.000115436 -7.34496e-05
internal_weight=17880.4 298.642 17581.7 7960.22 7236.54 723.675 318.514 539.038 6918.03 6460.42 457.606 153.129 285.117 2419.09 2264.45 1870.97 334.769 9621.53 3140.73 142.112 4041.33 2998.62 423.402 253.921 257.55 393.472 1096.69 1536.2 363.119 905.398
internal_count=14638 151 14487 5482 5108 374 118 297 4990 4764 226 102 125 1515 1452 1278 193 9005 2733 101 3249 2632 293 172 144 174 745 1085 216 636
is_linear=0
shrinkage=0.05


Tree=4
num_leaves=31
num_cat=0
split_feature=133 90 103 177 18 133 120 160 77 49 28 88 43 160 100 177 136 12 134 160 75 175 105 133 77 133 29 141 74 19
split_gain=1.70781 1.31681 0.297113 0.273588 0.259878 0.123389 0.08847 0.0735313 0.0599396 0.0653518 0.059538 0.0339543 0.02336 0.0169856 0.106925 0.0200562 0.0164717 0.016083 0.0160077 0.0138336 0.0130672 0.0128772 0.0126601 0.00747997 0.0204002 0.00658945 0.00934305 0.00572234 0.004734 0.00447058
threshold=88.200000000000003 25.406122448979595 1201.1500000000003 -7.8140403478260928e-05 0.063537500000000011 80.210000000000022 274.38358365000005 0.42142857142857149 275.55836775000006 1006.4500000000002 21.250000000000004 29.512500000000006 0.37150000000000005 0.1295918367346939 5.1499999999999782 -7.8140403478260928e-05 0.13500000000000004 0.12129045050000002 6.8100000000000014 0.32346938775510214 6.4500000000000011 12.500000000000002 15.500000000000002 80.660000000000011 287.27382205000009 26.335000000000004 26.700000000000006 33.920000000000009 11.064285714285718 -0.00043714285714285697
decision_type=2 2 2 2 2 2 2 2 2 2 2 2 2 2 2 2 2 2 2 2 2 8 2 2 2 2 2 2 2 2
left_child=2 11 3 -1 5 8 -6 10 9 12 -7 -2 16 -4 15 -15 22 23 -14 28 -20 -22 -5 -17 -25 -21 -27 -18 -10 -28
right_child=1 -3 13 4 6 7 -8 -9 19 -11 -12 -13 18 14 -16 17 27 -19 20 25 21 -23 -24 24 -26 26 29 -29 -30 -31
leaf_value=0.0030573466111665833 -0.00019904506231716303 0.007136211991901488 -0.00028353501421015439 0 0.00051397835785716264 0.0010505511665716714 0.0022950134915500609 0.0015470473582436769 -5.9845240242561e-05 0.0013605983530716515 -0.00017027388082719956 0.0012411240299420269 -0.00012836847421155836 0.00071174831421508017 0.0019781890306765633 -0.00023159814473204269 -0.00010516253494728817 0.00028631587105741786 0.0010444017624147482 -0.0002186631093204345 0.00070207844876191724 0.0001788105909261902 0.00071088243436341885 -0.00019952740563387923 0.00073863100366165205 0.00044019070111433572 0.00018813329019962187 9.8796120700578961e-05 -0.00023430977295438562 -8.260670955181356e-05
leaf_weight=81.543157458305359 79.492708802223206 145.51306867599487 6078.760999917984 111.88608288764954 128.26409149169922 173.22860717773438 180.09762477874756 204.81160724163055 618.19228005409241 115.66950106620789 220.55813455581665 73.635847449302673 122.79207837581635 58.751415371894836 56.7514967918396 3977.5934216976166 923.2430294752121 158.43278241157532 91.748367428779602 204.0546954870224 194.80030024051666 395.31541073322296 145.04819428920746 245.63012945652008 74.497311472892761 157.94051837921143 232.16009032726288 529.20150601863861 1670.9167085886002 429.85608410835266
leaf_count=32 69 49 5893 75 53 76 61 83 445 43 165 33 94 22 42 3555 650 79 37 176 81 205 69 216 36 65 139 302 1490 303
internal_value=1.74013e-06 0.003745 -6.17675e-05 0.000192611 0.000157337 8.95416e-05 0.0015744 0.000773369 1.97025e-05 0.00019862 0.000355408 0.000464616 0.00014265 -0.00022779 -0.000152528 -0.00018085 3.47653e-05 -0.000193898 0.000365302 -0.000120817 0.000461584 0.000360898 0.000404273 -0.000212826 4.84289e-06 2.77068e-05 9.53007e-05 -2.73928e-05 -0.000189424 4.93739e-06
internal_weight=17880.4 298.642 17581.7 6931.33 6849.78 6541.42 308.362 598.598 5942.82 2629.7 393.787 153.129 2514.03 10650.4 4571.66 4514.91 1709.38 4456.15 804.656 3313.12 681.864 590.116 256.934 4297.72 320.127 1024.01 819.957 1452.44 2289.11 662.016
internal_count=14638 151 14487 4644 4612 4498 114 324 4174 1556 241 102 1513 9843 3950 3908 1096 3886 417 2618 323 286 144 3807 252 683 507 952 1935 442
is_linear=0
shrinkage=0.05


Tree=5
num_leaves=31
num_cat=0
split_feature=140 86 49 93 18 85 50 0 137 94 171 3 99 9 89 2 50 85 112 118 12 175 83 101 180 180 116 137 96 140
split_gain=0.753087 1.10212 1.6928 0.201905 0.293338 0.103484 0.0495895 0.0482282 0.046284 0.089874 0.0396219 0.0362655 0.0358246 0.028818 0.0275411 0.0239266 0.0182873 0.0165539 0.0154969 0.014985 0.0143024 0.0130159 0.0116436 0.0114891 0.0136012 0.0124946 0.0100241 0.00833261 0.00531609 0.00459268
threshold=75.820000000000007 10.500000000000002 971.45000000000016 270.77153565000009 0.06499583333333335 277.82451485000007 1027.2500000000002 0.0034500000000000004 0.055000000000000007 16.500000000000004 -0.044102210999999995 0.028829380000000005 3.6499999999999777 0.042777777777777783 53.850000000000001 0.0035617145000000003 1028.5500000000002 271.88859360000004 286.63978985000006 15.750000000000002 0.096316070500000003 10.500000000000002 21.050000000000004 -6.0361541000000036 0.36805555555555564 0.4513888888888889 281.93024535000006 18.300000000000004 37.962500000000013 56.040000000000006
decision_type=2 2 2 2 2 2 2 2 2 2 2 2 2 2 2 2 2 2 2 2 2 8 2 2 2 2 2 2 2 2
left_child=3 5 18 8 6 11 10 -7 9 12 -5 -2 19 -8 15 23 20 -17 -3 -1 27 -21 -22 26 29 -26 -12 -10 -23 -25
right_child=1 2 -4 4 -6 7 13 -9 16 -11 14 -13 -14 -15 -16 17 -18 -19 -20 21 22 28 -24 24 25 -27 -28 -29 -30 -31
leaf_value=-0.00025203876049465185 -0.00017053599901565509 -0.00014211888117681004 0.0073524234844371678 0.00089358471889619529 0.0019891556853163135 0.0005203934278983955 0.00013046783498673464 0.0018813706917409929 -0.00025322599275066747 0.0012261108138430599 2.914830410723299e-05 0.00092650564249907932 0.0011165865688947904 0.001225294507546295 0.00070324050180499648 0.00087097307185640639 0.00035703047010566397 0.00011450382773888007 0.00075455835020714422 0.00056009345762311616 -0.00016801400143966885 -0.00016919222123362306 0.00029785309272464333 -7.3781763340971356e-05 0.00040306401830033723 -0.00017027304780218027 0.00061502402657903903 0.00013533611100589426 0.00016901789798220434 -0.00023707420724940068
leaf_weight=819.91479170322418 604.96088528633118 96.556760668754578 159 138.15769672393799 218.5443332195282 178.93888080120087 118.03661775588989 117.63691449165344 9874.1218301057816 148.78398048877716 264.239710688591 84.693537831306458 60.46321713924408 151.70311999320984 145.69394469261169 122.41171479225159 124.96106898784637 221.92373895645142 82.698810815811157 111.37069404125214 346.85334694385529 297.36569249629974 216.46480000019073 1833.8111878633499 259.01895654201508 134.41833555698395 112.10228848457336 122.46902740001678 181.05052554607391 639.97328794002533
leaf_count=759 509 84 53 64 78 80 67 47 9285 85 154 47 56 52 74 45 60 119 38 69 277 238 87 1294 117 106 55 63 97 557
internal_value=5.89938e-06 0.00115322 0.00361285 -8.50562e-05 0.000206734 0.00030175 0.000111012 0.00108154 -0.000188871 5.77828e-05 6.3838e-05 -2.7427e-05 -5.7809e-05 0.000766924 3.15642e-05 2.70784e-06 -0.000226713 0.000399652 0.000245712 -0.00011248 -0.000234128 7.31681e-05 2.35387e-06 -3.80007e-05 -7.3421e-05 0.000194571 0.000218083 -0.000247953 -3.0686e-05 -0.000118125
internal_weight=17988.3 1324.49 338.256 16663.9 4360.03 986.23 4141.49 296.576 12303.8 1618.95 3871.75 689.654 1470.16 269.74 3733.59 3587.9 10684.9 344.335 179.256 1409.7 10559.9 589.787 563.318 3243.56 2867.22 393.437 376.342 9996.59 478.416 2473.78
internal_count=14716 858 175 13858 2782 683 2704 127 11076 1304 2585 556 1219 119 2521 2447 9772 164 122 1163 9712 404 364 2283 2074 223 209 9348 335 1851
is_linear=0
shrinkage=0.05


Tree=6
num_leaves=31
num_cat=0
split_feature=133 90 93 133 165 86 120 44 108 50 126 2 135 133 137 137 2 113 128 187 180 29 140 42 0 28 24 170 0 128
split_gain=1.58659 1.54326 0.227739 0.231779 0.209543 0.201939 0.134408 0.0649789 0.0612175 0.0548132 0.0361151 0.0269107 0.025891 0.0179267 0.0167289 0.0161039 0.0127855 0.0673812 0.0125479 0.0127411 0.00864604 0.00856586 0.00797889 0.0129261 0.00688111 0.00520961 0.00500823 0.00544601 0.00488284 0.00482563
threshold=88.200000000000003 26.505102040816336 267.14417930000008 79.980000000000004 0.10318029800000002 10.500000000000002 273.46900440000007 377.50000000000006 284.70643770000009 1027.2500000000002 10.500000000000002 0.0006863590000000001 29.415000000000003 80.660000000000011 1.4400000000000002 7.3200000000000012 0.0035617145000000003 1.3500000000000003 9.4017455261924869 0.60139346601400467 0.27083333333333343 24.050000000000004 75.820000000000007 0.52500000000000013 0.41135000000000005 41.850000000000009 46.750000000000007 0.81432034613118953 0.018250000000000006 10.100143380802356
decision_type=2 2 2 2 2 2 2 2 2 2 2 2 2 2 2 2 2 2 2 2 2 2 2 2 2 2 2 2 2 2
left_child=2 8 16 4 9 7 -6 -5 -2 10 11 18 15 -9 29 -11 22 28 19 21 -12 -4 24 -24 -1 -20 -22 -28 -18 -13
right_child=1 -3 3 5 6 -7 -8 13 -10 12 20 14 -14 -15 -16 -17 17 -19 25 -21 26 -23 23 -25 -26 -27 27 -29 -30 -31
leaf_value=-0.00025510023466908128 0 0.0082669913542589967 0.00039902759763820394 0.0012470318804372962 0.00031989888010212106 0.0023657874756690864 0.0022504573625035272 0.00063825864586708513 0.001808415973375888 -6.904396276274966e-05 -0.00017996501883171817 0 0.0009694367105999882 -7.677824454143272e-05 0.00080638193337389272 0.00073739571306645458 0.00014234944070051791 0.0014686138944718101 -0.00010703153436401408 0.00075956504849602645 0.00020731236711991064 -8.6436830997169118e-05 -0.00022093657027727584 0.00032728477354283461 0.00012876450930851899 0.00024242871303257392 3.0560380374306649e-05 -0.00020621709940735365 -0.00020210609875583437 0.00035549739228614489
leaf_weight=8097.1514075994492 103.7037764787674 111 139.69117176532745 192.8931999206543 209.13013446331024 192.11393868923187 168.19524955749512 119.26690471172333 81.794299840927124 180.48332643508911 3055.1380585432053 151.62389016151428 189.19658100605011 291.55936872959137 189.02752113342285 86.679085612297058 99.487597346305847 67.135392308235168 1100.0019537210464 93.654816150665283 199.78449642658234 226.89416456222534 316.86376976966858 159.06173121929169 100.45534467697144 109.85037088394165 535.28452444076538 403.82031798362732 815.38169860839844 202.01560521125793
leaf_count=7774 77 37 67 79 92 79 58 61 35 125 2593 91 72 190 81 30 52 51 795 45 116 167 292 82 51 47 318 343 738 78
internal_value=5.82853e-06 0.00362717 -5.47806e-05 0.000141468 5.16557e-05 0.000951211 0.00119735 0.000489632 0.000794503 -1.07695e-05 -4.92262e-05 0.000112945 0.000517115 0.000119709 0.000418758 0.000175729 -0.000218634 -4.13292e-05 1.03939e-05 0.000234883 -0.000135986 8.55345e-05 -0.000238124 -2.69266e-05 -0.000249771 -7.09984e-05 -1.35686e-05 -6.60478e-05 -0.000159074 0.000195776
internal_weight=17988.3 296.498 17691.8 8036.3 7240.47 795.833 377.325 603.719 185.498 6863.15 6406.79 2212.76 456.359 410.826 542.667 267.162 9655.54 982.005 1670.09 460.24 4194.03 366.585 8673.53 475.926 8197.61 1209.85 1138.89 939.105 914.869 353.639
internal_count=14716 149 14567 5527 5118 409 150 330 112 4968 4741 1371 227 251 250 155 9040 841 1121 279 3370 234 8199 374 7825 842 777 661 790 169
is_linear=0
shrinkage=0.05


Tree=7
num_leaves=31
num_cat=0
split_feature=133 90 103 18 133 119 94 120 81 77 88 50 81 2 33 141 75 124 133 92 100 92 12 133 77 103 104 50 3 111
split_gain=1.43362 1.39354 0.22401 0.185085 0.185875 0.143352 0.142472 0.0801799 0.0695062 0.0512454 0.0459803 0.0296989 0.0352671 0.0197461 0.0176285 0.0212495 0.0155673 0.0209135 0.0139401 0.0130097 0.0957798 0.01221 0.0108063 0.0115339 0.0195597 0.0099401 0.00965722 0.00709282 0.00707807 0.00512011
threshold=88.200000000000003 26.505102040816336 1209.6500000000003 0.06499583333333335 79.980000000000004 8.8500000000000032 15.500000000000002 274.80093255000003 32.850000000000001 275.55836775000006 31.037500000000005 1027.2500000000002 28.050000000000004 0.0006863590000000001 -0.87919917663988723 25.640000000000004 6.7500000000000009 0.78656609248549303 59.215000000000011 6.3500000000000023 5.1999999999999895 18.250000000000007 0.12129045050000002 84.075000000000017 286.32691830000005 1093.95 1.2500000000000004 1022.35 5.94e-05 9.0500000000000025
decision_type=2 2 2 2 2 2 2 2 2 2 2 2 2 2 2 2 2 2 2 2 2 2 2 2 2 2 2 2 2 2
left_child=2 8 3 4 9 6 10 -5 -2 11 -6 13 -13 16 -7 -16 17 -1 25 -4 22 27 23 -21 -25 26 -15 -11 -23 -30
right_child=1 -3 19 7 5 14 -8 -9 -10 21 -12 12 -14 18 15 -17 -18 -19 -20 20 -22 28 -24 24 -26 -27 -28 -29 29 -31
leaf_value=0 -0.00024371534754811594 0.0078573326886232416 -0.00024661210958508651 0.00043250624118794042 0.0016238205406121399 -0.00023943327293939095 0.0029909793488607666 0.0021800317535785375 0.0016480552213967233 -0.00022871409686297273 0.00018938099634319421 0.0011716759753466687 7.8752760749311373e-05 0.00036260321594729983 5.2695287409588753e-05 0.00096714075855404305 -5.2477270452581411e-05 0.0008077704657204034 2.8325609136642318e-05 -0.0001942117673798963 0.0018784726079350039 0.00050051680585105581 0.00023424609086124552 -0.00012492448726023883 0.00082836278212053936 0.00010759412610400189 0.0010057639392540853 -4.8284130745290727e-05 0.00013693052556285239 -0.0001443340132189635
leaf_weight=208.49040591716766 85.284136652946472 111 6049.4103780984879 128.07954609394073 105.38822865486145 139.5959335565567 119.27049612998962 156.19524955749512 100.21393966674805 1654.2467042207718 137.6659642457962 156.2175852060318 159.43662106990814 163.80215299129486 175.35077834129333 111.6604175567627 1352.5163247585297 134.17325043678284 258.13883233070374 4094.7750771045685 57.144228100776672 80.679662585258484 157.41002643108368 167.60205900669098 74.358865857124329 133.8974711894989 138.53439831733704 930.62846207618713 346.44332563877106 300.7291761636734
leaf_count=130 69 37 5871 53 49 110 45 54 43 1511 65 56 94 69 99 48 925 60 152 3650 44 35 78 134 34 63 48 661 204 225
internal_value=5.72547e-06 0.00344809 -5.18742e-05 0.000165262 0.000112156 0.000833402 0.00156538 0.00141449 0.000754846 1.66493e-05 0.000835946 0.000178798 0.000637424 0.000115882 0.000197817 0.000427939 2.0676e-05 0.000323279 0.000340754 -0.000197597 -0.000131309 -0.000114268 -0.000158388 -0.000173843 0.000149662 0.000513708 0.000676135 -0.000165732 6.16145e-05 0
internal_weight=17988.3 296.498 17691.8 7091.14 6806.87 788.932 362.325 284.275 185.498 6017.93 243.054 2705.21 315.654 2389.55 426.607 287.011 1695.18 342.664 694.373 10600.7 4551.29 3312.73 4494.15 4336.74 241.961 436.234 302.337 2584.88 727.852 647.173
internal_count=14716 149 14567 4756 4649 416 159 107 112 4233 114 1597 150 1447 257 147 1115 190 332 9811 3940 2636 3896 3818 168 180 117 2172 464 429
is_linear=0
shrinkage=0.05


Tree=8
num_leaves=31
num_cat=0
split_feature=133 90 103 18 133 166 47 81 77 137 123 50 81 89 2 81 137 124 31 92 138 12 101 83 1 137 171 3 50 42
split_gain=1.29489 1.2587 0.202665 0.167265 0.168202 0.124145 0.0729472 0.0629379 0.0464387 0.0354366 0.0295566 0.0268323 0.0317294 0.0199073 0.0150192 0.0131104 0.0118847 0.0434641 0.0739936 0.0110549 0.0105107 0.00934532 0.00839076 0.00795082 0.0073786 0.00729058 0.00654679 0.00639633 0.0063701 0.00540707
threshold=88.200000000000003 26.505102040816336 1209.6500000000003 0.06499583333333335 79.980000000000004 0.008135649083333335 50.500000000000007 32.850000000000001 275.55836775000006 0.015000000000000001 0.60355339059327384 1027.2500000000002 28.050000000000004 55.050000000000004 0.0035617145000000003 32.95000000000001 0.055000000000000007 -0.9159756150367534 28.650000000000002 18.250000000000007 2.77 0.096316070500000003 -6.3432540499999837 21.050000000000004 0.0018017440000000003 18.300000000000004 -0.0046702699999999998 5.94e-05 1022.35 0.23500000000000001
decision_type=2 2 2 2 2 2 2 2 2 2 2 2 2 2 2 2 2 2 2 2 2 2 2 2 2 2 2 2 2 2
left_child=2 7 3 4 8 9 -5 -2 11 10 15 13 -13 14 22 -6 17 18 -4 28 -19 25 24 -23 -1 -18 29 -21 -10 -24
right_child=1 -3 16 6 5 -7 -8 -9 19 -11 -12 12 -14 -15 -16 -17 21 20 -20 27 -22 23 26 -25 -26 -27 -28 -29 -30 -31
leaf_value=0.00053766031481482343 -0.00023167080287901469 0.0074679736786388926 0 0.0022329105916704733 -9.3704376924583067e-05 0.001767078004391631 0.0005648340857814367 0.0015664665988720256 -0.00021728529974342285 -0.00017767149511225871 0.0012536791360188175 0.0011134648014850918 7.4839661838863817e-05 0.0008030098763905692 0.00038671601130603754 0.00061587585251154616 -0.00022699539685683805 0.00036793699377588203 0.0019646411412289964 0.00047579734158972566 -0.00020752570031069208 -0.00015748169842817964 0.00021995767261227887 0.00025255940365115711 0 0.00014037645283818763 -0.00010194347429614929 0 -4.5872516943924025e-05 -3.8006098372750275e-05
leaf_weight=137.52590453624725 85.284136652946472 111 151.01758885383606 129.10511648654938 103.10464346408844 232.39664316177368 155.16967916488647 100.21393966674805 1654.2467042207718 181.04005420207977 135.59569549560547 156.2175852060318 159.43662106990814 99.976854205131531 336.41417229175568 136.79478216171265 8507.8454751968384 78.30207371711731 66.926777958869934 80.679662585258484 1181.5701550245285 302.89160943031311 404.45767557621002 192.46480000019073 91.684698104858398 119.68215441703796 967.3322993516922 647.17250180244446 930.62846207618713 352.16123187541962
leaf_count=65 69 37 127 45 68 94 62 43 1511 133 62 56 94 43 151 59 8124 40 40 35 1087 253 213 79 54 61 697 429 661 224
internal_value=5.66286e-06 0.00327724 -4.90651e-05 0.000157449 0.000106924 0.000793035 0.0013451 0.00071614 1.60298e-05 0.000374888 0.000654342 0.00017042 0.000606539 0.000110489 7.77286e-05 0.000291032 -0.000187682 -5.15448e-05 0.000593805 -0.000108551 -0.000167531 -0.000209179 2.1779e-05 0 0.000306301 -0.000221304 -1.3307e-05 5.85676e-05 -0.000157547 9.33995e-05
internal_weight=17988.3 296.498 17691.8 7091.14 6806.87 788.932 284.275 185.498 6017.93 556.535 375.495 2705.21 315.654 2389.55 2289.58 239.899 10600.7 1477.82 217.944 3312.73 1259.87 9122.88 1953.16 495.356 229.211 8627.53 1723.95 727.852 2584.88 756.619
internal_count=14716 149 14567 4756 4649 416 107 112 4233 322 189 1597 150 1447 1404 127 9811 1294 167 2636 1127 8517 1253 332 119 8185 1134 464 2172 437
is_linear=0
shrinkage=0.05


Tree=9
num_leaves=31
num_cat=0
split_feature=133 83 103 177 18 133 120 85 104 108 77 50 81 67 89 2 2 113 82 138 21 50 139 114 50 89 0 133 108 174
split_gain=1.16964 1.06809 0.183851 0.156774 0.153114 0.0834974 0.0821345 0.0625094 0.0589626 0.0582373 0.0408321 0.0252228 0.0290532 0.0231249 0.0174131 0.0132281 0.0110195 0.0614123 0.00963787 0.0104585 0.00893146 0.00802147 0.00797745 0.00779054 0.00739535 0.00625118 0.00601992 0.00547238 0.0134894 0.0044308
threshold=88.200000000000003 18.050000000000004 1272.5500000000004 -7.8140403478260928e-05 0.06499583333333335 79.980000000000004 273.46900440000007 276.0391237500001 0.15000000000000005 284.70643770000009 275.55836775000006 1027.2500000000002 28.050000000000004 4.0500000000000007 55.050000000000004 0.00093457300000000007 0.0035617145000000003 1.3500000000000003 14.314000000000002 3.9200000000000004 0.52083333333333337 1016.2500000000001 87.909013442563847 31.050000000000004 1021.5500000000001 43.550000000000004 0.41135000000000005 84.075000000000017 288.0204789 54.500000000000007
decision_type=2 2 2 2 2 2 2 2 2 2 2 2 2 2 2 2 2 2 2 2 2 2 2 2 2 2 2 2 2 10
left_child=2 9 3 -1 5 10 -6 -7 13 -2 11 14 -13 -9 15 18 26 29 19 -5 23 -15 24 25 -12 -17 27 -4 -29 -18
right_child=1 -3 16 4 6 7 -8 8 -10 -11 22 12 -14 21 -16 20 17 -19 -20 -21 -22 -23 -24 -25 -26 -27 -28 28 -30 -31
leaf_value=0.0021740368081185489 -0.00017169089790937243 0.006737618576889196 -0.00021792093258201858 0.00045449395449021022 0.00028811582592003839 -0.00024709654618714801 0.0019454418644697408 0.0010870916941947521 0.0015577477421756221 0.0016086117624373474 -0.00017900970760577331 0.0010581456848373608 6.7611041111073503e-05 0.00057461394236297094 0.00072598890251093404 0.00021091504436077194 -0.00019192154738002933 0.0014252616019622515 -9.0207371414110444e-05 0 -8.1973246046993092e-05 0 0.00042359717769373896 0 -3.1270135928145059e-05 0.0006726788168628108 0.00014051396992575659 -0.00016985739618439707 0.00059644419949689709 6.4869989124628481e-05
leaf_weight=92.591002821922302 97.703776478767395 120 8567.1631276607513 196.21256124973297 149.11127626895905 172.77722549438477 168.19524955749512 105.00091505050659 185.88801145553589 78.794299840927124 2000.2288442850113 156.2175852060318 162.21800816059113 90.40720522403717 104.81023848056793 181.9307416677475 733.47747397422791 66.589915752410889 1172.6688588857651 380.53218913078308 131.00945019721985 193.66720175743103 65.65530526638031 135.20198321342468 1633.0266379117966 200.389723777771 106.45534467697144 286.55166661739349 70.487075567245483 183.37680232524872
leaf_count=36 75 40 8181 91 63 145 58 55 77 34 1765 56 96 37 46 75 681 49 848 233 94 101 30 75 1158 74 53 250 30 110
internal_value=5.52348e-06 0.00311485 -4.64764e-05 0.000137217 0.000111412 6.36659e-05 0.00118568 0.000563811 0.000816177 0.000599508 5.46364e-06 0.000149433 0.00057099 0.000445975 9.35934e-05 6.35771e-05 -0.000187812 -2.30264e-05 -5.1755e-06 0.000158918 0.000256457 0.000188481 -0.000103003 0.000351766 -0.000114008 0.000467112 -0.000205199 -0.000209899 -3.36479e-06 -0.000135099
internal_weight=17988.3 296.498 17691.8 7677.74 7585.15 7267.84 317.307 747.741 574.963 176.498 6520.1 2821.19 318.436 389.075 2502.76 2397.95 10014.1 983.444 1749.41 576.745 648.532 284.074 3698.91 517.522 3633.26 382.32 9030.66 8924.2 357.039 916.854
internal_count=14716 149 14567 5213 5177 5056 121 415 270 109 4641 1688 152 193 1536 1490 9354 840 1172 324 318 138 2953 224 2923 149 8514 8461 280 791
is_linear=0
shrinkage=0.05


Tree=10
num_leaves=31
num_cat=0
split_feature=133 161 126 133 18 49 161 120 86 35 49 133 100 136 2 2 54 136 12 23 99 139 91 186 2 50 177 169 116 69
split_gain=0.982189 0.897988 0.151249 0.155855 0.140296 0.0947609 0.122789 0.0900487 0.0588717 0.0417677 0.0339822 0.0249562 0.0236934 0.0232238 0.0174633 0.0162942 0.010323 0.0171679 0.0131796 0.00980668 0.00959676 0.0453031 0.00934163 0.00931177 0.00799393 0.00789762 0.00622445 0.0048665 0.00421511 0.00388232
threshold=88.200000000000003 0.33673469387755106 39.500000000000007 80.210000000000022 0.063537500000000011 965.95000000000016 0.33673469387755106 273.46900440000007 4.5000000000000009 280.0935192 1006.4500000000002 27.450000000000003 3.3000000000000118 0.20500000000000004 0.0035617145000000003 0.0049793635000000011 0.045000000000000005 0.29500000000000004 0.018957412500000003 18.550694444444449 4.4500000000000464 69.977988560857398 19.750000000000004 -3.1113644199356035e-05 0.00049126100000000011 1016.0500000000001 -7.8140403478260928e-05 0.00079369131249999974 290.83470545000006 274.02057305000011
decision_type=2 2 2 2 2 2 2 2 2 2 2 2 2 2 2 2 2 2 2 2 2 2 2 8 2 2 2 2 2 2
left_child=2 8 3 4 10 -5 9 24 -2 -7 12 -12 22 -11 16 -16 17 18 -14 -19 26 -22 23 25 -6 -1 -4 29 -25 -18
right_child=1 -3 20 5 7 6 -8 -9 -10 13 11 -13 14 -15 15 -17 27 19 -20 -21 21 -23 -24 28 -26 -27 -28 -29 -30 -31
leaf_value=-9.6024964119302163e-05 -0.00028169375160241086 0.00601209012178566 0.00020308360041115477 -7.4142233667980916e-05 1.7986932176983414e-05 0.001590435274801647 0.0024514065757320052 0.0016837312101087342 0.0015007856645593521 0.00075042421300640122 5.4917826607776019e-05 0.0011241075250648447 0.00078557420560925069 -0.00011528797284275485 0.00086644494217508422 0.00012013794171194916 0.00017328845134305677 0.0004683948727693722 0.00013303326092618676 -8.0006118847261289e-05 -0.00020073562424072948 0.0014332586455592358 -0.00015686649701991321 -0.00017340040516050377 0.00059257684745218442 0.00032300258246914141 -0.00020191845999275294 4.7176549557075991e-05 8.3168605071694789e-05 -0.00018234268091269911
leaf_weight=148.10313165187836 99.318060994148254 126.77983558177948 82.843355536460876 211.8827075958252 168.92507493495941 97.588919758796692 137.29356050491333 198.09762477874756 80.021654009819031 167.68321752548218 129.38303852081299 109.16554045677185 152.12500882148743 126.83259773254395 126.85962224006653 217.584721326828 70.865975022315979 93.972235918045044 203.97405326366425 573.97242438793182 219.97210872173309 50.924097299575806 3082.2841603755951 567.67371106147766 114 322.54941952228546 8759.7565457820892 527.77164471149445 192.33883380889893 714.37981522083282
leaf_count=113 80 46 44 159 86 43 50 67 30 69 80 44 76 75 45 102 41 43 108 385 214 45 2620 460 38 158 8314 298 118 599
internal_value=1.84805e-06 0.0028053 -4.68716e-05 0.000105051 3.7779e-05 0.000797374 0.00115509 0.000863921 0.000489838 0.000683395 -1.65833e-05 0.000567727 -3.73045e-05 0.000361559 7.83004e-05 0.000411191 2.69443e-05 0.000147352 0.000427219 0 -0.000188367 9.21811e-05 -0.00011034 2.16061e-06 0.00026839 0.00018062 -0.000197536 -6.31994e-05 -0.000101875 -0.000143709
internal_weight=17874.9 306.12 17568.8 8455.31 7714.03 741.281 529.398 481.023 179.34 392.105 7233 238.549 6994.45 294.516 2681.51 344.444 2337.06 1024.04 356.099 667.945 9113.5 270.896 4312.95 1230.67 282.925 470.653 8842.6 1313.02 760.013 785.246
internal_count=14650 156 14494 5877 5481 396 237 191 110 187 5290 124 5166 144 1697 147 1550 612 184 428 8617 259 3469 849 124 271 8358 938 578 640
is_linear=0
shrinkage=0.05


Tree=11
num_leaves=31
num_cat=0
split_feature=133 90 103 18 133 119 94 106 82 77 49 116 2 15 15 104 138 139 32 2 116 136 19 99 43 75 90 92 187 82
split_gain=0.887073 0.859816 0.14707 0.123881 0.142507 0.0979923 0.0769224 0.0739198 0.0549091 0.0258777 0.0422334 0.0144174 0.0122726 0.01099 0.0718808 0.0147784 0.0106182 0.0105053 0.00979783 0.00788872 0.00636601 0.00636392 0.00980337 0.00841821 0.00799077 0.00651725 0.00534307 0.00522283 0.00435512 0.00410194
threshold=88.200000000000003 25.063265306122453 1209.6500000000003 0.063537500000000011 80.210000000000022 9.3500000000000032 15.500000000000002 12.15 15.638000000000003 275.55836775000006 1006.4500000000002 286.26938360000008 0.0035617145000000003 0.00092500000000000015 0.00093958333333333339 0.65000000000000024 4.1800000000000006 87.909013442563847 9.0500000000000025 0.0049793635000000011 286.43784225000007 0.29500000000000004 -2.4285714285714278e-05 3.4500000000000459 0.36650000000000005 6.9500000000000011 31.504081632653065 19.550000000000008 0.28207409468225952 24.898000000000003
decision_type=2 2 2 2 2 2 2 2 2 2 2 2 2 2 2 2 2 2 2 2 2 2 2 2 2 2 2 2 2 2
left_child=2 18 3 4 9 6 7 -6 -5 10 12 -7 21 -4 -15 16 -16 20 -2 -14 -11 22 23 -1 -23 -26 -17 -22 -29 -30
right_child=1 -3 13 8 5 11 -8 -9 -10 17 -12 -13 19 14 15 26 -18 -19 -20 -21 27 24 -24 -25 25 -27 -28 28 29 -31
leaf_value=0.00016502925196906364 -0.00028510510566269199 0.0053565516437570383 -0.0001972098602242782 0.0018890825426153949 0.0019505927293879445 -0.0001948697089235055 0.0024207706576211984 4.8989474504106147e-05 0.00049895836618059038 -0.00018740101879208336 0.0011003466212891246 0.00044579365869662111 0.00061843012229461595 0.0016224875985721182 0.00048536730542661147 -0.00018209115017510261 -2.6966879948908863e-05 0.00032839130556199138 0.00049933938329986592 0.00011017509200954246 -8.6180548997330931e-05 -0.000117073512524694 -0.00015023622633276908 0.00073657996888611772 0.00048146956030809706 2.6028452353384082e-05 2.3721374624442594e-05 -0.00013667141480295215 0.00032737478263741816 -2.7170122019568012e-05
leaf_weight=456.93436563014984 86.896712183952332 150 7265.1558381319046 132.09762477874756 84.461825728416443 148.91642069816589 117.55447971820831 141.43408977985382 183.38607978820801 1328.106187582016 106.63709259033203 190.27859997749329 162.64138519763947 59.19901967048645 155.62684917449951 2535.6415069103241 239.11680722236633 142.26638603210449 69.222838401794434 199.92537152767181 1499.4975157976151 898.16384661197662 174.74029326438904 85.286864399909973 104.43729555606842 423.85529732704163 311.83175444602966 107.92747068405151 224.03915143013 89.643726825714111
leaf_count=255 67 50 6954 45 38 115 46 68 72 1188 40 89 66 50 62 2342 188 72 39 97 1162 637 132 36 44 249 192 87 109 59
internal_value=1.94823e-06 0.00266621 -4.43385e-05 0.000132967 8.63918e-05 0.000770471 0.00136644 0.000787493 0.00110095 7.66646e-06 0.000126666 0.00015008 8.28165e-05 -0.00016231 -8.39569e-05 -0.000117147 0.000163101 -8.25414e-05 3.18562e-05 0.000352996 -0.000102168 3.46397e-05 0.00015701 0.000265324 -2.34299e-05 0.00012625 -0.000157797 -4.05761e-05 0.000109609 0.0002104
internal_weight=17874.9 306.12 17568.8 7002.23 6686.75 682.645 343.45 225.896 315.484 6004.1 2612.62 339.195 2505.98 10566.6 3301.42 3242.22 394.744 3391.48 156.12 362.567 3249.21 2143.42 716.962 542.221 1426.46 528.293 2847.47 1921.11 421.61 313.683
internal_count=14650 156 14494 4706 4589 356 152 106 117 4233 1556 204 1516 9788 2834 2784 250 2677 106 163 2605 1353 423 291 930 293 2534 1417 255 168
is_linear=0
shrinkage=0.05


Tree=12
num_leaves=31
num_cat=0
split_feature=133 90 103 177 18 133 44 135 88 77 49 33 2 135 46 137 15 15 85 140 138 104 7 88 116 83 43 187 92 28
split_gain=0.801048 0.781189 0.133014 0.112444 0.117509 0.0673694 0.0499503 0.0597893 0.0490839 0.0234765 0.0381084 0.0182633 0.0118608 0.0111454 0.0100326 0.0100543 0.00992342 0.0649869 0.0135983 0.00950945 0.00829602 0.00810666 0.00742225 0.00735433 0.00571498 0.00496531 0.00404756 0.00365566 0.00586552 0.00325939
threshold=88.200000000000003 25.406122448979595 1209.6500000000003 -7.8140403478260928e-05 0.063537500000000011 80.210000000000022 742.50000000000011 6.7300000000000013 30.412500000000005 275.55836775000006 1005.1500000000002 -0.83636083868652678 0.0006863590000000001 1.8 1.0000000180025095e-35 2.8250000000000006 0.00092500000000000015 0.00093958333333333339 271.88859360000004 76.225000000000009 3.9200000000000004 0.65000000000000024 0.048350000000000011 25.512500000000006 286.43784225000007 19.750000000000004 0.38750000000000007 0.51327123416844034 22.450000000000006 7.0500000000000007
decision_type=2 2 2 2 2 2 2 2 2 2 2 2 2 2 2 2 2 2 2 2 2 2 2 2 2 2 2 2 2 2
left_child=2 11 3 -1 5 9 7 -7 -6 10 12 -2 20 -8 -14 -16 -4 -18 -19 24 22 -20 23 -5 -11 27 -22 29 -29 -26
right_child=1 -3 16 4 8 6 13 -9 -10 19 -12 -13 14 -15 15 -17 17 18 21 -21 26 -23 -24 -25 25 -27 -28 28 -30 -31
leaf_value=0.0020469941185113838 -0.00024842700140691279 0.0052543204551903713 -0.00018735072373021275 0.00048352926261477282 0.0015915428855021497 0.00023130614740665256 0.00046739168265065643 0.0015221475567875258 0.00027813255372941811 -0.00017803801949723707 0.00092379033074335834 0.00078868466649718882 5.5175996032905479e-05 -0.00027134522172624033 0.00018532352131652699 0.00079093529848804362 0.0015427107164584974 -0.00016117000414422606 0.0003834930988384486 0.00031208635895270208 -9.7554002501519602e-05 -8.5237647432039818e-06 -0.00010404234063340227 0 0.00012399260271860348 -0.000126828375220504 0.00018389654748384969 4.0224139625720355e-05 0.00050601422815326489 -0.00014570800885703344
leaf_weight=74.689497113227844 95.16831386089325 141 7265.1558381319046 216.88632547855377 180.2674617767334 185.10279476642609 74.891240000724792 195.61790955066681 135.21624279022217 1328.106187582016 139.87460613250732 69.951236724853516 388.80380034446716 152.34397447109222 199.6600296497345 134.81588423252106 59.19901967048645 2633.1410607099533 175.22206234931946 142.26638603210449 1139.4167740345001 433.85379469394684 136.95584309101105 123.78733325004578 144.12848806381226 884.38737595081329 132.42121589183807 447.63232564926147 86.520347595214844 358.43932747840881
leaf_count=29 73 47 6954 98 62 96 44 73 55 1188 60 36 207 114 93 51 50 2400 88 72 814 296 92 75 84 739 66 262 40 292
internal_value=2.01177e-06 0.0025338 -4.19594e-05 0.000126642 0.000104923 5.90628e-05 0.000560287 0.000909901 0.00104707 7.39295e-06 0.000120772 0.000162939 7.29723e-05 -4.98705e-06 0.000243161 0.000445959 -0.000154162 -7.95786e-05 -0.000111208 -7.84848e-05 0 9.65017e-05 0.00017992 0.000308681 -9.7215e-05 -3.86753e-05 -6.42003e-05 3.17562e-05 0.000125819 -5.83404e-05
internal_weight=17874.9 306.12 17568.8 7002.23 6927.54 6612.06 607.956 380.721 315.484 6004.1 2612.62 165.12 2472.75 227.235 723.28 334.476 10566.6 3301.42 3242.22 3391.48 1749.47 609.076 477.63 340.674 3249.21 1921.11 1271.84 1036.72 534.153 502.568
internal_count=14650 156 14494 4706 4677 4560 327 169 117 4233 1556 109 1496 158 351 144 9788 2834 2784 2677 1145 384 265 173 2605 1417 880 678 302 376
is_linear=0
shrinkage=0.05


Tree=13
num_leaves=31
num_cat=0
split_feature=133 94 103 177 18 133 119 101 82 86 50 135 49 2 160 75 160 160 0 133 90 28 137 133 77 4 137 175 49 83
split_gain=0.723402 0.709728 0.120392 0.101567 0.106217 0.0608767 0.0462288 0.0886574 0.0457877 0.0376129 0.0233011 0.0231944 0.0188456 0.016852 0.0134145 0.0115178 0.00930869 0.0438298 0.00907169 0.00889505 0.0109748 0.00831441 0.00725762 0.0062981 0.0114762 0.00497081 0.00475457 0.00831005 0.00850785 0.00429374
threshold=88.200000000000003 16.500000000000004 1209.6500000000003 -7.8140403478260928e-05 0.063537500000000011 80.210000000000022 9.8500000000000032 -3.8337525999999964 15.638000000000003 4.5000000000000009 1026.8500000000001 29.415000000000003 982.1500000000002 0.00093457300000000007 0.36836734693877554 3.7500000000000004 0.1295918367346939 0.13367346938775518 0.41135000000000005 50.805000000000014 26.505102040816336 44.750000000000007 7.3200000000000012 80.210000000000022 286.75740100000002 0.019435266500000003 0.19500000000000003 9.5000000000000018 993.05000000000007 17.550000000000004
decision_type=2 2 2 2 2 2 2 2 2 2 2 2 2 2 2 2 2 2 2 2 2 2 2 2 2 2 2 8 2 2
left_child=2 9 3 -1 5 10 7 -7 -6 -2 13 22 -9 15 -8 -5 -4 -18 23 20 -15 25 -12 -19 -25 26 27 -17 -29 -28
right_child=1 -3 16 4 8 6 14 12 -10 -11 11 -13 -14 19 -16 21 17 18 -20 -21 -22 -23 -24 24 -26 -27 29 28 -30 -31
leaf_value=0.0019459967448792635 -0.00026220992433284579 0.005258603369805639 -0.00018754795364243258 0.00057040711675617167 0.0017163588449486946 0.0023651448122494452 -0.00013213954603420082 0 0.00044315849382417483 0.0011592268553974416 -0.00011089977331167476 0.00077673651747101329 0.00088427967545573287 0.00060523253014273855 0.00062408372479981521 0.00029668551094271016 0.00096622363011810005 -0.00014466819598258677 0.00039850088978162304 4.2546423991931214e-05 9.5062231803496793e-06 0.00037564377832507566 0.00041774386120734262 -8.6830345750039121e-05 0.00050483911542754272 0.00031483998398846929 -5.6595928555935277e-05 -0.00013670298785346441 0.00026354701254749819 -0.00017918324696008454
leaf_weight=74.689497113227844 99.318060994148254 126.77983558177948 6078.4905539751053 68.080513477325439 132.09762477874756 82.319362759590149 211.20701694488525 122.11111497879028 183.38607978820801 80.021654009819031 195.13530457019806 187.3660101890564 114.40183985233307 204.95933032035828 77.916584253311157 190.58091950416565 94.220551609992981 3887.2603088617325 79.315484523773193 626.82624936103821 151.99218058586121 95.966396570205688 92.073959350585938 321.16105782985687 106.12381875514984 70.207553625106812 1507.6420444250107 773.45667684078217 153.17503333091736 1686.6400783061981
leaf_count=29 80 46 5904 29 45 35 141 64 72 30 138 72 51 80 36 110 85 3459 27 357 82 37 35 262 51 45 1069 609 92 1478
internal_value=2.08264e-06 0.00240806 -3.96893e-05 0.000120695 0.000100016 5.63744e-05 0.000532843 0.00094821 0.000995803 0.000347223 7.21537e-06 0.000343669 0.000426107 -2.08138e-05 5.58714e-05 -6.22271e-05 -0.000146447 -8.96376e-05 -0.000113632 0.000165336 0.000366272 -7.30875e-05 4.20865e-05 -0.000124295 4.92825e-05 -8.41398e-05 -9.18676e-05 0 -6.49376e-05 -0.000122925
internal_weight=17874.9 306.12 17568.8 7002.23 6927.54 6612.06 607.956 318.832 315.484 179.34 6004.1 474.575 236.513 5529.53 289.124 4545.75 10566.6 4488.08 4393.86 983.778 356.952 4477.67 287.209 4314.55 427.285 4381.7 4311.49 1117.21 926.632 3194.28
internal_count=14650 156 14494 4706 4677 4560 327 150 117 110 4233 245 115 3988 177 3469 9788 3884 3799 519 162 3440 173 3772 313 3403 3358 811 701 2547
is_linear=0
shrinkage=0.05


Tree=14
num_leaves=31
num_cat=0
split_feature=133 86 126 133 165 119 82 108 101 187 81 50 92 135 2 41 112 4 137 99 178 92 30 56 136 23 2 177 75 172
split_gain=0.65332 0.612136 0.103824 0.106367 0.0967907 0.0891605 0.072558 0.061141 0.0583099 0.0663 0.0257046 0.0260706 0.0182269 0.0154482 0.0131079 0.0141606 0.011035 0.0108375 0.00957796 0.00861599 0.0434804 0.00786609 0.0104993 0.00714964 0.0101616 0.00664839 0.00792075 0.00495335 0.00372957 0.00340647
threshold=88.200000000000003 9.5000000000000018 39.500000000000007 80.210000000000022 0.099558759562500002 9.3500000000000032 15.4 284.70643770000009 -3.5619140999999952 0.29029368456313909 28.950000000000003 1026.8500000000001 20.050000000000008 29.415000000000003 0.00021126900000000001 59.500000000000007 283.68809900000002 0.010930737000000001 5.580000000000001 4.4500000000000464 0.0024730035119565224 20.250000000000004 -1.3257142857142865 -6.0995620999999849 0.12500000000000003 18.550694444444449 0.0011514315000000002 -7.8140403478260928e-05 12.450000000000001 7.5000000000000009
decision_type=2 2 2 2 2 2 2 2 2 2 2 2 2 2 2 2 2 2 2 2 2 2 2 2 2 2 2 2 2 10
left_child=2 7 3 4 10 8 -6 -2 -5 -10 11 23 16 -13 21 29 -7 -8 -17 27 -21 -12 -23 -1 -25 -26 -27 -4 -24 -16
right_child=1 -3 19 5 6 12 17 -9 9 -11 14 13 -14 -15 15 18 -18 -19 -20 20 -22 22 28 24 25 26 -28 -29 -30 -31
leaf_value=-0.00012398709900755581 -0.00016367736949677312 0.0051792665152284121 0.00019267614747164118 0.0024179781164415217 0.0018066634639965766 -0.00028851661101110716 0 0.0016150906294181541 0.0017194820903205104 9.3800592438086724e-05 -0.00015512278413073435 0.00019606128390011143 0.00076432185448374558 0.00097453108984884662 2.0223211827672078e-06 7.616520653285912e-05 0.00032407183435430217 0.00055296333999234554 0.00062112114082113153 -0.0001747139782798231 0.001423356753648619 -0.00011554811489061204 0.00051832196771023234 0.00054793851786333347 0.00047844317586286659 -2.826412714159141e-05 0.00035293556446864942 -0.00016747771093500864 5.828660857245496e-05 -0.00021296981944945504
leaf_weight=371.87859201431274 114.94826245307922 114 82.843355536460876 83.902268409729004 117.09762477874756 189.42649626731873 129.19057738780975 77.171288132667542 118.73051011562347 146.71299648284912 3072.3216959238052 156.71459805965424 87.110820293426514 137.18517673015594 1042.6292364597321 218.5262143611908 115.3979115486145 234.73449754714966 155.58575057983398 219.88846790790558 51.00773811340332 389.60379993915558 113.11787259578705 127.54329991340637 90.878862142562866 868.13031625747681 157.89082551002502 8759.7565457820892 118.50519633293152 212.49189949035645
leaf_count=282 85 38 44 33 40 149 72 33 47 73 2692 81 32 49 668 120 62 79 59 213 46 288 55 72 36 566 62 8314 71 189
internal_value=2.18213e-06 0.00228866 -3.75009e-05 8.8308e-05 3.26134e-05 0.000660325 0.000718825 0.000529597 0.00124169 0.000843443 -1.24243e-05 0.000144024 0.000127566 0.000578459 -6.95254e-05 4.63874e-05 -3.99573e-05 0.000351106 0.000317183 -0.000154769 0.00011193 -0.000122007 3.37205e-05 6.16287e-05 0.000121166 6.75121e-05 2.58155e-05 -0.000163517 0.000305711 -3.05359e-05
internal_weight=17874.9 306.12 17568.8 8455.31 7714.03 741.281 481.023 192.12 349.346 265.444 7233 1910.22 391.935 293.9 5322.78 1629.23 304.824 363.925 374.112 9113.5 270.896 3693.55 621.227 1616.32 1244.44 1116.9 1026.02 8842.6 231.623 1255.12
internal_count=14650 156 14494 5877 5481 396 191 118 153 120 5290 1148 243 130 4142 1036 211 151 179 8617 259 3106 414 1018 736 664 628 8358 126 857
is_linear=0
shrinkage=0.05


Tree=15
num_leaves=31
num_cat=0
split_feature=133 86 103 165 133 141 92 41 120 108 112 49 49 21 61 28 92 81 99 129 96 172 103 2 100 103 43 0 169 133
split_gain=0.511969 0.60913 0.11345 0.0859099 0.0992068 0.0702469 0.136603 0.0690716 0.0567262 0.0423188 0.0240139 0.041228 0.023756 0.0145146 0.0120857 0.012805 0.00921671 0.00828638 0.00755891 0.0417106 0.00731107 0.00713087 0.00661254 0.00644265 0.00578647 0.0053414 0.00524174 0.00436368 0.00405382 0.00392928
threshold=88.200000000000003 9.5000000000000018 1272.5500000000004 0.10318029800000002 79.980000000000004 25.640000000000004 17.050000000000008 48.500000000000007 273.46900440000007 284.49856345000006 276.01681990000003 1003.7500000000001 979.1500000000002 0.21527777777777782 21.500000000000004 44.050000000000004 20.050000000000008 28.050000000000004 4.4500000000000464 6.5000000000000009 37.037500000000009 7.5000000000000009 958.95000000000016 0.0035617145000000003 -2.5499999999999541 977.70000000000027 0.36250000000000004 0.41135000000000005 0.00079369131249999974 84.075000000000017
decision_type=2 2 2 2 2 2 2 2 2 2 2 2 2 2 2 2 2 2 2 2 2 8 2 2 2 2 2 2 2 2
left_child=2 9 3 4 10 12 7 -7 -5 -2 11 14 -6 -14 -1 22 17 21 27 -20 25 26 23 -16 -22 -18 -12 29 -19 -4
right_child=1 -3 18 8 5 6 -8 -9 -10 -11 16 -13 13 -15 15 -17 20 28 19 -21 24 -23 -24 -25 -26 -27 -28 -29 -30 -31
leaf_value=0.00057133955406735496 -0.00023265983401824999 0.0051811278217191838 -0.00015912146666843103 0.00016491877674170666 -0.0002459506666374612 -0.00044323528857662282 0.0021901843547874255 0.0013458342978989225 0.0015583757631220591 0.001277278340124823 8.3649824586360386e-05 0.0012486844345787282 6.9826468447757857e-05 0.00089857325876525332 4.8812235133363998e-05 0.00044717151748228191 0.00016752739961617191 -0.00016202784291170216 -0.0001766833046423916 0.0013649168571721593 0 -8.5076014025242851e-05 -0.00010472962825299904 0.00050495581556872396 0.00045066661019857788 -0.0001429536115476773 0.0005115882207166986 0.0001346209562744527 -3.2247939669096756e-05 0
leaf_weight=135.05659306049347 110.90551364421844 102 9193.0452809333801 145.55621635913849 193.31821143627167 131.82824313640594 163.00739705562592 87.610282778739929 166.64643716812134 73.931223511695862 387.60023701190948 84.737635731697083 124.90590667724609 114.01258504390717 603.0486763715744 195.66908514499664 245.20245695114136 1929.8862705230713 220.49930846691132 52.965541481971741 106.47785151004791 466.73085725307465 618.38772010803223 95.233174562454224 204.28281259536743 314.31579029560089 102.10806393623352 114.97865426540375 1030.6933771371841 399.61760663986206
leaf_count=73 85 34 8695 63 151 77 58 42 57 32 217 35 66 44 367 75 124 1751 214 47 71 331 442 37 95 247 43 57 709 316
internal_value=4.12244e-06 0.00209608 -2.97516e-05 0.000114804 7.94151e-05 0.000599416 0.00109425 0.000251229 0.000927278 0.000348005 1.35859e-05 0.000173644 0.000148524 0.000488244 0.00011459 7.01463e-05 -4.33062e-05 -7.6739e-05 -0.000140994 0.000107567 0.000101347 4.74835e-05 1.00254e-05 0.000118805 0.000295521 0 0.000183928 -0.000148521 -0.000118561 -0.00015245
internal_weight=17914.3 286.837 17627.4 7646.32 7334.11 814.683 382.446 219.439 312.203 184.837 6519.43 1732.13 432.237 238.918 1647.4 1512.34 4787.3 3917.02 9981.11 273.465 870.279 956.439 1316.67 698.282 310.761 559.518 489.708 9707.64 2960.58 9592.66
internal_count=14655 151 14504 5175 5055 438 177 119 120 117 4617 1029 261 110 994 921 3588 3051 9329 261 537 591 846 404 166 371 260 9068 2460 9011
is_linear=0
shrinkage=0.05


Tree=16
num_leaves=31
num_cat=0
split_feature=137 94 128 93 18 171 50 33 28 61 94 82 9 89 137 101 2 121 88 105 137 85 12 50 174 15 173 91 105 22
split_gain=0.168905 0.645025 0.289284 0.0909867 0.112407 0.0294732 0.0297944 0.0240916 0.0263482 0.0393522 0.0237465 0.0194232 0.0174327 0.0142079 0.0127797 0.0510895 0.0119436 0.0119169 0.00694817 0.0141671 0.00688234 0.00685147 0.00671006 0.00690548 0.00584106 0.00629638 0.00583939 0.0055043 0.00454637 0.00398931
threshold=0.025000000000000005 16.500000000000004 8.6325845804055827 271.02185860000003 0.06499583333333335 -0.044102210999999995 1026.8500000000001 -0.87919917663988723 24.800000000000001 169.55000000000004 14.500000000000002 24.716000000000005 0.042777777777777783 55.050000000000004 0.065000000000000016 -7.8651292000000117 0.0045051920000000007 0.25000000000000006 32.987500000000004 9.5000000000000018 18.300000000000004 271.88859360000004 0.09273153100000002 1028.5500000000002 6.5000000000000009 0.00023854166666666669 8.5000000000000018 21.050000000000004 14.500000000000002 38.500000000000007
decision_type=2 2 2 2 2 2 2 2 2 2 2 2 2 2 2 2 2 2 2 2 2 2 2 2 10 2 8 2 2 2
left_child=1 7 -3 14 5 -5 13 -1 9 -9 18 -11 -8 16 15 -2 24 28 -10 -20 22 -18 23 -16 25 29 -27 -24 -17 -7
right_child=3 2 -4 4 -6 6 12 8 10 11 -12 -13 -14 -15 20 17 21 -19 19 -21 -22 -23 27 -25 -26 26 -28 -29 -30 -31
leaf_value=-0.00014772376064054794 0.0013777346181970743 0.004484557612200628 0.00130470430716548 0.00085404072137008555 0.0012892922479290649 -0.00010017412116341325 8.8833338194713358e-05 0.0016159409682341627 -0.00022011934518520557 -0.00019122186610164504 0.00082271540036579901 0.00064748322154164302 0.00098574004564477998 0.00060392585309255651 -0.0001583846604584037 4.4086451461988274e-05 0.00062752523662154081 0.00057365897996628455 0.00068831292314581896 -6.4157724479046093e-05 0.00019017401460866 9.3197522273914921e-05 -0.00011715919931458982 0.00017486791544787735 -0.00011301035973928372 0.00021023249381857726 -0.00017573296824883425 0.0001683388805211024 -0.00018965779335881894 0.00014889510366584494
leaf_weight=792.22758436203003 66.455065727233887 116.29290425777435 203.77402412891388 122.32537448406219 206.91042697429657 801.89266991615295 114.19546270370483 72.835921168327332 331.09543192386627 112.78616511821747 85.827494859695435 151.47033894062042 132.44116342067719 100.61879253387451 9897.0529168844223 287.02650201320648 108.08588767051697 68.262835621833801 78.131247639656067 260.39671242237091 143.81014084815979 198.14334452152252 377.81812453269958 142.91310477256775 1208.0187584161758 595.29663753509521 102.36606395244598 301.21830666065216 547.00953960418701 187.56006717681885
leaf_count=697 58 43 95 56 74 614 64 31 255 72 46 60 45 45 9317 179 40 35 31 191 73 103 303 71 913 296 84 138 520 106
internal_value=4.07391e-06 0.00041404 0.00248601 -5.31699e-05 0.000156425 9.0876e-05 6.29269e-05 5.84003e-05 0.000212436 0.000580546 4.10207e-05 0.000271298 0.000592689 2.16759e-05 -0.000122295 4.78804e-05 1.63157e-06 -4.5946e-05 -5.27929e-05 9.62997e-05 -0.000137935 0.000299496 -0.000142821 -0.000153126 -2.82407e-05 2.95257e-05 0.000146274 2.19556e-06 -0.000103272 -4.78099e-05
internal_weight=17914.3 2204.84 320.067 15709.4 3877.85 3670.94 3548.62 1884.77 1092.54 337.092 755.451 264.257 246.637 3301.98 11831.6 968.754 3201.36 902.299 669.623 338.528 10862.8 306.229 10719 10040 2895.13 1687.12 697.663 679.036 834.036 989.453
internal_count=14655 1521 138 13134 2440 2366 2310 1383 686 163 523 132 109 2201 10694 792 2156 734 477 222 9902 143 9829 9388 2013 1100 380 441 699 720
is_linear=0
shrinkage=0.05


Tree=17
num_leaves=31
num_cat=0
split_feature=133 86 103 137 88 18 120 108 32 81 30 30 180 134 82 61 49 34 99 36 50 17 8 15 187 77 41 12 133 77
split_gain=0.41905 0.517439 0.0938833 0.0757987 0.11967 0.0786455 0.0475103 0.0373284 0.0333176 0.0222041 0.0361788 0.0357989 0.0243551 0.0248415 0.017865 0.0152217 0.0116076 0.00697223 0.00683264 0.040845 0.00555146 0.00460725 0.00488381 0.00443156 0.00415964 0.00425304 0.00401663 0.00372716 0.00355805 0.0106549
threshold=88.200000000000003 9.5000000000000018 1272.5500000000004 1.0000000180025095e-35 38.13750000000001 0.06499583333333335 273.46900440000007 284.49856345000006 4.0500000000000007 28.950000000000003 -3.5399999999999996 -3.7628571428571438 0.28472222222222227 5.245000000000001 24.614000000000008 21.500000000000004 963.45000000000016 0.022006841737717494 4.4500000000000464 272.24988805000004 1027.3500000000001 0.029500000000000002 0.0086748037862174592 0.001113541666666667 0.37564283052292169 273.53913455000003 59.500000000000007 0.096316070500000003 84.075000000000017 286.32691830000005
decision_type=2 2 2 2 2 2 2 2 2 2 2 2 2 2 2 2 2 2 2 2 2 2 2 2 2 2 2 2 2 2
left_child=2 7 3 4 8 9 -7 -2 -1 10 11 -5 24 -14 -10 -12 -15 -18 27 -20 21 -17 -23 -19 -11 -26 -25 28 -4 -30
right_child=1 -3 18 5 -6 6 -8 -9 14 12 15 -13 13 16 -16 20 17 23 19 -21 -22 22 -24 26 25 -27 -28 -29 29 -31
leaf_value=0.00095962828399467144 -0.00026038572700302426 0.004739953843623545 -0.00014852668409688914 0.000221050815651392 0.0023470401058337939 0.00013861148500396889 0.0014168416562664516 0.0011592175209032176 -0.00031818021579426277 -0.00018167983727201715 0.00057256892442611007 0.0013365992381639169 0.00085052391632553157 0.00050373510204551684 0.00058234858771373337 -9.9211357053514192e-05 -9.9933578757629732e-05 -8.6688065856157798e-06 -0.00016758804953590336 0.0013735446855476297 0.00031273779248068535 0.00035749331132641415 1.1063041399715876e-05 0.00012211840474389069 0.00011420905162897578 -8.9038880282994078e-05 0.00052595209409795794 0 -0.00011735563401843223 0.00055026194767321835
leaf_weight=129.39060688018799 110.90551364421844 102 8841.1762336492538 211.2006801366806 91 145.55621635913849 166.64643716812134 73.931223511695862 169.0832052230835 1215.9098019599915 138.46086227893829 120.72829163074493 113.12442266941071 140.83269846439362 79.969070672988892 698.61504673957825 583.30811178684235 247.39039099216461 221.94774401187897 51.517105937004089 149.13319849967957 130.36972296237946 609.34011268615723 283.44581151008606 278.52358078956604 1840.6842757463455 103.60333669185638 466.84770154953003 327.59069168567657 72.026914954185486
leaf_count=57 85 34 8429 104 35 63 57 32 109 1071 72 47 53 54 37 514 431 147 213 48 72 59 350 160 148 1496 39 323 284 32
internal_value=4.05307e-06 0.00189669 -2.65666e-05 0.000104903 0.000720787 6.3826e-05 0.00083921 0.000283706 0.000311408 2.77165e-05 0.00016549 0.000644609 -3.02479e-05 0.000137651 -7.8579e-06 7.01304e-05 7.40326e-05 1.98623e-05 -0.000127784 0.00010847 2.28263e-05 -3.95584e-06 7.92699e-05 0.000137856 -0.000105855 -5.99269e-05 0.000244176 -0.000134964 -0.000141929 0
internal_weight=17914.3 286.837 17627.4 7646.32 469.443 7176.87 312.203 184.837 378.443 6864.67 2057.85 331.929 4806.82 1471.7 249.052 1725.92 1358.58 1217.75 9981.11 273.465 1587.46 1438.32 739.71 634.44 3335.12 2119.21 387.049 9707.64 9240.79 399.618
internal_count=14655 151 14504 5175 238 4937 120 117 203 4817 1218 151 3599 884 146 1067 831 777 9329 261 995 923 409 346 2715 1644 199 9068 8745 316
is_linear=0
shrinkage=0.05


Tree=18
num_leaves=31
num_cat=0
split_feature=133 90 93 133 36 94 18 69 120 101 49 175 111 2 111 99 85 115 102 168 133 15 128 43 36 175 172 89 23 0
split_gain=0.378527 0.491364 0.083331 0.085304 0.0716704 0.111749 0.0696552 0.0601813 0.0495517 0.0125712 0.0227511 0.0117605 0.00826249 0.00781241 0.00750966 0.00709871 0.0401149 0.0053112 0.00507379 0.00447432 0.00569526 0.00432355 0.00501565 0.0047769 0.00663235 0.00407578 0.00350147 0.00344475 0.00313718 0.00305351
threshold=88.200000000000003 24.854081632653067 267.14417930000008 79.980000000000004 268.08106340000001 15.500000000000002 0.06499583333333335 278.97821725000006 273.46900440000007 -2.0891555500000147 1006.4500000000002 14.500000000000002 2.0500000000000003 0.0035617145000000003 7.1500000000000012 4.4500000000000464 267.21136240000004 11.950000000000001 0.09999999999999877 0.0023027513125000007 13.645000000000001 0.00023854166666666669 9.6888692041754485 0.37650000000000006 266.56537415000008 12.500000000000002 52.500000000000007 38.95000000000001 29.267361111111118 0.41135000000000005
decision_type=2 2 2 2 2 2 2 2 2 2 2 8 2 2 2 2 2 2 2 2 2 2 2 2 2 10 10 2 2 2
left_child=2 14 15 6 11 7 9 -6 -8 10 12 -5 -4 19 -2 29 -17 -15 -9 -14 -21 26 -23 28 -25 -22 -11 -26 -24 -1
right_child=1 -3 3 4 5 -7 8 18 -10 21 -12 -13 13 17 -16 16 -18 -19 -20 20 25 22 23 24 27 -27 -28 -29 -30 -31
leaf_value=-0.00013490465127902754 -0.00035275609065645356 0.0041033837127027756 0.00041204908158258075 0.00033127286783388903 0.0016405971080613235 0.0021327613141064179 0.0001604607397505802 -0.00013212084483684537 0.0013464221502004314 -0.00013778108490387114 0.00079629195929197384 -0.00033138434020497638 -5.0155659089170559e-05 0.00050835207336319269 0.00032743860156941266 -0.00017678236690778638 0.001361928737721406 1.4680135953720112e-05 0.00028149820738781383 -8.0688158254846508e-05 0.00038729299866641727 -0.00012696905964076796 -3.8857687733300028e-05 -8.5065221574205015e-05 1.1632666475329254e-05 6.3104343756611973e-05 8.9621514902659817e-05 0.0003982514306392085 0.00026934967179444592 0.00010647937955534059
leaf_weight=9276.6270431280136 89.031248807907104 127.51306867599487 153.58460116386414 109.34899747371674 81.998104691505432 143.11843419075012 209.6359726190567 121.26782584190369 166.64643716812134 1541.3799885511398 108.36557757854462 161.52998530864716 1482.9005819559097 134.66976630687714 70.292419672012329 196.62396848201752 51.979936599731445 128.22462975978851 156.43491339683533 244.86619436740875 193.18486595153809 649.4590380191803 1167.5680410861969 151.93021762371063 112.47633576393127 288.50721883773804 161.93405663967133 238.22615778446198 85.954729080200195 108.97865426540375
leaf_count=8732 69 43 86 63 36 51 95 67 57 1339 55 116 1096 53 39 189 48 66 68 172 86 534 852 122 66 167 102 101 30 55
internal_value=4.02641e-06 0.00180284 -2.50612e-05 9.39276e-05 0.000593 0.000946173 3.9676e-05 0.000455585 0.000701124 2.47792e-06 8.62279e-05 -4.52564e-05 5.47301e-05 3.0354e-05 -2.13018e-05 -0.000124301 0.000129078 0.000287483 8.31119e-05 0 0.000101211 -5.20447e-05 -6.64487e-06 3.50547e-05 0.000165961 0.000204013 -0.000113188 0.000288858 -1.35403e-05 -0.000131558
internal_weight=17914.3 286.837 17627.4 7993.21 773.698 502.819 7219.51 359.701 376.282 6843.23 2734.3 270.879 2625.94 2472.35 159.324 9634.21 248.604 262.894 277.703 2209.46 726.558 4108.93 2405.61 1756.16 502.633 481.692 1703.31 350.702 1253.52 9385.61
internal_count=14655 151 14504 5480 401 222 5079 171 152 4927 1781 179 1726 1640 108 9024 237 119 135 1521 425 3146 1705 1171 289 253 1441 167 882 8787
is_linear=0
shrinkage=0.05


Tree=19
num_leaves=31
num_cat=0
split_feature=133 90 103 18 133 44 141 112 29 85 133 140 179 28 56 92 179 113 100 17 88 43 172 4 84 103 0 43 28 0
split_gain=0.34184 0.443906 0.0777577 0.0649823 0.0458758 0.0639382 0.0590881 0.0204145 0.0159346 0.0128335 0.0313891 0.0106602 0.00911353 0.00904619 0.00779604 0.00769578 0.00644558 0.00625249 0.0752863 0.00596451 0.00592994 0.0055984 0.00558487 0.00510617 0.00405433 0.00392206 0.00433443 0.00355715 0.00352928 0.00289453
threshold=88.200000000000003 25.063265306122453 1120.4000000000003 0.06499583333333335 79.980000000000004 782.50000000000011 25.640000000000004 276.01681990000003 26.350000000000005 276.14923485000003 80.660000000000011 77.280000000000015 -0.020541894691666687 44.050000000000004 -2.2974493499999649 19.550000000000008 2.8500596340768512e-06 1.3500000000000003 2.5999999999999663 0.00015000000000000004 26.362500000000008 0.32950000000000007 7.5000000000000009 0.015602646500000003 1.0000000180025095e-35 977.70000000000027 0.0024000000000000007 0.39750000000000008 7.0500000000000007 0.41135000000000005
decision_type=2 2 2 2 2 2 2 2 2 2 2 2 8 2 2 2 8 2 2 2 2 2 8 2 2 2 2 2 2 2
left_child=2 14 3 4 7 6 21 8 -1 17 12 -7 -11 16 -2 20 23 29 -19 -17 22 -6 24 27 -9 26 -21 28 -10 -4
right_child=1 -3 9 -5 5 11 -8 15 13 10 -12 -13 -14 -15 -16 19 -18 18 -20 25 -22 -23 -24 -25 -26 -27 -28 -29 -30 -31
leaf_value=0.00063032408063904734 -0.00032695769351642978 0.0039464358041220856 -0.00013234537972427437 0.00097365429734430371 0 -0.00043498883657012017 0.0014013675794930613 6.8979521797889136e-05 0.00028432094873771433 0.00027295795060436567 0.00093477169940163636 0.0002371665394386104 -8.2139948963729517e-05 0.00050636072022725779 0.00036425364715294162 0.00051859942136270266 0.00042042532572395897 -0.00012879837163956099 0.0017862915146185506 1.8330237935138781e-05 -0.00011290958760202643 0.00047777279587443331 -8.5124130104764913e-05 0.00041410391475247351 0.00045207650636223831 -7.6254141945992482e-05 0.00045812914197216237 0.00029266962705429988 -7.1750909214794351e-05 0.00011896027575160169
leaf_weight=186.61703717708588 88.70305323600769 124.51306867599487 9468.2267243862152 216.02002465724945 118.16616368293762 154.87237763404846 223.28165125846863 459.4501816034317 71.65381932258606 214.0282951593399 90.968800067901611 83.750975608825684 1068.9004043340683 142.17118310928345 73.620615243911743 87.579103827476501 120.87730145454407 619.31978642940521 54.864229559898376 189.81839025020599 1959.4123977422714 120.22307729721069 489.42593252658844 77.956662893295288 93.87997579574585 244.35802102088928 98.472894310951233 89.775146126747131 789.07449412345886 94.277222275733948
leaf_count=88 72 42 8864 77 55 103 85 259 36 104 56 58 852 53 37 36 52 569 39 100 1663 64 355 37 43 172 46 37 551 50
internal_value=3.97328e-06 0.00171341 -2.36549e-05 0.000121838 8.90923e-05 0.000468868 0.000813791 3.58879e-05 0.000192836 -9.94867e-05 4.1299e-05 -0.000178207 -1.8839e-05 0.000125313 0 -2.68105e-05 7.34325e-05 -0.000118873 2.20586e-05 0.000130864 -6.10828e-05 0.000239009 3.1528e-05 2.74239e-05 0.000143695 5.68906e-05 0.000186902 0 -3.60108e-05 -0.000129333
internal_weight=17914.3 286.837 17627.4 6016.84 5800.82 700.294 461.671 5100.52 1478.13 11610.6 1373.9 238.623 1282.93 1291.51 162.324 3622.4 1149.34 10236.7 674.184 620.228 3002.17 238.389 1042.76 1028.46 553.33 532.649 288.291 950.503 860.728 9562.5
internal_count=14655 151 14504 3970 3893 365 204 3528 854 10534 1012 161 956 766 109 2674 713 9522 608 354 2320 119 657 661 302 318 146 624 587 8914
is_linear=0
shrinkage=0.05


end of trees

feature_importances:
pct_forest=53
last_N_t=23
mslma_t=19
cumul_gust_since_onset=17
pct_wetland=17
storm_onset_mean_osi=16
sp_t=14
min_t2m_next_6h=14
gust_mean_next_48h=14
gust_max_next_24h=13
total_tp_next_48h=13
pre_event_mean_osi=12
gust_last_obs=11
t2m_at_t48h=11
last_osi=10
min_t2m_next_24h=10
gust_peak4h_mean_next_24h=10
tp_rate_next_48h=9
P_trend_last24_obs=9
N_t_max_72h=8
soil_moist_t=8
gust_gt30_next_24h=8
gust_mean_next_24h=7
gust_gt30_next_48h=7
pressure_change_3h=7
pressure_change_6h=7
cumul_tp_since_onset=7
pct_unmapped=7
gust_x_hso=6
wind_speed_max_next_24h=6
gust_max_next_48h=6
temp_change_6h=6
t2m_at_t1h=6
wind_speed_at_t48h=6
log_customers=6
pct_water=6
P_active_frac_obs=6
gust_mean_obs=5
gust_max_last6h_obs=5
wind_speed_max_next_6h=5
wind_speed_max_next_48h=5
min_t2m_next_48h=5
t2m_at_t24h=5
pct_agriculture=5
tree_canopy_pct=5
first_material_N_hour_obs=5
gust_to_N_best_corr_obs=5
gust_trend_last6h_obs=4
t2m_t=4
r2_t=4
blh_t=4
wind_speed_at_t6h=4
t2m_at_t6h=4
hours_since_obs=4
tree_canopy_std=4
hours_since_P_peak_obs=4
last_D_t=3
last_R_t=3
gust_max_obs=3
wind_sin_t=3
d2m_t=3
dewpoint_c_t=3
gust_gt30_since_onset=3
tp_at_t6h=3
hour_cos=3
pct_forest_classified=3
P_mean_last24_obs=3
P_D_gap_last_obs=3
hours_since_R_peak_obs=3
P_post_peak_slope_obs=3
outage_pct_mean_72h=2
storm_onset_max_osi=2
osi_trend_last6h=2
frac_zero_72h=2
gust_t=2
wind_speed_t=2
vpd_t=2
mcc_t=2
min_t2m_next_1h=2
gust_mean_next_6h=2
gust_peak4h_mean_next_48h=2
pct_developed=2
gust_gt30_frac_next_48h=2
D_mean_last24_obs=2
flow_balance_last24_obs=2
P_change_per_gust_excess_obs=2
last_P_t=1
osi_max_72h=1
osi_std_72h=1
hours_since_peak=1
wind_cos_t=1
lcc_t=1
et0_t=1
wind_speed_max_next_1h=1
total_tp_next_24h=1
gust_gt40_next_24h=1
wind_change_1h=1
gust_at_t1h=1
gust_at_t24h=1
wind_speed_at_t24h=1
gust_at_t48h=1
tp_at_t48h=1
hour_of_day=1
hour_sin=1
rural_urban_code=1
pop_density=1
R_nonzero_frac_obs=1
R_mean_last24_obs=1
restoration_ratio_obs=1
hours_since_N_peak_obs=1
D_trend_last24_obs=1

parameters:
[boosting: gbdt]
[objective: regression]
[metric: rmse]
[tree_learner: serial]
[device_type: cpu]
[data_sample_strategy: bagging]
[data: ]
[valid: ]
[num_iterations: 2000]
[learning_rate: 0.05]
[num_leaves: 31]
[num_threads: -1]
[seed: 42]
[deterministic: 0]
[force_col_wise: 0]
[force_row_wise: 0]
[histogram_pool_size: -1]
[max_depth: -1]
[min_data_in_leaf: 50]
[min_sum_hessian_in_leaf: 0.001]
[bagging_fraction: 0.8]
[pos_bagging_fraction: 1]
[neg_bagging_fraction: 1]
[bagging_freq: 5]
[bagging_seed: 42]
[bagging_by_query: 0]
[feature_fraction: 0.8]
[feature_fraction_bynode: 1]
[feature_fraction_seed: 42]
[extra_trees: 0]
[extra_seed: 12879]
[early_stopping_round: 0]
[early_stopping_min_delta: 0]
[first_metric_only: 0]
[max_delta_step: 0]
[lambda_l1: 0.1]
[lambda_l2: 1]
[linear_lambda: 0]
[min_gain_to_split: 0]
[drop_rate: 0.1]
[max_drop: 50]
[skip_drop: 0.5]
[xgboost_dart_mode: 0]
[uniform_drop: 0]
[drop_seed: 42]
[top_rate: 0.2]
[other_rate: 0.1]
[min_data_per_group: 100]
[max_cat_threshold: 32]
[cat_l2: 10]
[cat_smooth: 10]
[max_cat_to_onehot: 4]
[top_k: 20]
[monotone_constraints: ]
[monotone_constraints_method: basic]
[monotone_penalty: 0]
[feature_contri: ]
[forcedsplits_filename: ]
[refit_decay_rate: 0.9]
[cegb_tradeoff: 1]
[cegb_penalty_split: 0]
[cegb_penalty_feature_lazy: ]
[cegb_penalty_feature_coupled: ]
[path_smooth: 0]
[interaction_constraints: ]
[verbosity: -1]
[saved_feature_importance_type: 0]
[use_quantized_grad: 0]
[num_grad_quant_bins: 4]
[quant_train_renew_leaf: 0]
[stochastic_rounding: 1]
[linear_tree: 0]
[max_bin: 255]
[max_bin_by_feature: ]
[min_data_in_bin: 3]
[bin_construct_sample_cnt: 200000]
[data_random_seed: 42]
[is_enable_sparse: 1]
[enable_bundle: 1]
[use_missing: 1]
[zero_as_missing: 0]
[feature_pre_filter: 1]
[pre_partition: 0]
[two_round: 0]
[header: 0]
[label_column: ]
[weight_column: ]
[group_column: ]
[ignore_column: ]
[categorical_feature: ]
[forcedbins_filename: ]
[precise_float_parser: 0]
[parser_config_file: ]
[objective_seed: 16083]
[num_class: 1]
[is_unbalance: 0]
[scale_pos_weight: 1]
[sigmoid: 1]
[boost_from_average: 1]
[reg_sqrt: 0]
[alpha: 0.9]
[fair_c: 1]
[poisson_max_delta_step: 0.7]
[tweedie_variance_power: 1.5]
[lambdarank_truncation_level: 30]
[lambdarank_norm: 1]
[label_gain: ]
[lambdarank_position_bias_regularization: 0]
[eval_at: ]
[multi_error_top_k: 1]
[auc_mu_weights: ]
[num_machines: 1]
[local_listen_port: 12400]
[time_out: 120]
[machine_list_filename: ]
[machines: ]
[gpu_platform_id: -1]
[gpu_device_id: -1]
[gpu_device_id_list: ]
[gpu_use_dp: 0]
[num_gpu: 1]

end of parameters

pandas_categorical:[]
