tree
version=v4
num_class=1
num_tree_per_iteration=1
label_index=0
max_feature_idx=162
objective=regression
feature_names=last_osi last_P_t last_N_t last_D_t last_R_t last_outage_pct osi_mean_72h osi_max_72h osi_std_72h outage_pct_mean_72h outage_pct_max_72h N_t_mean_72h N_t_max_72h R_t_mean_72h R_t_max_72h pre_event_mean_osi pre_event_max_outage_pct storm_onset_max_osi storm_onset_mean_osi osi_trend_last6h is_worsening frac_zero_72h hours_since_peak gust_mean_obs gust_max_obs gust_gt30_obs gust_gt40_obs cumul_gust_obs gust_last_obs gust_max_last6h_obs gust_trend_last6h_obs gust_t wind_speed_t wind_sin_t wind_cos_t t2m_t d2m_t tp_t rain_t csnow_t sdwe_t r2_t vpd_t soil_moist_t blh_t tcc_t lcc_t mcc_t hcc_t sp_t mslma_t sdswrf_t direct_rad_t diffuse_rad_t et0_t temp_c_t dewpoint_c_t icing_risk_t gust_exceed_30 soil_moist_x_gust is_snowing gust_x_hso gust_x_phase soil_gust_x_phase gust_exceed30_x_hso gust_max_next_1h gust_mean_next_1h wind_speed_max_next_1h total_tp_next_1h min_t2m_next_1h gust_gt30_next_1h gust_gt40_next_1h gust_peak4h_mean_next_1h gust_max_next_6h gust_mean_next_6h wind_speed_max_next_6h total_tp_next_6h min_t2m_next_6h gust_gt30_next_6h gust_gt40_next_6h gust_peak4h_mean_next_6h gust_max_next_24h gust_mean_next_24h wind_speed_max_next_24h total_tp_next_24h min_t2m_next_24h gust_gt30_next_24h gust_gt40_next_24h gust_peak4h_mean_next_24h gust_max_next_48h gust_mean_next_48h wind_speed_max_next_48h total_tp_next_48h min_t2m_next_48h gust_gt30_next_48h gust_gt40_next_48h gust_peak4h_mean_next_48h gust_change_1h gust_change_3h pressure_change_3h pressure_change_6h temp_change_6h wind_change_1h cumul_gust_since_onset cumul_tp_since_onset gust_gt30_since_onset gust_at_t1h wind_speed_at_t1h t2m_at_t1h tp_at_t1h gust_at_t6h wind_speed_at_t6h t2m_at_t6h tp_at_t6h gust_at_t24h wind_speed_at_t24h t2m_at_t24h tp_at_t24h gust_at_t48h wind_speed_at_t48h t2m_at_t48h tp_at_t48h hour_of_day hour_sin hour_cos days_since_onset hours_since_obs storm_phase log_customers rural_urban_code is_metro pop_density n_utilities pct_forest pct_developed pct_agriculture pct_water pct_wetland pct_unmapped pct_forest_classified tree_canopy_pct tree_canopy_std forest_x_customers window_len_next_1h is_full_next_1h tp_rate_next_1h gust_gt30_frac_next_1h has_weather_at_t1h window_len_next_6h is_full_next_6h tp_rate_next_6h gust_gt30_frac_next_6h has_weather_at_t6h window_len_next_24h is_full_next_24h tp_rate_next_24h gust_gt30_frac_next_24h has_weather_at_t24h window_len_next_48h is_full_next_48h tp_rate_next_48h gust_gt30_frac_next_48h has_weather_at_t48h
feature_infos=[0:0.55230000000000001] [0:0.82424180700000005] [0:0.065400654000000003] [0:0.90465771100000003] [0:0.058582058999999999] [0:82.420000000000002] [4.1666666666666669e-06:0.26529999999999998] [0.0001:0.65049999999999997] [1.9982631347136334e-05:0.22470370552747407] [0.00083333333333333328:39.644861111111112] [0.02:100] [3.1208333333333337e-06:0.018623942125000001] [7.4900000000000005e-05:0.37916412199999999] [3.1208333333333337e-06:0.017093115180555556] [7.4900000000000005e-05:0.18675781699999999] [0:0.38653749999999998] [0:100] [0:0.59799999999999998] [0:0.20940416666666664] [-0.055854285714285697:0.019237142857142855] [0:1] [0:0.95833333333333337] [0:71] [13.03611111111111:31.258333333333326] [29.100000000000001:70] [0:35] [0:17] [938.59999999999991:2250.5999999999995] [3.8999999999999999:47.5] [15.4:64.5] [-6.477142857142856:3.3114285714285714] [0.59999999999999998:58.299999999999997] [0:38] [-0.99999999953664132:0.99999999987412524] [-0.99999999369183823:1] [261.05202270000001:298.4303941] [257.33913039999999:289.74666669999999] [0:11.300000000000001] [0:11.300000000000001] [0:2.52] [0:0.089999999999999997] [15:100] [0:2.5] [0.16700000000000001:0.52300000000000002] [10:3015] [0:100] [0:100] [0:100] [0:100] [884.60000000000002:1027] [986.70000000000005:1031.8] [0:840] [0:731] [0:463] [0:0.59999999999999998] [-12.097977299999968:25.280394100000024] [-15.81086959999999:16.596666700000014] [0:1] [0:28.299999999999997] [0.19259999999999999:23.550000000000001] [0:1] [0.80000000000000004:3819.7999999999997] [0:107.59999999999999] [0:47.100000000000001] [0:1689.7999999999997] [1.2:58.299999999999997] [0.89999999999999991:54.5] [0:38] [0:14.699999999999999] [260.0631818:298.21689659999998] [0:2] [0:2] [0.89999999999999991:54.5] [5.0999999999999996:58.299999999999997] [3.657142857142857:49.328571428571429] [0.40000000000000002:38] [0:26.699999999999999] [259.42265909999998:296.40927479999999] [0:7] [0:7] [4.3500000000000005:52.550000000000004] [12.800000000000001:58.299999999999997] [8.2360000000000007:43.052] [5.7999999999999998:38] [0:34.399999999999999] [259.42265909999998:286.57337899999999] [0:25] [0:19] [12.450000000000001:52.550000000000004] [12.800000000000001:58.299999999999997] [7.8571428571428568:37.897959183673471] [5.7999999999999998:38] [0:37.399999999999999] [259.42265909999998:282.77648069999998] [0:42] [0:22] [12.625:52.550000000000004] [-24.299999999999997:28.199999999999999] [-32:33.399999999999999] [-6.1999999999999318:10.599999999999909] [-10.899999999999977:14.599999999999909] [-20.027499999999975:21.845291299999985] [-15.300000000000001:28.000000000000004] [347.09999999999997:3733.5999999999999] [0:39.20000000000001] [0:61] [0.59999999999999998:58.299999999999997] [0:38] [260.0631818:298.4303941] [0:11.300000000000001] [1.5:58.299999999999997] [0:38] [259.42265909999998:298.4303941] [0:11.300000000000001] [0.90000000000000002:58.299999999999997] [0:38] [259.42265909999998:298.4303941] [0:11.300000000000001] [0.90000000000000002:53.799999999999997] [0:33.799999999999997] [259.42265909999998:296.58327589999999] [0:11.300000000000001] [0:23] [-1:1] [-1:1] [1:4] [1:96] [0:2] [7.1180162044653335:13.453719692845613] [1:9] [0:1] [8.3691524328166658:11939.655837338518] [1:11] [0.96999999999999997:88.719999999999999] [2.21:86.629999999999995] [0.080000000000000002:87.469999999999999] [0.01:5.5099999999999998] [0:16.82] [1.8899999999999999:17.02] [0.98868616858628067:95.299005138296707] [2.2000000000000002:81.680000000000007] [12.65:40.350000000000001] [8.0679963363985543:931.73249595386176] none none [0:7.3499999999999996] [0:1] none none none [0:3.8142857142857141] [0:1] none none none [0:1.3759999999999999] [0:1] none none none [0:0.76326530612244892] [0:0.8571428571428571] none
tree_sizes=3482 3563 3536 3520 3522 3502 3584 3512 3563 3544 3568 3551 3508 3495 3565 3476 3579 3566 3547

Tree=0
num_leaves=31
num_cat=0
split_feature=133 90 103 133 0 88 19 100 77 88 44 118 160 137 2 100 77 14 115 50 0 14 61 15 134 140 29 1 15 128
split_gain=2.57108 1.95255 0.395766 0.380441 0.383597 0.321731 0.379114 0.17633 0.057769 0.0411978 0.0409141 0.0354986 0.020538 0.0204493 0.0530124 0.0664445 0.027804 0.0318818 0.0199447 0.0216263 0.0193969 0.0181581 0.0160146 0.0139983 0.0154909 0.0104818 0.0104206 0.0102515 0.00940948 0.00807232
threshold=88.200000000000003 25.359183673469392 1300.6500000000003 80.210000000000022 0.20185000000000003 36.087500000000013 -0.00055428571428571408 3.8500000000000232 274.34757110000004 28.762500000000006 742.50000000000011 25.150000000000002 0.35612244897959194 0.055000000000000007 0.0014317860000000002 2.8000000000000118 288.20169885000001 0.020612574500000005 12.250000000000002 1027.3500000000001 0.44465000000000005 0.024952107500000004 21.150000000000002 0.0010302083333333335 8.6900000000000031 73.50500000000001 44.100000000000009 0.072925425000000016 0.00093958333333333339 9.097003685069156
decision_type=2 2 2 2 2 2 2 2 2 2 2 2 2 2 2 2 2 2 2 2 2 2 2 2 2 2 2 2 2 2
left_child=2 9 3 4 8 10 -7 -6 18 -2 11 -5 22 14 16 -16 -4 -18 19 23 -15 -14 -10 29 -25 27 -20 -24 -28 -1
right_child=1 -3 13 5 7 6 -8 -9 12 -11 -12 -13 21 20 15 -17 17 -19 26 -21 -22 -23 25 24 -26 -27 28 -29 -30 -31
leaf_value=0.0078699962021580618 0.0070871283914225496 0.01595340491784214 0.0070081158365103069 0.0086953788895855998 0.0079598431417389742 0.011613006154565344 0.0082244056966195647 0.010293488018631275 0.0077386041379032024 0.0086933432144295723 0.0073022255960552042 0.0074978559018516163 0.007299940826540105 0.0069828537099910458 0.0071727853998754219 0.0093795057534732697 0.0071806698914245728 0.0083845048613862914 0.0071767312671670979 0.0082294895419485568 0.0075964714573032929 0.0078750386230525948 0.0070545081182070528 0.0073936052304643786 0.0081543632022045391 0.0076407059509616135 0.0072989936574387026 0.0072839300301137857 0.0078550872505966721 0.0073466185126259348
leaf_weight=88.510584115982056 77.220158576965332 148.50823080539703 1211.2861979007721 141.47814679145813 191.14124965667725 145 202.71870076656342 150 99.877641677856445 72.728028059005737 282.52469062805176 129.30785095691681 1014.8504297733307 8130.0137066841125 69.729194283485413 59.14624285697937 143.45654535293579 82.741983413696289 462.45355319976807 148.32680892944336 121.29568982124329 155.32410776615143 2641.3346160650253 133.07148194313049 176.48245823383331 83.611140727996826 131.17842245101929 660.08493602275848 138.48629379272461 579.21522665023804
leaf_count=54 68 50 1126 63 73 51 92 50 55 33 200 76 709 7764 56 45 106 36 357 66 59 85 2312 82 74 46 84 435 57 350
internal_value=0.00731397 0.0119077 0.0072354 0.00750198 0.00737416 0.00846757 0.00966007 0.00900627 0.0072892 0.00783702 0.00770626 0.0081447 0.00719445 0.00702433 0.00719521 0.00815514 0.00710514 0.00760179 0.00752387 0.00765593 0.00699251 0.00737242 0.00713325 0.00756292 0.00784473 0.00711379 0.00731536 0.00709884 0.00756704 0.0074242
internal_weight=17871.1 298.456 17572.6 7754.98 6853.95 901.029 347.719 341.141 6512.81 149.948 553.311 270.786 4655.08 9817.67 1566.36 128.875 1437.48 226.199 1857.72 1125.61 8251.31 1170.17 3484.91 977.28 309.554 3385.03 732.118 3301.42 269.665 667.726
internal_count=14714 151 14563 5371 4889 482 143 123 4766 101 339 139 3642 9192 1369 101 1268 142 1124 626 7823 794 2848 560 156 2793 498 2747 141 404
is_linear=0
shrinkage=1


Tree=1
num_leaves=31
num_cat=0
split_feature=133 90 85 133 0 88 9 100 77 55 44 118 28 23 137 81 22 50 111 2 113 138 140 141 88 132 140 49 24 11
split_gain=2.32192 1.76323 0.327461 0.338503 0.325602 0.255032 0.338761 0.201799 0.0577149 0.0375875 0.0366671 0.0314293 0.0218691 0.0259575 0.0206457 0.0270956 0.0500539 0.0177891 0.0177466 0.0154373 0.101641 0.0132015 0.0155355 0.0106009 0.00922178 0.0092122 0.00728555 0.00668189 0.00627373 0.00577295
threshold=88.200000000000003 25.359183673469392 271.01637660000006 80.210000000000022 0.20185000000000003 36.087500000000013 0.33256944444444447 1.2500000000000002 274.34757110000004 6.5608038000000031 742.50000000000011 25.150000000000002 44.050000000000004 18.357638888888893 0.085000000000000006 39.150000000000013 9.5000000000000018 1028.0500000000002 1.8500000000000003 0.0053583815000000012 0.65000000000000002 3.8850000000000002 5.6800000000000006 35.715000000000011 32.437500000000007 10.500000000000002 73.145000000000024 977.75000000000011 32.300000000000004 0.0019429437777777781
decision_type=2 2 2 2 2 2 2 2 2 2 2 2 2 2 2 2 2 2 2 2 2 2 2 2 2 2 2 2 2 2
left_child=2 9 17 4 8 10 -7 -6 12 -2 11 -5 13 -4 15 27 -17 19 -16 -1 -21 22 -15 -23 28 26 -26 -10 -20 -30
right_child=1 -3 3 5 7 6 -8 -9 14 -11 -12 -13 -14 21 18 16 -18 -19 24 20 -22 23 -24 -25 25 -27 -28 -29 29 -31
leaf_value=-0.00031458360004058255 -0.00020998173189910581 0.0082090341576757098 0.00078179404976041914 0.0012551776502098986 0.00044231429645404525 5.2567118842598739e-05 0.0030513032808087022 0.0026522276801674554 -0.00025304728572865109 0.0013232387765104994 -2.2415194093063041e-05 0.00015039417443707891 0.00064890385213031807 -4.6623876415538399e-05 0.00052928295503846081 1.872436403690934e-05 0.001327773773959068 0.00056445436374309526 0.00012890960382339254 -0.00031006675461241065 0.0019770152541953665 -0.00016545560396875151 0.00063883015000590479 0.00016895378494655709 -0.00026861445845878501 0.00028066193767880881 0.00024449215478166591 3.2654527681733503e-05 -0.00018697496089086936 6.6795831910993991e-05
leaf_weight=8246.4792340993881 78.211935877799988 148.50823080539703 136.64650559425354 146.47814679145813 263.56904435157776 152.84936916828156 259.80285382270813 177 379.79514193534851 71.736250758171082 319.68070328235626 135.30785095691681 241.90119957923889 128.32312750816345 83.088165044784546 255.17464411258698 106.10639250278473 55.107470035552979 261.2255665063858 359.56726849079132 55.142356872558594 608.44670617580414 180.6784770488739 378.59026503562927 2854.956435084343 72.492169857025146 59.940688610076904 385.48152887821198 1015.3007390499115 253.51585006713867
leaf_count=7873 68 50 68 68 106 92 91 59 326 33 226 82 99 91 50 162 36 23 152 342 41 467 88 201 2553 27 28 256 813 143
internal_value=-1.10862e-06 0.00436435 -7.57808e-05 0.000137954 2.60878e-05 0.000997222 0.00195545 0.00134547 -5.19417e-05 0.000494305 0.000329351 0.000744772 0.000205039 0.000126206 -0.000127978 6.05476e-05 0.000419591 -0.000293515 -0.000175233 -0.000299616 0 5.26808e-05 0.000338812 -3.2087e-05 -0.000189412 -0.000241476 -0.000256268 -0.000102755 -8.43992e-05 -0.00013232
internal_weight=17871.1 298.456 17572.6 8856.35 7842.23 1014.12 412.652 440.569 7401.66 149.948 601.467 281.786 1674.59 1432.69 5727.08 1126.56 361.281 8716.3 4600.52 8661.19 414.71 1296.04 309.002 987.037 4517.43 2987.39 2914.9 765.277 1530.04 1268.82
internal_count=14714 151 14563 6284 5725 559 183 165 5560 101 376 150 1014 915 4546 780 198 8279 3766 8256 383 847 179 668 3716 2608 2581 582 1108 956
is_linear=0
shrinkage=0.05


Tree=2
num_leaves=31
num_cat=0
split_feature=133 90 126 133 0 88 19 126 77 131 88 0 83 83 23 22 137 2 80 50 81 2 111 139 5 128 133 92 11 35
split_gain=2.09686 1.59225 0.307946 0.309583 0.297316 0.24683 0.353535 0.174426 0.0526925 0.0348925 0.0347802 0.023069 0.0204839 0.0232963 0.0199933 0.0209663 0.0179362 0.0478716 0.0197696 0.0169642 0.0165279 0.013992 0.0136832 0.00933971 0.00908085 0.00803442 0.00792697 0.00763907 0.00677675 0.00609797
threshold=88.200000000000003 25.359183673469392 39.500000000000007 80.210000000000022 0.20185000000000003 36.087500000000013 -0.00055428571428571408 13.500000000000002 274.34757110000004 43.993537203986527 28.762500000000006 0.009300000000000001 20.850000000000005 20.750000000000004 18.664583333333336 7.5000000000000009 0.055000000000000007 0.0014317860000000002 38.13750000000001 1028.0500000000002 36.750000000000007 0.0006863590000000001 1.8500000000000003 84.628663279206279 8.2900000000000009 9.4033545277200759 54.765000000000008 14.250000000000002 0.0028941207569444447 290.32811795000003
decision_type=2 2 2 2 2 2 2 2 2 2 2 2 2 2 2 2 2 2 2 2 2 2 2 2 2 2 2 2 2 2
left_child=2 10 3 4 8 9 -7 -6 14 20 -2 -8 13 22 19 21 17 18 29 -1 -5 25 -10 28 -14 -16 -23 -9 -24 -4
right_child=1 -3 16 5 7 6 11 27 12 -11 -12 -13 24 -15 15 -17 -18 -19 -20 -21 -22 26 23 -25 -26 -27 -28 -29 -30 -31
leaf_value=0.00016987196736838528 -0.00021660930093661825 0.0078013276589010798 -0.00028750971063506726 -5.7279313411654009e-05 0.0027432722218077763 0.0040500847104746494 0.00019320558862614517 0.00082345892558450618 0.00044874329418362373 0.0010747377451662279 0.0012564085854199596 0.0012861301021289296 -0.0002777360249427293 0.00080388270745501223 0.00054780981318318367 -5.8749242863035478e-05 -0.00030404327464059942 0.00083852388442689206 0.00067476923762849899 0.0011656986163718016 0.00063515172939460573 0.00078634407407438998 -0.00014579436833477141 0.0002290724465017787 -2.4113987260656261e-05 4.5017782759042587e-05 0.00019871976201515183 0.00022409817230515251 7.0297999677958206e-05 0
leaf_weight=103.80908572673798 77.220158576965332 148.50823080539703 1106.0575978755951 313.48491966724396 144 136 108.73964095115662 151.73755168914795 126.15609323978424 127.25583457946777 72.728028059005737 109.57799708843231 1873.8841179609299 80.422205448150635 101.54193997383118 751.39836883544922 7634.8724747896194 119.38194525241852 58.651026487350464 94.004589200019836 113.0203949213028 187.29553329944611 2024.6191864013672 215.91315388679504 489.67948162555695 492.48558831214905 122.53962397575378 126.96277618408203 407.32245850563049 251.83431458473206
leaf_count=70 68 50 1040 225 48 48 54 52 77 65 33 50 1728 49 62 529 7308 97 32 32 53 74 1580 118 342 294 58 55 244 179
internal_value=-7.93654e-07 0.00414769 -7.17686e-05 0.000146514 4.01085e-05 0.0010181 0.00204966 0.00132694 -3.62863e-05 0.000346542 0.000468302 0.000767927 -0.000118217 -2.60614e-05 0.00019166 0.000130898 -0.000272288 -0.000111088 -0.000195181 0.000671739 0.00011557 0.000293972 -5.22053e-05 -7.81209e-05 -0.000227338 0.000140143 0.000571412 0.000570072 -0.000107532 -0.000236905
internal_weight=17871.1 298.456 17572.6 8401.85 7493.77 908.079 354.318 422.7 7071.07 553.761 149.948 218.318 5218 2854.43 1853.07 1655.26 9170.8 1535.92 1416.54 197.814 426.505 903.863 2774.01 2647.85 2363.56 594.028 309.835 278.7 2431.94 1357.89
internal_count=14714 151 14563 5907 5412 495 152 155 5257 343 101 104 4138 2068 1119 1017 8656 1348 1251 102 278 488 2019 1942 2070 356 132 107 1824 1219
is_linear=0
shrinkage=0.05


Tree=3
num_leaves=31
num_cat=0
split_feature=133 90 103 133 1 88 19 100 77 44 118 28 49 92 14 111 137 2 118 108 13 1 75 50 29 34 22 138 83 1
split_gain=1.89359 1.44108 0.297365 0.291016 0.282974 0.248049 0.28733 0.133384 0.0431201 0.0326643 0.0290848 0.0187186 0.0214482 0.0170297 0.0160538 0.0150825 0.0149503 0.0430871 0.0652084 0.0176537 0.0251859 0.0148389 0.0141624 0.00745756 0.0070748 0.00722709 0.00679643 0.00631394 0.00566526 0.00477791
threshold=88.200000000000003 25.08061224489796 1319.5000000000002 80.210000000000022 0.30954854950000005 36.087500000000013 -0.00055428571428571408 1.2500000000000002 274.34757110000004 742.50000000000011 25.150000000000002 44.050000000000004 1000.85 17.450000000000006 0.024952107500000004 1.7500000000000002 0.055000000000000007 0.0014317860000000002 13.350000000000003 290.32811795000003 0.0016090432986111114 0.67217406300000015 5.8500000000000005 1018.0500000000001 24.550000000000004 0.27551303703705832 5.5000000000000009 5.9900000000000011 13.15 0.16196420900000003
decision_type=2 2 2 2 2 2 2 2 2 2 2 2 2 2 2 2 2 2 2 2 2 2 2 2 2 2 2 2 2 2
left_child=2 -2 3 4 8 9 -7 -6 11 10 -5 12 22 15 24 -10 17 19 -19 -4 -21 -18 -1 -17 -15 -26 27 -24 -28 -25
right_child=1 -3 16 5 7 6 -8 -9 13 -11 -12 -13 -14 14 -16 23 21 18 -20 20 -22 -23 26 29 25 -27 28 -29 -30 -31
leaf_value=0.0004932761067316248 0.00033906375546590225 0.0073189481263073149 -0.00027717591947027423 0.0012227381445998982 0.00039820607301874612 0.0037178116818052417 0.00078912687264536246 0.0024017642831869342 0.00041116611163985505 -2.5270533447799077e-05 0.00014056681849136603 0.00059384620829181325 0.00093355169874466859 0.00024548664976591295 0.00051870025794295636 -0.00028019296665488853 -0.00029007664130604706 -0.00026647631741610271 0.0019173388842893338 -0.00016711717930664304 0.00081991448858227114 0.0002505707222632158 0.0003941086199139683 -0.00014545933573980094 -0.00015072813793963924 0.00022753005269134254 0.00018183670599524479 0 -0.00012548249248567773 8.1663703879883179e-05
leaf_weight=175.04835426807404 145.6547839641571 152.801633477211 1140.0660220384598 141.47814679145813 169.71815180778503 148 205.71870076656342 177 106.26065516471863 286.52927982807159 131.30785095691681 241.90119957923889 76.121848940849304 204.78475558757782 161.34649264812469 1228.9543614387512 8007.4569646120071 66.533572793006897 62.341864347457886 180.04912579059601 95.484076023101807 118.29568982124329 188.96920442581177 1996.1082056760788 701.75767385959625 144.4785521030426 176.11783576011658 261.54427194595337 747.53541445732117 231.73962903022766
leaf_count=94 99 52 1073 63 66 52 93 59 65 204 78 99 41 106 89 1164 7662 61 40 141 38 58 91 1558 542 89 93 155 559 130
internal_value=-4.85238e-07 0.00394178 -6.79463e-05 0.000159182 4.87034e-05 0.00099846 0.00203564 0.00143937 -2.33364e-05 0.000331145 0.000722504 0.000179352 0.000114261 -0.000103657 5.51374e-05 -0.000159092 -0.000254068 -0.000106098 0.000758047 -0.000188779 0.000158579 -0.000281561 7.02031e-05 -0.000178181 -1.16986e-05 -8.0054e-05 1.23545e-05 0.000174327 -6.13436e-05 -0.000119565
internal_weight=17871.1 298.456 17572.6 7902.42 6989.39 913.034 353.719 346.718 6642.67 559.315 272.786 1867.24 1625.34 4775.43 1212.37 3563.06 9670.23 1544.47 128.875 1415.6 275.533 8125.75 1549.22 3456.8 1051.02 846.236 1374.17 450.513 923.653 2227.85
internal_count=14714 151 14563 5490 5000 490 145 125 4875 345 141 1132 1033 3743 826 2917 9073 1353 101 1252 179 7720 992 2852 737 631 898 246 652 1688
is_linear=0
shrinkage=0.05


Tree=4
num_leaves=31
num_cat=0
split_feature=133 90 103 133 1 88 9 126 77 35 116 53 28 23 50 160 14 88 137 2 76 108 13 1 111 160 142 1 136 7
split_gain=1.71067 1.3016 0.26894 0.262928 0.25569 0.224015 0.2535 0.122293 0.0390359 0.0307527 0.0276457 0.05412 0.0168299 0.0195226 0.0286126 0.0154136 0.014482 0.014029 0.0134506 0.0387952 0.0640573 0.0159119 0.022783 0.0134508 0.00902606 0.00885115 0.00881108 0.00749912 0.0074355 0.0122982
threshold=88.200000000000003 25.359183673469392 1319.5000000000002 80.210000000000022 0.30954854950000005 36.087500000000013 0.33256944444444447 13.500000000000002 274.34757110000004 279.71080380000006 286.17145365000005 7.5000000000000009 44.050000000000004 18.664583333333336 1026.2500000000002 0.35612244897959194 0.024952107500000004 18.287500000000005 0.055000000000000007 0.0014317860000000002 0.55000000000000016 290.32811795000003 0.0016090432986111114 0.67217406300000015 3.0500000000000003 0.21428571428571433 786.39888458605481 0.14441036650000003 0.13500000000000004 0.05705000000000001
decision_type=2 2 2 2 2 2 2 2 2 2 2 2 2 2 2 2 2 2 2 2 2 2 2 2 2 2 2 2 2 2
left_child=2 9 3 4 8 10 -7 -6 12 -2 -5 -12 13 14 -1 17 26 24 19 21 -21 -4 -23 -20 -10 28 -17 -19 29 -15
right_child=1 -3 18 5 7 6 -8 -9 15 -11 11 -13 -14 25 -16 16 -18 27 23 20 -22 22 -24 -25 -26 -27 -28 -29 -30 -31
leaf_value=-2.2707109984421975e-05 -0.00021608010228663075 0.0070503707850251692 -0.00026332926580822133 -4.2765571006424071e-05 0.0024877946160990622 5.7345982889798177e-05 0.002909137734904664 0.00054060025506523306 0.00058822475544804108 0.0011690524107937457 0.0013857072708174892 2.115065427329129e-06 0.0005642761419833044 0.00077523989302157482 0.0010898735963491355 -5.6778107575015374e-05 0.00049292502631616611 -0.00020605393583494341 -0.00027557461892475482 -0.00028086683873044101 0.0018863439481601825 -0.00015880747455569459 0.00077934367543795876 0.00023814720058185047 0 -0.00015497610173485635 0.00048673730729025064 3.9204512798065308e-05 4.4544439050252412e-05 0
leaf_weight=98.315857768058777 78.211935877799988 148.50823080539703 1140.0660220384598 261.58210957050323 144 122.91584694385529 230.80285382270813 202.71815180778503 89.581605315208435 71.736250758171082 134.10532867908478 163.62783932685852 241.90119957923889 102.4577054977417 114.84969985485077 971.77889740467072 161.34649264812469 2964.2745063304901 8007.4569646120071 67.52790367603302 61.347533464431763 180.04912579059601 95.484076023101807 118.29568982124329 198.60710966587067 402.47530710697174 79.242084145545959 310.59962999820709 808.07679498195648 99.161564588546753
leaf_count=73 68 50 1073 194 48 67 78 77 50 33 53 98 99 47 43 705 89 2550 7662 58 43 141 38 58 128 307 32 189 494 69
internal_value=-2.07754e-07 0.00374681 -6.43417e-05 0.00015164 4.65903e-05 0.000949404 0.0019352 0.00136852 -2.18518e-05 0.000416808 0.000314707 0.000644604 0.000170955 0.000109031 0.000555675 -9.8308e-05 5.26213e-05 -0.000151066 -0.000241354 -0.000100728 0.000718856 -0.000179326 0.000149864 -0.000267452 0.000174212 3.77275e-05 -1.06231e-05 -0.000181262 0.000119566 0.000393865
internal_weight=17871.1 298.456 17572.6 7902.42 6989.39 913.034 353.719 346.718 6642.67 149.948 559.315 297.733 1867.24 1625.34 213.166 4775.43 1212.37 3563.06 9670.23 1544.47 128.875 1415.6 275.533 8125.75 288.189 1412.17 1051.02 3274.87 1009.7 201.619
internal_count=14714 151 14563 5490 5000 490 145 125 4875 101 345 151 1132 1033 116 3743 826 2917 9073 1353 101 1252 179 7720 178 917 737 2739 610 116
is_linear=0
shrinkage=0.05


Tree=5
num_leaves=31
num_cat=0
split_feature=133 83 126 133 0 82 18 100 21 69 77 92 49 28 61 138 13 6 100 104 138 29 138 18 43 122 13 33 74 138
split_gain=1.73997 1.58787 0.248315 0.236034 0.210479 0.17164 0.222212 0.128721 0.103659 0.0724431 0.0342723 0.0198224 0.0175503 0.0195742 0.0177889 0.0161911 0.0157853 0.0214555 0.0129771 0.0108324 0.0118824 0.0107808 0.00850995 0.0117937 0.00856834 0.00827467 0.00759835 0.00677152 0.00871111 0.00645268
threshold=88.200000000000003 18.050000000000004 39.500000000000007 79.980000000000004 0.20185000000000003 23.754000000000008 0.0042979166666666678 1.2500000000000002 0.36805555555555564 283.48549120000007 275.57644110000007 17.450000000000006 1004.35 44.050000000000004 21.150000000000002 9.6000000000000032 0.0016090432986111114 0.009893055555555556 4.6999999999999895 0.25000000000000006 3.3850000000000002 23.900000000000002 3.9200000000000004 0.014597916666666669 0.39650000000000007 17.500000000000004 0.00051929306944444454 -0.82782256317329794 12.27857142857143 16.700000000000003
decision_type=2 2 2 2 2 2 2 2 2 2 2 2 2 2 2 2 2 2 2 2 2 2 2 2 2 2 2 2 2 2
left_child=2 9 3 4 10 15 26 -6 -8 -2 12 29 13 14 -1 27 21 -18 -15 20 -4 -13 23 -16 -24 -23 -7 -5 -29 -12
right_child=1 -3 19 5 7 6 8 -9 -10 -11 11 16 -14 18 22 -17 17 -19 -20 -21 -22 25 24 -25 -26 -27 -28 28 -30 -31
leaf_value=0.00054881326601601162 -0.00013733029599729456 0.0082061729315391265 0.00045282600413535518 -0.00019062123528655083 0.00034677146162343024 -8.8199115093961041e-05 0.0032482708576965814 0.0021828581691654618 0.0013463584118096044 0.0018510923253327153 -0.00018845405385253209 0.00047785374842531595 0.00082740399389367189 0 0.00029060595199582981 0.0007467286873371876 0.00093509169412128279 -2.2158529054859431e-05 0.0007173857884024648 -0.00026168246686801517 -0.00013680072429842768 -0.00018034475876320478 -0.0001279895516427852 -0.00013403719755478895 0.00023430778599660402 0.0002097703801822312 0.00047105122364143935 -4.8915209067452256e-05 0.00059796454903287123 0.00030367300242829066
leaf_weight=153.87737488746643 97.546271324157715 120 96.341692924499512 205.19142699241638 233.33217227458954 94.77096426486969 156 171 159.85299730300903 78.730233907699585 3286.050544500351 91.380090117454529 83.173792123794556 105.78861331939697 449.92189407348633 90.214286684989929 110.12787008285522 103.02909505367279 187.81813335418701 8508.5980174541473 609.31199765205383 607.57886672019958 1217.1992030143738 237.13376653194427 179.47481846809387 164.0071017742157 122.68577635288239 99.340263843536377 85.626244902610779 59.446872353553772
leaf_count=83 75 40 48 162 92 70 52 57 66 34 2790 41 46 53 234 38 58 76 74 8160 500 489 899 179 94 97 50 66 43 27
internal_value=-2.09905e-06 0.00379109 -6.62004e-05 0.000129096 3.0835e-05 0.000844658 0.00146237 0.00113909 0.00230878 0.000727985 -3.22946e-05 -0.000117688 0.000110206 8.43473e-05 3.14885e-05 0.00014687 6.55574e-05 0.000451116 0.000468743 -0.000245921 -4.86975e-05 -2.43022e-05 -4.56093e-06 0.000136794 -7.77221e-05 -9.07865e-05 0.000205146 0 0.000225262 -0.000178127
internal_weight=17964.6 296.277 17668.3 8454.02 7440.34 1013.68 533.31 404.332 315.853 176.277 7036.01 4421.62 2614.39 2531.21 2237.61 480.372 1076.12 213.157 293.607 9214.25 705.654 862.966 2083.73 687.056 1396.67 771.586 217.457 390.158 184.967 3345.5
internal_count=14793 149 14644 5936 5389 547 238 149 118 109 5240 3578 1662 1616 1489 309 761 134 127 8708 548 627 1406 413 993 586 120 271 109 2817
is_linear=0
shrinkage=0.05


Tree=6
num_leaves=31
num_cat=0
split_feature=137 94 128 105 61 0 90 26 104 100 126 137 134 50 11 30 105 56 28 93 24 138 88 7 22 137 93 6 50 96
split_gain=0.49236 1.42949 1.32208 0.270497 0.139404 0.229615 0.0726278 0.093108 0.0332922 0.0296177 0.0223021 0.0228134 0.0199773 0.0163523 0.0159748 0.0198779 0.0139252 0.0133519 0.0113085 0.0102314 0.00909902 0.0090596 0.0126556 0.00930399 0.0117527 0.00677557 0.00669678 0.00632033 0.00605502 0.0051498
threshold=0.025000000000000005 16.500000000000004 8.6325845804055827 13.500000000000002 283.30000000000013 0.20185000000000003 24.413265306122451 1.5000000000000002 1.8500000000000005 4.5999999999999668 42.500000000000007 0.045000000000000005 8.9100000000000019 1028.0500000000002 0.0029778134236111116 -1.5699999999999987 5.5000000000000009 12.203005650000025 25.600000000000005 265.53396520000007 31.950000000000006 3.9200000000000004 25.787500000000005 0.062650000000000011 13.500000000000002 0.085000000000000006 268.36623905000005 0.007690972222222224 1023.2500000000001 38.112500000000004
decision_type=2 2 2 2 2 2 2 2 2 2 2 2 2 2 2 2 2 2 2 2 2 2 2 2 2 2 2 2 2 2
left_child=1 6 -3 -4 5 8 16 -8 13 27 11 -6 -11 21 20 -16 -1 29 -9 -17 28 22 23 24 -2 -22 -20 -10 -13 -18
right_child=4 2 3 -5 10 -7 7 18 9 12 -12 14 -14 -15 15 19 17 -19 26 -21 25 -23 -24 -25 -26 -27 -28 -29 -30 -31
leaf_value=0.0003941047533997439 0.00081976077627814539 0.0075482902318601847 0.0027753499643286971 2.1064021954717182e-05 0.00064446622820086826 0.00164887550675582 0.0017214230857862123 0.00050484155315383525 -3.0806793793298639e-05 0.00011207088408434145 -0.00025255773725116787 -0.00018885885011190573 0.00096496200360432277 0.00070359859893729575 -0.00015864369456067336 0.00076256536500380842 -0.00020828206906321219 0.00046150311365817731 -0.00017569063177020992 0.00015026565685934257 7.766451795563332e-05 -0.00010242583494146136 -0.00011578373501256316 -3.3003618536294397e-05 0.0001099739746056314 -0.00023074027067717675 0.00038586355154556537 0.00039641291159635923 0.00030585874545049511 8.0107656404860653e-05
leaf_weight=130.07899105548859 125.36862504482269 122.57407677173615 199.08626103401184 167.46567094326019 97.275732755661011 235.95038342475891 132.99705350399017 174.04140949249268 360.04107928276062 120.04292476177216 7567.3942271471024 91.15458357334137 222.70140826702118 71.912581562995911 417.41485524177551 106.67052018642426 1275.4465172290802 82.78342342376709 185.27030861377716 273.22747230529785 166.85305428504944 2229.4935125112534 335.94686698913574 120.14035069942474 144.59337067604065 2328.63949239254 72.827961444854736 107.07567775249481 151.39828872680664 148.68370115756989
leaf_count=65 51 44 69 114 60 80 48 76 258 73 7295 81 88 32 318 58 1108 46 149 149 95 1645 267 83 76 2119 37 45 64 100
internal_value=-1.79895e-06 0.000621368 0.00306377 0.00153409 -0.000111966 0.000137763 7.5461e-05 0.000564873 4.31393e-05 0.00032823 -0.000203239 -9.90821e-05 0.000681986 -3.15562e-05 -0.000121131 7.13178e-05 -9.06872e-05 -0.000136085 0.000194232 0.000336869 -0.000179003 -5.13666e-05 9.84699e-05 0.000295589 0.000459856 -0.000208094 0 5.70799e-05 9.93958e-05 -0.00017463
internal_weight=17964.6 2691.26 489.126 366.552 15273.3 4073.27 2202.13 565.137 3837.32 809.861 11200 3632.63 342.744 3027.46 3535.36 797.313 1636.99 1506.91 432.14 379.898 2738.05 2955.54 726.049 390.102 269.962 2495.49 258.098 467.117 242.553 1424.13
internal_count=14793 1856 227 183 12937 2698 1629 310 2618 464 10239 2944 161 2154 2884 525 1319 1254 262 207 2359 2122 477 210 127 2214 186 303 145 1208
is_linear=0
shrinkage=0.05


Tree=7
num_leaves=31
num_cat=0
split_feature=139 86 126 139 43 0 82 100 90 77 85 94 83 49 28 61 4 104 83 100 92 92 104 138 43 2 26 49 131 24
split_gain=0.561812 1.3378 0.179231 0.166727 0.183815 0.174049 0.154829 0.108694 0.0786858 0.0308844 0.0303717 0.0167856 0.0182236 0.0152266 0.0158468 0.0158629 0.0135939 0.0303896 0.0129292 0.0108182 0.00920209 0.00898203 0.00848791 0.00967522 0.00726823 0.00624083 0.00506005 0.00818406 0.00482891 0.00459118
threshold=91.048068522959113 9.5000000000000018 39.500000000000007 84.467414954242443 0.34250000000000008 0.20185000000000003 24.346000000000004 3.4500000000000459 24.242857142857147 275.57644110000007 278.86104370000004 4.5000000000000009 14.050000000000002 1004.35 44.050000000000004 21.150000000000002 0.0012481850000000004 1.0000000180025095e-35 19.650000000000002 4.6999999999999895 16.550000000000004 20.450000000000006 0.25000000000000006 3.3850000000000002 0.36550000000000005 0.00093457300000000007 9.5000000000000018 969.75000000000011 70.419982385672299 64.950000000000017
decision_type=2 2 2 2 2 2 2 2 2 2 2 2 2 2 2 2 2 2 2 2 2 2 2 2 2 2 2 2 2 2
left_child=2 8 3 5 6 9 -5 -7 11 13 -6 -2 -13 14 15 -1 29 20 -12 -16 -18 -19 23 -4 25 -17 27 -26 -29 -11
right_child=1 -3 22 4 10 7 -8 -9 -10 16 18 12 -14 -15 19 24 17 21 -20 -21 -22 -23 -24 -25 26 -27 -28 28 -30 -31
leaf_value=0.00051870089493375436 -0.00026203007857065802 0.0050090603547246109 0.00040917644877778601 0.00016156106988337131 -0.00012337557518797787 0.00033552285801290865 0.0026353565974660651 0.0020383796699207988 0.0012015521695732875 -0.00019773542536908763 0.00018171018225179999 0.00084564275119335119 0 0.00077262314672594634 0 -0.00010849549711069553 0.00017791007537191079 -0.00012078913469741404 0.0010306620008711128 0.00065209363314690325 0.00098210113089632046 0.0002789542588748051 -0.00023673439923025107 -0.0001270472050357256 -2.0856258163221823e-05 0.00021412216381401121 -0.00018486175153849732 7.0142659498640181e-05 0.00052590823753409933 0.00010835152848232373
leaf_weight=153.87737488746643 314.8907219171524 183.05197751522064 96.341692924499512 101.71801340579987 287.2230920791626 242.33217227458954 189.0116776227951 162 171.27459537982941 2576.0021644830704 103.11465954780579 91.06388533115387 198.49472892284393 83.173792123794556 105.78861331939697 1261.2524712085724 89.585091948509216 1319.7467408180237 112.27268934249878 187.81813335418701 89.750452756881714 150.21186506748199 8271.4643603563309 546.90096521377563 206.98132050037384 160.53475189208984 87.237489104270935 124.32049643993378 190.63877749443054 106.47561502456665
leaf_count=83 298 79 48 55 212 95 73 54 75 2254 58 48 111 46 53 934 71 1021 49 74 30 94 7934 449 135 79 72 70 73 66
internal_value=-1.48888e-06 0.00117518 -6.81879e-05 0.000101766 0.000789899 2.61759e-05 0.00179051 0.00103347 0.000258755 -3.23232e-05 0.000198774 -1.67816e-06 0.00026417 0.00010426 7.95115e-05 3.06059e-05 -0.000114252 0 0.000650059 0.000425126 0.000611317 -7.63792e-05 -0.000222995 -3.84628e-05 -4.15128e-06 -6.84294e-05 0.000137542 0.000201241 0.000362625 -0.000183687
internal_weight=17964.6 958.776 17005.8 8091.07 793.34 7297.73 290.73 404.332 775.724 6893.4 502.61 604.449 289.559 2561.62 2478.45 2184.84 4331.77 1649.29 215.387 293.607 179.336 1469.96 8914.71 643.243 2030.97 1421.79 609.178 521.941 314.959 2682.48
internal_count=14793 611 14182 5751 447 5304 128 149 532 5155 319 457 159 1619 1573 1446 3536 1216 107 127 101 1115 8431 497 1363 1013 350 278 143 2320
is_linear=0
shrinkage=0.05


Tree=8
num_leaves=31
num_cat=0
split_feature=133 90 126 137 88 0 100 69 15 92 91 24 28 6 29 126 82 19 13 124 100 88 85 11 134 155 133 35 24 49
split_gain=1.33545 1.35603 0.183803 0.191769 0.272363 0.149619 0.101308 0.0518392 0.0309595 0.0281515 0.0329939 0.0358404 0.0236702 0.0221745 0.0200934 0.015584 0.0131832 0.012172 0.0140667 0.0101958 0.00835676 0.00759114 0.00973687 0.00552361 0.00516317 0.00487259 0.0046237 0.00509592 0.00354882 0.00351423
threshold=88.200000000000003 26.492857142857144 41.500000000000007 1.0000000180025095e-35 36.187500000000007 0.20185000000000003 1.2500000000000002 281.49757980000004 0.00037187500000000003 17.450000000000006 21.250000000000004 53.20000000000001 44.050000000000004 0.0019173611111111114 30.650000000000002 1.5000000000000002 20.838000000000005 0.0027085714285714243 0.0010548064722222226 0.37940952255126048 3.6499999999999777 21.937500000000004 273.71083375000006 0.002613818597222223 4.0050000000000008 0.018000000000000006 84.075000000000017 290.32811795000003 32.300000000000004 977.55000000000007
decision_type=2 2 2 2 2 2 2 2 2 2 2 2 2 2 2 2 2 2 2 2 2 2 2 2 2 2 2 2 2 2
left_child=2 7 3 4 13 8 -7 -2 15 12 11 14 17 -1 19 -5 -14 21 -19 -11 28 22 -10 -12 -23 -22 -4 -28 -17 -15
right_child=1 -3 26 5 -6 6 -8 -9 9 10 23 -13 16 29 -16 20 -18 18 -20 -21 25 24 -24 -25 -26 -27 27 -29 -30 -31
leaf_value=0.00063636715198242186 -0.00015541921569526626 0.0076698963836367637 -0.00022758098818263792 0.00044265272994938965 0.002431702964258365 0.00028246944380054306 0.001895514186255114 0.00146852505032632 0.00045508276302470618 0.00031236598224403757 -0.00021122077869162412 0.0012165445668146928 0.00074051995243359827 -0.00021152921902802465 -2.7722999414612029e-05 4.8307930197452625e-06 7.3479911044031928e-05 -9.1571988066360265e-05 0.00043283960343048518 0.00090242299939640033 -6.0676595984417213e-05 0.00028993787225589033 -5.3823065054224285e-05 0.0001987285091246541 -0.00015388932921677086 0.00031935696507084878 -0.00013592019903636043 0.00029044802054179576 -0.00021665795940028042 0.00016173996588855064
leaf_weight=184.04834735393524 89.227010607719421 111 8371.6203507184982 111.8301614522934 205.78672075271606 245.72603368759155 171 96.049494624137878 128.82966375350952 258.61481010913849 273.9190993309021 137.54832577705383 153.78019869327545 170.5733734369278 248.15377521514893 149.77381408214569 178.82169687747955 227.15690398216248 258.28236365318298 134.36242127418518 962.65744912624359 59.446872353553772 296.12318515777588 105.66754519939423 1890.3525321483612 89.302754998207092 376.55058515071869 80.578149557113647 2112.0703698396683 85.696373343467712
leaf_count=92 70 37 8037 71 73 99 57 42 57 107 239 53 60 136 156 100 89 151 101 48 686 27 202 83 1575 55 321 37 1888 44
internal_value=-1.19794e-06 0.00332191 -5.73904e-05 0.00010339 0.000932356 3.7305e-05 0.000959291 0.000662975 -1.15752e-05 7.62272e-05 0.000287269 0.000474415 0 0.00021637 0.000305766 -0.000124546 0.000398173 -4.68711e-05 0.000177483 0.000528581 -0.000145323 -9.48929e-05 8.94258e-05 -8.37411e-05 -0.000137653 -2.33937e-05 -0.000218927 -4.93803e-05 -0.000199786 -6.713e-05
internal_weight=17964.6 296.277 17668.3 8839.52 646.105 8193.42 416.726 185.277 7776.69 4351.06 1158.27 778.679 3192.79 440.318 641.131 3425.63 332.602 2860.19 485.439 392.977 3313.8 2374.75 424.953 379.587 1949.8 1051.96 8828.75 457.129 2261.84 256.27
internal_count=14793 149 14644 6249 345 5904 156 112 5748 2948 686 364 2262 272 311 2800 149 2113 252 155 2729 1861 259 322 1602 741 8395 358 1988 180
is_linear=0
shrinkage=0.05


Tree=9
num_leaves=31
num_cat=0
split_feature=139 128 86 87 93 0 85 99 139 92 81 81 100 28 50 17 36 26 50 6 77 85 0 14 138 4 88 33 15 15
split_gain=0.458364 0.816197 1.10152 0.162575 0.110225 0.149097 0.0739322 0.0660595 0.0601025 0.0612668 0.0584128 0.0567857 0.0201614 0.0169963 0.015285 0.011367 0.0104171 0.0119865 0.00953137 0.00886554 0.00838749 0.00791336 0.00785536 0.00726957 0.00669349 0.00579456 0.0064098 0.005788 0.00486423 0.00543988
threshold=87.760506709764101 8.3844366951598737 9.5000000000000018 3.5000000000000004 267.52430620000007 0.20185000000000003 277.71813870000005 0.599999999999966 84.467414954242443 21.150000000000006 37.650000000000013 32.850000000000001 4.5999999999999668 44.050000000000004 1026.6500000000003 0.010150000000000001 268.09606270000006 2.5000000000000004 1028.0500000000002 0.00030833333333333337 286.24506380000008 277.82451485000007 0.037000000000000005 0.099392616500000017 3.8850000000000002 0.00047263250000000007 19.162500000000005 -0.30087393098847076 0.00031979166666666674 0.00049062500000000007
decision_type=2 2 2 2 2 2 2 2 2 2 2 2 2 2 2 2 2 2 2 2 2 2 2 2 2 2 2 2 2 2
left_child=4 2 11 6 21 8 20 -7 12 -10 15 -2 18 14 16 -8 22 -18 25 -20 -3 23 -14 -1 -19 26 -6 -25 -27 -30
right_child=1 3 -4 -5 5 7 10 -9 9 -11 -12 -13 13 -15 -16 -17 17 24 19 -21 -22 -23 -24 27 -26 28 -28 -29 29 -31
leaf_value=-0.0002115579832997378 -0.00027848976075948469 -0.00016773616716014709 0.0068352702395482502 0.0025757557041808481 5.9164407249338525e-05 0.00034210132740478052 0.00056096549797092716 0.0018743119059000048 5.4433496085782851e-05 0.001350226488516011 0.0014505126338240067 0.0014706748641540339 -0.00018376714761051142 0.00055075370710068396 0.00076348618042051649 -4.5289327821098724e-05 0.0006475077600552547 0.00034317328117745101 -9.3372875340384256e-05 0.00050628183625803919 0.00024232071926499931 0 8.7706780707118707e-05 -0.0001202400870002002 -5.0256278283788308e-05 -0.00014255437410094681 -0.00018075783083765836 0.000465166400248082 0.00033158833126296737 -4.6061236500037608e-07
leaf_weight=8775.5775839090347 85.130587935447693 789.82567405700684 120 72.126321315765381 285.83588445186615 145.48717188835144 134.78872871398926 156 221.76887214183807 164.96386194229126 159.04952478408813 91.145917296409607 616.46669566631317 200.70231890678406 73.185599088668823 148.0953688621521 118.64318454265594 153.06144416332245 95.49072802066803 127.74664378166199 138.5344705581665 540.76621067523956 440.00340747833252 83.320842385292053 313.13046753406525 549.00945794582367 2110.9543392658234 69.684624433517456 137.97615957260132 846.07829093933105
leaf_count=8366 69 681 40 36 172 54 63 52 131 73 61 40 515 84 37 80 69 84 72 51 79 406 237 69 213 444 1824 35 76 580
internal_value=-9.46901e-07 0.000770071 0.00315732 0.000274412 -8.39165e-05 6.9813e-05 0.000147843 0.00115503 1.81817e-05 0.000622116 0.000680856 0.000600927 -1.95795e-05 0.000113501 5.91092e-05 0.000226925 2.42108e-05 0.000195537 -8.21655e-05 0.000228207 -0.000100971 -0.000194128 -6.59982e-05 -0.000205386 6.86714e-05 -0.000101122 -0.000150047 0.0001152 -2.13248e-05 4.13101e-05
internal_weight=17964.6 1738.7 296.277 1442.42 16225.9 6756.5 1370.29 301.487 6455.02 386.733 441.934 176.277 6068.28 1915.19 1714.49 282.884 1641.31 584.835 4153.09 223.237 928.36 9469.35 1056.47 8928.58 466.192 3929.85 2396.79 153.005 1533.06 984.054
internal_count=14793 1149 149 1000 13644 4768 964 106 4662 204 204 109 4458 1239 1155 143 1118 366 3219 123 760 8876 752 8470 297 3096 1996 104 1100 656
is_linear=0
shrinkage=0.05


Tree=10
num_leaves=31
num_cat=0
split_feature=139 90 21 126 0 126 28 139 138 77 90 141 140 99 28 1 8 0 84 136 14 134 123 126 92 73 42 44 104 28
split_gain=0.379767 0.549007 1.04112 0.104506 0.130579 0.0784924 0.0755737 0.0539869 0.0680268 0.0318076 0.0188949 0.0129861 0.0173312 0.0112692 0.0461968 0.0112054 0.0153078 0.00910623 0.0089921 0.00851757 0.0129945 0.00845902 0.00867715 0.00594191 0.00537738 0.00519028 0.005148 0.00507879 0.00435772 0.00418415
threshold=87.760506709764101 24.866326530612252 0.39583333333333343 36.500000000000007 0.20185000000000003 12.500000000000002 30.850000000000005 83.777273392101407 4.7550000000000008 274.34757110000004 23.958163265306126 33.775000000000013 47.030000000000008 4.4500000000000464 34.600000000000009 0.041204277500000004 0.012361670566801151 0.093500000000000014 1.0000000180025095e-35 0.13500000000000004 0.023478928000000003 4.2100000000000017 0.78656609248549325 23.500000000000004 20.450000000000006 12.450000000000001 0.75500000000000012 407.50000000000006 1.8500000000000005 26.100000000000005
decision_type=2 2 2 2 2 2 2 2 2 2 2 2 2 2 2 2 2 2 2 2 2 2 2 2 2 2 2 2 2 2
left_child=3 10 -3 4 7 -6 -4 9 -9 11 21 19 18 -5 -15 24 -17 -8 -13 20 -1 -2 -23 -21 25 -11 -10 -7 -18 -26
right_child=1 2 6 13 5 27 17 8 26 15 -12 12 -14 14 -16 16 28 -19 -20 23 -22 22 -24 -25 29 -27 -28 -29 -30 -31
leaf_value=0.00067054945694498738 -0.00021083551045233007 0.0044403649182292648 0.0013408409018175029 -0.000196001443851614 0.0018652935328616485 9.9735235539118787e-05 -0.00028793405340488739 0.0012375999169475364 -5.5235554504437093e-05 -2.9800686112818907e-09 0.0005378711977659219 0.00034630263860316464 7.735665378492909e-05 -0.00018637044187895131 0.0014524796160928319 0.000505514740553608 -8.6322333440615564e-05 0.00028549262757678067 0.00095267425786296788 -8.3176251577247347e-05 -5.8823399784462821e-05 -3.180875722365069e-05 0.00049106931653463738 0.00038275287247857662 -7.6217007881916032e-05 -0.00019902738442772089 0.00040189530368248285 0.00060167801493554479 0.00014741977302452016 0.00026519030915682454
leaf_weight=118.77766871452332 534.22082734107971 242.07207298278809 129.4492130279541 8723.5574721097946 147 121.26851832866669 204.40912449359894 196.63527548313141 242.88050615787506 438.89754092693329 142.7399914264679 208.78353464603424 385.45633101463318 210.26315128803253 52.214859247207642 148.29474198818207 886.40171957015991 97.08928644657135 122.70311963558197 723.83951151371002 101.28877210617065 304.752685546875 100.14971888065338 72.484717965126038 311.63179039955139 2363.5530750751495 77.337579488754272 142.90394139289856 246.20146214962006 122.41499364376068
leaf_count=56 469 81 47 8235 49 50 174 87 176 310 68 99 213 203 44 73 645 41 44 505 74 222 63 36 233 2138 35 51 130 80
internal_value=3.29152e-06 0.000701935 0.00182205 -7.22841e-05 6.94419e-05 0.000933691 0.000332844 1.60646e-05 0.000507105 -2.38129e-05 0 0.000157138 0.000320906 -0.000186058 0.000124945 -9.437e-05 2.75455e-05 -8.64154e-05 0.000587986 3.65021e-05 0.00031348 -7.75405e-05 8.60944e-05 -3.40676e-05 -0.000144158 -0.000169652 4.05103e-05 0.000391362 -3.10163e-05 8.96593e-06
internal_weight=17919.7 1754.88 673.02 16164.8 7178.75 411.172 430.948 6767.58 516.853 6250.73 1081.86 1733.33 716.943 8986.04 262.478 4517.4 1280.9 301.498 331.487 1016.39 220.066 939.123 404.902 796.324 3236.5 2802.45 320.218 264.172 1132.6 434.047
internal_count=14731 1165 343 13566 5084 150 262 4934 298 4636 822 1027 356 8482 247 3609 848 215 143 671 130 754 285 541 2761 2448 211 101 775 313
is_linear=0
shrinkage=0.05


Tree=11
num_leaves=31
num_cat=0
split_feature=133 90 103 137 94 0 81 126 15 92 132 50 77 56 94 137 99 56 112 13 7 30 96 112 49 30 1 7 21 133
split_gain=0.915152 0.896152 0.137806 0.148114 0.224412 0.127974 0.069998 0.064309 0.0220833 0.0206295 0.0224381 0.0205183 0.0180812 0.0179235 0.0221687 0.0142518 0.00953178 0.0431027 0.00858173 0.00875648 0.0150925 0.00818821 0.00796203 0.00754965 0.0080702 0.00648345 0.00564685 0.00491171 0.00537908 0.00362833
threshold=88.200000000000003 26.216326530612253 1300.6500000000003 1.0000000180025095e-35 16.500000000000004 0.20185000000000003 32.850000000000001 12.500000000000002 0.00037187500000000003 17.450000000000006 1.5000000000000002 1027.3500000000001 273.39931505000004 -5.1159369999999731 6.5000000000000009 0.045000000000000005 4.4500000000000464 -0.96097404999997582 287.72418475000001 0.0016090432986111114 0.052000000000000011 0.31428571428571334 46.975000000000009 274.50515965000005 990.05000000000007 -1.5699999999999987 0.016009472000000004 0.024050000000000005 0.27083333333333343 20.835000000000004
decision_type=2 2 2 2 2 2 2 2 2 2 2 2 2 2 2 2 2 2 2 2 2 2 2 2 2 2 2 2 2 2
left_child=2 6 3 4 13 8 -2 -7 23 12 15 -12 21 -1 -15 -11 18 -18 -4 -20 -21 27 26 24 -5 -24 -14 -10 -29 -22
right_child=1 -3 16 5 -6 7 -8 -9 9 10 11 -13 22 14 -16 -17 17 -19 19 20 29 -23 25 -25 -26 -27 -28 28 -30 -31
leaf_value=-0.00017878461775854931 -0.00026231886878403998 0.0063569914932371284 -0.00019772215600890732 -7.3582411551255536e-06 0.0024257407529324542 0.0017726590106817517 0.0015763273796438491 0.00038395234158265204 -0.00017201830431816739 0.00095563991554357931 -3.7574275375421423e-05 0.00057485710860195828 -0.00017503180618036931 2.6164526354153512e-06 0.00089907342902683166 0.00019399015962761815 -0.00017924608251285721 0.0014093348400950208 -0.00013881568852341992 0.00066484512436445228 -0.00019316942279343877 0.00050930864101673533 -3.9291605379079332e-05 -0.00013097101636966798 0.00051861583451965297 0.00040710233202885868 0 -7.31660160078147e-05 0.00032425014173582283 0.00014461993894893571
leaf_weight=142.12348854541779 94.82755982875824 108 8063.3436322212219 327.37554895877838 166.23097336292267 147 103.02684223651886 220.67500269412994 102.46609556674957 167.68174409866333 519.24543571472168 178.93975651264191 1071.6892359256744 145.14624893665314 153.57620906829834 127.89337599277496 213.05469107627869 51.579862833023071 1062.0964033603668 99.340422391891479 172.34112131595612 202.38828921318054 137.58134114742279 2671.3496309518814 87.033677101135254 149.84620094299316 739.68087434768677 98.996555805206299 259.79812610149384 135.34485673904419
leaf_count=110 75 36 7717 219 57 49 45 84 84 75 340 75 933 89 64 65 202 47 913 58 162 85 102 2193 51 62 473 68 123 75
internal_value=3.25146e-06 0.00271059 -4.36273e-05 0.000112553 0.000862438 4.86059e-05 0.00067307 0.000956035 0 8.11173e-05 0.000276544 0.000112834 8.93078e-06 0.000257487 0.000481638 0.000644704 -0.000168746 0.000115701 -0.000177179 -6.09674e-05 0.000129758 0.000237775 -6.11283e-05 -9.93796e-05 9.20523e-05 0.000176699 -0.000101702 0.000106973 0.000200802 -2.83979e-05
internal_weight=17919.7 305.854 17613.8 7816.72 607.077 7209.64 197.854 367.675 6841.97 3756.21 993.76 698.185 2762.45 440.846 298.722 295.575 9797.1 264.635 9532.47 1469.12 407.026 663.649 2098.8 3085.76 414.409 287.428 1811.37 461.261 358.795 307.686
internal_count=14731 156 14575 5401 320 5081 120 133 4948 2485 555 415 1930 263 153 140 9174 249 8925 1208 295 360 1570 2463 270 164 1406 275 191 237
is_linear=0
shrinkage=0.05


Tree=12
num_leaves=31
num_cat=0
split_feature=133 90 103 137 94 1 69 126 129 15 92 134 3 29 44 104 92 104 99 133 111 112 49 117 13 13 41 61 92 29
split_gain=0.826656 0.809428 0.124528 0.133851 0.202496 0.115732 0.0650262 0.0579038 0.0204865 0.0200578 0.0189517 0.027751 0.0221947 0.022188 0.0121748 0.0120333 0.0138014 0.00981114 0.00859371 0.0434716 0.00785141 0.00780715 0.00777538 0.00709168 0.012116 0.00592455 0.00579688 0.00565634 0.00718296 0.00555962
threshold=88.200000000000003 26.216326530612253 1300.6500000000003 1.0000000180025095e-35 16.500000000000004 0.30954854950000005 283.48549120000007 12.500000000000002 8.5000000000000018 0.00025937500000000006 20.150000000000006 4.7450000000000001 0.015024591000000002 28.450000000000003 482.50000000000006 1.8500000000000005 9.5500000000000025 1.0000000180025095e-35 4.4500000000000464 65.905000000000015 7.3500000000000005 289.91534255000005 979.75000000000011 0.25000000000000006 0.0016090432986111114 0.0010833123541666668 61.500000000000007 41.800000000000004 23.350000000000005 44.850000000000009
decision_type=2 2 2 2 2 2 2 2 2 2 2 2 2 2 2 2 2 2 2 2 2 2 2 2 2 2 2 2 2 2
left_child=2 6 3 4 8 9 -2 -7 22 20 12 -12 -11 14 -13 17 29 -14 21 -20 27 -4 -1 -23 -25 26 -19 -5 -29 -17
right_child=1 -3 18 5 -6 7 -8 -9 -10 10 11 13 15 -15 -16 16 -18 25 19 -21 -22 23 -24 24 -26 -27 -28 28 -30 -31
leaf_value=-0.0001673614900333225 -0.00011752751458098289 0.0060420577720217755 -0.0001849189295171372 0.00027535104823615456 0.0023051790073756006 0.0016846249029795466 0.0016669908999075852 0.00036484132210126328 0.00071712524030667808 -0.00011838013308096796 0.0010995987784101653 0.00090070063084363942 0.0004806978925979813 -4.0191895414858228e-05 0.00016830813709681005 0.00032193579122348064 -8.2383028086180446e-07 3.507818441187371e-05 -0.00019341485320341988 0.001383789134768518 -0.00017981962169358535 -0.00012781420121505194 0.00039756418524139014 -2.0133522086923791e-05 0.0006198312487679465 -9.0784145109073863e-05 0.00047381090425575618 -0.00010634766241293679 0.00033166003636850863 0.00080562647194006389
leaf_weight=205.40687370300293 111.74130535125732 108 8421.6929408311844 154.17431080341339 166.23097336292267 147 86.113096714019775 220.67500269412994 150.03351211547852 1615.4962630271912 93.973794937133789 124 119.07756972312927 434.1185040473938 143.01880049705505 216.17586410045624 168.83937740325928 396.40420508384705 211.37394618988037 53.260607719421387 1566.316907286644 756.58211255073547 85.405560731887817 258.53310298919678 95.658279657363892 673.40570890903473 102.60538578033447 800.96562051773071 101.39357626438141 132
leaf_count=154 84 36 8038 91 57 49 36 84 66 1317 35 42 66 291 61 98 96 215 202 47 1378 655 43 188 44 487 43 623 61 44
internal_value=3.18868e-06 0.00257631 -4.1352e-05 0.000107095 0.000819986 4.62688e-05 0.00063849 0.000909204 0.000244694 0 6.72639e-05 0.000287362 1.46246e-05 0.000169965 0.000529169 0.000136197 0.000341544 4.99231e-05 -0.000160301 0.000109206 -0.000108784 -0.000168318 0 -3.79063e-05 0.000139887 1.53759e-06 0.000136057 0 -5.12834e-05 0.000521413
internal_weight=17919.7 305.854 17613.8 7816.72 607.077 7209.64 197.854 367.675 440.846 6841.97 4219.12 795.111 3424 701.137 267.019 1808.51 517.015 1291.49 9797.1 264.635 2622.85 9532.47 290.812 1110.77 354.191 1172.42 499.01 1056.53 902.359 348.176
internal_count=14731 156 14575 5401 320 5081 120 133 263 4948 2795 429 2366 394 103 1049 238 811 9174 249 2153 8925 197 887 232 745 258 775 684 142
is_linear=0
shrinkage=0.05


Tree=13
num_leaves=31
num_cat=0
split_feature=133 90 103 137 94 1 81 120 4 15 92 104 28 91 24 1 141 75 90 141 4 84 99 14 104 43 103 1 4 138
split_gain=0.746722 0.73107 0.112663 0.120932 0.182706 0.104636 0.0593796 0.0522192 0.0184998 0.0181289 0.0173731 0.0248113 0.0198176 0.0152342 0.0146438 0.00911992 0.00881394 0.00876877 0.00875204 0.00804958 0.00991401 0.00790186 0.0467376 0.00790632 0.00890924 0.0057235 0.00563188 0.0053173 0.00488026 0.0048105
threshold=88.200000000000003 26.216326530612253 1300.6500000000003 1.0000000180025095e-35 16.500000000000004 0.30954854950000005 32.850000000000001 271.5741706500001 0.00012611850000000002 0.00025937500000000006 17.450000000000006 0.25000000000000006 44.050000000000004 20.650000000000002 40.850000000000001 0.014147579000000002 21.910000000000004 7.6500000000000012 27.611224489795926 38.860000000000007 0.016550226000000005 5.7500000000000018 3.1999999999999891 0.020547432000000001 1.0000000180025095e-35 0.34150000000000008 1022.4500000000002 0.30954854950000005 0.0032169865000000004 16.700000000000003
decision_type=2 2 2 2 2 2 2 2 2 2 2 2 2 2 2 2 2 2 2 2 2 2 2 2 2 2 2 2 2 2
left_child=2 6 3 4 8 9 -2 -7 25 17 12 13 15 14 -12 29 -17 19 -14 20 -5 -4 23 -23 -25 -1 28 -26 -18 -11
right_child=1 -3 21 5 -6 7 -8 -9 -10 10 11 -13 18 -15 -16 16 26 -19 -20 -21 -22 22 -24 24 27 -27 -28 -29 -30 -31
leaf_value=-0.00016573171410830113 -0.0002526034931017001 0.0057427267183404454 -0.00018597731491640799 -0.00012766273353034406 0.0021906092384893997 0.00012769758954740172 0.0014385907328445765 0.0013734289918477848 0.00068150642483065299 -0.00014091085606598639 0.00057182151644110518 -3.14646394321854e-06 0.00057575768029743762 0.00094082559199176556 0 0.00038262752117951293 -0.00013804273777259896 -0.00015207359666344919 0 0.00044371251663314644 0.00051741694491561768 -0.00016510200908653267 0.0013412506661346362 0.00049337307598914799 -8.6956492773653288e-05 0.00029531208849562646 -0.00012741756159864246 0.00028699616624763803 0.00018402223362535132 0.00028453853958366527
leaf_weight=186.92727661132812 94.82755982875824 108 6369.9045759439468 387.67884290218353 166.23097336292267 154.67500269412994 103.02684223651886 213 150.03351211547852 1489.9667648077011 230.02563691139221 523.74687671661377 201.88837480545044 136.76568555831909 201.32978022098541 179.34119737148285 137.52682840824127 2054.2776807546616 121.33350455760956 112.36649453639984 68.527396678924561 2312.483745098114 54.716045022010803 83.178814172744751 875.22430467605591 103.88515782356262 459.69306039810181 101.59350502490997 476.23436522483826 61.26339852809906
leaf_count=139 75 36 6144 309 57 62 45 71 66 1261 89 348 77 56 119 75 101 1753 65 55 36 2149 48 46 742 58 344 45 232 28
internal_value=3.16521e-06 0.00244873 -3.91534e-05 0.000102026 0.000779665 4.41731e-05 0.000605698 0.0008647 0.000232567 0 6.41262e-05 0.000235803 2.53137e-06 0.000464492 0.000300074 -3.8636e-05 5.90226e-05 -0.000103244 0.000374107 6.43587e-05 -1.89086e-05 -0.000152304 -8.82241e-05 -0.000113289 0 0 0 -4.26966e-05 0.000103616 -0.000120715
internal_weight=17919.7 305.854 17613.8 7816.72 607.077 7209.64 197.854 367.675 440.846 6841.97 4219.12 1091.87 3127.25 568.121 431.355 2804.03 1252.8 2622.85 323.222 568.573 456.206 9797.1 3427.2 3372.48 1060 290.812 1073.45 976.818 613.761 1551.23
internal_count=14731 156 14575 5401 320 5081 120 133 263 4948 2795 612 2183 264 208 2041 752 2153 142 400 345 9174 3030 2982 833 197 677 787 333 1289
is_linear=0
shrinkage=0.05


Tree=14
num_leaves=31
num_cat=0
split_feature=133 94 126 133 0 141 88 126 88 112 77 22 88 141 142 139 1 0 136 14 2 113 84 77 92 92 77 13 133 139
split_gain=0.674486 0.685424 0.102716 0.0978352 0.0933398 0.0857208 0.11348 0.0551963 0.0325771 0.0195857 0.0195125 0.0141465 0.0142982 0.011918 0.0137588 0.0105481 0.00802873 0.0148207 0.00755911 0.0106161 0.00640609 0.0513041 0.00600635 0.00547578 0.00526816 0.00526013 0.00451796 0.00418936 0.00392496 0.00418454
threshold=88.200000000000003 16.500000000000004 39.500000000000007 80.210000000000022 0.20185000000000003 25.640000000000004 35.737500000000004 12.500000000000002 32.162500000000016 282.20552805000005 274.34757110000004 12.500000000000002 32.63750000000001 33.775000000000013 546.76079864000712 87.16903152294654 0.041204277500000004 0.030150000000000003 0.13500000000000004 0.023478928000000003 0.0053583815000000012 0.45000000000000007 1.0000000180025095e-35 270.94628755000002 20.450000000000006 14.850000000000003 282.51539815000007 0.0028292562638888891 84.075000000000017 90.084529157147117
decision_type=2 2 2 2 2 2 2 2 2 2 2 2 2 2 2 2 2 2 2 2 2 2 2 2 2 2 2 2 2 2
left_child=2 8 3 4 10 11 9 -6 -2 -7 13 -5 -13 18 22 16 24 -18 19 -1 28 -22 -15 -20 -12 -9 -17 -26 -4 -30
right_child=1 -3 20 5 7 6 -8 25 -10 -11 15 12 -14 14 -16 26 17 -19 23 -21 21 -23 -24 -25 27 -27 -28 -29 29 -31
leaf_value=0.00060576260565121769 -0.00025666271789998729 0.0051287700189178199 -0.00017066330454341337 -0.00025768723846609652 0.0015327553471197956 -0.00023804949804895532 0.0018181995459802284 0.00051219162344784581 0.0010687198111617316 0.00083677520816080413 -0.0001462062370693119 -3.9546324280599874e-05 0.00057211989803894719 0.00031301080528385876 7.3067985712820365e-05 0.00048990929921178281 0.00061921903727427477 -2.2155437226987529e-05 0.00034482959734530484 -4.9555950788673903e-05 -0.00018285616234803564 0.0013728935349219763 0.00083304130945151635 -8.4638332380648177e-05 -3.4264894595665263e-05 3.6128673537994757e-05 0 0.00035213142732597804 0.0001815174047163455 -0.00012978276268232826
leaf_weight=118.77766871452332 100.42930722236633 126.71590638160706 8261.6154682636261 152.48687875270844 147 114.67534804344177 238.53286004066467 154.64125227928162 78.709188461303711 63.133645176887512 3049.268802523613 148.5738719701767 209.67540228366852 195.18538296222687 399.05448269844055 112.4541951417923 95.175885081291199 1306.3295257091522 77.654366850852966 101.28877210617065 376.11972832679749 60.491258382797241 122.70311963558197 824.96707141399384 502.82684624195099 132.10952770709991 105.54365921020508 79.188216328620911 163.3706374168396 300.9749276638031
leaf_count=56 81 46 7893 120 49 92 82 53 29 39 2679 90 75 93 219 60 54 889 38 74 360 47 44 589 368 59 46 49 90 268
internal_value=3.14209e-06 0.00232742 -3.70637e-05 8.8278e-05 2.78312e-05 0.000572918 0.00110616 0.000739217 0.000300622 0.000118165 -1.50802e-05 0.000127145 0.000305127 0.000124083 0.000283712 -6.48029e-05 -8.03382e-05 1.82455e-05 1.75331e-05 0.000282665 -0.000153217 2.39077e-05 0.000531402 -4.18163e-05 -0.000119758 0.000311128 0.00026975 1.02454e-05 -0.000162655 -9.35866e-06
internal_weight=17919.7 305.854 17613.8 8451.25 7524.17 927.078 416.342 433.751 179.138 177.809 7090.42 510.736 358.249 1839.63 716.943 5250.79 5032.79 1401.51 1122.69 220.066 9162.57 436.611 317.889 902.621 3631.28 286.751 217.998 582.015 8725.96 464.346
internal_count=14731 156 14575 5917 5419 498 213 161 110 131 5258 285 165 1113 356 4145 4039 943 757 130 8658 407 137 627 3096 112 106 417 8251 358
is_linear=0
shrinkage=0.05


Tree=15
num_leaves=31
num_cat=0
split_feature=133 86 126 137 88 0 120 69 41 15 92 104 24 27 61 1 92 2 124 73 77 15 15 92 141 44 77 0 129 36
split_gain=0.526421 0.62806 0.0975659 0.0964667 0.127087 0.091825 0.0655629 0.0414782 0.0201562 0.0194045 0.0193583 0.0395881 0.0262324 0.0178127 0.016966 0.0163624 0.0113939 0.00918835 0.0931657 0.0080598 0.00736737 0.00700406 0.00981616 0.00598894 0.00481208 0.00421446 0.00302441 0.00289551 0.00274309 0.00272936
threshold=88.200000000000003 9.5000000000000018 41.500000000000007 1.0000000180025095e-35 36.187500000000007 0.20185000000000003 277.42617390000004 283.28126945000002 47.500000000000007 0.00038437500000000011 17.450000000000006 0.25000000000000006 53.20000000000001 1588.7000000000003 21.150000000000002 0.13643709050000002 13.950000000000005 0.0053583815000000012 -0.9159756150367534 12.450000000000001 273.61934940000003 0.0010302083333333335 0.0023729166666666668 9.9500000000000046 38.860000000000007 427.50000000000006 272.85145360000007 0.043850000000000007 5.5000000000000009 267.94056585000004
decision_type=2 2 2 2 2 2 2 2 2 2 2 2 2 2 2 2 2 2 2 2 2 2 2 2 2 2 2 2 2 2
left_child=2 7 3 4 8 9 16 -2 29 14 15 12 13 -12 -5 20 -7 -4 -19 24 21 -11 -23 -17 -16 28 -21 -22 -13 -1
right_child=1 -3 17 5 -6 6 -8 -9 -10 10 11 25 -14 -15 19 23 -18 18 -20 26 27 22 -24 -25 -26 -27 -28 -29 -30 -31
leaf_value=-0.00019642419050547939 -0.00023889920465191574 0.0052579934602983089 -0.00016052534510979514 0.00053578689094175127 0.0017848943776974286 0.00063233380795231671 0.0016484684899127741 0.0012500475864330202 0.00065314349851706792 -8.0171063867791673e-05 0.00063354662056107163 -4.8204176738837617e-05 0.0012014131344724691 0 0 0.00043348454191535979 0 0.0019691390943913016 -0.00020391297195135804 -2.1668231800369592e-07 -0.00012159954206222895 0.00051972482492868737 0 6.6278426256124169e-06 0.00042017777974240117 -0.0001576453826407755 -0.00015500072313028008 4.119293154455326e-06 0.00026984583552093245 0.00011143049926934342
leaf_weight=152.10558032989502 108.70179760456085 102 8335.8317319154739 103.2886483669281 185.48690187931061 144 138 75.87245774269104 156.37646377086639 223.91709101200104 253.84932613372803 96.067176938056946 121.53781199455261 223.3838142156601 347.67838883399963 274.27539396286011 163.12783539295197 55.544211387634277 375.93745911121368 433.35813212394714 1498.0166782140732 177.85869216918945 148.49833083152771 152.09796977043152 86.880907416343689 348.39583075046539 2596.7333180904388 551.52313649654388 129.81065714359283 116.07339835166931
leaf_count=108 84 34 7951 63 68 48 46 33 86 154 92 76 48 122 250 104 74 42 361 272 1257 73 102 85 43 287 2283 358 63 64
internal_value=4.04581e-06 0.00212627 -3.03645e-05 8.66633e-05 0.000693276 4.0914e-05 0.000738501 0.000349653 0.000201528 2.02501e-07 7.36817e-05 0.000246122 0.000530902 0.000347531 -8.48731e-05 5.12742e-06 0.000309381 -0.000148694 6.8167e-05 -0.000104968 -4.0303e-05 0.000118241 0.000269476 0.000293285 8.9451e-05 -4.25206e-05 -0.000134521 -8.53452e-05 0.000112923 -4.46844e-05
internal_weight=17876.2 286.574 17589.7 8822.34 610.042 8212.3 445.128 184.574 424.555 7767.17 4199.23 1173.04 598.771 477.233 3567.94 3026.19 307.128 8767.31 431.482 3464.65 2599.81 550.274 326.357 426.373 434.559 574.274 3030.09 2049.54 225.878 268.179
internal_count=14731 151 14580 6226 326 5900 168 117 258 5732 2821 688 262 214 2911 2133 122 8354 403 2848 1944 329 175 189 293 426 2555 1615 139 172
is_linear=0
shrinkage=0.05


Tree=16
num_leaves=31
num_cat=0
split_feature=133 90 103 137 94 0 100 34 160 4 28 137 29 100 43 84 2 113 91 2 11 2 103 137 81 15 88 160 103 117
split_gain=0.475536 0.5768 0.0942146 0.0885071 0.128984 0.091591 0.0429038 0.019601 0.0176018 0.0195931 0.0181489 0.0172187 0.0153423 0.0151869 0.0150874 0.0105159 0.00916545 0.0727891 0.00909879 0.00896242 0.00603586 0.00591557 0.00614525 0.00568475 0.00560176 0.0055823 0.00471743 0.00463907 0.0036182 0.00313583
threshold=88.200000000000003 25.08061224489796 1273.4500000000005 1.0000000180025095e-35 16.500000000000004 0.20185000000000003 5.5999999999999668 0.42307429392049511 0.40918367346938783 0.0022618450000000006 44.050000000000004 0.015000000000000001 30.150000000000002 3.549999999999955 0.25950000000000006 3.850000000000001 0.0053583815000000012 0.75000000000000011 35.800000000000004 0.010714564500000001 0.01171224859027778 1.1650000000000002e-05 1022.4500000000002 0.045000000000000005 37.650000000000013 0.00025937500000000006 18.287500000000005 0.1377551020408164 961.55000000000007 0.25000000000000006
decision_type=2 2 2 2 2 2 2 2 2 2 2 2 2 2 2 2 2 2 2 2 2 2 2 2 2 2 2 2 2 2
left_child=2 15 3 4 7 8 -7 24 9 18 14 -10 13 25 -11 -2 20 -18 19 26 29 -16 -23 -14 -1 -13 -5 -22 -27 -4
right_child=1 -3 16 5 -6 6 -8 -9 11 10 -12 12 23 -15 21 -17 17 -19 -20 -21 27 22 -24 -25 -26 28 -28 -29 -30 -31
leaf_value=-0.0001446172279952471 -0.00031060214289312929 0.0045659409308299896 -0.00015832872784133969 3.8798015042800166e-05 0.0018736041901944063 0.0003130338901307072 0.0014776307042059188 0.00075735479548812883 0.0006500750358945515 0.00063668870044684197 0.00054070684235675039 -0.00012380115114308827 0.00024403491777161008 0.00088799839385423805 -9.8843330914312434e-05 0.00048865031368609921 -0.00012503629290445644 0.0017402475862355823 0.0003952666697609975 0.00028656080955693483 -8.2529277000087563e-05 0.00021476392925278104 -7.6243748856585366e-05 -0.00016154682916912327 0.00031068718189294805 0.00050111447256103955 -0.00014169649277031722 0.00040612450738115998 9.6634866989118637e-05 -5.8845773516202774e-05
leaf_weight=207.40442276000977 89.126389622688293 124.50823080539703 8191.4832648038864 361.51925003528595 165.8214271068573 192.61072373390198 153 118.7785382270813 172.9796861410141 100.15141069889069 215.92701077461243 107.07750248908997 99.04447877407074 92.810563087463379 702.58926630020142 72.939634919166565 496.82739460468292 57.207275032997131 88.277705669403076 132.09275090694427 80.774289608001709 470.56674706935883 262.12859046459198 437.83865368366241 98.929112672805786 116.01095080375671 3132.7684550285339 86.09062123298645 184.27467656135559 1064.6701183319092
leaf_count=147 72 42 7853 224 56 73 51 66 78 54 77 91 51 40 510 37 445 43 63 48 69 238 202 357 41 42 2651 39 82 889
internal_value=3.98796e-06 0.00202104 -2.87031e-05 0.000103399 0.00069126 5.31222e-05 0.000845796 0.00021502 1.12172e-05 -2.6191e-05 0.000110345 0.00018421 0.000101136 0.000302217 4.62567e-05 1.92387e-05 -0.00013 6.1345e-05 -9.19222e-05 -0.000105266 -0.000141786 1.16169e-06 0.000103876 -7.71146e-05 0 0.000154666 -0.000121586 0.000140714 0.00027064 -0.000147434
internal_weight=17876.2 286.574 17589.7 7612.6 590.934 7021.67 345.611 425.112 6676.06 5466.02 1751.36 1210.04 1037.06 500.174 1535.44 162.066 9977.05 554.035 3714.66 3626.38 9423.02 1435.28 732.695 536.883 306.334 407.363 3494.29 166.865 300.286 9256.15
internal_count=14731 151 14580 5242 310 4932 124 254 4808 4067 1081 741 663 255 1004 109 9338 488 2986 2923 8850 950 440 408 188 215 2875 108 124 8742
is_linear=0
shrinkage=0.05


Tree=17
num_leaves=31
num_cat=0
split_feature=133 90 103 137 94 0 86 120 34 92 4 28 43 132 49 43 2 113 91 2 0 11 2 103 104 6 17 88 92 29
split_gain=0.429467 0.522212 0.0853154 0.0799544 0.116344 0.0828093 0.0419299 0.0410671 0.0177042 0.0159363 0.0176551 0.0163778 0.0156182 0.0371251 0.0259025 0.013639 0.00827412 0.0658158 0.00823125 0.00810979 0.00547536 0.00542535 0.00532039 0.00556722 0.00521181 0.0102274 0.00454901 0.00428092 0.00421816 0.00380378
threshold=88.200000000000003 26.820408163265313 1273.4500000000005 1.0000000180025095e-35 16.500000000000004 0.20185000000000003 3.5000000000000004 276.68594680000007 0.42307429392049511 20.050000000000008 0.0022618450000000006 44.050000000000004 0.32650000000000007 2.5000000000000004 982.75000000000011 0.25950000000000006 0.0053583815000000012 0.75000000000000011 35.800000000000004 0.010714564500000001 0.00055000000000000003 0.01171224859027778 1.1650000000000002e-05 1022.4500000000002 1.0000000180025095e-35 0.0035847222222222226 0.0019500000000000001 18.287500000000005 6.7500000000000018 30.150000000000002
decision_type=2 2 2 2 2 2 2 2 2 2 2 2 2 2 2 2 2 2 2 2 2 2 2 2 2 2 2 2 2 2
left_child=2 6 3 4 8 9 -2 -7 20 10 18 15 26 14 -14 -12 21 -18 19 27 -1 24 -17 -24 25 -4 -11 -5 -23 -15
right_child=1 -3 16 5 -6 7 -8 -9 -10 12 11 -13 13 29 -16 22 17 -19 -20 -21 -22 28 23 -25 -26 -27 -28 -29 -30 -31
leaf_value=0.00025205725061112482 -0.00018459798475514103 0.005058075013560254 -0.00013593594571413171 3.6863469261522912e-05 0.0017804855304212376 0.00028321411304164283 0.0012444062680819512 0.001422142851734897 0.00071980320675414482 -0.00024337981165390061 0.00060516899040094789 0.0005137961252921566 0.00027322463525038899 0.00018935286311336431 0.0012678443754095608 -9.3908188548442887e-05 -0.00011879703621107043 0.0016547300799078781 0.00037572472389526737 0.00027234042403804132 -0.0001752692797419337 -7.8453273545162625e-05 0.00020404850480288899 -7.2446047240785588e-05 -0.00014788452063795021 0.00041610161721226122 7.3531575418682237e-05 -0.0001346139290019809 0.00038605143867318772 -0.00016072189182700838
leaf_weight=127.50157499313354 107.47717952728271 90 250.12454295158386 361.51925003528595 165.8214271068573 192.61072373390198 89.097075819969177 153 118.7785382270813 149.91770946979523 100.15141069889069 215.92701077461243 156.38266384601593 125.57373225688934 137.20334577560425 702.58926630020142 496.82739460468292 57.207275032997131 88.277705669403076 132.09275090694427 178.83196043968201 80.774289608001709 470.56674706935883 262.12859046459198 8883.8889682292938 122.13987195491791 449.00294995307922 3132.7684550285339 86.09062123298645 191.95611023902893
leaf_count=65 85 30 224 224 56 73 36 51 66 139 54 77 68 59 52 510 445 43 63 48 123 69 238 202 8457 61 271 2651 39 152
internal_value=3.94223e-06 0.00192082 -2.71111e-05 9.85803e-05 0.000657356 5.07557e-05 0.00044081 0.000804485 0.000204377 1.08727e-05 -2.46821e-05 0.000104862 0.000175498 0.000353162 0.000757745 4.38032e-05 -0.000123516 5.79728e-05 -8.71164e-05 -9.98623e-05 0 -0.000134723 7.56862e-07 9.83513e-05 -0.00014009 3.24216e-05 0 -0.000115437 0.000132285 -6.42066e-06
internal_weight=17876.2 286.574 17589.7 7612.6 590.934 7021.67 196.574 345.611 425.112 6676.06 5466.02 1751.36 1210.04 611.116 293.586 1535.44 9977.05 554.035 3714.66 3626.38 306.334 9423.02 1435.28 732.695 9256.15 372.264 598.921 3494.29 166.865 317.53
internal_count=14731 151 14580 5242 310 4932 121 124 254 4808 4067 1081 741 331 120 1004 9338 488 2986 2923 188 8850 950 440 8742 285 410 2875 108 211
is_linear=0
shrinkage=0.05


Tree=18
num_leaves=31
num_cat=0
split_feature=133 90 103 137 90 0 120 44 43 92 4 28 43 132 49 43 111 99 42 81 96 2 85 13 23 18 2 103 17 112
split_gain=0.387976 0.478118 0.0772215 0.0722377 0.106884 0.0748828 0.0369378 0.0209044 0.0260825 0.0143953 0.015935 0.0148522 0.014141 0.0336045 0.0232524 0.0105415 0.00952313 0.00814747 0.0415285 0.00792193 0.010809 0.00558803 0.00533853 0.0102834 0.0192505 0.0059846 0.00462844 0.00504436 0.00410794 0.00351972
threshold=88.200000000000003 25.08061224489796 1273.4500000000005 1.0000000180025095e-35 25.721428571428575 0.20185000000000003 276.68594680000007 742.50000000000011 0.33950000000000008 20.050000000000008 0.0021886315000000005 44.050000000000004 0.32650000000000007 2.5000000000000004 982.75000000000011 0.25950000000000006 7.1500000000000012 4.4500000000000464 0.22500000000000003 25.150000000000002 47.687500000000007 0.010714564500000001 272.42651330000007 0.0016090432986111114 23.581944444444449 0.063537500000000011 1.1650000000000002e-05 1022.4500000000002 0.0019500000000000001 280.19838940000005
decision_type=2 2 2 2 2 2 2 2 2 2 2 2 2 2 2 2 2 2 2 2 2 2 2 2 2 2 2 2 2 2
left_child=2 16 3 4 7 9 -7 8 -1 10 19 15 28 14 -14 -12 -2 22 -19 20 -5 -21 -4 -24 -25 -26 -17 -28 -11 -30
right_child=1 -3 17 5 -6 6 -8 -9 -10 12 11 -13 13 -15 -16 26 -18 18 -20 21 -22 -23 23 24 25 -27 27 -29 29 -31
leaf_value=2.819824131798803e-05 -0.00031387067840727583 0.004142709957570382 -0.00013954153121135564 0 0.0016711253844224139 0.00026912654845409709 0.0013514974425462162 -0.00016398387408026707 0.0011936240907800158 -0.00023129145411024231 0.00050726300635741219 0.00048822475001159671 0.00025965020102673172 -5.3102799847369721e-06 0.0012049108182572664 -8.5061359068961133e-05 0.00044890300315990361 -0.0001683126651219861 0.0013671723057461045 -0.00013394426659827968 0.00062281242717609564 0.00020177280062895874 -0.00011779149514764898 0.00090648339982335501 -0.00013674746139939945 0.00034935708952357953 0.00019386771225496762 -6.8837513970822464e-05 0.00022316602434468524 -4.4601068087610727e-05
leaf_weight=126.50950682163239 88.842367768287659 124.50823080539703 8426.075524687767 614.36158633232117 172.75045275688171 192.61072373390198 153 204.84439742565155 86.829143762588501 149.91770946979523 111.62248408794403 215.92701077461243 156.38266384601593 317.52984249591827 137.20334577560425 719.65262711048126 73.2236567735672 191.97776162624359 54.890986084938049 2878.5493496656418 76.120040535926819 117.09275090694427 932.65428793430328 74.151184797286987 207.69341242313385 89.609806060791016 470.56674706935883 262.12859046459198 210.20535695552826 238.79759299755096
leaf_count=65 69 42 8067 412 61 73 51 141 43 139 63 77 68 211 52 523 40 186 48 2469 40 43 788 34 174 41 238 202 104 167
internal_value=3.9003e-06 0.00182584 -2.5601e-05 9.39625e-05 0.000625128 4.84658e-05 0.000765228 0.000178145 0.000529212 1.0502e-05 -2.32495e-05 9.82915e-05 0.000166988 0.00033604 0.000720968 4.09835e-05 7.37968e-07 -0.000117331 0.000157067 -8.33041e-05 6.46707e-05 -0.00011909 -0.000124822 -2.58495e-05 0.000191272 0 1.38216e-06 9.31019e-05 0 6.98632e-05
internal_weight=17876.2 286.574 17589.7 7612.6 590.934 7021.67 345.611 418.183 213.339 6676.06 5466.02 1779.9 1210.04 611.116 293.586 1563.97 162.066 9977.05 246.869 3686.12 690.482 2995.64 9730.18 1304.11 371.454 297.303 1452.35 732.695 598.921 449.003
internal_count=14731 151 14580 5242 310 4932 124 249 108 4808 4067 1103 741 331 120 1026 109 9338 234 2964 452 2512 9104 1037 249 215 963 440 410 271
is_linear=0
shrinkage=0.05


end of trees

feature_importances:
pct_forest=27
last_osi=22
total_tp_next_48h=21
gust_peak4h_mean_next_24h=19
pct_wetland=19
gust_mean_next_48h=18
last_N_t=17
min_t2m_next_6h=16
hours_since_obs=16
last_P_t=15
gust_last_obs=15
pressure_change_6h=14
cumul_gust_since_onset=14
pre_event_mean_osi=12
cumul_tp_since_onset=11
pct_unmapped=11
R_t_mean_72h=10
soil_moist_t=10
sp_t=10
mslma_t=10
gust_gt30_next_48h=9
pct_forest_classified=9
last_R_t=8
R_t_max_72h=8
gust_max_last6h_obs=8
gust_max_next_24h=8
gust_max_obs=7
blh_t=7
tree_canopy_std=7
N_t_mean_72h=6
gust_x_hso=6
wind_speed_max_next_24h=6
min_t2m_next_24h=6
pressure_change_3h=6
wind_speed_at_t6h=6
osi_mean_72h=5
hours_since_peak=5
t2m_at_t6h=5
pct_developed=5
tp_rate_next_48h=5
osi_max_72h=4
osi_trend_last6h=4
gust_mean_obs=4
min_t2m_next_1h=4
total_tp_next_24h=4
gust_gt30_next_24h=4
wind_speed_max_next_48h=4
tp_at_t6h=4
gust_at_t48h=4
t2m_at_t48h=4
log_customers=4
n_utilities=4
tree_canopy_pct=4
storm_onset_max_osi=3
storm_onset_mean_osi=3
frac_zero_72h=3
gust_gt40_obs=3
gust_trend_last6h_obs=3
wind_cos_t=3
t2m_t=3
dewpoint_c_t=3
gust_mean_next_24h=3
min_t2m_next_48h=3
gust_peak4h_mean_next_48h=3
pct_water=3
outage_pct_mean_72h=2
wind_sin_t=2
d2m_t=2
r2_t=2
vpd_t=2
gust_max_next_6h=2
wind_speed_max_next_6h=2
gust_gt30_since_onset=2
t2m_at_t1h=2
tp_at_t24h=2
hour_cos=2
rural_urban_code=2
pop_density=2
forest_x_customers=2
last_D_t=1
last_outage_pct=1
osi_std_72h=1
cumul_gust_obs=1
diffuse_rad_t=1
temp_c_t=1
gust_mean_next_6h=1
total_tp_next_6h=1
gust_peak4h_mean_next_6h=1
gust_gt40_next_24h=1
wind_speed_at_t24h=1
t2m_at_t24h=1
hour_of_day=1
hour_sin=1
tp_rate_next_24h=1

parameters:
[boosting: gbdt]
[objective: regression]
[metric: rmse]
[tree_learner: serial]
[device_type: cpu]
[data_sample_strategy: bagging]
[data: ]
[valid: ]
[num_iterations: 2000]
[learning_rate: 0.05]
[num_leaves: 31]
[num_threads: -1]
[seed: 42]
[deterministic: 0]
[force_col_wise: 0]
[force_row_wise: 0]
[histogram_pool_size: -1]
[max_depth: -1]
[min_data_in_leaf: 50]
[min_sum_hessian_in_leaf: 0.001]
[bagging_fraction: 0.8]
[pos_bagging_fraction: 1]
[neg_bagging_fraction: 1]
[bagging_freq: 5]
[bagging_seed: 42]
[bagging_by_query: 0]
[feature_fraction: 0.8]
[feature_fraction_bynode: 1]
[feature_fraction_seed: 42]
[extra_trees: 0]
[extra_seed: 12879]
[early_stopping_round: 0]
[early_stopping_min_delta: 0]
[first_metric_only: 0]
[max_delta_step: 0]
[lambda_l1: 0.1]
[lambda_l2: 1]
[linear_lambda: 0]
[min_gain_to_split: 0]
[drop_rate: 0.1]
[max_drop: 50]
[skip_drop: 0.5]
[xgboost_dart_mode: 0]
[uniform_drop: 0]
[drop_seed: 42]
[top_rate: 0.2]
[other_rate: 0.1]
[min_data_per_group: 100]
[max_cat_threshold: 32]
[cat_l2: 10]
[cat_smooth: 10]
[max_cat_to_onehot: 4]
[top_k: 20]
[monotone_constraints: ]
[monotone_constraints_method: basic]
[monotone_penalty: 0]
[feature_contri: ]
[forcedsplits_filename: ]
[refit_decay_rate: 0.9]
[cegb_tradeoff: 1]
[cegb_penalty_split: 0]
[cegb_penalty_feature_lazy: ]
[cegb_penalty_feature_coupled: ]
[path_smooth: 0]
[interaction_constraints: ]
[verbosity: -1]
[saved_feature_importance_type: 0]
[use_quantized_grad: 0]
[num_grad_quant_bins: 4]
[quant_train_renew_leaf: 0]
[stochastic_rounding: 1]
[linear_tree: 0]
[max_bin: 255]
[max_bin_by_feature: ]
[min_data_in_bin: 3]
[bin_construct_sample_cnt: 200000]
[data_random_seed: 42]
[is_enable_sparse: 1]
[enable_bundle: 1]
[use_missing: 1]
[zero_as_missing: 0]
[feature_pre_filter: 1]
[pre_partition: 0]
[two_round: 0]
[header: 0]
[label_column: ]
[weight_column: ]
[group_column: ]
[ignore_column: ]
[categorical_feature: ]
[forcedbins_filename: ]
[precise_float_parser: 0]
[parser_config_file: ]
[objective_seed: 16083]
[num_class: 1]
[is_unbalance: 0]
[scale_pos_weight: 1]
[sigmoid: 1]
[boost_from_average: 1]
[reg_sqrt: 0]
[alpha: 0.9]
[fair_c: 1]
[poisson_max_delta_step: 0.7]
[tweedie_variance_power: 1.5]
[lambdarank_truncation_level: 30]
[lambdarank_norm: 1]
[label_gain: ]
[lambdarank_position_bias_regularization: 0]
[eval_at: ]
[multi_error_top_k: 1]
[auc_mu_weights: ]
[num_machines: 1]
[local_listen_port: 12400]
[time_out: 120]
[machine_list_filename: ]
[machines: ]
[gpu_platform_id: -1]
[gpu_device_id: -1]
[gpu_device_id_list: ]
[gpu_use_dp: 0]
[num_gpu: 1]

end of parameters

pandas_categorical:[]
