tree
version=v4
num_class=1
num_tree_per_iteration=1
label_index=0
max_feature_idx=189
objective=regression
feature_names=last_osi last_P_t last_N_t last_D_t last_R_t last_outage_pct osi_mean_72h osi_max_72h osi_std_72h outage_pct_mean_72h outage_pct_max_72h N_t_mean_72h N_t_max_72h R_t_mean_72h R_t_max_72h pre_event_mean_osi pre_event_max_outage_pct storm_onset_max_osi storm_onset_mean_osi osi_trend_last6h is_worsening frac_zero_72h hours_since_peak gust_mean_obs gust_max_obs gust_gt30_obs gust_gt40_obs cumul_gust_obs gust_last_obs gust_max_last6h_obs gust_trend_last6h_obs gust_t wind_speed_t wind_sin_t wind_cos_t t2m_t d2m_t tp_t rain_t csnow_t sdwe_t r2_t vpd_t soil_moist_t blh_t tcc_t lcc_t mcc_t hcc_t sp_t mslma_t sdswrf_t direct_rad_t diffuse_rad_t et0_t temp_c_t dewpoint_c_t icing_risk_t gust_exceed_30 soil_moist_x_gust is_snowing gust_x_hso gust_x_phase soil_gust_x_phase gust_exceed30_x_hso gust_max_next_1h gust_mean_next_1h wind_speed_max_next_1h total_tp_next_1h min_t2m_next_1h gust_gt30_next_1h gust_gt40_next_1h gust_peak4h_mean_next_1h gust_max_next_6h gust_mean_next_6h wind_speed_max_next_6h total_tp_next_6h min_t2m_next_6h gust_gt30_next_6h gust_gt40_next_6h gust_peak4h_mean_next_6h gust_max_next_24h gust_mean_next_24h wind_speed_max_next_24h total_tp_next_24h min_t2m_next_24h gust_gt30_next_24h gust_gt40_next_24h gust_peak4h_mean_next_24h gust_max_next_48h gust_mean_next_48h wind_speed_max_next_48h total_tp_next_48h min_t2m_next_48h gust_gt30_next_48h gust_gt40_next_48h gust_peak4h_mean_next_48h gust_change_1h gust_change_3h pressure_change_3h pressure_change_6h temp_change_6h wind_change_1h cumul_gust_since_onset cumul_tp_since_onset gust_gt30_since_onset gust_at_t1h wind_speed_at_t1h t2m_at_t1h tp_at_t1h gust_at_t6h wind_speed_at_t6h t2m_at_t6h tp_at_t6h gust_at_t24h wind_speed_at_t24h t2m_at_t24h tp_at_t24h gust_at_t48h wind_speed_at_t48h t2m_at_t48h tp_at_t48h hour_of_day hour_sin hour_cos days_since_onset hours_since_obs storm_phase log_customers rural_urban_code is_metro pop_density n_utilities pct_forest pct_developed pct_agriculture pct_water pct_wetland pct_unmapped pct_forest_classified tree_canopy_pct tree_canopy_std forest_x_customers window_len_next_1h is_full_next_1h tp_rate_next_1h gust_gt30_frac_next_1h has_weather_at_t1h window_len_next_6h is_full_next_6h tp_rate_next_6h gust_gt30_frac_next_6h has_weather_at_t6h window_len_next_24h is_full_next_24h tp_rate_next_24h gust_gt30_frac_next_24h has_weather_at_t24h window_len_next_48h is_full_next_48h tp_rate_next_48h gust_gt30_frac_next_48h has_weather_at_t48h N_nonzero_frac_obs R_nonzero_frac_obs P_mean_last24_obs D_mean_last24_obs N_mean_last24_obs R_mean_last24_obs flow_balance_last24_obs restoration_ratio_obs P_D_gap_last_obs hours_since_P_peak_obs hours_since_N_peak_obs hours_since_R_peak_obs first_material_N_hour_obs first_material_R_hour_obs P_trend_last24_obs D_trend_last24_obs P_post_peak_slope_obs P_active_frac_obs has_material_P_obs has_material_N_obs has_material_R_obs gust_excess30_sum_obs N_per_gust_excess_obs P_change_per_gust_excess_obs gust_to_N_best_corr_obs gust_to_N_best_lag_obs gust_at_first_material_N_obs
feature_infos=[0:0.55230000000000001] [0:0.82424180700000005] [0:0.021710291] [0:0.90465771100000003] [0:0.039181763000000001] [0:82.420000000000002] [4.1666666666666669e-06:0.26529999999999998] [0.0001:0.65049999999999997] [1.9982631347136334e-05:0.22470370552747407] [0.00083333333333333328:39.644861111111112] [0.02:100] [3.1208333333333337e-06:0.018623942125000001] [7.4900000000000005e-05:0.37916412199999999] [3.1208333333333337e-06:0.017093115180555556] [7.4900000000000005e-05:0.119716399] [0:0.38653749999999998] [0:100] [0:0.59799999999999998] [0:0.20940416666666664] [-0.022628571428571428:0.017611428571428573] [0:1] [0:0.95833333333333337] [0:71] [13.03611111111111:31.258333333333326] [29.300000000000001:70] [0:35] [0:18] [938.59999999999991:2250.5999999999995] [3.5:47.5] [15.4:64.5] [-6.477142857142856:3.3114285714285714] [0.59999999999999998:57.799999999999997] [0:38] [-0.99999999953664132:0.99999999913657367] [-0.99999999329043221:1] [261.05202270000001:298.3466019] [257.33913039999999:289.8677619] [0:11.300000000000001] [0:11.300000000000001] [0:2.6600000000000001] [0:0.089999999999999997] [15:100] [0:2.5] [0.16700000000000001:0.52000000000000002] [10:3090] [0:100] [0:100] [0:100] [0:100] [884.60000000000002:1027] [986.70000000000005:1031.8] [0:840] [0:731] [0:463] [0:0.60999999999999999] [-12.097977299999968:25.196601900000019] [-15.81086959999999:16.717761900000028] [0:1] [0:27.799999999999997] [0.19259999999999999:23.550000000000001] [0:1] [0.80000000000000004:3819.7999999999997] [0:107.59999999999999] [0:47.100000000000001] [0:1689.7999999999997] [1.2:57.799999999999997] [0.89999999999999991:54.5] [0:38] [0:14.699999999999999] [260.0631818:298.21776599999998] [0:2] [0:2] [0.89999999999999991:54.5] [5.4000000000000004:57.799999999999997] [3.5714285714285716:49.328571428571429] [0.40000000000000002:38] [0:26.699999999999999] [259.42265909999998:296.22558249999997] [0:7] [0:7] [4.3499999999999996:52.550000000000004] [13.199999999999999:57.799999999999997] [8.2360000000000007:43.052] [6:38] [0:51.199999999999996] [259.42265909999998:286.57337899999999] [0:25] [0:19] [12.25:52.550000000000004] [13.199999999999999:57.799999999999997] [7.961224489795919:37.897959183673471] [6:38] [0:52.900000000000006] [259.42265909999998:281.94003939999999] [0:40] [0:22] [12.75:52.550000000000004] [-24.299999999999997:28.199999999999999] [-32:35.700000000000003] [-6.1999999999999318:10.599999999999909] [-10.899999999999977:14.599999999999909] [-20.027499999999975:21.845291299999985] [-15.300000000000001:28.000000000000004] [347.09999999999997:3733.5999999999999] [0:53.200000000000003] [0:61] [0.59999999999999998:57.799999999999997] [0:38] [260.0631818:298.3466019] [0:11.300000000000001] [1.3999999999999999:57.799999999999997] [0:38] [259.42265909999998:298.3466019] [0:11.300000000000001] [0.90000000000000002:57.799999999999997] [0:38] [259.42265909999998:298.3466019] [0:11.300000000000001] [0.90000000000000002:53.799999999999997] [0:34.299999999999997] [259.42265909999998:296.58327589999999] [0:11.300000000000001] [0:23] [-1:1] [-1:1] [1:4] [1:96] [0:2] [7.1180162044653335:13.453719692845613] [1:9] [0:1] [8.3691524328166658:11939.655837338518] [1:14] [0.96999999999999997:88.719999999999999] [2.21:86.629999999999995] [0.040000000000000001:87.469999999999999] [0.01:5.5099999999999998] [0:19.780000000000001] [1.8899999999999999:18.32] [0.98868616858628067:95.815074496056084] [2.2000000000000002:80.340000000000003] [12.65:40.140000000000001] [8.0679963363985543:851.54750536995925] none none [0:7.3499999999999996] [0:1] none none none [0:3.8142857142857141] [0:1] none none none [0:2.048] [0:1] none none none [0:1.0795918367346939] [0:0.81632653061224492] none [0.041666666666666664:0.83333333333333337] [0.041666666666666664:0.90277777777777779] [0:0.33157778683333333] [0:0.2415728110416667] [0:0.05185222787499999] [0:0.017634620166666667] [-5.9704624999999938e-05:0.03421760770833332] [0.013031417634099374:6.5416667824977583] [-0.094310770000000002:0.045476995000000006] [0:71] [0:71] [0:70] [0:68] [0:71] [-0.00014221094434782621:0.052080195401739138] [-2.8979260869565253e-06:0.043438201510000003] [-0.090709080000000039:0.00060335147105305595] [0:0.98611111111111116] [0:1] [0:1] [0:1] [0:446.30000000000001] [1.2346153846153842e-05:0.024848555909090915] [-0.0026323566314935061:0.0091683099305555574] [-0.13256831251647599:0.75281650661316302] [0:3] [3.2000000000000002:60.600000000000001]
tree_sizes=3517 3578 3560 3495 3479 3544 3565 3533 3547 3573 3576 3596 3594 3592 3550 3546 3542 3558 3577 3539

Tree=0
num_leaves=31
num_cat=0
split_feature=133 90 103 3 133 166 86 77 173 177 43 133 50 140 19 22 19 3 93 186 173 139 116 116 160 56 169 136 33 85
split_gain=2.50951 2.02982 0.42482 0.42511 0.288435 0.166849 0.142297 0.101317 0.0584275 0.0451974 0.0391127 0.0384176 0.028919 0.028337 0.0245462 0.0218889 0.0700903 0.0220156 0.0203278 0.0190724 0.0180492 0.0133091 0.0126637 0.0114629 0.0113201 0.00995979 0.00926108 0.00886577 0.00868341 0.00731671
threshold=88.200000000000003 26.058163265306121 1240.1000000000001 0.34168884800000004 80.210000000000022 0.008135649083333335 3.5000000000000004 275.55836775000006 15.500000000000002 -7.8140403478260928e-05 0.37150000000000005 50.070000000000007 1028.7500000000002 19.395000000000007 -0.0075142857142857051 1.0000000180025095e-35 0.00035714285714285703 0.66968249400000013 267.48674725000006 0.0001789152227236182 8.5000000000000018 87.909013442563847 287.96029095000006 288.26895500000006 0.42755102040816328 -6.6715972499999898 -1.6061562500000223e-05 0.29500000000000004 0.9436773158502344 271.62912545000006
decision_type=2 2 2 2 2 2 2 2 10 2 2 2 2 2 2 2 2 2 2 8 8 2 2 2 2 2 2 2 2 2
left_child=2 6 3 4 7 8 -2 10 23 -4 14 13 21 -12 -1 16 -11 26 -18 27 -21 22 -9 -6 -10 -13 -17 28 -16 -28
right_child=1 -3 9 -5 5 -7 -8 12 24 15 11 25 -14 -15 19 17 18 -19 -20 20 -22 -23 -24 -25 -26 -27 29 -29 -30 -31
leaf_value=0.0083721630530543736 0.007334350379285693 0.016930935514154505 0.0083456069883595559 0.0096813304296660511 0.0073411589910591674 0.0097529864933834313 0.010061834039885233 0.0072222102020644283 0.0081948244571887156 0.009011422647393949 0.0077528785406446258 0.0074696721155454301 0.0082367738629674156 0.0087641335869527229 0.0075178783837310196 0.0075715969848800906 0.0071906599156419653 0.0078249716517091589 0.0080733626559095148 0.0076302539862460328 0.0082295620751951151 0.0078262186528326345 0.0074187310707927783 0.0080238554036786043 0.009045958934189878 0.007907709882277774 0.0071567465751377051 0.0073689168507918646 0.0081041178566650298 0.0072832629203064955
leaf_weight=106.8830646276474 96.483946561813354 123 85.430344462394714 264.4926780462265 177.88921856880188 218.43644285202026 87.859104871749878 1669.8631641864777 107.78826010227203 67.23664128780365 117.40843951702118 172.40570795536041 89.83197283744812 238.37965905666351 314.25613391399384 130.22040009498596 483.53723096847534 127.31288719177246 71.064458250999451 492.17009937763214 182.86876559257507 128.53192150592804 1806.0543649196625 89.987890601158142 117.31243538856506 357.71189939975739 7770.7864596843719 777.92918014526367 84.679589986801147 1639.8538706302643
leaf_count=59 79 41 42 93 139 86 31 1462 58 49 63 116 39 93 195 89 448 60 38 257 92 66 1259 42 46 164 7479 556 42 1355
internal_value=0.00750642 0.0119785 0.00742907 0.00771496 0.00764225 0.00859782 0.00861408 0.00753737 0.00807234 0.00722152 0.00776224 0.00803954 0.00736554 0.00844606 0.00763406 0.00721162 0.00750711 0.00719312 0.00731358 0.00758832 0.00780083 0.00734225 0.00732283 0.00755297 0.00866536 0.00775603 0.00718413 0.00747052 0.007656 0.00717824
internal_weight=18197.7 307.343 17890.3 7514.88 7250.39 711.414 184.343 6538.97 492.978 10375.4 2844.69 885.906 3694.28 355.788 1958.79 10290 621.838 9668.17 554.602 1851.9 675.039 3604.45 3475.92 267.877 225.101 530.118 9540.86 1176.86 398.936 9410.64
internal_count=14638 151 14487 4927 4834 371 110 4463 285 9560 1637 436 2826 156 1201 9518 535 8983 486 1142 349 2787 2721 181 104 280 8923 793 237 8834
is_linear=0
shrinkage=1


Tree=1
num_leaves=31
num_cat=0
split_feature=133 90 103 0 133 82 86 77 30 104 133 77 43 142 171 50 140 0 186 173 2 131 116 119 116 92 91 23 12 85
split_gain=2.26661 1.83317 0.384763 0.397606 0.237823 0.132743 0.128782 0.0911464 0.0452938 0.0383135 0.0618295 0.0844336 0.0346242 0.038574 0.0290527 0.0265158 0.0228996 0.022587 0.0177215 0.0183559 0.0161925 0.040676 0.0158378 0.0127646 0.0110832 0.00982143 0.00875078 0.00848343 0.00771724 0.00812769
threshold=88.200000000000003 26.058163265306121 1201.1500000000003 0.21365000000000003 80.210000000000022 26.370000000000008 3.5000000000000004 275.55836775000006 -0.86142857142857199 0.25000000000000006 80.660000000000011 289.97645580000005 0.37150000000000005 580.21242143467782 -0.040603796999999997 1028.5500000000002 19.395000000000007 0.41135000000000005 0.0001789152227236182 9.5000000000000018 0.0035617145000000003 36.194106249939516 290.64546355000004 13.050000000000002 286.10451680000006 28.450000000000006 19.750000000000004 19.718055555555562 0.096316070500000003 272.73928060000009
decision_type=2 2 2 2 2 2 2 2 2 2 2 2 2 2 2 2 2 2 8 10 2 2 2 2 2 2 2 2 2 2
left_child=2 6 3 4 7 8 -2 12 -6 10 -4 -12 14 16 -1 24 -14 20 27 -20 28 -22 -10 -18 -9 -15 -26 -16 -11 -30
right_child=1 -3 9 -5 5 -7 -8 15 22 17 11 -13 13 25 18 -17 23 -19 19 -21 21 -23 -24 -25 26 -27 -28 -29 29 -31
leaf_value=0.00099275573883375861 -0.00016420937324638238 0.0089564351761533371 -0.00021684348032385153 0.0021749210653112293 0.001137999677851302 0.0021227076575291931 0.0024284261879607269 -0.00027015510306036043 -0.00013175674120223193 -0.00033021658014917012 5.201179637461522e-06 0.0019829387395564053 0.00024465352925287807 8.2894943528241631e-05 0.00021704267819070466 0.00067050663646540606 0.00070488747398227505 0.00033736578389362059 0.00014165512558657721 0.0008115724769850645 0.00083038497977465332 -0.00021300968532347704 0.00060994185050499317 0.00151643980193099 4.7558171119327165e-05 0.00068021666068404088 -0.0001615820026411586 -0.00010919048852743655 -0.00025385334468679116 0.00025804622472370341
leaf_weight=92.940561056137085 96.483946561813354 123 561.73802173137665 247.91497528553009 203.34966790676117 196.91485798358917 87.859104871749878 1315.4972010850906 176.44455218315125 8490.3503564596176 155.44797086715698 86.102669358253479 115.07371914386749 393.25092625617981 250.60271465778351 97.051800966262817 128.46405494213104 133.31288719177246 515.43589997291565 136.8840708732605 102.11751687526703 894.75450336933136 112.69871187210083 141.13259148597717 781.88665568828583 90.965608477592468 1253.2615911960602 886.02812349796295 218.04024302959442 112.66072773933411
leaf_count=48 79 41 477 86 95 85 31 1162 127 8095 115 35 61 227 138 43 52 62 271 65 83 742 49 52 467 33 956 627 188 46
internal_value=-3.89005e-07 0.00424974 -7.39161e-05 0.000210341 0.000138599 0.00101916 0.00105092 3.97056e-05 0.000564385 -0.000262992 6.40403e-05 0.000736065 0.000254926 0.000517802 0.000130688 -0.000130585 0.000895041 -0.000289897 8.25789e-05 0.000290912 -0.000298957 -0.000100391 0.000141206 0.00115224 -0.000155473 0.000206584 -7.87926e-05 -3.27404e-05 -0.000320816 -6.41372e-05
internal_weight=18197.7 307.343 17890.3 7135.8 6887.88 689.408 184.343 6198.48 492.493 10754.5 803.289 241.551 2750.78 868.887 1881.89 3447.7 384.67 9951.24 1788.95 652.32 9817.92 996.872 289.143 269.597 3350.65 484.217 2035.15 1136.63 8821.05 330.701
internal_count=14638 151 14487 4644 4558 356 110 4202 271 9843 627 150 1574 425 1149 2628 165 9216 1101 336 9154 825 176 104 2585 260 1423 765 8329 234
is_linear=0
shrinkage=0.05


Tree=2
num_leaves=31
num_cat=0
split_feature=133 90 103 0 177 83 133 77 49 49 90 91 177 89 9 50 171 2 15 15 104 138 23 88 139 133 116 90 23 172
split_gain=2.0472 1.65557 0.347927 0.346257 0.24938 0.117547 0.111737 0.0830527 0.0759466 0.046283 0.0449337 0.0516568 0.0389688 0.0330297 0.0323817 0.0237354 0.0221617 0.0210217 0.0181166 0.0681718 0.0332164 0.0223545 0.0169982 0.0157114 0.0118602 0.0110824 0.0105466 0.00838944 0.00585199 0.00772153
threshold=88.200000000000003 26.058163265306121 1240.1000000000001 0.21365000000000003 -7.8140403478260928e-05 13.850000000000003 80.210000000000022 275.55836775000006 968.75000000000011 1006.4500000000002 24.421428571428574 19.450000000000003 -7.8140403478260928e-05 55.050000000000004 3.3623611111111114 1028.7500000000002 -0.044102210999999995 0.00093457300000000007 0.00092500000000000015 0.00093958333333333339 0.65000000000000024 4.3900000000000015 19.625000000000004 25.512500000000006 87.909013442563847 59.215000000000011 287.96029095000006 31.504081632653065 17.759722222222226 7.5000000000000009
decision_type=2 2 2 2 2 2 2 2 2 2 2 2 2 2 2 2 2 2 2 2 2 2 2 2 2 2 2 2 2 8
left_child=2 5 3 4 -1 -2 7 9 -8 13 11 -10 -4 14 16 24 -6 22 -14 -20 21 -21 23 -18 26 -19 -9 -22 -28 -30
right_child=1 -3 12 -5 6 -7 8 15 10 -11 -12 -13 18 -15 -16 -17 17 25 19 20 27 -23 -24 -25 -26 -27 28 -29 29 -31
leaf_value=0.0027949513631102788 -0.0001492942218462119 0.0085122250236811161 0.00078521615937024274 0.0019634782789205575 0.00078105755633963055 0.0023271952955558361 -6.2670505686147261e-05 -0.00025890120903378726 5.9690859149515189e-05 0.0012016964998689407 0.0018576911150710461 0.0014327233771145339 -0.00031262061417936486 0.0010084877957093842 0.00088718958661334441 0.00066103784022096578 0.00056925930191094516 0.00055308304148074452 0.0013892893373026122 0.0006717064758136657 -0.00028765974858157575 -0.00010812139850572705 -0.00010069190857609747 -5.8091039427087069e-07 0.0003080558728640432 6.4063777291965208e-05 0.00023568671891652837 0 -9.957511563226653e-06 -0.00023316339443563814
leaf_weight=85.411515593528748 97.426605820655823 123 85.430344462394714 264.4926780462265 115.3088082075119 86.91644561290741 196.40236556529999 1669.8631641864777 156.20024085044861 118.76979947090149 139.87286818027496 133.52725732326508 7074.3074132204056 118.22282791137695 140.82251799106598 89.83197283744812 209.0138373374939 292.59406983852386 67.23664128780365 167.1755028963089 2517.8821219205856 182.55807542800903 1370.9292306900024 244.83234965801239 128.53192150592804 234.19909846782684 126.50237107276917 280.8521933555603 980.30540013313293 699.24659371376038
leaf_count=33 78 41 42 93 53 32 142 1462 82 43 54 60 6761 48 52 39 86 119 49 76 2321 142 943 158 66 135 60 169 623 576
internal_value=-1.08265e-07 0.00403907 -6.99999e-05 0.000188689 0.000122994 0.000997632 9.00592e-05 2.81211e-05 0.000727988 0.00023177 0.00110038 0.000712433 -0.000257849 0.000187251 0.00014773 -0.000127361 0.00010315 6.74654e-05 -0.00026707 -0.000165243 -0.000200458 0.000251239 -1.02601e-05 0.000251535 -0.000148575 0.000345684 -0.000166982 -0.000258759 -7.91302e-05 -0.000105943
internal_weight=18197.7 307.343 17890.3 7514.88 7250.39 184.343 7164.98 6538.97 626.003 2844.69 429.6 289.727 10375.4 2725.92 2607.7 3694.28 2466.88 2351.57 10290 3215.7 3148.47 349.734 1824.78 453.846 3604.45 526.793 3475.92 2798.73 1806.05 1679.55
internal_count=14638 151 14487 4927 4834 110 4801 4463 338 1637 196 142 9560 1594 1546 2826 1494 1441 9518 2757 2708 218 1187 244 2787 254 2721 2490 1259 1199
is_linear=0
shrinkage=0.05


Tree=3
num_leaves=31
num_cat=0
split_feature=133 90 93 0 133 82 120 50 81 126 33 2 171 137 123 9 15 15 104 96 28 180 49 92 88 88 28 137 133 185
split_gain=1.84907 1.49892 0.320208 0.280325 0.308492 0.262073 0.156201 0.0655301 0.0559632 0.0556235 0.0386206 0.0349506 0.0398562 0.0289066 0.02563 0.0240596 0.0154907 0.080917 0.0169099 0.0150335 0.0138453 0.0117357 0.0115417 0.010765 0.0105864 0.00943315 0.00861947 0.00661361 0.00611405 0.00539903
threshold=88.200000000000003 25.610204081632656 267.14417930000008 0.21365000000000003 80.210000000000022 28.134000000000004 271.62064330000004 1027.6500000000003 32.850000000000001 12.500000000000002 0.052912700228274413 0.0006863590000000001 -0.039920448999999997 5.580000000000001 -0.5 0.042777777777777783 0.00092500000000000015 0.00093958333333333339 0.65000000000000024 49.600000000000016 22.700000000000006 0.25694444444444448 970.6500000000002 24.750000000000007 13.512500000000001 39.212500000000006 44.350000000000009 0.16500000000000004 4.8000000000000007 0.00090947322865695703
decision_type=2 2 2 2 2 2 2 2 2 2 2 2 2 2 2 2 2 2 2 2 2 2 2 2 2 2 2 2 2 10
left_child=2 8 16 4 7 10 -5 9 -2 11 20 12 -4 27 -12 23 -1 -18 22 24 -6 -11 25 -9 -14 -19 -23 -13 -20 -29
right_child=1 -3 3 6 5 -7 -8 15 -10 21 14 13 19 -15 -16 -17 17 18 28 -21 -22 26 -24 -25 -26 -27 -28 29 -30 -31
leaf_value=-0.0003063349709315595 -0.00019338575503095965 0.0076903163266482111 0.0011436196986462032 0.00042741160091184523 0.00065299223757857012 0.0028781978104752419 0.0026616973531316725 0.00056894178671827006 0.0015742709678729068 -0.00020905115295252318 0.00043095199912546883 0 0.0004615281067062164 0.0011745744704039743 0.0013885200852747593 0.00098293499467075741 0.001701585501029257 0 8.9495748012982619e-05 0.00051443844417832789 -0.00012308610446338505 -6.6854146325324816e-05 -0.00022854854498318602 -0.00015386325774349843 -7.79024462336108e-05 0.00063007516254367927 0.00037499687503578504 0.00011016818291345297 -0.00026519086014108135 0.00054491929371999119
leaf_weight=6500.9245526790619 86.692796468734741 138 76.95791232585907 157.96105849742889 79.272144079208374 158.3807647228241 168 92.712931036949158 82.650254964828491 2814.9228098392487 157.76616477966309 146.27968215942383 93.212652564048767 118.86256623268127 164.13206601142883 216.23347103595734 55.343020796775818 151.11665308475494 105.28168153762817 126.33821547031403 181.47996687889099 1126.1180291175842 168.74196100234985 97.475979804992676 1710.8643451929092 115.44243979454041 119.97424590587616 147.62560820579529 2593.1600955724716 245.74216282367706
leaf_count=6272 72 46 38 62 49 58 56 38 33 2336 78 84 41 46 60 81 39 99 56 70 129 765 149 71 1192 45 58 80 2345 90
internal_value=0 0.00383885 -6.63155e-05 0.000163244 0.000102985 0.00107326 0.00159887 1.35275e-06 0.000644169 -3.52325e-05 0.000569975 0.000141221 3.47472e-05 0.000457663 0.000937477 0.000617766 -0.000261096 -0.000167243 -0.000202375 -7.4396e-06 9.53434e-05 -0.000152304 7.80265e-05 0.000173469 -4.70211e-05 0.000290916 -2.00366e-05 0.000288628 -0.000249472 0.000395135
internal_weight=18197.7 307.343 17890.3 8200.31 7874.35 741.031 325.961 7133.32 169.343 6726.9 582.65 2665.88 2007.37 658.51 321.898 406.422 9690.01 3189.09 3133.74 1930.42 260.752 4061.02 435.301 190.189 1804.08 266.559 1246.09 539.647 2698.44 393.368
internal_count=14638 151 14487 5482 5364 374 118 4990 105 4800 316 1641 1341 300 138 190 9005 2733 2694 1303 178 3159 293 109 1233 144 823 254 2401 170
is_linear=0
shrinkage=0.05


Tree=4
num_leaves=31
num_cat=0
split_feature=133 90 93 177 18 93 133 55 112 50 166 126 2 137 75 135 28 15 15 160 169 186 172 12 142 56 89 175 34 137
split_gain=1.66992 1.37567 0.289432 0.272162 0.266604 0.14939 0.138736 0.135307 0.0634604 0.0622122 0.0621707 0.046199 0.0362231 0.026048 0.02567 0.0248827 0.017511 0.0139899 0.0731673 0.0140325 0.0129696 0.011773 0.0112968 0.0111252 0.0106622 0.00816977 0.00798111 0.00795467 0.0068651 0.00582616
threshold=88.200000000000003 26.427551020408167 267.14417930000008 -7.8140403478260928e-05 0.063537500000000011 271.47531805000006 79.980000000000004 11.560349200000021 281.74132185000002 1027.3500000000001 0.0053449684583333342 11.500000000000002 0.0006863590000000001 5.580000000000001 5.8500000000000005 29.415000000000003 19.250000000000004 0.00092500000000000015 0.00093958333333333339 0.19693877551020414 1.0062500000016137e-08 -8.0222511335784294e-05 7.5000000000000009 0.096316070500000003 780.1129499234388 -4.8292804999999808 38.350000000000001 12.500000000000002 0.060084567969059775 0.16500000000000004
decision_type=2 2 2 2 2 2 2 2 2 2 2 2 2 2 2 2 2 2 2 2 2 10 8 2 2 2 2 8 2 2
left_child=2 7 17 -4 6 -6 9 -2 25 11 24 12 14 29 16 21 -5 -1 -19 -20 -21 -11 27 -22 -10 -8 -16 28 -13 -14
right_child=1 -3 3 4 5 -7 8 -9 10 15 -12 22 13 -15 26 -17 -18 18 19 20 23 -23 -24 -25 -26 -27 -28 -29 -30 -31
leaf_value=-0.00029102057982093282 0 0.0080781663608338154 0.0028127516374028116 0.00085418864303623383 0.00039223633900348925 0.0022922557455789558 -0.0002084391157807778 0.00265737186366387 0.00094496355590368447 0.00051361643807743224 0.0019104627836953264 -5.6012918286520261e-05 0 0.0011540098037542542 -0.0002673071593835162 0.0010005697693485644 0 0.0016180161900846354 -0.00026985104870628064 0.00032856267198982784 -0.00019489773100543831 -0.00012992482556511799 -0.00023453115335693225 0.00032074339991781031 0.00030769555474972009 0.00043539630517804972 0 -0.0001272404552734532 0.00028901967741312511 0.0003876172793746561
leaf_weight=6500.9245526790619 116.20909476280212 111 94.411515593528748 137.94245076179504 219.09885430335999 209.6030365228653 140.02836000919342 80.133956670761108 160.64417374134064 150.43153262138367 149.63307821750641 296.56227338314056 136.88746523857117 111.84532189369202 370.8659440279007 187.78694629669189 93.21996533870697 55.343020796775818 2043.257546544075 187.40387952327728 789.75276446342468 115.20992136001587 2126.7633596658707 113.32864046096802 165.92295444011688 74.419076204299927 1193.875346660614 1447.2079181671143 249.7331645488739 368.22011768817902
leaf_count=6272 85 37 36 63 88 72 111 29 58 66 57 200 78 43 331 69 57 39 1894 94 660 81 1842 46 89 44 761 1060 118 158
internal_value=0 0.00364838 -6.27901e-05 0.000155441 0.000123531 0.00133601 5.50082e-05 0.00109048 0.000730617 -1.11578e-05 0.00105174 -5.11988e-05 0.000121365 0.000451676 4.92181e-06 0.000553605 0.000498099 -0.000247984 -0.000158624 -0.000192101 -4.1726e-05 0.000216317 -0.000153472 -0.000124376 0.000638371 0 -6.50145e-05 -6.44126e-05 9.28191e-05 0.000284307
internal_weight=18197.7 307.343 17890.3 8200.31 8105.9 428.702 7677.2 196.343 690.648 6986.55 476.2 6533.12 2412.86 616.953 1795.9 453.428 231.162 9690.01 3189.09 3133.74 1090.49 265.641 4120.27 903.081 326.567 214.447 1564.74 1993.5 546.295 505.108
internal_count=14638 151 14487 5482 5446 160 5286 114 359 4927 204 4711 1491 279 1212 216 120 9005 2733 2694 800 147 3220 706 147 155 1092 1378 318 236
is_linear=0
shrinkage=0.05


Tree=5
num_leaves=31
num_cat=0
split_feature=140 86 49 93 18 42 89 171 92 137 86 50 2 9 4 12 50 6 83 28 81 2 76 112 103 3 137 167 104 2
split_gain=0.718103 1.06345 1.59903 0.241555 0.347878 0.093496 0.0621937 0.0655594 0.0543614 0.125467 0.0535752 0.044898 0.0321792 0.0224989 0.0200535 0.0195533 0.01912 0.01794 0.0165812 0.0148484 0.0142876 0.0135647 0.049535 0.00979199 0.0092595 0.00858512 0.00714306 0.00691275 0.00878668 0.00501544
threshold=75.820000000000007 10.500000000000002 969.25000000000011 270.8449276500001 0.06499583333333335 0.55500000000000016 55.050000000000004 -0.044102210999999995 20.050000000000008 0.015000000000000001 6.5000000000000009 1027.2500000000002 0.0035617145000000003 0.042777777777777783 0.0050513260000000009 0.096316070500000003 1028.5500000000002 0.0037263888888888898 21.050000000000004 44.050000000000004 14.350000000000003 0.0059917800000000012 3.6500000000000008 286.16583805000005 1025.0000000000002 0.023224529500000004 18.300000000000004 0.0014416786041666668 1.0000000180025095e-35 0.0014942165000000002
decision_type=2 2 2 2 2 2 2 2 2 2 2 2 2 2 2 2 2 2 2 2 2 2 2 2 2 2 2 2 2 2
left_child=3 5 23 8 6 25 7 -5 15 -10 17 12 19 -13 -14 21 24 -7 -17 20 -9 26 -23 -3 -11 -2 -1 -22 -29 -30
right_child=1 2 -4 4 -6 10 -8 11 9 16 -12 13 14 -15 -16 18 -18 -19 -20 -21 27 22 -24 -25 -26 -27 -28 28 29 -31
leaf_value=-0.00026617220758588361 -0.00020884766486697388 -0.00013677969475654975 0.007048331969024906 0.0011336293309696149 0.0021757827778000707 0.00019380995753141795 0.0012821560866271863 0.00058850663649078979 0.0013174662057176452 0.00014689198312766086 0.0017845873717391037 0.00012428057610767976 0.00077431275230298584 0.0011045000252675598 0 -0.00016108592005823763 0.00047567475586786498 0.0010208990829986262 0.0003862899332810379 0.00040248612242427576 -0.00015814472021678585 -0.0001980041440077571 0.0012275517244246369 0.00057203051721881027 -0.00020162199521933148 0.00025146709481173172 9.3988922758125521e-05 0.00044624802577610293 -6.5739383115509778e-05 0.00027692581195993692
leaf_weight=9724.9513683319092 467.46142935752869 89.33437180519104 165 147.5581521987915 219.07569599151611 211.53763246536255 114.47004473209381 79.934191226959229 180.19293069839478 213.71219527721405 116.3162944316864 118.39989984035492 211.78421986103058 146.90742373466492 152.33743488788605 348.45313489437103 136.19212818145752 110.23618590831757 223.61949276924133 180.77953517436981 1451.834783911705 420.08592462539673 70.225482106208801 87.871192932128906 1077.6769821643829 119.97746551036835 118.48060286045074 98.765697121620178 1413.183774471283 110.641317486763
leaf_count=9133 403 79 55 64 75 115 46 28 81 117 42 66 79 50 85 268 62 45 88 83 1139 343 56 41 913 78 63 63 913 43
internal_value=8.75037e-06 0.00111066 0.00352123 -7.98824e-05 0.000236168 0.000298773 0.000133959 0.000100477 -0.000192574 7.64737e-05 0.000852021 6.04864e-05 1.39612e-05 0.000687938 0.000460546 -0.0002327 -7.74801e-05 0.000494937 4.44556e-05 -3.34204e-05 -6.01069e-05 -0.00024853 0 0.000187879 -0.000140009 -0.000106069 -0.00026132 -7.87823e-05 -4.63846e-06 -3.74149e-05
internal_weight=18327 1367.73 342.206 16959.3 4445.67 1025.53 4226.6 4112.13 12513.6 1607.77 438.09 3964.57 3699.26 265.307 364.122 10905.8 1427.58 321.774 572.073 3335.14 3154.36 10333.7 490.311 177.206 1291.39 587.439 9843.43 3074.43 1622.59 1523.83
internal_count=14716 858 175 13858 2734 683 2659 2613 11124 1173 202 2549 2433 116 164 9951 1092 160 356 2269 2186 9595 399 120 1030 481 9196 2158 1019 956
is_linear=0
shrinkage=0.05


Tree=6
num_leaves=31
num_cat=0
split_feature=133 90 93 133 165 88 93 30 86 50 49 89 2 135 126 29 23 120 4 88 174 15 15 92 189 8 89 120 136 137
split_gain=1.50857 1.40552 0.262821 0.233901 0.24355 0.233292 0.13263 0.0637908 0.0634288 0.053448 0.049304 0.0457367 0.0334765 0.0240553 0.0232209 0.018486 0.0151128 0.0130502 0.0126063 0.0115239 0.011309 0.00965704 0.0289148 0.01091 0.0127525 0.0063868 0.00533072 0.00784807 0.00642663 0.00544083
threshold=88.200000000000003 26.133673469387762 267.14417930000008 79.980000000000004 0.099558759562500002 39.437500000000007 271.47531805000006 -0.86142857142857199 3.5000000000000004 1027.6500000000003 983.1500000000002 55.050000000000004 0.00093457300000000007 29.415000000000003 14.500000000000002 46.650000000000013 25.133333333333336 271.04794080000005 0.019435266500000003 13.512500000000001 35.500000000000007 0.00092500000000000015 0.00094270833333333348 12.150000000000004 40.750000000000007 0.0018168405916265658 38.250000000000007 272.09639610000005 0.33500000000000008 0.15500000000000003
decision_type=2 2 2 2 2 2 2 2 2 2 2 2 2 2 2 2 2 2 2 2 8 2 2 2 10 2 2 2 2 2
left_child=2 8 21 4 9 7 -6 10 -2 11 -5 12 18 20 15 16 -14 -9 19 -4 -11 -1 -23 -24 25 -25 -21 29 -29 -28
right_child=1 -3 3 5 6 -7 -8 17 -10 13 -12 -13 14 -15 -16 -17 -18 -19 -20 26 -22 22 23 24 -26 -27 27 28 -30 -31
leaf_value=-0.00026322564063587363 -0.00016832191699718145 0.0076792122325128748 0.00038006369595241493 0.00048296134306417463 0.00037632062007681008 0.0029448448373465786 0.0021021643641914701 0.00051092522852850804 0.0016137067468717039 0.00064047421316231964 0.0017023750874318056 0.0007639032422829704 0.00028021185846225326 0.0010028960715384532 -5.669186681403055e-05 6.5066873608709411e-05 0.00099331447800990501 -0.00013938282221534468 0.00046453649911780436 -0.00021184020014649704 -3.7969984828175988e-05 0.00055088049572848865 -0.00024573365974159489 0.00028946924511951994 0.00049004006186642568 -0.00015771030638419718 0 0.00010270679100428847 -9.7817295324379496e-05 -0.00022550819598315163
leaf_weight=6536.3399713039398 90.220626354217529 120 102.69101190567017 201.57328069210052 253.47209560871124 125.21085822582245 211.16094779968262 113.85141789913177 99.160634160041809 89.97890317440033 162.86183750629425 169.85573101043701 187.00709426403046 171.49170887470245 545.47231352329254 289.42640554904938 161.72208023071289 218.00680136680603 86.573815107345581 1807.1446424722672 152.03547537326813 135.5191969871521 2167.7251135110855 82.472202897071838 100.09122085571289 697.44843256473541 288.97239899635315 621.17847228050232 1072.6918605566025 1265.6404339075089
leaf_count=6297 73 40 45 88 102 51 71 54 36 33 72 89 81 62 354 149 54 144 53 1570 101 92 2011 42 35 563 183 359 732 1080
internal_value=8.5579e-06 0.00346496 -5.07037e-05 0.000155604 6.68328e-05 0.000956367 0.00117423 0.000587908 0.000742066 -5.99142e-06 0.00104475 -4.12868e-05 -6.34549e-05 0.000543901 0.000174935 0.000380523 0.000627102 6.95633e-05 -0.000118229 -0.000129067 0.000195293 -0.000227349 -0.000152053 -0.000185119 -3.00236e-05 -0.000103711 -0.000140471 -9.91757e-05 -2.13135e-05 -0.00018073
internal_weight=18327 309.381 18017.6 8298.02 7476.52 821.504 464.633 696.293 189.381 7011.88 364.435 6598.38 6428.52 413.506 1183.63 638.156 348.729 331.858 5244.89 5158.32 242.014 9719.6 3183.26 3047.74 880.012 779.921 5055.63 3248.48 1693.87 1554.61
internal_count=14716 149 14567 5527 5118 409 173 358 109 4945 160 4749 4660 196 638 284 135 198 4022 3969 134 9040 2743 2651 640 605 3924 2354 1091 1263
is_linear=0
shrinkage=0.05


Tree=7
num_leaves=31
num_cat=0
split_feature=133 90 103 18 133 166 93 82 77 85 177 29 17 28 43 92 92 100 12 50 175 114 3 136 23 172 91 133 54 120
split_gain=1.36253 1.26942 0.243191 0.220906 0.157679 0.113768 0.0659729 0.0578516 0.0566176 0.0394385 0.0343273 0.0295773 0.031833 0.0280577 0.0133195 0.0132729 0.0124819 0.0260898 0.0137856 0.0109796 0.0107875 0.0103755 0.0101277 0.00902144 0.0118739 0.0100218 0.00908126 0.00811552 0.0167446 0.00660202
threshold=88.200000000000003 26.133673469387762 1209.6500000000003 0.06499583333333335 79.980000000000004 0.008135649083333335 272.44614730000006 23.766000000000002 275.55836775000006 278.47321455000002 -7.8140403478260928e-05 26.350000000000005 0.0028500000000000005 44.050000000000004 0.39650000000000007 19.150000000000009 5.450000000000002 5.5999999999999668 0.12129045050000002 1022.7500000000001 20.500000000000004 28.550000000000004 6.605000000000002e-05 0.13500000000000004 19.718055555555562 6.5000000000000009 19.150000000000002 80.210000000000022 0.21500000000000002 276.38415760000004
decision_type=2 2 2 2 2 2 2 2 2 2 2 2 2 2 2 2 2 2 2 2 10 2 2 2 2 10 2 2 2 2
left_child=2 7 3 4 8 9 -5 -2 11 -6 -4 12 -1 14 23 19 -12 18 27 -10 -16 -11 -17 25 26 -13 -25 29 -29 -18
right_child=1 -3 10 6 5 -7 -8 -9 15 21 16 13 -14 -15 20 22 17 -19 -20 -21 -22 -23 -24 24 -26 -27 -28 28 -30 -31
leaf_value=0.00030002708833884938 -3.2564632489342872e-06 0.0072984244803751793 0.00076218281176896479 0.00070310213489773875 -7.800083790664668e-05 0.0016899737394064124 0.0022591164771377844 0.001714524440340915 -0.0002267151382401209 0.00097944340527654277 -0.0002588528149376316 0.00059124729993540088 0.0013218869375405098 0.00063529865195866594 0.00076512825087171436 0.00050365106597496673 -0.00020834855367497058 0.00080140045708542319 0.00027485657110314749 -7.1337896092005148e-06 3.7873531839855943e-05 0.00031598703374965536 0 0 -8.0095806792793392e-05 -2.251312520213147e-06 0.00064227701088871855 -0.00013628766429051901 0.00062664025910444496 0.00025594619639902888
leaf_weight=301.01832592487335 109.0803314447403 120 88.704979300498962 149.13751900196075 249.80678772926331 239.55025732517242 149.70210146903992 80.300929069519043 1823.3620365858078 198.57074880599976 5844.4132051467896 134.92262494564056 111.82638728618622 244.65468955039978 116.17415928840637 117.84663534164429 4057.3602606058121 68.841223239898682 164.915034532547 897.44430065155029 118.0835325717926 123.84383726119995 594.75194680690765 133.2751522064209 1395.0013071298599 115.19611358642578 106.09727561473846 314.19616806507111 91.307914972305298 67.611199498176575
leaf_count=149 79 40 44 57 182 94 50 30 1611 78 5672 69 52 95 41 50 3596 51 80 592 61 62 383 75 939 73 43 256 50 62
internal_value=8.32458e-06 0.00329319 -4.79821e-05 0.000173698 0.000116153 0.000771284 0.00150419 0.000704029 2.95941e-05 0.000375691 -0.000200149 0.000198082 0.000591423 0.000127036 6.5716e-05 -0.000105207 -0.000208738 -0.00014617 -0.000161295 -0.000156154 0.00042151 0.000741826 8.22529e-05 1.86361e-05 -2.13799e-05 0.000299071 0.00029891 -0.000178332 2.43208e-05 -0.000199466
internal_weight=18327 309.381 18017.6 7320.27 7021.43 811.772 298.84 189.381 6209.65 572.221 10697.3 2776.25 412.845 2363.4 2118.75 3433.4 10608.6 4764.23 4695.39 2720.81 234.258 322.415 712.599 1884.49 1634.37 250.119 239.372 4530.48 405.504 4124.97
internal_count=14716 149 14567 4756 4649 416 107 109 4233 322 9811 1597 201 1396 1301 2636 9767 4095 4044 2203 102 140 433 1199 1057 142 118 3964 306 3658
is_linear=0
shrinkage=0.05


Tree=8
num_leaves=31
num_cat=0
split_feature=133 90 103 18 177 93 133 85 156 77 8 89 112 50 88 2 128 92 92 100 180 131 110 12 46 50 4 3 83 1
split_gain=1.23066 1.14647 0.220323 0.186817 0.168454 0.0927075 0.0830555 0.0599808 0.0535083 0.0511199 0.0465384 0.0425357 0.0252236 0.0238123 0.0245376 0.0181473 0.014023 0.0116335 0.0109392 0.0261009 0.0128189 0.025481 0.0239032 0.011424 0.0107913 0.0104352 0.0090019 0.00859201 0.00537667 0.00440799
threshold=88.200000000000003 26.133673469387762 1272.5500000000004 0.06499583333333335 -7.8140403478260928e-05 271.47531805000006 79.980000000000004 276.0391237500001 0.14000000000000004 275.55836775000006 0.0090637513184724586 55.050000000000004 284.70507255000007 1027.6500000000003 26.687500000000004 0.00093457300000000007 8.7731866380320014 19.550000000000008 5.450000000000002 5.400000000000035 0.25694444444444448 33.845472724088289 31.450000000000003 0.12129045050000002 1.5000000000000002 1022.7500000000001 0.0063052925000000011 6.605000000000002e-05 9.8500000000000032 0.00019993250000000003
decision_type=2 2 2 2 2 2 2 2 2 2 2 2 2 2 2 2 2 2 2 2 2 2 2 2 2 2 2 2 2 2
left_child=2 8 3 4 -1 -5 9 -8 -2 11 12 13 -9 15 -15 16 -6 25 -4 20 -20 22 -22 -23 -17 -11 -26 -19 -18 -29
right_child=1 -3 18 5 6 -7 7 10 -10 17 -12 -13 -14 14 -16 24 28 27 19 -21 21 23 -24 -25 26 -27 -28 29 -30 -31
leaf_value=0.0021920546519859116 -0.00016447505014974482 0.0069365196213249328 -0.00024608573276544722 0.00031542332038415389 0.00051368847181080125 0.0020495702552675069 -0.00018145592101722987 0 0.0014693531287283501 -0.00021368727311223392 0.0014049465994618053 0.001088890934932886 0.00081876223833864505 0.0010097551564748936 2.4709966555458416e-05 9.6652039591942621e-05 0.00024390927089134652 0.00041967827859846541 -0.00022617878091787098 0.00092078526052880375 4.2770983727804686e-06 -0.00016250719560007433 0.0011175285884291433 0.00032944033185276794 0.00075923693023143566 -1.0705718807303103e-05 0.00016478131353122487 -0.00021082552060187334 -6.8541472577919309e-05 7.0231019082002389e-05
leaf_weight=94.186651110649109 90.220626354217529 120 5836.2731287479401 144.24170768260956 122.19190394878387 187.16094779968262 191.23483109474182 159.41221106052399 99.160634160041809 2034.0591710805893 218.48505783081055 122.36960780620575 201.17796790599823 149.00353753566742 128.02846169471741 362.33756673336029 145.15360033512115 138.29113280773163 2458.7378987073898 55.249273419380188 134.76387405395508 1403.2234511375427 83.143611788749695 121.95844233036041 179.5756767988205 996.89734649658203 138.82240772247314 195.90230202674866 1552.2348676919937 463.49908709526062
leaf_count=36 73 40 5662 58 63 63 145 105 36 1796 83 48 82 51 76 190 72 63 2292 45 81 1181 41 52 70 660 63 163 1055 271
internal_value=8.10854e-06 0.00312998 -4.53905e-05 0.000151568 0.000100049 0.00131305 7.28168e-05 0.000564451 0.000667964 1.57126e-05 0.000819288 0.000174687 0.0004477 0.00013223 0.000574233 8.1048e-05 0 -0.000103399 -0.000200517 -0.000136828 -0.000152139 -4.47657e-05 0.000455049 -0.000119703 0.00030108 -0.0001486 0.000517035 6.2061e-05 -3.87501e-05 -5.89003e-06
internal_weight=18327 309.381 18017.6 7924.27 7592.86 331.403 7498.68 770.31 189.381 6728.37 579.075 2899.72 360.59 2777.35 277.032 2500.32 1819.58 3828.65 10093.3 4257.08 4201.83 1743.09 217.907 1525.18 680.736 3030.96 318.398 797.693 1697.39 659.401
internal_count=14716 149 14567 5213 5092 121 5056 415 109 4641 270 1688 187 1640 127 1513 1190 2953 9354 3692 3647 1355 122 1233 323 2456 133 497 1127 434
is_linear=0
shrinkage=0.05


Tree=9
num_leaves=31
num_cat=0
split_feature=133 86 103 18 177 93 133 86 85 77 104 89 50 88 142 2 88 128 50 116 177 22 19 12 83 180 164 83 105 134
split_gain=1.11151 1.03731 0.199169 0.17049 0.152866 0.0784488 0.076455 0.0630434 0.0542797 0.0466968 0.0439551 0.0387725 0.0221795 0.0233266 0.0200966 0.0180475 0.015014 0.0134451 0.0111107 0.00996718 0.00991852 0.0077653 0.0361607 0.00866095 0.00773325 0.00692287 0.00624343 0.00549445 0.00488829 0.00381493
threshold=88.200000000000003 10.500000000000002 1272.5500000000004 0.063537500000000011 -7.8140403478260928e-05 271.47531805000006 79.980000000000004 3.5000000000000004 276.0391237500001 275.55836775000006 0.15000000000000005 55.050000000000004 1027.4500000000003 26.687500000000004 816.25091220529328 0.00093457300000000007 30.537500000000005 8.7731866380320014 1028.7500000000002 277.95943815000004 -7.8140403478260928e-05 1.0000000180025095e-35 0.00035714285714285703 0.096316070500000003 21.050000000000004 0.25694444444444448 0.42361111111111122 9.8500000000000032 18.500000000000004 5.79
decision_type=2 2 2 2 2 2 2 2 2 2 2 2 2 2 2 2 2 2 2 2 2 2 2 2 2 2 2 2 2 2
left_child=2 7 3 4 -1 -5 9 -2 -8 11 14 12 15 -14 16 17 -10 -6 25 -17 -4 22 -22 -23 -25 -11 -21 -19 -24 -27
right_child=1 -3 20 5 6 -7 8 -9 10 18 -12 -13 13 -15 -16 19 -18 27 -20 26 21 23 28 24 -26 29 -28 -29 -30 -31
leaf_value=0.0020836032854574518 -0.00015634145135391011 0.00682803691497871 0.00033026089709768468 0.0003514758308772848 0.00048821254239627722 0.0018205135624008908 -0.0001724303226084652 0.0015834083205695357 0.0011323269693957814 -0.00016160471365455224 0.0014229516006559629 0.001034887690643157 0.00096088938948893669 3.6978017540700809e-05 -0.00010857092228539778 0.00054788459233733185 0.00033594688778271252 0.00023179723924317047 0.00041551103473467697 -0.00016343421910105054 0.0010764008914712364 -0.00021655413093393623 0.00018661085370798376 -0.00016526193582887882 0.00028062473317740018 0.00025581138484362956 0.00024799660163849375 -8.2981950397963762e-05 -0.00022072089543898434 -4.3414298348946942e-05
leaf_weight=94.186651110649109 90.220626354217529 111 82.704979300498962 177.24170768260956 122.19190394878387 211.16094779968262 191.23483109474182 108.16063416004181 115.23270773887634 2689.118643283844 186.20417368412018 122.36960780620575 153.00353753566742 144.24329233169556 100.85142743587494 247.28103959560394 176.7869279384613 145.15360033512115 94.790500521659851 113.89173543453217 65.705551385879517 9011.4861019849777 73.291191220283508 225.53066730499268 166.61949276924133 119.07195150852203 317.54584336280823 1507.0370699167252 468.01169621944427 895.66794419288635
leaf_count=36 73 37 42 69 63 71 145 39 49 2228 77 48 53 86 63 99 81 72 43 83 50 8523 44 191 69 59 139 1036 435 613
internal_value=7.89902e-06 0.00297481 -4.29307e-05 0.000144317 9.0868e-05 0.0011656 6.46983e-05 0.000770305 0.000536124 9.44357e-06 0.000778631 0.000162214 0.000121207 0.00053094 0.000457719 6.93257e-05 0.000670059 -1.18949e-05 -0.000104785 0.000288723 -0.000190433 -0.000195267 -1.29196e-05 -0.000206503 1.17036e-05 -0.000119559 0.000127697 -5.2179e-05 -0.000156107 -3.16266e-06
internal_weight=18327 309.381 18017.6 7924.27 7535.86 388.403 7441.68 198.381 770.31 6671.37 579.075 2872.72 2750.35 297.247 392.871 2453.1 292.02 1774.38 3798.65 678.719 10093.3 10010.6 607.008 9403.64 392.15 3703.86 431.438 1652.19 541.303 1014.74
internal_count=14716 149 14567 5213 5073 140 5037 112 415 4622 270 1679 1631 139 193 1492 130 1171 2943 321 9354 9312 529 8783 260 2900 222 1108 479 672
is_linear=0
shrinkage=0.05


Tree=10
num_leaves=31
num_cat=0
split_feature=133 86 93 133 6 86 35 120 28 93 50 126 2 135 126 29 96 128 187 75 15 170 105 104 49 131 133 186 169 178
split_gain=0.893177 0.792746 0.156666 0.142106 0.1596 0.133796 0.0763661 0.0735029 0.0401881 0.0348016 0.0291854 0.0251445 0.0268499 0.0223262 0.0219485 0.0212292 0.021425 0.010902 0.0153585 0.00829738 0.00764127 0.0176037 0.0317866 0.00840775 0.0124783 0.0068421 0.0059268 0.0052878 0.00510853 0.00502862
threshold=88.200000000000003 9.5000000000000018 267.14417930000008 79.980000000000004 0.021504166666666668 10.500000000000002 284.71034920000005 273.08577145000004 21.250000000000004 271.6985568500001 1027.2500000000002 13.500000000000002 0.0006863590000000001 29.415000000000003 22.500000000000004 46.650000000000013 41.812500000000007 9.4017455261924869 0.60139346601400467 7.3500000000000005 0.00092500000000000015 0.49709084925939828 26.500000000000004 1.0000000180025095e-35 967.1500000000002 84.484492496050322 4.8000000000000007 -8.0222511335784294e-05 0.00079369131249999974 3.3662956521739072e-07
decision_type=2 2 2 2 2 2 2 2 2 2 2 2 2 2 2 2 2 2 2 2 2 2 2 2 2 2 2 10 2 2
left_child=2 6 20 4 10 8 -2 25 9 -5 11 12 17 27 -10 16 -14 18 19 -4 -1 22 -22 24 -23 -6 -25 -12 29 -19
right_child=1 -3 3 5 7 -7 -8 -9 14 -11 13 -13 15 -15 -16 -17 -18 28 -20 -21 21 23 -24 26 -26 -27 -28 -29 -30 -31
leaf_value=-0.00021891937127525301 -5.9650730906741665e-05 0.0059467525009227837 0.00028617139030490829 0.00027132790637053144 0 0.0019944483412859498 0.0018731698681864629 0.0014706260631589781 -0.00024961939838685559 0.0014619781502809564 0.0002842636156778765 -0.0001348425274831739 0.00011106452269736623 0.00078793106555754818 0.00061149317923138273 4.9724835162023394e-06 0.00090993219593651746 0.00017270635765208293 0.00070727420612261586 -0.00015356210724409478 0.00091543481543243969 0.00053598628362998995 -0.00015697601590819818 0.00015876781193575353 -0.00020223546142019417 0.00049969717959017282 -0.00019829672828438092 -0.00016351534533539413 1.5684205088912911e-05 -0.00020490487625104159
leaf_weight=6521.1040953397751 119.78410577774048 114 183.13646674156189 144.67768383026123 121.55688905715942 170.40830767154694 82.351682305335999 265.29740297794342 228.13138949871063 125.69018626213074 126.72166872024536 3690.0299738645554 161.73548793792725 185.7505077123642 107.70766246318817 299.79440295696259 218.75629496574402 82.990927934646606 105.19014251232147 247.9672759771347 110.23742246627808 103.76892578601837 166.701899766922 105.32939219474792 113.55775678157806 133.36218369007111 2571.2126898765564 124.60651898384094 573.61846852302551 860.23625302314758
leaf_count=6287 85 38 86 64 61 70 33 95 153 55 57 2941 77 69 46 165 78 50 46 192 58 43 133 55 100 46 2338 90 337 702
internal_value=-3.90605e-06 0.00262602 -5.09103e-05 0.000110162 4.17044e-05 0.000753442 0.000708526 0.000885422 0.000393644 0.000846617 -2.16636e-05 -4.92742e-05 6.44187e-05 0.000371884 1.27015e-05 0.000336912 0.000584646 -2.35549e-05 0.000166702 2.1899e-05 -0.000186993 -0.000119707 0.000253672 -0.000157241 0.000128189 0.00025349 -0.000182324 4.26747e-05 -9.41817e-05 -0.000166237
internal_weight=18165.4 316.136 17849.3 8157.37 7380.75 776.615 202.136 520.216 606.207 270.368 6860.53 6423.46 2733.43 437.079 335.839 680.286 380.492 2053.14 536.294 431.104 9691.91 3170.81 276.939 2893.87 217.327 254.919 2676.54 251.328 1516.85 943.227
internal_count=14650 156 14494 5480 5092 388 118 202 318 119 4890 4674 1733 216 199 320 155 1413 324 278 9014 2727 191 2536 143 107 2393 147 1089 752
is_linear=0
shrinkage=0.05


Tree=11
num_leaves=31
num_cat=0
split_feature=133 90 103 18 133 82 28 86 77 49 2 2 177 85 15 133 168 28 139 131 43 88 126 116 23 12 180 2 101 91
split_gain=0.806767 0.754061 0.14737 0.165177 0.0852779 0.059938 0.0606631 0.0346022 0.0312911 0.0226816 0.0243565 0.0226835 0.0222762 0.0165206 0.023077 0.019946 0.0135929 0.0107903 0.00972871 0.00895791 0.00808079 0.0104774 0.00746529 0.00664269 0.00921799 0.0061718 0.00434843 0.0043142 0.0326703 0.0040787
threshold=88.200000000000003 25.610204081632656 1146.8500000000004 0.06499583333333335 80.210000000000022 26.370000000000008 21.250000000000004 3.5000000000000004 275.55836775000006 1006.4500000000002 0.0035617145000000003 0.0049793635000000011 -7.8140403478260928e-05 271.62912545000006 0.0011052083333333337 78.110000000000014 0.0069407714791666674 44.050000000000004 87.909013442563847 29.301636672347289 0.36250000000000004 25.312500000000007 20.500000000000004 287.46666035000004 17.759722222222226 0.096316070500000003 0.14583333333333337 0.0059917800000000012 -5.9445604000000278 19.750000000000004
decision_type=2 2 2 2 2 2 2 2 2 2 2 2 2 2 2 2 2 2 2 2 2 2 2 2 2 2 2 2 2 2
left_child=2 7 3 4 8 6 -6 -2 9 10 17 -12 -4 27 25 16 -16 19 23 -1 -21 26 -8 -10 -25 -15 -22 -14 -29 -26
right_child=1 -3 12 -5 5 -7 22 -9 18 -11 11 -13 13 14 15 -17 -18 -19 -20 20 21 -23 -24 24 29 -27 -28 28 -30 -31
leaf_value=0.00058162279157766448 -0.00016687196741787473 0.0053679161031443372 0.00062032238710877264 0.0014538951713645538 0.0010368937032011773 0.0014505953172066237 -0.00026828806646312617 0.0011772432368779423 -0.00018741984837312468 0.00086479972461332938 0.00095840403111765006 0.00011900855979191806 -0.0002067868226229626 -0.00016215654985380935 -1.3141716024193807e-05 0.00092112386858392292 0.00063126628727926072 0.00043823324681334559 0.00032873917071999715 -8.3206728657422326e-05 0.00058700403633221417 -1.4988434850669422e-05 0.0002749843981006477 0.00030081048872718133 3.4919099000230189e-05 0.00014193651139068935 0.00011706137108822164 0.00070323569121123622 -0.00027187744303023453 -0.0001321401620850063
leaf_weight=67.063779592514038 104.28009629249573 132 87.929612636566162 230.9461555480957 187.58729720115662 169.0885865688324 211.49401950836182 79.85569179058075 1228.801730632782 110.56589460372925 157.89579451084137 196.02811861038208 8033.7202830314636 1967.4231812953949 481.59142887592316 84.084229588508606 94.477894067764282 169.32957971096039 134.24198031425476 1144.1626710891724 136.802734375 394.90972280502319 81.889537692070007 180.74821209907532 506.76903569698334 163.94185328483582 127.88279294967651 109.65107405185699 373.8383252620697 1016.4127519130707
leaf_count=40 83 44 45 79 77 69 145 29 1085 40 54 91 7698 1663 331 32 32 69 66 777 53 254 38 86 303 76 62 78 357 794
internal_value=-3.51806e-06 0.00249594 -4.82044e-05 0.000142311 9.25963e-05 0.00063444 0.000334727 0.000392245 2.83778e-05 0.000160121 0.000125142 0.00050922 -0.000156513 -0.00016305 -5.49606e-05 0.000200109 8.47903e-05 5.5846e-05 -7.75979e-05 1.8349e-05 -1.33729e-07 0.000136307 -9.92456e-05 -9.80075e-05 -3.05224e-05 -0.000136366 0.000380066 -0.000197879 -3.94153e-05 -7.32919e-05
internal_weight=18165.4 316.136 17849.3 6452.62 6221.67 650.059 480.971 184.136 5571.61 2504.64 2394.08 353.924 11396.7 11308.7 2791.52 660.154 576.069 2040.15 3066.97 1870.82 1803.76 659.595 293.384 2932.73 1703.93 2131.37 264.686 8517.21 483.489 1523.18
internal_count=14650 156 14494 4182 4103 329 260 112 3774 1440 1400 145 10312 10267 2134 395 363 1255 2334 1186 1146 369 183 2268 1183 1739 115 8133 435 1097
is_linear=0
shrinkage=0.05


Tree=12
num_leaves=31
num_cat=0
split_feature=133 90 103 18 133 166 86 112 77 49 2 2 177 85 180 133 168 28 170 163 7 140 126 187 116 86 126 5 2 101
split_gain=0.728603 0.680971 0.133306 0.149039 0.0770295 0.0528284 0.0313416 0.0287987 0.0283221 0.0204393 0.0220292 0.0203896 0.0201507 0.014926 0.0215424 0.0295595 0.0179003 0.00973232 0.00895804 0.0114604 0.0183958 0.00879607 0.00651767 0.006492 0.00609149 0.00560294 0.00617123 0.00394957 0.0038888 0.0295146
threshold=88.200000000000003 25.610204081632656 1146.8500000000004 0.06499583333333335 80.210000000000022 0.008135649083333335 3.5000000000000004 283.25100535000007 275.55836775000006 1006.4500000000002 0.0035617145000000003 0.0049793635000000011 -7.8140403478260928e-05 271.62912545000006 0.25694444444444448 78.110000000000014 0.0065380056041666685 44.050000000000004 0.99281822609570081 0.34027777777777785 0.0059000000000000007 76.225000000000009 24.500000000000004 0.51019438765204539 288.26895500000006 4.5000000000000009 21.500000000000004 1.4150000000000003 0.0059917800000000012 -5.9445604000000278
decision_type=2 2 2 2 2 2 2 2 2 2 2 2 2 2 2 2 2 2 2 2 2 2 2 2 2 2 2 2 2 2
left_child=2 6 3 4 8 7 -2 -6 9 10 17 -12 -4 28 -15 16 -16 18 27 20 -20 23 -21 -10 -9 26 -25 -1 -14 -30
right_child=1 -3 12 -5 5 -7 -8 24 21 -11 11 -13 13 14 15 -17 -18 -19 19 22 -22 -23 -24 25 -26 -27 -28 -29 29 -31
leaf_value=-0.00017057087986681397 -0.00015860762275138698 0.0051015381902960464 0.00058965502476263359 0.0013815138090832735 -0.00020120523445557779 0.0012436975261535354 0.0011191090607461051 0.00031448446744280242 -0.00015343779491536539 0.00082194732145179157 0.0009107854018164498 0.00011308832941273363 -0.00019644877007054902 -0.00017118474468759664 -4.7430740208177824e-05 0.00099414465598675643 0.00052067814875281432 0.0004164502381296491 7.4375466413223844e-05 -0.00014632016087727441 0.0009272681242872519 0.00031242374803057551 0.00033624843495459663 1.8425884172805972e-05 0.000894275283091927 -0.00011204633964102015 0.00044706565554932122 7.4338758351602372e-06 0.0006683916706729659 -0.00025831983385197365
leaf_weight=487.66626596450806 104.28009629249573 132 87.929612636566162 230.9461555480957 176.94007313251495 217.50761580467224 79.85569179058075 134.48082005977631 1766.6330138444901 110.56589460372925 157.89579451084137 196.02811861038208 8033.7202830314636 1621.1999199390411 923.03024578094482 86.642368793487549 160.64605259895325 169.32957971096039 191.02040469646454 268.23196613788605 106.15621614456177 134.24198031425476 92.354810118675232 479.81024277210236 121.13093197345734 577.1459219455719 109.14255177974701 725.39203774929047 109.65107405185699 373.8383252620697
leaf_count=388 83 44 45 79 133 84 29 63 1490 40 54 91 7698 1404 643 31 56 69 103 185 43 66 38 289 49 447 42 429 78 357
internal_value=-3.13132e-06 0.00237215 -4.56115e-05 0.000135566 8.82992e-05 0.000603294 0.000371555 0.00026761 2.72183e-05 0.000152586 0.000119255 0.000484615 -0.000148633 -0.000154868 -5.20063e-05 0.000108824 3.25794e-05 5.3216e-05 1.74633e-05 0.000167952 0.000397899 -7.35494e-05 -8.30687e-06 -9.30216e-05 0.000611138 0 0.000106958 -6.00896e-05 -0.000187983 -3.6884e-05
internal_weight=18165.4 316.136 17849.3 6452.62 6221.67 650.059 184.136 432.552 5571.61 2504.64 2394.08 353.924 11396.7 11308.7 2791.52 1170.32 1083.68 2040.15 1870.82 657.763 297.177 3066.97 360.587 2932.73 255.612 1166.1 588.953 1213.06 8517.21 483.489
internal_count=14650 156 14494 4182 4103 329 112 245 3774 1440 1400 145 10312 10267 2134 730 699 1255 1186 369 146 2334 223 2268 112 778 331 817 8133 435
is_linear=0
shrinkage=0.05


Tree=13
num_leaves=31
num_cat=0
split_feature=133 90 103 0 133 166 86 112 77 49 2 2 85 133 30 21 12 28 128 75 89 116 168 160 185 23 4 2 101 86
split_gain=0.658008 0.615039 0.120656 0.117635 0.0788471 0.0562108 0.031655 0.029338 0.0278981 0.0187063 0.0161256 0.0152084 0.011119 0.0217006 0.0109801 0.00915861 0.00909752 0.00891331 0.0123058 0.0138859 0.0133505 0.00656594 0.00674262 0.00769385 0.00570678 0.00453855 0.00399121 0.00350961 0.0264865 0.00295636
threshold=88.200000000000003 25.686734693877554 1209.6500000000003 0.21365000000000003 80.210000000000022 0.008135649083333335 3.5000000000000004 283.25100535000007 275.55836775000006 1006.4500000000002 0.0035617145000000003 0.0049793635000000011 271.62912545000006 80.210000000000022 -0.86142857142857199 0.4513888888888889 0.12129045050000002 44.050000000000004 9.4017455261924869 8.3500000000000032 47.95000000000001 286.10451680000006 0.00036358504166666674 0.45612244897959198 0.0012339256081977383 17.729861111111116 0.0031315260000000004 0.0059917800000000012 -5.9445604000000278 6.5000000000000009
decision_type=2 2 2 2 2 2 2 2 2 2 2 2 2 2 2 2 2 2 2 2 2 2 2 2 10 2 2 2 2 2
left_child=2 6 3 4 8 7 -2 -6 9 10 17 -12 27 16 -9 21 -14 18 19 20 -1 -10 23 -23 -20 -17 -24 -4 -29 -26
right_child=1 -3 12 -5 5 -7 -8 14 15 -11 11 -13 13 -15 -16 25 -18 -19 24 -21 -22 22 26 -25 29 -27 -28 28 -30 -31
leaf_value=0.00014137988112224498 -0.00015075256876503855 0.0048999228824037492 -0.00018381427497847711 0.0011956425280995383 -0.00020479787305915096 0.001243192110897931 0.0011193331716161084 0.00084265929950441969 -0.0001340728554097561 0.00078121830959882507 0.00075369615466359041 8.9961558496440218e-05 -0.00011243931094055908 0.00058274145918134237 0.00014273120532622282 0.00010623008731592209 0.00038402787788843263 0.00036476175416326359 -0.00011518942930352456 -5.2704086286820444e-05 0.00088123417079215369 0.00043020151513608159 -0.00014037187835993424 -5.0349343118286755e-05 0.00015857633986594139 -0.00016624676050454966 9.9733135233274356e-05 0.00063527411491991616 -0.000244680077704641 -0.00010746031548990994
leaf_weight=166.79549551010132 104.28009629249573 129 8045.653834939003 242.85456717014313 188.43544471263885 221.5156409740448 82.85569179058075 171.15192329883575 474.35121953487396 110.56589460372925 177.6352299451828 205.86804270744324 1925.3802366256714 126.44042015075684 112.56645894050598 142.95183742046356 92.004818320274353 212.95656037330627 1030.4487479925156 203.42784821987152 118.31558334827423 237.26744210720062 292.28505539894104 101.25598978996277 387.79092729091644 1844.919024348259 421.15640437602997 109.65107405185699 366.65386140346527 118.97869396209717
leaf_count=79 83 43 7683 85 144 86 30 64 391 40 66 97 1561 79 62 92 35 86 746 137 49 105 241 63 191 1563 233 78 352 86
internal_value=-2.76668e-06 0.0022545 -4.31501e-05 0.000114849 7.61446e-05 0.000581728 0.000387971 0.000258856 1.91198e-05 0.000139546 0.000110297 0.000411562 -0.000150033 -4.50478e-05 0.000583998 -7.31196e-05 -8.71412e-05 5.62951e-05 2.12368e-05 0.000241235 0.000467888 1.60784e-05 8.8596e-05 0.000272012 -4.55409e-05 -0.000144095 0 -0.000175849 -3.07221e-05 8.6181e-05
internal_weight=18165.4 316.136 17849.3 7183.49 6940.64 693.669 187.136 472.154 6246.97 2732.78 2622.22 383.503 10665.8 2143.83 283.718 3514.19 2017.39 2238.71 2025.76 488.539 285.111 1526.32 1051.96 338.523 1537.22 1987.87 713.441 8521.96 476.305 506.77
internal_count=14650 156 14494 4706 4621 356 113 270 4265 1577 1537 163 9788 1675 126 2688 1596 1374 1288 265 128 1033 642 168 1023 1655 474 8113 430 277
is_linear=0
shrinkage=0.05


Tree=14
num_leaves=31
num_cat=0
split_feature=133 86 93 133 82 165 120 69 49 50 2 126 29 135 22 137 112 61 75 128 15 15 104 49 133 174 76 43 174 15
split_gain=0.594291 0.544383 0.107998 0.101201 0.114441 0.108284 0.0614619 0.0542091 0.0270331 0.0201694 0.022615 0.0174525 0.0186311 0.0171167 0.0150499 0.0142999 0.0107958 0.00933729 0.0141029 0.00777715 0.00549616 0.0151217 0.00815798 0.0075378 0.00548295 0.00472487 0.00461191 0.00410956 0.00279287 0.00277907
threshold=88.200000000000003 9.5000000000000018 267.14417930000008 79.980000000000004 28.134000000000004 0.099558759562500002 273.08577145000004 283.39578735000003 982.1500000000002 1027.2500000000002 0.0006863590000000001 13.500000000000002 46.650000000000013 29.415000000000003 7.5000000000000009 1.4400000000000002 283.88579930000009 43.550000000000004 8.3500000000000032 9.232155983247015 0.00092500000000000015 0.00094270833333333348 0.65000000000000024 966.85000000000002 4.8000000000000007 5.5000000000000009 0.35000000000000009 0.33450000000000008 2.5000000000000004 0.00023854166666666669
decision_type=2 2 2 2 2 2 2 2 2 2 2 2 2 2 2 2 2 2 2 2 2 2 2 2 2 8 2 2 10 2
left_child=2 7 20 5 8 9 -7 -2 16 10 17 12 15 27 -10 -12 -5 18 19 -4 -1 -22 23 26 -24 29 -23 -11 -14 -19
right_child=1 -3 3 4 -6 6 -8 -9 14 13 11 -13 28 -15 -16 -17 -18 25 -20 -21 21 22 24 -25 -26 -27 -28 -29 -30 -31
leaf_value=-0.000181067922259009 -0.00011783560078172935 0.0048951450365231092 0.00068739883374440574 -0.00027496942588428711 0.0018717110783368681 0.00018341223590305456 0.0014053836184734401 0.0014971322873596322 0.0001443817302462039 -0.00020366789223770444 0.00018261037750208386 -2.6826814992691769e-05 0.00017120194157270864 0.00067909412788792235 0.00094876067861797127 0.00081681387849875031 0.00029474844861585253 -0.00010765228392848464 -0.00012556830948350724 3.5768667105882058e-05 0.00042690258430330415 0.00048362152490585852 0.00017484243055556465 -0.00010271179553061998 -0.00017069222245923632 -0.00014578119555924284 0 0.0002023613368797171 -0.00013162605388141428 1.9263569599076613e-05
leaf_weight=6521.1040953397751 116.05149698257446 114 121.37439477443695 162.34151005744934 151.37595474720001 218.4907124042511 214.14928209781647 86.084291100502014 108.11411190032959 97.676119446754456 191.73548793792725 731.76661026477814 145.30778324604034 185.7505077123642 187.27526986598969 218.75629496574402 167.50838315486908 747.77802813053131 241.31347513198853 101.10778152942657 127.3381175994873 127.00375044345856 105.32939219474792 244.59705424308777 2490.1989418268204 2959.5015153884888 76.340830564498901 153.65206825733185 154.48661971092224 897.90418457984924
leaf_count=6287 84 38 48 117 55 91 72 34 59 78 87 472 63 69 84 78 73 575 182 62 86 52 55 200 2283 2460 51 69 102 584
internal_value=-2.48195e-06 0.0021427 -4.08741e-05 9.2797e-05 0.000635712 3.49148e-05 0.000801643 0.000549307 0.000325971 -1.22163e-05 -3.49986e-05 0.000138332 0.000315313 0.000315057 0.000672704 0.0005339 0 -8.53123e-05 0.000123378 0.000415122 -0.000153894 -9.63936e-05 -0.000120064 6.92911e-05 -0.000154682 -0.000107438 0.000300147 2.4565e-05 0 -3.53994e-05
internal_weight=18165.4 316.136 17849.3 8157.37 776.615 7380.75 432.64 202.136 625.239 6948.11 6511.03 1442.05 710.286 437.079 295.389 410.492 329.85 5068.98 463.796 222.482 9691.91 3170.81 3043.47 447.942 2595.53 4605.18 203.345 251.328 299.794 1645.68
internal_count=14650 156 14494 5480 388 5092 163 118 333 4929 4713 802 330 216 143 165 190 3911 292 110 9014 2727 2641 303 2338 3619 103 147 165 1159
is_linear=0
shrinkage=0.05


Tree=15
num_leaves=31
num_cat=0
split_feature=133 86 93 133 86 165 93 49 86 50 44 2 100 29 96 104 88 174 112 92 104 169 0 103 128 21 2 101 128 139
split_gain=0.455453 0.4838 0.108462 0.0974657 0.118911 0.0905644 0.0627398 0.0369001 0.0363868 0.0239221 0.0218154 0.0188704 0.01906 0.0164246 0.019213 0.0142707 0.00969582 0.00787735 0.00776372 0.00748648 0.00640475 0.0110358 0.00441395 0.00358893 0.00669601 0.00913858 0.00307067 0.0115362 0.0281476 0.005031
threshold=88.200000000000003 9.5000000000000018 267.14417930000008 79.980000000000004 12.500000000000002 0.099558759562500002 271.47531805000006 982.1500000000002 3.5000000000000004 1027.6500000000003 632.50000000000011 0.0006863590000000001 3.4500000000000459 46.650000000000013 42.175000000000011 0.75000000000000011 18.962500000000002 5.5000000000000009 283.68809900000002 23.850000000000009 0.35000000000000009 2.7083333332901444e-09 0.41135000000000005 1063.2500000000002 9.6940619704490469 0.60416666666666685 0.0035617145000000003 -6.1175170500000027 9.6850806486745231 86.716077848590643
decision_type=2 2 2 2 2 2 2 2 2 2 2 2 2 2 2 2 2 8 2 2 2 2 2 2 2 2 2 2 2 2
left_child=2 8 22 5 7 9 -7 18 -2 11 -9 16 -13 14 -14 19 20 23 -5 -11 -4 -22 26 24 25 -18 29 28 -28 -1
right_child=1 -3 3 4 -6 6 -8 10 -10 15 -12 12 13 -15 -16 -17 17 -19 -20 -21 21 -23 -24 -25 -26 -27 27 -29 -30 -31
leaf_value=-0.00017360218394539279 -0.00013061254318680855 0.0047117826027470167 -2.0959178144357979e-05 -0.00021694229117294819 0.0022582271307662852 0.00016954045999051419 0.0013668430798122024 0.0010955065544995984 0.0011977726672361929 0.000856628201593806 0.0002033771246078404 -4.8032214148900026e-05 0.00011870250448670187 2.7780561268873848e-06 0.00081900702148132536 -8.5201900852536732e-05 0.00054226222050615875 -0.00014176813332898985 0.00023863477438254709 0.00026931841006079798 0.00070431159036739212 0 0.0001406753069605881 -9.2020747107414999e-05 -1.6662139963253234e-05 -2.1397491536132782e-05 0.0010796107798392031 -0.00014167842692879774 -0.00020097926245763841 -1.5662256108644637e-05
leaf_weight=7978.9007114171982 108.04267489910126 102 235.3579980134964 160.58176279067993 97.678759932518005 255.43203496932983 206.62197923660278 203.34859824180603 88.269389629364014 132 127.26292335987091 692.37135457992554 201.3540244102478 287.99341380596161 233.72208023071289 103.42016887664795 143.36072313785553 3056.8321176767349 211.67753934860229 152.00593841075897 105.5121465921402 120.06817638874054 111.29234719276428 693.19127416610718 693.62229764461517 111.25596356391907 69.630071997642517 830.40572071075439 96.783704161643982 613.3771390914917
leaf_count=7652 85 34 151 113 42 105 70 84 32 44 74 451 100 157 78 74 65 2525 88 67 40 77 55 531 458 86 32 724 87 474
internal_value=-2.96297e-06 0.00193108 -3.55345e-05 9.7664e-05 0.000621906 4.0385e-05 0.000717545 0.000384516 0.000444383 -3.9349e-06 0.000768824 -2.71671e-05 0.000133262 0.000313591 0.000507386 0.000376499 -7.21675e-05 -9.42866e-05 2.86619e-05 0.000561879 0.000142181 0.000333802 -0.000148983 -2.78522e-06 5.72095e-05 0.000277288 -0.000152881 -6.13255e-05 0.000308221 -0.000162912
internal_weight=18223.4 298.312 17925.1 8224.67 800.55 7424.12 462.054 702.871 196.312 6962.07 330.612 6574.64 1415.44 723.07 435.076 387.426 5159.2 4698.26 372.259 284.006 460.938 225.58 9700.39 1641.43 948.239 254.617 9589.1 996.819 166.414 8592.28
internal_count=14655 151 14504 5480 401 5079 175 359 117 4904 158 4719 786 335 178 185 3933 3665 201 111 268 117 9024 1140 609 151 8969 843 119 8126
is_linear=0
shrinkage=0.05


Tree=16
num_leaves=31
num_cat=0
split_feature=137 86 93 11 86 26 2 83 174 89 85 91 50 166 50 12 138 137 118 175 137 12 91 81 2 82 28 135 24 36
split_gain=0.151023 0.731226 0.100043 0.12284 0.0521646 0.0762525 0.0308156 0.0266397 0.0242115 0.0206533 0.0189321 0.0192593 0.0177448 0.0126861 0.00968515 0.00901341 0.0205248 0.00754883 0.0145135 0.0174604 0.00728305 0.00736017 0.00722035 0.00651756 0.00606196 0.00443263 0.0111436 0.00276435 0.00296788 0.00263885
threshold=0.025000000000000005 12.500000000000002 271.02185860000003 0.0044062812152777788 6.5000000000000009 1.5000000000000002 0.0028720645000000007 14.65 36.500000000000007 55.050000000000004 278.47321455000002 18.050000000000004 1027.2500000000002 0.0067085151666666683 1028.5500000000002 0.019422448000000005 4.2950000000000008 0.065000000000000016 14.450000000000001 10.500000000000002 18.300000000000004 0.09273153100000002 21.050000000000004 15.450000000000001 0.00093457300000000007 23.766000000000002 24.800000000000001 30.955000000000002 37.800000000000004 267.04045495000008
decision_type=2 2 2 2 2 2 2 2 10 2 2 2 2 2 2 2 2 2 2 8 2 2 2 2 2 2 2 2 2 2
left_child=1 4 14 9 10 -6 7 -5 -7 12 25 -12 13 23 17 16 -15 18 -2 -20 21 -19 -23 -4 -17 -1 -27 -25 -29 -26
right_child=2 -3 3 6 5 8 -8 -9 -10 -11 11 -13 -14 15 -16 24 -18 20 19 -21 -22 22 -24 27 29 26 -28 28 -30 -31
leaf_value=-0.00017477779151208573 -0.00020295404936159371 0.0033791477354640186 0.0002994194039343148 0.0018045410756326345 0.0016547570956204059 -1.7299278862137746e-05 0.00023751609833151948 0.00077668328103841066 0.00092854018885719491 0.00072630788383677225 -7.2906447254621464e-05 0.00068190119529670389 0.00046488830185315174 0.00080528553875954261 0.00026267770385174274 -3.1745283382392498e-05 0 -0.00016288292960956095 0.00062406017775435254 0 0.00019114769462500811 -0.00013777159134901074 0.00018570717207816445 -0.0001875186465185274 1.8891223294541602e-05 0.0005210618118995867 -0.00013382507676809257 8.4666261848224898e-05 -0.00012961878601671546 0.00029432629448507058
leaf_weight=940.80666506290436 471.39508283138275 185.5354186296463 89.398046016693115 128.22959399223328 119.7298789024353 285.71049129962921 126.16276383399963 182.84789872169495 83.977062940597534 112.47983968257904 148.38244700431824 167.05363118648529 225.44996106624603 136.38972342014313 145.90955066680908 888.70334219932556 197.74051916599274 10000.693158984184 154.28701794147491 362.66851580142975 143.29330360889435 388.66357743740082 307.94605052471161 815.19654071331024 192.24125063419342 86.840856432914734 236.70481550693512 252.94716000556946 382.77610838413239 263.21276187896729
leaf_count=787 456 72 38 48 40 196 57 69 31 45 94 77 98 57 71 560 126 9317 80 256 73 303 138 697 97 40 184 147 299 102
internal_value=-2.70485e-06 0.000379969 -5.70712e-05 0.000159048 0.00010713 0.000558144 0.000949696 0.00122082 0.000185991 6.02002e-05 -2.96954e-05 0.000311927 3.67899e-05 5.11527e-06 -0.000129574 0.000101649 0.00033577 -0.000134857 0 0.000180236 -0.000146919 -0.000151932 0 -9.68191e-05 3.9528e-05 -0.000119056 2.76067e-05 -0.000124866 -3.65054e-05 0.000189319
internal_weight=18223.4 2254.74 15968.6 3993.78 2069.21 489.417 437.24 311.077 369.688 3556.54 1579.79 315.436 3444.06 3218.61 11974.9 1678.29 334.13 11828.9 988.351 516.956 10840.6 10697.3 696.61 1540.32 1344.16 1264.35 323.546 1450.92 635.723 455.454
internal_count=14655 1521 13134 2440 1449 267 174 117 227 2266 1182 171 2221 2123 10694 942 183 10623 792 336 9831 9758 441 1181 759 1011 224 1143 446 199
is_linear=0
shrinkage=0.05


Tree=17
num_leaves=31
num_cat=0
split_feature=133 86 103 0 177 100 133 24 35 86 49 77 49 89 92 2 81 67 167 50 180 137 103 173 84 171 0 137 25 187
split_gain=0.385931 0.409394 0.0892829 0.0694676 0.0717843 0.0512493 0.0333341 0.0352031 0.0355205 0.0308475 0.0211489 0.0197927 0.0155719 0.0139077 0.00946131 0.00885773 0.0078985 0.00767475 0.0066629 0.00515957 0.00435713 0.00775494 0.00933627 0.00455157 0.00420775 0.00411641 0.00405405 0.00383358 0.00374412 0.00348753
threshold=88.200000000000003 9.5000000000000018 1309.3000000000002 0.21365000000000003 -7.8140403478260928e-05 1.2500000000000002 79.980000000000004 45.850000000000001 280.64667220000007 3.5000000000000004 981.75000000000011 275.55836775000006 1006.4500000000002 55.050000000000004 19.750000000000007 0.0035617145000000003 30.950000000000003 12.65 1.0115625000000002e-05 1022.1500000000002 0.21527777777777782 1.8100000000000003 933.25000000000011 8.5000000000000018 0.8500000000000002 -0.0052021044999999979 0.41135000000000005 18.300000000000004 21.500000000000004 0.43991196847826047
decision_type=2 2 2 2 2 2 2 2 2 2 2 2 2 2 2 2 2 2 2 2 2 2 2 10 2 2 2 2 2 2
left_child=2 9 3 4 -1 -5 11 10 -9 -2 -8 12 13 15 19 16 20 -17 -16 -13 21 -6 -23 28 -21 -18 27 -4 -22 -20
right_child=1 -3 26 5 6 -7 7 8 -10 -11 -12 14 -14 -15 18 17 25 -19 29 24 23 22 -24 -25 -26 -27 -28 -29 -30 -31
leaf_value=0.0014746529974350394 -0.00011813362818147013 0.0043362761375684185 -0.00014178627444121387 0.00010450568069644833 3.5704209348045229e-05 0.0014516083353664727 -0.00016065138042370335 0.0014206484958986373 0.00027402912633163549 0.0011022021230299398 0.00053230989191901717 -0.00015205738535915727 0.0006741084308116512 0.00059695136270650944 0.00047133737615261389 9.7324130607447158e-05 3.5376298217680979e-05 0.00059184832249684245 -0.00010086004097810964 -4.3965217004455024e-05 -1.569392253450931e-06 7.1448079960160628e-05 0.00069886051212032449 -0.00011671891293981491 0.00033923403417834207 -0.00017071698623767647 0.0001399158771039433 0.00012947248160148964 0.00033985340508187444 0.00011860536238682308
leaf_weight=87.903516054153442 108.04267489910126 102 9562.1633466482162 142.05553209781647 437.52849042415619 159 306.22830498218536 127.12895917892456 173.30044293403625 88.269389629364014 166.68265950679779 2008.1958450078964 117.74632453918457 126.07958316802979 98.437269806861877 274.09266459941864 341.73152458667755 131.816685795784 289.98901188373566 1120.287202835083 127.64764010906219 144.83254218101501 131.0268646478653 359.88415312767029 74.14646315574646 615.29151463508606 114.29234719276428 112.02561044692993 135.99058938026428 439.55588102340698
leaf_count=32 85 34 8989 55 261 53 209 52 80 32 80 1790 42 52 42 128 198 49 227 773 74 74 52 260 36 487 56 58 53 242
internal_value=-2.40218e-06 0.0017779 -3.24068e-05 8.96132e-05 6.02342e-05 0.00083497 4.33529e-05 0.000354743 0.000778921 0.00040804 7.36478e-05 8.06175e-06 0.000107238 8.16195e-05 -6.31377e-05 5.54907e-05 1.50292e-05 0.000271266 8.41654e-05 -0.000102795 9.53561e-05 0.000179657 0.000388962 0 -1.5731e-05 -9.19465e-05 -0.000134344 -0.000138115 0.000156269 2.45065e-05
internal_weight=18223.4 298.312 17925.1 8136.58 7835.52 301.056 7747.62 773.34 300.429 196.312 472.911 6974.28 2943.67 2825.92 4030.61 2699.84 2293.93 405.909 827.982 3202.63 1336.91 713.388 275.859 623.522 1194.43 957.023 9788.48 9674.19 263.638 729.545
internal_count=14655 151 14504 5401 5293 108 5261 421 132 117 289 4840 1730 1688 3110 1636 1459 177 511 2599 774 387 126 387 809 685 9103 9047 127 469
is_linear=0
shrinkage=0.05


Tree=18
num_leaves=31
num_cat=0
split_feature=133 90 93 133 86 11 61 35 49 123 123 49 89 142 185 185 112 81 30 130 67 185 0 137 118 175 137 168 172 21
split_gain=0.348579 0.412259 0.0809496 0.0718651 0.0911759 0.0688599 0.0498989 0.0345704 0.029454 0.0186544 0.0136058 0.0145812 0.0124598 0.0106377 0.0100827 0.0125765 0.00666259 0.0054376 0.00891838 0.00777906 0.0055037 0.00504772 0.00339304 0.0034536 0.0118908 0.0250949 0.00371023 0.00337078 0.00296971 0.00341465
threshold=88.200000000000003 26.803061224489799 267.14417930000008 79.980000000000004 12.500000000000002 0.0056461346597222236 175.15000000000003 284.71034920000005 982.1500000000002 -1.0000000180025095e-35 -1.0000000180025095e-35 1006.4500000000002 55.050000000000004 339.97577107050654 0.00042859869326760937 0.00045534223101468456 283.68809900000002 30.950000000000003 -2.7499999999999987 1.0000000180025095e-35 6.4500000000000011 0.0008080081819364913 0.41135000000000005 0.065000000000000016 14.450000000000001 10.500000000000002 18.300000000000004 0.0010258662500000004 7.5000000000000009 0.49305555555555564
decision_type=2 2 2 2 2 2 2 2 2 2 2 2 2 2 10 10 2 2 2 2 2 10 2 2 2 8 2 2 8 2
left_child=2 7 22 5 8 10 -7 -2 16 -10 28 12 14 -13 -12 -16 -5 18 19 20 -17 -20 23 24 -1 -26 -25 -19 29 -4
right_child=1 -3 3 4 -6 6 -8 -9 9 -11 11 13 -14 -15 15 17 -18 27 21 -21 -22 -23 -24 26 25 -27 -28 -29 -30 -31
leaf_value=-0.00013978631154972697 -8.7064039350961202e-05 0.004503820094351586 4.0973645542081936e-05 -0.00022091991831624377 0.0019684715973993963 0.0011686900049247551 8.0853884960137594e-05 0.0011753592610641876 0.00012373066984947329 0.00095737216206504417 -0.0001084332917151726 5.0349431241306325e-05 0.00054568922359763013 0.00078476956682775329 0.00052477918312069337 0.00078040835678724093 0.0002032701943006584 -0.00013473931133613982 -8.9403133391524441e-05 0 0.00021828347019688086 0.00013532889012803244 0.00012280970071782164 -0.00015039748899786 0.00083992112869597866 -4.8014158748336204e-05 0.00012017738897891623 3.3433201400328601e-05 -0.00013263999075747033 -0.00012273509459069802
leaf_weight=1224.6939067840576 118.79618275165558 90 728.40815782546997 160.58176279067993 97.678759932518005 222 220.41975975036621 89.515881776809692 120.93674349784851 209.67477810382843 1143.1538521051407 113.48978209495544 113.54293954372406 115.16808784008026 143.82156980037689 104.87336671352386 211.67753934860229 505.18025326728821 450.08138263225555 110.36230170726776 134.05636370182037 530.56833124160767 111.29234719276428 7856.3243407011032 103.49487805366516 297.11563944816589 107.46858239173889 648.92780029773712 1605.7989770174026 534.26876616477966
leaf_count=1108 86 30 439 113 42 74 92 35 63 95 899 71 51 43 64 43 88 410 301 68 61 273 55 7511 51 243 56 391 1375 424
internal_value=-2.05153e-06 0.0016899 -3.05809e-05 8.44409e-05 0.000534667 3.51538e-05 0.000639395 0.00043456 0.000325793 0.000668799 -2.50614e-06 5.50373e-05 3.07564e-05 0.000443833 1.37861e-05 6.88759e-05 6.78985e-06 4.02674e-05 0.000110102 0.000328101 0.000488081 2.71059e-05 -0.000128618 -0.00013207 -6.01865e-05 0.000170448 -0.000146104 -3.59042e-05 -8.6753e-05 -2.4381e-05
internal_weight=18223.4 298.312 17925.1 8224.67 800.55 7424.12 442.42 208.312 702.871 330.612 6981.7 4113.23 3884.57 228.658 3771.03 2627.87 372.259 2484.05 1329.94 349.292 238.93 980.65 9700.39 9589.1 1625.3 400.611 7963.79 1154.11 2868.48 1262.68
internal_count=14655 151 14504 5480 401 5079 166 121 359 158 4913 2675 2561 114 2510 1611 201 1547 746 172 104 574 9024 8969 1402 294 7567 801 2238 863
is_linear=0
shrinkage=0.05


Tree=19
num_leaves=31
num_cat=0
split_feature=133 90 103 0 133 166 100 92 35 85 77 141 139 43 122 173 92 136 138 167 50 189 50 134 112 133 12 84 187 44
split_gain=0.314893 0.372411 0.0733299 0.0569077 0.0546729 0.0514023 0.0431914 0.0419667 0.031498 0.0230272 0.0167217 0.0121431 0.0162761 0.0112016 0.0118033 0.00937224 0.00812054 0.00643632 0.00677332 0.00530435 0.00440786 0.00664007 0.00432847 0.00389669 0.0036573 0.00782016 0.00394203 0.00356571 0.00312504 0.00324567
threshold=88.200000000000003 26.803061224489799 1309.3000000000002 0.21365000000000003 79.980000000000004 0.008135649083333335 1.2500000000000002 8.8500000000000032 285.90633750000001 278.47321455000002 275.55836775000006 33.610000000000007 59.043261275430304 0.36950000000000005 5.5000000000000009 15.500000000000002 19.750000000000007 0.13500000000000004 3.7250000000000005 1.0115625000000002e-05 1029.3500000000001 33.100000000000009 1022.1500000000002 8.9950000000000028 286.31903045000007 84.075000000000017 0.12129045050000002 0.8500000000000002 0.43991196847826047 347.50000000000006
decision_type=2 2 2 2 2 2 2 2 2 2 2 2 2 2 2 10 2 2 2 2 2 10 2 2 2 2 2 2 2 2
left_child=2 8 3 4 10 9 -5 -7 -2 -6 11 17 13 -13 -15 -11 22 18 -1 -18 21 -19 -12 -23 -4 26 -26 -24 -21 -30
right_child=1 -3 24 6 5 7 -8 -9 -10 15 16 12 -14 14 -16 -17 19 20 -20 28 -22 23 27 -25 25 -27 -28 -29 29 -31
leaf_value=-2.0024595093620134e-05 -4.5898366554596904e-05 0.0042811038860907924 -0.00013604998097383397 8.3098922321340351e-05 -0.00015999297657841858 0.00033133334907554815 0.0013224320991430433 0.0016722770873348822 0.0011742403704243503 6.649073714736349e-05 -0.00013949835947224182 0.0001798427637763424 -4.2996642914751601e-05 0.00088185978273038314 0.00023155210012019129 0.00066110244351563188 0.00042490564889011173 -0.00015599729168400914 0.00047181562729964723 -9.3428601326030094e-05 0.00032865377613877319 0.00028424477260172832 -4.0515571415783215e-05 0 -9.584188521169681e-05 0.00043317161244637236 0.00024363668123618301 0.00031199821829182251 0.00026892866428501527 0
leaf_weight=100.12996816635132 126.64261603355408 90 8022.2910668849945 142.05553209781647 271.03242886066437 127.82158970832825 159 128.44371008872986 81.669448494911194 127.38993501663208 2008.1958450078964 509.55999088287354 373.01942241191864 167.54386425018311 166.16563379764557 206.55621898174286 98.437269806861877 725.79438269138336 143.75154554843903 289.98901188373566 78.633325457572937 147.92762398719788 1120.287202835083 531.1428200006485 1608.7013860940933 75.612579941749573 81.876271367073059 74.14646315574646 190.22630071640015 249.32958030700684
leaf_count=66 89 30 7647 55 205 52 53 48 32 61 1790 244 241 70 68 87 42 552 55 227 35 67 773 332 1384 37 35 36 86 156
internal_value=-1.76796e-06 0.00160634 -2.88973e-05 8.16523e-05 5.49957e-05 0.000430711 0.000756407 0.00102676 0.000411898 0.000168701 7.82718e-06 9.90314e-05 0.000220226 0.000342497 0.000574646 0.00045008 -5.75496e-05 1.07245e-05 0.000250207 7.87059e-05 -2.54193e-05 -4.90138e-05 -9.43503e-05 5.80399e-05 -0.0001213 -5.14369e-05 -7.63105e-05 -1.42074e-05 2.46313e-05 0.000113904
internal_weight=18223.4 298.312 17925.1 8136.58 7835.52 861.244 301.056 256.265 208.312 604.979 6974.28 2943.67 1216.29 843.269 333.709 333.946 4030.61 1727.38 243.882 827.982 1483.5 1404.86 3202.63 679.07 9788.48 1766.19 1690.58 1194.43 729.545 439.556
internal_count=14655 151 14504 5401 5293 453 108 100 121 353 4840 1730 623 382 138 148 3110 1107 121 511 986 951 2599 399 9103 1456 1419 809 469 242
is_linear=0
shrinkage=0.05


end of trees

feature_importances:
pct_forest=47
last_N_t=26
gust_gt30_next_24h=23
mslma_t=21
min_t2m_next_48h=17
sp_t=16
gust_mean_next_48h=15
pct_wetland=15
cumul_gust_since_onset=14
pre_event_mean_osi=13
min_t2m_next_6h=12
total_tp_next_48h=12
N_t_max_72h=11
gust_last_obs=11
gust_max_next_48h=11
P_trend_last24_obs=11
last_osi=10
min_t2m_next_24h=10
gust_peak4h_mean_next_24h=10
cumul_tp_since_onset=9
t2m_at_t6h=9
t2m_at_t24h=9
hours_since_obs=9
storm_onset_mean_osi=7
gust_mean_obs=7
log_customers=7
D_mean_last24_obs=7
soil_moist_t=6
gust_mean_next_24h=6
wind_speed_max_next_24h=6
wind_speed_max_next_48h=6
t2m_at_t48h=6
P_active_frac_obs=6
last_D_t=5
gust_max_last6h_obs=5
gust_max_next_24h=5
pressure_change_6h=5
pct_agriculture=5
pct_forest_classified=5
P_D_gap_last_obs=5
hours_since_N_peak_obs=5
hours_since_R_peak_obs=5
N_per_gust_excess_obs=5
last_R_t=4
gust_trend_last6h_obs=4
t2m_t=4
wind_speed_max_next_6h=4
temp_change_6h=4
pop_density=4
pct_water=4
tree_canopy_pct=4
forest_x_customers=4
R_mean_last24_obs=4
flow_balance_last24_obs=4
hours_since_P_peak_obs=4
first_material_N_hour_obs=4
P_change_per_gust_excess_obs=4
gust_to_N_best_corr_obs=4
outage_pct_mean_72h=3
osi_trend_last6h=3
frac_zero_72h=3
hours_since_peak=3
gust_peak4h_mean_next_48h=3
hour_sin=3
pct_unmapped=3
tp_rate_next_48h=3
P_mean_last24_obs=3
N_mean_last24_obs=3
osi_mean_72h=2
osi_std_72h=2
N_t_mean_72h=2
gust_max_obs=2
wind_sin_t=2
blh_t=2
dewpoint_c_t=2
gust_x_hso=2
wind_speed_max_next_1h=2
total_tp_next_6h=2
total_tp_next_24h=2
gust_gt30_since_onset=2
gust_at_t48h=2
pct_developed=2
restoration_ratio_obs=2
gust_at_first_material_N_obs=2
last_P_t=1
last_outage_pct=1
osi_max_72h=1
storm_onset_max_osi=1
gust_gt30_obs=1
gust_gt40_obs=1
wind_cos_t=1
d2m_t=1
vpd_t=1
lcc_t=1
et0_t=1
temp_c_t=1
min_t2m_next_1h=1
gust_at_t6h=1
gust_at_t24h=1
wind_speed_at_t48h=1
hour_of_day=1
is_metro=1
tree_canopy_std=1
gust_gt30_frac_next_24h=1
N_nonzero_frac_obs=1
R_nonzero_frac_obs=1
D_trend_last24_obs=1

parameters:
[boosting: gbdt]
[objective: regression]
[metric: rmse]
[tree_learner: serial]
[device_type: cpu]
[data_sample_strategy: bagging]
[data: ]
[valid: ]
[num_iterations: 2000]
[learning_rate: 0.05]
[num_leaves: 31]
[num_threads: -1]
[seed: 42]
[deterministic: 0]
[force_col_wise: 0]
[force_row_wise: 0]
[histogram_pool_size: -1]
[max_depth: -1]
[min_data_in_leaf: 50]
[min_sum_hessian_in_leaf: 0.001]
[bagging_fraction: 0.8]
[pos_bagging_fraction: 1]
[neg_bagging_fraction: 1]
[bagging_freq: 5]
[bagging_seed: 42]
[bagging_by_query: 0]
[feature_fraction: 0.8]
[feature_fraction_bynode: 1]
[feature_fraction_seed: 42]
[extra_trees: 0]
[extra_seed: 12879]
[early_stopping_round: 0]
[early_stopping_min_delta: 0]
[first_metric_only: 0]
[max_delta_step: 0]
[lambda_l1: 0.1]
[lambda_l2: 1]
[linear_lambda: 0]
[min_gain_to_split: 0]
[drop_rate: 0.1]
[max_drop: 50]
[skip_drop: 0.5]
[xgboost_dart_mode: 0]
[uniform_drop: 0]
[drop_seed: 42]
[top_rate: 0.2]
[other_rate: 0.1]
[min_data_per_group: 100]
[max_cat_threshold: 32]
[cat_l2: 10]
[cat_smooth: 10]
[max_cat_to_onehot: 4]
[top_k: 20]
[monotone_constraints: ]
[monotone_constraints_method: basic]
[monotone_penalty: 0]
[feature_contri: ]
[forcedsplits_filename: ]
[refit_decay_rate: 0.9]
[cegb_tradeoff: 1]
[cegb_penalty_split: 0]
[cegb_penalty_feature_lazy: ]
[cegb_penalty_feature_coupled: ]
[path_smooth: 0]
[interaction_constraints: ]
[verbosity: -1]
[saved_feature_importance_type: 0]
[use_quantized_grad: 0]
[num_grad_quant_bins: 4]
[quant_train_renew_leaf: 0]
[stochastic_rounding: 1]
[linear_tree: 0]
[max_bin: 255]
[max_bin_by_feature: ]
[min_data_in_bin: 3]
[bin_construct_sample_cnt: 200000]
[data_random_seed: 42]
[is_enable_sparse: 1]
[enable_bundle: 1]
[use_missing: 1]
[zero_as_missing: 0]
[feature_pre_filter: 1]
[pre_partition: 0]
[two_round: 0]
[header: 0]
[label_column: ]
[weight_column: ]
[group_column: ]
[ignore_column: ]
[categorical_feature: ]
[forcedbins_filename: ]
[precise_float_parser: 0]
[parser_config_file: ]
[objective_seed: 16083]
[num_class: 1]
[is_unbalance: 0]
[scale_pos_weight: 1]
[sigmoid: 1]
[boost_from_average: 1]
[reg_sqrt: 0]
[alpha: 0.9]
[fair_c: 1]
[poisson_max_delta_step: 0.7]
[tweedie_variance_power: 1.5]
[lambdarank_truncation_level: 30]
[lambdarank_norm: 1]
[label_gain: ]
[lambdarank_position_bias_regularization: 0]
[eval_at: ]
[multi_error_top_k: 1]
[auc_mu_weights: ]
[num_machines: 1]
[local_listen_port: 12400]
[time_out: 120]
[machine_list_filename: ]
[machines: ]
[gpu_platform_id: -1]
[gpu_device_id: -1]
[gpu_device_id_list: ]
[gpu_use_dp: 0]
[num_gpu: 1]

end of parameters

pandas_categorical:[]
