tree
version=v4
num_class=1
num_tree_per_iteration=1
label_index=0
max_feature_idx=189
objective=gamma
feature_names=last_osi last_P_t last_N_t last_D_t last_R_t last_outage_pct osi_mean_72h osi_max_72h osi_std_72h outage_pct_mean_72h outage_pct_max_72h N_t_mean_72h N_t_max_72h R_t_mean_72h R_t_max_72h pre_event_mean_osi pre_event_max_outage_pct storm_onset_max_osi storm_onset_mean_osi osi_trend_last6h is_worsening frac_zero_72h hours_since_peak gust_mean_obs gust_max_obs gust_gt30_obs gust_gt40_obs cumul_gust_obs gust_last_obs gust_max_last6h_obs gust_trend_last6h_obs gust_t wind_speed_t wind_sin_t wind_cos_t t2m_t d2m_t tp_t rain_t csnow_t sdwe_t r2_t vpd_t soil_moist_t blh_t tcc_t lcc_t mcc_t hcc_t sp_t mslma_t sdswrf_t direct_rad_t diffuse_rad_t et0_t temp_c_t dewpoint_c_t icing_risk_t gust_exceed_30 soil_moist_x_gust is_snowing gust_x_hso gust_x_phase soil_gust_x_phase gust_exceed30_x_hso gust_max_next_1h gust_mean_next_1h wind_speed_max_next_1h total_tp_next_1h min_t2m_next_1h gust_gt30_next_1h gust_gt40_next_1h gust_peak4h_mean_next_1h gust_max_next_6h gust_mean_next_6h wind_speed_max_next_6h total_tp_next_6h min_t2m_next_6h gust_gt30_next_6h gust_gt40_next_6h gust_peak4h_mean_next_6h gust_max_next_24h gust_mean_next_24h wind_speed_max_next_24h total_tp_next_24h min_t2m_next_24h gust_gt30_next_24h gust_gt40_next_24h gust_peak4h_mean_next_24h gust_max_next_48h gust_mean_next_48h wind_speed_max_next_48h total_tp_next_48h min_t2m_next_48h gust_gt30_next_48h gust_gt40_next_48h gust_peak4h_mean_next_48h gust_change_1h gust_change_3h pressure_change_3h pressure_change_6h temp_change_6h wind_change_1h cumul_gust_since_onset cumul_tp_since_onset gust_gt30_since_onset gust_at_t1h wind_speed_at_t1h t2m_at_t1h tp_at_t1h gust_at_t6h wind_speed_at_t6h t2m_at_t6h tp_at_t6h gust_at_t24h wind_speed_at_t24h t2m_at_t24h tp_at_t24h gust_at_t48h wind_speed_at_t48h t2m_at_t48h tp_at_t48h hour_of_day hour_sin hour_cos days_since_onset hours_since_obs storm_phase log_customers rural_urban_code is_metro pop_density n_utilities pct_forest pct_developed pct_agriculture pct_water pct_wetland pct_unmapped pct_forest_classified tree_canopy_pct tree_canopy_std forest_x_customers window_len_next_1h is_full_next_1h tp_rate_next_1h gust_gt30_frac_next_1h has_weather_at_t1h window_len_next_6h is_full_next_6h tp_rate_next_6h gust_gt30_frac_next_6h has_weather_at_t6h window_len_next_24h is_full_next_24h tp_rate_next_24h gust_gt30_frac_next_24h has_weather_at_t24h window_len_next_48h is_full_next_48h tp_rate_next_48h gust_gt30_frac_next_48h has_weather_at_t48h N_nonzero_frac_obs R_nonzero_frac_obs P_mean_last24_obs D_mean_last24_obs N_mean_last24_obs R_mean_last24_obs flow_balance_last24_obs restoration_ratio_obs P_D_gap_last_obs hours_since_P_peak_obs hours_since_N_peak_obs hours_since_R_peak_obs first_material_N_hour_obs first_material_R_hour_obs P_trend_last24_obs D_trend_last24_obs P_post_peak_slope_obs P_active_frac_obs has_material_P_obs has_material_N_obs has_material_R_obs gust_excess30_sum_obs N_per_gust_excess_obs P_change_per_gust_excess_obs gust_to_N_best_corr_obs gust_to_N_best_lag_obs gust_at_first_material_N_obs
feature_infos=[0:0.55230000000000001] [0:0.82424180700000005] [0:0.065400654000000003] [0:0.90465771100000003] [0:0.058582058999999999] [0:82.420000000000002] [4.1666666666666669e-06:0.26529999999999998] [0.0001:0.65049999999999997] [1.9982631347136334e-05:0.22470370552747407] [0.00083333333333333328:39.644861111111112] [0.02:100] [3.1208333333333337e-06:0.018623942125000001] [7.4900000000000005e-05:0.37916412199999999] [3.1208333333333337e-06:0.017093115180555556] [7.4900000000000005e-05:0.18675781699999999] [0:0.38653749999999998] [0:100] [0:0.59799999999999998] [0:0.20940416666666664] [-0.055854285714285697:0.019237142857142855] [0:1] [0:0.95833333333333337] [0:71] [13.03611111111111:31.258333333333326] [29.100000000000001:70] [0:35] [0:17] [938.59999999999991:2250.5999999999995] [3.8999999999999999:47.5] [15.4:64.5] [-6.477142857142856:3.3114285714285714] [0.80000000000000004:57.799999999999997] [0:38] [-0.99999999952007834:0.99999999987412524] [-0.99999999369183823:1] [262.81924839999999:298.3466019] [257.71271739999997:289.62757579999999] [0:8.5999999999999996] [0:8.5999999999999996] [0:2.52] [0:0.089999999999999997] [17:100] [0:2.3700000000000001] [0.16700000000000001:0.52100000000000002] [10:3015] [0:100] [0:100] [0:100] [0:100] [886.29999999999995:1027] [986.70000000000005:1031.8] [0:837] [0:714] [0:463] [0:0.58999999999999997] [-10.330751599999985:25.196601900000019] [-15.437282600000003:16.477575800000011] [0:1] [0:27.799999999999997] [0.25680000000000003:20.589099999999998] [0:1] [0.80000000000000004:3663.5999999999999] [0:103.2] [0:40.375] [0:1533.6000000000001] [1.2:57.799999999999997] [1:52.349999999999994] [0.40000000000000002:38] [0:14.699999999999999] [262.68647060000001:298.20713590000003] [0:2] [0:2] [1:52.349999999999994] [5.9000000000000004:57.799999999999997] [3.8142857142857141:49.214285714285715] [1.2:38] [0:26.699999999999999] [261.0733333:296.34512319999999] [0:7] [0:7] [4.625:52.550000000000004] [12.800000000000001:58.299999999999997] [8.2680000000000007:43.052] [6:38] [0:33] [259.42265909999998:286.57337899999999] [0:25] [0:19] [12.450000000000001:52.550000000000004] [12.800000000000001:58.299999999999997] [8.7265306122448987:37.816326530612244] [6.0999999999999996:38] [0:37.399999999999999] [259.42265909999998:282.77648069999998] [0:40] [0:22] [12.625:52.550000000000004] [-22.399999999999999:28.199999999999999] [-32:33.299999999999997] [-6.1000000000000227:8.1999999999999318] [-10.899999999999977:13.5] [-17.698856200000023:21.845291299999985] [-12.499999999999998:20.799999999999997] [348.89999999999998:3711] [0:39.20000000000001] [0:61] [1.2:57.799999999999997] [0:36.899999999999999] [262.68647060000001:298.3466019] [0:9.0999999999999996] [2.2000000000000002:57.799999999999997] [0:34.799999999999997] [261.0733333:298.36374050000001] [0:8.0999999999999996] [2.1000000000000001:57.100000000000001] [0:38] [260.64059090000001:298.36374050000001] [0:11.300000000000001] [1.3:51.200000000000003] [0.10000000000000001:33.5] [261.39601499999998:296.39282830000002] [0:11.300000000000001] [0:23] [-1:1] [-1:1] [1:4] [1:96] [0:2] [7.1180162044653335:13.453719692845613] [1:9] [0:1] [8.3691524328166658:11939.655837338518] [1:11] [0.96999999999999997:88.719999999999999] [2.21:86.629999999999995] [0.080000000000000002:87.469999999999999] [0.01:5.5099999999999998] [0:16.82] [1.8899999999999999:17.02] [0.98868616858628067:95.299005138296707] [2.2000000000000002:81.680000000000007] [12.65:40.350000000000001] [8.0679963363985543:931.73249595386176] none none [0:7.3499999999999996] [0:1] none none none [0:3.8142857142857141] [0:1] none none none [0:1.3200000000000001] [0:1] none none none [0:0.76326530612244892] [0:0.81632653061224492] none [0.041666666666666664:0.80555555555555558] [0.041666666666666664:0.90277777777777779] [0:0.33157778683333333] [0:0.2415728110416667] [0:0.05185222787499999] [0:0.036813731041666665] [-2.7300916666667119e-05:0.03421760770833332] [0.013031417634099374:6.5416667824977583] [-0.14113178900000001:0.088746481000000002] [0:71] [0:71] [0:70] [0:68] [0:71] [-0.00035191936000000026:0.052080195401739138] [-0.0001288437365217392:0.043438201510000003] [-0.12208507408333331:0.00066816548250572968] [0:0.98611111111111116] [0:1] [0:1] [0:1] [0:446.30000000000001] [1.2346153846153842e-05:0.021449622666666654] [-0.0026323566314935061:0.0032034721433531746] [-0.25886629144625328:0.74936202470774849] [0:3] [3.2000000000000002:60.600000000000001]
tree_sizes=3343 3404 3438 3416 3428 3427 3434 3443 3459 3456 3467 3423 3452 3443 3448 3442 3472 3416 3460 3448

Tree=0
num_leaves=31
num_cat=0
split_feature=85 133 128 128 86 169 81 168 61 128 173 129 135 189 50 175 136 108 22 103 73 104 136 129 35 100 14 14 119 19
split_gain=5302.29 2661.36 1873.83 1548.03 1749.73 1160.22 2053.43 1105.44 1079.46 1265.54 1265.85 962.022 850.854 805.013 1168.94 654.544 557.327 513.007 1001.6 902.235 476.398 429.058 417.097 667.728 409.615 374.812 352.079 705.118 346.854 340.257
threshold=266.96571425000008 26.470000000000002 9.6919312903905368 9.5871465020954059 16.500000000000004 0.0032414677500000005 52.70000000000001 0.0029920476458333337 317.10000000000008 12.033684950383739 8.5000000000000018 2.5000000000000004 77.090000000000018 24.850000000000005 998.55000000000007 31.500000000000004 1.2750000000000001 276.55764115000005 4.5000000000000009 1117.3000000000002 19.650000000000002 1.0500000000000003 0.40500000000000008 3.5000000000000004 275.71014810000003 5.7500000000000009 0.0082561165000000023 0.00067710550000000017 1.7500000000000002 0.0011342857142857148
decision_type=2 2 2 2 2 2 2 2 2 2 8 2 2 8 2 10 2 2 2 2 2 2 2 2 2 2 2 2 2 2
left_child=1 2 29 -2 8 6 -6 12 -5 16 -11 13 -4 -3 -15 26 22 -18 -19 -20 -16 -21 23 24 -10 -12 27 -13 -17 -1
right_child=3 11 7 4 5 -7 -8 -9 9 10 25 15 -14 14 20 28 17 18 19 21 -22 -23 -24 -25 -26 -27 -28 -29 -30 -31
leaf_value=-7.1099051209016917 -6.7010865006441325 -6.8618344578903168 -8.47324124585991 -6.7285707102224466 -8.0812237794047608 -6.8866467075626243 -6.8276480476651482 -7.2865592964043477 -6.9051932866871306 -6.8952380770478259 -7.9694421268227105 -6.7417542462492221 -7.2088264900334691 -6.8214744421543365 -6.9623703182608052 -6.778921120374596 -6.7951314629319519 -6.8729476531776159 -7.0224481796066263 -7.0605816365845095 -7.9778134738224047 -8.5593376961355645 -6.7559398826170929 -6.8143533335306445 -7.482211791895848 -7.0279603351965392 -6.7586842094112418 -7.1567622017442574 -7.1798840680633589 -6.7655789619867281
leaf_weight=19.908297970891002 3093.718812584877 13.913295964826832 4.475844151456843 1381.3636259895866 5.7621368271065858 26.179993370547891 6.648138016462326 15.351556585286742 7.1325734616257233 13.922035450465048 4.1713423275505184 23.354772577993572 3.0907747903838754 5.5329183202702534 2.0407236709725112 7.9469895185902741 24.258568563964218 15.156270944513382 4.6069694503676137 1.2467089071869852 5.7229163404554129 1.5308532665949313 352.25509287859313 64.407844068948179 5.7628903032746166 2.3334847732912749 141.10007568541914 17.304576702183113 17.762308353558183 11.268347740173338
leaf_count=177 1027 52 195 1218 188 109 21 196 35 62 132 27 42 17 16 16 55 60 37 16 173 94 504 169 107 22 210 172 185 19
internal_value=-6.73498 -6.94294 -7.25613 -6.72296 -6.75826 -7.08723 -7.46708 -7.59153 -6.75131 -6.81444 -7.19062 -6.86882 -8.07301 -7.14336 -7.40808 -6.831 -6.79738 -6.95948 -7.12605 -7.56646 -7.76793 -8.15235 -6.77922 -6.88364 -7.19867 -7.71648 -6.79662 -6.9244 -7.06243 -6.99044
internal_weight=5299.23 288.773 54.0948 5010.46 1916.74 38.5903 12.4103 22.9182 1878.15 496.785 20.4269 234.679 7.56662 27.2099 13.2966 207.469 476.358 46.7994 22.5408 7.38453 7.76364 2.77756 429.558 77.3033 12.8955 6.50483 181.759 40.6593 25.7093 31.1766
internal_count=5353 1497 629 3856 2829 318 209 433 2511 1293 216 868 237 258 206 610 1077 262 207 147 189 110 815 311 142 154 409 199 201 196
is_linear=0
shrinkage=1


Tree=1
num_leaves=31
num_cat=0
split_feature=85 128 93 133 131 180 83 43 164 16 99 128 121 140 131 83 20 134 104 137 32 115 84 179 119 187 126 54 186 42
split_gain=3718.52 1300.28 1307.03 1163.79 982.492 635.08 555.169 499.692 491.344 665.042 409.355 371.103 344.306 322.17 302.973 273.209 265.203 248.667 313.983 241.044 248.802 270.571 259.943 234.861 224.803 219.832 345.441 219.701 214.934 236.979
threshold=267.42482855000009 9.5871465020954059 266.81298430000004 26.470000000000002 192.76685285123133 0.062500000000000014 24.250000000000004 0.32850000000000007 0.35416666666666669 0.62500000000000011 1.0999999999999661 8.8531289158052093 0.25000000000000006 33.610000000000007 407.19002995464729 14.950000000000001 1.0000000180025095e-35 11.770000000000001 21.050000000000008 3.1100000000000008 10.15 19.650000000000002 3.0500000000000012 -0.010096496097402596 13.65 0.45522305287656767 5.5000000000000009 0.055000000000000007 0.00015232791945670482 0.14500000000000005
decision_type=2 2 2 2 2 2 2 2 2 2 2 2 2 2 2 2 2 2 2 2 2 2 2 10 2 2 2 2 10 2
left_child=3 -2 4 11 7 10 13 23 27 17 15 -1 16 -6 -8 -4 19 -10 -19 -7 21 22 -21 -3 28 -18 -27 -5 29 -13
right_child=1 2 5 8 6 12 14 -9 9 -11 -12 24 -14 -15 -16 -17 25 18 -20 20 -22 -23 -24 -25 -26 26 -28 -29 -30 -31
leaf_value=-0.063758995591665479 0.033222353709591493 -0.13988955849336746 -0.1236144301302033 0.012530801906875187 -0.11839900965853718 -0.0082206790739319403 -0.35073850256234501 -0.056160581474015696 -0.23304612525787516 -0.099316380984635605 -0.085270729758857397 -0.56927011854964127 0.018763650348268213 -0.51773746257548714 -1.1602565331960224 -0.59371793824151398 -0.061031199920996829 -0.81995584975111457 -0.24662340729710502 -0.61859134457199005 -0.035432611199485008 -0.070812537620830576 -0.13011665552010679 -0.50412705318165207 -0.17767725889683914 -0.047811780859839774 -0.48670570448822775 -0.12577919654496952 -0.54239793161332628 -0.25098139528199098
leaf_weight=16.537074703723192 2973.4934965148568 10.032728808000686 5.8830683764535916 108.55665459111333 14.112915497273212 664.48519465897698 3.6039998163469127 114.81511537497863 26.186381675070152 160.36876515788026 30.751140976091847 7.1466872745659193 917.96141208382323 7.7100118108792222 2.6727750618010759 7.6140212172176689 40.384764126967639 4.511773976730181 6.5685194185934961 5.4987380227539706 50.444055506726727 14.27159382868558 5.9121869709342718 8.9164983080700022 22.256604607217014 9.1725987177342194 8.306776477780657 37.940899415872991 15.956507551483808 40.348070663865656
leaf_count=39 997 41 23 81 50 774 36 245 153 481 85 100 573 98 88 110 91 95 44 86 87 36 24 109 105 19 99 136 200 248
internal_value=-9.80548e-05 0.012507 -0.0195303 -0.138085 -0.155048 -0.00698804 -0.418905 -0.096886 -0.0935534 -0.144804 -0.191888 -0.285561 -0.00210962 -0.276207 -0.80821 -0.411817 -0.0261061 -0.332709 -0.529042 -0.0179533 -0.101634 -0.225274 -0.396784 -0.32821 -0.327071 -0.128292 -0.27171 -0.0238656 -0.375826 -0.30973
internal_weight=5342.42 4896.04 1922.55 446.378 161.864 1760.69 28.0997 133.764 344.133 197.635 44.2482 102.245 1716.44 21.8229 6.27677 13.4971 798.476 37.2667 11.0803 740.612 76.1266 25.6825 11.4109 18.9492 85.7079 57.8641 17.4794 146.498 63.4513 47.4948
internal_count=5353 3671 2674 1682 667 2007 272 395 990 773 218 692 1789 148 124 133 1216 292 139 1007 233 146 110 150 653 209 118 217 548 348
is_linear=0
shrinkage=0.05


Tree=2
num_leaves=31
num_cat=0
split_feature=103 134 134 73 129 47 184 44 135 112 21 163 123 95 103 89 187 138 30 103 163 105 54 14 177 126 140 114 101 133
split_gain=2850.38 964.299 943.725 711.291 731.435 674.89 403.816 379.575 376.192 355.912 352.066 358.093 298.229 281.049 281.272 276.524 274.667 267.887 254.678 268.698 200.27 303.068 231.338 228.19 197.612 179.63 177.709 160.846 160.383 308.851
threshold=1992.8500000000001 6.4400000000000004 16.560000000000006 26.950000000000003 3.5000000000000004 22.500000000000004 180.75000000000003 2087.5000000000005 68.095000000000013 275.76335115000006 0.56250000000000011 0.24305555555555558 -0.70710678118654735 5.5000000000000009 859.60000000000014 39.750000000000007 0.55140778457545336 7.9250000000000007 -2.2928571428571427 1128.2500000000002 0.43750000000000006 37.500000000000007 0.065000000000000016 0.0082561165000000023 0.0034081097426086966 26.500000000000004 34.790000000000006 27.650000000000002 3.6054220999999989 32.20000000000001
decision_type=2 2 2 2 2 2 2 2 2 2 2 2 2 2 2 2 2 2 2 2 2 2 2 2 2 2 2 2 2 2
left_child=1 10 8 25 5 9 15 -8 20 -5 -1 -12 -4 14 -13 -7 18 -11 -6 -20 22 23 -2 -22 -14 28 -23 -16 -3 -30
right_child=2 3 12 4 16 6 7 -9 -10 17 11 13 24 -15 27 -17 -18 -19 19 -21 21 26 -24 -25 -26 -27 -28 -29 29 -31
leaf_value=0.038929354491883672 -0.0049805448261703187 0.01534152098416636 -0.62247385583230164 -0.0037634611157015608 -0.018346126250189589 -0.34093520795140492 -0.64554027790171853 -0.097765338115517422 -0.20429409801154305 -0.086462682054563825 0.0066305680575784124 -0.083355079953647937 -0.41490001591881787 -0.039923026622493453 -0.67336992238311144 -0.092606815077473537 0.019307558318646341 -0.26667905812987108 -0.04945520016144108 -0.25878824354858881 -0.22230229495996059 -0.16388764229512395 -0.14823201588608867 -0.050692186626447561 -0.17995169397198699 -0.064145050887682867 -0.44169335963693473 -0.220362621726372 -0.18531964751445756 -0.003336910190082816
leaf_weight=2257.6758766751736 140.77742393827066 1489.4000811260194 6.5765027361921957 100.27696118457243 129.14636620203964 16.892990633379668 9.9195689153857511 5.0569008551537982 63.079347755759954 81.403480743523687 137.46157922595739 9.4607939124107379 14.046245974721385 24.52182787284255 4.4536411669105274 33.325147699331865 267.95872560283169 27.562040206626989 36.152406236156821 26.510762438178062 22.301309368107468 21.885847655124966 34.286933774128556 122.59449535864405 30.724054268328473 83.935789278475568 8.2435659808106703 5.4542945250868797 28.088093836558983 117.96077183866873
leaf_count=499 155 1032 101 108 177 139 151 17 325 224 119 27 139 45 78 97 164 180 73 169 126 97 139 248 145 193 90 34 136 126
internal_value=3.76421e-05 0.0112853 -0.11819 -0.0108432 -0.0520055 -0.116445 -0.255841 -0.47859 -0.0925626 -0.0719782 0.0335432 -0.0333278 -0.318599 -0.155945 -0.293419 -0.181266 -0.0133616 -0.134103 -0.0588898 -0.14077 -0.071892 -0.109608 -0.0337478 -0.0784821 -0.261228 0.00675095 -0.251805 -0.467513 0.0104296 -0.0393921
internal_weight=5357.13 4892.62 464.516 2453.59 734.205 274.437 65.1946 14.9765 413.169 209.242 2439.03 181.352 51.3468 43.8906 19.3687 50.2181 459.768 108.966 191.81 62.6632 350.09 175.025 175.064 144.896 44.7703 1719.38 30.1294 9.90794 1635.45 146.049
internal_count=5353 3788 1565 2986 1499 916 404 168 1180 512 802 303 385 184 139 236 583 404 419 242 855 561 294 374 284 1487 187 112 1294 262
is_linear=0
shrinkage=0.05


Tree=3
num_leaves=31
num_cat=0
split_feature=85 128 61 131 134 142 49 29 73 138 74 120 175 121 136 104 104 179 122 66 107 131 136 36 171 36 93 17 59 134
split_gain=2377.78 1122.62 848.963 515.142 440.236 405.624 302.183 291.874 269.271 227.178 218.293 204.595 236.709 196.907 214.503 183.848 180.675 178.328 188.734 254.214 178.071 168.807 159.255 154.286 204.365 150.296 188.076 147.968 147.691 133.2
threshold=267.42482855000009 9.5871465020954059 329.7000000000001 192.76685285123133 7.3800000000000017 171.4306791877809 959.6500000000002 52.000000000000007 40.050000000000004 4.8450000000000006 33.064285714285724 268.33362255000003 18.500000000000004 0.25000000000000006 0.75000000000000011 7.3500000000000014 11.750000000000002 -0.0002834865941964285 7.5000000000000009 34.82500000000001 9.6500000000000004 261.97329398738981 0.40500000000000008 278.31565525000008 -0.010354818 279.47709895000008 266.61565465000007 0.0018500000000000003 5.7830500000000002 7.3000000000000007
decision_type=2 2 2 2 2 2 2 2 2 2 2 2 8 2 2 2 2 10 2 2 2 2 2 2 2 2 2 2 2 2
left_child=4 23 13 8 6 9 15 17 22 -5 -11 20 -13 14 -3 -1 -9 18 19 -6 -7 -16 29 -2 -25 -26 -27 -19 -23 -4
right_child=1 2 3 5 7 11 -8 16 -10 10 -12 12 -14 -15 21 -17 -18 27 -20 -21 -22 28 -24 24 25 26 -28 -29 -30 -31
leaf_value=-0.077067472358954808 0.034941574149483831 -0.0056457455329580707 -0.20799652920359113 -0.16611732891598385 -0.49804968394613547 -0.062912955675386573 -0.015060121639483165 -0.0079126073053870424 -0.17379322588982682 -0.76555902055656633 -0.24112330948660221 -0.025266751870966522 -0.18574009076619089 0.019422797290300216 -0.05339485617446952 -0.29489866195518827 -0.1607292536523611 -0.21978699224723017 -0.1690661250148652 -0.073150134576326492 -0.28265941874948397 -0.36301366726367917 -0.010626443138571166 0.018862134566685673 -0.0020862032762966262 -0.33875682968007065 -0.051749716166442521 -0.056024062355636908 -0.072202324518059399 -0.052020632008649453
leaf_weight=26.505072124302387 2645.6909787189215 445.48516712430865 17.585521293804049 11.470078208018096 9.7563241175375861 15.340020501054822 190.28461029566824 64.529773191548884 32.267316104844213 4.0210958542302233 5.6810177564620972 79.314346016384661 31.641881018178537 860.91664854541887 63.268187672365457 15.36712638940662 26.737012690398842 17.329275065567344 158.97452834574506 5.8615433908998957 25.438451768131927 8.6728034178959224 330.45602662442252 108.35239025205374 18.102947084233165 10.562497867271306 12.218710234388707 61.202861014287919 9.1880222861655039 56.782429500948638
leaf_count=69 796 496 95 53 117 36 248 75 148 81 38 120 153 526 132 112 116 98 700 16 175 79 401 67 19 89 26 131 24 117
internal_value=0.000148088 0.0116967 -0.0169217 -0.0660314 -0.0956935 -0.138865 -0.0421912 -0.131519 -0.0369568 -0.339903 -0.51017 -0.108739 -0.0723246 0.00469672 -0.0193594 -0.162142 -0.0539919 -0.15913 -0.187453 -0.35288 -0.2036 -0.0936155 -0.0256362 0.0321508 -0.017194 -0.111039 -0.19368 -0.0945328 -0.225439 -0.0912404
internal_weight=5369 4792.46 1997.53 609.998 576.548 172.907 232.157 344.391 437.091 21.1722 9.70211 151.735 110.956 1387.53 526.614 41.8722 91.2668 253.125 174.592 15.6179 40.7785 81.129 404.824 2794.93 149.237 40.8842 22.7812 78.5321 17.8608 74.368
internal_count=5353 3671 2674 1417 1682 656 429 1253 761 172 119 484 273 1257 731 181 191 1062 833 133 211 235 613 997 201 134 115 229 103 212
is_linear=0
shrinkage=0.05


Tree=4
num_leaves=31
num_cat=0
split_feature=85 128 61 15 134 79 19 136 49 29 138 121 136 47 42 36 19 93 13 55 128 105 105 122 61 64 186 36 69 141
split_gain=1959.76 1039.23 705.548 353.753 297.717 236.229 221.466 219.824 217.316 182.366 175.187 170.679 171.75 252.038 289.363 156.564 199.38 170.314 141.461 130.439 129.59 149.02 119.811 115.412 119.068 112.187 111.536 113.042 119.076 108.866
threshold=267.42482855000009 9.5871465020954059 317.10000000000008 0.0001510416666666667 7.3800000000000017 1.0000000180025095e-35 -0.0019357142857142848 0.40500000000000008 959.6500000000002 52.000000000000007 7.5700000000000012 0.25000000000000006 0.75000000000000011 16.500000000000004 0.17500000000000002 278.47238830000003 -0.0037128571428571414 266.61565465000007 0.0008805914375 3.4827274500000276 10.813846654093668 14.500000000000002 12.500000000000002 7.5000000000000009 2148.2500000000005 6.4500000000000499 0.00042553795470229815 267.17536865000005 277.97557420000004 26.255000000000006
decision_type=2 2 2 2 2 2 2 2 2 2 2 2 2 2 2 2 2 2 2 2 2 2 2 2 2 2 8 2 2 2
left_child=4 15 11 6 8 7 -4 -5 29 22 -7 12 26 -14 -15 19 -17 -18 -11 -2 -9 -22 -6 24 -24 -12 27 28 -3 -1
right_child=1 2 3 5 9 10 -8 20 -10 18 25 -13 13 14 -16 16 17 -19 -20 -21 21 -23 23 -25 -26 -27 -28 -29 -30 -31
leaf_value=-0.074162255389813636 0.0032042032207131471 -0.20724866395210606 -0.034967893757837265 -0.093775158949335302 -0.022605786092495767 -0.080042118889447678 -0.21884826867595353 -0.00043781873557182229 -0.014092657757886932 -0.14005229899319549 -0.088489129089907914 0.01902878634906684 -0.033205777301333728 -0.041862586298086056 -0.42007747971460141 0.020275201582232255 -0.22712599777754303 -0.026005128236755951 -0.0086213217195190584 0.03845926277119259 -0.030165167526364989 -0.16926698211816699 -0.31825872047056936 -0.12614073847219162 -0.09257773230909519 -0.36017609035323117 0.023467736254961759 -0.013781945802821889 -0.013425197082536143 -0.23289490049728748
leaf_weight=32.786435207352042 297.2105441968888 15.695907909423115 24.83328685676679 117.20539912162349 25.09984824527055 45.869430096819997 50.125491972547024 315.13183279521763 193.17200738564134 28.43926498433575 6.9067577719688442 837.0362577236956 66.24292657605838 10.375686630140992 9.4131769789382798 96.729847244918346 16.843868935480714 26.563929414376616 68.002197346650064 2269.652160493657 79.396514070220292 24.744870094582438 16.501282828394327 244.7977659041062 10.537565980572252 10.812000019475816 195.17625017045066 209.79632921610028 15.476101873442529 16.47998983040452
leaf_count=83 278 85 43 339 37 121 274 318 248 111 21 518 111 20 97 57 98 41 80 523 128 112 128 865 32 96 103 268 20 98
internal_value=0.00022271 0.0112831 -0.0157147 -0.057459 -0.0821339 -0.0444903 -0.159258 -0.0335289 -0.0382975 -0.108972 -0.134941 0.00504012 -0.0173673 -0.0815037 -0.233565 0.0315713 -0.0197546 -0.107517 -0.0484694 0.034382 -0.0164925 -0.06456 -0.128377 -0.138006 -0.236923 -0.264925 -0.00454717 -0.0272622 -0.114584 -0.130936
internal_weight=5377.05 4741.24 2034.24 675.026 635.816 600.067 74.9588 536.479 242.438 393.378 63.5882 1359.21 522.176 86.0318 19.7889 2707 140.138 43.4078 96.4415 2566.86 419.273 104.141 296.936 271.837 27.0388 17.7188 436.145 240.968 31.172 49.2664
internal_count=5353 3671 2674 1452 1682 1135 317 897 429 1253 238 1222 704 228 117 997 196 139 191 801 558 240 1062 1025 160 117 476 373 105 181
is_linear=0
shrinkage=0.05


Tree=5
num_leaves=31
num_cat=0
split_feature=126 140 140 142 43 73 21 36 30 163 16 123 118 171 138 73 176 104 90 124 97 118 62 105 23 112 142 89 184 86
split_gain=1725.65 623.919 575.245 395.951 234.504 206.363 400.913 169.434 168.293 163.407 155.051 154.556 149.943 133.063 127.348 125.991 161.824 124.817 206.516 250.012 296.298 346.117 124.673 198.138 120.141 118.394 178.937 119.81 115.36 112.4
threshold=39.500000000000007 53.995000000000012 68.935000000000016 625.80355138048333 0.38850000000000007 26.950000000000003 0.20138888888888892 281.08067800000009 -2.3899999999999997 0.64583333333333337 2.5650000000000004 0.25881904510252091 28.050000000000004 -7.7949999999999984e-05 4.580000000000001 32.45000000000001 23.500000000000004 1.8500000000000005 27.501020408163267 0.37940952255126048 3.649999999999999 29.350000000000005 29.950000000000003 24.500000000000004 21.542361111111113 279.72584335000005 444.94844876779786 46.650000000000013 241.85000000000002 12.500000000000002
decision_type=2 2 2 2 2 2 2 2 2 2 2 2 2 2 2 2 8 2 2 2 2 2 2 2 2 2 2 2 2 2
left_child=2 4 5 -3 7 17 -7 14 -9 -10 13 15 -8 -5 28 16 -6 18 25 20 21 -20 -15 24 -24 -1 27 -27 -2 -16
right_child=1 3 -4 10 11 6 12 8 9 -11 -12 -13 -14 22 29 -17 -18 -19 19 -21 -22 -23 23 -25 -26 26 -28 -29 -30 -31
leaf_value=0.012701193906966042 -0.29211087593371404 0.030334502135619543 0.036261963577261629 -0.044252132862832028 -0.32915799238013072 0.033848791568557669 -0.078214758458004213 -0.10929798387408299 -0.42837515221601968 -0.13212368476479272 -0.005212550805251793 -0.02335016142271544 -0.01692263481494867 -0.027924171354723238 -0.10274147639848069 -0.060763190057109277 -0.093531956479360967 0.029123079750220982 -0.039521818382985581 -0.019152797355492551 0.0021345903573314249 -0.54708201662987099 -0.41146868334185493 -0.080781106828689386 -0.17373342375520964 -0.17520358202282801 -0.0057806216212167773 -0.019453738213314798 -0.12570952026422419 -0.016144336815563969
leaf_weight=886.56192274624482 13.89283261168748 245.87908024806529 1666.2688412712887 148.54568730061874 11.250829720869659 185.05418929771986 255.56172854150645 23.764908587560058 11.741046384908261 9.4050167538225633 121.16425292380154 159.80400875443593 164.78845072770491 27.168410067912191 190.13996243895963 63.055576404556632 21.259851198643446 451.89247182291001 5.6464243959635505 52.432400798541494 9.5504165897145867 8.0356096052564663 8.3072404842823762 40.252136070281267 20.208275079727173 28.284614102914929 235.55168390227482 21.964926379732788 48.769642360508442 47.303454937413335
leaf_count=661 101 96 457 281 92 59 657 78 121 37 134 235 221 43 583 141 63 188 11 73 9 107 85 107 94 131 263 31 174 63
internal_value=-0.00204835 -0.0542491 0.0138888 -0.0186421 -0.090417 -0.00228882 -0.0273329 -0.117318 -0.207999 -0.308755 -0.051583 -0.0537367 -0.0542957 -0.0744288 -0.103086 -0.103729 -0.182612 0.00663818 -0.00151606 -0.0810248 -0.213902 -0.354917 -0.120164 -0.155611 -0.254755 0.00367589 -0.02425 -0.108928 -0.16669 -0.0856506
internal_weight=5183.51 1211.91 3971.59 611.525 600.387 2305.32 605.404 345.017 44.911 21.1461 365.646 255.37 420.35 244.482 300.106 95.5663 32.5107 1699.92 1248.03 75.6649 23.2325 13.682 95.9361 68.7677 28.5155 1172.36 285.801 50.2495 62.6625 237.443
internal_count=5396 2528 2868 840 1688 2411 937 1157 236 158 744 531 878 610 921 296 155 1474 1286 200 127 118 329 286 179 1086 425 162 275 646
is_linear=0
shrinkage=0.05


Tree=6
num_leaves=31
num_cat=0
split_feature=126 131 139 41 15 85 80 168 91 176 76 136 185 49 124 170 133 24 21 133 15 131 126 163 93 38 50 74 110 170
split_gain=1486.78 653.943 561.096 237.079 190.2 217.386 189.667 430.203 150.068 210.19 163.806 146.807 145.888 140.64 134.247 286.476 208.911 230.621 133.885 126.789 123.119 118.844 145.104 146.095 109.412 119.432 125.245 122.622 106.82 105.434
threshold=39.500000000000007 52.500362958644175 83.777273392101407 89.500000000000014 0.001501041666666667 266.52615445000004 21.537500000000005 0.0029920476458333337 12.050000000000002 64.500000000000014 5.2500000000000009 0.97000000000000008 0.00079378315873180163 963.75000000000011 0.60355339059327384 0.72782108631120435 8.2950000000000017 54.150000000000013 0.20138888888888892 64.305000000000021 0.0002416666666666667 77.137993348743365 10.500000000000002 0.57638888888888895 266.99259440000009 0.25000000000000006 1003.35 26.921428571428574 11.050000000000002 0.86729863385201178
decision_type=2 2 2 2 2 2 2 2 2 8 2 2 8 2 2 2 2 2 2 2 2 2 2 2 2 2 2 2 2 2
left_child=2 3 6 12 8 13 14 11 9 -3 20 -8 -2 -6 15 -1 17 -17 -9 -13 -10 -18 23 28 25 26 -22 -28 -23 -12
right_child=1 4 -4 -5 5 -7 7 18 10 -11 29 19 -14 -15 -16 16 21 -19 -20 -21 24 22 -24 -25 -26 -27 27 -29 -30 -31
leaf_value=0.018667418579192567 -0.12400971094275143 -0.3518755196692111 0.036445259706859905 0.032137257187748451 -0.034513519117562272 -0.3155489536132231 -0.046907211726420928 0.040172676509777051 -0.089130268475077906 -0.05792631171803362 -0.24858486652820086 -0.18295869250580557 -0.01924429433164429 -0.18198358035630033 0.023757809150513148 -0.051913271870640022 0.0033090698079182215 -0.29741108378700082 -0.019029932874782281 -0.050360400959731558 -0.13182900019658561 -0.37070932536489809 -0.031834713490208451 -0.034241284914388569 0.0027522667768931507 0.0062419065548936972 -0.085365342601845723 -0.011824592558572553 -0.10550354010596641 -0.097728521288126757
leaf_weight=533.74687418946996 40.348266951739788 10.060638935770841 1578.1523513318971 248.4017883669585 34.43811734393239 14.98965045949444 254.34735305816866 203.02300050668418 190.87054182169959 14.705160050652919 16.063825299497694 42.333862631348893 172.94935038499534 30.66172350384295 702.25683489523362 26.91589314583689 182.22616338171065 14.385231646243481 178.55978743359447 32.828083396889269 60.843820194713771 8.0204798821359891 138.85507452720776 15.559576588217167 108.10576282115653 65.387718515470624 120.48604392656125 107.29024043865502 8.6139290537685138 45.673451605252922
leaf_count=334 143 88 427 88 59 116 494 39 533 33 101 201 240 146 368 56 170 106 247 67 224 75 228 27 102 57 328 133 29 137
internal_value=-0.00187231 -0.0486098 0.013412 -0.00099423 -0.0753935 -0.148484 -0.00211783 -0.0236492 -0.0672809 -0.186554 -0.0628861 -0.0654128 -0.0395717 -0.105749 0.00727761 -0.00519608 -0.0374547 -0.142548 0.0124787 -0.126532 -0.0553466 -0.0247865 -0.0545923 -0.148681 -0.0412195 -0.0546315 -0.0684137 -0.0509501 -0.24743 -0.140397
internal_weight=5201.1 1281.28 3919.82 461.699 819.577 80.0895 2341.67 711.092 739.487 24.7658 714.721 329.509 213.298 65.0998 1630.58 928.323 394.576 41.3011 381.583 75.1619 652.984 353.275 171.049 32.194 462.114 354.008 288.62 227.776 16.6344 61.7373
internal_count=5396 2528 2868 471 2057 321 2441 1048 1736 121 1615 762 383 205 1393 1025 691 162 286 268 1377 529 359 131 844 742 685 461 104 238
is_linear=0
shrinkage=0.05


Tree=7
num_leaves=31
num_cat=0
split_feature=126 139 131 51 75 184 114 18 122 84 76 91 104 93 14 136 103 184 128 126 77 68 116 164 126 43 133 103 163 112
split_gain=1287.78 531.04 517.996 205.535 203.866 383.149 198.47 163.666 161.508 137.974 175.768 122.233 162.136 124.698 119.04 114.586 111.892 101.096 96.2176 96.1712 128.987 128.021 106.872 95.4763 127.113 94.6544 93.9918 88.0542 86.7379 86.4934
threshold=39.500000000000007 83.777273392101407 52.500362958644175 59.500000000000007 7.1500000000000012 204.05000000000004 37.650000000000013 0.033506250000000008 14.500000000000002 20.150000000000002 1.3500000000000003 12.050000000000002 22.550000000000008 266.90046995000006 0.0082561165000000023 0.71500000000000008 596.55000000000007 180.75000000000003 10.628332990791533 56.500000000000007 271.19252225000008 0.8500000000000002 266.51723580000004 0.52083333333333337 44.500000000000007 0.40150000000000008 87.430000000000021 1444.6000000000001 0.56250000000000011 275.50853960000006
decision_type=2 2 2 2 2 2 2 2 2 2 2 2 2 2 2 2 2 2 2 2 2 2 2 2 2 2 2 2 2 2
left_child=1 4 3 15 -1 8 -7 27 16 11 -11 12 -4 19 25 26 -6 29 -10 -13 21 22 -21 -15 -25 -5 -2 -8 -19 -18
right_child=2 -3 9 14 5 6 7 -9 18 10 -12 13 -14 23 -16 -17 17 28 -20 20 -22 -23 -24 24 -26 -27 -28 -29 -30 -31
leaf_value=0.020317745017758921 -0.081042325136468363 0.035942471668792393 -0.28668459354686227 -0.23694766129367265 -0.15067102784733233 0.018774251955591622 -0.24534539702486319 -0.0091417448104509965 0.014570613584907686 -0.051790432336063202 -0.32181073330572824 -0.11149372152539259 -0.063061782206862982 0.010924100438383474 -0.025493479795839675 0.039160725341920971 0.0079690047554543206 -0.17379034792082398 -0.058681741883825189 -0.023590836497098561 -0.022797920706229352 -0.19363323987499476 -0.0843564413444753 -0.0055550494424151473 -0.15617731720430414 -0.060530537928908605 0.020435861311604658 -0.065137098191892798 -0.053656234585755663 -0.049018493863625993
leaf_weight=713.39989627839532 41.69612905010581 1521.6716634221375 13.093308930750934 12.573903963901101 26.881453808164224 785.37027271394618 13.711588728707286 50.48647587466985 182.60464643221349 13.195833317935469 10.955007238779215 107.95160385966301 21.067580909002572 100.21327956393361 105.565494466573 234.71688008587807 81.20124143268913 26.458735661581159 58.301589043810964 100.16748650651425 168.57901929761283 20.938714145217091 271.74464565794915 33.11031005717814 23.469229113776237 19.76349251717329 48.215031605213881 14.590109936892985 36.576128516811877 358.98325785493944
leaf_count=423 111 427 94 77 111 490 86 60 129 28 88 351 49 78 160 50 68 122 128 148 246 106 732 37 100 45 28 35 77 712
internal_value=-0.00171174 0.0129434 -0.0438007 -0.000902752 -0.00196493 -0.0116961 0.0111574 -0.0639893 -0.0372984 -0.0662017 -0.182398 -0.0627262 -0.154631 -0.0587377 -0.0518337 0.0208103 -0.0527018 -0.04717 -0.00330578 -0.0681342 -0.0596048 -0.0752885 -0.0681109 -0.0184125 -0.0697474 -0.134328 -0.0269432 -0.158008 -0.106087 -0.0385004
internal_weight=5217.25 3870.24 1347.02 462.531 2348.57 1635.17 864.158 78.7882 771.007 884.486 24.1508 860.335 34.1609 826.174 137.903 324.628 530.101 503.219 240.906 669.381 561.43 392.851 371.912 156.793 56.5795 32.3374 89.9112 28.3017 63.0349 440.184
internal_count=5396 2868 2528 471 2441 2018 671 181 1347 2057 116 1941 143 1798 282 189 1090 979 257 1583 1232 986 880 215 137 122 139 121 199 780
is_linear=0
shrinkage=0.05


Tree=8
num_leaves=31
num_cat=0
split_feature=126 139 131 136 185 73 168 15 133 85 124 170 128 92 128 89 133 139 77 112 105 126 4 131 85 121 186 123 134 124
split_gain=1122.92 490.166 366.654 203.035 179.107 165.162 219.122 151.468 113.411 112.959 111.446 192.322 145.253 111.985 106.996 136.01 101.284 97.3477 159.401 112.099 94.0688 92.5269 88.4155 83.8738 105.874 104.924 79.1234 78.7527 78.5016 87.5325
threshold=37.500000000000007 83.777273392101407 46.914709146432635 0.59000000000000008 0.0039054174601557174 26.950000000000003 0.0027468797500000007 0.0018083333333333335 86.820000000000007 266.71063490000006 0.78656609248549303 0.7302324800468345 10.070685168105079 8.5500000000000025 9.6888692041754485 51.45000000000001 33.680000000000007 33.334427712442256 273.8658236500001 280.15687700000007 16.500000000000004 41.500000000000007 0.0012481850000000004 348.64816328761918 264.39572595000004 1.0000000180025095e-35 0.00041797889662162016 -0.60355339059327362 19.895000000000003 -0.60355339059327384
decision_type=2 2 2 2 8 2 2 2 2 2 2 2 2 2 2 2 2 2 2 2 2 2 2 2 2 2 10 2 2 2
left_child=1 5 3 8 7 10 16 23 22 -9 11 -1 13 14 15 -13 -7 18 -14 20 -20 -6 27 24 26 28 -4 -2 29 -25
right_child=2 -3 4 -5 21 6 -8 9 -10 -11 -12 12 17 -15 -16 -17 -18 -19 19 -21 -22 -23 -24 25 -26 -27 -28 -29 -30 -31
leaf_value=0.016487934191112621 -0.06685303753907014 0.035914174315494762 -0.18227969936062949 0.024229790767847998 0.04351917758721642 -0.11777589837000016 0.0070156608121869747 -0.098612671605361718 0.0024626060318317078 -0.26973030447218371 0.023964157720591808 -0.21420299997378722 -0.032117711688450651 0.0099425760278713873 -0.00093596179380281961 -0.0086591941362636916 -0.041286927330610575 -0.028155599826014139 -0.38295226305631508 -0.096054050727480522 -0.11949403737120295 -0.035081506377503943 -0.024196433435547005 -0.10601039162361169 -0.041048816559934795 -0.013283653455102235 -0.066624159745842779 -0.19543413490604863 -0.084149442942671085 -0.28305598491932921
leaf_weight=597.44117293204181 28.481475740671158 1454.7187122153118 22.441566407680511 297.9886487480253 61.492069244384766 53.805249496712349 264.32919202325866 42.704214029014111 68.524215370416641 12.589578288607298 584.92304323741701 17.905916972085834 43.387500597629696 264.99314023647457 35.221952809020877 14.257625225931404 220.22554209129885 112.17167363641784 8.2273452086374146 23.956514285411686 7.5253737047314635 92.381044642999768 38.018048027530313 22.043336882255971 596.97592184995301 40.795942958444357 46.545894644223154 22.000060763210058 124.19619588321075 11.145105235744266
leaf_count=400 68 409 108 153 7 183 227 129 65 86 304 99 72 212 36 17 403 176 79 72 28 158 57 71 1088 52 110 112 335 80
internal_value=-0.00157181 0.0133095 -0.0376172 0 -0.0535501 -0.00132323 -0.0254505 -0.0618978 -0.04584 -0.141762 0.00628024 -0.00292214 -0.0248987 -0.00472756 -0.0617927 -0.126248 -0.0566971 -0.0590089 -0.099768 -0.170957 -0.272037 -0.00355997 -0.0829056 -0.0566239 -0.0479739 -0.0852793 -0.106385 -0.125694 -0.103708 -0.172151
internal_weight=5231.41 3703.09 1528.32 455.012 1073.31 2248.37 538.36 919.438 157.024 55.2938 1710.01 1125.09 527.647 332.379 67.3855 32.1635 274.031 195.268 83.0967 39.7092 15.7527 153.873 88.4996 864.144 665.963 198.181 68.9875 50.4815 157.385 33.1884
internal_count=5396 2717 2679 455 2224 2308 813 2059 302 215 1495 1191 791 364 152 116 586 427 251 179 107 165 237 1844 1306 538 218 180 486 151
is_linear=0
shrinkage=0.05


Tree=9
num_leaves=31
num_cat=0
split_feature=126 139 131 41 73 168 185 104 121 174 172 100 89 91 174 100 187 21 103 175 52 21 6 120 89 74 112 186 93 164
split_gain=985.671 464.281 302.463 186.651 145.815 183.03 145.619 107.942 128.507 167.702 220.686 149.351 125.674 123.666 107.705 192.086 103.701 101.222 96.7362 191.083 96.6909 87.038 86.7087 159.392 106.031 86.2225 79.1159 97.5561 74.791 84.0745
threshold=37.500000000000007 83.777273392101407 52.500362958644175 89.500000000000014 26.950000000000003 0.0027468797500000007 0.0039054174601557174 1.8500000000000005 0.15000000000000005 3.5000000000000004 8.5000000000000018 -2.3500000000000223 47.250000000000007 22.350000000000005 49.000000000000007 0.80000000000001148 0.69019937161996692 0.52083333333333337 974.45000000000016 4.5000000000000009 13.500000000000002 0.20138888888888892 0.0092062500000000009 272.38412465000005 35.250000000000007 27.021428571428576 274.58828330000006 0.00072465747283255238 266.90046995000006 0.52083333333333337
decision_type=2 2 2 2 2 2 8 2 2 8 10 2 2 2 10 2 2 2 2 8 2 2 2 2 2 2 2 8 2 2
left_child=1 4 3 17 7 26 14 8 9 -1 11 -11 13 -13 16 -16 28 -2 -12 -20 -10 -7 23 -22 -25 -8 -6 -28 -4 -30
right_child=2 -3 6 -5 5 21 25 -9 20 10 18 12 -14 -15 15 -17 -18 -19 19 -21 22 -23 -24 24 -26 -27 27 -29 29 -31
leaf_value=0.015676183491925857 -0.012423438759188027 0.03539946658058736 -0.054278709037077502 0.030837864548432927 -0.0026977758056564724 0.039491423132912803 -0.049597822703419316 0.027998624468783612 0.021298656546999785 -0.027902409971358746 -0.0025115024883329558 -0.14495892748495928 -0.079499506945215723 -0.38393087961702554 -0.2699910269734343 -0.073013942404947213 -0.12885737556244217 -0.083849074022056408 0.0014542673886641906 -0.19910663514867138 0.00041222479940148282 -0.018385252703568739 0.013704324172325531 -0.061808205200335156 -0.26782968141231361 0.026822711110596642 -0.054027707131917374 -0.16815204151112886 0.012342829178341926 -0.063067047567072307
leaf_weight=214.73941213125363 195.16029350273311 1403.4007319873199 664.47620928683318 231.48974598571658 66.270391002763063 113.66823915764689 60.196116867475212 419.65551647590473 591.48097785213031 35.520051032770425 213.14355768053792 17.183317028917376 26.374621749855578 8.8978897104971093 14.609812743961809 67.650754759088159 40.066240578889847 65.82900159060955 28.971738420426846 19.051653710426763 35.400100285187364 148.81300198053941 63.883762241341174 14.159889141097667 11.569625210016964 91.978950560092926 203.70507890707813 20.063291259575635 98.715403305366635 57.770438604056835
leaf_count=147 244 409 1387 88 70 23 121 184 339 56 224 70 70 85 99 168 146 178 28 99 35 204 46 33 79 42 425 91 74 132
internal_value=-0.00144907 0.0128365 -0.0343296 -0.00176512 -0.00122801 -0.0235204 -0.0489499 0.00602376 -0.00119104 -0.0190321 -0.0403774 -0.108414 -0.161296 -0.237838 -0.0562652 -0.11088 -0.050919 -0.0307094 -0.0171137 -0.0804479 0.0128499 0.00671419 -0.0269363 -0.0690254 -0.16119 -0.00350087 -0.0508285 -0.064985 -0.046957 -0.0156884
internal_weight=5243.9 3655.95 1587.94 492.479 2252.55 552.52 1095.46 1700.03 1280.38 563.882 349.143 87.9759 52.4558 26.0812 943.289 82.2606 861.028 260.989 261.167 48.0234 716.494 262.481 125.013 61.1296 25.7295 152.175 290.039 223.768 820.962 156.486
internal_count=5396 2717 2679 510 2308 813 2169 1495 1311 779 632 281 225 155 2006 267 1739 422 351 127 532 227 193 147 112 163 586 516 1593 206
is_linear=0
shrinkage=0.05


Tree=10
num_leaves=31
num_cat=0
split_feature=131 61 55 36 114 101 129 77 164 185 189 93 16 49 186 180 175 120 128 100 121 161 112 11 128 61 184 36 6 128
split_gain=941.797 513.918 262.579 186.101 123.776 110.622 99.4971 123.483 107.033 86.7852 82.4461 80.1733 82.8726 76.2854 112.936 105.205 71.1148 121.945 70.9309 69.2145 148.824 113.525 66.2441 106.459 60.5132 59.5218 63.361 61.9564 58.1588 54.3489
threshold=63.778943440450405 317.10000000000008 3.2507802000000372 280.51883465000009 38.050000000000004 2.6810304500000091 3.5000000000000004 266.29369425000004 0.38194444444444448 0.00083570286813186838 55.550000000000004 264.34203690000004 0.60000000000000009 966.05000000000007 -5.4530596308231549e-06 0.22916666666666669 14.500000000000002 280.83755160000004 10.413354576475458 -4.8000000000000105 1.0000000180025095e-35 0.35714285714285721 274.94097485000003 0.00030720225000000005 9.293439940087163 857.15000000000009 266.00000000000006 267.82268680000004 0.00038888888888888892 9.2175027416068858
decision_type=2 2 2 2 2 2 2 2 2 10 8 2 2 2 10 2 8 2 2 2 2 2 2 2 2 2 2 2 2 2
left_child=2 4 29 13 10 -6 8 -8 -3 -5 22 12 -9 14 -4 -16 17 19 -19 20 21 -10 -2 28 -15 27 -27 -13 -24 -1
right_child=1 6 3 9 5 -7 7 11 16 -11 -12 25 -14 24 15 -17 -18 18 -20 -21 -22 -23 23 -25 -26 26 -28 -29 -30 -31
leaf_value=-0.00054258670589481717 0.024284779352387605 -0.12617619709482983 0.025470499875334274 -0.081571423752262409 -0.012919987544503296 -0.14370029246245594 -0.13439083061394341 -0.11596720172048199 -0.2588248803232161 -0.00020199233307778634 -0.044895828054828002 -0.11530599499315837 -0.021759175555628125 0.039769485618210865 -0.12155160986266698 0.012799048804442471 -0.064943152721538097 -0.023548839260998097 -0.15556612185954588 -0.016300084293195374 -0.0098717653817289187 -0.071127493375928691 -0.021492794509774107 0.0071468152224478752 0.011710950027808569 0.0048539381209283354 -0.046932374865283635 -0.023389515133849858 -0.11243168193463689 -0.037639407033346617
leaf_weight=277.87373749539256 485.28787579061463 44.096898209303617 184.69477276969701 43.424539968371391 44.216156259179115 24.787261029705405 23.648731175810099 39.941824285313487 12.583750155987216 125.38940740935504 71.13172764563933 24.074710756074637 56.065872854553163 1617.1982040815055 28.116602325811982 28.703541968017817 319.11476194206625 15.927527435123919 29.865980892907828 354.88190088048577 49.858697758056223 22.900436747819185 48.585416563320905 607.00615567527711 219.82031242456287 346.87087305588648 70.132065197452903 71.830566844437271 27.288816215819679 152.41272179037333
leaf_count=281 249 158 90 116 56 99 90 135 83 126 136 82 81 330 99 21 735 24 126 471 60 57 70 520 168 313 137 106 91 268
internal_value=0.000819494 -0.0195049 0.0219988 0.0288489 0.00333015 -0.0613517 -0.0396584 -0.0245701 -0.0508492 -0.0215194 0.00698218 -0.0200834 -0.0617953 0.0329505 0.0064769 -0.0545483 -0.0465659 -0.0343808 -0.11124 -0.0261403 -0.0663385 -0.143097 0.0101811 0.000130168 0.0364229 -0.0121609 -0.00393503 -0.0474663 -0.0553019 -0.0137511
internal_weight=5467.73 2790.1 2677.63 2247.35 1308.3 69.0034 1481.79 632.565 849.23 168.814 1239.3 608.916 96.0077 2078.53 241.515 56.8201 805.133 486.018 45.7935 440.225 85.3429 35.4842 1168.17 682.88 1837.02 512.908 417.003 95.9053 75.8742 430.286
internal_count=5378 3879 1499 950 1221 155 2658 944 1714 242 1066 854 216 708 210 120 1556 821 150 671 200 140 930 681 498 638 450 188 161 549
is_linear=0
shrinkage=0.05


Tree=11
num_leaves=31
num_cat=0
split_feature=131 61 35 36 114 21 49 84 96 101 89 23 90 93 112 184 114 24 44 54 69 133 185 44 120 22 43 133 150 5
split_gain=852.506 437.682 241.547 174.483 116.424 108.372 213.624 100.203 107.702 91.5526 82.815 81.7398 81.0253 78.6295 73.1089 112.02 133.731 114.82 83.4402 72.8965 109.294 78.2725 73.7177 66.8032 60.3121 98.7246 74.6505 70.1126 70.4972 60.2632
threshold=63.778943440450405 317.10000000000008 276.37571840000004 280.51883465000009 39.550000000000004 0.56250000000000011 977.75000000000011 5.0500000000000016 33.26250000000001 2.0079434500000279 25.050000000000004 23.458333333333339 11.120408163265308 263.50812270000006 274.94097485000003 201.10000000000002 15.65 51.500000000000007 1012.5000000000001 0.015000000000000001 266.35518455000005 26.470000000000002 0.0017410484861216568 1352.5000000000002 275.87724765000002 1.5000000000000002 0.39450000000000007 8.6250000000000018 0.75000000000000011 2.4800000000000009
decision_type=2 2 2 2 2 2 2 2 2 2 2 2 2 2 2 2 2 2 2 2 2 2 8 2 2 2 2 2 2 2
left_child=2 4 -1 5 14 -4 7 8 -7 -6 11 -3 -12 -5 -2 16 -16 -18 -19 20 -14 -22 -23 -15 25 -21 -26 29 -29 -27
right_child=1 10 3 13 9 6 -8 -9 -10 -11 12 -13 19 23 15 -17 17 18 -20 24 21 22 -24 -25 26 27 -28 28 -30 -31
leaf_value=-0.012609714001624884 0.021373443974308525 -0.15289388298138024 0.037155347971998341 0.011647737832065163 -0.0098272088407059793 -0.044728634410932971 0.02532288118860784 -0.0078224302823197058 -0.22989654595374676 -0.14158226058404641 0.037298811601065067 -0.048845965946343058 0.021026958518617009 -0.12090509312189922 -0.095809395046537127 0.017126304464238309 0.0021664298913991998 -0.14367646472510576 -0.021274765761444443 -0.099877646943565115 -0.064459053968007288 -0.28449982699008258 -0.094619976507948983 -0.023698201117860911 -0.042904795156411817 -0.078301917359088716 -0.12046625821942142 -0.014260243112033217 -0.069780947831318094 -0.0032414911786022259
leaf_weight=434.95471449568868 488.23104621376842 27.808162768371403 1712.1643466260284 91.693358979187906 29.838811150286347 16.365393420681361 242.34283331409097 26.584451297298074 15.416779933497308 22.984475306235254 38.76006243750453 60.155758584849536 18.155738055706024 25.593707177788019 51.431463594548404 355.05975660588592 300.14833594230004 24.015946071129292 32.602355272043496 43.336164299398661 31.282286811619997 10.195820467546584 12.449041040614246 55.242892522364855 268.03885804675519 94.828653664328158 34.754876513965428 804.24127471586689 60.737698051612824 37.409893421456218
leaf_count=545 279 116 439 70 36 32 119 31 91 91 9 120 10 90 152 233 287 96 47 132 73 74 38 82 499 245 121 1034 147 40
internal_value=0.000811337 -0.018129 0.021387 0.0281582 0.00318744 0.0322953 0.0045755 -0.0804605 -0.138975 -0.0688147 -0.0361515 -0.0831439 -0.0332503 -0.0199879 0.00628305 -0.00337858 -0.0212247 -0.0102208 -0.0748735 -0.0352107 -0.0840259 -0.119224 -0.188741 -0.0556373 -0.032527 -0.0267555 -0.052191 -0.023476 -0.0182407 -0.0572888
internal_weight=5466.82 2846.47 2620.36 2185.4 1304.31 2012.87 300.709 58.3666 31.7822 52.8233 1542.15 87.9639 1454.19 172.53 1251.49 763.258 408.198 356.767 56.6183 1415.43 72.0829 53.9271 22.6449 80.8366 1343.35 1040.55 302.794 997.218 864.979 132.239
internal_count=5378 3879 1499 954 1221 712 273 154 123 127 2658 236 2422 242 1094 815 582 430 143 2413 195 185 112 172 2218 1598 620 1466 1181 285
is_linear=0
shrinkage=0.05


Tree=12
num_leaves=31
num_cat=0
split_feature=128 61 93 129 132 121 20 85 169 164 164 133 115 104 90 101 126 140 101 15 175 112 121 45 103 95 41 133 21 61
split_gain=787.299 346.58 186.613 155.224 141.606 110.87 142.076 110.018 93.1136 79.5804 78.3694 77.9662 77.1378 88.5894 81.7553 91.8228 110.565 72.766 79.3585 68.9888 69.1658 65.2 57.728 57.3869 60.7404 56.7157 93.6237 56.5665 54.2155 51.7209
threshold=9.293439940087163 317.10000000000008 264.73261560000003 3.5000000000000004 4.5000000000000009 0.25000000000000006 1.0000000180025095e-35 266.22967215000006 2.3178312500000056e-05 0.3263888888888889 0.3263888888888889 86.075000000000017 21.550000000000004 1.0000000180025095e-35 24.708163265306126 -5.3700028499999908 10.500000000000002 63.310000000000009 0.70784084999996832 0.0016031250000000002 19.500000000000004 275.58921115000004 1.0000000180025095e-35 84.500000000000014 2171.7500000000005 3.5000000000000004 62.500000000000007 21.260000000000002 0.54861111111111127 726.80000000000007
decision_type=2 2 2 2 2 2 2 2 2 2 2 2 2 2 2 2 2 2 2 2 8 2 2 2 2 2 2 2 2 2
left_child=2 5 8 10 9 6 12 23 11 -4 -3 27 14 -14 15 -2 25 29 -19 20 -12 -8 -6 -5 -25 26 -17 -1 -26 -9
right_child=1 3 4 7 22 -7 21 17 -10 -11 19 -13 13 -15 -16 16 -18 18 -20 -21 -22 -23 -24 24 28 -27 -28 -29 -30 -31
leaf_value=-0.055830348381757405 0.013705959671660585 -0.10600393651846428 0.015183590888233704 -0.011274048603892731 -0.057885555742229568 0.016074274221356398 -0.036383156837593626 -0.031349745384110068 0.00066065637379106844 0.039267438827995285 -0.025649725427983536 -0.016745980833780909 0.002585097080582778 -0.12540384162055992 0.017459361942831098 -0.066062405620523026 -0.012167493661492423 -0.00608387936153442 -0.12063020906166928 -0.087072372518038621 -0.057050819783263311 -0.15760820645073981 0.010047652242408091 -0.018510067231729068 -0.064630776887134769 -0.02681108446116498 -0.23089884937604679 -0.20196027600746974 -0.15769452590215838 0.0076584185903169431
leaf_weight=14.071291197091343 109.34869479946792 46.08214521035552 465.87755709886551 89.495081182569265 58.275775618851185 820.05833636876196 23.831229615025222 100.35249909432605 137.93577584996819 1327.2011631187052 575.27439842512831 29.638549197465181 26.522992096841335 26.336915432475507 312.60786319617182 21.789463972439989 88.998802969232202 35.463240716606379 25.636549395509064 69.729059438221157 254.43942615343258 21.373874790151604 65.454167447984219 52.933679461479187 75.724595540668815 17.81238903850317 14.824201491894199 13.863454192876814 20.160885153338313 524.60625120159239
leaf_count=31 79 146 324 110 127 556 42 164 136 284 871 40 25 95 203 52 111 40 90 193 546 92 52 73 175 28 88 74 87 444
internal_value=0.000801397 -0.0142573 0.0247056 -0.0285692 0.0294531 0.00378593 -0.011397 -0.0139688 -0.021727 0.0330247 -0.0428079 -0.0745448 -0.00505931 -0.0622356 0.000377962 -0.0207126 -0.0469016 -0.00377271 -0.0553949 -0.0394504 -0.0353423 -0.0959795 -0.0221158 -0.043162 -0.0621018 -0.102365 -0.137299 -0.132998 -0.0856756 0.00134663
internal_weight=5465.72 3353.4 2112.32 1869.9 1916.81 1483.5 663.446 924.373 195.509 1793.08 945.525 57.5733 618.241 52.8599 565.381 252.774 143.425 686.059 61.0998 899.443 829.714 45.2051 123.73 238.314 148.819 54.4261 36.6137 27.9347 95.8855 624.959
internal_count=5378 4310 1068 2939 787 1371 815 1183 281 608 1756 145 681 120 561 358 279 738 130 1610 1417 134 179 445 335 168 140 105 262 608
is_linear=0
shrinkage=0.05


Tree=13
num_leaves=31
num_cat=0
split_feature=128 61 118 129 21 115 189 85 141 140 176 86 84 126 136 48 35 46 75 172 91 126 172 28 15 175 118 19 101 96
split_gain=718.665 301.971 259.135 137.488 106.976 101.948 108.699 96.3812 85.5509 94.0757 79.4129 72.0209 76.8173 67.8898 171.423 89.2207 71.6777 71.8953 64.1289 63.8541 63.4718 62.8534 62.6033 67.8406 60.8529 85.7928 71.302 57.6967 55.8474 53.6244
threshold=9.293439940087163 282.55000000000001 15.350000000000003 3.5000000000000004 0.47916666666666669 21.550000000000004 31.150000000000002 266.22967215000006 38.090000000000011 63.310000000000009 5.5000000000000009 12.500000000000002 3.850000000000001 17.500000000000004 0.67500000000000016 65.500000000000014 277.8562210500001 92.500000000000014 14.250000000000002 9.5000000000000018 19.550000000000004 26.500000000000004 9.5000000000000018 7.6000000000000005 0.0016031250000000002 19.500000000000004 7.3500000000000005 -0.0010157142857142854 1.9466047999999889 40.437500000000007
decision_type=2 2 2 2 2 2 8 2 2 2 10 2 2 2 2 2 2 2 2 10 2 2 8 2 2 8 2 2 2 2
left_child=2 5 18 24 20 10 -7 27 9 29 19 12 -10 14 -12 16 17 -16 -1 -2 -4 22 -6 -24 25 26 -3 -5 -11 -9
right_child=1 3 4 7 21 6 -8 8 11 28 13 -13 -14 -15 15 -17 -18 -19 -20 -21 -22 -23 23 -25 -26 -27 -28 -29 -30 -31
leaf_value=-0.016172104434926161 -0.088487034545161422 -0.097174955937744723 0.040315799950864893 -0.080292230271408027 0.027882843776930649 -0.0074659304206061445 -0.13838633158883448 0.01612614707810418 -0.030694150146191035 -0.016506259250556609 0.01170545737475385 0.010151610549201939 -0.16542868191755303 0.025774473270894872 -0.13263015696526972 -0.13678979512522249 0.017262777539939624 -0.0031834316571671128 -0.088179857229095215 -0.0081833588325077034 0.0090034587819067501 -0.03396549380348636 0.020895516571550889 -0.072576089562986237 -0.079727462596237822 -0.055834277062556649 -0.019824886032950961 -0.024932163571810981 -0.11032691420288894 -0.021504770458123414
leaf_weight=159.11278546229005 33.624179946957156 30.561076185666025 1259.3002726193517 63.048331789672375 268.24799685738981 44.157191068865359 23.922190271317959 475.91651940485463 23.103358123451471 41.0261194948107 629.76872838218696 25.475348375737667 19.633278591558337 484.23196868691593 23.06502885511145 25.205928407609463 40.390194827690721 19.589118890464306 37.681470077484846 88.286698105512187 186.94268352352083 73.971273917704821 40.402556244283915 35.671099659055471 82.983759286813438 323.04435376718175 577.51866682711989 185.7689301809296 25.477151449769735 117.10400829743594
leaf_count=211 95 92 243 166 118 51 93 322 38 55 482 20 88 234 87 97 26 21 106 103 153 125 23 89 217 685 807 279 84 168
internal_value=0.000788002 -0.0133229 0.0240803 -0.0258638 0.0298423 0.0043567 -0.0548793 -0.0124467 -0.00323603 0.00230301 0.00739918 -0.0561232 -0.0950729 0.0112467 0.00168595 -0.0561325 -0.0302553 -0.0747304 -0.0303613 -0.0309123 0.0362808 0.00753565 0.0165384 -0.0232416 -0.0387541 -0.0350155 -0.0238737 -0.0392452 -0.0536246 0.00866304
internal_weight=5464.23 3402.9 2061.33 1990.66 1864.54 1412.24 68.0794 976.553 727.736 659.524 1344.16 68.212 42.7366 1222.25 738.019 108.25 83.0443 42.6541 196.794 121.911 1446.24 418.293 344.322 76.0737 1014.11 931.124 608.08 248.817 66.5033 593.021
internal_count=5378 4310 1068 3021 751 1289 144 1220 775 629 1145 146 126 947 713 231 134 108 317 198 396 355 230 112 1801 1584 899 445 139 490
is_linear=0
shrinkage=0.05


Tree=14
num_leaves=31
num_cat=0
split_feature=128 61 118 132 130 121 136 123 164 112 22 83 172 189 47 29 135 49 14 121 173 101 75 115 51 62 23 48 111 93
split_gain=656.273 263.002 239.734 124.448 114.676 108.256 94.1796 86.7742 73.4114 71.1608 83.9587 70.5599 111.724 83.5055 70.1834 53.7103 121.53 79.9337 52.6656 51.007 50.8865 49.6411 84.8866 60.2329 54.7412 93.7715 49.1751 48.149 47.1492 90.84
threshold=9.293439940087163 282.55000000000001 15.350000000000003 4.5000000000000009 1.0000000180025095e-35 0.25000000000000006 0.75000000000000011 0.91597561503675362 0.3263888888888889 269.56532485000008 2.5000000000000004 14.750000000000002 15.000000000000002 24.850000000000005 78.500000000000014 29.350000000000005 16.630000000000003 984.6500000000002 0.025648871000000004 1.0000000180025095e-35 11.500000000000002 -0.76706500000003064 23.050000000000004 13.350000000000003 43.500000000000007 32.750000000000007 27.850000000000005 17.500000000000004 3.7500000000000004 272.93626080000007
decision_type=2 2 2 2 2 2 2 2 2 2 2 2 10 8 2 2 2 2 2 2 10 2 2 2 2 2 2 2 2 2
left_child=2 5 18 8 7 6 28 9 -4 14 27 -8 13 -13 -3 -7 17 -17 -1 -5 -12 22 23 26 25 -23 -6 -11 -2 -30
right_child=1 4 3 19 21 15 11 -9 -10 10 20 12 -14 -15 -16 16 -18 -19 -20 -21 -22 24 -24 -25 -26 -27 -28 -29 29 -31
leaf_value=-0.015139545573330922 0.024812923779324144 -0.016225701612334182 0.015596548924315862 -0.050231181289494865 -0.040850888873271263 0.030515797878035957 -0.010052002075015526 -0.076592847899003502 0.039282692087712692 -0.007286381968090414 0.0098587991131505251 -0.062572032843972378 -0.024341327579860333 -0.23858929793860761 -0.082708212245389545 -0.12960151741374829 0.01552426092395502 -0.014319824564343926 -0.078945704603651135 0.01125566804469871 -0.025426315298821681 -0.054406102498224876 -0.098340853243149479 0.0027871941362976778 -0.037421959536236386 -0.17088468253818492 0.021939549602806904 -0.10368145467618042 0.0026866529925453834 -0.0551768662210608
leaf_weight=163.18597843125463 122.27750925626606 143.88332711160183 449.68153017014265 61.30596049502492 252.10704460553825 363.65439870930277 54.7017234088853 47.936414028517902 1226.453774725087 23.351337265223265 567.11952379532158 13.612865678966047 33.233986767940223 14.749024815391747 54.346989274024963 23.749234096612781 363.16913496260531 39.34525947785005 39.676035039126873 72.68819797039032 123.5586496302858 96.647548680193722 35.031881185248494 195.02732475940138 419.88967296015471 20.708159833215177 34.815534345805645 28.899508591741323 290.77813157718629 87.374947260366753
leaf_count=213 61 191 309 124 459 141 66 123 262 27 455 32 50 90 146 88 250 51 104 56 187 203 106 184 735 95 19 91 275 185
internal_value=0.000776548 -0.0124593 0.0234582 0.0292367 -0.0239096 0.00417528 -0.0115076 -0.0116557 0.0329441 -0.00826509 -0.00114063 -0.051835 -0.0881081 -0.159285 -0.0348014 0.0164251 0.00434903 -0.0591357 -0.0279694 -0.0170029 0.00351162 -0.0353797 -0.0242208 -0.0186303 -0.0460436 -0.0762719 -0.0331647 -0.0616414 -0.0020411 -0.0107802
internal_weight=5462.96 3449.97 2012.99 1810.13 2043.32 1406.65 616.728 989.096 1676.14 941.159 742.929 116.298 61.5959 28.3619 198.23 789.918 426.264 63.0945 202.862 133.994 690.678 1054.23 516.982 481.95 537.245 117.356 286.923 52.2508 500.431 378.153
internal_count=5378 4310 1068 751 3021 1289 759 1220 571 1097 760 238 172 122 337 530 389 139 317 180 642 1801 768 662 1033 298 478 118 521 460
is_linear=0
shrinkage=0.05


Tree=15
num_leaves=31
num_cat=0
split_feature=128 121 118 21 65 131 11 135 30 129 103 141 43 173 82 69 65 1 83 79 141 83 47 138 116 29 62 83 75 65
split_gain=629.296 288.171 230.871 161.002 97.0703 94.4996 115.835 83.8872 81.166 82.9054 80.4195 74.2264 70.2921 69.8033 68.4425 67.2337 59.792 76.3377 67.4347 58.0379 125.475 63.872 69.7376 57.1755 56.2126 54.9669 87.3413 54.2043 54.3783 72.5123
threshold=9.5184498758180087 0.35000000000000003 15.450000000000001 0.47916666666666669 16.550000000000004 86.399070695009968 0.00020733427777777779 22.650000000000002 -1.548571428571426 7.5000000000000009 1033.1500000000003 29.075000000000003 0.47750000000000004 4.5000000000000009 17.886000000000006 284.17740190000006 13.850000000000003 0.00028231600000000007 13.850000000000003 1.0000000180025095e-35 37.610000000000007 19.950000000000003 34.500000000000007 4.0500000000000007 287.20843290000005 44.100000000000009 21.950000000000003 18.150000000000002 18.250000000000004 15.450000000000001
decision_type=2 2 2 2 2 2 2 2 2 2 2 2 2 8 2 2 2 2 2 2 2 2 2 2 2 2 2 2 2 2
left_child=2 5 12 8 -3 13 -7 24 9 -4 16 25 -1 14 -2 -16 17 -8 -19 21 -21 27 -23 -5 -6 26 -12 -13 29 -29
right_child=1 4 3 23 7 6 10 -9 -10 -11 11 19 -14 -15 15 -17 -18 18 -20 20 -22 22 -24 -25 -26 -27 -28 28 -30 -31
leaf_value=-0.036341443677384087 -0.00018953446408952239 0.024382436511059424 -0.029435150562673928 0.012909477287354518 -0.11358458254834543 -0.065000828513725892 0.00038085956714660355 0.002902589391391661 0.040810063615287086 0.027298855672049888 -0.15726226855384673 -0.019792858850197371 0.031167573049574335 0.00050457235583526978 -0.17732512247631554 -0.034545373693562247 0.0087161062124495748 -0.02114308520598324 -0.16283659087703486 -0.14322883272387893 0.001306711465389711 -0.041731692969915905 0.012109525413272454 -0.027536597793334845 -0.006665528498007796 -0.028445602247798886 -0.051922118898063155 -0.026458043579910967 -0.030670809974510927 -0.18315410389511816
leaf_weight=195.83479041978717 31.775757178664207 619.86310289078392 83.912031099200249 262.00519309937954 29.534662405960262 168.95529762702063 50.492226078175008 162.59710428770632 1310.7609864212573 265.72664273157716 21.893699135631323 334.20621403679252 47.055410470813513 666.83946793247014 15.034303409978746 18.457007896155119 303.11375465802848 16.499943802133203 17.065502623096108 27.179024375043809 31.961421656422317 75.800065380521119 276.24646447738633 129.84143889322877 20.971029833890498 233.49370628315955 164.76382215507329 13.321580222342165 45.423235198482871 16.9923918354325
leaf_count=339 32 317 134 194 99 390 50 153 240 120 94 467 17 660 72 32 250 24 76 108 31 140 209 202 24 367 337 21 74 83
internal_value=0.00266423 -0.0111108 0.0228435 0.0283002 0.014381 -0.0195096 -0.0256752 -0.0146652 0.0350999 0.0136235 -0.0215547 -0.0277561 -0.0231682 -0.0043509 -0.0532941 -0.102067 -0.00163956 -0.0387045 -0.095955 -0.0189611 -0.0663111 -0.0151975 0.0004173 -0.000515897 -0.070278 -0.0448472 -0.0650767 -0.0285875 -0.0665667 -0.117497
internal_weight=5657.62 3362.48 2295.14 2052.25 832.966 2529.51 1797.41 213.103 1660.4 349.639 1628.45 1241.28 242.89 732.107 65.2671 33.4913 387.171 84.0577 33.5654 821.13 59.1404 761.99 352.047 391.847 50.5057 420.151 186.658 409.943 75.7372 30.314
internal_count=5356 4110 1246 890 593 3517 2721 276 494 254 2331 1931 356 796 136 104 400 150 100 1133 139 994 349 396 123 798 431 645 178 104
is_linear=0
shrinkage=0.05


Tree=16
num_leaves=31
num_cat=0
split_feature=128 121 35 49 164 67 135 54 44 186 23 141 93 20 64 35 38 175 171 99 120 134 116 121 44 116 180 163 120 115
split_gain=576.451 255.808 219.405 157.54 100.454 86.3103 84.5259 82.2377 81.6251 73.4945 73.1149 70.5116 63.4468 104.243 63.1557 68.1776 62.599 56.7689 46.6639 46.3515 63.1494 43.4679 42.7026 46.9146 41.6198 48.695 120.416 50.1172 41.3116 40.326
threshold=9.5184498758180087 0.35000000000000003 276.37571840000004 964.85000000000002 0.34027777777777785 9.0500000000000025 22.880000000000006 1.0000000180025095e-35 852.50000000000011 -9.1389126683052576e-06 20.176388888888891 24.465000000000003 268.75763520000004 1.0000000180025095e-35 10.400000000000013 277.32018055000009 0.15000000000000005 57.500000000000007 -0.0012444774999999999 -2.1999999999999882 274.27151670000006 7.7150000000000007 267.19320025000007 1.0000000180025095e-35 1392.5000000000002 280.02074075000002 0.36805555555555564 0.40972222222222227 267.97060820000007 21.550000000000004
decision_type=2 2 2 2 2 2 2 2 2 10 2 2 2 2 2 2 2 8 2 2 2 2 2 2 2 2 2 2 2 2
left_child=2 7 24 11 8 -3 -7 17 -5 14 19 -4 16 29 15 -9 22 -2 -10 -11 -21 -17 -12 -24 25 27 -27 -1 -16 -14
right_child=1 5 3 4 -6 6 -8 9 18 10 12 -13 13 -15 28 21 -18 -19 -20 20 -22 -23 23 -25 -26 26 -28 -29 -30 -31
leaf_value=0.019843613612824725 -0.14384988485591049 0.02180829018072029 0.0037214320023028916 0.021263090659509987 0.039757543111585782 -0.086197438155486278 0.00054476772512952775 -0.019184018268981452 -0.0015133209191803513 -0.017175533765650952 -0.01020591862459249 -0.077052332991709604 0.0060528871097301961 -0.071352328623202524 -0.0063274420213205521 0.030961677352113061 0.0036354657497158489 -0.033442749354578451 -0.08586743191749352 -0.15390109985767778 -0.05166388113041287 -0.0083128671031761671 -0.041603112981236749 -0.015322538704992245 -0.039709435461533292 -0.11943684860804618 0.020117422052889116 -0.028080526657875578 -0.09210618381554736 -0.038941169341386084
leaf_weight=204.76072698645294 20.382524948567152 662.49291932547931 70.415346793830395 279.30154168605804 1356.5844229748473 35.307584553956985 123.45599149656482 190.44594886898994 35.786601308733225 41.351728973910213 227.29981315415353 42.643433026969433 475.82312895683572 53.345887884497643 27.316570834256709 219.8703017514199 161.94782545603812 27.702313996851444 29.507679045200348 21.780652013141662 51.083394177258015 102.66494201309979 641.9366650050506 233.91126156877726 90.907834954559803 26.709438893944025 34.304851688444614 73.218249537050724 28.520179208368063 54.598549397662282
leaf_count=123 82 373 65 160 277 98 122 264 37 56 274 110 418 131 31 83 150 47 82 92 105 120 1177 306 164 93 20 115 83 98
internal_value=0.00256163 -0.0104146 0.0222267 0.0298346 0.0336357 0.0138738 -0.0191334 -0.0181504 0.00947578 -0.0168977 -0.0214813 -0.0271094 -0.0190565 -0.00539808 -0.00106017 0.00446331 -0.0253458 -0.0823219 -0.0404301 -0.0601846 -0.0839623 0.0184578 -0.0296044 -0.0346156 -0.00986292 -0.00175102 -0.0418337 0.00714731 -0.051079 0.00134749
internal_weight=5645.38 3401.24 2244.14 1814.24 1701.18 821.256 158.764 2579.98 344.596 2531.9 1963.08 113.059 1848.86 583.768 568.818 512.981 1265.1 48.0848 65.2943 114.216 72.864 322.535 1103.15 875.848 429.901 338.993 61.0143 277.979 55.8368 530.422
internal_count=5356 4110 1246 731 556 593 220 3517 279 3388 2807 175 2554 647 581 467 1907 129 119 253 197 203 1757 1483 515 351 113 238 114 516
is_linear=0
shrinkage=0.05


Tree=17
num_leaves=31
num_cat=0
split_feature=128 73 35 49 85 176 132 164 139 112 11 29 142 187 76 16 53 85 21 31 119 62 112 99 76 179 44 67 116 0
split_gain=528.175 230.198 206.676 147.587 107.5 112.385 125.173 98.6601 97.6122 77.544 63.0868 64.4453 62.2295 64.6443 60.578 60.5931 60.0992 56.856 49.4482 40.5694 64.2171 48.0904 40.5428 37.7337 37.2731 37.0912 52.3079 49.8715 40.2394 35.8168
threshold=9.5184498758180087 19.650000000000002 276.37571840000004 964.85000000000002 267.99176450000004 7.5000000000000009 2.5000000000000004 0.34027777777777785 90.084529157147117 282.50350480000003 0.00027940118750000004 44.850000000000009 788.75205151939144 0.58927714947068832 17.350000000000001 0.94500000000000006 156.50000000000003 280.15869980000008 0.35416666666666669 35.45000000000001 15.65 12.250000000000002 292.20748955000005 1.350000000000023 3.350000000000001 -0.01355371641785714 1392.5000000000002 16.650000000000002 280.02074075000002 0.1072
decision_type=2 2 2 2 2 10 2 2 2 2 2 2 2 2 2 2 2 2 2 2 2 2 2 2 2 10 2 2 2 2
left_child=2 4 25 8 10 6 -6 9 -4 -5 -2 -12 13 14 15 19 -7 -11 -18 20 -3 -22 -15 -21 29 27 28 -1 -27 -17
right_child=1 12 3 7 5 16 -8 -9 -10 17 11 -13 -14 22 -16 24 18 -19 -20 23 21 -23 -24 -25 -26 26 -28 -29 -30 -31
leaf_value=-0.089014366464433586 0.0067442810682757093 -0.024038098814752634 -0.092479070835530974 0.025479965378952259 -0.10973446326637343 0.021310962388014602 -0.0022802674150617136 0.039342443241850635 0.0057127897825676012 -0.064833102111500812 -0.17058363274583715 -0.035101025134126849 -0.070035231545529125 -0.031147624659640334 0.03569617893587914 0.0019377773573853588 0.013334042856688362 0.0069856588316022997 -0.062992086419988616 -0.034957214031056054 -0.12929474291934701 -0.035423918905740245 -0.087976744903243947 0.018569892646600611 -0.044219430841545095 0.014423958778604994 -0.043162548800247266 0.0010049060052147955 -0.030629638699979273 -0.036484117576417362
leaf_weight=30.615437425673008 23.38983841240406 794.46883174637333 35.812424164265394 231.66688174381852 35.591978197917342 900.21531549794599 105.062961662421 1303.7080409908667 80.400475953705609 49.029128160327673 15.751016272231935 20.092577857896686 57.691101980395615 348.3016606667079 58.774237906560302 637.85934448288754 44.137236293405294 60.723601080477238 39.224055936094373 48.377796210348606 25.185932280030102 31.133857038803399 34.114612941630185 97.790626556612551 54.667922939173877 246.49802610836923 66.570070423185825 29.717361055314541 60.949924279004335 66.006523244548589
leaf_count=87 20 1177 104 113 116 516 110 277 71 114 73 35 140 566 16 613 32 52 90 83 93 54 96 61 104 175 125 29 99 115
internal_value=0.00246186 -0.00977165 0.0216141 0.0292293 0.00807812 0.011559 -0.030089 0.0330785 -0.0250344 0.00909989 -0.0570004 -0.0977869 -0.0191438 -0.0177737 -0.0138171 -0.0154971 0.0175444 -0.025348 -0.0228415 -0.0235954 -0.0277716 -0.079013 -0.0364465 0.00070274 -0.00482969 -0.00925107 -0.00331744 -0.0452997 0.00540577 -0.00170487
internal_weight=5633.53 3437.84 2195.69 1761.34 1183.46 1124.23 140.655 1645.13 116.213 341.42 59.2334 35.8436 2254.37 2196.68 1814.27 1755.49 983.577 109.753 83.3613 996.957 850.789 56.3198 382.416 146.168 758.534 434.351 374.018 60.3328 307.448 703.866
internal_count=5356 4110 1246 731 992 864 226 556 175 279 128 108 3118 2978 2316 2300 638 166 122 1468 1324 147 662 144 832 515 399 116 274 728
is_linear=0
shrinkage=0.05


Tree=18
num_leaves=31
num_cat=0
split_feature=131 75 118 184 21 15 120 123 186 128 67 21 93 155 131 94 169 61 49 53 170 175 36 111 176 134 174 96 140 187
split_gain=485.198 235.591 182.802 97.6495 88.9671 85.4537 97.9141 115.98 115.814 89.4743 89.3411 69.3889 65.9097 91.2158 70.4494 69.046 112.268 65.0987 63.216 62.9062 57.964 52.7225 52.4921 49.4593 48.0266 57.8583 47.6935 46.13 64.7945 45.7193
threshold=33.205449859187688 8.5500000000000025 16.450000000000003 87.90000000000002 0.4513888888888889 0.0002416666666666667 271.25632375000004 0.91597561503675362 1.9880126490965965e-05 10.38965668794107 8.1500000000000004 0.27083333333333343 273.21006520000009 0.014000000000000004 67.674580245725693 8.5000000000000018 1.0058249999999979e-05 413.20000000000005 987.1500000000002 167.50000000000003 0.9896394200980041 59.500000000000007 268.92789545000005 17.750000000000004 13.500000000000002 12.685000000000002 7.5000000000000009 47.57500000000001 15.325000000000001 0.58307283748751004
decision_type=2 2 2 2 2 2 2 2 8 2 2 2 2 2 2 2 2 2 2 2 2 10 2 2 10 2 10 2 2 2
left_child=2 3 -1 26 -4 12 7 9 22 20 -9 -5 13 19 -14 -15 -17 -16 -6 -3 -7 -21 -8 -12 25 -11 -2 28 -13 -10
right_child=1 5 4 11 18 6 8 10 29 24 23 27 14 15 17 16 -18 -19 -20 21 -22 -23 -24 -25 -26 -27 -28 -29 -30 -31
leaf_value=-0.030967535379251912 -0.00091452619786656247 0.002412190338856729 0.041283055011697427 -0.062857019412678961 -0.027668001935599047 0.025293252888629016 -0.035861758673515043 0.0034452777143469601 -0.0015731039186090607 -0.0019682647456932835 -0.15111673257207064 -0.064448457856433786 -0.017645532967658088 -0.018698311001670836 -0.18724532500253088 -0.154000442213826 -0.04461820334896513 -0.043278838082749911 0.029609819852767144 -0.10528547806819842 -0.0083491966596687117 -0.01096105139207614 -0.09059362885118874 -0.046736771419336312 -0.0006712819792872223 -0.063663133923137313 0.03033982439323147 0.030039596276485378 0.0015619735792762176 -0.030919235936596946
leaf_weight=113.79909726791084 152.09972557565197 355.28872331883758 980.42183404043317 46.803849739022553 85.844000168144703 523.35069179628044 213.23973026848398 36.697571722790599 530.18773113633506 73.949587361887097 23.090486876666546 43.954734007362276 29.231116846203804 207.08371792547405 17.735880234278738 26.67150857206434 169.63312790542841 15.027215056121348 107.14029047265649 25.692772863432765 168.58245542831719 34.186401131562889 55.510384168475866 24.274773631244898 385.70819618739188 77.697460683062673 609.62527180579491 99.448868339881301 213.81056976038963 176.2755246385932
leaf_count=185 155 338 170 107 134 258 367 34 547 77 96 102 40 285 88 112 322 29 43 82 197 42 158 48 391 178 239 39 207 286
internal_value=0.00236493 -0.00563951 0.0293084 0.0135695 0.0351797 -0.0127091 -0.00760702 0.00130297 -0.0196006 0.00520969 -0.0551576 -0.00628145 -0.0259401 -0.0221061 -0.075329 -0.039011 -0.0602103 -0.124599 0.00409422 -0.00561457 0.0170892 -0.0525802 -0.0474791 -0.0997976 -0.0100811 -0.0338208 0.0240994 0.00127217 -0.00988052 -0.00893592
internal_weight=5622.06 4334.86 1287.21 1165.74 1173.41 3169.12 2288.56 1313.35 975.213 1229.29 84.0628 404.018 880.55 818.556 61.9942 403.388 196.305 32.7631 192.984 415.168 691.933 59.8792 268.75 47.3653 537.355 151.647 761.725 357.214 257.765 706.463
internal_count=5356 4824 532 849 347 3975 2637 1279 1358 1101 178 455 1338 1181 157 719 434 117 177 462 455 124 525 144 646 255 394 348 309 833
is_linear=0
shrinkage=0.05


Tree=19
num_leaves=31
num_cat=0
split_feature=131 75 93 26 168 112 47 21 96 140 93 126 185 67 28 12 112 187 101 185 80 170 189 93 100 174 105 47 140 47
split_gain=449.874 211.61 179.42 91.6622 77.3949 71.4711 64.5751 64.2697 63.9577 72.7257 63.3376 122.507 105.574 94.5763 82.2395 89.7231 79.9327 79.1785 76.4793 70.8966 94.6431 72.9807 60.4641 60.0399 56.274 53.2999 47.8839 44.2817 42.0967 38.5423
threshold=33.205449859187688 8.5500000000000025 264.73261560000003 3.5000000000000004 0.0089461504375000032 292.20748955000005 99.500000000000014 0.4513888888888889 47.57500000000001 13.205000000000002 272.7989568000001 26.500000000000004 0.0029328309999999964 12.750000000000002 35.250000000000007 0.0078138470000000022 275.12497230000002 0.12324268843442181 2.6363163999999988 0.0011262744456321764 18.387500000000003 0.9896394200980041 27.800000000000004 268.77927705000008 -2.1499999999999768 7.5000000000000009 32.500000000000007 64.500000000000014 5.0850000000000009 24.500000000000004
decision_type=2 2 2 2 2 2 2 2 2 2 2 2 8 2 2 2 2 2 2 8 2 2 10 2 2 10 2 2 2 2
left_child=2 3 27 25 10 6 26 -4 9 -5 11 18 17 23 15 -12 -17 -13 19 -3 -21 -22 -11 -14 -20 -2 -6 -1 -19 -9
right_child=1 4 7 8 5 -7 -8 29 -10 22 14 12 13 -15 -16 16 -18 28 24 20 21 -23 -24 -25 -26 -27 -28 -29 -30 -31
leaf_value=-0.077912917820338323 -0.0024785191064249784 0.017063909328207363 0.039950587848824319 -0.078443924538946927 -0.10645759928171333 0.039839674405873847 0.018986801224419082 -0.01942960964052344 0.026314458713457972 -0.058439913849369453 -0.041317499447238323 -0.097415667627202107 -0.092163539607244618 0.020097709901022456 -0.0022963583445683522 -0.037156041160096583 -0.20576510245583124 -0.07612377927468561 -0.001201845532037497 0.010541143810008525 -0.15958882010856104 -0.023805863567246108 0.0046160047634341726 0.00041607585116783193 -0.086220623669967217 0.029667892651559696 -0.010414193320827382 -0.010153667846746206 -0.020992969055792329 0.026457792438020919
leaf_weight=34.141094908118248 162.78129723155871 579.06277026841417 949.80188180319965 43.338414618745446 23.255772880744189 132.36186782363802 66.874326826073229 75.984445534646511 102.64973194245249 46.906714604701847 87.099214889109135 34.918841536156833 33.432175896596164 270.04947384819388 80.172000050544739 12.137356827966871 17.943162874318659 34.639591684564948 40.893021067604423 62.483847737312317 17.822568923700601 21.965655045583844 183.09573712036945 35.402927987277508 36.402559665031731 611.57791768945754 28.711560871452093 78.712512720376253 1594.8622601716779 111.77616990916431
leaf_count=89 171 381 190 113 75 26 41 106 48 103 160 105 97 161 84 22 96 89 42 49 78 33 166 35 101 248 35 95 2265 52
internal_value=0.00227321 -0.00530807 0.0287001 0.0130825 -0.0119012 0.0146912 -0.0133753 0.0346693 -0.00714997 -0.0197854 -0.0141644 -0.0121965 -0.0186747 0.00673531 -0.0414789 -0.0679982 -0.141277 -0.0238522 0.0049057 0.0102761 -0.027901 -0.0871719 -0.00841929 -0.0451527 -0.0418954 0.0229093 -0.0546872 -0.0312008 -0.022214 0.00785667
internal_weight=5611.26 4360.84 1250.42 1150.35 3210.49 251.204 118.842 1137.56 375.991 273.341 2959.29 2761.94 2003.31 338.885 197.352 117.18 30.0805 1664.42 758.63 681.335 102.272 39.7882 230.002 68.8351 77.2956 774.359 51.9673 112.854 1629.5 187.761
internal_count=5356 4824 532 849 3975 177 151 348 430 382 3798 3436 2752 293 362 278 118 2459 684 541 160 111 269 132 143 419 110 184 2354 158
is_linear=0
shrinkage=0.05


end of trees

feature_importances:
log_customers=21
pop_density=16
min_t2m_next_48h=15
hours_since_obs=15
frac_zero_72h=13
t2m_at_t6h=13
tp_at_t48h=13
gust_x_hso=12
pct_forest=12
min_t2m_next_24h=11
pct_water=11
d2m_t=9
sp_t=9
cumul_gust_since_onset=9
pct_developed=9
tree_canopy_pct=9
R_nonzero_frac_obs=9
gust_max_next_6h=8
temp_change_6h=8
cumul_tp_since_onset=8
first_material_N_hour_obs=8
pre_event_mean_osi=7
mcc_t=7
gust_at_t48h=7
t2m_at_t48h=7
rural_urban_code=7
gust_excess30_sum_obs=7
N_per_gust_excess_obs=7
P_change_per_gust_excess_obs=7
t2m_t=6
blh_t=6
wind_speed_max_next_6h=6
wind_speed_max_next_24h=6
gust_max_next_48h=6
gust_gt30_since_onset=6
pct_forest_classified=6
N_nonzero_frac_obs=6
gust_to_N_best_corr_obs=6
R_t_max_72h=5
gust_max_last6h_obs=5
soil_moist_t=5
pressure_change_6h=5
gust_at_t24h=5
wind_speed_at_t24h=5
t2m_at_t24h=5
hour_sin=5
pct_agriculture=5
pct_unmapped=5
tree_canopy_std=5
R_mean_last24_obs=5
restoration_ratio_obs=5
first_material_R_hour_obs=5
gust_at_first_material_N_obs=5
pre_event_max_outage_pct=4
osi_trend_last6h=4
gust_mean_obs=4
et0_t=4
gust_x_phase=4
wind_speed_max_next_1h=4
total_tp_next_6h=4
total_tp_next_24h=4
wind_speed_max_next_48h=4
gust_peak4h_mean_next_48h=4
hour_cos=4
forest_x_customers=4
hours_since_P_peak_obs=4
hours_since_R_peak_obs=4
N_t_mean_72h=3
is_worsening=3
hours_since_peak=3
gust_trend_last6h_obs=3
r2_t=3
gust_max_next_1h=3
min_t2m_next_1h=3
gust_mean_next_6h=3
min_t2m_next_6h=3
gust_gt30_next_24h=3
gust_mean_next_48h=3
pressure_change_3h=3
wind_speed_at_t48h=3
hour_of_day=3
n_utilities=3
flow_balance_last24_obs=3
P_D_gap_last_obs=3
hours_since_N_peak_obs=3
P_post_peak_slope_obs=3
P_active_frac_obs=3
osi_mean_72h=2
gust_max_obs=2
gust_last_obs=2
rain_t=2
vpd_t=2
hcc_t=2
mslma_t=2
sdswrf_t=2
diffuse_rad_t=2
temp_c_t=2
gust_exceed30_x_hso=2
gust_gt40_next_6h=2
gust_peak4h_mean_next_6h=2
gust_gt40_next_48h=2
wind_speed_at_t6h=2
last_osi=1
last_P_t=1
last_R_t=1
last_outage_pct=1
N_t_max_72h=1
R_t_mean_72h=1
storm_onset_max_osi=1
storm_onset_mean_osi=1
gust_gt40_obs=1
gust_t=1
wind_speed_t=1
tcc_t=1
lcc_t=1
direct_rad_t=1
soil_moist_x_gust=1
gust_mean_next_1h=1
total_tp_next_1h=1
gust_max_next_24h=1
gust_mean_next_24h=1
total_tp_next_48h=1
gust_gt30_next_48h=1
gust_change_1h=1
wind_speed_at_t1h=1
t2m_at_t1h=1
gust_at_t6h=1
is_metro=1
pct_wetland=1
tp_rate_next_6h=1
tp_rate_next_24h=1
gust_gt30_frac_next_48h=1
P_trend_last24_obs=1

parameters:
[boosting: gbdt]
[objective: gamma]
[metric: rmse]
[tree_learner: serial]
[device_type: cpu]
[data_sample_strategy: bagging]
[data: ]
[valid: ]
[num_iterations: 2000]
[learning_rate: 0.05]
[num_leaves: 31]
[num_threads: -1]
[seed: 42]
[deterministic: 0]
[force_col_wise: 0]
[force_row_wise: 0]
[histogram_pool_size: -1]
[max_depth: -1]
[min_data_in_leaf: 50]
[min_sum_hessian_in_leaf: 0.001]
[bagging_fraction: 0.8]
[pos_bagging_fraction: 1]
[neg_bagging_fraction: 1]
[bagging_freq: 5]
[bagging_seed: 42]
[bagging_by_query: 0]
[feature_fraction: 0.8]
[feature_fraction_bynode: 1]
[feature_fraction_seed: 42]
[extra_trees: 0]
[extra_seed: 12879]
[early_stopping_round: 0]
[early_stopping_min_delta: 0]
[first_metric_only: 0]
[max_delta_step: 0]
[lambda_l1: 0.1]
[lambda_l2: 1]
[linear_lambda: 0]
[min_gain_to_split: 0]
[drop_rate: 0.1]
[max_drop: 50]
[skip_drop: 0.5]
[xgboost_dart_mode: 0]
[uniform_drop: 0]
[drop_seed: 42]
[top_rate: 0.2]
[other_rate: 0.1]
[min_data_per_group: 100]
[max_cat_threshold: 32]
[cat_l2: 10]
[cat_smooth: 10]
[max_cat_to_onehot: 4]
[top_k: 20]
[monotone_constraints: ]
[monotone_constraints_method: basic]
[monotone_penalty: 0]
[feature_contri: ]
[forcedsplits_filename: ]
[refit_decay_rate: 0.9]
[cegb_tradeoff: 1]
[cegb_penalty_split: 0]
[cegb_penalty_feature_lazy: ]
[cegb_penalty_feature_coupled: ]
[path_smooth: 0]
[interaction_constraints: ]
[verbosity: -1]
[saved_feature_importance_type: 0]
[use_quantized_grad: 0]
[num_grad_quant_bins: 4]
[quant_train_renew_leaf: 0]
[stochastic_rounding: 1]
[linear_tree: 0]
[max_bin: 255]
[max_bin_by_feature: ]
[min_data_in_bin: 3]
[bin_construct_sample_cnt: 200000]
[data_random_seed: 42]
[is_enable_sparse: 1]
[enable_bundle: 1]
[use_missing: 1]
[zero_as_missing: 0]
[feature_pre_filter: 1]
[pre_partition: 0]
[two_round: 0]
[header: 0]
[label_column: ]
[weight_column: ]
[group_column: ]
[ignore_column: ]
[categorical_feature: ]
[forcedbins_filename: ]
[precise_float_parser: 0]
[parser_config_file: ]
[objective_seed: 16083]
[num_class: 1]
[is_unbalance: 0]
[scale_pos_weight: 1]
[sigmoid: 1]
[boost_from_average: 1]
[reg_sqrt: 0]
[alpha: 0.9]
[fair_c: 1]
[poisson_max_delta_step: 0.7]
[tweedie_variance_power: 1.5]
[lambdarank_truncation_level: 30]
[lambdarank_norm: 1]
[label_gain: ]
[lambdarank_position_bias_regularization: 0]
[eval_at: ]
[multi_error_top_k: 1]
[auc_mu_weights: ]
[num_machines: 1]
[local_listen_port: 12400]
[time_out: 120]
[machine_list_filename: ]
[machines: ]
[gpu_platform_id: -1]
[gpu_device_id: -1]
[gpu_device_id_list: ]
[gpu_use_dp: 0]
[num_gpu: 1]

end of parameters

pandas_categorical:[]
