tree
version=v4
num_class=1
num_tree_per_iteration=1
label_index=0
max_feature_idx=189
objective=gamma
feature_names=last_osi last_P_t last_N_t last_D_t last_R_t last_outage_pct osi_mean_72h osi_max_72h osi_std_72h outage_pct_mean_72h outage_pct_max_72h N_t_mean_72h N_t_max_72h R_t_mean_72h R_t_max_72h pre_event_mean_osi pre_event_max_outage_pct storm_onset_max_osi storm_onset_mean_osi osi_trend_last6h is_worsening frac_zero_72h hours_since_peak gust_mean_obs gust_max_obs gust_gt30_obs gust_gt40_obs cumul_gust_obs gust_last_obs gust_max_last6h_obs gust_trend_last6h_obs gust_t wind_speed_t wind_sin_t wind_cos_t t2m_t d2m_t tp_t rain_t csnow_t sdwe_t r2_t vpd_t soil_moist_t blh_t tcc_t lcc_t mcc_t hcc_t sp_t mslma_t sdswrf_t direct_rad_t diffuse_rad_t et0_t temp_c_t dewpoint_c_t icing_risk_t gust_exceed_30 soil_moist_x_gust is_snowing gust_x_hso gust_x_phase soil_gust_x_phase gust_exceed30_x_hso gust_max_next_1h gust_mean_next_1h wind_speed_max_next_1h total_tp_next_1h min_t2m_next_1h gust_gt30_next_1h gust_gt40_next_1h gust_peak4h_mean_next_1h gust_max_next_6h gust_mean_next_6h wind_speed_max_next_6h total_tp_next_6h min_t2m_next_6h gust_gt30_next_6h gust_gt40_next_6h gust_peak4h_mean_next_6h gust_max_next_24h gust_mean_next_24h wind_speed_max_next_24h total_tp_next_24h min_t2m_next_24h gust_gt30_next_24h gust_gt40_next_24h gust_peak4h_mean_next_24h gust_max_next_48h gust_mean_next_48h wind_speed_max_next_48h total_tp_next_48h min_t2m_next_48h gust_gt30_next_48h gust_gt40_next_48h gust_peak4h_mean_next_48h gust_change_1h gust_change_3h pressure_change_3h pressure_change_6h temp_change_6h wind_change_1h cumul_gust_since_onset cumul_tp_since_onset gust_gt30_since_onset gust_at_t1h wind_speed_at_t1h t2m_at_t1h tp_at_t1h gust_at_t6h wind_speed_at_t6h t2m_at_t6h tp_at_t6h gust_at_t24h wind_speed_at_t24h t2m_at_t24h tp_at_t24h gust_at_t48h wind_speed_at_t48h t2m_at_t48h tp_at_t48h hour_of_day hour_sin hour_cos days_since_onset hours_since_obs storm_phase log_customers rural_urban_code is_metro pop_density n_utilities pct_forest pct_developed pct_agriculture pct_water pct_wetland pct_unmapped pct_forest_classified tree_canopy_pct tree_canopy_std forest_x_customers window_len_next_1h is_full_next_1h tp_rate_next_1h gust_gt30_frac_next_1h has_weather_at_t1h window_len_next_6h is_full_next_6h tp_rate_next_6h gust_gt30_frac_next_6h has_weather_at_t6h window_len_next_24h is_full_next_24h tp_rate_next_24h gust_gt30_frac_next_24h has_weather_at_t24h window_len_next_48h is_full_next_48h tp_rate_next_48h gust_gt30_frac_next_48h has_weather_at_t48h N_nonzero_frac_obs R_nonzero_frac_obs P_mean_last24_obs D_mean_last24_obs N_mean_last24_obs R_mean_last24_obs flow_balance_last24_obs restoration_ratio_obs P_D_gap_last_obs hours_since_P_peak_obs hours_since_N_peak_obs hours_since_R_peak_obs first_material_N_hour_obs first_material_R_hour_obs P_trend_last24_obs D_trend_last24_obs P_post_peak_slope_obs P_active_frac_obs has_material_P_obs has_material_N_obs has_material_R_obs gust_excess30_sum_obs N_per_gust_excess_obs P_change_per_gust_excess_obs gust_to_N_best_corr_obs gust_to_N_best_lag_obs gust_at_first_material_N_obs
feature_infos=[0:0.55230000000000001] [0:0.82424180700000005] [0:0.065400654000000003] [0:0.90465771100000003] [0:0.058582058999999999] [0:82.420000000000002] [4.1666666666666669e-06:0.26529999999999998] [0.0001:0.65049999999999997] [1.9982631347136334e-05:0.22470370552747407] [0.00083333333333333328:39.644861111111112] [0.02:100] [3.1208333333333337e-06:0.018623942125000001] [7.4900000000000005e-05:0.37916412199999999] [3.1208333333333337e-06:0.017093115180555556] [7.4900000000000005e-05:0.18675781699999999] [0:0.38653749999999998] [0:100] [0:0.59799999999999998] [0:0.20940416666666664] [-0.055854285714285697:0.019237142857142855] [0:1] [0:0.95833333333333337] [0:71] [13.03611111111111:31.258333333333326] [29.100000000000001:70] [0:35] [0:17] [938.59999999999991:2250.5999999999995] [3.8999999999999999:47.5] [15.4:64.5] [-6.477142857142856:3.3114285714285714] [0.59999999999999998:57.799999999999997] [0:38] [-0.99999999952007834:0.99999999987412524] [-0.99999999329043221:0.99274528645688664] [260.0631818:298.36374050000001] [257.71271739999997:289.74666669999999] [0:11.300000000000001] [0:11.300000000000001] [0:2.52] [0:0.089999999999999997] [18:100] [0:2.3500000000000001] [0.16700000000000001:0.51500000000000001] [10:3005] [0:100] [0:100] [0:100] [0:100] [885.39999999999998:1027.2] [987:1031.2] [0:858] [0:729] [0:463] [0:0.58999999999999997] [-13.086818199999982:25.213740500000029] [-15.437282600000003:16.596666700000014] [0:1] [0:27.799999999999997] [0.19259999999999999:22.584399999999999] [0:1] [0.80000000000000004:3819.7999999999997] [0:107.59999999999999] [0:43.900799999999997] [0:1689.7999999999997] [1.2:57.799999999999997] [0.89999999999999991:54.5] [0.20000000000000001:38] [0:14.699999999999999] [259.61134090000002:298.20713590000003] [0:2] [0:2] [0.89999999999999991:54.5] [3.5:58.299999999999997] [2.1999999999999997:49.328571428571429] [1.2:38] [0:26.699999999999999] [259.42265909999998:296.34512319999999] [0:7] [0:7] [2.7749999999999999:52.550000000000004] [8.5999999999999996:58.299999999999997] [4.5520000000000005:43.052] [5.5:38] [0:34.399999999999999] [259.42265909999998:286.57337899999999] [0:25] [0:19] [7.9249999999999989:52.550000000000004] [10.800000000000001:58.299999999999997] [5.3392857142857135:37.897959183673471] [5.5:38] [0:37.399999999999999] [259.42265909999998:282.2020192] [0:42] [0:22] [9.375:52.550000000000004] [-22.599999999999998:26.299999999999997] [-32:33.399999999999999] [-6.1999999999999318:10.599999999999909] [-10.899999999999977:14.599999999999909] [-18.266987999999969:21.845291299999985] [-14.399999999999999:20.799999999999997] [347.09999999999997:4065.6999999999998] [0:40.299999999999997] [0:61] [0.59999999999999998:57.799999999999997] [0:38] [259.61134090000002:298.36374050000001] [0:11.300000000000001] [1.3:57.700000000000003] [0:38] [260.27093180000003:298.4303941] [0:11.300000000000001] [1.3:57.799999999999997] [0:38] [261.7510092:298.4303941] [0:11.300000000000001] [1.3:51.200000000000003] [0:33.799999999999997] [260.64059090000001:296.58327589999999] [0:11.300000000000001] [0:23] [-1:1] [-1:1] [1:5] [1:120] [0:3] [7.1180162044653335:13.453719692845613] [1:9] [0:1] [8.3691524328166658:11939.655837338518] [1:11] [0.96999999999999997:88.719999999999999] [2.21:86.629999999999995] [0.080000000000000002:87.469999999999999] [0.01:5.5099999999999998] [0:16.82] [1.8899999999999999:17.02] [0.98868616858628067:95.299005138296707] [2.2000000000000002:81.680000000000007] [12.65:40.350000000000001] [8.0682331817177619:931.7442536362413] none none [0:7.3499999999999996] [0:1] none none none [0:3.8142857142857141] [0:1] none none none [0:1.3759999999999999] [0:1] none [25:49] [0:1] [0:0.76326530612244892] [0:0.8571428571428571] [0:1] [0.041666666666666664:0.80555555555555558] [0.041666666666666664:0.90277777777777779] [0:0.33157778683333333] [0:0.2415728110416667] [0:0.05185222787499999] [0:0.036813731041666665] [-2.7300916666667119e-05:0.03421760770833332] [0.013031417634099374:6.5416667824977583] [-0.14113178900000001:0.088746481000000002] [0:71] [0:71] [0:70] [0:68] [0:71] [-0.00035191936000000026:0.052080195401739138] [-0.0001288437365217392:0.043438201510000003] [-0.12208507408333331:0.00066816548250572968] [0:0.98611111111111116] [0:1] [0:1] [0:1] [0:446.30000000000001] [1.2346153846153842e-05:0.021449622666666654] [-0.0026323566314935061:0.0032034721433531746] [-0.25886629144625328:0.74936202470774849] [0:3] [3.2000000000000002:60.600000000000001]
tree_sizes=3314 3420 3414 3443 3427 3448 3457 3444 3450 3477

Tree=0
num_leaves=31
num_cat=0
split_feature=103 133 135 101 88 185 163 124 104 105 74 186 18 189 29 105 23 49 44 129 13 90 163 43 174 11 44 84 90 23
split_gain=7075.95 3015.56 1751.06 1541.2 1433.89 1492.61 1378.23 2880.46 2047.43 1164.72 995.889 975.623 953.438 1588.92 907.932 872.488 866.138 853.62 740.955 709.502 699.081 1047.08 696.008 645.494 548.547 483.64 576.792 480.763 470.791 397.086
threshold=2727.8000000000006 20.055000000000003 60.815000000000005 6.0168802000000037 23.487500000000004 0.00057164273546543706 0.49305555555555564 -0.5 24.250000000000007 31.500000000000004 29.342857142857145 0.0016333651043015716 0.062256250000000006 36.550000000000004 38.600000000000009 37.500000000000007 26.84930555555556 974.55000000000007 1552.5000000000002 7.5000000000000009 5.5372944444444449e-05 24.966326530612253 0.5902777777777779 0.36650000000000005 2.5000000000000004 0.0040165472500000013 1192.5000000000002 2.4500000000000006 24.33775510204082 19.138194444444448
decision_type=2 2 2 2 2 8 2 2 2 2 2 10 2 8 2 2 2 2 2 2 2 2 2 2 8 2 2 2 2 2
left_child=4 2 3 10 5 14 -3 17 11 19 -2 -9 13 -11 -1 -4 27 -8 -17 20 21 28 -7 24 -24 26 -22 -15 -6 -28
right_child=1 6 15 -5 9 22 7 8 -10 12 -12 -13 -14 16 -16 18 -18 -19 -20 -21 25 -23 23 -25 -26 -27 29 -29 -30 -31
leaf_value=-7.3392258251257854 -8.7536285761368191 -6.6451028451650584 -6.7371277167444328 -6.8432606523184321 -7.3635958249511493 -6.6042913891614035 -6.6216555697600459 -8.4800688719077257 -6.7559132848166685 -6.6713793406951885 -6.8776155104699033 -7.0128578422453778 -6.5532126727784838 -7.2352762588440118 -6.6984038355143127 -7.4903894966537887 -7.6564748288510076 -7.0591810173188412 -6.9127488431427606 -6.5296016259260155 -6.55832269738581 -6.6187938955116294 -6.6903514167178564 -6.6965122467842653 -7.6156412514218808 -6.5326956062766905 -6.792815558308094 -6.6885638889180816 -6.697906204433635 -6.601288983093986
leaf_weight=11.891309998114595 3.104630706307943 134.19254583143629 17.309699317440391 3.0784161061747 7.1694343299022858 191.64306370378472 36.8536458958406 4.5654624087037501 4.9602985613746569 97.446155639830977 1.3205376891419289 2.3941946923732758 102.30446569062769 6.266550856526016 10.599104394204913 11.790279790991919 5.2073541815625495 15.208383540855719 13.388648515567182 2867.3739898269996 2744.0038097059005 45.003474863478914 2.9293141104280975 14.816519032232462 3.6680830282857642 1279.187482254114 27.263069480075501 10.39426222629845 4.6660928912460804 676.51759034453426
leaf_count=212 183 355 81 26 138 349 81 218 28 310 16 33 81 104 42 249 141 176 114 924 2461 96 13 57 102 491 157 39 20 1189
internal_value=-6.56425 -6.8267 -7.17034 -7.84174 -6.55619 -6.67748 -6.73737 -6.92659 -7.59668 -6.55254 -8.35581 -8.09583 -6.66528 -6.7607 -7.05604 -7.02499 -7.13639 -6.75649 -7.2085 -6.54926 -6.56105 -6.73383 -6.63538 -6.89917 -7.27624 -6.55894 -6.56868 -6.92087 -7.13246 -6.60903
internal_weight=8356.52 248.167 49.9922 7.50358 8108.35 235.547 198.175 63.982 11.92 7872.8 4.42517 6.95966 221.619 119.314 22.4904 42.4886 21.8682 52.062 25.1789 7651.18 4783.81 56.839 213.057 21.4139 6.5974 4726.97 3447.78 16.6608 11.8355 703.781
internal_count=8486 1560 669 225 6926 775 891 536 279 6151 199 251 675 594 254 444 284 257 363 5476 4552 254 521 172 115 4298 3807 143 158 1346
is_linear=0
shrinkage=1


Tree=1
num_leaves=31
num_cat=0
split_feature=105 81 15 128 85 128 133 173 34 186 133 136 96 137 23 175 135 186 134 160 176 62 53 107 83 138 138 111 28 75
split_gain=4110.53 2135.4 1501.29 1460.19 946.873 928.954 836.599 982.565 732.964 570.274 565.826 498.166 491.362 570.443 466.127 444.475 634.611 397.839 380.424 594.83 350.241 319.034 317.562 279.842 275.626 258.786 254.93 243.769 240.99 231.053
threshold=37.500000000000007 24.950000000000003 0.00063125000000000008 9.5871465020954059 266.78791225000003 10.452140487873939 34.520000000000003 15.500000000000002 -0.29221896511729822 0.00031441698232891594 24.840000000000007 0.97000000000000008 36.26250000000001 8.4100000000000019 26.018750000000004 60.500000000000007 19.465000000000003 0.00037268646630277629 8.8100000000000023 0.045029624753127065 5.5000000000000009 39.150000000000013 85.500000000000014 6.3500000000000005 25.150000000000002 5.0300000000000002 7.1350000000000007 9.7500000000000018 34.95000000000001 14.950000000000001
decision_type=2 2 2 2 2 2 2 10 2 10 2 2 2 2 2 8 2 8 2 2 8 2 2 2 2 2 2 2 2 2
left_child=1 5 14 -3 6 26 7 8 -5 -4 12 -8 13 29 18 -12 -17 21 -2 -20 24 23 25 -7 -14 -16 -1 -13 -24 -6
right_child=2 3 9 4 10 17 11 -9 -10 -11 15 27 20 -15 22 16 -18 -19 19 -21 -22 -23 28 -25 -26 -27 -28 -29 -30 -31
leaf_value=-0.056940056877341189 -0.30605762261497876 0.031153567842259245 -0.22776213583567403 -0.30915478510580346 -0.21469115084329926 -0.5225428807557827 -0.051904566069666327 -0.14365628690290197 -1.3970338138898857 -0.054994718469353637 0.010548178011824569 -0.13461615816382716 -0.38719616462255085 0.024696583184455643 -0.2563633290680315 -0.26927015555951272 -0.028398304668219899 -0.15141296867317924 -1.1063195754820783 -0.3460316399208061 -0.029840086271284368 -0.70190512518691128 -0.1107594698358603 -0.18398340282018821 -0.072263079503349828 -0.72621960797477447 -0.2277683133702893 -0.5044956838144089 -0.36387394100020043 -0.62731425039017286
leaf_weight=238.33968915743753 11.343507663346829 4283.8959011863917 71.706094141001813 3.9978451339411558 8.4260801882483047 9.2088423268869537 147.61944404640235 12.916408545337616 2.6937630290631223 142.29292219330091 2415.9986338136951 10.347869114950301 11.339998471317815 11.05370806157589 8.4495643787085992 31.088811937952414 187.71581600187346 36.212102144956589 5.4817721403669548 6.562527044210583 630.82546967128292 6.4410983748966819 27.894098717719316 20.347668000962585 17.3620436466299 5.7571083712391546 23.28282736428082 8.5492176883853954 14.451564711052923 7.4820303348242314
leaf_count=511 87 1614 403 35 49 116 302 53 106 300 1906 41 107 5 57 204 295 149 149 59 1008 111 92 99 44 104 134 105 127 114
internal_value=-0.000396763 0.00625786 -0.18376 0.0115705 -0.0123486 -0.117382 -0.121784 -0.422874 -0.872434 -0.113698 -0.00617958 -0.0839868 -0.046576 -0.252019 -0.367531 0.00435737 -0.0637146 -0.275025 -0.556656 -0.750733 -0.037801 -0.391785 -0.280916 -0.30328 -0.205706 -0.482332 -0.0729712 -0.31915 -0.203659 -0.434679
internal_weight=8419.08 8125.15 293.939 7791.31 3507.42 333.832 186.125 19.608 6.69161 213.999 3321.29 166.517 686.489 26.9618 79.9401 2634.8 218.805 72.2097 23.3878 12.0443 659.528 35.9976 56.5523 29.5565 28.702 14.2067 261.623 18.8971 42.3457 15.9081
internal_count=8486 7108 1378 5988 4374 1120 642 194 141 703 3732 448 1327 168 675 2405 499 475 295 208 1159 326 380 215 151 161 645 146 219 163
is_linear=0
shrinkage=0.05


Tree=2
num_leaves=31
num_cat=0
split_feature=103 131 81 114 131 103 93 175 103 15 140 136 17 131 103 80 16 0 2 175 135 131 115 172 155 124 136 17 136 74
split_gain=3261.35 1431.89 1371.67 787.676 638.428 604.388 601.781 569.359 530.786 876.264 476.901 453.506 382.519 358.145 320.64 324.179 304.561 268.786 264.456 290.663 256.311 253.17 246.947 244.162 237.13 235.766 233.544 224.006 220.338 362.734
threshold=2727.8000000000006 407.19002995464729 34.150000000000013 13.550000000000002 49.891498158895921 2304.1000000000008 266.13154345000004 9.5000000000000018 1677.8000000000004 0.00012812500000000004 24.395000000000003 0.13500000000000004 0.00175 64.936761357106477 1044.5500000000004 16.562500000000004 0.64500000000000013 0.040600000000000004 0.00047193950000000006 59.500000000000007 29.415000000000003 52.500362958644175 6.3500000000000005 4.5000000000000009 0.054000000000000013 0.1294095225512602 0.67500000000000016 0.17865000000000003 0.66500000000000015 29.43571428571429
decision_type=2 2 2 2 2 2 2 8 2 2 2 2 2 2 2 2 2 2 2 8 2 2 2 10 2 2 2 2 2 2
left_child=1 3 5 7 -5 14 28 13 27 11 18 -10 -7 -1 17 -16 23 20 19 -2 -3 -9 -23 -12 -11 -25 -18 -6 -4 -30
right_child=10 2 6 4 8 12 -8 21 9 24 16 -13 -14 -15 15 -17 26 -19 -20 -21 -22 22 -24 25 -26 -27 -28 -29 29 -31
leaf_value=-0.15216128107425572 -0.31354543173092519 -0.29062583979885959 -0.11851386673762537 0.032637378278515768 0.0029586718113435565 -0.28372532056087479 -0.014354952417738879 -0.012222000132784325 -0.035950785315395237 -0.13906181552662747 -0.13587040719784657 -0.37328341548424587 -1.0154530333040592 -0.60897971110864813 -0.037925910136143985 -0.28159070789924517 -0.029657609331395135 -0.10882324432558546 -0.13106043806226034 -0.092090817008231976 -0.83033482173813988 -0.19273628103739093 -0.024184631665701325 -0.60592376863899788 -0.014743981864127368 -0.14456035763319072 -0.15594594243330118 0.031677986722520417 -0.10985184346725248 -0.57548253775557823
leaf_weight=12.57826770283282 66.515633090864867 7.4990616147406417 42.290205987403169 3095.018613262102 2531.9854587474838 5.1277939458377642 374.18480023404118 152.40233386307955 15.811946446076034 39.965437547769397 51.698006802704185 27.219863069243729 3.2188626395072788 6.4281497733900315 31.925448180758394 23.412626159144565 145.81585451262072 6.5240876078605643 73.533123483415693 20.42995641566813 3.8788255251711234 48.621753873070702 39.372243182966486 5.395560293691231 613.65172174014151 6.4270011410117149 48.260499477153644 927.11852974444628 9.603568624705078 7.3855258869007221
leaf_count=54 490 57 145 1074 2382 40 482 190 28 154 195 238 89 97 57 161 233 23 269 60 85 240 59 83 795 28 202 339 33 104
internal_value=-0.000252237 0.00684709 -0.0737184 0.012382 0.0154491 -0.260522 -0.038028 -0.0730594 0.00264212 -0.0371427 -0.136231 -0.253076 -0.644901 -0.329628 -0.208553 -0.144274 -0.0934472 -0.388843 -0.203872 -0.263205 -0.527239 -0.0514721 -0.118495 -0.187831 -0.0225539 -0.38634 -0.0617255 0.0106645 -0.184658 -0.333288
internal_weight=8443.3 8025.23 515.051 7510.17 7250.77 81.5867 433.464 259.403 4155.75 696.649 418.076 43.0318 8.34666 19.0064 73.24 55.3381 257.597 17.902 160.479 86.9456 11.3779 240.396 87.994 63.5206 653.617 11.8226 194.076 3459.1 59.2793 16.9891
internal_count=8486 6926 1276 5650 5010 512 764 640 3936 1215 1560 266 129 151 383 218 741 165 819 550 142 489 299 306 949 111 435 2721 282 137
is_linear=0
shrinkage=0.05


Tree=3
num_leaves=31
num_cat=0
split_feature=105 128 103 185 131 133 94 15 81 114 49 43 118 105 47 170 34 83 120 15 101 43 83 128 61 138 82 43 14 116
split_gain=2601.82 1402.83 1196.53 543.601 485.331 427.77 473.805 411.481 407.821 348.588 264.144 249.478 245.825 218.219 281.261 238.708 217.223 206.37 204.211 198.443 213.086 188.531 181.015 278.483 180.19 169.177 151.158 158.201 150.48 149.625
threshold=31.500000000000004 9.5871465020954059 1711.4500000000003 0.0008807361500103374 71.650750253308317 24.840000000000007 13.500000000000002 0.00017187500000000002 24.950000000000003 11.050000000000002 996.55000000000007 0.38050000000000006 15.850000000000003 38.500000000000007 37.500000000000007 0.49982523313701183 0.16294228367277547 12.050000000000002 285.96598240000009 3.9583333333333345e-05 1.5725375000000101 0.39850000000000008 18.050000000000004 10.928461687009849 2096.3000000000006 6.1450000000000005 16.204000000000004 0.32650000000000007 0.010700511500000001 271.5147520000001
decision_type=2 2 2 10 2 2 2 2 2 2 2 2 10 2 2 2 2 2 10 2 2 2 2 2 2 2 2 2 2 2
left_child=1 8 5 13 29 6 19 10 -1 11 28 -9 24 14 -2 -15 -11 25 -18 -3 -21 -16 23 -7 -5 -17 27 -8 -6 -4
right_child=3 2 4 12 7 22 26 9 -10 16 -12 -13 -14 15 21 17 18 -19 -20 20 -22 -23 -24 -25 -26 -27 -28 -29 -30 -31
leaf_value=-0.062976180049480301 -0.030390169456862612 0.0080753099886738053 -0.0025326097808429288 -0.068783145944418353 -0.53268180535993848 -0.0023397976786988036 -0.013302000879469564 -0.1338518477928092 0.030806703456234753 -0.059177591389962717 -0.12672722309908543 -0.38138993498601231 -0.0080493336964291649 -0.3739672298041718 -0.29551723840629174 -0.14374836161442159 -0.37712446662312654 -0.14147850378851054 -0.076849118960682097 -0.37211269065313357 -0.13278061917111131 -0.073721510012465671 0.01582650680367826 -0.10320414374750123 -0.19381265189857899 -0.49826009373120184 -0.01827471822911509 -0.22006835713839218 -0.22726035289441737 -0.10014951121995375
leaf_weight=118.44995840638876 73.573794881813228 11.045407995581625 189.2627714779228 180.80188629752956 9.4602545420639235 488.97132477303967 17.877760270610452 32.967567269923165 3990.2372430963442 254.50114876625594 20.756693344563246 15.215028283186255 163.42910458170809 14.083712933585046 20.83682653051801 7.7484610676765424 9.9921120489016193 153.29930446413346 13.150669905357061 15.452952380874192 26.05429067183286 18.762125437147915 1828.0491896786261 78.599674733821303 34.047401916235685 7.1986634526401758 588.45684485090896 18.60614732245449 11.064472843077963 48.583911186084151
leaf_count=269 119 9 199 431 121 512 23 124 1531 557 76 139 190 127 150 33 93 590 35 138 98 48 1249 243 170 89 804 105 66 148
internal_value=-0.000149874 0.00801037 -0.0144171 -0.0943357 -0.0786317 -0.00175313 -0.0368026 -0.114612 0.0280871 -0.0951688 -0.262076 -0.218286 -0.0543956 -0.145091 -0.0892189 -0.179068 -0.0730782 -0.16061 -0.216953 -0.179587 -0.228658 -0.194957 0.00816817 -0.0164737 -0.089426 -0.335336 -0.0245198 -0.12194 -0.386475 -0.0228291
internal_weight=8460.54 7786.76 3678.07 673.781 604.955 3073.11 677.493 367.108 4108.69 325.827 41.2814 48.1826 378.278 295.503 113.173 182.33 277.644 168.246 23.1428 52.5527 41.5072 39.599 2395.62 567.571 214.849 14.9471 624.941 36.4839 20.5247 237.847
internal_count=8486 6539 4739 1947 1558 3181 1177 1211 1800 948 263 263 791 1156 317 839 685 712 128 245 236 198 2004 755 601 122 932 128 187 347
is_linear=0
shrinkage=0.05


Tree=4
num_leaves=31
num_cat=0
split_feature=105 128 114 50 81 16 128 85 163 74 176 139 175 142 45 29 105 94 163 114 128 93 1 88 85 129 101 49 49 120
split_gain=2139.79 1291.09 883.581 434.883 375.006 362.929 358.512 369.569 383.183 333.638 296.599 273.739 270.947 287.495 259.823 233.931 219.461 212.879 203.692 230.002 195.947 191.47 259.172 182.642 265.725 146.592 141.036 135.832 129.768 128.453
threshold=31.500000000000004 9.5871465020954059 18.850000000000005 1000.6500000000002 25.850000000000005 0.93500000000000016 10.515540806382498 266.42488060000005 0.5902777777777779 26.835714285714289 59.500000000000007 26.745158291020591 60.500000000000007 678.79384452971703 50.500000000000007 32.20000000000001 38.500000000000007 13.500000000000002 0.40972222222222227 9.0500000000000025 9.8179568965483366 264.51018810000005 8.9600000000000023e-06 27.062500000000004 266.13205355000008 3.5000000000000004 -3.251143949999999 990.05000000000007 963.1500000000002 282.79655150000002
decision_type=2 2 2 2 2 2 2 2 2 2 8 2 8 2 2 2 2 2 2 2 2 2 2 2 2 2 2 2 2 8
left_child=1 4 6 9 -1 15 20 8 14 -4 21 17 -13 -14 -8 27 25 -5 -7 -20 -3 22 -11 -18 -25 -17 -16 -2 -9 -21
right_child=5 2 3 11 -6 18 7 28 -10 10 -12 12 13 -15 26 16 23 -19 19 29 -22 -23 -24 24 -26 -27 -28 -29 -30 -31
leaf_value=-0.045588903373774629 -0.45688111583762447 -0.154600625365829 -0.013135085291485197 -0.12790525518429458 0.03067228471734126 0.00096293323671424339 -0.20157940017954734 -0.0032314498179831573 -0.13234210500328564 -0.045949913560431668 -0.31439266694144569 0.014075372236468707 -0.012190166862945922 -0.14848223371693248 -0.30185584838420632 -0.14106252306419154 -0.11946123373489093 -0.019714739578131454 -0.23401193744572329 -0.041341324904264287 -0.025301903757449541 -0.055775073708997813 -0.36977032051979775 -0.3982472929007026 -0.124035339156257 -0.033192233116829166 -0.93070331870638912 -0.14775662481957025 -0.12248643480154829 -0.1250978101087635
leaf_weight=167.37728486955166 7.078817437868568 32.699799285270274 149.39181465748698 48.436426183441654 3827.9574809763581 133.69402716774493 5.5386911518871802 28.024195064092055 17.344638522481546 12.496624943334611 16.686964075197466 2173.1352607862791 160.52071075851563 50.112887080293149 2.9646917926147598 44.508663070155308 123.77780061680824 579.86711962916888 19.932218784466386 200.93488518544473 231.33144309045747 87.347846610238776 11.971379193477331 15.832226623198947 21.667810013517737 105.92103951890022 3.1755747324787063 9.0881576016545278 125.06788477266673 59.223483113804832
leaf_count=321 81 137 189 175 1479 131 32 30 66 25 128 1561 200 202 27 173 422 809 118 368 349 186 108 150 78 177 81 39 434 210
internal_value=-7.54779e-05 0.00771003 -0.0134166 -0.00445056 0.0274656 -0.0811436 -0.0793646 -0.13319 -0.294562 -0.0641829 -0.122931 0.00107818 0.00881991 -0.0451881 -0.505645 -0.120415 -0.110038 -0.0282532 -0.0497988 -0.0739636 -0.0418571 -0.0917797 -0.212879 -0.150551 -0.247272 -0.0658623 -0.712577 -0.30213 -0.100851 -0.0608331
internal_weight=8473.11 7731.45 3736.11 3289.97 3995.33 741.659 446.147 182.116 29.0236 277.895 128.503 3012.07 2383.77 210.634 11.679 327.875 311.708 628.304 413.785 280.091 264.031 111.816 24.468 161.278 37.5 150.43 6.14027 16.167 153.092 260.158
internal_count=8486 6539 4739 3583 1800 1947 1156 670 206 636 447 2947 1963 402 140 1120 1000 984 827 696 486 319 133 650 228 350 108 120 464 578
is_linear=0
shrinkage=0.05


Tree=5
num_leaves=31
num_cat=0
split_feature=105 128 120 81 0 172 33 122 93 185 91 75 114 174 69 45 80 43 128 160 36 85 81 35 10 124 128 100 123 168
split_gain=1746.87 1139.71 650.45 516.822 363.834 374.309 439.933 481.515 414.53 305.966 229.723 222.483 210.145 190.092 171.732 181.695 164.54 155.471 141.826 163.979 185.832 134.28 133.115 201.355 132.725 132.587 131.774 112.989 112.387 112.363
threshold=31.500000000000004 10.047934111019257 287.18698935000003 22.950000000000003 0.037000000000000005 12.500000000000002 0.2469328348735764 17.500000000000004 267.13736720000003 0.0037260619224713902 8.9500000000000011 20.450000000000003 9.0500000000000025 4.5000000000000009 278.12795370000009 97.500000000000014 19.112500000000004 0.32050000000000006 9.2173545129383765 0.024744897959183679 268.42089965000008 272.7989568000001 45.650000000000013 290.49928860000006 18.200000000000006 0.78656609248549303 9.695170550074204 5.0999999999999668 0.60355339059327384 5.9343750000000009e-05
decision_type=2 2 8 2 2 10 2 2 2 10 2 2 2 10 2 2 2 2 2 2 2 2 2 2 2 2 2 2 2 2
left_child=1 3 4 -1 5 6 7 17 13 10 -2 18 -12 -9 -4 -16 -7 -3 -5 20 27 -6 23 25 -14 -8 -13 -20 -21 -18
right_child=9 2 14 11 21 16 22 8 -10 -11 12 26 24 -15 15 -17 29 -19 19 28 -22 -23 -24 -25 -26 -27 -28 -29 -30 -31
leaf_value=-0.074284627932961131 0.0076226379440144367 -0.22297166033493451 -0.10024465551300799 0.033614274263196457 -0.030681280266239747 0.021354865615639956 -0.12282825709201456 -0.27791294333094152 -0.10691582640629956 0.0023863397479345185 -0.17685339239802911 0.00091115548766858854 -0.10016821022337714 -0.74096537346645719 -0.43845561161275415 -0.086939394741713166 -0.091396997570076355 -0.072432505658252266 -0.24602457241888179 0.022624833082415086 0.021255412944472613 0.018102954890160696 0.0019484237899279602 0.025169670900868232 -0.050197179430082867 -0.028241834047917302 -0.075388114529445091 -0.064546865883747237 -0.022897567760008973 -0.015197238695209104
leaf_weight=138.15638894494623 65.191000800579786 18.214448856655508 140.4027000896167 2840.1924355477095 169.9814211288467 323.83701788098551 89.812696390785277 6.7612062916159648 12.988391450140623 128.26962518133223 63.557112650945783 376.98811972700059 347.57577362563461 5.0622122632339597 7.3835662737255898 7.7264881422743201 57.66461198637262 197.02747491048649 13.171120890416203 1703.2818426582962 39.181479029357433 804.87402157718316 209.2948715351522 57.597693057730794 221.51125373947434 64.118616551626474 65.553357305005193 24.710000771097839 146.39860780071467 281.14385112118907
leaf_count=345 55 104 424 930 275 185 313 50 43 122 292 370 1046 95 81 23 165 484 83 932 22 513 201 28 445 101 166 58 214 367
internal_value=0.000553561 0.00787838 -0.0203269 0.0208234 -0.013602 -0.0306668 -0.057263 -0.111147 -0.315918 -0.06854 -0.0815689 0.0233604 -0.0907651 -0.518881 -0.118964 -0.275573 -0.00408761 -0.0861669 0.0265087 0.0160198 -0.0549798 0.00956881 -0.0263233 -0.0541975 -0.0808484 -0.083898 -0.0105242 -0.132479 0.0190087 -0.0284118
internal_weight=8627.63 7801.52 2453.89 5347.63 2298.38 1323.52 660.878 240.054 24.8118 826.105 697.835 5209.48 632.644 11.8234 155.513 15.1101 662.645 215.242 4766.94 1926.74 77.0626 974.855 420.824 211.529 569.087 153.931 442.541 37.8811 1849.68 338.808
internal_count=8532 6572 3452 3120 2924 2136 1419 776 188 1960 1838 2775 1783 145 528 104 717 588 2239 1309 163 788 643 442 1491 414 536 141 1146 532
is_linear=0
shrinkage=0.05


Tree=6
num_leaves=31
num_cat=0
split_feature=128 103 81 131 120 133 41 187 112 36 24 34 21 49 41 175 135 99 185 139 98 15 84 142 184 116 101 186 187 97
split_gain=1526.7 1427.06 505.423 345.99 329.581 263.294 242.101 236.252 194.024 187.882 173.782 279.4 168.401 253.737 200.016 153.655 145.145 155.103 140.706 134.304 156.278 130.165 232.231 125.942 124.875 121.372 266.389 148.422 122.434 119.986
threshold=9.5871465020954059 1677.8000000000004 25.850000000000005 63.778943440450405 287.43088685000004 24.840000000000007 67.500000000000014 0.12324268843442181 274.98907155000006 273.48146850000006 51.050000000000004 0.61355831316411413 0.57638888888888895 962.75000000000011 59.500000000000007 59.500000000000007 18.555000000000003 -2.8000000000000109 0.00075255927121495954 8.3286580801970196 2.9000000000000017 0.00018645833333333337 3.9500000000000011 244.29555195578342 261.45000000000005 268.38209730000005 -2.1966281499999805 1.7332268039569354e-06 0.66158705500680304 1.6499999999999988
decision_type=2 2 2 2 10 2 2 2 2 2 2 2 2 2 2 8 2 2 8 2 2 2 2 2 2 2 2 8 2 2
left_child=2 4 18 12 5 6 23 8 29 25 11 -6 -3 14 -14 -7 17 -17 -1 20 -4 22 -11 -2 -23 26 -9 -27 -29 -5
right_child=1 3 19 7 10 15 -8 9 -10 21 -12 -13 13 -15 -16 16 -18 -19 -20 -21 -22 24 -24 -25 -26 27 -28 28 -30 -31
leaf_value=-0.11316932115656764 -0.011064590997779088 0.008764491526160675 -0.06555459583573349 -0.51560555965773291 -0.40735438939514917 0.015580275558286031 -0.13754514422581815 -0.092631517751105244 -0.09327521434755609 -0.0021050407240562766 -0.056908131963775026 -0.024664214341607676 -0.036782669825317436 -0.0019069478213220113 -0.37753695354203631 -0.012471182270320147 -0.0085513987713413033 -0.20322451870593358 -0.02430846134065788 0.030141828628316564 0.018587098620919059 -0.014432664047868932 -0.19694938283668492 -0.10455309613777131 -0.10096412916959366 -0.13720687293709957 -0.26728209056341812 -0.054187021914150604 -0.14349493794935378 -0.15612691093947773
leaf_weight=55.352505080401897 663.78788005374372 227.080122792162 78.572776080109179 5.7096228739246744 9.5935355597175676 2022.6942981717875 42.696146022761241 152.15689221280627 16.065059242770076 28.651641517877579 52.737726903054863 8.9780062492936832 7.5846633184701231 28.764801708981395 9.864557945635168 21.330296017229557 219.23384984000586 20.700110310688615 218.28862104378641 3534.3204951034859 179.02157498151064 285.26784797222354 31.982467473484576 37.14223165391013 47.985146512743086 74.291039096191525 25.143927636556327 480.29794886265881 41.352529158815742 5.5251062801107764
leaf_count=183 811 187 183 75 96 1392 163 436 48 30 114 14 14 30 92 27 257 109 325 1403 112 368 162 117 147 281 165 1002 163 26
internal_value=0.000579587 -0.0192582 0.0228628 -0.0598539 -1.62251e-05 0.00250092 -0.0233187 -0.0714585 -0.214843 -0.0679193 -0.105513 -0.23332 -0.00904246 -0.0949781 -0.239714 0.0109161 -0.025096 -0.109074 -0.0426482 0.0276017 -0.00721316 -0.0396332 -0.106488 -0.0161676 -0.0271721 -0.0822519 -0.118788 -0.0711928 -0.0615373 -0.366437
internal_weight=8632.17 4566.62 4065.56 1467.72 3098.89 3027.58 743.626 1194.43 27.2998 1167.13 71.3093 18.5715 273.294 46.214 17.4492 2283.96 261.264 42.0304 273.641 3791.91 257.594 393.887 60.6341 700.93 333.253 773.242 177.301 595.942 521.65 11.2347
internal_count=8532 6326 2206 3226 3100 2876 1091 2903 149 2754 224 110 323 136 106 1785 393 136 508 1698 295 707 192 928 515 2047 601 1446 1165 101
is_linear=0
shrinkage=0.05


Tree=7
num_leaves=31
num_cat=0
split_feature=128 103 103 131 120 133 41 134 67 131 88 142 178 113 175 29 50 131 80 24 128 91 50 116 138 84 178 66 118 16
split_gain=1380.84 1183.33 451.73 270.521 266.332 235.028 182.23 169.422 188.643 178.828 163.255 162.204 156.492 148.86 138.618 121.946 146.015 111.658 110.588 145.421 110.202 107.556 197.842 106.492 146.928 103.349 103.168 98.3602 96.59 96.5265
threshold=9.5871465020954059 1677.8000000000004 2811.0500000000002 63.778943440450405 287.43088685000004 24.840000000000007 67.500000000000014 7.1050000000000013 13.850000000000003 59.956631411209223 23.487500000000004 779.98523430632292 3.1857756521739139e-06 0.35000000000000003 59.500000000000007 42.350000000000009 1023.5500000000001 35.133458222840027 23.537500000000005 60.45000000000001 9.0380664556519861 17.250000000000004 1028.0500000000002 267.89019445000002 6.8050000000000006 12.650000000000004 0.0018152288521739136 15.925000000000002 20.150000000000002 0.38500000000000006
decision_type=2 2 2 2 10 2 2 2 2 2 2 2 2 2 8 2 2 2 2 2 2 2 2 2 2 2 2 2 10 2
left_child=2 4 10 7 5 6 25 8 9 -3 -1 -4 21 23 27 -16 -17 -12 -6 -20 -19 22 -5 24 26 -2 -14 -7 -22 -15
right_child=1 3 11 12 18 14 -8 -9 -10 -11 17 -13 13 29 15 16 -18 20 19 -21 28 -23 -24 -25 -26 -27 -28 -29 -30 -31
leaf_value=-0.020191510162184213 -0.010044403610067401 -0.28109656009449047 -0.10155948097352896 -0.40551181581538592 -0.040560056211763403 0.02593143355497874 -0.11392674556451916 0.018296195432996071 -0.00097544760170919771 -0.058083290587227887 0.035984165196495041 0.034199128743867678 -0.02966263558741225 -0.091792362342774991 -0.0085905152532866902 -0.20355197914247461 -0.015899013883388675 -0.008671919343828851 -0.26172053803102163 -0.045279415778957131 0.00047712755439256879 -0.059330704315478391 -0.070270378103757039 -0.060352142378941223 -0.16134399290083004 -0.087075203575226134 -0.12122628323469696 0.0036971130038221272 0.031267793202450427 -0.008063696947522769
leaf_weight=186.98569787479937 666.75581803359091 14.38826019130647 96.618439424782991 8.8680206267163211 48.083449801430106 1015.0555205125129 48.991842223098502 188.40944588650018 49.906860485672951 23.471867717802525 1907.9123594537377 27.795880421996117 72.999560329830274 41.280133564490825 226.76724125631154 18.108507839497179 23.203700574114919 307.40988548286259 16.146768755977977 15.21546468278393 330.26107829343528 13.588765370659528 8.9359461925923807 829.47775912517682 67.348287560977042 45.65322279301472 53.576901376713067 976.36886232381221 1117.6615745462477 187.49988280888647
leaf_count=263 801 101 295 89 88 488 163 119 51 52 534 8 117 119 266 96 31 361 106 30 327 31 23 1832 288 127 186 904 418 218
internal_value=0.000594315 -0.0178691 0.0222422 -0.0533765 4.03706e-06 0.00239592 -0.0216093 -0.00842849 -0.0654145 -0.148018 0.0252793 -0.0711584 -0.0630296 -0.0601555 0.0104933 -0.023194 -0.101138 0.0276066 -0.0897838 -0.161512 0.0184826 -0.172118 -0.250203 -0.068308 -0.101828 -0.0151029 -0.069105 0.0150401 0.0242533 -0.0235268
internal_weight=8634.75 4660.1 3974.64 1559.75 3100.35 3020.9 761.401 276.176 87.767 37.8601 3850.23 124.414 1283.58 1252.18 2259.5 268.079 41.3122 3663.24 79.4457 31.3622 1755.33 31.3927 17.804 1023.4 193.925 712.409 126.576 1991.42 1447.92 228.78
internal_count=8532 6326 2206 3226 3100 2876 1091 323 204 153 1903 303 2903 2760 1785 393 127 1640 224 136 1106 143 112 2423 591 928 303 1392 745 337
is_linear=0
shrinkage=0.05


Tree=8
num_leaves=31
num_cat=0
split_feature=128 103 81 156 3 116 131 74 172 111 120 165 133 15 139 98 16 128 176 189 108 108 102 80 83 110 77 81 63 189
split_gain=1250.86 990.138 423.16 244.602 409.357 320.91 215.148 192.763 160.091 151.017 142.239 141.779 134.699 142.358 126.486 130.889 121.97 120.623 128.323 115.987 115.223 187.99 120.678 109.312 104.656 101.817 100.714 98.9999 219.717 108.871
threshold=9.5871465020954059 1677.8000000000004 25.850000000000005 0.10000000000000002 0.13707818250000001 275.68276840000004 63.778943440450405 18.935714285714287 59.500000000000007 5.7500000000000009 274.17099350000007 0.099558759562500002 6.2700000000000005 0.00076041666666666673 8.3286580801970196 2.9000000000000017 0.94500000000000006 12.13586628958657 16.500000000000004 55.550000000000004 283.59824955000005 267.23456445000005 0.29999999999999999 25.987500000000004 14.050000000000002 6.1500000000000012 267.83549235000004 22.150000000000002 9.3151000000000028 25.850000000000005
decision_type=2 2 2 2 2 2 2 2 10 2 10 2 2 2 2 2 2 2 10 8 2 2 2 2 2 2 2 2 2 10
left_child=2 3 25 4 5 -2 10 -5 12 24 -3 19 13 -8 15 23 -14 18 -11 -9 21 -10 -23 -4 -7 -1 -18 28 -28 -30
right_child=1 6 14 7 -6 9 8 11 20 17 -12 -13 16 -15 -16 -17 26 -19 -20 -21 -22 22 -24 -25 -26 -27 27 -29 29 -31
leaf_value=-0.13201128655466202 -0.0043704445268596629 -0.059229776328556208 -0.016432692383619364 0.020193311468387785 0.015160698838021373 -0.16766456576596336 -0.071064449490205392 -0.009411531979373047 -0.031117779683631743 -0.15408250694809941 0.016787220033374996 0.03447707564404303 -0.062640083159764826 -0.19357281741068069 0.028963208423063352 0.017452377296853935 -0.06673286916641949 -0.079166807717974172 -0.33765935510399309 -0.075031692572971639 -0.036055633435819627 -0.49249602005792315 -0.17868121380102725 -0.13602421776439341 -0.040271507784444494 -0.026712532841893122 0.012586303435485571 -0.0091184772103762076 -0.077871493129467159 -0.31104431550401279
leaf_weight=24.245687197893858 102.82479090220295 90.046602522954345 55.372846047393978 1269.016963422182 245.99117692932487 20.569886556826532 102.62249216996133 1070.2566710624378 8.8005641493946332 34.74534678994678 188.83656081464142 176.47944781184196 639.93525110976771 31.002749998122454 3336.2484432272613 172.74541005864739 142.01884385757148 27.219324140809476 14.722566584823651 70.941759636858478 13.467385176569222 5.8111098858062169 9.2544496878981573 28.539164762943983 68.734074178384617 271.38052448816597 25.86182046122849 367.66646514972672 10.69142520055175 10.342097986489533
leaf_count=91 112 198 74 756 171 93 250 1272 15 145 125 54 1443 155 1403 112 333 72 121 179 24 73 46 109 125 417 19 435 29 81
internal_value=0.000603723 -0.0166149 0.0216277 2.25948e-05 -0.0314161 -0.0739548 -0.0479417 0.00629121 -0.0560999 -0.116745 -0.00786343 -0.00709886 -0.0531408 -0.100752 0.0263614 -0.00742121 -0.0477398 -0.168118 -0.214425 -0.0135573 -0.15726 -0.221253 -0.323158 -0.0582886 -0.0712018 -0.0357814 -0.0305175 -0.0179682 -0.0856082 -0.201662
internal_weight=8636.39 4747.86 3888.53 3101.5 514.807 268.816 1646.36 2586.69 1367.47 165.991 278.883 1317.68 1330.14 133.625 3592.91 256.657 1196.52 76.6872 49.4679 1141.2 37.3335 23.8661 15.0656 83.912 89.304 295.626 556.581 414.562 46.8953 21.0335
internal_count=8532 6326 2206 3100 839 668 3226 2261 2903 556 323 1505 2745 405 1698 295 2340 338 266 1451 158 134 119 183 218 508 897 564 129 110
is_linear=0
shrinkage=0.05


Tree=9
num_leaves=31
num_cat=0
split_feature=128 103 114 86 3 116 101 128 74 116 103 15 186 33 176 7 186 185 139 134 7 163 187 120 83 103 49 98 112 118
split_gain=1133.6 835.636 392.737 216.595 339.207 234.075 175.841 199.085 171.043 168.113 161.152 133.07 131.743 156.775 217.944 176.109 272.625 131.512 129.329 127.319 120.135 110.782 135.561 107.305 106.552 103.763 103.568 88.4521 85.3545 84.2976
threshold=9.5871465020954059 1654.3500000000001 14.450000000000001 2.5000000000000004 0.13707818250000001 275.68276840000004 -2.7805322500000211 10.813846654093668 18.50714285714286 267.21324840000005 2835.9500000000007 0.00021875000000000006 0.00042553795470229815 -0.19434175027999034 9.5000000000000018 0.025400000000000002 -8.1393288512553151e-06 0.0030602816140350851 8.3286580801970196 6.7500000000000009 0.034550000000000004 0.60416666666666685 0.51536877479869436 269.54063880000007 15.850000000000003 2727.8000000000006 989.75000000000011 -2.9999999999999978 294.03559335000006 22.250000000000004
decision_type=2 2 2 2 2 2 2 2 2 2 2 2 10 2 8 2 8 8 2 2 2 2 2 10 2 2 2 2 2 8
left_child=2 3 10 4 5 -2 7 11 -5 27 -1 23 13 14 -10 16 -16 19 20 25 -4 22 -9 -3 -7 -11 -15 -8 -20 -22
right_child=1 6 18 8 -6 24 9 21 12 17 -12 -13 -14 26 15 -17 -18 -19 28 -21 29 -23 -24 -25 -26 -27 -28 -29 -30 -31
leaf_value=-0.014347250781556256 -0.0032153764336404198 -0.014945909587279827 0.028925291154086204 0.020024972287849777 0.014630674002735405 -0.14489836335305462 -0.09094612446238616 -0.22463552638219381 -0.003375070134690092 -0.2584541635362414 -0.10313404446784087 0.0050619876454704111 0.013914033931205386 -0.0069444805390334778 -0.081209122253995403 -0.062861379537814163 -0.53102868118897761 -0.0097993103007918813 0.030096636785155048 -0.055310081528622872 -0.10355821288854586 -0.033115885316815377 -0.072644532540805884 -0.13542641316916834 -0.066649789077531232 -0.068739739095272243 -0.075278675008182847 -0.23122763084468276 -0.014013698965086516 -0.015940066541748878
leaf_weight=242.91096463054419 98.501316121313721 43.575555968098342 122.60787862539291 1203.5026408649283 242.28990685194731 74.398272903170437 34.084327622782439 18.09803906455636 29.819631532765925 13.410568987950684 63.94310275092721 418.57797239441425 513.18881253898144 707.49711397220381 6.9643852692097425 13.575402177870272 6.4781162228900957 161.12561500817537 3116.8147823363543 802.76919962186366 35.761303057894111 132.48832069663331 73.157402666285634 31.600533404387534 112.11636383412406 16.643629793077707 59.225732707884163 18.005956075852737 112.95998256560415 111.14729307964444
leaf_count=313 105 57 51 721 171 293 98 104 32 88 198 376 370 806 20 32 86 193 1240 1692 112 221 181 120 263 41 150 106 145 147
internal_value=0.000608574 -0.0154675 0.0210137 0.000300755 -0.0288274 -0.0657103 -0.0428827 -0.0237581 0.00635812 -0.0559607 -0.03314 -0.00597731 -0.00594845 -0.0183334 -0.0977414 -0.197877 -0.320088 -0.0512564 0.025772 -0.0592498 -0.00746415 -0.0627729 -0.10495 -0.0667689 -0.0984951 -0.15915 -0.0123207 -0.142973 0.0285485 -0.0378583
internal_weight=8637.24 4831.09 3806.15 3067.56 527.306 285.016 1763.54 717.498 2540.25 1046.04 306.854 493.754 1336.75 823.56 56.8375 27.0179 13.4425 993.949 3499.29 832.823 269.516 223.744 91.2554 75.1761 186.515 30.0542 766.723 52.0903 3229.77 146.909
internal_count=8532 6326 2206 3049 832 661 3277 1059 2217 2218 511 553 1496 1126 170 138 106 2014 1695 1821 310 506 285 177 556 129 956 204 1385 259
is_linear=0
shrinkage=0.05


end of trees

feature_importances:
log_customers=17
cumul_gust_since_onset=13
pop_density=10
gust_max_next_24h=9
gust_gt30_since_onset=8
pre_event_mean_osi=7
t2m_at_t48h=7
pct_forest=7
sp_t=6
gust_at_t24h=6
t2m_at_t24h=6
first_material_N_hour_obs=6
P_change_per_gust_excess_obs=6
soil_moist_t=5
gust_mean_next_6h=5
wind_speed_max_next_24h=5
temp_change_6h=5
N_nonzero_frac_obs=5
N_per_gust_excess_obs=5
pre_event_max_outage_pct=4
gust_peak4h_mean_next_6h=4
min_t2m_next_24h=4
pct_agriculture=4
pct_water=4
pct_unmapped=4
pct_forest_classified=4
first_material_R_hour_obs=4
gust_mean_obs=3
gust_max_last6h_obs=3
wind_cos_t=3
r2_t=3
mslma_t=3
total_tp_next_24h=3
gust_peak4h_mean_next_24h=3
min_t2m_next_48h=3
gust_change_3h=3
gust_at_t48h=3
hour_cos=3
pct_developed=3
forest_x_customers=3
hours_since_P_peak_obs=3
gust_to_N_best_corr_obs=3
gust_at_first_material_N_obs=3
last_osi=2
last_D_t=2
osi_max_72h=2
storm_onset_max_osi=2
gust_max_obs=2
wind_sin_t=2
d2m_t=2
blh_t=2
tcc_t=2
wind_speed_max_next_6h=2
gust_mean_next_48h=2
wind_speed_max_next_48h=2
gust_gt30_next_48h=2
t2m_at_t1h=2
wind_speed_at_t6h=2
t2m_at_t6h=2
rural_urban_code=2
tp_rate_next_48h=2
hours_since_R_peak_obs=2
D_trend_last24_obs=2
last_P_t=1
last_N_t=1
outage_pct_max_72h=1
N_t_mean_72h=1
R_t_mean_72h=1
R_t_max_72h=1
storm_onset_mean_osi=1
frac_zero_72h=1
gust_last_obs=1
t2m_t=1
mcc_t=1
diffuse_rad_t=1
gust_x_hso=1
gust_x_phase=1
soil_gust_x_phase=1
gust_mean_next_1h=1
wind_speed_max_next_1h=1
min_t2m_next_1h=1
min_t2m_next_6h=1
gust_mean_next_24h=1
gust_gt30_next_24h=1
gust_peak4h_mean_next_48h=1
gust_change_1h=1
pressure_change_3h=1
pressure_change_6h=1
wind_change_1h=1
cumul_tp_since_onset=1
wind_speed_at_t1h=1
gust_at_t6h=1
tp_at_t6h=1
wind_speed_at_t24h=1
hour_of_day=1
hour_sin=1
pct_wetland=1
tree_canopy_pct=1
tp_rate_next_24h=1
gust_gt30_frac_next_24h=1
P_mean_last24_obs=1
R_mean_last24_obs=1
restoration_ratio_obs=1
hours_since_N_peak_obs=1
gust_excess30_sum_obs=1

parameters:
[boosting: gbdt]
[objective: gamma]
[metric: rmse]
[tree_learner: serial]
[device_type: cpu]
[data_sample_strategy: bagging]
[data: ]
[valid: ]
[num_iterations: 2000]
[learning_rate: 0.05]
[num_leaves: 31]
[num_threads: -1]
[seed: 42]
[deterministic: 0]
[force_col_wise: 0]
[force_row_wise: 0]
[histogram_pool_size: -1]
[max_depth: -1]
[min_data_in_leaf: 50]
[min_sum_hessian_in_leaf: 0.001]
[bagging_fraction: 0.8]
[pos_bagging_fraction: 1]
[neg_bagging_fraction: 1]
[bagging_freq: 5]
[bagging_seed: 42]
[bagging_by_query: 0]
[feature_fraction: 0.8]
[feature_fraction_bynode: 1]
[feature_fraction_seed: 42]
[extra_trees: 0]
[extra_seed: 12879]
[early_stopping_round: 0]
[early_stopping_min_delta: 0]
[first_metric_only: 0]
[max_delta_step: 0]
[lambda_l1: 0.1]
[lambda_l2: 1]
[linear_lambda: 0]
[min_gain_to_split: 0]
[drop_rate: 0.1]
[max_drop: 50]
[skip_drop: 0.5]
[xgboost_dart_mode: 0]
[uniform_drop: 0]
[drop_seed: 42]
[top_rate: 0.2]
[other_rate: 0.1]
[min_data_per_group: 100]
[max_cat_threshold: 32]
[cat_l2: 10]
[cat_smooth: 10]
[max_cat_to_onehot: 4]
[top_k: 20]
[monotone_constraints: ]
[monotone_constraints_method: basic]
[monotone_penalty: 0]
[feature_contri: ]
[forcedsplits_filename: ]
[refit_decay_rate: 0.9]
[cegb_tradeoff: 1]
[cegb_penalty_split: 0]
[cegb_penalty_feature_lazy: ]
[cegb_penalty_feature_coupled: ]
[path_smooth: 0]
[interaction_constraints: ]
[verbosity: -1]
[saved_feature_importance_type: 0]
[use_quantized_grad: 0]
[num_grad_quant_bins: 4]
[quant_train_renew_leaf: 0]
[stochastic_rounding: 1]
[linear_tree: 0]
[max_bin: 255]
[max_bin_by_feature: ]
[min_data_in_bin: 3]
[bin_construct_sample_cnt: 200000]
[data_random_seed: 42]
[is_enable_sparse: 1]
[enable_bundle: 1]
[use_missing: 1]
[zero_as_missing: 0]
[feature_pre_filter: 1]
[pre_partition: 0]
[two_round: 0]
[header: 0]
[label_column: ]
[weight_column: ]
[group_column: ]
[ignore_column: ]
[categorical_feature: ]
[forcedbins_filename: ]
[precise_float_parser: 0]
[parser_config_file: ]
[objective_seed: 16083]
[num_class: 1]
[is_unbalance: 0]
[scale_pos_weight: 1]
[sigmoid: 1]
[boost_from_average: 1]
[reg_sqrt: 0]
[alpha: 0.9]
[fair_c: 1]
[poisson_max_delta_step: 0.7]
[tweedie_variance_power: 1.5]
[lambdarank_truncation_level: 30]
[lambdarank_norm: 1]
[label_gain: ]
[lambdarank_position_bias_regularization: 0]
[eval_at: ]
[multi_error_top_k: 1]
[auc_mu_weights: ]
[num_machines: 1]
[local_listen_port: 12400]
[time_out: 120]
[machine_list_filename: ]
[machines: ]
[gpu_platform_id: -1]
[gpu_device_id: -1]
[gpu_device_id_list: ]
[gpu_use_dp: 0]
[num_gpu: 1]

end of parameters

pandas_categorical:[]
