tree
version=v4
num_class=1
num_tree_per_iteration=1
label_index=0
max_feature_idx=189
objective=huber
feature_names=last_osi last_P_t last_N_t last_D_t last_R_t last_outage_pct osi_mean_72h osi_max_72h osi_std_72h outage_pct_mean_72h outage_pct_max_72h N_t_mean_72h N_t_max_72h R_t_mean_72h R_t_max_72h pre_event_mean_osi pre_event_max_outage_pct storm_onset_max_osi storm_onset_mean_osi osi_trend_last6h is_worsening frac_zero_72h hours_since_peak gust_mean_obs gust_max_obs gust_gt30_obs gust_gt40_obs cumul_gust_obs gust_last_obs gust_max_last6h_obs gust_trend_last6h_obs gust_t wind_speed_t wind_sin_t wind_cos_t t2m_t d2m_t tp_t rain_t csnow_t sdwe_t r2_t vpd_t soil_moist_t blh_t tcc_t lcc_t mcc_t hcc_t sp_t mslma_t sdswrf_t direct_rad_t diffuse_rad_t et0_t temp_c_t dewpoint_c_t icing_risk_t gust_exceed_30 soil_moist_x_gust is_snowing gust_x_hso gust_x_phase soil_gust_x_phase gust_exceed30_x_hso gust_max_next_1h gust_mean_next_1h wind_speed_max_next_1h total_tp_next_1h min_t2m_next_1h gust_gt30_next_1h gust_gt40_next_1h gust_peak4h_mean_next_1h gust_max_next_6h gust_mean_next_6h wind_speed_max_next_6h total_tp_next_6h min_t2m_next_6h gust_gt30_next_6h gust_gt40_next_6h gust_peak4h_mean_next_6h gust_max_next_24h gust_mean_next_24h wind_speed_max_next_24h total_tp_next_24h min_t2m_next_24h gust_gt30_next_24h gust_gt40_next_24h gust_peak4h_mean_next_24h gust_max_next_48h gust_mean_next_48h wind_speed_max_next_48h total_tp_next_48h min_t2m_next_48h gust_gt30_next_48h gust_gt40_next_48h gust_peak4h_mean_next_48h gust_change_1h gust_change_3h pressure_change_3h pressure_change_6h temp_change_6h wind_change_1h cumul_gust_since_onset cumul_tp_since_onset gust_gt30_since_onset gust_at_t1h wind_speed_at_t1h t2m_at_t1h tp_at_t1h gust_at_t6h wind_speed_at_t6h t2m_at_t6h tp_at_t6h gust_at_t24h wind_speed_at_t24h t2m_at_t24h tp_at_t24h gust_at_t48h wind_speed_at_t48h t2m_at_t48h tp_at_t48h hour_of_day hour_sin hour_cos days_since_onset hours_since_obs storm_phase log_customers rural_urban_code is_metro pop_density n_utilities pct_forest pct_developed pct_agriculture pct_water pct_wetland pct_unmapped pct_forest_classified tree_canopy_pct tree_canopy_std forest_x_customers window_len_next_1h is_full_next_1h tp_rate_next_1h gust_gt30_frac_next_1h has_weather_at_t1h window_len_next_6h is_full_next_6h tp_rate_next_6h gust_gt30_frac_next_6h has_weather_at_t6h window_len_next_24h is_full_next_24h tp_rate_next_24h gust_gt30_frac_next_24h has_weather_at_t24h window_len_next_48h is_full_next_48h tp_rate_next_48h gust_gt30_frac_next_48h has_weather_at_t48h N_nonzero_frac_obs R_nonzero_frac_obs P_mean_last24_obs D_mean_last24_obs N_mean_last24_obs R_mean_last24_obs flow_balance_last24_obs restoration_ratio_obs P_D_gap_last_obs hours_since_P_peak_obs hours_since_N_peak_obs hours_since_R_peak_obs first_material_N_hour_obs first_material_R_hour_obs P_trend_last24_obs D_trend_last24_obs P_post_peak_slope_obs P_active_frac_obs has_material_P_obs has_material_N_obs has_material_R_obs gust_excess30_sum_obs N_per_gust_excess_obs P_change_per_gust_excess_obs gust_to_N_best_corr_obs gust_to_N_best_lag_obs gust_at_first_material_N_obs
feature_infos=[0:0.55230000000000001] [0:0.82424180700000005] [0:0.065400654000000003] [0:0.90465771100000003] [0:0.058582058999999999] [0:82.420000000000002] [4.1666666666666669e-06:0.26529999999999998] [0.0001:0.65049999999999997] [1.9982631347136334e-05:0.22470370552747407] [0.00083333333333333328:39.644861111111112] [0.02:100] [3.1208333333333337e-06:0.018623942125000001] [7.4900000000000005e-05:0.37916412199999999] [3.1208333333333337e-06:0.017093115180555556] [7.4900000000000005e-05:0.18675781699999999] [0:0.38653749999999998] [0:100] [0:0.59799999999999998] [0:0.20940416666666664] [-0.055854285714285697:0.019237142857142855] [0:1] [0:0.95833333333333337] [0:71] [13.769444444444444:31.258333333333326] [29.100000000000001:70] [0:35] [0:18] [991.39999999999998:2250.5999999999995] [3.5:47.5] [15.6:64.5] [-6.477142857142856:3.3114285714285714] [0.90000000000000002:58.299999999999997] [0:38] [-0.99999999953664132:0.99999999987412524] [-0.99999999369183823:1] [259.85092730000002:298.4303941] [257.33913039999999:289.8677619] [0:11.300000000000001] [0:11.300000000000001] [0:2.6600000000000001] [0:0.080000000000000002] [15:100] [0:2.5] [0.17000000000000001:0.52300000000000002] [10:3090] [0:100] [0:100] [0:100] [0:100] [884.60000000000002:1022.4] [986.70000000000005:1031.5999999999999] [0:863] [0:731] [0:454] [0:0.60999999999999999] [-13.299072699999954:25.280394100000024] [-15.81086959999999:16.717761900000028] [0:1] [0:28.299999999999997] [0.24840000000000004:23.550000000000001] [0:1] [1.6000000000000001:3819.7999999999997] [0:107.59999999999999] [0:47.100000000000001] [0:1689.7999999999997] [1.3999999999999999:58.299999999999997] [1.2999999999999998:54.400000000000006] [0:38] [0:14.699999999999999] [259.85092730000002:298.21776599999998] [0:2] [0:2] [1.2999999999999998:54.400000000000006] [2.2000000000000002:58.299999999999997] [2.0571428571428569:49.328571428571429] [0.40000000000000002:38] [0:25.200000000000003] [259.85092730000002:296.40927479999999] [0:7] [0:7] [2.1500000000000004:52.024999999999999] [2.2000000000000002:58.299999999999997] [2.1500000000000004:42.796000000000006] [0.5:38] [0:51.199999999999996] [259.85092730000002:288.3249495] [0:25] [0:19] [2.1500000000000004:52.024999999999999] [2.2000000000000002:58.299999999999997] [2.1500000000000004:37.651020408163269] [0.5:38] [0:52.900000000000006] [259.85092730000002:288.3249495] [0:42] [0:22] [2.1500000000000004:52.024999999999999] [-24.299999999999997:23.800000000000001] [-32:35.700000000000003] [-6.1000000000000227:9.3000000000000682] [-10.600000000000023:13.700000000000045] [-20.027499999999975:21.845291299999985] [-15.300000000000001:28.000000000000004] [348.89999999999998:4446.2999999999993] [0:53.200000000000003] [0:61] [0.90000000000000002:58.299999999999997] [0:38] [259.85092730000002:298.4303941] [0:11.300000000000001] [0.90000000000000002:58.299999999999997] [0:38] [259.85092730000002:298.4303941] [0:11.300000000000001] [0.90000000000000002:58.299999999999997] [0:38] [259.85092730000002:298.4303941] [0:11.300000000000001] [0.90000000000000002:53.799999999999997] [0:34.299999999999997] [259.85092730000002:296.58327589999999] [0:11.300000000000001] [0:23] [-1:1] [-1:1] [1:6] [1:143] [0:3] [7.9247959139564355:13.272345954174847] [1:9] [0:1] [8.3691524328166658:3138.2235042681623] [1:14] [2.4399999999999999:88.719999999999999] [2.21:77.180000000000007] [0.040000000000000001:85.829999999999998] [0.01:5.5099999999999998] [0:19.780000000000001] [1.9299999999999999:18.32] [2.5641025641025643:95.815074496056084] [2.71:81.680000000000007] [13.6:40.350000000000001] [23.724227923039628:931.74929212165569] none none [0:7.3499999999999996] [0:1] none [2:7] [0:1] [0:3.6000000000000005] [0:1] [0:1] [2:25] [0:1] [0:2.048] [0:1] [0:1] [2:49] [0:1] [0:1.0795918367346939] [0:0.8571428571428571] [0:1] [0.041666666666666664:0.83333333333333337] [0.041666666666666664:0.88888888888888884] [0:0.33157778683333333] [0:0.2415728110416667] [0:0.05185222787499999] [0:0.036813731041666665] [-5.9704624999999938e-05:0.03421760770833332] [0.015212270003215447:6.5416667824977583] [-0.14113178900000001:0.088746481000000002] [0:71] [0:67] [0:70] [0:68] [0:71] [-0.00035191936000000026:0.052080195401739138] [-0.0001288437365217392:0.043438201510000003] [-0.12208507408333331:0.00066816548250572968] [0:0.98611111111111116] [0:1] [0:1] [0:1] [0:446.30000000000001] [1.2346153846153842e-05:0.024848555909090915] [-0.0026323566314935061:0.0091683099305555574] [-0.25886629144625328:0.75281650661316302] [0:3] [3.2000000000000002:56.399999999999999]
tree_sizes=3044 2859 2888 2859 2772 2793 2842 2814 2863 2808 2800 2734 2838 2769 2807 2781 2821 2812 2795 2813 2797 2809 2815 2821 2784 2772 2782 2855 2810

Tree=0
num_leaves=31
num_cat=0
split_feature=2 107 50 98 23 140 91 50 169 54 2 49 78 104 84 98 103 19 99 139 140 49 19 43 141 59 10 120 14 131
split_gain=0.00904271 0.0121187 0.00561685 0.0025947 0.0023425 0.00183484 0.00302761 0.00134527 0.00152242 0.000985716 0.000742381 0.00432456 0.000771193 0.00081291 0.000705741 0.000406454 0.000662468 0.000371724 0.000361407 0.000356388 0.000334672 0.000463613 0.000288085 0.000371838 0.000285562 0.000371794 0.000255435 0.000224902 0.000248199 0.000413616
threshold=0.048280649000000009 9.9500000000000011 1011.4500000000002 15.650000000000004 23.143055555555559 75.820000000000007 14.250000000000002 993.85000000000002 5.583610416666659e-05 0.31500000000000006 0.0059917800000000012 990.95000000000016 5.5000000000000009 4.1500000000000012 10.150000000000004 8.5500000000000043 1171.0000000000002 -0.0030385714285714282 2.1999999999999891 82.841905030621135 75.820000000000007 972.6500000000002 0.00011285714285714278 0.35050000000000003 30.265000000000004 9.9025500000000015 4.0250000000000012 266.80282880000004 0.024408868000000004 164.41889861749161
decision_type=2 2 2 2 2 2 2 2 2 2 2 2 2 2 2 2 2 2 2 2 2 2 2 2 2 2 2 10 2 2
left_child=2 -2 3 5 -5 7 -7 8 14 15 12 -12 18 -14 -1 19 -17 -11 -4 -9 -20 -22 23 -21 -19 -26 -27 28 29 -10
right_child=1 -3 10 4 -6 6 -8 9 27 17 11 -13 13 -15 -16 16 -18 24 20 22 21 -23 -24 -25 25 26 -28 -29 -30 -31
leaf_value=0.0010216762716141992 0.0006570026631282504 0.0016739286742516457 0.00063084616829831345 0.0010890236045043755 0.00069549500890810903 0.0010708648041949059 0.00069295377424896112 0.00065190726568445704 0.000869579345455098 0.0006570026631282504 0.0006570026631282504 0.0011293979239990542 0.0006570026631282504 0.00089142855152505001 0.00070298150510171543 0.00086561729094461373 0.00066259442983257553 0.0006570026631282504 0.00064689304383254312 0.0006570026631282504 0.0006570026631282504 0.00080317448348586834 0.0006570026631282504 0.00080555075803296977 0.0006570026631282504 0.00069676407524156656 0.00095463215423005989 0.0006570026631282504 0.0006570026631282504 0.0006570026631282504
leaf_weight=77 66 50 12284 82 132 84 243 3519 57 112 697 50 155 54 79 62 295 116 2523 58 103 82 165 110 88 77 70 215 68 64
leaf_count=77 66 50 12284 82 132 84 243 3519 57 112 697 50 155 54 79 62 295 116 2523 58 103 82 165 110 88 77 70 215 68 64
internal_value=0.000656853 0.00109499 0.000654263 0.000696246 0.00087085 0.000688588 0.000806242 0.000680252 0.000754894 0.000670216 0.000638751 0.000684598 0.000636167 0.000725673 0.000893454 0.000661327 0.000712304 0.000740067 0.000634582 0.000657003 0.000653375 0.000714475 0.000705931 0.000751833 0.000765331 0.000800279 0.000854524 0.000688593 0.000728322 0.000771053
internal_weight=21837 116 21721 5773 214 5559 327 5232 560 4672 15948 747 15201 209 156 4209 357 463 14992 3852 2708 185 333 168 351 235 147 404 189 121
internal_count=21837 116 21721 5773 214 5559 327 5232 560 4672 15948 747 15201 209 156 4209 357 463 14992 3852 2708 185 333 168 351 235 147 404 189 121
is_linear=0
shrinkage=1


Tree=1
num_leaves=31
num_cat=0
split_feature=2 75 50 133 98 134 50 29 108 139 90 180 119 151 2 34 133 99 1 43 113 180 137 66 93 141 81 99 68 187
split_gain=0.00816037 0.0114259 0.00516445 0.00338605 0.0025186 0.00344726 0.00108612 0.00234143 0.00069827 0.000825856 0.000717723 0.00068565 0.000811686 0.000677324 0.000694717 0.00425703 0.000488661 0.000732023 0.000462074 0.000457263 0.000355875 0.000350688 0.00106021 0.000248134 0.000749807 0.000220461 0.00028699 0.000211921 0.000171853 0.000157874
threshold=0.048280649000000009 12.250000000000002 1011.4500000000002 88.200000000000003 15.650000000000004 8.3400000000000016 993.85000000000002 26.950000000000003 292.12336575000006 83.777273392101407 20.302040816326535 0.22916666666666669 3.9500000000000006 0.78571428571428581 0.0059917800000000012 -0.99261335566694531 88.200000000000003 1.2500000000000002 0.0005884480000000001 0.33250000000000007 1.5500000000000003 0.21527777777777782 1.8100000000000003 34.725000000000009 265.80455500000011 31.185000000000006 37.350000000000001 2.1999999999999891 1.4500000000000004 0.66824618439020977
decision_type=2 2 2 2 2 2 2 2 2 2 2 2 10 2 2 2 2 2 2 2 10 2 2 2 2 2 2 2 2 2
left_child=2 -2 3 4 6 -6 7 -1 9 23 11 -11 -13 14 16 -16 27 -18 -15 -10 25 22 -9 28 -25 -21 -27 -4 -8 -29
right_child=1 -3 13 -5 5 -7 8 21 19 10 -12 12 -14 18 15 -17 17 -19 -20 20 -22 -23 -24 24 -26 26 -28 29 -30 -31
leaf_value=0.00042757812309568747 0 0.00097856740008972032 -2.5524904466529269e-05 0.00043594617024353454 0.00054559639131984401 4.6248694480490939e-05 -1.356327267317338e-05 0 2.54965565877258e-05 0 0 0.00028195599327731621 1.403527393983075e-05 0.00017223831821112462 0.00043795920146482694 -2.2449696827534566e-06 0 0.00020632343787209802 0 0 0 0 0.00025088338096889188 0 0.00015653899658201755 1.3523891012246837e-05 0.0003319069259977935 -1.2034171680714624e-05 1.6615537279609938e-05 2.8172371562247442e-05
leaf_weight=51 66 50 12147 54 57 157 2576 137 577 99 280 97 103 69 57 676 116 54 154 55 60 300 75 450 94 53 52 2464 446 211
leaf_count=51 66 50 12147 54 57 157 2576 137 577 99 280 97 103 69 57 676 116 54 154 55 60 300 75 450 94 53 52 2464 446 211
internal_value=0 0.000416256 -2.43143e-06 3.78168e-05 3.31079e-05 0.000204427 2.5504e-05 9.33004e-05 1.67517e-05 7.11751e-06 6.26121e-05 0.000116448 0.000169609 -1.73158e-05 -1.87928e-05 2.57245e-05 -2.13045e-05 5.46792e-05 6.41371e-05 6.05193e-05 0.000129219 4.94881e-05 0.000100073 -5.06252e-07 2.88433e-05 0.00016866 0.000220013 -2.25169e-05 -7.45134e-06 -6.98494e-06
internal_weight=21837 116 21721 5773 5719 214 5505 563 4942 4145 579 299 200 15948 15725 733 14992 170 223 797 220 512 212 3566 544 160 105 14822 3022 2675
internal_count=21837 116 21721 5773 5719 214 5505 563 4942 4145 579 299 200 15948 15725 733 14992 170 223 797 220 512 212 3566 544 160 105 14822 3022 2675
is_linear=0
shrinkage=0.05


Tree=2
num_leaves=31
num_cat=0
split_feature=19 67 50 133 65 184 68 77 169 133 18 171 49 116 180 78 186 133 99 103 122 138 136 118 99 103 116 179 122 185
split_gain=0.00735377 0.010461 0.00475828 0.00304416 0.00161425 0.0032694 0.000879147 0.000703207 0.000748733 0.000691108 0.000638359 0.000631984 0.00392938 0.00053651 0.00103524 0.00048334 0.000527317 0.000444739 0.000665972 0.000379578 0.000361869 0.000664043 0.000279562 0.000244339 0.000182812 0.000123678 0.000242304 0.00028893 0.000113535 0.000109376
threshold=0.017289999999999996 10.65 1011.4500000000002 88.200000000000003 38.850000000000001 63.5 2.5500000000000003 292.17466885000005 4.9121458333335113e-06 79.980000000000004 0.06209375000000001 0.003949861500000003 991.35000000000002 267.69571025000005 0.22916666666666669 5.5000000000000009 1.0000000180025095e-35 88.200000000000003 1.2500000000000002 1532.0500000000004 17.500000000000004 4.785000000000001 0.88500000000000012 27.450000000000003 2.9000000000000346 2217.0500000000006 279.83798965000005 -0.0011074833880952331 15.500000000000002 0.00096969121423315515
decision_type=2 2 2 2 2 2 2 2 2 2 2 2 2 10 2 2 8 2 2 2 2 2 2 10 2 2 10 10 2 10
left_child=2 -2 3 4 6 -6 7 9 -9 23 19 15 25 14 -11 17 -17 24 -19 22 -8 -22 -7 28 -4 26 27 -13 -1 -26
right_child=1 -3 11 -5 5 10 20 8 -10 13 -12 12 -14 -15 -16 16 -18 18 -20 -21 21 -23 -24 -25 29 -27 -28 -29 -30 -31
leaf_value=-1.0544011562647252e-05 0 0.00093346840297967634 -2.3604185897715075e-05 0.0004145451753641035 0.00038449480019740349 0 2.3089663738919263e-05 0.00025535155834586478 0 0 0.00020044760255197099 0 0.00044227934569230113 3.1261312272834862e-06 0.00031406259977647386 0.00016532876406820244 0 0 0.00019619483575434064 5.2044143815769142e-06 0.00025968912849272049 3.7210353462936699e-05 0.00019819276024651434 9.370695640200211e-05 -1.3689342975458076e-05 -1.7233582921838985e-05 0 0.00014303291598023279 7.0038425430061796e-06 1.5033651391017453e-05
leaf_weight=2510 66 50 13126 54 92 107 352 59 76 50 83 66 51 215 57 67 115 116 54 602 83 181 62 63 899 621 300 70 1127 463
leaf_count=2510 66 50 13126 54 92 107 352 59 76 50 83 66 51 215 57 67 115 116 54 602 83 181 62 63 899 621 300 70 1127 463
internal_value=0 0.000395347 -2.11817e-06 3.65075e-05 3.1992e-05 9.30396e-05 1.88282e-05 9.17484e-06 0.000122487 4.09911e-06 5.53807e-05 -1.64152e-05 1.77225e-05 7.45175e-05 0.000170314 -1.93019e-05 5.43411e-05 -2.0561e-05 5.14214e-05 3.30478e-05 7.57485e-05 0.00012674 0.000102204 -6.96686e-07 -2.17542e-05 0 1.68764e-05 7.30075e-05 -3.73163e-06 -2.52967e-07
internal_weight=21837 116 21721 5773 5719 946 4773 4157 135 4022 854 15948 1108 322 107 14840 182 14658 170 771 616 264 169 3700 14488 1057 436 136 3637 1362
internal_count=21837 116 21721 5773 5719 946 4773 4157 135 4022 854 15948 1108 322 107 14840 182 14658 170 771 616 264 169 3700 14488 1057 436 136 3637 1362
is_linear=0
shrinkage=0.05


Tree=3
num_leaves=31
num_cat=0
split_feature=58 103 68 128 103 137 140 185 119 1 58 134 189 75 137 49 150 83 189 101 28 185 138 84 50 19 133 100 118 0
split_gain=0.00681462 0.0170721 0.00278861 0.00531361 0.00134892 0.00132658 0.00189333 0.0014989 0.000694734 0.000629691 0.000609697 0.000579056 0.00146355 0.0019833 0.000543299 0.00244699 0.000473508 0.00105809 0.000352151 0.000317752 0.000355858 0.000318474 0.00030244 0.000220748 0.000163563 0.000158723 0.000154381 0.000220774 0.000148 0.000245766
threshold=5.650000000000003 686.10000000000025 0.8500000000000002 8.451898608804397 1549.7000000000005 0.39000000000000007 31.695000000000004 0.00084727291965118066 6.0500000000000007 0.12794352700000003 0.44999999999999934 6.9250000000000007 25.250000000000004 16.650000000000002 0.055000000000000007 994.95000000000016 0.053571428571428582 11.450000000000001 37.45000000000001 -2.2101271999999876 25.150000000000002 0.00021361727863109271 4.7550000000000008 4.6500000000000012 1005.35 -0.0030385714285714282 87.745000000000019 4.4500000000000464 32.750000000000007 0.089450000000000016
decision_type=2 2 2 2 2 2 2 10 8 2 2 2 10 2 2 2 2 2 10 2 2 8 2 2 2 2 2 2 10 2
left_child=2 -2 10 -4 5 -3 -7 -8 19 23 14 12 13 -12 15 16 26 -18 -11 20 21 -5 -23 -6 -16 -25 -1 -28 -26 -30
right_child=1 4 3 8 9 6 7 -9 -10 18 11 -13 -14 -15 24 -17 17 -19 -20 -21 -22 22 -24 25 28 -27 27 -29 29 -31
leaf_value=-2.0457630078430119e-05 0.00086873814391699429 8.1355645603447177e-06 0.00055289063362447038 0 -5.5239555493740637e-06 3.5717902680130775e-05 9.9074089812347657e-05 0.0005473217912440305 0 0 0 -1.5775626073530263e-06 0 0.00043351961783495924 0 0.0002485172329746705 0.00019361653203830227 0 0.00019520443874369807 0 1.2873002381974443e-05 0.00029763257360173158 7.2810250256862937e-05 0 -2.3183343928119164e-05 4.9028219573502696e-05 0 0.00010511626677795833 -1.2582116331883722e-05 6.3744850090668897e-05
leaf_weight=2130 68 205 54 53 549 145 76 64 495 58 65 1396 412 54 713 97 89 286 86 135 209 63 153 179 12406 440 261 51 723 122
leaf_count=2130 68 205 54 53 549 145 76 64 495 58 65 1396 412 54 713 97 89 286 86 135 209 63 153 179 12406 440 261 51 723 122
internal_value=0 9.14313e-05 -8.36014e-06 6.6067e-05 5.88602e-05 0.000132577 0.000204264 0.000341877 3.73552e-05 2.74407e-05 -1.32283e-05 1.19511e-05 5.68525e-05 0.000211708 -1.63998e-05 1.70602e-06 -5.10349e-06 4.4021e-05 0.000129581 7.31375e-05 9.22772e-05 0.000135176 0.000162494 1.04708e-05 -2.05361e-05 3.27072e-05 -1.47088e-05 8.50382e-06 -2.18008e-05 0
internal_weight=21837 1870 19967 1162 1802 490 285 140 1108 1312 18805 1927 531 119 16878 2914 2817 375 144 613 478 269 216 1168 13964 619 2442 312 13251 845
internal_count=21837 1870 19967 1162 1802 490 285 140 1108 1312 18805 1927 531 119 16878 2914 2817 375 144 613 478 269 216 1168 13964 619 2442 312 13251 845
is_linear=0
shrinkage=0.05


Tree=4
num_leaves=31
num_cat=0
split_feature=2 75 50 133 98 134 50 29 54 139 90 2 34 78 104 118 142 133 98 19 174 137 175 113 141 132 14 49 141 99
split_gain=0.00651979 0.00959138 0.00402394 0.00258834 0.00208662 0.0029414 0.000939403 0.00197271 0.000755564 0.000614093 0.000596088 0.000545957 0.00379408 0.000525341 0.000672009 0.000393566 0.000514382 0.000373781 0.00034602 0.000314373 0.000313197 0.000726148 0.000256112 0.000324852 0.00037165 0.000216963 0.000282527 0.000203858 0.000198357 0.000183646
threshold=0.048280649000000009 12.250000000000002 1011.4500000000002 88.200000000000003 15.650000000000004 8.3400000000000016 993.85000000000002 26.950000000000003 0.33500000000000008 83.777273392101407 20.302040816326535 0.0059917800000000012 -0.99261335566694531 5.5000000000000009 4.1500000000000012 13.250000000000002 787.12634431116578 88.64500000000001 8.5500000000000043 -0.0030385714285714282 3.5000000000000004 1.1650000000000003 25.000000000000004 1.0000000180025095e-35 32.475000000000001 6.5000000000000009 0.0028837585000000003 977.45000000000016 30.265000000000004 2.1999999999999891
decision_type=2 2 2 2 2 2 2 2 2 2 2 2 2 2 2 10 2 2 2 2 8 2 10 10 2 2 2 2 2 2
left_child=2 -2 3 4 6 -6 7 -1 9 18 15 13 -13 17 -15 16 -11 29 -8 -10 21 -9 23 24 -20 26 -21 28 -28 -4
right_child=1 -3 11 -5 5 -7 8 20 19 10 -12 12 -14 14 -16 -17 -18 -19 22 25 -22 -23 -24 -25 -26 -27 27 -29 -30 -31
leaf_value=0.00039346037995458645 0 0.00088801012631312701 -2.2094637453209273e-05 0.00038304080095126258 0.0005008911756158341 3.7227948828043323e-05 -4.672951440093249e-06 0 0 0.00020297292355443559 0 0.00041359667704392485 -1.2982914338997587e-06 0 0.00020597150778683666 0 0 7.2659676331435487e-05 0 0 8.9559035208644218e-06 0.00025755750741558996 0 0 0.00020833209567832484 0 0 0 0.00024166972611612661 -4.9142608642045026e-06
leaf_weight=51 66 50 12213 54 57 157 3581 61 102 133 293 57 690 155 54 71 100 88 55 70 398 53 137 67 72 50 54 60 97 2691
leaf_count=51 66 50 12213 54 57 157 3581 61 102 133 293 57 690 155 54 71 100 88 55 70 398 53 137 67 72 50 54 60 97 2691
internal_value=9.3892e-08 0.000372543 -1.68203e-06 3.38214e-05 2.95835e-05 0.000185738 2.25724e-05 8.5616e-05 1.4363e-05 7.06654e-06 5.42576e-05 -1.48487e-05 2.41865e-05 -1.70973e-05 5.57764e-05 0.000103237 0.000134523 -1.84504e-05 0 7.8632e-05 4.4498e-05 0.000123948 4.86824e-05 8.55483e-05 0.000132265 0.000102225 0.000119273 0.000149181 0.000185453 -1.93286e-05
internal_weight=21837 116 21721 5773 5719 214 5505 563 4942 4509 597 15948 747 15201 209 304 233 14992 3912 433 512 114 331 194 127 331 281 211 151 14904
internal_count=21837 116 21721 5773 5719 214 5505 563 4942 4509 597 15948 747 15201 209 304 233 14992 3912 433 512 114 331 194 127 331 281 211 151 14904
is_linear=0
shrinkage=0.05


Tree=5
num_leaves=31
num_cat=0
split_feature=58 105 132 39 76 140 175 86 99 28 21 43 46 140 171 109 65 101 93 22 50 44 51 88 13 34 100 13 99 176
split_gain=0.00612964 0.0146319 0.0158425 0.00344303 0.00131884 0.00193539 0.00158615 0.00204737 0.00123346 0.00147837 0.000822444 0.000651248 0.000960301 0.000518027 0.000321729 0.000288483 0.000231889 0.00025948 0.00101227 0.000253922 0.000610068 0.000229791 0.0002285 0.000246189 0.000135031 0.00029713 0.000248001 0.000288026 0.00013134 0.000242739
threshold=3.2500000000000004 7.5000000000000009 3.5000000000000004 1.1550000000000002 0.95000000000000029 73.360000000000014 13.500000000000002 4.5000000000000009 -0.95000000000004536 9.8500000000000032 0.4513888888888889 0.33250000000000007 90.500000000000014 17.960000000000004 -0.0018592034999999995 0.8500000000000002 26.750000000000004 5.9743243000000072 265.52041945000002 1.5000000000000002 1027.6500000000003 1097.5000000000002 83.500000000000014 32.962500000000013 0.0029375659652777783 0.29215705133524944 3.8000000000000118 0.0040704037152777782 -2.9000000000000337 60.500000000000007
decision_type=2 2 2 2 2 2 10 2 2 2 2 2 2 2 2 2 2 2 2 2 2 2 2 2 2 2 2 2 2 8
left_child=3 2 -2 4 16 15 -7 -8 9 -3 -11 28 13 -13 -15 -6 19 -18 -19 20 -1 -17 23 -23 -21 -26 -27 -28 29 -12
right_child=1 8 -4 -5 5 6 7 -9 -10 10 11 12 -14 14 -16 21 17 18 -20 24 -22 22 -24 -25 25 26 27 -29 -30 -31
leaf_value=-5.2529386329507154e-06 3.8356689929059938e-05 0.00029325698442468222 0.001155067287993745 0.00030084734756697306 -3.9496656337393113e-06 0 0.00040699538137904835 0 0 3.9639255123008285e-06 0.00010499317984763889 0 0 0.00043350383798194047 0.00012387206464991324 0 -7.639839396621991e-06 0.00024476216690113775 0 -2.1711985612580001e-05 0.00012724085224470656 0.00016583665235624985 0 0 -1.3959719310176301e-05 0 0.00018099635601142759 0 0 0
leaf_weight=883 83 81 63 87 1374 115 91 53 1140 629 138 51 93 53 99 232 2124 50 259 12210 92 90 61 117 1106 80 56 54 209 96
leaf_count=883 83 81 63 87 1374 115 91 53 1140 629 138 51 93 53 99 232 2124 50 259 12210 92 90 61 117 1106 80 56 54 209 96
internal_value=5.5381e-07 7.07689e-05 0.000558818 -9.22456e-06 -1.09191e-05 2.52336e-05 0.000153868 0.000264196 4.1111e-05 7.17325e-05 5.4759e-05 9.11727e-05 0.000155508 0.000216739 0.000266643 4.71617e-06 -1.57751e-05 0 4.11398e-05 -1.81849e-05 2.24365e-06 3.84703e-05 6.99426e-05 9.52524e-05 -2.00299e-05 -3.22584e-07 5.25394e-05 0.000101663 3.66711e-05 6.27534e-05
internal_weight=21869 2735 146 19134 19047 2133 259 144 2589 1449 1368 739 296 203 152 1874 16914 2433 309 14481 975 500 268 207 13506 1296 190 110 443 234
internal_count=21869 2735 146 19134 19047 2133 259 144 2589 1449 1368 739 296 203 152 1874 16914 2433 309 14481 975 500 268 207 13506 1296 190 110 443 234
is_linear=0
shrinkage=0.05


Tree=6
num_leaves=31
num_cat=0
split_feature=58 105 168 39 68 99 28 133 115 43 124 180 30 140 50 116 133 173 112 118 1 0 126 4 46 66 0 89 84 99
split_gain=0.00563714 0.0132723 0.0157718 0.0031118 0.00121107 0.00114215 0.00130824 0.000891864 0.00122159 0.000438641 0.000606344 0.000620593 0.000742431 0.000778411 0.000276827 0.000274433 0.000602821 0.000638464 0.000488202 0.000262351 0.000240465 0.000710012 0.000351717 0.000235024 0.000132945 0.000103662 0.000101061 0.000205632 8.35507e-05 7.36222e-05
threshold=3.2500000000000004 7.5000000000000009 0.00016671883333333335 1.1550000000000002 0.35000000000000009 -0.95000000000004536 9.8500000000000032 80.210000000000022 6.4500000000000011 0.33250000000000007 0.37940952255126048 0.24305555555555558 -2.4628571428571413 31.695000000000004 994.25000000000011 272.40293725000009 80.390000000000015 15.500000000000002 292.72595910000007 12.65 0.072925425000000016 0.049400000000000006 18.500000000000004 0.027773778500000002 36.500000000000007 29.675000000000008 0.086200000000000013 40.750000000000007 11.850000000000003 -2.9000000000000337
decision_type=2 2 2 2 2 2 2 2 8 2 2 2 2 2 2 8 2 10 10 10 2 2 2 2 2 2 2 2 2 2
left_child=3 2 -2 4 15 6 -3 14 -9 28 11 12 -11 -14 19 16 18 -18 -1 24 25 -22 23 -23 -6 -17 -7 -28 29 -8
right_child=1 5 -4 -5 7 26 9 8 -10 10 -12 -13 13 -15 -16 20 17 -19 -20 -21 21 22 -24 -25 -26 -27 27 -29 -30 -31
leaf_value=-1.2846799070166891e-05 9.0508486088178113e-05 0.00027877295265858352 0.0012434578628912837 0.000285975918228277 0 -4.2279719962000129e-06 5.1019504671914875e-05 0.0002738011861385365 0 0 0 1.8895687073051124e-05 7.7379863165024593e-06 0.00038969203113714079 0 -2.1385148775972051e-05 0 0.00017010922076151475 9.9702101697007696e-05 0 0.00014387951788823837 1.8949147370899187e-06 -1.8228435362671944e-05 0.00013367094051388377 0.00014168129874232493 0 0 0.00011781606561271474 0 0
leaf_weight=3124 95 81 51 87 51 960 280 87 121 74 199 164 52 74 1099 11155 208 99 91 80 77 422 2120 51 92 170 127 53 282 243
leaf_count=3124 95 81 51 87 51 960 280 87 121 74 199 164 52 74 1099 11155 208 99 91 80 77 422 2120 51 92 170 127 53 282 243
internal_value=6.51413e-07 6.79925e-05 0.000532984 -8.71602e-06 -1.03395e-05 3.96443e-05 6.91127e-05 3.1301e-05 0.000130203 5.28517e-05 9.01351e-05 0.000129255 0.00019433 0.000272732 1.18741e-05 -1.42635e-05 -2.7888e-07 6.49064e-05 -8.07638e-06 6.26286e-05 -1.74254e-05 -1.75495e-06 -8.06094e-06 2.69039e-05 0.000103228 -2.0678e-05 0 3.60689e-05 2.04935e-05 3.23207e-05
internal_weight=21869 2735 146 19134 19047 2589 1449 1530 208 1368 563 364 200 126 1322 17517 3522 307 3215 223 13995 2670 2593 473 143 11325 1140 180 805 523
internal_count=21869 2735 146 19134 19047 2589 1449 1530 208 1368 563 364 200 126 1322 17517 3522 307 3215 223 13995 2670 2593 473 143 11325 1140 180 805 523
is_linear=0
shrinkage=0.05


Tree=7
num_leaves=31
num_cat=0
split_feature=65 105 14 133 76 99 43 138 50 137 114 115 84 186 137 43 63 171 49 86 189 44 138 185 100 19 43 103 119 19
split_gain=0.00518144 0.0120435 0.0155866 0.00302107 0.00754846 0.00106538 0.00115645 0.00149081 0.00106265 0.000391466 0.000710601 0.000327793 0.000303839 0.000249691 0.000268984 0.000278192 0.000496065 0.000239816 0.000986091 0.000207603 0.000170594 0.000163191 0.00012772 0.000113334 0.000188308 0.000103466 0.000101875 9.94605e-05 0.000106236 0.000305479
threshold=33.250000000000007 7.5000000000000009 0.0020423485000000004 88.200000000000003 0.45000000000000007 -0.95000000000004536 0.35550000000000004 4.6950000000000012 1007.2500000000001 1.0000000180025095e-35 19.250000000000004 13.750000000000002 12.150000000000004 -1.246405400345622e-05 0.60500000000000009 0.33650000000000008 17.204200000000004 0.003949861500000003 991.25000000000011 20.500000000000004 43.900000000000006 1257.5000000000002 6.7200000000000015 0.00096969121423315515 3.7500000000000004 -0.00035142857142857127 0.26950000000000007 2832.3499999999999 3.7500000000000004 -0.0019928571428571525
decision_type=2 2 2 2 2 2 2 2 2 2 10 10 2 10 2 2 2 2 2 2 8 2 2 10 2 2 2 2 8 2
left_child=3 2 -2 8 -5 6 12 -8 9 10 -1 22 19 14 15 -11 -17 23 -19 20 21 -3 -9 -10 -25 27 -23 28 29 -26
right_child=1 5 -4 4 -6 -7 7 11 17 13 -12 -13 -14 -15 -16 16 -18 18 -20 -21 -22 26 -24 24 25 -27 -28 -29 -30 -31
leaf_value=0.00024643700808932908 0 0 0.0010882239362612241 0 0.00070865815104351746 0 0.00037467804318137301 0 -2.0460265237044934e-05 0 0 0 0 0 7.7277734791045298e-07 0.00025596311404014061 9.7058376826074255e-06 -2.3400083722793844e-06 0.00021797413056796921 1.8982292353815515e-09 0 0 0.0001677583979776822 -1.5053623910371641e-05 0 -3.0838140661651117e-06 0.0001389356852720746 0 2.8163935439052934e-06 0.00017480022511639012
leaf_weight=54 82 91 64 158 50 1140 71 56 10351 57 92 135 387 1710 412 53 119 1126 51 278 77 66 98 3615 78 659 190 138 361 50
leaf_count=54 82 91 64 158 50 1140 71 56 10351 57 92 135 387 1710 412 53 119 1126 51 278 77 66 98 3615 78 659 190 138 361 50
internal_value=8.05916e-07 6.53718e-05 0.000508489 -8.16471e-06 0.000179591 3.82661e-05 6.67263e-05 0.000149125 -1.05017e-05 1.90044e-05 0.000103138 7.53695e-05 3.47882e-05 1.16121e-05 3.82925e-05 8.37592e-05 0.00011553 -1.52915e-05 3.13877e-06 5.43779e-05 7.81815e-05 9.32219e-05 0.000126155 -1.70417e-05 -8.79888e-06 4.89649e-06 0.000115563 2.12374e-05 3.2947e-05 7.84844e-05
internal_weight=21869 2735 146 19134 208 2589 1449 360 18926 2497 146 289 1089 2351 641 229 172 16429 1177 702 424 347 154 15252 4901 1286 256 627 489 128
internal_count=21869 2735 146 19134 208 2589 1449 360 18926 2497 146 289 1089 2351 641 229 172 16429 1177 702 424 347 154 15252 4901 1286 256 627 489 128
is_linear=0
shrinkage=0.05


Tree=8
num_leaves=31
num_cat=0
split_feature=59 103 50 83 112 112 99 28 70 187 36 33 94 134 18 137 150 49 171 187 74 185 119 1 110 99 68 84 83 46
split_gain=0.00486284 0.0138906 0.00256378 0.00292185 0.00546908 0.00185653 0.00111633 0.00122083 0.000793739 0.00105048 0.000480237 0.000660917 0.000589326 0.001184 0.00143428 0.000290769 0.00087903 0.000897728 0.000237315 0.000256685 0.000316877 0.000208771 0.000154082 0.000270284 0.000195978 0.000149354 0.000122559 0.000113212 0.000120824 0.000107667
threshold=14.332850000000002 721.10000000000002 1008.1500000000002 13.550000000000002 269.12292805000004 294.88614530000001 -0.80000000000001126 15.250000000000002 1.5000000000000002 0.15871044042313756 273.28969845000006 -0.011005993334297746 3.5000000000000004 6.9000000000000012 0.002954166666666667 0.055000000000000007 0.1154761904761905 994.95000000000016 -0.0056580554999999975 0.60814416029506113 29.207142857142863 0.00085175717129231212 18.450000000000003 0.12230235450000003 14.65 -2.0499999999999541 1.0000000180025095e-35 11.450000000000005 26.550000000000004 55.500000000000007
decision_type=2 2 2 2 10 10 2 2 2 2 2 2 2 2 2 2 2 2 2 2 2 10 10 2 10 2 2 2 2 2
left_child=2 -2 3 4 -1 10 7 -3 15 -10 -5 12 13 14 -12 16 17 26 19 20 -14 -22 -17 -24 -25 -11 -4 28 -13 -9
right_child=1 6 8 5 -6 -7 -8 29 9 25 11 27 18 -15 -16 22 -18 -19 -20 -21 21 -23 23 24 -26 -27 -28 -29 -30 -31
leaf_value=0.00066659032674718996 0.000912631430388707 0.00032695848054572715 -1.5848621552207687e-05 -5.7472643084595363e-06 0 0.00023880669641876013 0 7.6678930156689966e-05 0.00024736228576512082 5.2356406228812251e-05 1.1862503456151376e-05 5.4841942329924709e-05 0 4.4531789131586205e-06 0.00045291070790109142 -1.8991336905894338e-05 0.0001702301388699247 0.00014553849075800036 3.4651836780384673e-06 0 0 0.0002389406114513501 -8.3269207122529575e-06 0.00012634088394512168 0 0 1.3646235869699644e-05 -7.4920347938861014e-06 0 0
leaf_weight=51 52 71 2437 1337 87 99 394 158 59 153 69 177 87 170 52 12527 73 91 695 162 59 59 926 68 56 349 229 885 142 95
leaf_count=51 52 71 2437 1337 87 99 394 158 59 153 69 177 87 170 52 12527 73 91 695 162 59 59 926 68 56 349 229 885 142 95
internal_value=9.13666e-07 0.000124427 -3.36264e-06 3.16234e-05 0.000260508 2.2398e-05 5.9199e-05 0.000127829 -1.21763e-05 4.41176e-05 1.55525e-05 2.86422e-05 5.26324e-05 0.000121905 0.000244546 -1.44085e-05 0 -4.39114e-06 2.88505e-05 6.31966e-05 0.000101241 0.000156206 -1.74474e-05 0 6.99391e-05 9.84563e-06 -1.14362e-05 0 2.70011e-05 5.11943e-05
internal_weight=21869 770 21099 4131 138 3993 718 324 16968 561 3894 2557 1353 291 121 16407 2830 2757 1062 367 205 118 13577 1050 124 502 2666 1204 319 253
internal_count=21869 770 21099 4131 138 3993 718 324 16968 561 3894 2557 1353 291 121 16407 2830 2757 1062 367 205 118 13577 1050 124 502 2666 1204 319 253
is_linear=0
shrinkage=0.05


Tree=9
num_leaves=31
num_cat=0
split_feature=98 134 73 91 123 179 36 138 25 67 120 76 139 41 66 116 136 90 89 22 34 84 122 29 4 61 84 115 133 101
split_gain=0.00443686 0.00630922 0.00268754 0.00416543 0.0039102 0.00338484 0.000648363 0.000701538 0.000830347 0.000991695 0.000685429 0.000454886 0.00124538 0.00153648 0.000324091 0.000806594 0.00124759 0.000278664 0.000443212 0.000196174 0.000894525 0.000160118 0.000136537 0.000340272 0.000126513 0.000279387 9.52602e-05 0.00018237 9.29281e-05 9.20442e-05
threshold=15.650000000000004 7.7300000000000013 30.550000000000004 13.550000000000002 -0.60355339059327362 0.00062955818388333554 283.58807100000007 4.4850000000000003 17.500000000000004 13.850000000000003 268.76554655000001 0.8500000000000002 89.033414029013926 80.500000000000014 32.275000000000006 272.30768395000001 0.97500000000000009 29.455102040816332 48.20000000000001 1.0000000180025095e-35 -0.99261335566694531 7.3500000000000014 8.5000000000000018 23.850000000000005 0.027773778500000002 273.30000000000007 17.450000000000006 13.250000000000002 87.745000000000019 -3.2606716499999773
decision_type=2 2 2 2 2 10 2 2 2 2 10 2 2 2 2 10 2 2 2 2 2 2 2 2 2 2 2 10 2 2
left_child=2 -2 11 4 -4 6 14 8 9 -8 -11 19 29 -14 22 -16 17 -17 -19 20 -1 -3 -5 -24 28 -26 27 -9 -21 -13
right_child=1 21 3 5 -6 -7 7 26 -10 10 -12 12 13 -15 15 16 -18 18 -20 24 -22 -23 23 -25 25 -27 -28 -29 -30 -31
leaf_value=0.0001814298591605199 0.00071918829333370406 0 0.00064649954459351008 -1.5625326482930799e-05 0 0.00040470437761416247 0 7.2126574904949961e-05 0 0.00035733132538986133 4.5815071415828108e-06 2.2660588836415693e-05 0.00036025248634359748 0 0 0 0.00025309109496516696 0.00015739827538221486 0 -1.7369890537528078e-05 -4.4587854642876153e-06 9.4451871370445208e-05 0.00011231127823866957 0 0.00011810221444237887 0 0 0 0 -1.0869586174962246e-05
leaf_weight=68 50 87 52 1276 55 57 50 170 162 83 54 281 55 63 1229 220 91 81 77 13526 523 98 70 1486 50 243 232 356 303 721
leaf_count=68 50 87 52 1276 55 57 50 170 162 83 54 281 55 63 1229 220 91 81 77 13526 523 98 70 1486 50 243 232 356 303 721
internal_value=1.02065e-06 0.000216762 -1.10165e-06 2.77525e-05 0.000338522 2.09762e-05 1.61381e-05 5.11575e-05 0.00011286 0.000186427 0.000255564 -1.19903e-05 1.67133e-05 0.00016969 6.4675e-06 2.40709e-05 7.99055e-05 2.44623e-05 7.62095e-05 -1.45161e-05 8.75381e-06 5.09532e-05 -2.32693e-06 5.37017e-06 -1.58445e-05 6.62064e-06 1.60495e-05 2.86859e-05 -1.66825e-05 0
internal_weight=21869 235 21634 5801 107 5694 5637 1107 349 187 137 15833 1120 118 4530 1698 469 378 158 14713 591 185 2832 1556 14122 293 758 526 13829 1002
internal_count=21869 235 21634 5801 107 5694 5637 1107 349 187 137 15833 1120 118 4530 1698 469 378 158 14713 591 185 2832 1556 14122 293 758 526 13829 1002
is_linear=0
shrinkage=0.05


Tree=10
num_leaves=31
num_cat=0
split_feature=64 185 177 163 85 93 133 133 99 76 102 73 140 172 49 49 85 2 49 122 90 171 34 179 136 119 184 120 103 121
split_gain=0.00413567 0.0167289 0.00178391 0.00220246 0.00110034 0.00116632 0.00271315 0.000861443 0.00150815 0.000592736 0.00066914 0.000393022 0.000363379 0.000536769 0.000516048 0.000534043 0.00048104 0.000356549 0.00319141 0.000279824 0.000151814 0.000138568 0.00031474 0.000115474 0.000165484 0.00022636 0.00015087 8.00307e-05 0.000101733 0.000174723
threshold=12.199999999999982 0.0085207320127037422 -5.8910891304347898e-07 0.39583333333333343 266.76643500000006 264.41373735000008 80.210000000000022 88.200000000000003 1.350000000000023 3.850000000000001 -5.4999999999999991 39.650000000000013 17.375000000000004 3.5000000000000004 952.05000000000007 977.1500000000002 271.14570205000001 0.0059917800000000012 990.75000000000011 18.500000000000004 19.846938775510207 -0.076270505999999974 0.16426544596237988 -0.0044686489000000124 0.15500000000000003 7.0500000000000007 77.15000000000002 274.08299675000006 1985.6500000000003 1.0000000180025095e-35
decision_type=2 10 2 2 2 2 2 2 2 2 2 2 2 8 2 2 2 2 2 2 2 2 2 10 2 8 2 10 2 10
left_child=7 2 3 -2 -4 6 19 9 -9 17 -11 -7 -13 -14 -15 16 -16 21 27 -6 23 22 -1 -12 -25 26 -26 -19 29 -29
right_child=1 -3 4 -5 5 11 -8 8 -10 10 20 12 13 14 15 -17 -18 18 -20 -21 -22 -23 -24 24 25 -27 -28 28 -30 -31
leaf_value=0 0.00044607210337320192 0.0009248446560414542 -3.8474919934026838e-06 0 1.6380192893039851e-05 4.2472001777134345e-06 0.00047019016080197292 0 0.00029968991346531322 0.00018041627523749594 0 1.2410256089023569e-05 0 0 2.4866567132688129e-06 0 0.00031350215823451816 -1.8595107721196825e-05 0.00039761599269695587 0.0001511986366017232 0 -1.4991288693055397e-05 0.00011208658193824634 0 0.0001669063248139234 0 0 0.00010531013849154428 0 0
leaf_weight=294 59 53 1524 76 287 1153 54 133 60 70 82 471 105 58 56 66 86 501 51 90 494 15477 64 63 74 59 54 64 131 62
leaf_count=294 59 53 1524 76 287 1153 54 133 60 70 82 471 105 58 56 66 86 501 51 90 494 15477 64 63 74 59 54 64 131 62
internal_value=1.73126e-06 4.69229e-05 3.40852e-05 0.000217483 2.64982e-05 4.76151e-05 0.00012578 -8.53432e-06 9.38377e-05 -9.9511e-06 2.79856e-05 2.81688e-05 5.49509e-05 9.53386e-05 0.000133003 0.000169623 0.000226688 -1.22953e-05 1.74205e-05 6.21073e-05 8.81929e-06 -1.41302e-05 9.10659e-06 3.6509e-05 5.40231e-05 7.80839e-05 0.000115206 -2.0625e-06 1.07337e-05 4.72934e-05
internal_weight=21871 4138 4085 135 3950 2426 431 17733 193 17540 896 1995 842 371 266 208 142 16644 809 377 826 15835 358 332 250 187 128 758 257 126
internal_count=21871 4138 4085 135 3950 2426 431 17733 193 17540 896 1995 842 371 266 208 142 16644 809 377 826 15835 358 332 250 187 128 758 257 126
is_linear=0
shrinkage=0.05


Tree=11
num_leaves=31
num_cat=0
split_feature=64 185 177 92 85 93 131 33 133 34 59 109 2 49 161 163 180 49 49 54 84 30 22 138 134 0 61 110 141 116
split_gain=0.00380229 0.0151015 0.0016178 0.00207033 0.00102566 0.00106153 0.00300678 0.00240636 0.000779526 0.00123911 0.000592734 0.000552995 0.000382757 0.00284703 0.000310248 0.000480768 0.000505283 0.000273381 0.000500467 0.000257632 0.000186601 0.000175063 0.000312838 0.000166365 0.000152356 0.000141158 0.000311491 0.000190264 0.000233468 0.000186121
threshold=12.199999999999982 0.0085207320127037422 -5.8910891304347898e-07 15.550000000000002 266.76643500000006 264.41373735000008 60.631396245768578 -0.011005993334297746 88.200000000000003 0.0075932462669275986 13.398300000000001 0.8500000000000002 0.0059917800000000012 990.75000000000011 0.071428571428571438 0.50694444444444453 0.18750000000000003 953.6500000000002 963.45000000000016 0.24500000000000002 1.7500000000000007 -1.4871428571428555 5.5000000000000009 7.8450000000000015 9.1550000000000029 0.089450000000000016 190.35000000000005 12.65 37.405000000000008 270.06703900000008
decision_type=2 10 2 2 2 2 2 2 2 2 2 2 2 2 2 2 2 2 2 2 2 2 2 2 2 2 2 10 2 8
left_child=8 2 3 -2 -4 6 7 -6 11 -10 19 12 25 -14 15 16 -13 -12 -19 -7 -20 -21 -23 -24 -22 29 27 28 -27 -1
right_child=1 -3 4 -5 5 10 -8 -9 9 -11 17 14 13 -15 -16 -17 -18 18 20 21 24 22 23 -25 -26 26 -28 -29 -30 -31
leaf_value=0 0.00041549766359764821 0.00087945878570112488 -3.6552436862084358e-06 0 0.00047198856105731037 -1.5374287355335719e-06 2.6549926890631447e-06 0 0 0.00024087047172849908 0 0 0 0.00037811749798353193 0 0 0.00023528346874490417 0.00021648952860469644 0 0 0 0 0.0001485854610144572 0 9.7483269148580581e-05 0.00015875612216826782 -8.300869420161331e-06 0 0 -1.691521696800268e-05
leaf_weight=1918 63 53 1524 72 88 1003 276 67 114 79 62 68 782 51 280 104 72 91 84 325 62 70 108 54 136 68 1436 128 50 12583
leaf_count=1918 63 53 1524 72 88 1003 276 67 114 79 62 68 782 51 280 104 72 91 84 325 62 70 108 54 136 68 1436 128 50 12583
internal_value=1.76137e-06 4.50986e-05 3.28371e-05 0.000207808 2.55405e-05 4.59352e-05 0.000120722 0.000297543 -8.07142e-06 8.92033e-05 2.72208e-05 -9.43184e-06 -1.12207e-05 1.94967e-05 3.9046e-05 8.02045e-05 0.000140363 8.05902e-05 9.69478e-05 9.09379e-06 4.00757e-05 3.71666e-05 7.20174e-05 0.000110508 6.80311e-05 -1.31119e-05 0 5.24582e-05 9.85343e-05 -1.47036e-05
internal_weight=21871 4138 4085 135 3950 2426 431 155 17733 193 1995 17540 17016 833 524 244 140 435 373 1560 282 557 232 162 198 16183 1682 246 118 14501
internal_count=21871 4138 4085 135 3950 2426 431 155 17733 193 1995 17540 17016 833 524 244 140 435 373 1560 282 557 232 162 198 16183 1682 246 118 14501
is_linear=0
shrinkage=0.05


Tree=12
num_leaves=31
num_cat=0
split_feature=59 105 68 128 99 189 131 77 165 134 187 83 76 137 134 73 124 115 29 31 11 126 29 93 0 99 180 137 141 85
split_gain=0.00357577 0.00756667 0.00175344 0.00440825 0.000998186 0.000871159 0.00109312 0.000754468 0.000642509 0.000459966 0.000977405 0.00327904 0.00103382 0.00137078 0.000546233 0.000279369 0.000961341 0.000270315 0.000262164 0.000219096 0.000143469 0.000163511 0.000125643 0.00021089 0.000119349 9.27828e-05 0.000111787 0.000152679 9.22263e-05 9.08953e-05
threshold=13.528850000000002 8.5000000000000018 1.3500000000000003 8.6325845804055827 -0.24999999999999997 33.300000000000004 61.344168628556481 290.97826915000002 0.00056767645833333345 6.8250000000000011 0.63958091350322488 10.950000000000001 0.75000000000000011 1.0000000180025095e-35 4.2550000000000017 35.95000000000001 -0.37940952255126015 15.750000000000002 24.350000000000005 25.050000000000004 0.0030176637500000008 18.500000000000004 31.250000000000004 264.44364790000003 0.1072 2.9000000000000346 0.28472222222222227 0.055000000000000007 38.505000000000003 266.83713505000009
decision_type=2 2 2 2 2 8 2 2 2 2 2 2 2 2 2 2 2 10 2 2 2 2 2 2 2 2 2 2 2 2
left_child=2 -2 7 -4 5 -3 -7 9 -9 10 12 -12 15 14 -14 25 -17 -8 19 -5 -11 24 23 -15 -22 -1 -27 -28 -26 -20
right_child=1 4 3 18 -6 6 17 8 -10 20 11 -13 13 22 -16 16 -18 -19 29 -21 21 -23 -24 -25 28 26 27 -29 -30 -31
leaf_value=-1.5007247270750524e-05 0.0005302226207289266 1.3437357542137092e-05 0.00051250546978443934 0 0 0.0004061202371255759 0.00016079559689004735 0.00017610361777924678 1.3264021703706715e-05 -1.5679426115916309e-05 0.00041237218906023799 0 0 9.5432086433067955e-05 0.00035464026772517957 0.00017229431944474285 -2.8106118823683415e-06 0 0 0.00017935269353862776 0 -7.4782258779568893e-06 0 0 8.1383805608769883e-05 -1.010546134292307e-06 0.00010866449665335106 0 0 2.5622607681013101e-05
leaf_weight=3830 90 244 52 52 628 52 56 93 454 10998 62 135 52 96 55 92 210 100 237 59 217 2501 219 76 120 341 55 64 64 567
leaf_count=3830 90 244 52 52 628 52 56 93 454 10998 62 135 52 96 55 92 210 100 237 59 217 2501 219 76 120 341 55 64 64 567
internal_value=1.76541e-06 8.69063e-05 -2.80911e-06 6.24318e-05 4.48816e-05 0.000101566 0.000180465 -6.26239e-06 5.03447e-05 -8.13932e-06 3.69238e-06 0.000112717 0 6.77826e-05 0.000229281 -7.97216e-06 3.44235e-05 7.12921e-05 3.08638e-05 0.000111095 -1.29992e-05 -1.11763e-06 1.03602e-05 4.53746e-05 2.60349e-05 -1.21292e-05 9.68077e-07 4.82658e-05 5.55492e-05 1.34517e-05
internal_weight=21871 1170 20701 967 1080 452 208 19734 547 19187 5287 197 5090 498 107 4592 302 156 915 111 13900 2902 391 172 401 4290 460 119 184 804
internal_count=21871 1170 20701 967 1080 452 208 19734 547 19187 5287 197 5090 498 107 4592 302 156 915 111 13900 2902 391 172 401 4290 460 119 184 804
is_linear=0
shrinkage=0.05


Tree=13
num_leaves=31
num_cat=0
split_feature=59 185 133 150 77 36 103 131 0 102 77 11 2 50 37 67 94 177 33 171 115 33 90 84 103 43 50 19 44 139
split_gain=0.00328911 0.00782862 0.00165753 0.00387827 0.00108975 0.00107659 0.00143605 0.00107327 0.00173348 0.000665016 0.000540107 0.000502626 0.000348626 0.00298968 0.000316512 0.000278642 0.000700736 0.000189143 0.00055937 0.00019804 0.00022114 0.000299529 0.000186286 0.000148066 0.000139216 0.000253947 0.000608335 0.00012753 0.000125273 9.14212e-05
threshold=13.528850000000002 0.005042926668289126 88.200000000000003 0.05857142857142858 271.58275865000007 281.31393540000005 1005.1500000000002 87.127452563964752 0.018250000000000006 -5.4999999999999991 278.76119075000003 0.00033913960416666669 0.0059917800000000012 1027.6500000000003 0.8500000000000002 15.15 4.5000000000000009 -7.7303819565217437e-05 -0.95508511715943056 -0.076270505999999974 10.550000000000002 -0.10116160369878878 19.505102040816329 1.8500000000000005 2256.1500000000001 0.35850000000000004 1020.2500000000001 5.7142857142857171e-06 1047.5000000000002 23.562858186601009
decision_type=2 8 2 2 2 2 2 2 2 2 2 2 2 2 2 2 2 2 2 2 10 2 2 2 2 2 2 2 2 2
left_child=2 4 5 -4 -2 12 -7 8 11 10 -8 -6 14 24 17 -11 -17 18 -1 20 -19 -22 27 -9 25 -14 -27 28 -16 -25
right_child=1 -3 3 -5 7 6 9 23 -10 15 -12 -13 13 -15 22 16 -18 19 -20 -21 21 -23 -24 29 -26 26 -28 -29 -30 -31
leaf_value=0.00015762320768685422 0 0.00069126050275931808 0 0.00049713306275027045 0.00014592870043108835 0.00030127452080598561 0.00022534781602221051 0 0.00039250798489631148 -6.2187652681251028e-06 0 0 0 0.00034751629988470368 0 0.00018128566079069158 9.7231376588725279e-06 0 0 -1.294872143742206e-05 0.00014310902199109218 0 0 0 -2.2606487639636753e-05 0.00018251028400059381 0 0 0.00015400051848181258 7.7565676304963766e-05
leaf_weight=62 456 51 179 54 89 50 71 142 75 832 50 98 219 64 105 75 764 236 209 16705 69 84 141 119 466 67 86 51 62 140
leaf_count=62 456 51 179 54 89 50 71 142 75 832 50 98 219 64 105 75 764 236 209 16705 69 84 141 119 466 67 86 51 62 140
internal_value=1.78472e-06 8.34425e-05 -2.59278e-06 0.000129052 5.06836e-05 -4.34187e-06 3.15647e-05 9.18474e-05 0.00017479 2.10868e-05 0.000137484 5.92507e-05 -8.16275e-06 2.03972e-05 -9.89936e-06 9.59072e-06 3.12094e-05 -1.10798e-05 2.47648e-05 -1.1942e-05 1.83933e-05 6.66836e-05 3.31828e-05 2.49177e-05 0 1.71242e-05 6.9518e-05 6.27421e-05 8.38414e-05 4.88232e-05
internal_weight=21871 1170 20701 233 1119 20468 1842 663 262 1792 121 187 18626 902 17724 1671 839 17365 271 17094 389 153 359 401 838 372 153 218 167 259
internal_count=21871 1170 20701 233 1119 20468 1842 663 262 1792 121 187 18626 902 17724 1671 839 17365 271 17094 389 153 359 401 838 372 153 218 167 259
is_linear=0
shrinkage=0.05


Tree=14
num_leaves=31
num_cat=0
split_feature=64 185 177 163 84 90 109 128 81 140 138 33 2 50 14 34 30 90 28 118 44 32 43 66 2 105 185 93 80 105
split_gain=0.00309912 0.0131691 0.00141546 0.00185869 0.000780977 0.00083308 0.00056847 0.000532357 0.000300093 0.000764957 0.00154839 0.00177717 0.000257838 0.00276293 0.000201673 0.000358952 0.000576774 0.00018107 0.000294158 0.000205418 0.000172276 0.000166376 0.000156966 0.000165477 0.0001539 0.00032299 0.000151511 8.5512e-05 7.33418e-05 7.23181e-05
threshold=12.199999999999982 0.0085207320127037422 -5.8910891304347898e-07 0.39583333333333343 2.1500000000000008 18.460204081632657 0.45000000000000007 8.6731485044982257 38.650000000000013 17.375000000000004 4.6950000000000012 -0.020003305860468213 0.0059917800000000012 1027.6500000000003 0.056742897000000007 0.0075932462669275986 -1.0785714285714285 19.846938775510207 23.250000000000004 13.550000000000002 967.50000000000011 14.850000000000003 0.33150000000000007 36.07500000000001 0.0030276435000000002 30.500000000000004 0.0010229500535305612 262.8812901500001 18.687500000000007 9.5000000000000018
decision_type=2 10 2 2 2 2 2 2 2 2 2 2 2 2 2 2 2 2 2 8 2 2 2 2 2 2 10 2 2 2
left_child=6 2 3 -2 24 -6 12 -8 -7 -10 11 -11 14 28 27 -16 -17 18 19 20 -9 -12 -23 -24 -4 -26 -25 -1 -14 -30
right_child=1 -3 4 -5 5 8 7 17 9 10 21 -13 13 -15 15 16 -18 -19 -20 -21 -22 22 23 26 25 -27 -28 -29 29 -31
leaf_value=0 0.00040244962934472524 0.00082017380505729112 -9.9002303276789012e-06 0 0.0002150985390875718 4.0834778455351588e-06 0.00019701360612844098 0 3.921571532668981e-06 0.00046200788660009218 0 5.7910323799934612e-06 -2.1560104407245477e-05 0.00033040781971794788 -4.7317747036166624e-06 0 0.00021338782519242673 0 0 0 0.00020744905121627768 0 0 0.00015790597662361481 0.00014408933643911343 0 0 -1.302059981218864e-05 4.9961638322525837e-05 0
leaf_weight=573 59 53 1425 76 76 920 52 50 710 58 138 72 425 64 559 214 52 334 205 57 52 188 77 96 50 90 50 14763 72 261
leaf_count=573 59 53 1425 76 76 920 52 50 710 58 138 72 425 64 559 214 52 334 205 57 52 188 77 96 50 90 50 14763 72 261
internal_value=1.78673e-06 4.09249e-05 2.93928e-05 0.000193102 2.24847e-05 4.06543e-05 -7.06602e-06 3.41303e-05 3.26574e-05 4.79696e-05 8.66022e-05 0.000249475 -9.18162e-06 1.57737e-05 -1.07612e-05 1.02359e-05 6.03171e-05 1.45782e-05 4.05857e-05 9.13997e-05 0.000134025 3.85605e-05 5.47222e-05 8.52035e-05 -2.0206e-06 4.22231e-05 0.000117799 -1.22173e-05 -4.60442e-06 2.06541e-06
internal_weight=21871 4138 4085 135 3950 2385 17733 750 2309 1389 679 130 16983 822 16161 825 266 698 364 159 102 549 411 223 1565 140 146 15336 758 333
internal_count=21871 4138 4085 135 3950 2385 17733 750 2309 1389 679 130 16983 822 16161 825 266 698 364 159 102 549 411 223 1565 140 146 15336 758 333
is_linear=0
shrinkage=0.05


Tree=15
num_leaves=31
num_cat=0
split_feature=59 184 64 105 41 133 43 85 76 140 165 100 59 141 62 142 187 50 46 34 14 109 37 96 164 133 67 42 50 180
split_gain=0.00370837 0.00714043 0.00169828 0.0014569 0.00347109 0.000937528 0.00211056 0.00346019 0.000612842 0.00199075 0.00248451 0.000500301 0.000339957 0.00042532 0.000601212 0.000298899 0.000280433 0.00422849 0.000224388 0.000183793 0.000538193 0.000139396 0.000102842 0.000119535 0.000144319 7.44557e-05 5.80652e-05 0.000111426 5.73348e-05 4.97066e-05
threshold=16.016650000000002 60.650000000000006 16.549999999999972 7.5000000000000009 56.500000000000007 79.440000000000012 0.36950000000000005 266.76643500000006 0.75000000000000011 75.820000000000007 0.0061033778750000014 -3.8000000000000109 10.932800000000002 31.185000000000006 49.250000000000007 587.60769951680413 0.63958091350322488 1027.6500000000003 6.5000000000000009 0.29215705133524944 0.030105008500000002 2.4500000000000006 0.95000000000000007 31.487500000000004 0.54861111111111127 87.745000000000019 6.3500000000000005 0.50500000000000012 1005.35 0.24305555555555558
decision_type=2 2 2 2 2 2 2 2 2 2 2 2 2 2 2 2 2 2 2 2 2 2 2 2 2 2 2 2 2 2
left_child=2 -2 8 4 -4 11 -7 -8 16 22 -11 12 21 -14 15 -15 25 19 -3 -18 -21 -5 -10 24 -24 28 -27 -28 -1 -13
right_child=1 18 3 5 -6 6 7 -9 9 10 -12 29 13 14 -16 -17 17 -19 -20 20 -22 -23 23 -25 -26 26 27 -29 -30 -31
leaf_value=0 0.00067244440557745607 0.0001091742658179471 0 0 0.00041824814848906157 0 5.4525356023551845e-07 0.0005688418196199631 -4.7001201670025344e-06 0 0.00038056278717060819 -1.1928745877976229e-05 1.2822047518280597e-05 0.00021979204746442566 0 0 -1.2639207145001463e-05 0.00045626576298245176 0 0 0.00015115872732958055 7.3230483579167908e-05 9.2750666897753266e-05 0 0 0 8.4036456202738922e-05 0 -1.3999756372446291e-05 7.0928547889675566e-07
leaf_weight=290 59 53 124 705 80 196 91 53 1387 122 81 1125 428 117 106 61 1578 50 148 227 68 65 102 225 75 201 59 69 13266 631
leaf_count=290 59 53 124 705 80 196 91 53 1387 122 81 1125 428 117 106 61 1578 50 148 227 68 65 102 225 75 201 59 69 13266 631
internal_value=2.04733e-06 0.000189398 0 3.02017e-05 0.000163673 2.11512e-05 0.000101982 0.000246673 -6.68312e-06 1.85765e-05 0.000166637 1.10911e-05 3.29788e-05 5.8707e-05 0.000110026 0.000166347 -1.01834e-05 6.02025e-06 2.02286e-05 -3.56809e-06 2.79416e-05 2.65829e-06 0 2.37043e-05 5.43232e-05 -1.27878e-05 0 3.35454e-05 -1.34621e-05 -4.54382e-06
internal_weight=21842 260 21582 3782 204 3578 340 144 17800 1992 203 3238 1482 712 284 178 15808 1923 201 1873 295 770 1789 402 177 13885 329 128 13556 1756
internal_count=21842 260 21582 3782 204 3578 340 144 17800 1992 203 3238 1482 712 284 178 15808 1923 201 1873 295 770 1789 402 177 13885 329 128 13556 1756
is_linear=0
shrinkage=0.05


Tree=16
num_leaves=31
num_cat=0
split_feature=19 116 50 112 185 133 102 70 15 99 90 131 49 32 76 65 189 36 189 174 29 180 21 116 125 59 13 34 24 171
split_gain=0.00340549 0.00571932 0.00191171 0.00193718 0.00235679 0.0011526 0.000817255 0.00063553 0.00105401 0.000374384 0.000797997 0.000294294 0.00168671 0.00265145 0.000620609 0.000884665 0.000237556 0.000303287 0.000237277 0.000248871 0.000236733 0.000299835 0.000322675 0.000356457 0.000206579 0.000321119 9.83902e-05 0.000139055 0.000219473 8.06904e-05
threshold=0.017289999999999996 272.09897955000002 1006.9500000000002 294.58626485000008 0.00075994246060247705 87.815000000000012 -7.8499999999999979 1.5000000000000002 0.0043291666666666678 -3.6499999999999768 20.302040816326535 33.15434016127945 994.95000000000016 5.1500000000000012 0.45000000000000007 24.550000000000004 21.250000000000004 268.14529285000009 36.300000000000004 4.5000000000000009 31.050000000000004 0.25694444444444448 0.22916666666666669 267.36062035000003 2.5000000000000004 11.723250000000002 0.0029375659652777783 0.28539521290077358 56.350000000000001 -0.0029867769999999999
decision_type=2 10 2 10 10 2 2 2 2 2 2 2 2 2 2 2 8 2 10 8 2 2 2 10 2 2 2 2 2 2
left_child=2 -2 3 5 -5 6 -1 11 16 10 -8 12 14 -14 -4 -16 17 -9 -12 -20 21 24 -23 -24 25 -11 -13 -28 -29 -22
right_child=1 -3 7 4 -6 -7 9 8 -10 20 18 26 13 -15 15 -17 -18 -19 19 -21 29 22 23 -25 -26 -27 27 28 -30 -31
leaf_value=0.00019489350561499515 0 0.00066362211986485762 -1.3240675049540563e-05 0 0.00049311693166422563 0.00026291424355838662 0.00025511464152399503 0 0.00026222873646902914 0 0 -1.2735617735187892e-05 0 0.000464199241553205 0.00026266985160712948 0 0 0.00016010180586316234 0.00014312261418935021 0 6.4402708942728976e-06 0 0 0.00015797769675182917 -3.8056833683647646e-06 0.00011553038687061417 -5.4710306324946172e-06 0 9.8558800318539983e-05 -1.1768111252637907e-05
leaf_weight=69 61 51 1402 66 50 52 51 51 50 176 302 13681 59 50 50 60 645 57 71 96 1340 105 61 128 629 99 1061 127 88 1054
leaf_count=69 61 51 1402 66 50 52 51 51 50 176 302 13681 59 50 50 60 645 57 71 96 1340 105 61 128 629 99 1061 127 88 1054
internal_value=2.0513e-06 0.000275909 3.9708e-07 3.02553e-05 0.000235873 2.33853e-05 1.91484e-05 -6.78756e-06 3.53821e-05 1.49371e-05 5.62561e-05 -9.13376e-06 9.47634e-06 0.000199109 -1.01215e-06 0.000108516 1.33601e-05 8.1751e-05 2.34967e-05 7.12423e-05 7.54991e-06 2.57763e-05 7.18194e-05 0.000110699 5.21442e-06 4.39008e-05 -1.14854e-05 0 3.82395e-05 0
internal_weight=21842 112 21730 4349 116 4233 4181 17381 803 4112 520 16578 1621 109 1512 110 753 108 469 167 3592 1198 294 189 904 275 14957 1276 215 2394
internal_count=21842 112 21730 4349 116 4233 4181 17381 803 4112 520 16578 1621 109 1512 110 753 108 469 167 3592 1198 294 189 904 275 14957 1276 215 2394
is_linear=0
shrinkage=0.05


Tree=17
num_leaves=31
num_cat=0
split_feature=59 16 64 64 62 43 131 168 4 76 139 107 141 36 187 2 99 99 168 189 137 90 34 14 37 88 164 7 82 5
split_gain=0.00328009 0.00641728 0.00145293 0.00136881 0.000815889 0.00136043 0.00176658 0.00209559 0.00300409 0.000513018 0.00154491 0.00256562 0.000491035 0.000708745 0.00024608 0.00141412 0.000204855 0.000190923 0.000166921 0.000300291 0.000153584 0.000238782 0.000151433 0.000449795 0.000112212 0.000127092 0.000199052 0.000142147 8.3899e-05 8.05588e-05
threshold=16.016650000000002 2.3850000000000002 16.549999999999972 21.000000000000028 50.45000000000001 0.36450000000000005 84.484492496050322 0.00018588037500000002 0.00024020550000000004 0.75000000000000011 89.033414029013926 8.0500000000000025 38.590000000000011 283.58807100000007 0.63958091350322488 0.0059917800000000012 -0.74999999999999989 -3.1499999999999768 0.0043106851250000007 36.300000000000004 0.025000000000000005 20.302040816326535 0.29215705133524944 0.030105008500000002 0.95000000000000007 31.237500000000008 0.54861111111111127 0.0059000000000000007 22.680000000000003 14.445000000000002
decision_type=2 2 2 2 2 2 2 2 2 2 2 2 2 2 2 2 2 2 2 10 2 2 2 2 2 2 2 2 2 2
left_child=2 16 9 -4 5 12 7 -7 -9 14 24 -12 17 -14 -1 22 -2 18 -5 -20 21 -6 -16 -24 -11 26 27 -26 -13 -22
right_child=1 -3 3 4 20 6 -8 8 -10 10 11 28 13 -15 15 -17 -18 -19 19 -21 29 -23 23 -25 25 -27 -28 -29 -30 -31
leaf_value=-1.1738959472080113e-05 8.5894840246870293e-05 0.00068797246259968167 0.00025114810063112401 0 0.00010344570023330001 1.8843652088824977e-05 0 0.00066436230917234858 3.3374482554174424e-05 -4.9231477120840373e-06 0.0004150065064488214 5.3239311311847052e-05 0 0.00026071633974103915 -9.2437883816466017e-06 0.00020952548765685274 0 -2.434589835358951e-06 0 0.0001641569296141767 -9.6120416374780474e-06 0 0 0.00014093676003487445 0 0 0 0.0001605591446368635 0 2.1957108032985369e-05
leaf_weight=13885 95 50 71 335 88 111 163 53 58 1377 62 73 55 50 1556 81 115 824 60 62 1637 53 218 68 51 230 70 54 75 162
leaf_count=13885 95 50 71 335 88 111 163 53 58 1377 62 73 55 50 1556 81 115 824 60 62 1637 53 218 68 51 230 70 54 75 162
internal_value=2.04459e-06 0.000178237 0 2.80536e-05 2.23718e-05 4.68992e-05 0.000132476 0.000224014 0.000382542 -6.06633e-06 1.69736e-05 0.000145003 1.94447e-05 0.000126445 -9.2868e-06 5.81717e-06 3.04892e-05 6.68221e-06 3.40068e-05 8.77433e-05 0 5.00307e-05 -5.3655e-07 2.92812e-05 0 2.46718e-05 5.66519e-05 0.000100117 0 -3.98084e-06
internal_weight=21842 260 21582 3782 3711 1771 385 222 111 17800 1992 210 1386 105 15808 1923 210 1281 457 122 1940 141 1842 286 1782 405 175 105 148 1799
internal_count=21842 260 21582 3782 3711 1771 385 222 111 17800 1992 210 1386 105 15808 1923 210 1281 457 122 1940 141 1842 286 1782 405 175 105 148 1799
is_linear=0
shrinkage=0.05


Tree=18
num_leaves=31
num_cat=0
split_feature=2 119 58 185 141 68 128 138 137 119 74 89 133 85 180 119 77 116 85 123 9 51 164 53 11 7 105 85 95 4
split_gain=0.00297943 0.00559101 0.00166688 0.00198807 0.00138912 0.00123838 0.00266805 0.00105463 0.000337281 0.000317955 0.000316973 0.00423238 0.000503466 0.00073865 0.000807023 0.000942659 0.000346079 0.000458021 0.000250295 0.000335553 0.000317485 0.000334455 0.000465699 0.000116395 0.000115832 0.000261613 0.000132459 0.000221923 0.000106945 0.000170365
threshold=0.048280649000000009 4.4500000000000011 8.3499999999999996 0.002641377089219789 34.050000000000004 0.8500000000000002 8.3844366951598737 4.6950000000000012 0.80000000000000016 6.2500000000000009 15.550000000000002 18.650000000000002 79.440000000000012 267.72780385000004 0.22916666666666669 3.1500000000000008 292.17466885000005 272.21473855000005 266.07400440000009 1.0000000180025095e-35 0.049513888888888892 38.500000000000007 0.46527777777777785 155.50000000000003 0.0026079879722222228 0.05705000000000001 24.500000000000004 272.55563255000004 2.5000000000000004 0.022086560000000002
decision_type=2 10 2 10 2 2 2 2 2 8 2 2 2 2 2 10 2 10 2 2 2 2 2 2 2 2 2 2 2 2
left_child=2 -2 5 4 -4 10 -7 -6 -9 18 28 -12 16 14 -14 -16 24 -18 -8 20 -20 22 -22 -15 -13 26 27 -26 -1 -30
right_child=1 -3 3 -5 7 6 9 8 -10 -11 11 12 13 23 15 -17 17 -19 19 -21 21 -23 -24 -25 25 -27 -28 -29 29 -31
leaf_value=-1.4173485771893843e-05 0 0.00063117460994463828 0 0.00029787073320650294 0.00036655405845627129 0.00039597121488272767 0 0 0.0001447380500632486 0 0.00045025926033514016 -1.146722515488499e-05 0 -1.7576866359312963e-05 0.00027024871394420487 1.5222190444620429e-05 0.00018715398984746643 0 0 1.3593800699662178e-06 0.00024741067786894033 0 0 4.1662015062229332e-05 0.00011287077003621332 -4.2008112943897599e-06 0 0 -1.009423444664266e-06 8.2802922839736348e-05
leaf_weight=8606 59 53 828 86 51 53 109 110 59 486 51 6409 161 424 97 135 50 117 102 288 94 51 69 91 117 2078 81 61 805 61
leaf_count=8606 59 53 828 86 51 53 109 110 59 486 51 6409 161 424 97 135 50 117 102 288 94 51 69 91 117 2078 81 61 805 61
internal_value=2.04815e-06 0.000258229 4.85843e-07 5.96632e-05 3.50838e-05 -2.5324e-06 4.51899e-05 0.000146821 4.93334e-05 2.52004e-05 -5.88177e-06 0 -1.98791e-06 3.26338e-05 8.45213e-05 0.000144011 -6.07913e-06 6.17843e-05 4.66971e-05 6.00647e-05 9.76223e-05 0.000133203 0.000168402 0 -7.95349e-06 0 4.87278e-05 7.27931e-05 -1.24217e-05 0
internal_weight=21842 112 21730 1134 1048 20596 1252 220 169 1199 19344 9872 9821 908 393 232 8913 167 713 604 316 214 163 515 8746 2337 259 178 9472 866
internal_count=21842 112 21730 1134 1048 20596 1252 220 169 1199 19344 9872 9821 908 393 232 8913 167 713 604 316 214 163 515 8746 2337 259 178 9472 866
is_linear=0
shrinkage=0.05


Tree=19
num_leaves=31
num_cat=0
split_feature=59 185 50 133 115 128 112 50 169 58 133 179 155 131 49 43 116 21 56 33 180 180 70 187 100 177 93 100 122 105
split_gain=0.00287716 0.00654174 0.00122649 0.00125138 0.0028799 0.00234307 0.000972802 0.000477304 0.000989154 0.000413795 0.000702745 0.000732122 0.000383604 0.000254456 0.00148606 0.00253479 0.000288827 0.000664358 0.000557947 0.000211915 0.000147497 0.000300918 0.000130848 0.000290008 0.000110983 0.000112168 0.00017794 0.000117145 0.000110743 0.000148491
threshold=16.016650000000002 0.002641377089219789 1010.0500000000001 79.980000000000004 6.6500000000000012 9.2173545129383765 295.64437385000008 993.85000000000002 7.7083333333036497e-10 9.2500000000000018 20.055000000000003 -0.0036199066801948033 0.38600000000000007 33.15434016127945 994.95000000000016 0.34050000000000008 274.75916265000006 0.47916666666666669 -9.0306710999999762 -0.23443332345685811 0.21527777777777782 0.17361111111111113 1.5000000000000002 0.18030080778678084 4.3500000000000236 0.0074235484163043498 265.88868420000006 6.0999999999999668 11.500000000000002 26.500000000000004
decision_type=2 10 2 2 10 2 10 2 2 2 2 8 2 2 2 2 8 2 2 2 2 2 2 2 2 2 2 2 2 2
left_child=2 19 3 6 5 -5 7 8 -1 28 -11 -12 -6 14 16 -16 17 18 -4 -2 21 -10 24 -24 -15 -26 -27 -28 -9 -30
right_child=1 -3 13 4 12 -7 -8 9 20 10 11 -13 -14 22 15 -17 -18 -19 -20 -21 -22 -23 23 -25 25 26 27 -29 29 -31
leaf_value=0.00027297677324931302 0 0.00066712962649103681 0 0.00043352951450307094 0.00012810101883951576 0 0.00021743077374116707 -1.3248642290588607e-05 0 0 0.00023776759688865997 0 -1.446163878972584e-05 -1.21553634670311e-05 0.00044786568732210893 0 -1.3318101184342313e-05 0 0.00019759823232211955 0.00010562702768975913 0 0.00012080345686749599 0.00012412099350152651 0 -5.6535974213874924e-06 0 9.1360366887598921e-05 0 1.6617312882634935e-05 -1.1359274919551579e-05
leaf_weight=50 157 52 57 94 54 79 58 1766 102 393 80 74 269 11456 50 59 1266 239 90 51 284 88 52 309 2344 251 112 144 1082 680
leaf_count=50 157 52 57 94 54 79 58 1766 102 393 80 74 269 11456 50 59 1266 239 90 51 284 88 52 309 2344 251 112 144 1082 680
internal_value=2.04561e-06 0.00016706 0 2.13304e-05 9.82506e-05 0.000262584 1.20451e-05 8.32128e-06 5.35454e-05 1.26756e-06 4.25475e-05 0.000133172 0 -6.62553e-06 1.00411e-05 0.00018812 0 3.58484e-05 0.000120759 1.55259e-05 1.93463e-05 5.34919e-05 -8.96789e-06 1.58985e-05 -9.94585e-06 0 2.01112e-05 5.03032e-05 -3.72612e-06 2.98405e-06
internal_weight=21842 260 21582 5153 496 173 4657 4599 524 4075 547 154 323 16429 1761 109 1652 386 147 208 474 190 14668 361 14307 2851 507 256 3528 1762
internal_count=21842 260 21582 5153 496 173 4657 4599 524 4075 547 154 323 16429 1761 109 1652 386 147 208 474 190 14668 361 14307 2851 507 256 3528 1762
is_linear=0
shrinkage=0.05


Tree=20
num_leaves=31
num_cat=0
split_feature=98 134 68 131 86 72 1 102 134 122 4 189 2 75 25 2 116 43 171 99 31 115 100 133 36 114 171 99 103 50
split_gain=0.00425527 0.00728902 0.00138879 0.00170765 0.00517265 0.00100077 0.0020306 0.000410588 0.000749835 0.000221309 0.000602127 0.000212155 0.000521057 0.000200776 0.000319947 0.00058499 0.000546334 0.00084052 0.00104399 0.000207235 0.000293233 0.000275899 0.000159727 0.000363192 0.000367127 0.000119483 0.000109185 9.58489e-05 9.55777e-05 8.36724e-05
threshold=15.650000000000004 7.5650000000000004 1.4500000000000004 29.301636672347289 4.5000000000000009 38.725000000000009 0.12230235450000003 -4.8999999999999995 6.6950000000000012 20.500000000000004 2.7100000000000005e-05 32.800000000000004 0.00091637800000000014 15.250000000000002 15.500000000000002 0.00020374800000000004 267.57552210000006 0.35550000000000004 -0.0039768064999999991 -2.2499999999999996 29.050000000000004 13.350000000000003 4.0499999999999554 86.075000000000017 266.33056705000007 12.15 -0.093584245499999982 -2.1999999999999882 1549.7000000000005 1028.4500000000003
decision_type=2 2 2 2 2 2 2 2 2 2 2 8 2 2 2 2 10 2 2 2 2 10 2 2 2 10 2 2 2 2
left_child=2 -2 5 4 -4 7 11 8 -1 -5 -11 -7 -13 22 15 19 -17 -18 -19 20 -15 -22 29 -24 -25 -26 -16 28 -3 -9
right_child=1 27 3 9 -6 6 -8 13 -10 10 -12 12 -14 14 26 16 17 18 -20 -21 21 -23 23 24 25 -27 -28 -29 -30 -31
leaf_value=0.0001777874655181222 0.00070989422903917259 9.6269981437217204e-05 0.00061695405233387233 5.9185722562346329e-06 0 -2.6287976445079971e-06 0.00035823523332047366 -1.3787233056531195e-05 0 0.00017819212283939125 0 0 0.00018811899246592086 0 4.8499477234772396e-05 0 0 2.6450114519771019e-05 0.00036403667610415387 -5.1230035414821599e-06 0.00014754904277155718 0 -4.2879102328228848e-06 0 0.00020168203847253393 0 -9.6909641607544773e-06 0 0 0
leaf_weight=81 56 69 51 728 69 178 54 10920 363 82 90 222 55 182 57 83 71 100 60 1095 87 68 2721 89 50 51 3398 68 51 603
leaf_count=81 56 69 51 728 69 178 54 10920 363 82 90 222 55 182 57 83 71 100 60 1095 87 68 2721 89 50 51 3398 68 51 603
internal_value=1.43187e-06 0.000208716 -6.86969e-07 5.5936e-05 0.000238127 -3.73769e-06 6.46525e-05 -5.72351e-06 4.01486e-05 2.58571e-05 8.08243e-05 1.81356e-05 4.94258e-05 -7.01743e-06 5.28316e-07 1.88179e-05 8.12099e-05 0.000121827 0.000185576 1.60069e-06 3.81911e-05 8.86536e-05 -1.00826e-05 0 6.70209e-05 0.000131944 -7.27043e-06 3.00077e-05 5.81967e-05 -1.27275e-05
internal_weight=21852 244 21608 1020 120 20588 509 20079 444 900 172 455 277 19635 5201 1746 314 231 160 1432 337 155 14434 2911 190 101 3455 188 120 11523
internal_count=21852 244 21608 1020 120 20588 509 20079 444 900 172 455 277 19635 5201 1746 314 231 160 1432 337 155 14434 2911 190 101 3455 188 120 11523
is_linear=0
shrinkage=0.05


Tree=21
num_leaves=31
num_cat=0
split_feature=98 185 68 128 66 1 102 122 4 138 59 133 76 17 98 62 59 104 189 140 3 13 176 136 175 84 120 1 126 141
split_gain=0.0039191 0.00575361 0.00124856 0.00355081 0.000968589 0.00217717 0.000386923 0.000270713 0.000449113 0.000741814 0.000239869 0.00029753 0.00056511 0.00087399 0.000831125 0.000221471 0.000261796 0.000415849 0.000195918 0.000459422 0.000150772 0.000110485 0.000104493 0.000378105 9.59342e-05 0.000255053 0.000445047 6.52662e-05 0.000129 7.50843e-05
threshold=16.650000000000006 0.001106930431775879 1.4500000000000004 8.451898608804397 38.725000000000009 0.12794352700000003 -7.1499999999999986 17.500000000000004 3.2900000000000007e-05 4.785000000000001 6.6408500000000013 79.440000000000012 0.65000000000000024 0.012900000000000002 -1.8999999999999999 42.350000000000001 10.932800000000002 4.1500000000000012 32.800000000000004 23.030000000000005 0.00058537300000000003 0.00061467323611111128 3.5000000000000004 1.0850000000000002 12.500000000000002 1.4500000000000004 285.30989840000001 0.14441036650000003 17.500000000000004 37.405000000000008
decision_type=2 10 2 2 2 2 2 2 2 2 2 2 2 2 2 2 2 2 8 2 2 2 10 2 8 2 8 2 2 2
left_child=2 20 4 -4 6 18 -1 -5 9 -9 27 15 24 -14 -15 16 22 21 -6 -20 -2 -18 23 -12 25 26 -13 -8 29 -29
right_child=1 -3 3 7 5 -7 10 8 -10 -11 11 12 13 14 -16 -17 17 -19 19 -21 -22 -23 -24 -25 -26 -27 -28 28 -30 -31
leaf_value=9.6166236264087437e-05 9.5361134612735791e-05 0.0006684567946332984 0.00046656625129246239 0 -8.1606899342047094e-07 0.0003802383186491937 -1.1908744119634551e-05 0.00026433870651911299 0 0 0 0.00013996925582460159 0 0 0.00028185763803685409 -1.0273917853411424e-05 -1.1942052454346143e-06 0.00013622810780361763 0 0.0001527162268275906 0 3.410951782564715e-05 -4.8501007435896088e-06 0.0001103055435527686 -1.0969451427724509e-05 0 0 8.0348774430846488e-05 -5.5259769885918491e-06 0
leaf_weight=87 51 53 50 607 179 50 10371 61 202 101 281 98 108 57 79 4615 247 96 216 76 100 257 2150 94 419 92 69 74 851 61
leaf_count=87 51 53 50 607 179 50 10371 61 202 101 281 98 108 57 79 4615 247 96 216 76 100 257 2150 94 419 92 69 74 851 61
internal_value=1.45518e-06 0.0002191 -3.74869e-07 5.32964e-05 -3.27635e-06 6.325e-05 -5.25195e-06 2.64136e-05 6.09273e-05 0.000123291 -5.94723e-06 0 2.71414e-05 9.24212e-05 0.000176703 -2.87294e-06 6.45712e-06 3.61368e-05 1.82719e-05 4.70008e-05 2.51239e-05 6.9388e-06 0 2.36684e-05 0 2.69827e-05 7.01584e-05 -1.07304e-05 0 4.66908e-05
internal_weight=21852 204 21648 1021 20627 521 20106 971 364 162 20019 8662 922 244 136 7740 3125 600 471 292 151 504 2525 375 678 259 167 11357 986 135
internal_count=21852 204 21648 1021 20627 521 20106 971 364 162 20019 8662 922 244 136 7740 3125 600 471 292 151 504 2525 375 678 259 167 11357 986 135
is_linear=0
shrinkage=0.05


Tree=22
num_leaves=31
num_cat=0
split_feature=98 131 68 128 66 1 102 142 119 122 80 138 75 25 2 116 43 77 122 4 189 142 100 36 91 180 19 7 100 104
split_gain=0.0035735 0.00563941 0.00115656 0.00319193 0.000881001 0.00196232 0.000355293 0.000572424 0.000257406 0.000381076 0.000626787 0.000699779 0.000187818 0.000315804 0.000575835 0.000544699 0.000842203 0.000403641 0.000285493 0.000637431 0.000182651 0.00038932 0.000134017 0.000109583 0.000514613 0.000224548 9.82236e-05 8.59012e-05 0.000140031 0.000113443
threshold=16.650000000000006 74.957203090391729 1.4500000000000004 8.451898608804397 38.725000000000009 0.12794352700000003 -4.8999999999999995 656.58021417578618 5.7500000000000009 17.500000000000004 32.01250000000001 6.2750000000000012 15.250000000000002 15.500000000000002 0.00020374800000000004 267.57552210000006 0.35550000000000004 292.17466885000005 13.500000000000002 0.0043120615000000013 32.800000000000004 236.66665320126677 4.0499999999999554 266.01260540000004 12.050000000000002 0.25694444444444448 -0.020031428571428568 0.089400000000000021 6.3500000000000236 0.75000000000000011
decision_type=2 2 2 2 2 2 2 2 8 2 2 2 2 2 2 10 2 2 2 2 8 2 2 2 2 2 2 2 2 2
left_child=2 -2 4 -4 6 20 7 -1 9 -5 11 -11 22 14 17 -16 -17 -14 19 -18 -6 -22 -8 -24 25 -25 -15 -26 29 -29
right_child=1 -3 3 8 5 -7 12 -9 -10 10 -12 -13 13 26 15 16 18 -19 -20 -21 21 -23 23 24 27 -27 -28 28 -30 -31
leaf_value=0 0.00063602789679670856 1.1055886754926273e-05 0.00044369535046451562 0 -7.7549218137088708e-07 0.0003615991846776988 -1.1614266957842057e-05 0.0001505384355190832 0 0.00031200660397747961 0 0 -7.3252730094724436e-07 4.5981241662581126e-05 0 0 0.00038488838886772806 0.00011193372892732981 0 2.1615569764266954e-06 0 0.00013269709176701112 -8.9646985945959738e-06 0 -5.4739101666657925e-06 0.00018261200638517038 -8.975349441015911e-06 9.2823303981276689e-05 0 0
leaf_weight=354 56 148 50 345 179 50 11523 90 402 56 114 54 1366 57 83 71 52 80 58 51 204 88 1505 52 997 59 3410 94 124 80
leaf_count=354 56 148 50 345 179 50 11523 90 402 56 114 54 1366 57 83 71 52 80 58 51 204 88 1505 52 997 59 3410 94 124 80
internal_value=1.45109e-06 0.000209273 -2.85934e-07 5.13662e-05 -3.08738e-06 6.03312e-05 -4.98231e-06 3.7661e-05 2.55842e-05 4.73831e-05 9.96088e-05 0.00018501 -6.20142e-06 1.09706e-06 1.91172e-05 8.10736e-05 0.000121486 2.11836e-06 0.000184998 0.000245303 1.70579e-05 4.50202e-05 -9.1912e-06 0 1.04255e-05 0.000113368 -6.61707e-06 0 2.48641e-05 5.52877e-05
internal_weight=21852 204 21648 1021 20627 521 20106 444 971 569 224 110 19662 5228 1761 315 232 1446 161 103 471 292 14434 2911 1406 111 3467 1295 298 174
internal_count=21852 204 21648 1021 20627 521 20106 444 971 569 224 110 19662 5228 1761 315 232 1446 161 103 471 292 14434 2911 1406 111 3467 1295 298 174
is_linear=0
shrinkage=0.05


Tree=23
num_leaves=31
num_cat=0
split_feature=59 23 50 112 111 66 120 50 169 63 101 185 172 137 86 100 133 100 171 50 51 28 112 123 104 171 172 50 24 141
split_gain=0.00261444 0.00651792 0.00118051 0.00235707 0.00224594 0.000507972 0.00107124 0.000448503 0.000847319 0.00110714 0.000419215 0.000286304 0.000270901 0.000197481 0.000741609 0.000153427 0.000393625 0.00040152 0.00016088 0.000166449 0.000136669 0.000111116 8.831e-05 8.30464e-05 0.000108332 7.51355e-05 6.94983e-05 6.69022e-05 0.000158549 5.70711e-05
threshold=16.629400000000008 22.528472222222227 1007.7500000000001 295.41111505000009 7.1500000000000012 32.425000000000011 284.66374775000003 993.85000000000002 5.583610416666659e-05 14.93135 6.7247111000000084 0.00084228932076042546 9.5000000000000018 1.0000000180025095e-35 3.5000000000000004 4.0499999999999554 86.075000000000017 4.9500000000000464 -0.076270505999999974 1018.7500000000001 321.50000000000006 25.850000000000005 290.04711630000003 -0.70710678118654735 16.850000000000009 -0.014591203000000002 5.5000000000000009 1028.4500000000003 54.350000000000001 37.145000000000003
decision_type=2 2 2 10 10 2 10 2 2 2 2 10 10 2 2 2 2 2 2 2 2 2 10 2 2 2 10 2 2 2
left_child=2 -2 3 4 -1 15 20 8 9 -6 13 -12 -13 14 -9 27 18 -18 19 -17 -7 -22 -23 24 -15 -25 -10 -4 -29 -27
right_child=1 -3 5 -5 7 6 -8 10 26 -11 11 12 -14 23 -16 16 17 -19 -20 -21 21 22 -24 25 -26 29 -28 28 -30 -31
leaf_value=0.00025547898685012246 0.00065702033969809812 0 -1.1364430689460624e-05 0.00035318103774228477 0.00033130098001092232 -1.4151997229186713e-05 0.00019126367607783586 0.0001633043450454031 4.2917628047641633e-05 0 2.2706678513952636e-08 0.00018082987154002697 0 0 -7.9575042965660899e-06 0 0.0001575847391700048 0 -5.7267615554415375e-06 0.00011935376756382003 0 0.00011537406077977875 0 0 4.9228023904954354e-05 -2.1081522664005009e-05 0 -6.0174095914632507e-07 8.6456868225897508e-05 0
leaf_weight=98 52 123 12165 54 58 273 96 84 94 86 257 75 61 850 78 56 78 108 3593 50 74 58 55 415 117 1351 285 576 52 480
leaf_count=98 52 123 12165 54 58 273 96 84 94 86 257 75 61 850 78 56 78 108 3593 50 74 58 55 415 117 1351 285 576 52 480
internal_value=1.48109e-06 0.000193415 0 2.28998e-05 1.76177e-05 -6.00182e-06 3.95292e-05 1.09621e-05 5.51014e-05 0.000159914 3.4959e-06 5.26492e-05 0.000114875 -7.60592e-07 5.06272e-05 -7.82176e-06 0 7.15752e-05 -2.65379e-06 5.38593e-05 0 3.90577e-05 7.0374e-05 -4.92221e-06 3.95373e-06 -1.09689e-05 1.80427e-06 -1.04756e-05 0 -1.58147e-05
internal_weight=21852 175 21677 4443 4389 17234 556 4291 523 144 3768 393 136 3375 162 16678 3885 186 3699 106 460 187 113 3213 967 2246 379 12793 628 1831
internal_count=21852 175 21677 4443 4389 17234 556 4291 523 144 3768 393 136 3375 162 16678 3885 186 3699 106 460 187 113 3213 967 2246 379 12793 628 1831
is_linear=0
shrinkage=0.05


Tree=24
num_leaves=31
num_cat=0
split_feature=59 23 50 112 111 66 189 117 138 101 140 50 29 30 119 100 133 160 100 178 180 28 111 33 105 185 163 50 187 86
split_gain=0.00235616 0.00589974 0.00108945 0.00212223 0.00202085 0.000460601 0.00102167 0.000435518 0.00136441 0.000319161 0.000281507 0.00024467 0.00108445 0.000173948 0.000390252 0.000140207 0.000357749 0.00039718 0.000547453 0.000122883 0.000119507 0.000195997 0.000406522 6.22642e-05 7.05046e-05 9.38161e-05 0.000122212 6.04138e-05 0.000180359 4.63132e-05
threshold=16.629400000000008 22.528472222222227 1007.7500000000001 295.41111505000009 7.1500000000000012 32.425000000000011 20.850000000000005 0.25000000000000006 4.4450000000000012 9.2714587499999954 17.375000000000004 994.25000000000011 26.950000000000003 -1.4842857142857144 12.65 4.0499999999999554 86.075000000000017 0.014119601328903659 5.1999999999999895 0.017324988560000008 0.22916666666666669 20.900000000000002 14.15 -0.36475156978311124 27.500000000000004 0.00072430864599890628 0.53472222222222232 1028.4500000000003 0.5813821362284306 10.500000000000002
decision_type=2 2 2 10 10 2 8 10 2 2 2 2 2 2 10 2 2 2 2 2 2 2 10 2 2 10 2 2 2 2
left_child=2 -2 3 4 -1 15 -7 9 -9 11 -11 12 -6 -8 -15 27 19 -18 -19 -17 29 22 -22 24 25 -23 -27 -4 -29 -13
right_child=1 -3 5 -5 7 6 13 8 -10 10 -12 20 -14 14 -16 16 17 18 -20 -21 21 23 -24 -25 -26 26 -28 28 -30 -31
leaf_value=0.000242834066845138 0.00062478914377521195 0 -1.0796255800003193e-05 0.00033584305220706902 0.00023933529192538377 0.00020314704408519904 -1.8172469617230863e-05 0.00027662513479526752 0 1.2792324618496053e-06 0.0001601495533243231 -1.8514061978983716e-05 0 0 0.00013679430373742153 -5.2381106651535433e-06 0 0.00025180254407328618 0 4.8273422380037972e-05 0.00013211979393004599 0 0 -1.8261689496821935e-05 0 9.4842298933100412e-05 0 -1.3169246425375456e-06 9.392257415896107e-05 0
leaf_weight=98 52 123 12165 54 56 80 247 63 259 198 61 1290 474 159 70 3601 65 50 71 98 87 103 92 402 412 81 124 578 50 589
leaf_count=98 52 123 12165 54 56 80 247 63 259 198 61 1290 474 159 70 3601 65 50 71 98 87 103 92 402 412 81 124 578 50 589
internal_value=1.50342e-06 0.000183709 0 2.20975e-05 1.70228e-05 -5.66754e-06 3.76271e-05 1.06453e-05 6.78358e-05 4.73012e-06 5.83994e-05 0 3.22978e-05 0 3.91747e-05 -7.41281e-06 0 6.82887e-05 0.00012364 -2.45638e-06 -4.26136e-06 4.78408e-06 5.37377e-05 0 5.43072e-06 2.52832e-05 4.57975e-05 -9.95152e-06 0 -1.31831e-05
internal_weight=21852 175 21677 4443 4389 17234 556 4291 322 3969 259 3710 530 476 229 16678 3885 186 121 3699 3180 1301 179 1122 720 308 205 12793 628 1879
internal_count=21852 175 21677 4443 4389 17234 556 4291 322 3969 259 3710 530 476 229 16678 3885 186 121 3699 3180 1301 179 1122 720 308 205 12793 628 1879
is_linear=0
shrinkage=0.05


Tree=25
num_leaves=31
num_cat=0
split_feature=2 119 98 185 39 82 50 86 136 141 2 49 89 115 29 187 49 122 103 115 138 36 52 45 103 53 189 163 28 138
split_gain=0.00303906 0.0073142 0.00109318 0.00189567 0.00114246 0.00181797 0.000539698 0.000562447 0.00109797 0.00109298 0.000227513 0.0030225 0.000211083 0.000469918 0.000188524 0.000858144 0.000110688 0.000188354 0.000165177 0.000325381 0.00046034 0.00100791 0.00019113 0.000129307 0.000131833 0.000131842 0.000133276 0.000137015 0.000244529 0.000240966
threshold=0.048280649000000009 11.15 15.650000000000004 0.0007730991320861406 1.1550000000000002 24.330000000000002 999.95000000000016 3.5000000000000004 0.33500000000000008 31.605000000000004 0.0035617145000000003 994.95000000000016 43.250000000000007 12.65 26.950000000000003 0.41893803544551628 985.25000000000011 5.5000000000000009 2421.3500000000008 4.0500000000000007 5.9850000000000003 266.33056705000007 99.500000000000014 99.500000000000014 987.45000000000016 145.50000000000003 44.050000000000004 0.61805555555555569 25.850000000000005 6.6950000000000012
decision_type=2 8 2 10 2 2 2 2 2 2 2 2 2 10 2 2 2 2 2 10 2 2 2 2 2 2 10 2 2 2
left_child=2 -2 4 -4 6 -6 7 8 9 -1 16 12 -12 -14 15 -9 17 -8 19 20 21 -19 -21 -24 -25 -26 27 28 -27 -30
right_child=1 -3 3 -5 5 -7 10 14 -10 -11 11 -13 13 -15 -16 -17 -18 18 -20 22 -22 -23 23 24 25 26 -28 -29 29 -31
leaf_value=0.00038795991487299594 -3.4313419864702151e-05 0.00069891474352224803 0 0.00028969062343543907 0.00037964543196436604 0 -1.4154373923540799e-05 0 3.8261641450844752e-06 0 -1.320412967283614e-05 0.00033199785692284453 0.00015651134623992897 0 0 0.00020499023569755083 -1.0227901609421151e-05 0 -5.4034173821790208e-06 -2.1345713318005543e-06 0 0.00026721604371490309 0 0 0 1.3759715407754143e-06 0 0 1.4096902980426143e-05 0.00023714010973768991
leaf_weight=51 63 52 138 88 50 67 2309 144 274 63 1053 70 61 216 1521 63 8992 57 3049 2263 141 66 430 77 102 153 50 58 91 59
leaf_count=51 63 52 138 88 50 67 2309 144 274 63 1053 70 61 216 1521 63 8992 57 3049 2263 141 66 430 77 102 153 50 58 91 59
internal_value=1.96968e-06 0.000257297 3.7847e-07 0.00010966 -5.41475e-07 0.000154199 -1.62763e-06 2.19488e-05 7.77795e-05 0.00021047 -4.47299e-06 1.38708e-05 0 3.5174e-05 6.48322e-06 5.114e-05 -6.188e-06 -1.54651e-06 2.11056e-06 9.97852e-06 6.48208e-05 0.000135132 4.02749e-06 2.25847e-05 3.77911e-05 4.77841e-05 6.04038e-05 7.1225e-05 8.46619e-05 0.000135929
internal_weight=21871 115 21756 226 21530 117 21413 2116 388 114 19297 1400 1330 277 1728 207 17897 8905 6596 3547 264 123 3283 1020 590 513 411 361 303 150
internal_count=21871 115 21756 226 21530 117 21413 2116 388 114 19297 1400 1330 277 1728 207 17897 8905 6596 3547 264 123 3283 1020 590 513 411 361 303 150
is_linear=0
shrinkage=0.05


Tree=26
num_leaves=31
num_cat=0
split_feature=2 118 39 85 58 105 138 99 43 140 138 102 68 52 28 180 65 81 139 61 99 128 185 65 112 186 189 119 1 104
split_gain=0.00269902 0.00676895 0.000974308 0.00175059 0.000740807 0.0011727 0.00373615 0.000611088 0.000805472 0.000630908 0.00164567 0.000287217 0.000561862 0.000275912 0.00036293 0.000219825 0.000458912 0.00379737 0.000296668 0.00065161 0.00010998 0.0001796 0.00019957 0.000126 5.74345e-05 6.62711e-05 5.72605e-05 5.67246e-05 6.41872e-05 4.06214e-05
threshold=0.048280649000000009 14.65 1.1550000000000002 266.61289365000005 3.0500000000000012 7.5000000000000009 4.745000000000001 -1.149999999999977 0.33250000000000007 17.960000000000004 4.6950000000000012 -5.2499999999999982 0.45000000000000007 35.500000000000007 25.850000000000005 0.25694444444444448 16.650000000000002 17.650000000000002 92.570171094383383 1456.2000000000003 1.7500000000000002 9.6150385188220877 0.0010207139031082988 23.350000000000005 295.41111505000009 -3.3463500951778026e-06 43.900000000000006 21.050000000000004 0.11813420550000002 19.950000000000006
decision_type=2 10 2 2 2 2 2 2 2 2 2 2 2 2 2 2 2 2 2 2 2 2 10 2 10 8 8 10 2 2
left_child=2 -2 4 -4 11 6 -6 8 -7 -10 -11 12 -1 -12 -15 24 -17 -18 20 -20 -19 22 -22 -24 27 -26 29 -13 -29 -9
right_child=1 -3 3 -5 5 7 -8 26 9 10 13 15 -14 14 -16 16 17 18 19 -21 21 -23 23 -25 25 -27 -28 28 -30 -31
leaf_value=0 -2.475994287647843e-05 0.00068179386856511478 0 0.00035202153563558243 0.00049223588010169231 0 0 -2.0466942719686657e-05 0 0.00030976447381072695 0 -1.0290216849371394e-05 0.00014047515046761627 0 0.00017813678738976791 -1.1282299549807435e-05 0.00043718460137172788 -3.4310380776038619e-06 0 0.00018218310947448025 0 0 0.00014926754985079992 9.0276226474088605e-06 5.7375565593921001e-05 0 0 0 5.6105987879324376e-05 0
leaf_weight=229 65 50 64 54 54 823 90 825 167 93 204 11809 98 59 69 2936 52 1886 80 75 225 723 67 159 53 108 279 350 50 75
leaf_count=229 65 50 64 54 54 823 90 825 167 93 204 11809 98 59 69 2936 52 1886 80 75 225 723 67 159 53 108 279 350 50 75
internal_value=1.9275e-06 0.000242563 4.14618e-07 0.000143166 -1.39375e-07 2.39148e-05 0.000165798 1.40508e-05 3.70022e-05 8.16402e-05 0.000113932 -3.88966e-06 4.09096e-05 4.32947e-05 0.000100925 -4.94976e-06 2.09848e-06 1.56533e-05 7.14687e-06 7.56792e-05 2.01841e-06 1.50236e-05 3.97505e-05 7.3104e-05 -8.88819e-06 8.63809e-06 -9.26553e-06 -9.5295e-06 4.29651e-07 -1.64716e-05
internal_weight=21871 115 21756 118 21638 2738 144 2594 1415 592 425 18900 327 332 128 18573 6203 3267 3215 155 3060 1174 451 226 12370 161 1179 12209 400 900
internal_count=21871 115 21756 118 21638 2738 144 2594 1415 592 425 18900 327 332 128 18573 6203 3267 3215 155 3060 1174 451 226 12370 161 1179 12209 400 900
is_linear=0
shrinkage=0.05


Tree=27
num_leaves=31
num_cat=0
split_feature=2 116 98 111 39 82 50 94 136 78 2 49 17 50 137 141 81 108 116 169 93 76 118 0 126 110 65 95 178 33
split_gain=0.00239406 0.00621221 0.000933811 0.00171763 0.00091489 0.00160855 0.000480536 0.000521225 0.000992758 0.00105501 0.000198811 0.00272409 0.000245056 0.000284052 0.000163838 0.000583772 0.000572335 9.79062e-05 0.000116121 0.000188804 0.000104652 0.000234817 0.000504385 8.31936e-05 0.000205031 0.000153904 7.38743e-05 5.90621e-05 5.63109e-05 0.000115838
threshold=0.048280649000000009 272.30768395000001 15.650000000000004 14.950000000000001 1.1550000000000002 24.330000000000002 999.95000000000016 3.5000000000000004 0.33500000000000008 1.0000000180025095e-35 0.0035617145000000003 994.95000000000016 0.046300000000000008 1012.2500000000001 0.80000000000000016 33.720000000000006 38.150000000000013 292.12336575000006 271.66167590000003 3.9177499999999957e-06 262.8812901500001 0.65000000000000024 11.250000000000002 0.089450000000000016 17.500000000000004 8.4500000000000011 43.45000000000001 6.5000000000000009 -4.3160212173913055e-05 -0.95508511715943056
decision_type=2 10 2 10 2 2 2 2 2 2 2 2 2 2 2 2 2 2 10 2 2 2 10 2 2 10 2 2 2 2
left_child=2 -2 4 -4 6 -6 7 8 9 -1 17 12 13 -12 -9 -16 -17 20 -19 -20 21 -8 -23 28 25 -25 -5 -14 29 -22
right_child=1 -3 3 26 5 -7 10 14 -10 -11 11 -13 27 -15 15 16 -18 18 19 -21 23 22 -24 24 -26 -27 -28 -29 -30 -31
leaf_value=0 -2.4825153150507528e-05 0.00065003483332510973 0.00032702372502069102 -1.325983568676747e-05 0.00035068178701205366 0 -7.3170182618040762e-07 -6.5257980517066483e-06 3.331934959227179e-06 0.00037423239680300382 0.00010379979612331991 0.00031507841158753781 -2.4947230725409403e-05 0 0 0 0.00018614336788042845 0 0.0001029823697340012 0 7.0552615738884249e-05 0.0001497690500226086 0 0.00010285646659092408 -3.7111733105589478e-06 0 4.4518630402731213e-05 0 -9.506634006643106e-06 0
leaf_weight=63 65 50 61 80 50 67 512 784 274 51 94 70 717 367 770 79 95 393 77 321 58 84 136 82 1418 161 85 152 14423 232
leaf_count=63 65 50 61 80 50 67 512 784 274 51 94 70 717 367 770 79 95 393 77 321 58 84 136 82 1418 161 85 152 14423 232
internal_value=1.90779e-06 0.000228563 4.69456e-07 0.000101454 -3.63015e-07 0.000138101 -1.35948e-06 2.08814e-05 7.46239e-05 0.000200978 -4.05834e-06 1.30408e-05 0 2.60469e-05 5.88614e-06 2.14814e-05 0.000104074 -5.67594e-06 9.05285e-06 2.98371e-05 -6.64979e-06 8.96303e-06 5.4051e-05 -7.65361e-06 4.24387e-07 4.49651e-05 0 -1.85448e-05 -8.90534e-06 3.74759e-06
internal_weight=21871 115 21756 226 21530 117 21413 2116 388 114 19297 1400 1330 461 1728 944 174 17897 791 398 17106 732 220 16374 1661 243 165 869 14713 290
internal_count=21871 115 21756 226 21530 117 21413 2116 388 114 19297 1400 1330 461 1728 944 174 17897 791 398 17106 732 220 16374 1661 243 165 869 14713 290
is_linear=0
shrinkage=0.05


Tree=28
num_leaves=31
num_cat=0
split_feature=2 119 98 111 133 42 50 86 81 2 50 66 189 141 137 108 116 116 14 99 177 180 100 74 133 116 138 58 3 111
split_gain=0.00212095 0.0065717 0.000843047 0.00155284 0.000818778 0.00453599 0.000419661 0.000691604 0.00231492 0.000240996 0.00249452 0.000455838 0.00016492 0.000511486 0.000773143 0.00011388 0.000110606 0.000123531 0.000148846 9.12602e-05 0.000223135 0.000182195 0.000103435 0.000216429 0.000193347 0.000213445 0.000163415 9.07877e-05 8.04852e-05 6.5609e-05
threshold=0.048280649000000009 11.15 15.650000000000004 14.950000000000001 88.200000000000003 0.115 997.25000000000011 3.5000000000000004 32.550000000000004 0.0035617145000000003 1027.6500000000003 37.125000000000007 37.45000000000001 33.720000000000006 0.59500000000000008 292.12336575000006 271.66167590000003 273.15315015000004 0.015047212000000003 2.1499999999999777 -7.7303819565217437e-05 0.25694444444444448 5.6499999999999782 19.778571428571432 8.6250000000000018 265.97819200000004 5.9850000000000003 13.650000000000004 0.027583972000000002 9.1500000000000004
decision_type=2 8 2 10 2 2 2 2 2 2 2 2 10 2 2 2 10 10 2 2 2 2 2 2 2 10 2 2 2 10
left_child=2 -2 4 -4 6 -6 7 8 -1 15 11 28 -9 -14 -15 19 -17 18 -18 -8 -21 -22 23 -23 -25 -26 -27 -5 29 -11
right_child=1 -3 3 27 5 -7 9 12 -10 10 -12 -13 13 14 -16 16 17 -19 -20 20 21 22 -24 24 25 26 -28 -29 -30 -31
leaf_value=0 -6.00733185979152e-05 0.00063799251959316503 0.00031093627514388987 -1.7487472042765665e-05 0.00048351295871390526 -9.9500145720663637e-06 -8.2567774924637467e-06 -3.4857741441205454e-06 0.00040038242532528575 0 0.00031320005383146166 0.00013122896157710784 0 0 0.00026734896318653323 0 0.00011366919776781197 0 0 8.8863146711706321e-05 -9.8151375195950378e-06 0 0 0 0 0.00018012891474451562 6.1101224760320364e-06 4.9245037690382899e-05 -1.2899729878637097e-05 5.1783232765169134e-05
leaf_weight=152 63 52 61 83 56 162 13730 718 51 108 66 63 304 55 50 536 80 251 71 69 2576 247 609 73 84 74 106 82 1162 77
leaf_count=152 63 52 61 83 56 162 13730 718 51 108 66 63 304 55 50 536 80 251 71 69 2576 247 609 73 84 74 106 82 1162 77
internal_value=1.8898e-06 0.000215249 5.22352e-07 9.64601e-05 -2.56914e-07 9.56091e-05 -1.47656e-06 2.52666e-05 0.000111773 -3.50797e-06 1.50833e-05 0 5.16682e-06 3.2523e-05 0.000127101 -5.26168e-06 9.74214e-06 3.01211e-05 6.66127e-05 -6.34787e-06 0 -1.15979e-06 1.33343e-05 2.83713e-05 5.47171e-05 7.51182e-05 0.000105875 0 -5.27075e-06 1.55775e-05
internal_weight=21871 115 21756 226 21530 218 21312 1330 203 19982 1476 1410 1127 409 105 18506 938 402 151 17568 3838 3769 1193 584 337 264 180 165 1347 185
internal_count=21871 115 21756 226 21530 218 21312 1330 203 19982 1476 1410 1127 409 105 18506 938 402 151 17568 3838 3769 1193 584 337 264 180 165 1347 185
is_linear=0
shrinkage=0.05


end of trees

feature_importances:
mslma_t=33
pct_forest=28
pressure_change_3h=24
last_N_t=23
sp_t=18
N_per_gust_excess_obs=18
t2m_at_t24h=16
pct_unmapped=16
soil_moist_t=15
P_active_frac_obs=15
soil_moist_x_gust=14
pressure_change_6h=14
pct_wetland=14
tree_canopy_std=14
gust_at_first_material_N_obs=14
gust_change_3h=13
cumul_gust_since_onset=13
wind_speed_at_t48h=13
tree_canopy_pct=12
total_tp_next_1h=11
total_tp_next_24h=11
gust_gt30_since_onset=11
P_D_gap_last_obs=11
osi_trend_last6h=10
wind_cos_t=10
total_tp_next_6h=10
hour_of_day=10
pct_developed=10
last_P_t=9
gust_last_obs=9
gust_mean_next_1h=9
min_t2m_next_24h=9
gust_mean_next_48h=9
t2m_at_t6h=9
wind_speed_at_t24h=9
pop_density=9
gust_to_N_best_corr_obs=9
gust_max_last6h_obs=8
wind_sin_t=8
d2m_t=8
gust_exceed_30=8
min_t2m_next_48h=8
log_customers=8
last_osi=7
last_R_t=7
R_t_max_72h=7
gust_max_next_1h=7
gust_gt30_next_24h=7
wind_change_1h=7
gust_at_t48h=7
pct_forest_classified=7
gust_exceed30_x_hso=6
min_t2m_next_6h=6
cumul_tp_since_onset=6
wind_speed_at_t6h=6
pct_water=6
P_trend_last24_obs=6
csnow_t=5
wind_speed_max_next_6h=5
gust_max_next_24h=5
temp_change_6h=5
t2m_at_t48h=5
N_nonzero_frac_obs=5
flow_balance_last24_obs=5
R_t_mean_72h=4
gust_trend_last6h_obs=4
blh_t=4
lcc_t=4
wind_speed_max_next_1h=4
gust_gt30_next_6h=4
wind_speed_max_next_24h=4
gust_max_next_48h=4
tp_at_t1h=4
hours_since_obs=4
forest_x_customers=4
P_post_peak_slope_obs=4
osi_max_72h=3
N_t_mean_72h=3
frac_zero_72h=3
hours_since_peak=3
gust_mean_obs=3
gust_gt30_obs=3
tp_t=3
sdswrf_t=3
et0_t=3
gust_x_hso=3
gust_x_phase=3
gust_gt30_next_1h=3
gust_max_next_6h=3
gust_mean_next_6h=3
gust_mean_next_24h=3
wind_speed_max_next_48h=3
gust_gt30_next_48h=3
t2m_at_t1h=3
gust_at_t6h=3
hour_sin=3
tp_rate_next_6h=3
R_nonzero_frac_obs=3
R_mean_last24_obs=3
hours_since_P_peak_obs=3
first_material_N_hour_obs=3
gust_excess30_sum_obs=3
P_change_per_gust_excess_obs=3
last_D_t=2
storm_onset_max_osi=2
storm_onset_mean_osi=2
gust_max_obs=2
gust_t=2
wind_speed_t=2
r2_t=2
vpd_t=2
direct_rad_t=2
diffuse_rad_t=2
soil_gust_x_phase=2
gust_peak4h_mean_next_6h=2
gust_peak4h_mean_next_24h=2
gust_gt40_next_48h=2
wind_speed_at_t1h=2
tp_at_t6h=2
gust_at_t24h=2
hour_cos=2
n_utilities=2
P_mean_last24_obs=2
hours_since_R_peak_obs=2
first_material_R_hour_obs=2
D_trend_last24_obs=2
last_outage_pct=1
outage_pct_mean_72h=1
outage_pct_max_72h=1
pre_event_mean_osi=1
pre_event_max_outage_pct=1
tcc_t=1
dewpoint_c_t=1
gust_peak4h_mean_next_1h=1
total_tp_next_48h=1
gust_peak4h_mean_next_48h=1
tp_at_t24h=1
tp_at_t48h=1
days_since_onset=1
gust_gt30_frac_next_6h=1
tp_rate_next_24h=1
tp_rate_next_48h=1
gust_gt30_frac_next_48h=1
hours_since_N_peak_obs=1

parameters:
[boosting: gbdt]
[objective: huber]
[metric: rmse]
[tree_learner: serial]
[device_type: cpu]
[data_sample_strategy: bagging]
[data: ]
[valid: ]
[num_iterations: 2000]
[learning_rate: 0.05]
[num_leaves: 31]
[num_threads: -1]
[seed: 42]
[deterministic: 0]
[force_col_wise: 0]
[force_row_wise: 0]
[histogram_pool_size: -1]
[max_depth: -1]
[min_data_in_leaf: 50]
[min_sum_hessian_in_leaf: 0.001]
[bagging_fraction: 0.8]
[pos_bagging_fraction: 1]
[neg_bagging_fraction: 1]
[bagging_freq: 5]
[bagging_seed: 42]
[bagging_by_query: 0]
[feature_fraction: 0.8]
[feature_fraction_bynode: 1]
[feature_fraction_seed: 42]
[extra_trees: 0]
[extra_seed: 12879]
[early_stopping_round: 0]
[early_stopping_min_delta: 0]
[first_metric_only: 0]
[max_delta_step: 0]
[lambda_l1: 0.1]
[lambda_l2: 1]
[linear_lambda: 0]
[min_gain_to_split: 0]
[drop_rate: 0.1]
[max_drop: 50]
[skip_drop: 0.5]
[xgboost_dart_mode: 0]
[uniform_drop: 0]
[drop_seed: 42]
[top_rate: 0.2]
[other_rate: 0.1]
[min_data_per_group: 100]
[max_cat_threshold: 32]
[cat_l2: 10]
[cat_smooth: 10]
[max_cat_to_onehot: 4]
[top_k: 20]
[monotone_constraints: ]
[monotone_constraints_method: basic]
[monotone_penalty: 0]
[feature_contri: ]
[forcedsplits_filename: ]
[refit_decay_rate: 0.9]
[cegb_tradeoff: 1]
[cegb_penalty_split: 0]
[cegb_penalty_feature_lazy: ]
[cegb_penalty_feature_coupled: ]
[path_smooth: 0]
[interaction_constraints: ]
[verbosity: -1]
[saved_feature_importance_type: 0]
[use_quantized_grad: 0]
[num_grad_quant_bins: 4]
[quant_train_renew_leaf: 0]
[stochastic_rounding: 1]
[linear_tree: 0]
[max_bin: 255]
[max_bin_by_feature: ]
[min_data_in_bin: 3]
[bin_construct_sample_cnt: 200000]
[data_random_seed: 42]
[is_enable_sparse: 1]
[enable_bundle: 1]
[use_missing: 1]
[zero_as_missing: 0]
[feature_pre_filter: 1]
[pre_partition: 0]
[two_round: 0]
[header: 0]
[label_column: ]
[weight_column: ]
[group_column: ]
[ignore_column: ]
[categorical_feature: ]
[forcedbins_filename: ]
[precise_float_parser: 0]
[parser_config_file: ]
[objective_seed: 16083]
[num_class: 1]
[is_unbalance: 0]
[scale_pos_weight: 1]
[sigmoid: 1]
[boost_from_average: 1]
[reg_sqrt: 0]
[alpha: 0.9]
[fair_c: 1]
[poisson_max_delta_step: 0.7]
[tweedie_variance_power: 1.5]
[lambdarank_truncation_level: 30]
[lambdarank_norm: 1]
[label_gain: ]
[lambdarank_position_bias_regularization: 0]
[eval_at: ]
[multi_error_top_k: 1]
[auc_mu_weights: ]
[num_machines: 1]
[local_listen_port: 12400]
[time_out: 120]
[machine_list_filename: ]
[machines: ]
[gpu_platform_id: -1]
[gpu_device_id: -1]
[gpu_device_id_list: ]
[gpu_use_dp: 0]
[num_gpu: 1]

end of parameters

pandas_categorical:[]
