tree
version=v4
num_class=1
num_tree_per_iteration=1
label_index=0
max_feature_idx=189
objective=regression
feature_names=last_osi last_P_t last_N_t last_D_t last_R_t last_outage_pct osi_mean_72h osi_max_72h osi_std_72h outage_pct_mean_72h outage_pct_max_72h N_t_mean_72h N_t_max_72h R_t_mean_72h R_t_max_72h pre_event_mean_osi pre_event_max_outage_pct storm_onset_max_osi storm_onset_mean_osi osi_trend_last6h is_worsening frac_zero_72h hours_since_peak gust_mean_obs gust_max_obs gust_gt30_obs gust_gt40_obs cumul_gust_obs gust_last_obs gust_max_last6h_obs gust_trend_last6h_obs gust_t wind_speed_t wind_sin_t wind_cos_t t2m_t d2m_t tp_t rain_t csnow_t sdwe_t r2_t vpd_t soil_moist_t blh_t tcc_t lcc_t mcc_t hcc_t sp_t mslma_t sdswrf_t direct_rad_t diffuse_rad_t et0_t temp_c_t dewpoint_c_t icing_risk_t gust_exceed_30 soil_moist_x_gust is_snowing gust_x_hso gust_x_phase soil_gust_x_phase gust_exceed30_x_hso gust_max_next_1h gust_mean_next_1h wind_speed_max_next_1h total_tp_next_1h min_t2m_next_1h gust_gt30_next_1h gust_gt40_next_1h gust_peak4h_mean_next_1h gust_max_next_6h gust_mean_next_6h wind_speed_max_next_6h total_tp_next_6h min_t2m_next_6h gust_gt30_next_6h gust_gt40_next_6h gust_peak4h_mean_next_6h gust_max_next_24h gust_mean_next_24h wind_speed_max_next_24h total_tp_next_24h min_t2m_next_24h gust_gt30_next_24h gust_gt40_next_24h gust_peak4h_mean_next_24h gust_max_next_48h gust_mean_next_48h wind_speed_max_next_48h total_tp_next_48h min_t2m_next_48h gust_gt30_next_48h gust_gt40_next_48h gust_peak4h_mean_next_48h gust_change_1h gust_change_3h pressure_change_3h pressure_change_6h temp_change_6h wind_change_1h cumul_gust_since_onset cumul_tp_since_onset gust_gt30_since_onset gust_at_t1h wind_speed_at_t1h t2m_at_t1h tp_at_t1h gust_at_t6h wind_speed_at_t6h t2m_at_t6h tp_at_t6h gust_at_t24h wind_speed_at_t24h t2m_at_t24h tp_at_t24h gust_at_t48h wind_speed_at_t48h t2m_at_t48h tp_at_t48h hour_of_day hour_sin hour_cos days_since_onset hours_since_obs storm_phase log_customers rural_urban_code is_metro pop_density n_utilities pct_forest pct_developed pct_agriculture pct_water pct_wetland pct_unmapped pct_forest_classified tree_canopy_pct tree_canopy_std forest_x_customers window_len_next_1h is_full_next_1h tp_rate_next_1h gust_gt30_frac_next_1h has_weather_at_t1h window_len_next_6h is_full_next_6h tp_rate_next_6h gust_gt30_frac_next_6h has_weather_at_t6h window_len_next_24h is_full_next_24h tp_rate_next_24h gust_gt30_frac_next_24h has_weather_at_t24h window_len_next_48h is_full_next_48h tp_rate_next_48h gust_gt30_frac_next_48h has_weather_at_t48h N_nonzero_frac_obs R_nonzero_frac_obs P_mean_last24_obs D_mean_last24_obs N_mean_last24_obs R_mean_last24_obs flow_balance_last24_obs restoration_ratio_obs P_D_gap_last_obs hours_since_P_peak_obs hours_since_N_peak_obs hours_since_R_peak_obs first_material_N_hour_obs first_material_R_hour_obs P_trend_last24_obs D_trend_last24_obs P_post_peak_slope_obs P_active_frac_obs has_material_P_obs has_material_N_obs has_material_R_obs gust_excess30_sum_obs N_per_gust_excess_obs P_change_per_gust_excess_obs gust_to_N_best_corr_obs gust_to_N_best_lag_obs gust_at_first_material_N_obs
feature_infos=[0:0.55230000000000001] [0:0.82424180700000005] [0:0.021710291] [0:0.90465771100000003] [0:0.039181763000000001] [0:82.420000000000002] [4.1666666666666669e-06:0.26529999999999998] [0.0001:0.65049999999999997] [1.9982631347136334e-05:0.22470370552747407] [0.00083333333333333328:39.644861111111112] [0.02:100] [3.1208333333333337e-06:0.018623942125000001] [7.4900000000000005e-05:0.37916412199999999] [3.1208333333333337e-06:0.017093115180555556] [7.4900000000000005e-05:0.119716399] [0:0.38653749999999998] [0:100] [0:0.59799999999999998] [0:0.20940416666666664] [-0.022628571428571428:0.017611428571428573] [0:1] [0:0.95833333333333337] [0:71] [13.03611111111111:31.258333333333326] [29.300000000000001:70] [0:35] [0:18] [938.59999999999991:2250.5999999999995] [3.5:47.5] [15.4:64.5] [-6.477142857142856:3.3114285714285714] [0.59999999999999998:57.799999999999997] [0:38] [-0.99999999953664132:0.99999999913657367] [-0.99999999329043221:1] [261.05202270000001:298.3466019] [257.33913039999999:289.8677619] [0:11.300000000000001] [0:11.300000000000001] [0:2.6600000000000001] [0:0.089999999999999997] [15:100] [0:2.5] [0.16700000000000001:0.52000000000000002] [10:3090] [0:100] [0:100] [0:100] [0:100] [884.60000000000002:1027] [986.70000000000005:1031.8] [0:840] [0:731] [0:463] [0:0.60999999999999999] [-12.097977299999968:25.196601900000019] [-15.81086959999999:16.717761900000028] [0:1] [0:27.799999999999997] [0.19259999999999999:23.550000000000001] [0:1] [0.80000000000000004:3819.7999999999997] [0:107.59999999999999] [0:47.100000000000001] [0:1689.7999999999997] [1.2:57.799999999999997] [0.89999999999999991:54.5] [0:38] [0:14.699999999999999] [260.0631818:298.21776599999998] [0:2] [0:2] [0.89999999999999991:54.5] [5.4000000000000004:57.799999999999997] [3.5714285714285716:49.328571428571429] [0.40000000000000002:38] [0:26.699999999999999] [259.42265909999998:296.22558249999997] [0:7] [0:7] [4.3499999999999996:52.550000000000004] [13.199999999999999:57.799999999999997] [8.2360000000000007:43.052] [6:38] [0:51.199999999999996] [259.42265909999998:286.57337899999999] [0:25] [0:19] [12.25:52.550000000000004] [13.199999999999999:57.799999999999997] [7.961224489795919:37.897959183673471] [6:38] [0:52.900000000000006] [259.42265909999998:281.94003939999999] [0:40] [0:22] [12.75:52.550000000000004] [-24.299999999999997:28.199999999999999] [-32:35.700000000000003] [-6.1999999999999318:10.599999999999909] [-10.899999999999977:14.599999999999909] [-20.027499999999975:21.845291299999985] [-15.300000000000001:28.000000000000004] [347.09999999999997:3733.5999999999999] [0:53.200000000000003] [0:61] [0.59999999999999998:57.799999999999997] [0:38] [260.0631818:298.3466019] [0:11.300000000000001] [1.3999999999999999:57.799999999999997] [0:38] [259.42265909999998:298.3466019] [0:11.300000000000001] [0.90000000000000002:57.799999999999997] [0:38] [259.42265909999998:298.3466019] [0:11.300000000000001] [0.90000000000000002:53.799999999999997] [0:34.299999999999997] [259.42265909999998:296.58327589999999] [0:11.300000000000001] [0:23] [-1:1] [-1:1] [1:4] [1:96] [0:2] [7.1180162044653335:13.453719692845613] [1:9] [0:1] [8.3691524328166658:11939.655837338518] [1:14] [0.96999999999999997:88.719999999999999] [2.21:86.629999999999995] [0.040000000000000001:87.469999999999999] [0.01:5.5099999999999998] [0:19.780000000000001] [1.8899999999999999:18.32] [0.98868616858628067:95.815074496056084] [2.2000000000000002:80.340000000000003] [12.65:40.140000000000001] [8.0679963363985543:851.54750536995925] none none [0:7.3499999999999996] [0:1] none none none [0:3.8142857142857141] [0:1] none none none [0:2.048] [0:1] none none none [0:1.0795918367346939] [0:0.81632653061224492] none [0.041666666666666664:0.83333333333333337] [0.041666666666666664:0.90277777777777779] [0:0.33157778683333333] [0:0.2415728110416667] [0:0.05185222787499999] [0:0.017634620166666667] [-5.9704624999999938e-05:0.03421760770833332] [0.013031417634099374:6.5416667824977583] [-0.094310770000000002:0.045476995000000006] [0:71] [0:71] [0:70] [0:68] [0:71] [-0.00014221094434782621:0.052080195401739138] [-2.8979260869565253e-06:0.043438201510000003] [-0.090709080000000039:0.00060335147105305595] [0:0.98611111111111116] [0:1] [0:1] [0:1] [0:446.30000000000001] [1.2346153846153842e-05:0.024848555909090915] [-0.0026323566314935061:0.0091683099305555574] [-0.13256831251647599:0.75281650661316302] [0:3] [3.2000000000000002:60.600000000000001]
tree_sizes=2961 2990 2979 2930 3007 2985 2975 2963 2949 2946 2973 2986 2958 3026 2955 2981 2915 2914 2908 2773 2946

Tree=0
num_leaves=31
num_cat=0
split_feature=133 90 103 3 133 166 77 77 28 29 116 175 103 173 2 177 50 3 94 138 22 100 85 180 133 116 91 18 175 2
split_gain=0.590909 0.880172 0.109876 0.165921 0.0667963 0.0600515 0.0314016 0.0196242 0.0135855 0.0114961 0.0141026 0.0100303 0.00951336 0.00906523 0.0086999 0.00750888 0.00636112 0.00609968 0.00547921 0.00487391 0.00643019 0.00484137 0.00469889 0.0061375 0.00843741 0.00386925 0.00292455 0.00258438 0.00226196 0.00204675
threshold=88.200000000000003 25.328571428571433 1201.1500000000003 0.34168884800000004 80.210000000000022 0.008135649083333335 275.55836775000006 279.01936465000006 44.050000000000004 27.300000000000001 279.00763375000002 28.500000000000004 2130.6000000000008 15.500000000000002 0.0014942165000000002 -9.9814117391304407e-06 1027.8500000000001 0.66968249400000013 7.5000000000000009 3.9200000000000004 6.5000000000000009 3.6999999999999891 271.62912545000006 0.27083333333333343 67.000000000000014 286.10451680000006 19.750000000000004 0.058093750000000006 12.500000000000002 0.0059917800000000012
decision_type=2 2 2 2 2 2 2 2 2 2 2 10 2 10 2 2 2 2 2 2 2 2 2 2 2 2 2 2 8 2
left_child=2 12 3 4 6 7 8 -6 9 10 -1 18 -2 -9 19 -4 25 22 -12 20 -11 -16 29 -24 27 -8 28 -25 -27 -17
right_child=1 -3 15 -5 5 -7 16 13 -10 14 11 -13 -14 -15 21 17 -18 -19 -20 -21 -22 -23 23 24 -26 26 -28 -29 -30 -31
leaf_value=0.0035163269857024729 0.0043529292023971686 0.011977670132549747 0.003846809590538818 0.0058511210682884235 0.0035179091665877103 0.0054857788749126425 0.0033998565988909318 0.0037425978011454376 0.0043494784879521886 0.0042246736509054484 0.0042873061332977021 0.0048901811425172848 0.0034656264879034549 0.0046941499664450194 0.0035179091665877103 0.0033593241122787934 0.0039864308397824762 0.0038539882321923956 0.0035179091665877103 0.0035239866499115146 0.0035850081586722895 0.0040924482046164586 0.003398690691123505 0.0034875334712006082 0.0041938999104645033 0.0037828250156929613 0.0034729604955213811 0.0038477769356308213 0.0035295082494002602 0.00348755248729722
leaf_weight=70 50 50 82 86 134 83 1160 59 97 64 58 55 51 80 54 7560 58 62 55 810 156 155 1203 401 53 156 945 55 309 427
leaf_count=70 50 50 82 86 134 83 1160 59 97 64 58 55 51 80 54 7560 58 62 55 810 156 155 1203 401 53 156 945 55 309 427
internal_value=0.00351772 0.00661867 0.00348485 0.00368483 0.00364235 0.0043003 0.00358525 0.00391577 0.00376221 0.00371972 0.00404481 0.0042933 0.00385975 0.00433046 0.00365287 0.00338998 0.00348111 0.00338559 0.00394943 0.00358717 0.00379607 0.00395101 0.00338205 0.003462 0.00360176 0.00346758 0.0035198 0.00352067 0.00362561 0.00336555
internal_weight=14638 151 14487 4644 4558 356 4202 273 1574 1477 238 168 101 139 1239 9843 2628 9761 113 1030 220 209 9699 1712 509 2570 1410 456 465 7987
internal_count=14638 151 14487 4644 4558 356 4202 273 1574 1477 238 168 101 139 1239 9843 2628 9761 113 1030 220 209 9699 1712 509 2570 1410 456 465 7987
is_linear=0
shrinkage=1


Tree=1
num_leaves=31
num_cat=0
split_feature=133 90 103 0 133 166 77 85 43 133 185 103 179 179 85 133 12 4 50 50 133 2 180 92 137 85 85 137 91 116
split_gain=0.534294 0.795932 0.0996102 0.149818 0.0603888 0.0541121 0.0285429 0.0183164 0.0114122 0.0138018 0.0121457 0.00866703 0.00694733 0.00710807 0.0066148 0.0133321 0.0070312 0.0058165 0.00575424 0.00469486 0.0075697 0.00427968 0.00368291 0.00256587 0.00213752 0.00500258 0.00869458 0.00260255 0.00194311 0.0017754
threshold=88.200000000000003 25.328571428571433 1201.1500000000003 0.21365000000000003 80.210000000000022 0.008135649083333335 275.55836775000006 278.47321455000002 0.37150000000000005 59.215000000000011 0.00028233891940137988 2130.6000000000008 -0.012774111999999989 -0.017729583451190491 272.33746340000005 80.210000000000022 0.096316070500000003 0.0012481850000000004 1027.8500000000001 1027.3500000000001 56.030000000000008 0.00097368600000000008 0.22916666666666669 14.150000000000004 0.055000000000000007 267.53159060000007 267.63165630000009 1.0000000180025095e-35 19.950000000000003 283.96575640000009
decision_type=2 2 2 2 2 2 2 2 2 2 10 2 10 8 2 2 2 2 2 2 2 2 2 2 2 2 2 2 2 2
left_child=2 11 3 4 6 7 8 -6 12 10 -10 -2 13 -1 24 16 -16 -9 22 21 -21 -14 -8 -11 25 -4 -27 -28 29 -24
right_child=1 -3 14 -5 5 -7 18 17 9 23 -12 -13 19 -15 15 -17 -18 -19 -20 20 -22 -23 28 -25 -26 26 27 -29 -30 -31
leaf_value=4.8012612588749625e-05 0.00079408769514046479 0.0080450667105797756 -0.00013994213240666088 0.0022178923377021878 0 0.0018706475930611349 -8.640428465676182e-05 0.0011946375286480003 2.0085469782226895e-05 6.6307073388903381e-05 0.0010432750734476874 -4.9718814743055886e-05 8.5711976915502161e-06 0.00078630737623365326 -8.7001321335330485e-05 0.00062700840871076334 0.0003984482469547258 0.00031176971567170277 0.00044549264145474416 0.00083948172623282658 0 0.00046138799104263512 -4.4068108771565404e-06 0.00051625069235930888 -0.0001500977572294981 0.00065926928888108136 0.00024046977269830206 -0.00010323916050590499 -1.592393763869384e-05 0.00021716129141857753
leaf_weight=80 50 50 797 86 154 83 1838 65 50 191 134 51 825 82 1387 73 75 54 58 51 54 57 82 50 7151 54 68 238 428 222
leaf_count=80 50 50 797 86 154 83 1838 65 50 191 134 51 825 82 1387 73 75 54 58 51 54 57 82 50 7151 54 68 238 428 222
internal_value=0 0.00294876 -3.11608e-05 0.000159228 0.000118811 0.000744483 6.44485e-05 0.00037827 0.000233181 0.000459921 0.000793873 0.000322677 0.000144639 0.000454924 -0.000121503 -2.21856e-05 -5.8425e-05 0.000841612 -3.47598e-05 8.82409e-05 0.000408884 4.39868e-05 -4.7712e-05 0.000182065 -0.000139246 -6.77856e-05 7.80556e-05 -1.00383e-05 4.26055e-05 0.000141184
internal_weight=14638 151 14487 4644 4558 356 4202 273 1574 425 184 101 1149 162 9843 1535 1462 119 2628 987 105 882 2570 241 8308 1157 360 306 732 304
internal_count=14638 151 14487 4644 4558 356 4202 273 1574 425 184 101 1149 162 9843 1535 1462 119 2628 987 105 882 2570 241 8308 1157 360 306 732 304
is_linear=0
shrinkage=0.05


Tree=2
num_leaves=31
num_cat=0
split_feature=133 90 103 0 133 166 77 77 49 9 2 88 168 170 88 164 36 8 164 50 77 134 116 0 91 2 175 105 172 187
split_gain=0.483093 0.719752 0.0904582 0.130695 0.0590442 0.0557347 0.0263203 0.0167618 0.0129876 0.0115391 0.00883349 0.0079784 0.00693308 0.00686691 0.00952258 0.00977454 0.0061523 0.00604158 0.00546386 0.00514545 0.00482415 0.0202803 0.00347328 0.00272695 0.0023759 0.00233629 0.004592 0.0107732 0.00200425 0.00172671
threshold=88.200000000000003 25.328571428571433 1240.1000000000001 0.21365000000000003 80.210000000000022 0.008135649083333335 275.55836775000006 279.01936465000006 1005.9500000000002 3.3623611111111114 0.0006863590000000001 25.512500000000006 0.00093473568750000009 0.99121964729414025 26.487500000000008 0.43750000000000006 266.56537415000008 0.011668712943750105 0.3263888888888889 1027.8500000000001 289.58432370000008 5.245000000000001 286.10451680000006 0.41135000000000005 19.750000000000004 0.0035617145000000003 10.500000000000002 26.500000000000004 57.500000000000007 0.51327123416844034
decision_type=2 2 2 2 2 2 2 2 2 2 2 2 2 2 2 2 2 2 2 2 2 2 2 2 2 2 10 2 10 2
left_child=2 11 3 4 6 7 8 -6 9 10 13 -2 -9 -1 15 18 -12 -18 -15 22 23 -22 -8 25 28 -4 27 -27 29 -24
right_child=1 -3 20 -5 5 -7 19 12 -10 -11 16 -13 -14 14 -16 -17 17 -19 -20 -21 21 -23 24 -25 -26 26 -28 -29 -30 -31
leaf_value=0 -4.9680085100520115e-05 0.0076507008795206463 -0.00013968453758178367 0.0019938229595774172 -6.6472395826297396e-06 0.0018360629543033497 -0.00010781192638067793 0.0010301593275829058 0.00098534934407715409 0.00093005118471513207 4.0997454579756792e-05 0.00075760827746753604 0.00019698607534590965 0.00027258139837067579 0 1.6417674619279909e-05 0.00098640012548540583 0.00032143161446310844 0.0011262210622248168 0.00041448215990870572 0.00096945769357262193 -6.8662555548703368e-05 -4.912234915241358e-05 0.00018999152515553525 -3.8512287794933799e-05 0.00066151491123582679 -0.0001244781006001039 -5.4283415603604857e-05 0.00035895524550783996 0.00014343577479898655
leaf_weight=797 51 50 8075 93 139 86 1270 86 55 52 117 50 60 54 189 84 65 159 65 59 50 591 196 53 1015 69 550 172 67 219
leaf_count=797 51 50 8075 93 139 86 1270 86 55 52 117 50 60 54 189 84 65 159 65 59 50 591 196 53 1015 69 550 172 67 219
internal_value=0 0.00280421 -2.93311e-05 0.000144229 0.000107206 0.000713567 5.55323e-05 0.000352131 0.000215444 0.000184913 0.000155731 0.000304457 0.000725442 8.57611e-05 0.000256814 0.000493716 0.00038412 0.00054014 0.000786021 -3.53735e-05 -0.000119309 5.90983e-06 -4.69183e-05 -0.000128868 1.44142e-06 -0.00013136 -3.99904e-05 0.00013188 9.58338e-05 4.0574e-05
internal_weight=14638 151 14487 4927 4834 371 4463 285 1637 1582 1530 101 146 1189 392 203 341 224 119 2826 9560 641 2767 8919 1497 8866 791 241 482 415
internal_count=14638 151 14487 4927 4834 371 4463 285 1637 1582 1530 101 146 1189 392 203 341 224 119 2826 9560 641 2767 8919 1497 8866 791 241 482 415
is_linear=0
shrinkage=0.05


Tree=3
num_leaves=31
num_cat=0
split_feature=133 90 93 18 133 82 93 50 33 2 77 104 123 30 35 61 128 92 0 174 4 137 85 175 139 131 126 4 137 28
split_gain=0.436807 0.650861 0.0815534 0.107164 0.0821528 0.106562 0.0571104 0.020167 0.0168909 0.016497 0.0114909 0.0111061 0.0105656 0.00761581 0.0074311 0.00665085 0.00861157 0.00559555 0.00316654 0.00270865 0.00255544 0.00243685 0.00487771 0.00712736 0.00297903 0.00329117 0.00233312 0.00208451 0.00190973 0.00175465
threshold=88.200000000000003 25.328571428571433 267.14417930000008 0.063537500000000011 79.980000000000004 28.134000000000004 271.47531805000006 1027.6500000000003 -0.5327294110057853 0.00064742850000000008 275.55836775000006 0.75000000000000011 -0.70710678118654735 0.45000000000000101 271.16017835000008 43.550000000000004 9.232155983247015 25.550000000000004 0.41135000000000005 5.5000000000000009 1.1520000000000002e-05 0.065000000000000016 267.21136240000004 10.500000000000002 84.776263981478465 45.987773228168656 15.500000000000002 0.0050513260000000009 18.300000000000004 22.700000000000006
decision_type=2 2 2 2 2 2 2 2 2 2 2 2 2 2 2 2 2 2 2 8 2 2 2 8 2 2 2 2 2 2
left_child=2 14 18 4 7 8 -5 9 29 15 13 17 -10 20 -2 16 -4 -9 21 -17 -11 22 -1 -24 -25 -26 27 -22 -23 -6
right_child=1 -3 3 6 5 -7 -8 11 12 10 -12 -13 -14 -15 -16 19 -18 -19 -20 -21 26 28 23 24 25 -27 -28 -29 -30 -31
leaf_value=-0.00013675461656877328 -5.2196403177311787e-05 0.0072756664294238195 0.0006392179845973755 0.0004617294679501152 0.00028513194153625097 0.0027542676572230155 0.0024493727924968819 0.0012266082509324468 0.00022664884223733484 0 2.4539488590846103e-05 0 0.0011442370226653479 0.00093173382751582021 0.00072552028507012517 6.0321729313122974e-06 0 0.00036460394688219827 0.00022135080610991158 -8.3160923172638401e-05 0.00071898739827177031 -0.00013748861522290253 0.00043950199040855114 -0.00010977144064457643 0.00044214510127737111 0 1.2091575244994598e-05 0.00023615333000045558 0.00010909448935356187 -3.5857037519312173e-05
leaf_weight=819 51 50 78 88 54 58 72 57 72 71 432 70 93 67 50 1136 204 63 56 2512 70 7487 97 344 59 87 63 104 56 118
leaf_count=819 51 50 78 88 54 58 72 57 72 71 432 70 93 67 50 1136 204 63 56 2512 70 7487 97 344 59 87 63 104 56 118
internal_value=3.84608e-09 0.00266675 -2.76291e-05 0.000123954 8.44904e-05 0.00077783 0.00139688 2.77438e-05 0.000415736 6.36259e-06 0.000213011 0.000531809 0.000777733 0.00041619 0.000287131 -3.48428e-05 0.000194904 0.000822132 -0.000120468 -5.40216e-05 0.000285209 -0.00012319 -5.63262e-05 4.74283e-05 -2.074e-05 0.000154339 0.000363941 0.000461967 -0.000134981 3.70825e-05
internal_weight=14638 151 14487 5482 5322 395 160 4927 337 4737 807 190 165 375 101 3930 282 120 9005 3648 308 8949 1406 587 490 146 237 174 7543 172
internal_count=14638 151 14487 5482 5322 395 160 4927 337 4737 807 190 165 375 101 3930 282 120 9005 3648 308 8949 1406 587 490 146 237 174 7543 172
is_linear=0
shrinkage=0.05


Tree=4
num_leaves=31
num_cat=0
split_feature=133 90 103 18 137 82 93 50 2 137 171 9 85 82 177 88 1 160 134 43 36 24 85 180 142 15 12 24 2 129
split_gain=0.394928 0.588562 0.0753482 0.112167 0.0472947 0.0582389 0.0274733 0.0154179 0.0155748 0.0115105 0.0114476 0.0101646 0.00816826 0.00685403 0.00618306 0.00465455 0.00461597 0.00455391 0.00743299 0.00415226 0.00352298 0.00338908 0.0032155 0.00489452 0.00672956 0.0024767 0.00196575 0.00177831 0.0016716 0.00652851
threshold=88.200000000000003 25.328571428571433 1201.1500000000003 0.063537500000000011 1.0000000180025095e-35 25.094000000000005 272.40250460000004 1027.6500000000003 0.00036114100000000004 5.580000000000001 -0.04167833549999999 0.042777777777777783 278.47321455000002 16.394000000000002 -9.9814117391304407e-06 18.962500000000002 0.61966513750000007 0.40918367346938783 5.79 0.37150000000000005 265.9509384000001 58.550000000000004 271.62912545000006 0.27083333333333343 640.00813109452349 0.00021875000000000006 0.09273153100000002 47.400000000000006 0.0059917800000000012 7.5000000000000009
decision_type=2 2 2 2 2 2 2 2 2 2 2 2 2 2 2 2 2 2 2 2 2 2 2 2 2 2 2 2 2 2
left_child=2 13 3 4 5 12 -5 8 10 20 -6 -9 -1 -2 -4 19 22 21 -19 -12 -10 -17 28 -24 26 -22 -25 -27 -16 -30
right_child=1 -3 14 6 7 -7 -8 11 9 -11 15 -13 -14 -15 16 17 -18 18 -20 -21 25 -23 23 24 -26 27 -28 -29 29 -31
leaf_value=9.445487944672262e-06 -5.2238201650862509e-05 0.0069190160139445582 0.00031002282883908116 0.00069366371766523959 0.00066049308672677047 0.002278675174326603 0.0024396002762800744 0.00012647601344278133 0 0.00083216434288652075 4.2872081408082185e-05 0.00093152548777849793 0.00079491900853315459 0.00069260801355495441 -0.00013098752328017291 -8.8735632826500007e-05 0.00029715036847558206 0.00061848968351935793 8.1083401216035068e-06 0.00054976710649736827 9.9041722569381806e-06 6.3888589520869616e-05 -0.00010164439506055159 -2.0588880911813469e-05 0.00061490836071689565 4.1646331490483135e-05 0.00029165939546406405 0.00037491330311451644 -0.00011802084074588494 0.00038445852419289835
leaf_weight=107 51 50 82 53 62 52 61 108 193 78 205 82 58 50 7560 2222 62 61 352 60 131 395 1203 402 52 89 55 275 350 77
leaf_count=107 51 50 82 53 62 52 61 108 193 78 205 82 58 50 7560 2222 62 61 352 60 131 395 1203 402 52 89 55 275 350 77
internal_value=3.2665e-07 0.00253603 -2.59314e-05 0.0001396 9.92559e-05 0.000819679 0.00168446 6.16686e-05 3.99941e-05 0.000243426 -4.99473e-06 0.000503154 0.000318797 0.000270653 -0.000104544 -1.92304e-05 -0.000108571 -3.8189e-05 0.000111615 0.000178073 0.000168312 -6.37737e-05 -0.00011171 -4.48068e-05 7.96583e-05 0.000238975 6.62796e-06 0.000307464 -0.000125417 -1.5041e-05
internal_weight=14638 151 14487 4644 4530 217 114 4313 4123 766 3357 190 165 101 9843 3295 9761 3030 413 265 688 2617 9699 1712 509 495 457 364 7987 427
internal_count=14638 151 14487 4644 4530 217 114 4313 4123 766 3357 190 165 101 9843 3295 9761 3030 413 265 688 2617 9699 1712 509 495 457 364 7987 427
is_linear=0
shrinkage=0.05


Tree=5
num_leaves=31
num_cat=0
split_feature=140 112 18 116 93 18 171 89 50 9 92 137 2 4 103 3 12 83 35 164 89 2 137 83 6 29 16 36 28 90
split_gain=0.143691 0.373113 0.351083 0.110588 0.0666734 0.131345 0.0186192 0.0177011 0.013862 0.0117575 0.0114491 0.0379034 0.0105292 0.00858579 0.00511515 0.00502603 0.00496442 0.0072651 0.0040985 0.00401682 0.00382361 0.00291186 0.00398998 0.00260008 0.00251108 0.00242463 0.00140621 0.00139457 0.00229907 0.00146436
threshold=75.820000000000007 289.78887640000011 0.005004166666666668 289.98302495000007 270.8449276500001 0.06499583333333335 -0.044102210999999995 53.850000000000001 1027.2500000000002 0.042777777777777783 20.050000000000008 0.015000000000000001 0.0035617145000000003 0.0050513260000000009 1081.3500000000001 0.098888170500000025 0.096316070500000003 21.050000000000004 287.1872676000001 0.46527777777777785 38.350000000000001 0.0035617145000000003 0.15500000000000003 8.9500000000000011 0.011453472222222223 30.650000000000002 6.1550000000000011 270.20448250000004 25.800000000000001 17.792857142857148
decision_type=2 2 2 2 2 2 2 2 2 2 2 2 2 2 2 2 2 2 2 2 2 2 2 2 2 2 2 2 2 2
left_child=4 3 -3 18 10 6 -6 8 12 -10 16 -12 15 -14 25 20 21 -18 27 -17 -8 -1 -23 -22 -21 -13 -24 -2 29 -29
right_child=1 2 -4 -5 5 -7 7 -9 9 -11 11 14 13 -15 -16 19 17 -19 -20 24 23 22 26 -25 -26 -27 -28 28 -30 -31
leaf_value=-0.00012130336155350647 -0.0001144832409073764 0.00066114996118730313 0.0062266330472711068 0.0018933000517866933 0.00097148749552434296 0.0022404088821617496 -0.00010267091542511111 0.00091889189763054609 8.8197792343336595e-05 0.0011978944191508288 0.0010943684934653258 0.00042276612315981772 0.00081547286369095667 2.5441113735554563e-05 -7.3632371541322965e-05 0 -4.4398590049971039e-05 0.00046587541758271172 0.00037432694309543759 0.00016921969127471804 0.00032485237472014254 0.00028537652871681957 -0.00010679573158844794 1.870606852798374e-05 0.0006450852183737762 2.2401732392831286e-05 3.8094723022174763e-05 0 -9.3176019335932449e-05 0.00041103080402393191
leaf_weight=8810 381 65 53 85 64 75 708 65 66 50 81 79 79 85 883 155 268 88 60 137 78 92 506 1111 61 130 187 50 114 50
leaf_count=8810 381 65 53 85 64 75 708 65 66 50 81 79 79 85 883 155 268 88 60 137 78 92 506 1111 61 130 187 50 114 50
internal_value=4.84139e-06 0.000632661 0.00323424 0.000207263 -3.37113e-05 0.000186881 0.000126259 0.000103121 7.98322e-05 0.000615401 -8.83887e-05 5.65614e-05 5.17819e-05 0.000438944 -1.6775e-05 2.11584e-05 -0.000105981 6.86826e-05 -6.46685e-06 0.000194793 -8.60337e-06 -0.00011299 -1.3287e-05 4.32475e-05 0.000343455 0.000198838 -6.04951e-05 -5.38191e-05 3.096e-05 0.000221501
internal_weight=14716 858 118 740 13858 2734 2659 2595 2530 116 11124 1173 2414 164 1092 2250 9951 356 655 353 1897 9595 785 1189 198 209 693 595 214 100
internal_count=14716 858 118 740 13858 2734 2659 2595 2530 116 11124 1173 2414 164 1092 2250 9951 356 655 353 1897 9595 785 1189 198 209 693 595 214 100
is_linear=0
shrinkage=0.05


Tree=6
num_leaves=31
num_cat=0
split_feature=133 86 93 165 133 88 93 30 50 2 135 126 29 89 122 88 92 43 92 43 174 120 15 15 92 169 23 41 16 189
split_gain=0.375468 0.571425 0.0684041 0.0816299 0.0755488 0.0745274 0.0486334 0.0227228 0.0157964 0.0135235 0.0133306 0.0125736 0.0106056 0.0108075 0.00967743 0.00517211 0.0039072 0.00333105 0.00408053 0.00324048 0.00284073 0.00194867 0.00193376 0.00628025 0.00260608 0.00238414 0.00252528 0.00185237 0.00173927 0.00173225
threshold=88.200000000000003 7.5000000000000009 267.14417930000008 0.099558759562500002 79.980000000000004 39.437500000000007 271.47531805000006 -0.86142857142857199 1027.2500000000002 0.00064742850000000008 29.415000000000003 13.500000000000002 46.650000000000013 46.250000000000007 13.500000000000002 18.962500000000002 20.950000000000006 0.36250000000000004 8.6500000000000039 0.33650000000000008 5.5000000000000009 276.28416665000003 0.00092500000000000015 0.00094270833333333348 11.850000000000003 1.0062500000016137e-08 25.400694444444444 64.500000000000014 6.3550000000000013 32.45000000000001
decision_type=2 2 2 2 2 2 2 2 2 2 2 2 2 2 2 2 2 2 2 2 8 2 2 2 2 2 2 2 2 10
left_child=2 -2 22 4 8 7 -5 14 9 15 19 12 13 29 21 17 -9 -4 -19 -10 27 -6 -1 -24 -25 -26 -27 -17 -28 -11
right_child=1 -3 3 6 5 -7 -8 16 10 11 -12 -13 -14 -15 -16 20 -18 18 -20 -21 -22 -23 23 24 25 26 28 -29 -30 -31
leaf_value=-0.00012167802420766175 0.00022420887149492046 0.0067975042865830761 6.1932670577383068e-06 0.0004170494955892051 0.0015839714818067993 0.0025266259586071379 0.0021994367114772711 -2.6722751129229144e-05 -3.8399436285999403e-05 1.7633782656904413e-05 0.0010033776931032499 1.7596438251205524e-05 9.0533681696121151e-05 0.0012927832639375624 0.00027924994179944618 -7.8520875259682138e-06 0.00045805646674410786 0 0.00072612590523004109 0.00037309495577975724 -7.8277391712338072e-05 0.00073889734942520803 0.00032727370634249816 -0.00011062680629048983 0.00024282899797092091 -9.5281370754571735e-05 0 0.00016957978049164473 0.00034296136384745913 0.00053500486518982251
leaf_weight=6297 99 50 168 102 50 51 71 148 79 50 72 475 155 58 60 991 50 53 50 76 2486 50 92 1981 89 455 66 165 60 67
leaf_count=6297 99 50 168 102 50 51 71 148 79 50 72 475 155 58 60 991 50 53 50 76 2486 50 92 1981 89 455 66 165 60 67
internal_value=4.90737e-06 0.00249396 -2.03783e-05 0.000117751 8.20939e-05 0.000734791 0.00118572 0.000459275 2.69609e-05 6.23985e-06 0.000433785 0.000193614 0.000431049 0.000702011 0.00090373 -3.10698e-05 7.22572e-05 0.000175396 0.000400587 0.000132413 -4.78493e-05 0.00122244 -0.000105387 -6.61342e-05 -8.17906e-05 0 -3.35067e-05 1.32766e-05 0.000149192 0.000358302
internal_weight=14716 149 14567 5527 5354 409 173 358 4945 4718 227 805 330 175 160 3913 198 271 103 155 3642 100 9040 2743 2651 670 581 1156 126 117
internal_count=14716 149 14567 5527 5354 409 173 358 4945 4718 227 805 330 175 160 3913 198 271 103 155 3642 100 9040 2743 2651 670 581 1156 126 117
is_linear=0
shrinkage=0.05


Tree=7
num_leaves=31
num_cat=0
split_feature=133 88 103 18 137 82 93 77 85 141 96 133 122 50 50 85 180 139 12 92 3 50 189 189 50 187 83 35 131 21
split_gain=0.339916 0.518251 0.0636629 0.0865313 0.0436371 0.0554257 0.0272319 0.0135825 0.0102048 0.0101067 0.0229933 0.00986979 0.0122719 0.00563216 0.00485719 0.00391486 0.00552535 0.00956799 0.00471786 0.00355497 0.00312209 0.00286319 0.00248861 0.00688957 0.00277235 0.00205114 0.00198611 0.00114237 0.00112424 0.0055251
threshold=88.200000000000003 35.937500000000007 1209.6500000000003 0.063537500000000011 1.0000000180025095e-35 25.094000000000005 271.47531805000006 275.55836775000006 278.47321455000002 33.610000000000007 42.625000000000007 80.660000000000011 9.5000000000000018 1027.2500000000002 1020.5500000000001 271.58490790000008 0.25694444444444448 71.945166006785826 0.096316070500000003 18.950000000000006 6.605000000000002e-05 1022.7500000000001 33.100000000000009 36.550000000000004 1028.7500000000002 0.43991196847826047 9.8500000000000032 282.10427905 33.15434016127945 0.46527777777777785
decision_type=2 2 2 2 2 2 2 2 2 2 2 2 2 2 2 2 2 2 2 2 2 2 10 10 2 2 2 2 2 2
left_child=2 -2 3 4 5 8 -5 9 -1 22 13 19 -13 26 -12 28 -17 18 -18 21 -21 -9 24 -24 -6 -22 -11 -27 29 -4
right_child=1 -3 15 6 7 -7 -8 11 -10 10 14 12 -14 -15 -16 16 17 -19 -20 20 25 -23 23 -25 -26 27 -28 -29 -30 -31
leaf_value=0 0.00017787543781244523 0.0064111603486694205 0.00017196290158255165 0.00042056221352630442 -2.1021502835423193e-05 0.0021484450558338203 0.0020909922398196714 -9.7510803355817775e-05 0.00079283744974542386 0.00032596855275798635 0.0014533342171332562 0.00085401258572447762 0 0.00067207599648993403 0.00050440707552087808 -8.5323893705589388e-05 -1.7314868859889306e-05 0.00075650129642991287 0.00044156645840332442 0.00046715277590670204 -8.2970877796638952e-05 2.7117101679056733e-05 0.00056657467954871464 4.0941106398785304e-05 0.00033924735138145544 0.00022077029254183824 3.9791614227595475e-05 0 -0.00011366851497323556 -0.00011639638554045847
leaf_weight=115 98 51 208 51 594 55 71 1578 65 92 50 71 97 56 51 1116 443 51 61 50 171 572 87 306 57 145 352 70 7241 691
leaf_count=115 98 51 208 51 594 55 71 1578 65 92 50 71 97 56 51 1116 443 51 61 50 171 572 87 306 57 145 352 70 7241 691
internal_value=4.97643e-06 0.00237327 -1.90659e-05 0.000130612 9.46926e-05 0.000758836 0.00144244 5.79125e-05 0.000297085 0.000171698 0.000337241 -8.27596e-06 0.000359427 0.00018497 0.00103284 -9.21395e-05 -1.87078e-05 0.000106164 2.90878e-05 -3.42263e-05 9.12772e-05 -6.20323e-05 7.13838e-05 0.000171136 3.326e-06 2.85874e-05 0.000110925 0.000140437 -0.000106595 -4.40067e-05
internal_weight=14716 149 14567 4756 4634 235 122 4399 180 1645 601 2754 168 500 101 9811 1671 555 504 2586 436 2150 1044 393 651 386 444 215 8140 899
internal_count=14716 149 14567 4756 4634 235 122 4399 180 1645 601 2754 168 500 101 9811 1671 555 504 2586 436 2150 1044 393 651 386 444 215 8140 899
is_linear=0
shrinkage=0.05


Tree=8
num_leaves=31
num_cat=0
split_feature=133 156 103 18 133 166 93 77 112 89 30 50 88 2 128 116 23 92 74 170 92 15 131 12 59 91 175 123 89 142
split_gain=0.30775 0.471747 0.0578935 0.0754416 0.0425923 0.0479183 0.0278788 0.0165933 0.0141157 0.0116317 0.00944513 0.00670618 0.0122113 0.00611934 0.00499744 0.00312232 0.00314903 0.00397437 0.00288259 0.00362598 0.00274009 0.005013 0.0207135 0.00387967 0.00247072 0.00214871 0.00235808 0.0011894 0.00111412 0.00109954
threshold=88.200000000000003 0.26000000000000006 1240.1000000000001 0.063537500000000011 80.210000000000022 0.008135649083333335 271.47531805000006 275.55836775000006 283.25100535000007 54.900000000000006 -0.86142857142857199 1027.6500000000003 26.687500000000004 0.00093457300000000007 10.110034132736219 285.19169210000007 17.759722222222226 24.450000000000006 8.2071428571428608 0.99761568644753729 5.450000000000002 0.00092500000000000015 33.845472724088289 0.096316070500000003 6.1727000000000007 19.750000000000004 12.500000000000002 -0.60355339059327362 38.95000000000001 127.74809539787391
decision_type=2 2 2 2 2 2 2 2 2 2 2 2 2 2 2 2 2 2 2 2 2 2 2 2 2 2 8 2 2 2
left_child=2 -2 3 4 7 8 -5 9 -6 11 -10 13 -13 18 -15 -9 17 -17 19 -1 -4 -22 -23 -24 -16 26 27 -18 -20 -30
right_child=1 -3 20 6 5 -7 -8 15 10 -11 -12 12 -14 14 24 16 25 -19 28 -21 21 22 23 -25 -26 -27 -28 -29 29 -31
leaf_value=3.116926693934129e-06 0.00010117192804866191 0.005999190280627874 -0.00011310020288818269 0.00038418987406081825 -4.800119981040023e-05 0.0015554851944236769 0.0019878947423260089 -9.4613064844724598e-05 0.0010533095899668029 0.0008942718751495703 0.00012453023664830385 0.0010937701240562512 2.400955066280273e-05 6.5313021727631145e-05 0.00010629132856212726 0.00058761119248139533 0 0 -7.9872341265871069e-05 0.00049839129096071705 -9.1519071699812241e-05 0.00071990316215233175 -5.9237768602896567e-05 0.00036852847237174439 0.00066731100250518255 -4.8265584090623137e-05 0 0.00031227495849025746 0 0.00011594290873620332
leaf_weight=116 96 53 5675 59 157 97 71 1138 67 55 70 51 76 158 54 51 50 60 248 74 2791 99 966 53 103 1062 344 120 408 294
leaf_count=116 96 53 5675 59 157 97 71 1138 67 55 70 51 76 158 54 51 50 60 248 74 2791 99 966 53 103 1062 344 120 408 294
internal_value=5.00684e-06 0.00225847 -1.78531e-05 0.000119941 8.68574e-05 0.000587551 0.00130672 4.17401e-05 0.000247059 0.000168827 0.000619324 0.000139898 0.00049785 0.0001049 0.00030263 -3.0167e-05 1.03746e-05 0.000267578 4.56642e-05 0.000223791 -9.0023e-05 -5.52208e-05 3.09276e-05 -3.17474e-05 0.000507888 -4.72828e-06 7.54365e-05 0.000227186 4.58335e-06 4.16031e-05
internal_weight=14716 149 14567 4983 4853 391 130 4462 294 1637 137 1582 127 1455 315 2825 1687 111 1140 190 9584 3909 1118 1019 157 1576 514 170 950 702
internal_count=14716 149 14567 4983 4853 391 130 4462 294 1637 137 1582 127 1455 315 2825 1687 111 1140 190 9584 3909 1118 1019 157 1576 514 170 950 702
is_linear=0
shrinkage=0.05


Tree=9
num_leaves=31
num_cat=0
split_feature=133 88 103 18 133 166 93 77 112 89 30 50 88 2 85 133 12 116 27 187 2 128 91 180 89 120 185 139 139 2
split_gain=0.27864 0.426836 0.0525963 0.0710208 0.0360206 0.0378382 0.0217117 0.0150745 0.0130916 0.0112037 0.00730812 0.00606173 0.0107995 0.00581226 0.00337527 0.00488668 0.00420172 0.0028542 0.00273309 0.00297244 0.00263059 0.0022887 0.00201803 0.00176027 0.0015662 0.00230699 0.00154052 0.00186609 0.00189288 0.00105403
threshold=88.200000000000003 35.937500000000007 1209.6500000000003 0.063537500000000011 80.210000000000022 0.008135649083333335 271.39758525000008 275.55836775000006 283.25100535000007 54.900000000000006 -0.86142857142857199 1027.6500000000003 26.687500000000004 0.0035617145000000003 271.58490790000008 80.210000000000022 0.096316070500000003 286.10451680000006 1278.7 0.28207409468225952 0.0049793635000000011 8.7172845149725635 19.750000000000004 0.22916666666666669 37.550000000000004 272.25795350000004 0.00027844332739212352 12.406612032078771 59.711831219181626 0.0059917800000000012
decision_type=2 2 2 2 2 2 2 2 2 2 2 2 2 2 2 2 2 2 2 2 2 2 2 2 2 2 10 2 2 2
left_child=2 -2 3 4 7 8 -5 9 -6 11 -10 13 -13 21 29 16 -16 -9 19 -19 -15 -1 23 -20 -23 -26 -27 -28 -29 -4
right_child=1 -3 14 6 5 -7 -8 17 10 -11 -12 12 -14 20 15 -17 -18 18 22 -21 -22 24 -24 -25 25 26 27 28 -30 -31
leaf_value=0.00037395939851403009 0.00015214881538107728 0.0058139180071437027 -0.00010091758360795636 0.00036632349959451381 -4.1303673790108866e-05 0.0014318025564555826 0.0018795343859708065 -8.5958723161654277e-05 0.0010143293054898095 0.00090630183361029677 0.00014116248870805765 0.0010401333095181214 2.5286379363454836e-05 0.00073824369040427409 -5.8820443963596086e-05 0.00034907510927330488 0.00030825755005658908 0 0 0.00053599454266505377 0.00018184729048883932 -5.9006499486039752e-05 -4.3450695428962347e-05 0.00019127523683556849 -6.0022316736487287e-05 0 0 0.00032679460643724947 4.1061943845132658e-05 -6.3919906295977255e-06
leaf_weight=60 98 51 7715 50 152 94 72 1173 63 51 64 51 75 50 1509 84 78 54 236 50 102 242 952 208 201 226 172 218 140 425
leaf_count=60 98 51 7715 50 152 94 72 1173 63 51 64 51 75 50 1509 84 78 54 236 50 102 242 952 208 201 226 172 218 140 425
internal_value=4.99992e-06 0.00214924 -1.67355e-05 0.000119276 8.6625e-05 0.000558274 0.00130804 4.40433e-05 0.000242047 0.000166455 0.000617911 0.000138081 0.000480383 0.000103654 -8.31837e-05 -1.48296e-05 -3.74474e-05 -2.68451e-05 1.60771e-05 0.000262238 0.000401181 6.34757e-05 0 8.54052e-05 4.34732e-05 7.46414e-05 0.000117082 0.000163693 0.000229409 -9.65978e-05
internal_weight=14716 149 14567 4756 4634 373 122 4261 279 1588 127 1537 126 1411 9811 1671 1587 2673 1500 104 152 1259 1396 444 1199 957 756 530 358 8140
internal_count=14716 149 14567 4756 4634 373 122 4261 279 1588 127 1537 126 1411 9811 1671 1587 2673 1500 104 152 1259 1396 444 1199 957 756 530 358 8140
is_linear=0
shrinkage=0.05


Tree=10
num_leaves=31
num_cat=0
split_feature=133 86 93 11 133 112 166 88 44 50 135 126 2 29 133 75 28 129 138 138 172 0 173 43 180 137 137 118 175 116
split_gain=0.206633 0.340018 0.0416627 0.0531602 0.0477319 0.0479861 0.045249 0.0285895 0.00901198 0.00801872 0.00848427 0.00844618 0.00861314 0.00634307 0.00446334 0.00367256 0.00306779 0.00289818 0.00254707 0.00222264 0.00236015 0.0019747 0.0019581 0.00178956 0.00158982 0.00148243 0.00122226 0.00363277 0.0115773 0.00113077
threshold=88.200000000000003 5.5000000000000009 267.14417930000008 0.0056461346597222236 79.980000000000004 284.07840975000005 0.0053449684583333342 33.062500000000007 347.50000000000006 1027.3500000000001 29.415000000000003 13.500000000000002 0.00093457300000000007 46.650000000000013 52.635000000000005 5.9500000000000011 42.500000000000007 2.5000000000000004 3.9200000000000004 2.9800000000000004 7.5000000000000009 0.41135000000000005 8.5000000000000018 0.33450000000000008 0.25694444444444448 18.300000000000004 0.065000000000000016 14.450000000000001 10.500000000000002 286.43784225000007
decision_type=2 2 2 2 2 2 2 2 2 2 2 2 2 2 2 2 2 2 2 2 10 2 8 2 2 2 2 2 8 2
left_child=2 -2 21 4 9 8 29 -5 -6 11 23 12 15 14 -14 17 18 -4 19 -17 -21 25 24 -11 -13 26 27 -1 -29 -7
right_child=1 -3 3 7 5 6 -8 -9 -10 10 -12 22 13 -15 -16 16 -18 -19 -20 20 -22 -23 -24 -25 -26 -27 -28 28 -30 -31
leaf_value=-8.6268096296356056e-05 0 0.0048016957111727708 0 0.0018334286584649818 0.00065501608269047352 0.00025069232362479775 0.0023847718422847063 0.0003606180715379656 -8.6450508705555979e-05 -6.0297625880737437e-05 0.00078178797896396354 -3.6813115793884357e-05 0.00098228055458909284 7.1059063584123872e-05 0.00023400265156423678 0 0.00037162517115735174 0.00047773474818180747 -3.8127768215781545e-05 0.00055760796529534225 6.4498786826866226e-05 0.00017853765788203692 -7.9270546218837987e-05 0.00026682893557608626 9.0212074891231898e-05 0.00013351626806460055 -0.00010010853368415108 0.00074329560676766242 -2.7079762494840721e-05 0.00079356710435097395
leaf_weight=1125 98 58 54 63 51 56 57 92 164 75 68 746 57 130 67 104 56 81 1049 50 105 56 1868 64 363 55 7477 57 244 60
leaf_count=1125 98 58 54 63 51 56 57 92 164 75 68 746 57 130 67 104 56 81 1049 50 105 56 1868 64 363 55 7477 57 244 60
internal_value=-1.00255e-06 0.00180282 -2.08852e-05 8.73724e-05 5.97092e-05 0.000593343 0.00121272 0.000999211 6.85023e-05 1.66466e-05 0.000320695 2.21861e-06 9.02595e-05 0.000361542 0.000623076 4.07479e-05 1.2181e-05 0.000290404 0 0.000136456 0.000258172 -8.72567e-05 -4.7958e-05 5.54376e-05 3.04322e-07 -8.94961e-05 -9.14502e-05 -4.25097e-05 0.000104227 0.000578607
internal_weight=14650 156 14494 5480 5325 388 173 155 215 4937 207 4730 1753 254 124 1499 1364 135 1308 259 155 9014 2977 139 1109 8958 8903 1426 301 116
internal_count=14650 156 14494 5480 5325 388 173 155 215 4937 207 4730 1753 254 124 1499 1364 135 1308 259 155 9014 2977 139 1109 8958 8903 1426 301 116
is_linear=0
shrinkage=0.05


Tree=11
num_leaves=31
num_cat=0
split_feature=133 90 103 18 133 112 131 77 44 2 2 49 0 28 85 133 42 85 116 83 138 138 104 141 180 12 75 5 92 187
split_gain=0.186748 0.334752 0.0394908 0.0647605 0.0246034 0.0252908 0.0139813 0.0111541 0.00824402 0.00774078 0.00889264 0.00747891 0.00467309 0.00349366 0.00321077 0.00620519 0.0110104 0.00270482 0.00247965 0.00256093 0.00274631 0.00233229 0.002717 0.00239447 0.00194428 0.00142188 0.00117451 0.00130357 0.00099767 0.000908172
threshold=88.200000000000003 25.063265306122453 1146.8500000000004 0.06499583333333335 80.210000000000022 284.07840975000005 45.987773228168656 275.55836775000006 357.50000000000006 0.0035617145000000003 0.0049793635000000011 1005.9500000000002 0.41135000000000005 44.050000000000004 271.70400860000001 80.210000000000022 0.71500000000000008 267.48862880000007 287.04833890000003 19.750000000000004 11.485000000000001 3.9200000000000004 0.75000000000000011 25.350000000000005 0.25694444444444448 0.09273153100000002 5.8500000000000005 3.0850000000000004 22.250000000000007 0.52930523537352492
decision_type=2 2 2 2 2 2 2 2 2 2 2 2 2 2 2 2 2 2 2 2 2 2 2 2 2 2 2 2 2 2
left_child=2 17 3 4 7 8 -7 9 -6 11 -11 13 14 21 -4 24 -17 -2 -9 20 29 22 23 -1 -16 -26 -23 -28 -22 -20
right_child=1 -3 12 -5 5 6 -8 18 -10 10 -12 -13 -14 -15 15 16 -18 -19 19 -21 28 26 -24 -25 25 -27 27 -29 -30 -31
leaf_value=0.00010150469196445159 -0.00011133102089444403 0.0050443983642274853 -8.9935770586874081e-05 0.0015219809018744855 0.00064511143110743997 0.0017056511792673879 0.00052258050195442315 -7.9185029634632593e-05 -7.1418732967570793e-05 0.0010284149915625511 0.0001368397656567496 0.00070326062090659766 0.00032722073149911657 0.00043358797603130898 -7.5271229826160359e-05 -7.3182681841829503e-05 0.00088948535578845835 0.00035685339528914914 -4.2804935487397044e-06 -4.3158668012946746e-05 0.00050619190736532417 0.00019930482107439904 0 0.00063590832153679992 0 0.00024518407561999721 -4.5912682488066648e-05 8.8665277004431985e-05 4.6927540326858153e-05 0.00011670498385733069
leaf_weight=86 56 50 8153 79 51 52 85 1080 141 54 91 52 67 69 1320 51 50 50 295 634 55 76 113 51 606 65 594 254 51 219
leaf_count=86 56 50 8153 79 51 52 85 1080 141 54 91 52 67 69 1320 51 50 50 295 634 55 76 113 51 606 65 594 254 51 219
internal_value=-6.93786e-07 0.00171413 -1.96125e-05 0.000109496 8.07168e-05 0.000496199 0.00101697 4.30505e-05 9.53592e-05 0.000152898 0.000507891 0.00010893 -7.24622e-05 7.95021e-05 -7.55957e-05 -1.73041e-05 0.000358414 6.40529e-05 -2.26166e-05 2.21429e-05 9.69324e-05 5.40847e-05 0.000190882 0.000339842 -3.9044e-05 2.47881e-05 1.15006e-05 0 0.000334458 3.76856e-05
internal_weight=14650 156 14494 4182 4103 329 137 3774 192 1440 145 1295 10312 1243 10245 2092 101 106 2334 1254 620 1174 250 137 1991 671 924 848 106 514
internal_count=14650 156 14494 4182 4103 329 137 3774 192 1440 145 1295 10312 1243 10245 2092 101 106 2334 1254 620 1174 250 137 1991 671 924 848 106 514
is_linear=0
shrinkage=0.05


Tree=12
num_leaves=31
num_cat=0
split_feature=133 90 103 18 133 112 128 77 44 2 2 49 0 28 180 131 88 85 85 128 75 21 116 83 138 185 43 86 170 95
split_gain=0.168838 0.302725 0.0358968 0.058455 0.0222625 0.0229415 0.0149581 0.0102046 0.00747218 0.00700139 0.00794728 0.00672525 0.00423604 0.00313205 0.0029023 0.0100775 0.0227618 0.00270101 0.00245778 0.00231808 0.00373869 0.00262903 0.0022434 0.0023317 0.00252154 0.00165799 0.00157943 0.00193991 0.00138433 0.00148984
threshold=88.200000000000003 25.063265306122453 1146.8500000000004 0.06499583333333335 80.210000000000022 284.07840975000005 9.293439940087163 275.55836775000006 357.50000000000006 0.0035617145000000003 0.0049793635000000011 1005.9500000000002 0.41135000000000005 44.050000000000004 0.25694444444444448 33.845472724088289 32.987500000000004 271.03050540000004 267.48862880000007 9.4017455261924869 8.3500000000000032 0.56250000000000011 287.04833890000003 19.750000000000004 11.485000000000001 0.00062160438096293491 0.36550000000000005 6.5000000000000009 0.52486599134029055 1.5000000000000002
decision_type=2 2 2 2 2 2 2 2 2 2 2 2 2 2 2 2 2 2 2 2 2 2 2 2 2 10 2 2 2 2
left_child=2 18 3 4 7 8 -7 9 -6 11 -11 13 14 19 -4 16 -16 -17 -2 20 21 -1 -9 24 -24 -21 -27 -28 29 -19
right_child=1 -3 12 -5 5 6 -8 22 -10 10 -12 -13 -14 -15 15 17 -18 28 -20 25 -22 -23 23 -25 -26 26 27 -29 -30 -31
leaf_value=4.7039545850235625e-05 -0.00010586212853811225 0.0047971239127218733 -9.102682870143719e-05 0.001446833130088635 0.00061347616838107715 0.0014673062163482731 0.00029121579465140717 -7.5229440581070861e-05 -6.78729448885297e-05 0.00097792917505880295 0.00013007215168292296 0.00066876104681418754 0.00031110029679278823 0.00041221828060016772 -3.8583703907370834e-05 -8.5043984861442649e-05 0.00088436155237937592 0 0.00033936058143130965 -5.8762363358181323e-05 0 0.00066341082538640106 3.5326772644129436e-05 -4.1004132675708232e-05 0.00032032977539129891 0 0.00029938005569783856 0 -1.3599493692069423e-05 0.00025350649779379042
leaf_weight=54 56 50 6834 79 51 74 63 1080 141 54 91 52 67 69 194 2407 94 81 50 405 127 55 514 634 106 337 129 67 521 114
leaf_count=54 56 50 6834 79 51 74 63 1080 141 54 91 52 67 69 194 2407 94 81 50 405 127 55 514 634 106 337 129 67 521 114
internal_value=-3.99213e-07 0.00163011 -1.84047e-05 0.000104668 7.72613e-05 0.000472571 0.000968738 4.13595e-05 8.94446e-05 0.000146443 0.000484608 0.000104376 -6.88066e-05 7.62274e-05 -7.18092e-05 -3.18256e-05 0.000247372 -5.92444e-05 5.86285e-05 5.18908e-05 0.000193227 0.000406711 -2.13671e-05 2.10605e-05 9.2542e-05 1.0838e-05 7.30982e-05 0.000185816 2.05109e-05 0.000136762
internal_weight=14650 156 14494 4182 4103 329 137 3774 192 1440 145 1295 10312 1243 10245 3411 288 3123 106 1174 236 109 2334 1254 620 938 533 196 716 195
internal_count=14650 156 14494 4182 4103 329 137 3774 192 1440 145 1295 10312 1243 10245 3411 288 3123 106 1174 236 109 2334 1254 620 938 533 196 716 195
is_linear=0
shrinkage=0.05


Tree=13
num_leaves=31
num_cat=0
split_feature=133 82 103 18 133 166 112 77 2 2 49 0 28 85 139 112 85 128 75 21 116 83 138 185 15 18 86 23 160 187
split_gain=0.152652 0.275044 0.0326288 0.0527659 0.0201466 0.0212878 0.00990579 0.00932243 0.00634023 0.00709669 0.00605052 0.00384133 0.00281079 0.00271122 0.00550424 0.0123441 0.00215739 0.00212597 0.00341284 0.00230097 0.00202937 0.00212305 0.00226076 0.00149951 0.0014064 0.00148348 0.00110917 0.00128995 0.000905958 0.000820131
threshold=88.200000000000003 25.668000000000003 1146.8500000000004 0.06499583333333335 80.210000000000022 0.008135649083333335 284.49651175000002 275.55836775000006 0.0035617145000000003 0.0049793635000000011 1005.9500000000002 0.41135000000000005 44.050000000000004 271.70400860000001 84.467414954242443 285.75829575000006 267.48862880000007 9.4017455261924869 8.3500000000000032 0.56250000000000011 287.04833890000003 19.750000000000004 11.485000000000001 0.00062160438096293491 0.00023854166666666669 0.058093750000000006 5.5000000000000009 19.718055555555562 0.45408163265306134 0.52930523537352492
decision_type=2 2 2 2 2 2 2 2 2 2 2 2 2 2 2 2 2 2 2 2 2 2 2 10 2 2 2 2 2 2
left_child=2 16 3 4 7 6 -6 8 10 -10 12 13 17 -4 24 -16 -2 18 19 -1 -9 22 29 -19 -15 -26 27 -25 -24 -22
right_child=1 -3 11 -5 5 -7 -8 20 9 -11 -12 -13 -14 14 15 -17 -18 23 -20 -21 21 -23 28 26 25 -27 -28 -29 -30 -31
leaf_value=4.4730331843972881e-05 -0.00010066188271402528 0.0045689330829818756 -8.1428119466436384e-05 0.0013753956978180212 -2.4825526819744804e-05 0.0011446853059706508 0.00060539435432324499 -7.147144814850025e-05 0.00092992174769063814 0.00012363923471718369 0.0006359539182311944 0.00029577403321180852 0.00039190180807470047 -8.2763828156937606e-05 -7.4186822148756339e-05 0.00090850802125037183 0.00031576282256876357 -5.583148268683343e-05 0 0.00063083260536326907 -5.8275647707838238e-06 -3.8957154128763978e-05 0.0004656037847702724 0.00031163622496615064 -1.1104888911816395e-05 0.00026242457208494537 -1.9262055356145875e-05 4.9672232248607737e-05 2.8917806249899926e-05 0.00010913794901127653
leaf_weight=54 56 50 8153 79 155 84 90 1080 54 91 52 67 69 893 64 50 50 405 127 55 295 634 55 79 1034 51 151 303 51 219
leaf_count=54 56 50 8153 79 155 84 90 1080 54 91 52 67 69 893 64 50 50 405 127 55 295 634 55 79 1034 51 151 303 51 219
internal_value=-1.66963e-07 0.0015502 -1.73044e-05 0.000100012 7.39082e-05 0.00045005 0.000187878 3.96829e-05 0.000140138 0.000462469 9.98595e-05 -6.53717e-05 7.29199e-05 -6.82502e-05 -1.44895e-05 0.000317494 5.01512e-05 4.95993e-05 0.000184993 0.000388971 -2.01865e-05 2.002e-05 8.83461e-05 1.00488e-05 -3.63003e-05 0 6.94821e-05 0.000117575 0.000304463 3.35639e-05
internal_weight=14650 156 14494 4182 4103 329 245 3774 1440 145 1295 10312 1243 10245 2092 114 106 1174 236 109 2334 1254 620 938 1978 1085 533 382 106 514
internal_count=14650 156 14494 4182 4103 329 245 3774 1440 145 1295 10312 1243 10245 2092 114 106 1174 236 109 2334 1254 620 938 1978 1085 533 382 106 514
is_linear=0
shrinkage=0.05


Tree=14
num_leaves=31
num_cat=0
split_feature=133 82 93 0 133 82 92 29 73 93 2 2 50 6 4 180 172 12 12 50 92 41 163 75 137 0 80 32 139 137
split_gain=0.138019 0.24873 0.029333 0.0370351 0.0339067 0.0471177 0.0238195 0.0110167 0.00929051 0.00632749 0.0073028 0.0070652 0.00578394 0.00536764 0.00417361 0.00413232 0.00501266 0.00434039 0.00264801 0.00191314 0.00185998 0.00144699 0.00139429 0.00197447 0.0012828 0.00119671 0.00109219 0.00236518 0.00102222 0.000966599
threshold=88.200000000000003 25.668000000000003 267.14417930000008 0.21365000000000003 79.980000000000004 26.370000000000008 12.350000000000003 29.750000000000004 15.15 270.8449276500001 0.0035617145000000003 0.0049793635000000011 1027.2500000000002 0.00030833333333333337 0.0021535670000000003 0.20138888888888892 7.5000000000000009 0.020877561000000003 0.0539611875 1028.5500000000002 3.7500000000000013 49.500000000000007 0.34027777777777785 7.2500000000000009 18.300000000000004 0.41135000000000005 13.862500000000002 8.4500000000000011 66.75787419216293 0.065000000000000016
decision_type=2 2 2 2 2 2 2 2 2 2 2 2 2 2 2 2 10 2 2 2 2 2 2 2 2 2 2 2 2 2
left_child=2 20 24 4 9 7 -5 8 -6 19 12 -12 14 -14 21 -16 17 -17 -19 28 -2 -11 23 -23 25 29 -9 -28 -4 -1
right_child=1 -3 3 6 5 -7 -8 26 -10 10 11 -13 13 -15 15 16 -18 18 -20 -21 -22 22 -24 -25 -26 -27 27 -29 -30 -31
leaf_value=-3.1887028552507291e-05 -9.0086406072307579e-05 0.0043449657684758161 -6.6444786047876368e-05 0.0016750227830420105 0.0010685686479059355 0.00157028917735162 0.00014440742658916863 -0.00016271792944384222 1.9484825657295563e-05 -6.4804126163237191e-05 0.0008741068060560131 0.00013290870537587839 0 0.00078493928381552296 -1.1876858869072748e-05 0.00079837448495513228 -2.8135866254160645e-05 5.0180103759407171e-05 0.00042024641569746602 0.00023784533704482866 0.00029399112850774596 0.00029245643644383064 -6.4644318069820067e-06 0 0.00013762543228689798 0.00012388201384997126 0.00034831107709088925 -5.7702602313078737e-05 3.3736573661283773e-06 -8.3370610708193851e-05
leaf_weight=1426 56 50 1786 58 54 82 59 78 51 761 54 133 58 50 239 50 104 155 108 54 50 105 604 158 55 56 51 72 556 7477
leaf_count=1426 56 50 1786 58 54 82 59 78 51 761 54 133 58 50 239 50 104 155 108 54 50 105 604 158 55 56 51 72 556 7477
internal_value=0 0.00147422 -1.62705e-05 7.45008e-05 5.42222e-05 0.000504277 0.000953312 0.000198142 0.000611174 1.80233e-05 7.30467e-05 0.000377051 4.70434e-05 0.000406411 2.76919e-05 0.000134775 0.000230617 0.000332331 0.000222102 -3.91223e-05 4.54077e-05 -1.24441e-05 2.77758e-05 0.000125077 -7.20111e-05 -7.38713e-05 0 7.17733e-05 -4.77412e-05 -7.56905e-05
internal_weight=14650 156 14494 5480 5363 388 117 306 105 4975 2579 187 2392 108 2284 656 417 313 263 2396 106 1628 867 263 9014 8959 201 123 2342 8903
internal_count=14650 156 14494 5480 5363 388 117 306 105 4975 2579 187 2392 108 2284 656 417 313 263 2396 106 1628 867 263 9014 8959 201 123 2342 8903
is_linear=0
shrinkage=0.05


Tree=15
num_leaves=31
num_cat=0
split_feature=133 86 93 11 133 82 61 28 126 50 104 126 126 2 29 96 75 128 92 166 173 174 141 189 135 173 0 189 21 2
split_gain=0.111565 0.21826 0.0294992 0.0311685 0.0326641 0.0452812 0.0238305 0.0137331 0.0120769 0.00724569 0.00751756 0.00626103 0.00535503 0.00575092 0.00553047 0.00675189 0.00275269 0.00422357 0.00272335 0.00214882 0.00144044 0.00141491 0.00140157 0.00171084 0.00182828 0.00106001 0.000906778 0.000897585 0.000757804 0.000670456
threshold=88.200000000000003 4.5000000000000009 267.14417930000008 0.0056461346597222236 79.980000000000004 27.622000000000011 175.15000000000003 21.250000000000004 15.500000000000002 1027.6500000000003 0.75000000000000011 21.500000000000004 14.500000000000002 0.0006863590000000001 46.650000000000013 42.175000000000011 7.1500000000000012 9.232155983247015 25.550000000000004 0.0065691332083333345 8.5000000000000018 6.5000000000000009 23.555000000000003 31.050000000000004 47.660000000000004 5.5000000000000009 0.41135000000000005 37.050000000000004 0.4513888888888889 0.0035617145000000003
decision_type=2 2 2 2 2 2 2 2 2 2 2 2 2 2 2 2 2 2 2 2 8 10 2 10 2 10 2 8 2 2
left_child=2 -2 26 4 9 7 -5 8 -6 12 18 -9 13 16 15 -15 17 27 -11 -18 25 22 -21 -24 -25 -14 29 -4 -16 -1
right_child=1 -3 3 6 5 -7 -8 11 -10 10 -12 -13 20 14 28 -17 19 -19 -20 21 -22 -23 23 24 -26 -27 -28 -29 -30 -31
leaf_value=-7.5642365565798409e-05 -0.00010790843360542141 0.0037299137409956412 0.00012851068161632249 0.0014240271431083481 0.0012634506149865608 0.0017109072123600456 0.00014922631713039098 -0.00013184906728833315 0.00010590200016122253 0.00086384958832460494 -1.6221283650528034e-06 0.00047916095995407729 -5.9352297259330822e-05 0.0001266071490231438 0.00018150560027236308 0.00084940277947074107 -6.4096317949680951e-05 1.3877889865556346e-05 0.00019208809595544485 0 -6.3969687763163163e-05 -8.2321612487395722e-06 0 6.7377266999777013e-05 0.00050398022659093439 4.5366736867235739e-05 9.7302463387417709e-05 0.00062187951385567436 -3.6612855182427573e-05 -1.9758846933331873e-05
leaf_weight=8126 93 58 52 74 51 64 92 173 59 57 74 54 350 96 53 71 685 229 54 94 1791 228 75 86 70 703 55 51 94 843
leaf_count=8126 93 58 52 74 51 64 92 173 59 57 74 54 350 96 53 71 685 229 54 94 1791 228 75 86 70 703 55 51 94 843
internal_value=2.78204e-07 0.00134817 -1.35018e-05 7.75641e-05 5.53996e-05 0.00048924 0.000752575 0.000238064 0.000694176 1.88796e-05 0.000325519 0 5.7576e-06 7.2019e-05 0.000269082 0.000466892 2.92774e-05 0.000157179 0.000586323 -1.08624e-06 -3.63895e-05 6.79138e-05 0.000136532 0.000203216 0.000297098 5.79272e-06 -6.93599e-05 0.000424508 8.93974e-06 -7.09501e-05
internal_weight=14655 151 14504 5480 5314 401 166 337 110 4913 185 227 4728 1884 314 167 1570 332 111 1238 2844 553 325 231 156 1053 9024 103 147 8969
internal_count=14655 151 14504 5480 5314 401 166 337 110 4913 185 227 4728 1884 314 167 1570 332 111 1238 2844 553 325 231 156 1053 9024 103 147 8969
is_linear=0
shrinkage=0.05


Tree=16
num_leaves=31
num_cat=0
split_feature=93 13 137 86 105 6 33 18 50 2 137 81 4 122 173 88 137 84 163 174 92 92 104 128 108 91 88 128 19 132
split_gain=0.0404205 0.0677877 0.0634118 0.164103 0.0287885 0.0247715 0.0217826 0.00700705 0.00625065 0.00517956 0.00534922 0.004668 0.00321185 0.00249895 0.0044045 0.00200216 0.0015565 0.00317153 0.00594368 0.0015476 0.00164722 0.00223549 0.00153909 0.00282938 0.00151415 0.00123866 0.00213476 0.00275706 0.00210949 0.00123749
threshold=267.14417930000008 0.0039296913055555565 1.0000000180025095e-35 10.500000000000002 14.500000000000002 0.021504166666666668 -0.25530289348569968 0.0040083333333333342 1028.4500000000003 0.00036114100000000004 8.2350000000000012 28.950000000000003 1.1520000000000002e-05 12.500000000000002 9.5000000000000018 18.962500000000002 1.0000000180025095e-35 8.6500000000000039 0.4513888888888889 5.5000000000000009 20.050000000000008 23.150000000000006 0.35000000000000009 10.202647249978559 281.87022165000008 19.150000000000002 33.062500000000007 9.6940619704490469 -0.0011528571428571428 4.5000000000000009
decision_type=2 2 2 2 2 2 2 2 2 2 2 2 2 2 10 2 2 2 2 8 2 2 2 2 2 2 2 2 2 2
left_child=16 2 3 7 -3 8 -7 -2 9 15 12 -10 -11 14 29 22 17 -1 -19 25 -21 24 -4 -24 -22 -17 27 -27 -29 -14
right_child=1 4 5 -5 -6 6 -8 -9 11 10 -12 -13 13 -15 -16 19 -18 18 -20 20 21 -23 23 -25 -26 26 -28 28 -30 -31
leaf_value=-7.4217404437400939e-05 0.00053144246084828903 0.0021217242290029015 0 0.0032171579744470751 0.00038684117536799852 0.0013106336516924989 0.00010618197695788413 -2.7354241250246887e-05 0.00057867221306751591 -5.0324855391205392e-05 0.00056766888622405531 0 0.00019253682192151128 2.213775240574771e-06 0.00061115515074240711 -4.5852690261933719e-05 -6.861522579000714e-05 -4.7022998774332058e-06 0.00056846003291432124 -6.744907900868429e-05 0.00033276195829087156 -3.496141386391101e-05 0.00045866390315281664 0 0 0.00049596679949644846 0 -1.276188964319754e-06 0.00030977406228283565 0
leaf_weight=245 81 57 157 56 56 70 102 131 85 287 63 53 198 257 67 373 8708 90 66 2117 85 276 67 50 61 56 417 166 64 94
leaf_count=245 81 57 157 56 56 70 102 131 85 287 63 53 198 257 67 373 8708 90 66 2117 85 276 67 50 61 56 417 166 64 94
internal_value=4.34361e-07 0.000107181 8.08658e-05 0.000830281 0.00131675 4.08593e-05 0.00063001 0.000164167 1.94408e-05 8.91554e-06 0.000113126 0.000351032 7.52901e-05 0.000141906 0.000227735 -1.57067e-05 -6.40141e-05 2.33866e-05 0.000208019 -2.67161e-05 -4.86221e-05 3.39412e-05 0.000110932 0.000247562 0.000197561 2.03291e-05 6.25616e-05 0.000167917 6.45982e-05 0.000120908
internal_weight=14655 5546 5433 268 113 5165 172 212 4993 4855 966 138 903 616 359 3889 9109 401 156 3615 2539 422 274 117 146 1076 703 286 230 292
internal_count=14655 5546 5433 268 113 5165 172 212 4993 4855 966 138 903 616 359 3889 9109 401 156 3615 2539 422 274 117 146 1076 703 286 230 292
is_linear=0
shrinkage=0.05


Tree=17
num_leaves=31
num_cat=0
split_feature=133 86 103 18 33 137 161 81 30 116 180 7 50 121 77 29 120 137 1 85 77 133 137 2 12 136 172 92 176 103
split_gain=0.0943654 0.191678 0.0241588 0.0282179 0.0179147 0.0172999 0.0316002 0.00609171 0.00961106 0.0141666 0.00561632 0.00560112 0.00903498 0.00550779 0.00252219 0.00373734 0.00226489 0.00164173 0.00163743 0.00200325 0.00136518 0.00424036 0.00137225 0.00128964 0.0011397 0.000815853 0.0016691 0.000794733 0.000708478 0.00101433
threshold=88.200000000000003 5.5000000000000009 1272.5500000000004 0.063537500000000011 -0.25530289348569968 1.0000000180025095e-35 0.31632653061224497 28.950000000000003 -3.5399999999999996 280.96521910000007 0.28472222222222227 0.015500000000000002 1019.7500000000001 0.15000000000000005 275.55836775000006 24.250000000000004 273.08577145000004 0.75500000000000012 0.022884034500000004 272.96546835000009 286.32691830000005 78.110000000000014 18.300000000000004 0.00097368600000000008 0.096316070500000003 0.29500000000000004 7.5000000000000009 19.950000000000006 17.500000000000004 1019.7000000000002
decision_type=2 2 2 2 2 2 2 2 2 2 2 2 2 2 2 2 2 2 2 2 2 2 2 2 2 2 10 2 10 2
left_child=2 -2 3 5 -5 6 13 8 9 -7 18 12 -12 -1 15 -10 28 -18 27 -20 22 24 -4 -19 -22 26 -17 -9 -13 -30
right_child=1 -3 20 4 -6 7 -8 10 14 -11 11 16 -14 -15 -16 25 17 23 19 -21 21 -23 -24 -25 -26 -27 -28 -29 29 -31
leaf_value=-6.0769441063533793e-05 0 0.0037389865208773271 -6.9242824467675662e-05 0.0013274569781050597 9.6325779384968154e-05 1.5773069135849612e-05 0.0015711069933352587 -7.0867180009806199e-05 0.0004320925976298895 0.0010532440311699382 0.00076625647291976768 -4.9212762488891859e-05 0 0.00045386690449071825 -1.5818255451711382e-05 0.00029769652159734736 0 4.5285431518165629e-06 0.00025675083653671515 0 -5.2946049669391298e-05 0.00035342877996491127 0.00015353978962593829 0.00046419819813419251 0.00016228897790393891 1.3262952889348408e-05 0 6.7117014313019878e-06 0.00025432568701875906 0
leaf_weight=106 101 50 8268 72 66 85 51 1819 95 66 77 362 81 81 416 100 61 51 83 549 875 75 55 65 56 371 80 264 52 122
leaf_count=106 101 50 8268 72 66 85 51 1819 95 66 77 362 81 81 416 100 61 51 83 549 875 75 55 65 56 371 80 264 52 122
internal_value=5.25731e-07 0.00124019 -1.21202e-05 7.40797e-05 0.000779555 5.36083e-05 0.000470344 3.18054e-05 0.000128625 0.000506078 0 0.000109417 0.000382068 0.000136781 6.98277e-05 0.000132648 4.1545e-05 0.000196805 -3.64126e-05 2.89149e-05 -6.04759e-05 -2.67806e-07 -6.71517e-05 0.000306603 -3.44745e-05 7.12721e-05 0.000162477 -5.86371e-05 -6.85545e-07 7.14063e-05
internal_weight=14655 151 14504 5175 138 5037 238 4799 1213 151 3586 871 158 187 1062 646 713 177 2715 632 9329 1006 8323 116 931 551 180 2083 536 174
internal_count=14655 151 14504 5175 138 5037 238 4799 1213 151 3586 871 158 187 1062 646 713 177 2715 632 9329 1006 8323 116 931 551 180 2083 536 174
is_linear=0
shrinkage=0.05


Tree=18
num_leaves=31
num_cat=0
split_feature=133 86 93 0 133 86 160 91 88 93 139 49 88 142 49 136 140 2 160 44 29 104 185 137 53 133 0 19 169 137
split_gain=0.0852059 0.173888 0.0220827 0.024658 0.0236116 0.0286325 0.0188691 0.0082996 0.0113186 0.00472784 0.00585121 0.00811292 0.00311139 0.00251816 0.00682689 0.00311527 0.0030081 0.0019212 0.00164295 0.00172115 0.0015998 0.00121168 0.00106529 0.00102456 0.000865461 0.000851855 0.000817511 0.00080187 0.000580875 0.000567784
threshold=88.200000000000003 4.5000000000000009 267.14417930000008 0.21365000000000003 79.980000000000004 10.500000000000002 0.2704081632653062 19.450000000000003 30.537500000000005 270.8449276500001 59.043261275430304 971.85000000000002 32.562500000000007 317.58550324999493 1005.9500000000002 0.31500000000000006 9.5150000000000023 0.00012382400000000003 0.39897959183673476 397.50000000000006 20.650000000000002 1.8500000000000005 0.0030798047397413032 18.300000000000004 2.5000000000000004 64.925000000000011 0.41135000000000005 -0.00010571428571428568 0.0027898064375000003 0.065000000000000016
decision_type=2 2 2 2 2 2 2 2 2 2 2 2 2 2 2 2 2 2 2 2 2 2 8 2 2 2 2 2 2 2
left_child=2 -2 23 4 9 7 -5 12 -9 18 11 -11 -6 15 17 16 27 20 28 25 -15 -17 -12 26 -24 -20 29 -13 -4 -1
right_child=1 -3 3 6 5 -7 -8 8 -10 10 22 13 -14 14 -16 21 -18 -19 19 -21 -22 -23 24 -25 -26 -27 -28 -29 -30 -31
leaf_value=-2.7271991018815652e-05 -0.0001155465553846567 0.003305471197769078 -6.9078728398089137e-05 0.0013596551181891791 -0.00015812430011600046 0.0013130773825726161 5.854137488551294e-05 0.00094057468122004393 0 0.00065043869614920093 -5.5053249554317603e-05 0 0.00026745467796899906 0.00027688824830740907 0.00071812630955186063 -3.1731994543307211e-05 0.00040861560291994143 0.00032210821961665428 0 -1.2908026031951145e-05 0 0.00017739591478214912 0.0002533553234716951 0.00012491982449366909 0 0.0002371815552565592 9.7433500616586705e-05 0.00019864049917863282 0 -6.8912031948532124e-05
leaf_weight=1402 93 58 1464 64 127 74 64 69 68 72 804 166 63 60 57 677 101 94 75 400 305 74 50 56 56 126 55 63 307 7511
leaf_count=1402 93 58 1464 64 127 74 64 69 68 72 804 166 63 60 57 677 101 94 75 400 305 74 50 56 56 126 55 63 307 7511
internal_value=7.18321e-07 0.00117869 -1.12812e-05 6.74547e-05 4.99788e-05 0.000419114 0.000753355 0.00019818 0.000493664 1.89929e-05 6.6461e-05 0.000122688 0 9.53737e-05 0.000189545 4.56674e-05 0.000174084 0.000111617 -3.05168e-05 3.59655e-05 4.30148e-05 -4.26808e-06 -3.11963e-05 -5.96513e-05 0.000101851 0.000157561 -6.13751e-05 4.75779e-05 -5.59073e-05 -6.29268e-05
internal_weight=14655 151 14504 5480 5352 401 128 327 137 4951 2579 1669 190 1597 516 1081 330 459 2372 601 365 751 910 9024 106 201 8968 229 1771 8913
internal_count=14655 151 14504 5480 5352 401 128 327 137 4951 2579 1669 190 1597 516 1081 330 459 2372 601 365 751 910 9024 106 201 8968 229 1771 8913
is_linear=0
shrinkage=0.05


Tree=19
num_leaves=31
num_cat=0
split_feature=133 86 93 0 133 82 92 28 93 120 50 28 126 2 4 4 75 85 141 173 187 21 141 0 141 44 4 174 141 132
split_gain=0.076791 0.158793 0.0200663 0.0223841 0.0214095 0.0322136 0.0169455 0.0107228 0.00991585 0.00535635 0.0050803 0.00547644 0.00449988 0.00586274 0.00480927 0.00589587 0.00222139 0.00146841 0.00132645 0.00111976 0.00103803 0.000907029 0.00079527 0.000732405 0.000659762 0.00103736 0.000607617 0.000992309 0.00139012 0.00157873
threshold=88.200000000000003 5.5000000000000009 267.14417930000008 0.21365000000000003 79.980000000000004 27.622000000000011 13.150000000000004 21.250000000000004 271.6985568500001 270.14843515000007 1027.6500000000003 7.0500000000000007 14.500000000000002 0.0006863590000000001 1.1520000000000002e-05 0.0033372235000000004 5.8500000000000005 275.52429195000008 36.805000000000007 8.5000000000000018 0.37068041030344251 0.46527777777777785 37.125000000000007 0.41135000000000005 33.245000000000012 1002.5000000000001 0.00047263250000000007 6.5000000000000009 25.350000000000005 4.5000000000000009
decision_type=2 2 2 2 2 2 2 2 2 2 2 2 2 2 2 2 2 2 2 8 2 2 2 2 2 2 2 10 2 2
left_child=2 -2 23 4 10 7 -5 8 -6 -9 12 -12 13 16 -15 -16 17 -4 -17 21 -18 22 24 -1 -14 -26 -22 28 -28 -30
right_child=1 -3 3 6 5 -7 -8 9 -10 -11 11 -13 19 14 15 18 20 -19 -20 -21 26 -23 -24 -25 25 -27 27 -29 29 -31
leaf_value=-5.8123461737932122e-05 0 0.0033936698870578163 0.00034242208081576434 0.0013027783494908363 0 0.0014308533474597005 6.4647391158029096e-05 0.00043928657720172467 0.0010435933943492648 -0.0001412080054538574 0.00056203967379009226 0 0 0 0.00070906754717251039 0 -5.9620021504214989e-05 0 0.00031408226131219414 -5.5761002983647506e-05 0 -3.4941346823587783e-05 -1.7011423358219463e-05 9.2648820449799785e-05 0.00023303249565439425 0 0 0 0 0.00031998768848599167
leaf_weight=8969 101 50 85 63 53 64 65 50 57 177 87 98 149 93 91 88 429 51 63 1791 498 542 148 55 143 88 109 182 95 121
leaf_count=8969 101 50 85 63 53 64 65 50 57 177 87 98 149 93 91 88 429 51 63 1791 498 542 148 55 143 88 109 182 95 121
internal_value=8.57605e-07 0.00111916 -1.05166e-05 6.45202e-05 4.78219e-05 0.000399358 0.000718175 0.000185019 0.000587999 0 1.82651e-05 0.000275399 7.17949e-06 6.75444e-05 0.000258717 0.000376868 2.34314e-05 0.000216352 0.000140425 -3.12771e-05 1.51258e-06 5.05018e-06 5.55423e-05 -5.66403e-05 9.6894e-05 0.000150092 3.26115e-05 7.13886e-05 0.000124705 0.000198439
internal_weight=14655 151 14504 5480 5352 401 128 337 110 227 4951 185 4766 1905 335 242 1570 136 151 2861 1434 1070 528 9024 380 231 1005 507 325 216
internal_count=14655 151 14504 5480 5352 401 128 337 110 227 4951 185 4766 1905 335 242 1570 136 151 2861 1434 1070 528 9024 380 231 1005 507 325 216
is_linear=0
shrinkage=0.05


Tree=20
num_leaves=31
num_cat=0
split_feature=133 90 177 103 18 180 134 92 73 81 50 46 9 75 89 4 0 137 180 131 119 89 170 177 177 75 19 91 156 92
split_gain=0.0953698 0.212515 0.0187917 0.0180039 0.0308041 0.0066847 0.0105486 0.0119581 0.00933632 0.00600325 0.00565177 0.00448778 0.00371617 0.00292827 0.00663058 0.00288471 0.00209797 0.00150206 0.00132631 0.00391677 0.0175385 0.00143072 0.00135245 0.00117271 0.00109175 0.00101536 0.000983622 0.00223363 0.000601813 0.000614294
threshold=88.200000000000003 25.328571428571433 -7.8140403478260928e-05 1146.8500000000004 0.063537500000000011 0.28472222222222227 5.79 20.950000000000006 14.250000000000002 28.950000000000003 1027.4500000000003 7.5000000000000009 0.042777777777777783 7.1500000000000012 47.250000000000007 0.0060991955000000006 0.41135000000000005 7.6850000000000014 0.25694444444444448 33.845472724088289 7.1500000000000012 40.95000000000001 0.51844524234903833 1.5660869565217397e-07 0.0073743844502173932 11.15 -0.00025999999999999965 23.350000000000005 0.10000000000000002 18.350000000000005
decision_type=2 2 2 2 2 2 2 2 2 2 2 2 2 2 2 2 2 2 2 2 2 2 2 2 2 2 2 2 2 2
left_child=2 25 -1 4 5 9 7 8 -7 10 13 26 -12 14 23 -13 18 24 -5 20 -20 -21 -23 -4 28 -2 -8 -28 -11 -30
right_child=1 -3 3 16 -6 6 11 -9 -10 17 12 15 -14 -15 -16 -17 -18 -19 19 21 -22 22 -24 -25 -26 -27 27 -29 29 -31
leaf_value=0.00076377658504591241 -0.00015168292605648599 0.0038824322520796318 0.00026613943019549845 -6.4928668526703599e-05 0.00098642081908170373 0.0006961556216336642 -1.5320347046089697e-05 0.00099050259132034109 -0.00013481151173104215 0 5.226295983447926e-05 0.00062442002655109074 0.00072436485226809574 0 0.00070232359902648676 8.3861720230304821e-07 0.0002195603345664075 0.00021754182870393959 -2.0000525244986934e-05 -6.2697141029871103e-05 0.00099318382888918225 0.00014797831957214126 -1.3877420217849886e-05 0 7.1909556438020625e-05 0.0001476564987074109 0 0.00037565495369531088 -7.7912110799029452e-05 3.0095204804312125e-07
leaf_weight=77 61 50 53 6786 90 50 467 77 81 548 57 56 63 493 53 53 64 54 211 2228 50 148 803 200 175 50 115 56 1276 158
leaf_count=77 61 50 53 6786 90 50 467 77 81 548 57 56 63 493 53 53 64 54 211 2228 50 148 803 200 175 50 115 56 1276 158
internal_value=3.98673e-06 0.00121068 -9.11156e-06 -1.36239e-05 7.34588e-05 5.18844e-05 0.000168142 0.000486644 0.000147344 1.47734e-05 0.000123145 7.22399e-05 0.000449509 6.73786e-05 0.000188881 0.000369429 -4.94459e-05 -2.80461e-05 -5.16397e-05 -2.39606e-05 0.000158062 -4.05222e-05 6.18837e-06 5.92955e-05 -3.66093e-05 0 1.31428e-05 0.000119582 -4.87438e-05 -6.5816e-05
internal_weight=14703 161 14542 14465 4175 4085 955 208 131 3130 919 747 120 799 306 109 10290 2211 10226 3440 261 3179 951 253 2157 111 638 171 1982 1434
internal_count=14703 161 14542 14465 4175 4085 955 208 131 3130 919 747 120 799 306 109 10290 2211 10226 3440 261 3179 951 253 2157 111 638 171 1982 1434
is_linear=0
shrinkage=0.05


end of trees

feature_importances:
pct_forest=44
last_N_t=30
mslma_t=22
pct_wetland=22
min_t2m_next_24h=19
total_tp_next_48h=19
min_t2m_next_48h=18
last_osi=16
cumul_gust_since_onset=16
storm_onset_mean_osi=15
min_t2m_next_6h=15
gust_peak4h_mean_next_24h=15
t2m_at_t24h=12
P_active_frac_obs=12
last_R_t=10
N_t_max_72h=10
gust_last_obs=10
gust_gt30_next_24h=10
wind_speed_max_next_6h=9
gust_mean_next_24h=9
gust_max_next_48h=9
gust_mean_next_48h=9
log_customers=9
gust_max_last6h_obs=8
wind_speed_max_next_48h=8
t2m_at_t6h=8
D_mean_last24_obs=8
hours_since_obs=7
pct_unmapped=7
pct_forest_classified=7
tree_canopy_std=7
soil_moist_t=6
sp_t=6
wind_speed_max_next_24h=6
pop_density=6
hours_since_N_peak_obs=6
first_material_N_hour_obs=6
gust_to_N_best_corr_obs=6
pre_event_mean_osi=5
frac_zero_72h=5
gust_trend_last6h_obs=5
blh_t=5
cumul_tp_since_onset=5
hours_since_R_peak_obs=5
P_trend_last24_obs=5
N_per_gust_excess_obs=5
gust_at_first_material_N_obs=5
last_D_t=4
outage_pct_mean_72h=4
t2m_at_t48h=4
tp_rate_next_48h=4
restoration_ratio_obs=4
hours_since_P_peak_obs=4
osi_mean_72h=3
osi_trend_last6h=3
gust_mean_obs=3
wind_sin_t=3
t2m_t=3
d2m_t=3
gust_max_next_24h=3
hour_of_day=3
pct_developed=3
pct_agriculture=3
forest_x_customers=3
R_nonzero_frac_obs=3
last_P_t=2
N_t_mean_72h=2
pre_event_max_outage_pct=2
gust_max_obs=2
r2_t=2
gust_x_hso=2
gust_max_next_6h=2
gust_peak4h_mean_next_48h=2
gust_gt30_since_onset=2
hour_sin=2
rural_urban_code=2
n_utilities=2
pct_water=2
tree_canopy_pct=2
gust_gt30_frac_next_24h=2
N_nonzero_frac_obs=2
flow_balance_last24_obs=2
P_D_gap_last_obs=2
P_post_peak_slope_obs=2
last_outage_pct=1
osi_max_72h=1
osi_std_72h=1
R_t_mean_72h=1
hours_since_peak=1
cumul_gust_obs=1
wind_speed_t=1
vpd_t=1
lcc_t=1
diffuse_rad_t=1
soil_moist_x_gust=1
gust_mean_next_6h=1
gust_peak4h_mean_next_6h=1
total_tp_next_24h=1
gust_gt30_next_48h=1
gust_gt40_next_48h=1
pressure_change_6h=1
t2m_at_t1h=1
gust_at_t48h=1
wind_speed_at_t48h=1
tp_at_t48h=1
gust_gt30_frac_next_48h=1
P_mean_last24_obs=1
R_mean_last24_obs=1
first_material_R_hour_obs=1

parameters:
[boosting: gbdt]
[objective: regression]
[metric: rmse]
[tree_learner: serial]
[device_type: cpu]
[data_sample_strategy: bagging]
[data: ]
[valid: ]
[num_iterations: 2000]
[learning_rate: 0.05]
[num_leaves: 31]
[num_threads: -1]
[seed: 42]
[deterministic: 0]
[force_col_wise: 0]
[force_row_wise: 0]
[histogram_pool_size: -1]
[max_depth: -1]
[min_data_in_leaf: 50]
[min_sum_hessian_in_leaf: 0.001]
[bagging_fraction: 0.8]
[pos_bagging_fraction: 1]
[neg_bagging_fraction: 1]
[bagging_freq: 5]
[bagging_seed: 42]
[bagging_by_query: 0]
[feature_fraction: 0.8]
[feature_fraction_bynode: 1]
[feature_fraction_seed: 42]
[extra_trees: 0]
[extra_seed: 12879]
[early_stopping_round: 0]
[early_stopping_min_delta: 0]
[first_metric_only: 0]
[max_delta_step: 0]
[lambda_l1: 0.1]
[lambda_l2: 1]
[linear_lambda: 0]
[min_gain_to_split: 0]
[drop_rate: 0.1]
[max_drop: 50]
[skip_drop: 0.5]
[xgboost_dart_mode: 0]
[uniform_drop: 0]
[drop_seed: 42]
[top_rate: 0.2]
[other_rate: 0.1]
[min_data_per_group: 100]
[max_cat_threshold: 32]
[cat_l2: 10]
[cat_smooth: 10]
[max_cat_to_onehot: 4]
[top_k: 20]
[monotone_constraints: ]
[monotone_constraints_method: basic]
[monotone_penalty: 0]
[feature_contri: ]
[forcedsplits_filename: ]
[refit_decay_rate: 0.9]
[cegb_tradeoff: 1]
[cegb_penalty_split: 0]
[cegb_penalty_feature_lazy: ]
[cegb_penalty_feature_coupled: ]
[path_smooth: 0]
[interaction_constraints: ]
[verbosity: -1]
[saved_feature_importance_type: 0]
[use_quantized_grad: 0]
[num_grad_quant_bins: 4]
[quant_train_renew_leaf: 0]
[stochastic_rounding: 1]
[linear_tree: 0]
[max_bin: 255]
[max_bin_by_feature: ]
[min_data_in_bin: 3]
[bin_construct_sample_cnt: 200000]
[data_random_seed: 42]
[is_enable_sparse: 1]
[enable_bundle: 1]
[use_missing: 1]
[zero_as_missing: 0]
[feature_pre_filter: 1]
[pre_partition: 0]
[two_round: 0]
[header: 0]
[label_column: ]
[weight_column: ]
[group_column: ]
[ignore_column: ]
[categorical_feature: ]
[forcedbins_filename: ]
[precise_float_parser: 0]
[parser_config_file: ]
[objective_seed: 16083]
[num_class: 1]
[is_unbalance: 0]
[scale_pos_weight: 1]
[sigmoid: 1]
[boost_from_average: 1]
[reg_sqrt: 0]
[alpha: 0.9]
[fair_c: 1]
[poisson_max_delta_step: 0.7]
[tweedie_variance_power: 1.5]
[lambdarank_truncation_level: 30]
[lambdarank_norm: 1]
[label_gain: ]
[lambdarank_position_bias_regularization: 0]
[eval_at: ]
[multi_error_top_k: 1]
[auc_mu_weights: ]
[num_machines: 1]
[local_listen_port: 12400]
[time_out: 120]
[machine_list_filename: ]
[machines: ]
[gpu_platform_id: -1]
[gpu_device_id: -1]
[gpu_device_id_list: ]
[gpu_use_dp: 0]
[num_gpu: 1]

end of parameters

pandas_categorical:[]
