tree
version=v4
num_class=1
num_tree_per_iteration=1
label_index=0
max_feature_idx=189
objective=huber
feature_names=last_osi last_P_t last_N_t last_D_t last_R_t last_outage_pct osi_mean_72h osi_max_72h osi_std_72h outage_pct_mean_72h outage_pct_max_72h N_t_mean_72h N_t_max_72h R_t_mean_72h R_t_max_72h pre_event_mean_osi pre_event_max_outage_pct storm_onset_max_osi storm_onset_mean_osi osi_trend_last6h is_worsening frac_zero_72h hours_since_peak gust_mean_obs gust_max_obs gust_gt30_obs gust_gt40_obs cumul_gust_obs gust_last_obs gust_max_last6h_obs gust_trend_last6h_obs gust_t wind_speed_t wind_sin_t wind_cos_t t2m_t d2m_t tp_t rain_t csnow_t sdwe_t r2_t vpd_t soil_moist_t blh_t tcc_t lcc_t mcc_t hcc_t sp_t mslma_t sdswrf_t direct_rad_t diffuse_rad_t et0_t temp_c_t dewpoint_c_t icing_risk_t gust_exceed_30 soil_moist_x_gust is_snowing gust_x_hso gust_x_phase soil_gust_x_phase gust_exceed30_x_hso gust_max_next_1h gust_mean_next_1h wind_speed_max_next_1h total_tp_next_1h min_t2m_next_1h gust_gt30_next_1h gust_gt40_next_1h gust_peak4h_mean_next_1h gust_max_next_6h gust_mean_next_6h wind_speed_max_next_6h total_tp_next_6h min_t2m_next_6h gust_gt30_next_6h gust_gt40_next_6h gust_peak4h_mean_next_6h gust_max_next_24h gust_mean_next_24h wind_speed_max_next_24h total_tp_next_24h min_t2m_next_24h gust_gt30_next_24h gust_gt40_next_24h gust_peak4h_mean_next_24h gust_max_next_48h gust_mean_next_48h wind_speed_max_next_48h total_tp_next_48h min_t2m_next_48h gust_gt30_next_48h gust_gt40_next_48h gust_peak4h_mean_next_48h gust_change_1h gust_change_3h pressure_change_3h pressure_change_6h temp_change_6h wind_change_1h cumul_gust_since_onset cumul_tp_since_onset gust_gt30_since_onset gust_at_t1h wind_speed_at_t1h t2m_at_t1h tp_at_t1h gust_at_t6h wind_speed_at_t6h t2m_at_t6h tp_at_t6h gust_at_t24h wind_speed_at_t24h t2m_at_t24h tp_at_t24h gust_at_t48h wind_speed_at_t48h t2m_at_t48h tp_at_t48h hour_of_day hour_sin hour_cos days_since_onset hours_since_obs storm_phase log_customers rural_urban_code is_metro pop_density n_utilities pct_forest pct_developed pct_agriculture pct_water pct_wetland pct_unmapped pct_forest_classified tree_canopy_pct tree_canopy_std forest_x_customers window_len_next_1h is_full_next_1h tp_rate_next_1h gust_gt30_frac_next_1h has_weather_at_t1h window_len_next_6h is_full_next_6h tp_rate_next_6h gust_gt30_frac_next_6h has_weather_at_t6h window_len_next_24h is_full_next_24h tp_rate_next_24h gust_gt30_frac_next_24h has_weather_at_t24h window_len_next_48h is_full_next_48h tp_rate_next_48h gust_gt30_frac_next_48h has_weather_at_t48h N_nonzero_frac_obs R_nonzero_frac_obs P_mean_last24_obs D_mean_last24_obs N_mean_last24_obs R_mean_last24_obs flow_balance_last24_obs restoration_ratio_obs P_D_gap_last_obs hours_since_P_peak_obs hours_since_N_peak_obs hours_since_R_peak_obs first_material_N_hour_obs first_material_R_hour_obs P_trend_last24_obs D_trend_last24_obs P_post_peak_slope_obs P_active_frac_obs has_material_P_obs has_material_N_obs has_material_R_obs gust_excess30_sum_obs N_per_gust_excess_obs P_change_per_gust_excess_obs gust_to_N_best_corr_obs gust_to_N_best_lag_obs gust_at_first_material_N_obs
feature_infos=[0:0.55230000000000001] [0:0.82424180700000005] [0:0.021710291] [0:0.90465771100000003] [0:0.039181763000000001] [0:82.420000000000002] [4.1666666666666669e-06:0.26529999999999998] [0.0001:0.65049999999999997] [1.9982631347136334e-05:0.22470370552747407] [0.00083333333333333328:39.644861111111112] [0.02:100] [3.1208333333333337e-06:0.018623942125000001] [7.4900000000000005e-05:0.37916412199999999] [3.1208333333333337e-06:0.017093115180555556] [7.4900000000000005e-05:0.119716399] [0:0.38653749999999998] [0:100] [0:0.59799999999999998] [0:0.20940416666666664] [-0.022628571428571428:0.017611428571428573] [0:1] [0:0.95833333333333337] [0:71] [13.03611111111111:31.258333333333326] [29.300000000000001:70] [0:35] [0:18] [938.59999999999991:2250.5999999999995] [3.5:47.5] [15.4:64.5] [-6.477142857142856:3.3114285714285714] [0.59999999999999998:57.799999999999997] [0:38] [-0.99999999953664132:0.99999999913657367] [-0.99999999329043221:1] [259.42265909999998:298.3466019] [257.33913039999999:289.8677619] [0:11.300000000000001] [0:11.300000000000001] [0:2.6600000000000001] [0:0.089999999999999997] [15:100] [0:2.5] [0.16700000000000001:0.52000000000000002] [10:3090] [0:100] [0:100] [0:100] [0:100] [884.60000000000002:1027.2] [986.70000000000005:1031.8] [0:863] [0:737] [0:463] [0:0.60999999999999999] [-13.727340900000002:25.196601900000019] [-15.81086959999999:16.717761900000028] [0:1] [0:27.799999999999997] [0.19259999999999999:23.550000000000001] [0:1] [0.80000000000000004:3819.7999999999997] [0:107.59999999999999] [0:47.100000000000001] [0:1689.7999999999997] [1.2:57.799999999999997] [0.89999999999999991:54.5] [0:38] [0:14.699999999999999] [259.42265909999998:298.21776599999998] [0:2] [0:2] [0.89999999999999991:54.5] [2.7999999999999998:57.799999999999997] [2.0571428571428569:49.328571428571429] [0.40000000000000002:38] [0:26.699999999999999] [259.42265909999998:296.22558249999997] [0:7] [0:7] [2.5999999999999996:52.550000000000004] [8.3000000000000007:57.799999999999997] [4.5520000000000005:43.052] [5.0999999999999996:38] [0:51.199999999999996] [259.42265909999998:286.57337899999999] [0:25] [0:19] [7.5:52.550000000000004] [10.1:57.799999999999997] [5.3392857142857135:37.897959183673471] [5.0999999999999996:38] [0:52.900000000000006] [259.42265909999998:281.94003939999999] [0:40] [0:22] [9.375:52.550000000000004] [-24.299999999999997:28.199999999999999] [-32:35.700000000000003] [-6.1999999999999318:10.599999999999909] [-10.899999999999977:14.599999999999909] [-20.027499999999975:21.845291299999985] [-15.300000000000001:28.000000000000004] [347.09999999999997:4155.3000000000002] [0:53.200000000000003] [0:61] [0.59999999999999998:57.799999999999997] [0:38] [259.42265909999998:298.3466019] [0:11.300000000000001] [0.90000000000000002:57.799999999999997] [0:38] [259.42265909999998:298.3466019] [0:11.300000000000001] [0.90000000000000002:57.799999999999997] [0:38] [259.42265909999998:298.3466019] [0:11.300000000000001] [0.90000000000000002:53.799999999999997] [0:34.299999999999997] [259.42265909999998:296.58327589999999] [0:11.300000000000001] [0:23] [-1:1] [-1:1] [1:5] [1:120] [0:3] [7.1180162044653335:13.453719692845613] [1:9] [0:1] [8.3691524328166658:11939.655837338518] [1:14] [0.96999999999999997:88.719999999999999] [2.21:86.629999999999995] [0.040000000000000001:87.469999999999999] [0.01:5.5099999999999998] [0:19.780000000000001] [1.8899999999999999:18.32] [0.98868616858628067:95.815074496056084] [2.2000000000000002:80.340000000000003] [12.65:40.140000000000001] [8.0679963363985543:851.59337963521523] none none [0:7.3499999999999996] [0:1] none none none [0:3.8142857142857141] [0:1] none none none [0:2.048] [0:1] none [25:49] [0:1] [0:1.0795918367346939] [0:0.81632653061224492] [0:1] [0.041666666666666664:0.83333333333333337] [0.041666666666666664:0.90277777777777779] [0:0.33157778683333333] [0:0.2415728110416667] [0:0.05185222787499999] [0:0.017634620166666667] [-5.9704624999999938e-05:0.03421760770833332] [0.013031417634099374:6.5416667824977583] [-0.094310770000000002:0.045476995000000006] [0:71] [0:71] [0:70] [0:68] [0:71] [-0.00014221094434782621:0.052080195401739138] [-2.8979260869565253e-06:0.043438201510000003] [-0.090709080000000039:0.00060335147105305595] [0:0.98611111111111116] [0:1] [0:1] [0:1] [0:446.30000000000001] [1.2346153846153842e-05:0.024848555909090915] [-0.0026323566314935061:0.0091683099305555574] [-0.13256831251647599:0.75281650661316302] [0:3] [3.2000000000000002:60.600000000000001]
tree_sizes=3056 2785 2772 2700 2792 2659 2737 2697 2738 2797 2757 2789 2727 2733 2767 2740 2747 2769 2652 2711 2779

Tree=0
num_leaves=31
num_cat=0
split_feature=92 133 116 43 133 28 55 99 33 83 122 101 43 30 94 91 2 2 175 116 88 43 116 50 142 115 98 16 19 92
split_gain=0.00464016 0.00375351 0.00254748 0.00587791 0.00130782 0.0015311 0.00103703 0.00176219 0.000927406 0.00138611 0.000880673 0.00116301 0.00060197 0.000919643 0.000434167 0.000910882 0.000309566 0.00154677 0.000164163 0.00018056 9.79793e-05 9.3173e-05 9.14017e-05 9.10574e-05 0.000141748 0.000148104 0.000125409 7.38652e-05 6.86258e-05 4.16571e-05
threshold=6.8500000000000023 88.200000000000003 292.40618020000005 0.37450000000000006 80.210000000000022 27.700000000000003 11.362226400000027 -2.0499999999999541 0.58386471977390386 33.550000000000004 19.500000000000004 -0.58611669999999083 0.34950000000000003 -1.8571428571428568 18.500000000000004 18.950000000000003 0.0059917800000000012 0.0060912370000000002 30.500000000000004 285.38115025000008 31.737500000000008 0.31950000000000006 294.00043860000005 1012.6500000000002 546.74868803936863 17.650000000000002 2.9000000000000017 0.94500000000000006 -0.0015614285714285712 23.950000000000006
decision_type=2 2 2 2 2 2 2 2 2 2 2 2 2 2 2 2 2 2 8 2 2 2 2 2 2 2 2 2 2 2
left_child=14 2 4 12 8 6 -6 -8 27 10 20 18 21 -14 16 -16 -1 -18 19 -12 -10 -4 -23 -22 25 26 -25 29 -24 -2
right_child=1 -3 3 -5 5 -7 7 -9 9 -11 11 -13 13 -15 15 -17 17 -19 -20 -21 23 22 28 24 -26 -27 -28 -29 -30 -31
leaf_value=0.0005659859511930002 0.00057606907423932076 0.00093274606672590825 0.00059083302134414165 0.001136441951695241 0.000602083766956954 0.00059083302134414165 0.00061205855474634517 0.0010291652882450501 0.00058087854768537617 0.00082035554339060447 0.00072176357398742925 0.00087914493157085333 0.00059083302134414165 0.00081959280332473644 0.00080095504401306761 0.00059083302134414165 0.00086597076577836518 0.00058078511922335157 0.00059083302134414165 0.00059083302134414165 0.00059083302134414165 0.00059083302134414165 0.00059083302134414165 0.00068869713334661548 0.00059083302134414165 0.00059083302134414165 0.00059083302134414165 0.00059083302134414165 0.00067927754853476237 0.00059083302134414165
leaf_weight=9788 2053 98 244 73 118 244 79 78 552 92 73 68 93 119 53 768 50 453 163 115 266 82 82 152 344 185 86 1453 104 187
leaf_count=9788 2053 98 244 73 118 244 79 78 552 92 73 68 93 119 53 768 50 453 163 115 266 82 82 152 344 185 86 1453 104 187
internal_value=0.000591078 0.000622602 0.000617573 0.000702767 0.000606 0.000682862 0.000763533 0.000852392 0.000598231 0.000625198 0.000613635 0.000678593 0.000651451 0.000727538 0.000571092 0.00060224 0.00056812 0.000599703 0.000624827 0.000656587 0.000593266 0.000609995 0.000630407 0.000604725 0.000614418 0.000633767 0.000660254 0.000584274 0.000649781 0.000578451
internal_weight=18315 7203 7105 797 6308 519 275 157 5789 2096 2004 419 724 212 11112 821 10291 503 351 188 1585 512 268 1033 767 423 238 3693 186 2240
internal_count=18315 7203 7105 797 6308 519 275 157 5789 2096 2004 419 724 212 11112 821 10291 503 351 188 1585 512 268 1033 767 423 238 3693 186 2240
is_linear=0
shrinkage=1


Tree=1
num_leaves=31
num_cat=0
split_feature=114 29 138 133 36 120 133 28 111 29 35 134 189 100 115 93 122 171 171 114 100 34 137 77 185 83 100 54 55 189
split_gain=0.00431539 0.00472115 0.003682 0.00236029 0.00527429 0.00157874 0.00142104 0.000971795 0.000915393 0.00162694 0.000840071 0.00123482 0.000863652 0.000761672 0.000935653 0.000280651 0.000222545 0.000195964 0.0012992 0.00016278 0.000155772 0.000182412 0.000156838 0.000214678 0.000286631 0.000151241 0.0001336 9.85034e-05 0.000124712 8.69893e-05
threshold=33.050000000000004 26.350000000000005 4.785000000000001 88.200000000000003 275.20394130000005 271.89275465000009 79.980000000000004 27.700000000000003 6.1500000000000012 23.950000000000003 278.95179395000008 8.7650000000000023 43.250000000000007 -5.1499999999999764 9.5500000000000025 266.14453170000007 5.5000000000000009 0.0054968320000000018 0.0069050270000000019 29.050000000000004 -3.5999999999999654 -0.92416182133561608 0.65500000000000014 282.02351710000005 0.00031590626180568306 29.250000000000004 -5.3500000000000218 0.095000000000000015 18.603295200000051 26.500000000000004
decision_type=2 2 2 2 2 8 2 2 2 2 2 2 8 2 2 2 2 2 2 2 2 2 2 2 8 2 2 2 2 10
left_child=3 2 -2 5 -5 6 8 13 9 -1 11 12 16 -8 -15 -10 -3 19 -19 -7 21 -17 -23 24 -24 -13 -12 -28 -29 -18
right_child=1 10 -4 4 -6 17 7 -9 15 -11 26 25 -14 14 -16 20 29 18 -20 -21 -22 22 23 -25 -26 -27 27 28 -30 -31
leaf_value=0.00026262567717029954 0.00063541916479180425 0 7.3293284447618919e-05 0 0.00058410575246259421 -2.3895489490131053e-05 0 0 -1.2690532166477242e-05 0 -3.5413046144890924e-06 5.0014281172887476e-05 0.00037522986427962891 0.00039100996697171857 5.5042365113857814e-05 0 0 0.00023232349131272682 -1.3557038426678168e-05 1.7919688416900867e-06 0 0 0 0 0.00012401764382127941 0 0 5.2173665739002612e-05 0 0.00015025979820943304
leaf_weight=92 65 50 97 124 53 10011 63 173 2457 168 438 307 60 69 93 306 52 56 932 276 760 266 64 120 181 231 186 357 92 116
leaf_count=92 65 50 97 124 53 10011 63 173 2457 168 438 307 60 69 93 306 52 56 932 276 760 266 64 120 181 231 186 357 92 116
internal_value=3.71805e-07 6.89555e-05 0.000332027 -7.97336e-06 0.000171543 -1.02698e-05 1.30751e-05 0.000103983 3.72388e-06 9.48294e-05 4.35853e-05 8.28102e-05 0.000172451 0.000172741 0.000230335 -7.96517e-07 9.23511e-05 -2.06768e-05 0 -2.27202e-05 1.34769e-05 2.72756e-05 4.27286e-05 6.49917e-05 9.20112e-05 2.69796e-05 9.0506e-06 2.55896e-05 3.83762e-05 0.000119767
internal_weight=18315 2051 162 16264 177 16087 4812 398 4414 260 1889 816 278 225 162 4154 218 11275 988 10287 1697 937 631 365 245 538 1073 635 449 168
internal_count=18315 2051 162 16264 177 16087 4812 398 4414 260 1889 816 278 225 162 4154 218 11275 988 10287 1697 937 631 365 245 538 1073 635 449 168
is_linear=0
shrinkage=0.05


Tree=2
num_leaves=31
num_cat=0
split_feature=114 27 117 133 58 43 92 166 170 137 92 140 6 36 22 51 85 59 2 33 129 176 85 126 86 120 24 94 43 92
split_gain=0.00393927 0.00401373 0.00268202 0.00220698 0.00250959 0.00178729 0.00107228 0.00102487 0.000989835 0.00112579 0.000736783 0.00131172 0.00125737 0.00147878 0.000705282 0.000373938 0.000321925 0.00039643 0.000259027 0.00111252 0.000230673 0.000441892 0.000173733 0.000607145 9.298e-05 8.63005e-05 0.000121045 8.42359e-05 0.000146537 0.000143823
threshold=33.050000000000004 1335.6500000000003 0.35000000000000003 80.210000000000022 1.3499999999999999 0.35550000000000004 13.450000000000005 0.079928887041666688 0.61852886025655318 0.56500000000000006 7.7500000000000018 75.820000000000007 0.0017229166666666671 274.17154025000008 8.5000000000000018 1.0000000180025095e-35 272.22516315000007 4.0988000000000007 0.0059917800000000012 -0.99799484117595971 1.5000000000000002 55.000000000000007 278.3444475500001 16.500000000000004 9.5000000000000018 267.62191115000002 52.150000000000013 18.500000000000004 0.35450000000000004 12.350000000000003
decision_type=2 2 2 2 2 2 2 2 2 2 2 2 2 2 2 2 2 2 2 2 2 8 2 2 2 10 2 2 2 2
left_child=2 -2 10 15 -5 7 8 24 -7 -10 18 22 -13 -14 -11 16 -4 -18 -1 -20 -19 -22 27 -24 -3 -8 -27 -12 -29 -30
right_child=1 5 3 4 -6 6 25 -9 9 14 11 12 13 -15 -16 -17 17 20 19 -21 21 -23 23 -25 -26 26 -28 28 29 -31
leaf_value=-2.2282215670362026e-05 0.00050674130921602486 2.3184610257044862e-05 0 0 0.00048540348717131455 0 0 0.00020967039814838375 1.1544989144769913e-05 0.00049236987167623248 -1.2137964872933515e-05 0 0 0.0003557711447765542 0.00011594475957396534 0 0 0 0.00019691615232838726 -1.1071134584262303e-05 0.00021453416961678671 0 0.00016521384727317267 0 0 9.9238973963990446e-05 0 -1.2287118011997659e-06 0.00011630923860273604 0
leaf_weight=10304 52 555 110 74 65 89 97 69 71 73 2858 150 64 79 70 571 87 63 70 460 120 62 64 359 858 60 57 548 53 103
leaf_count=10304 52 555 110 74 65 89 97 69 71 73 2858 150 64 79 70 571 87 63 70 460 120 62 64 359 858 60 57 548 53 103
internal_value=4.78485e-07 6.60124e-05 -7.48192e-06 6.52975e-05 0.000257415 5.18001e-05 0.000133653 1.98029e-05 0.000197447 0.000258133 -1.33648e-05 3.21557e-06 0.000105712 0.000211294 0.000344913 3.37771e-05 6.87146e-05 9.32646e-05 -2.0373e-05 7.3018e-06 0.000125711 0.000156189 -3.09081e-06 2.45887e-05 6.85341e-06 1.95755e-05 5.02653e-05 -7.78714e-06 2.77568e-06 4.86077e-05
internal_weight=18315 2051 16264 1152 139 1999 517 1482 303 214 15112 4278 293 143 143 1013 442 332 10834 530 245 182 3985 423 1413 214 117 3562 704 156
internal_count=18315 2051 16264 1152 139 1999 517 1482 303 214 15112 4278 293 143 143 1013 442 332 10834 530 245 182 3985 423 1413 214 117 3562 704 156
is_linear=0
shrinkage=0.05


Tree=3
num_leaves=31
num_cat=0
split_feature=103 114 29 33 133 117 43 94 43 166 119 137 114 83 119 14 116 43 45 133 119 30 120 115 116 89 83 99 128 5
split_gain=0.00365911 0.0023893 0.00354453 0.00330021 0.00234839 0.00124686 0.000804437 0.000782649 0.00082903 0.000753561 0.00056427 0.00044674 0.000851855 0.00215541 0.00398765 0.000390652 0.000364252 0.000482801 0.000697787 0.000438362 0.00100152 0.000252199 0.000131177 7.59617e-05 7.39287e-05 5.4762e-05 7.40833e-05 6.28222e-05 6.22682e-05 8.12515e-05
threshold=1531.3000000000002 33.050000000000004 26.350000000000005 0.88251439764886974 88.200000000000003 0.8500000000000002 0.36750000000000005 22.500000000000004 0.39750000000000008 0.079928887041666688 7.1500000000000012 0.055000000000000007 16.550000000000004 14.250000000000002 4.9500000000000011 0.018475221000000003 292.18134435000007 0.35550000000000004 97.500000000000014 80.390000000000015 6.0500000000000007 -1.2357142857142864 268.92857335000002 18.050000000000004 281.25952575000002 41.650000000000013 31.150000000000002 1.0999999999999661 11.654029869764216 9.3400000000000016
decision_type=2 2 2 2 2 2 2 2 2 2 10 2 2 2 8 2 2 2 2 2 10 2 10 2 2 2 2 2 2 2
left_child=1 4 3 -3 5 16 9 8 -8 24 -7 12 -2 14 -14 -12 19 -18 -19 22 -21 -17 -1 -13 -4 -26 27 28 29 -27
right_child=11 2 6 -5 -6 10 7 -9 -10 -11 15 23 13 -15 -16 21 17 18 -20 20 -22 -23 -24 -25 25 26 -28 -29 -30 -31
leaf_value=0 -1.5029466398261074e-05 0 0 0.00049606761325312438 0.00032591250545495619 0.00021964535147306211 0.00035312405769909926 0 0 0.00022846616472424312 4.5680536799613762e-06 -2.1510977646229443e-05 0.00056553149229363997 0 0 0.00018239666097093882 0 0 0.00026282956750812314 0.0002293930288872235 0 0 -1.7292873378641774e-05 0 0 7.5892883630628179e-05 0 0 0 0
leaf_weight=1131 1173 61 313 97 59 79 72 110 56 51 386 9229 53 394 78 77 345 55 53 61 199 50 2664 669 158 244 187 55 97 59
leaf_count=1131 1173 61 313 97 59 79 72 110 56 51 386 9229 53 394 78 77 345 55 53 61 199 50 2664 669 158 244 187 55 97 59
internal_value=6.13914e-07 3.02323e-05 8.50275e-05 0.000315886 1.26808e-05 8.01377e-06 5.52403e-05 0.000145701 0.000233449 3.2343e-05 7.62169e-05 -1.61177e-05 5.34203e-06 6.03055e-05 0.00023519 4.40175e-05 0 4.1418e-05 0.000134976 -5.70073e-06 5.3916e-05 0.000123884 -1.11154e-05 -2.03043e-05 1.86709e-05 2.675e-05 3.32311e-05 4.43095e-05 5.12277e-05 6.30373e-05
internal_weight=18315 6719 1560 158 5159 5100 1402 238 128 1164 592 11596 1698 525 131 513 4508 453 108 4055 260 127 3795 9898 1113 800 642 455 400 303
internal_count=18315 6719 1560 158 5159 5100 1402 238 128 1164 592 11596 1698 525 131 513 4508 453 108 4055 260 127 3795 9898 1113 800 642 455 400 303
is_linear=0
shrinkage=0.05


Tree=4
num_leaves=31
num_cat=0
split_feature=114 184 120 139 14 119 50 23 101 29 29 88 128 111 29 2 2 87 174 121 171 49 128 93 81 187 173 113 32 24
split_gain=0.00335619 0.0033909 0.00148567 0.0025407 0.00278363 0.00154142 0.0010903 0.000716433 0.00108944 0.000941359 0.00120559 0.00124986 0.000540323 0.000532147 0.00124238 0.000220503 0.00110217 0.000200962 0.000300407 0.000455335 0.000144874 0.000299996 0.0001275 8.27329e-05 0.00010579 8.41449e-05 0.000129767 7.86857e-05 6.16904e-05 5.6017e-05
threshold=30.150000000000002 9.4500000000000011 271.89275465000009 86.716077848590643 0.018659123000000003 6.5500000000000007 1013.2500000000001 22.659722222222225 -0.78045670000000189 35.650000000000006 23.950000000000003 32.612500000000011 9.9299403968017188 6.1500000000000012 23.950000000000003 0.0059917800000000012 0.0060912370000000002 1.0000000180025095e-35 4.5000000000000009 0.25000000000000006 -0.044102210999999995 972.25000000000011 8.6897550436737365 266.04093065000006 39.250000000000007 0.5168300261980846 62.500000000000007 1.4500000000000002 10.950000000000001 62.750000000000007
decision_type=2 2 8 2 2 10 2 2 2 2 2 2 2 2 2 2 2 2 8 10 2 2 2 2 2 2 8 2 2 2
left_child=2 -2 3 13 -5 -6 22 8 -8 10 -10 -12 -13 14 -1 27 -17 -9 19 29 21 -15 -3 -22 -25 26 -26 -4 -20 -19
right_child=1 6 15 4 5 -7 7 17 9 -11 11 12 -14 20 -16 16 -18 18 28 -21 23 -23 -24 24 25 -27 -28 -29 -30 -31
leaf_value=0.00024577252923336346 0.00038942795198955861 7.1561523293551491e-05 -2.0722881073768414e-05 7.8366514834267099e-07 0.00044797812501556216 0 0 0 0 0 0 0.00055448606539043957 0.00015854945448356579 0 0 0.00021941558103048527 -8.1109628559581048e-06 5.1537323755248472e-05 3.0247802134613882e-05 0.0002202332230799351 -1.1713449794791365e-05 0.00014292781494777256 -2.31688004136736e-06 -3.9905430370887008e-06 6.2553283695182156e-05 0 0 0 0 0
leaf_weight=73 73 60 10464 200 90 52 180 482 84 68 57 57 71 99 133 56 498 178 369 77 1808 51 1185 857 202 259 86 168 203 75
leaf_count=73 73 60 10464 200 90 52 180 482 84 68 57 57 71 99 133 56 498 178 369 77 1808 51 1185 857 202 259 86 168 203 75
internal_value=7.45561e-07 4.7337e-05 -8.86067e-06 1.70115e-05 0.000147375 0.000317428 3.76891e-05 6.1509e-05 0.000116876 0.000170272 0.000212157 0.000285556 0.000376556 3.07716e-06 8.11738e-05 -1.83518e-05 6.233e-06 3.71468e-05 5.16992e-05 9.48885e-05 -2.44008e-07 4.54765e-05 0 -3.94882e-06 2.49259e-06 2.17627e-05 4.03233e-05 -2.01035e-05 1.79342e-05 3.63382e-05
internal_weight=18315 3219 15096 3910 342 142 3146 1901 517 337 269 185 128 3568 206 11186 554 1384 902 330 3362 150 1245 3212 1404 547 288 10632 572 253
internal_count=18315 3219 15096 3910 342 142 3146 1901 517 337 269 185 128 3568 206 11186 554 1384 902 330 3362 150 1245 3212 1404 547 288 10632 572 253
is_linear=0
shrinkage=0.05


Tree=5
num_leaves=31
num_cat=0
split_feature=85 138 49 117 128 114 35 134 119 101 98 29 36 54 137 80 89 133 135 88 45 44 122 94 83 54 81 120 171 33
split_gain=0.00302728 0.00300635 0.00717723 0.00138961 0.00314596 0.00115008 0.000774004 0.000901901 0.00064442 0.000620044 0.00109459 0.000442583 0.000675356 0.000404635 0.000386837 0.000717326 0.00228751 0.00057286 0.000382009 0.000235677 0.000285581 0.000229546 0.000183037 8.92586e-05 8.22397e-05 8.05968e-05 6.82636e-05 9.46255e-05 3.84928e-05 2.77765e-05
threshold=278.1752831500001 3.7250000000000005 993.1500000000002 0.25000000000000006 8.3844366951598737 33.050000000000004 278.95179395000008 8.8000000000000025 6.6500000000000012 -0.78045670000000189 1.1000000000000012 30.650000000000002 272.98440595000005 0.17500000000000002 0.055000000000000007 24.462500000000006 27.750000000000004 85.89500000000001 27.540000000000003 29.737500000000008 83.500000000000014 767.50000000000011 6.5000000000000009 18.500000000000004 29.250000000000004 0.13500000000000004 39.550000000000004 268.07898190000009 -0.092243300999999986 0.98183353371523496
decision_type=2 2 2 2 2 2 2 2 8 2 2 2 2 2 2 2 2 2 2 2 2 2 2 2 2 2 2 10 2 2
left_child=3 2 25 5 -5 14 7 9 -3 -7 -11 12 -6 -14 15 -1 -17 -18 -10 -20 -21 22 -22 28 26 -2 -9 -28 -16 -29
right_child=1 8 -4 4 11 6 -8 24 18 10 -12 -13 13 -15 23 16 17 -19 19 20 21 -23 -24 -25 -26 -27 27 29 -30 -31
leaf_value=-1.6515553924819669e-05 6.5600583982940898e-05 0.0002041467390165875 0.00074157148462940584 0.00043804014778288548 0 0 0 0 0 0.00034546995787711307 0 0 0.00020052340106816374 0 0 0.00035244486986541011 0 0.00012432012119024876 0 0 0 0 0.00018878737465364019 0 0 0 0 8.5069070066262533e-05 -1.9316618487370069e-05 0
leaf_weight=1281 85 61 55 50 125 86 775 59 696 81 71 753 109 58 93 56 639 99 87 147 50 54 107 1088 207 63 52 112 11124 51
leaf_count=1281 85 61 55 50 125 86 775 59 696 81 71 753 109 58 93 56 639 99 87 147 50 54 107 1088 207 63 52 112 11124 51
internal_value=0 7.07512e-05 0.000252648 -5.58918e-06 4.81174e-05 -9.61166e-06 3.10981e-05 6.85243e-05 3.56908e-05 0.0001517 0.000214662 2.42798e-05 7.66866e-05 0.0001425 -1.41907e-05 3.88766e-06 4.30739e-05 1.23875e-05 2.21357e-05 5.82747e-05 7.65514e-05 0.000115287 0.000146512 -1.76457e-05 1.6766e-05 3.36388e-05 3.52182e-05 4.86744e-05 -1.90121e-05 6.7549e-05
internal_weight=18374 1405 203 16969 1095 15874 1494 719 1202 238 152 1045 292 167 14380 2075 794 738 1141 445 358 211 157 12305 481 148 274 215 11217 163
internal_count=18374 1405 203 16969 1095 15874 1494 719 1202 238 152 1045 292 167 14380 2075 794 738 1141 445 358 211 157 12305 481 148 274 215 11217 163
is_linear=0
shrinkage=0.05


Tree=6
num_leaves=31
num_cat=0
split_feature=85 138 49 117 128 114 35 131 136 124 2 119 29 36 53 135 137 80 89 133 120 45 187 98 90 67 83 120 81 137
split_gain=0.00278148 0.0027218 0.00644779 0.00127142 0.00283332 0.00105373 0.000718862 0.000734832 0.000831883 0.000778771 0.000654817 0.000573434 0.000397939 0.000619029 0.000423179 0.000353366 0.000350183 0.000651415 0.00206413 0.000519064 0.000225654 0.000295933 0.000283424 0.000322106 9.72302e-05 7.61871e-05 7.61318e-05 5.63827e-05 8.45377e-05 2.50345e-05
threshold=278.1752831500001 3.7250000000000005 993.1500000000002 0.25000000000000006 8.3844366951598737 33.050000000000004 278.95179395000008 86.399070695009968 0.14500000000000005 0.60355339059327384 3.2200000000000003e-05 6.6500000000000012 30.650000000000002 272.98440595000005 92.500000000000014 27.540000000000003 0.055000000000000007 24.462500000000006 27.750000000000004 85.89500000000001 272.18398430000008 83.500000000000014 0.57272434442857134 0.99999999999999967 25.692857142857147 7.0500000000000007 28.050000000000004 268.07898190000009 42.550000000000004 18.300000000000004
decision_type=2 2 2 2 2 2 2 2 2 2 2 8 2 2 2 2 2 2 2 2 8 2 2 2 2 2 2 10 2 2
left_child=3 2 25 5 -5 16 7 8 -7 10 -10 -3 13 -6 -15 -13 17 -1 -19 -20 21 -17 23 -23 29 -2 27 -9 -29 -18
right_child=1 11 -4 4 12 6 -8 26 9 -11 -12 15 -14 14 -16 20 24 18 19 -21 -22 22 -24 -25 -26 -27 -28 28 -30 -31
leaf_value=-1.569042034366667e-05 0 0.00019410404127425394 0.0007051550263151643 0.00041656758727827664 0 0 0 0 4.5119639638309867e-05 0 0.00040278542955533684 0 0 0.00020615686876987398 0 0 -1.865957126140625e-05 0.00033513179451243529 0 0.00011816627483058256 0 0.00026433945232262585 0 1.6757811078615751e-05 -4.4624828503638095e-07 5.9277064671929563e-05 0 0 7.8705019306807861e-05 0
leaf_weight=1281 52 61 55 50 125 72 775 59 64 55 63 696 753 97 70 149 10819 56 639 99 100 59 51 86 1426 96 189 112 105 60
leaf_count=1281 52 61 55 50 125 72 775 59 64 55 63 696 753 97 70 149 10819 56 639 99 100 59 51 86 1426 96 189 112 105 60
internal_value=9.86719e-08 6.79413e-05 0.000241285 -5.2276e-06 4.61211e-05 -9.08731e-06 2.98436e-05 6.59194e-05 0.000137937 0.00019462 0.000263368 3.43337e-05 2.3235e-05 7.29567e-05 0.000135995 2.12513e-05 -1.34815e-05 3.62542e-06 4.10585e-05 1.15548e-05 5.60101e-05 7.53277e-05 0.000117139 0.000152865 -1.67726e-05 3.17676e-05 1.56397e-05 3.31452e-05 4.51943e-05 -1.84528e-05
internal_weight=18374 1405 203 16969 1095 15874 1494 719 254 182 127 1202 1045 292 167 1141 14380 2075 794 738 445 345 196 145 12305 148 465 276 217 10879
internal_count=18374 1405 203 16969 1095 15874 1494 719 254 182 127 1202 1045 292 167 1141 14380 2075 794 738 445 345 196 145 12305 148 465 276 217 10879
is_linear=0
shrinkage=0.05


Tree=7
num_leaves=31
num_cat=0
split_feature=85 138 49 84 133 90 116 119 131 92 118 84 122 103 2 128 124 133 142 50 86 122 160 113 189 88 91 116 50 33
split_gain=0.00256248 0.0024596 0.00584728 0.00116864 0.00323783 0.000901716 0.000724249 0.000522286 0.000428648 0.000819056 0.00144003 0.000797154 0.000347991 0.000299255 0.000277099 0.00106414 0.00232965 0.000248216 0.000284096 0.000229288 0.000148055 0.000126531 9.09521e-05 8.90858e-05 8.03877e-05 7.98829e-05 8.18485e-05 6.65002e-05 5.25056e-05 6.57276e-05
threshold=278.1752831500001 4.0050000000000008 993.75000000000011 17.050000000000004 85.89500000000001 25.692857142857147 275.64563640000006 6.6500000000000012 86.399070695009968 11.750000000000002 29.050000000000004 0.15000000000000005 16.500000000000004 1660.9500000000003 0.0059917800000000012 9.4793745449579916 -0.37940952255126015 54.765000000000008 324.71721579655133 1022.9500000000002 6.5000000000000009 7.5000000000000009 0.55612244897959207 1.1500000000000001 34.550000000000004 36.112500000000004 30.850000000000005 291.51121605000009 1016.4500000000002 0.99656790264964101
decision_type=2 2 2 2 2 2 2 8 2 2 10 2 2 2 2 2 2 2 2 2 2 2 2 2 10 2 2 2 2 2
left_child=3 2 20 5 12 14 -7 -3 9 10 11 -8 -5 22 23 16 -16 18 -9 21 -2 -20 -14 27 -12 -10 28 -1 -27 -30
right_child=1 7 -4 4 -6 6 8 17 25 -11 24 -13 13 -15 15 -17 -18 -19 19 -21 -22 -23 -24 -25 -26 26 -28 -29 29 -31
leaf_value=-1.7803905248885688e-05 0 0.00018455537145435359 0.00070257843521140601 0 0.00037189585815013587 -7.2565043208091667e-06 0 0 0 0 0 0.00037469722074465845 0.00013200226698707846 0 0.00041003518401161205 -8.0073260580850877e-06 0 0 0 0 9.0690165904460526e-05 0.00014527973956079225 0 0 5.3378765301145057e-05 0 0 0 5.1436789554961071e-05 0
leaf_weight=11468 77 61 50 629 72 1532 51 279 296 296 105 77 117 75 50 510 65 622 51 52 89 124 50 277 76 128 209 488 326 72
leaf_count=11468 77 61 50 629 72 1532 51 279 296 296 105 77 117 75 50 510 65 622 51 52 89 124 50 277 76 128 209 488 326 72
internal_value=2.11443e-07 6.53328e-05 0.000224392 -4.88937e-06 4.84112e-05 -8.34047e-06 1.47835e-05 3.20712e-05 3.84686e-05 7.41159e-05 0.000131695 0.000263521 1.5541e-05 6.66847e-05 -1.44274e-05 1.40101e-05 0.000153983 1.92403e-05 4.52581e-05 8.75777e-05 4.70753e-05 0.00011486 0.000104332 -1.629e-05 1.0062e-05 1.2654e-05 2.22679e-05 -1.70334e-05 3.28753e-05 4.19105e-05
internal_weight=18374 1405 216 16969 943 16026 3168 1189 1636 605 309 128 871 242 12858 625 115 1128 506 227 166 175 167 12233 181 1031 735 11956 526 398
internal_count=18374 1405 216 16969 943 16026 3168 1189 1636 605 309 128 871 242 12858 625 115 1128 506 227 166 175 167 12233 181 1031 735 11956 526 398
is_linear=0
shrinkage=0.05


Tree=8
num_leaves=31
num_cat=0
split_feature=85 138 49 84 133 114 166 119 100 122 2 121 52 103 114 188 173 122 84 128 101 124 33 99 166 74 160 98 54 114
split_gain=0.00235621 0.00223552 0.00525985 0.00106063 0.00291988 0.00096552 0.000563877 0.000452203 0.000407249 0.000317104 0.000293389 0.000663484 0.000726603 0.000276435 0.000258042 0.000239323 0.000283136 0.000247985 0.000181027 0.000415737 0.000435818 0.000152102 0.000324122 0.00011581 0.000149889 8.12201e-05 7.44601e-05 7.32462e-05 6.92646e-05 6.87594e-05
threshold=278.1752831500001 3.7250000000000005 993.1500000000002 17.050000000000004 85.89500000000001 35.45000000000001 0.079928887041666688 6.6500000000000012 -0.35000000000002268 16.500000000000004 0.0031384280000000004 0.15000000000000005 15.500000000000002 1660.9500000000003 29.350000000000005 1.0000000180025095e-35 7.5000000000000009 10.500000000000002 2.9500000000000006 8.3844366951598737 0.74963539999998841 -0.9159756150367534 -0.97495245706644862 1.5999999999999661 0.022369473395833339 14.378571428571432 0.55612244897959207 0.14999999999999861 0.13500000000000004 30.650000000000002
decision_type=2 2 2 2 2 2 2 8 2 2 2 10 2 2 2 2 10 2 2 2 2 2 2 2 2 2 2 2 2 2
left_child=3 2 28 5 9 10 8 -3 -7 -5 18 21 -13 26 -9 -16 -17 -18 29 20 -20 22 -12 24 25 -10 -11 -19 -2 -1
right_child=1 7 -4 4 -6 6 -8 14 23 13 11 12 -14 -15 15 16 17 27 19 -21 -22 -23 -24 -25 -26 -27 -28 -29 -30 -31
leaf_value=-1.763760844469406e-05 5.7739673054319889e-05 0.00017547644063245482 0.00064009247217914635 0 0.0003535557887594161 0 0.00020096685654074275 0 0.00014149571682097912 0.00012545808807793799 0.0001464360238885722 0 0.00026488594438049798 0 0 0 0 0.00024511363224799147 0.00016587444454709018 -6.658251652408312e-06 0 -8.3920954592573322e-06 0 0 0 0 0 2.8734224043936201e-05 0 0
leaf_weight=10321 85 61 55 629 72 695 57 607 119 117 51 62 50 75 220 129 51 51 72 2749 63 1071 90 70 94 56 50 83 63 406
leaf_count=10321 85 61 55 629 72 695 57 607 119 117 51 62 50 75 220 129 51 51 72 2749 63 1071 90 70 94 56 50 83 63 406
internal_value=3.0533e-07 6.27555e-05 0.000220385 -4.57418e-06 4.61749e-05 -7.87502e-06 3.64382e-05 3.18169e-05 2.23522e-05 1.46554e-05 -1.14491e-05 8.82423e-06 0.000124868 6.35069e-05 1.96114e-05 4.50197e-05 7.30869e-05 0.000113367 -1.3789e-05 -7.38494e-07 8.22032e-05 0 4.63268e-05 6.71965e-05 8.22091e-05 0.00011179 9.97359e-05 0.00014933 2.7606e-05 -1.68312e-05
internal_weight=18374 1405 203 16969 943 16026 1091 1202 1034 871 14935 1324 112 242 1141 534 314 185 13611 2884 135 1212 141 339 269 175 167 134 148 10727
internal_count=18374 1405 203 16969 943 16026 1091 1202 1034 871 14935 1324 112 242 1141 534 314 185 13611 2884 135 1212 141 339 269 175 167 134 148 10727
is_linear=0
shrinkage=0.05


Tree=9
num_leaves=31
num_cat=0
split_feature=103 14 51 114 23 117 120 128 43 122 95 85 53 160 171 121 84 128 138 114 170 187 84 101 8 124 118 22 90 83
split_gain=0.0022053 0.00312078 0.00317253 0.00118932 0.00407086 0.000692171 0.000693641 0.000877866 0.000492831 0.000322445 0.000258709 0.000225709 0.000251793 0.00022444 0.000196675 0.000173134 0.000141156 0.000321489 0.0002216 0.000136257 0.000115924 0.00016041 0.000106851 0.000204647 0.00030738 8.15554e-05 7.88058e-05 7.2001e-05 6.86189e-05 8.95447e-05
threshold=1531.3000000000002 0.061309237500000009 9.5000000000000018 32.550000000000004 18.550694444444449 0.25000000000000006 268.07898190000009 9.6150385188220877 0.35550000000000004 9.5000000000000018 6.5000000000000009 278.3444475500001 184.50000000000003 0.28265306122448991 -6.4499999999999967e-06 0.25000000000000006 7.450000000000002 8.6897550436737365 5.8700000000000001 38.050000000000004 0.55595321333058634 0.58426287333064419 8.7500000000000018 -2.2840438000000058 0.0019815941736443352 -0.98296291314453399 22.950000000000003 3.5000000000000004 25.878571428571433 16.650000000000002
decision_type=2 2 2 2 2 2 10 2 2 2 2 2 2 2 2 10 2 2 2 2 2 2 2 2 2 2 10 2 2 2
left_child=1 3 -3 5 -5 11 7 -7 19 -10 13 22 -13 14 -11 16 25 18 -18 -6 21 -21 -1 24 -24 27 28 -2 29 -8
right_child=15 2 -4 4 8 6 26 -9 9 10 -12 12 -14 -15 -16 -17 17 -19 -20 20 -22 -23 23 -25 -26 -27 -28 -29 -30 -31
leaf_value=-1.3596940667964713e-05 5.0963446962102183e-05 0 0.00049887558520588632 0.00049421055487879853 0 0.00024585771759792931 0 2.4726882123653562e-05 0 0.0001948138345085681 0 9.6232658678845042e-07 0.00012960942122286693 0 0 5.1786752654600742e-05 0.00012275879706730313 -6.5427010523692658e-06 0 0.00012127075373427941 1.4142738279871162e-07 0 0 0 0.00015924106849328669 -1.6720189320866817e-05 -9.5319875912679383e-08 -1.5271845905801858e-06 0 8.0193512614778719e-05
leaf_weight=2904 68 78 69 52 630 91 51 221 102 149 53 443 56 86 74 72 84 1793 54 82 330 58 50 527 50 9274 355 338 88 92
leaf_count=2904 68 78 69 52 630 91 51 221 102 149 53 443 56 86 74 72 84 1793 54 82 330 58 50 527 50 9274 355 338 88 92
internal_value=4.21094e-07 2.3569e-05 0.000253223 1.76084e-05 5.5116e-05 4.28568e-06 4.44177e-05 0.000105777 3.70156e-05 8.279e-05 0.000104885 -3.42529e-06 2.563e-05 0.000122344 0.00015238 -1.24089e-05 -1.3242e-05 0 7.23166e-05 1.31082e-05 3.35393e-05 7.62426e-05 -8.9531e-06 4.58082e-06 7.20832e-05 -1.57092e-05 3.10597e-06 0 2.95566e-05 5.0978e-05
internal_weight=18374 6691 147 6544 1616 4928 898 312 1564 464 362 4030 499 309 223 11683 11611 1931 138 1100 470 140 3531 627 100 9680 586 406 231 143
internal_count=18374 6691 147 6544 1616 4928 898 312 1564 464 362 4030 499 309 223 11683 11611 1931 138 1100 470 140 3531 627 100 9680 586 406 231 143
is_linear=0
shrinkage=0.05


Tree=10
num_leaves=31
num_cat=0
split_feature=103 13 81 81 128 164 175 120 101 110 88 23 43 50 22 168 110 137 43 33 113 90 117 112 85 2 176 73 137 128
split_gain=0.0022346 0.0025952 0.0041103 0.00101821 0.000963885 0.00108632 0.00159943 0.00328545 0.000476709 0.000470691 0.000467082 0.000647528 0.0004929 0.000482925 0.000365586 0.00303597 0.000250144 0.000174986 0.000159945 0.000133291 0.00011075 0.000246785 9.76088e-05 7.33403e-05 5.78895e-05 3.86013e-05 2.96917e-05 2.78517e-05 2.53106e-05 2.48593e-05
threshold=1488.1000000000001 0.0039296913055555565 45.750000000000007 30.250000000000004 9.4838347729937542 0.31250000000000006 11.500000000000002 267.77090475000006 4.9633629500000049 21.550000000000004 31.837500000000006 18.664583333333336 0.35550000000000004 1020.6500000000002 1.0000000180025095e-35 0.0013295343333333336 12.250000000000002 0.18500000000000003 0.35550000000000004 0.88251439764886974 0.8500000000000002 19.445918367346945 0.8500000000000002 283.91416495000004 271.07534405000007 0.00047193950000000006 24.500000000000004 52.150000000000013 18.300000000000004 8.820330215695984
decision_type=2 2 2 2 2 2 10 10 2 2 2 2 2 2 2 2 2 2 2 2 2 2 2 2 2 2 8 2 2 2
left_child=1 3 -3 24 5 16 18 -8 -9 10 -6 -12 -13 -14 15 29 -5 -15 -7 -20 27 -22 25 -24 -1 -11 -25 28 -16 -2
right_child=14 2 -4 4 9 6 7 8 -10 22 11 12 13 17 20 -17 -18 -19 19 -21 21 -23 23 26 -26 -27 -28 -29 -30 -31
leaf_value=0 0 0 0.00057798754967106189 9.112687922090712e-05 0 0 0.0004489168963408126 0 0.0001660529937099336 -1.1140715834982946e-05 0.00020326677821209333 6.5402467766286949e-06 0 0 -1.5438295302994528e-05 0.00036307497729042861 0 0.00016551281455378066 0 0.00011147467314072636 8.1195549777001591e-05 -4.2935874047987117e-06 0 6.5779446573894043e-05 -1.6502263748447164e-05 0 0 0 0 -1.157362216169065e-05
leaf_weight=181 76 71 54 97 458 201 97 166 91 1262 83 698 61 52 10417 59 612 150 56 65 91 565 76 101 1419 319 82 73 63 520
leaf_count=181 76 71 54 97 458 201 97 166 91 1262 83 698 61 52 10417 59 612 150 56 65 91 565 76 101 1419 319 82 73 63 520
internal_value=1.3956e-06 2.53161e-05 0.000253516 1.99782e-05 3.19595e-05 6.8176e-05 0.000115103 0.000190485 7.22023e-05 1.5439e-05 3.62366e-05 5.48271e-05 3.66111e-05 9.71524e-05 -1.11927e-05 2.23307e-05 1.62915e-05 0.00013499 1.6418e-05 6.3176e-05 -1.35995e-05 6.0609e-08 0 2.65857e-05 -1.2294e-05 -6.17152e-06 4.46677e-05 -1.49224e-05 -1.51944e-05 -3.57712e-06
internal_weight=18316 6452 125 6327 4727 1385 676 354 257 3342 1502 1044 961 263 11864 655 709 202 322 121 11209 656 1840 259 1600 1581 183 10553 10480 596
internal_count=18316 6452 125 6327 4727 1385 676 354 257 3342 1502 1044 961 263 11864 655 709 202 322 121 11209 656 1840 259 1600 1581 183 10553 10480 596
is_linear=0
shrinkage=0.05


Tree=11
num_leaves=31
num_cat=0
split_feature=103 13 54 126 103 139 50 67 88 110 141 187 189 189 131 131 174 137 98 113 80 44 101 10 6 134 84 2 169 55
split_gain=0.00205166 0.00233629 0.00356115 0.000977359 0.00108713 0.000873227 0.0011279 0.00120419 0.000714235 0.000732079 0.000629638 0.000913086 0.0013436 0.00039207 0.000340767 0.00279992 0.000308025 0.000357228 0.000572627 0.000189201 0.00028742 0.000147208 0.000139491 0.000101376 0.000126459 0.000133281 4.35695e-05 3.41307e-05 4.37005e-05 3.37793e-05
threshold=1488.1000000000001 0.0039296913055555565 0.095000000000000015 10.500000000000002 611.45000000000005 89.033414029013926 1016.85 13.850000000000003 32.812500000000007 20.950000000000003 33.610000000000007 0.53131075191132748 34.550000000000004 24.500000000000004 33.15434016127945 32.789184554052362 3.5000000000000004 0.97500000000000009 2.9000000000000017 0.8500000000000002 27.962500000000006 1017.5000000000001 -0.78045670000000189 3.9900000000000002 0.0078930555555555577 9.2150000000000016 15.850000000000003 0.00021126900000000001 0.00060604966666666686 13.27569300000002
decision_type=2 2 2 2 2 2 2 2 2 2 2 2 10 8 2 2 8 2 2 2 2 2 2 2 2 2 2 2 2 2
left_child=1 3 -3 -1 -5 8 7 -7 26 10 22 12 13 -12 15 19 17 -11 -19 29 -21 -8 -10 -24 25 -25 -6 -18 -29 -2
right_child=14 2 -4 4 5 6 21 -9 9 16 11 -13 -14 -15 -16 -17 27 18 -20 20 -22 -23 23 24 -26 -27 -28 28 -30 -31
leaf_value=-1.4220951268805548e-05 -1.3590474529175579e-05 0 0.00055865627352921787 0.00021727042247762473 -1.0525194428569094e-05 0.00042070483991362085 0 0 0 0 0.00019095940686053261 0 0.00043096304614244639 1.4646473173966763e-05 -1.3969756633659572e-05 0.0003452237996001107 -4.2780989553640762e-06 0.00020887985211103161 0 0.00013536145862323384 0 8.5158456081533624e-05 0 0.00016409835323044056 0 0 6.4148184849985745e-06 4.9142404854541789e-05 0 0
leaf_weight=1468 1157 74 51 83 1386 53 118 53 237 273 87 193 51 174 10420 59 1130 75 88 57 77 50 158 58 99 90 133 71 199 94
leaf_count=1468 1157 74 51 83 1386 53 118 53 237 273 87 193 51 174 10420 59 1130 75 88 57 77 50 158 58 99 90 133 71 199 94
internal_value=1.44766e-06 2.43756e-05 0.000241131 1.92657e-05 3.04123e-05 2.60735e-05 0.000116451 0.000247362 1.9438e-05 3.3937e-05 6.62963e-05 0.000111427 0.000165424 9.3006e-05 -1.06008e-05 1.02421e-05 1.09744e-05 4.7628e-05 0.000107192 -6.59195e-07 5.04916e-05 3.29102e-06 2.29018e-05 4.11047e-05 6.15465e-05 9.17966e-05 -5.74925e-06 0 1.54427e-05 -1.01677e-05
internal_weight=18316 6452 125 6327 4859 4776 274 106 4502 2983 1147 505 312 261 11864 1444 1836 436 163 1385 134 168 642 405 247 148 1519 1400 270 1251
internal_count=18316 6452 125 6327 4859 4776 274 106 4502 2983 1147 505 312 261 11864 1444 1836 436 163 1385 134 168 642 405 247 148 1519 1400 270 1251
is_linear=0
shrinkage=0.05


Tree=12
num_leaves=31
num_cat=0
split_feature=117 19 1 114 28 121 173 112 90 21 137 33 32 36 173 170 171 85 114 21 126 81 14 185 135 171 115 114 189 21
split_gain=0.00181564 0.00179378 0.00300573 0.00154854 0.00181779 0.000592763 0.000451063 0.000472963 0.000770906 0.000444391 0.00042263 0.00113568 0.00474914 0.000637101 0.00163274 0.00041494 0.000740901 0.000273111 0.000272162 0.000363531 0.00016447 0.000113621 8.18203e-05 8.98861e-05 5.54546e-05 4.85887e-05 4.01811e-05 3.91267e-05 3.78246e-05 6.39813e-05
threshold=0.8500000000000002 -0.0040257142857142826 0.0060492005000000008 33.050000000000004 10.500000000000002 0.15000000000000005 39.500000000000007 281.70343730000008 25.423469387755109 0.46527777777777785 0.055000000000000007 -0.99799484117595971 12.450000000000001 275.20394130000005 39.500000000000007 0.8552409622780891 0.00090084449999999999 276.11494225000007 26.250000000000004 0.68750000000000011 18.500000000000004 41.45000000000001 0.023353200500000001 0.00017197305052978916 19.835000000000004 -0.0056580554999999975 14.350000000000003 30.850000000000005 34.800000000000004 0.52083333333333337
decision_type=2 2 2 2 2 10 10 2 2 2 2 2 2 2 10 2 2 2 2 2 2 2 2 10 2 2 2 2 8 2
left_child=3 2 -2 10 -5 20 24 -8 -9 -7 11 12 -1 26 -15 16 -11 27 -19 25 21 -6 23 -23 -3 -20 -13 -12 -26 -30
right_child=1 6 -4 4 5 9 7 8 -10 15 17 13 -14 14 -16 -17 -18 18 19 -21 -22 22 -24 -25 28 -27 -28 -29 29 -31
leaf_value=0 0.000549190397719298 0 0 0.00026515943595738499 0 3.5883728506146425e-06 0 0.00028718609436047981 0 0.00030234047662716342 -1.4206476160829738e-05 -1.5589524035990341e-05 0.000542376578459345 0 0.00023197219203866554 0 0 -7.316294969157524e-06 2.9073853632166236e-05 0.00016235559350299533 0 0 0 9.9845091749748549e-05 0 0 0 0 6.8894086903912528e-05 0
leaf_weight=142 50 278 54 90 130 214 86 64 61 72 11285 1620 50 364 99 70 57 745 238 58 1012 51 76 118 134 330 131 460 86 91
leaf_count=142 50 278 54 90 130 214 86 64 61 72 11285 1620 50 364 99 70 57 745 238 58 1012 51 76 118 134 330 131 460 86 91
internal_value=1.52888e-06 7.07241e-05 0.000273736 -1.78032e-06 4.05457e-05 2.63978e-05 3.77816e-05 0.000103049 0.00016508 8.0384e-05 -7.25844e-06 1.09907e-05 0.000127347 0 5.2916e-05 0.000137537 0.000192567 -1.09878e-05 7.93814e-06 3.40496e-05 6.67395e-06 3.54679e-05 5.54747e-05 7.52095e-05 5.79086e-06 1.18982e-05 -1.29432e-05 -1.36232e-05 2.25336e-05 3.76995e-05
internal_weight=18316 904 104 17412 1890 1800 800 211 125 413 15522 2406 192 2214 463 199 129 13116 1371 626 1387 375 245 169 589 568 1751 11745 311 177
internal_count=18316 904 104 17412 1890 1800 800 211 125 413 15522 2406 192 2214 463 199 129 13116 1371 626 1387 375 245 169 589 568 1751 11745 311 177
is_linear=0
shrinkage=0.05


Tree=13
num_leaves=31
num_cat=0
split_feature=103 14 81 114 23 117 14 112 43 116 94 139 89 174 131 131 119 36 133 116 42 113 82 128 174 89 115 42 115 88
split_gain=0.00176081 0.00182194 0.00374369 0.000887448 0.00181283 0.000852627 0.000699108 0.000757711 0.00059536 0.000396726 0.000438028 0.000519947 0.000696847 0.000416995 0.000299977 0.00249982 0.000249414 0.00022562 0.000577888 0.000225613 0.000569745 0.000153649 0.000222988 0.000126061 0.000258152 0.000344815 5.97583e-05 4.09496e-05 3.35907e-05 2.59609e-05
threshold=1488.1000000000001 0.061309237500000009 45.750000000000007 32.550000000000004 18.664583333333336 0.8500000000000002 0.018475221000000003 291.38834695000008 0.35550000000000004 280.38023150000009 22.500000000000004 33.617228999118097 40.250000000000007 8.5000000000000018 33.15434016127945 32.789184554052362 8.5500000000000025 270.99710890000006 80.390000000000015 292.40618020000005 0.85500000000000009 0.8500000000000002 26.370000000000008 9.4017455261924869 7.5000000000000009 44.250000000000007 14.65 0.67500000000000016 15.15 40.662500000000016
decision_type=2 2 2 2 2 2 2 2 2 2 2 2 2 10 2 2 10 2 2 2 2 2 2 2 8 2 2 2 2 2
left_child=1 3 -3 5 -5 17 16 -8 23 -10 11 -11 -13 -14 15 21 -7 26 19 -19 -21 27 -23 24 25 -6 29 -2 -12 -1
right_child=14 2 -4 4 8 6 7 -9 9 10 28 12 13 -15 -16 -17 -18 18 -20 20 -22 22 -24 -25 -26 -27 -28 -29 -30 -31
leaf_value=-1.5324300242325767e-05 -1.3112819012555389e-05 0 0.00052572500238999391 0.00035374216699577896 0 9.8440257673626291e-05 0.00029013087706424408 0 0 0 0 0 0.00039845397533281359 4.3259724749739024e-05 -1.2749735926611655e-05 0.00032638768207592274 0 -5.2218947755004001e-07 0.00013597539139966025 0.00016879945380579947 0 0.00012231754313298942 0 0 0 0.00017256664375467649 0 0 2.9985601495136507e-05 0
leaf_weight=2039 1198 77 54 51 51 78 68 63 62 51 51 51 59 54 10420 59 332 1211 93 69 59 55 79 796 159 65 662 53 124 73
leaf_count=2039 1198 77 54 51 51 78 68 63 62 51 51 51 59 54 10420 59 332 1211 93 69 59 55 79 796 159 65 662 53 124 73
internal_value=1.5689e-06 2.28214e-05 0.000210375 1.81108e-05 5.11162e-05 6.10545e-06 6.52571e-05 0.000172193 3.7476e-05 8.77222e-05 0.000107014 0.000160214 0.000203667 0.000274443 -9.56837e-06 9.92129e-06 1.85885e-05 -3.2819e-07 1.44627e-05 2.19651e-06 6.64823e-05 -1.78207e-07 4.55727e-05 1.15441e-05 4.07365e-05 9.71119e-05 -9.76782e-06 -9.10488e-06 1.27063e-05 -1.40002e-05
internal_weight=18316 6452 131 6321 1574 4747 541 131 1523 452 390 215 164 113 11864 1444 410 4206 1432 1339 128 1385 134 1071 275 116 2774 1251 175 2112
internal_count=18316 6452 131 6321 1574 4747 541 131 1523 452 390 215 164 113 11864 1444 410 4206 1432 1339 128 1385 134 1071 275 116 2774 1251 175 2112
is_linear=0
shrinkage=0.05


Tree=14
num_leaves=31
num_cat=0
split_feature=117 128 116 112 81 142 173 112 90 133 36 173 2 104 88 55 99 63 122 61 164 115 142 116 136 100 21 112 137 48
split_gain=0.00155444 0.00351558 0.00133971 0.00183574 0.000451213 0.000718886 0.000405938 0.000404322 0.000644661 0.000358787 0.00126132 0.00102342 0.00031994 0.00210357 0.000326616 0.000318896 0.000145338 0.000118525 0.000154827 8.6439e-05 8.15433e-05 7.80397e-05 8.34441e-05 0.000160555 7.11878e-05 5.69938e-05 5.64216e-05 3.58687e-05 2.93935e-05 6.26369e-05
threshold=0.8500000000000002 8.3844366951598737 292.40618020000005 286.02616050000006 41.650000000000013 324.71721579655133 39.500000000000007 281.70343730000008 25.423469387755109 80.210000000000022 274.53168485000009 15.500000000000002 0.0031384280000000004 20.550000000000008 47.612500000000011 6.6515662500000312 -1.9000000000000339 3.3526000000000002 9.5000000000000018 155.15000000000001 0.46527777777777785 16.450000000000003 317.58550324999493 277.69057170000002 0.57500000000000007 -4.9999999999999423 0.50694444444444453 290.44738900000004 0.56500000000000006 83.500000000000014
decision_type=2 2 2 2 2 2 10 2 2 2 2 10 2 2 2 2 2 2 2 2 2 2 2 2 2 2 2 2 2 2
left_child=2 -2 9 4 -4 19 25 -8 -9 12 28 16 14 17 21 -16 -12 18 -14 20 -6 27 -23 -24 -25 26 -3 -1 -11 -30
right_child=1 6 3 -5 5 -7 7 8 -10 10 11 -13 13 -15 15 -17 -18 -19 -20 -21 -22 22 23 24 -26 -27 -28 -29 29 -31
leaf_value=-1.349714134610008e-05 0.00047756914519613578 4.8483527039811326e-05 0 0.00027489952278597998 7.8513538903153383e-05 0.00018838705467291817 0 0.00026785720207352337 0 -9.304279829221746e-06 0 0.00025069121874830863 0 0.00024278417013502284 0.00012135571352615337 0 7.3579364879665458e-05 -1.1413558589333887e-05 7.8345899663596045e-05 0 0 -7.4463455048680496e-06 0 8.0591145685916267e-05 0 0 0 0 0 5.6276210909488199e-05
leaf_weight=11415 50 132 589 88 85 100 83 64 62 835 98 97 112 93 84 153 68 910 91 247 61 1325 213 109 76 423 90 419 94 50
leaf_count=11415 50 132 589 88 85 100 83 64 62 835 98 97 112 93 84 153 68 910 91 247 61 1325 213 109 76 423 90 419 94 50
internal_value=1.61133e-06 6.563e-05 -1.42884e-06 4.98139e-05 2.66538e-05 6.19753e-05 3.51335e-05 9.85883e-05 0.000155019 -5.4308e-06 1.92603e-05 0.000116946 -7.80969e-06 1.52807e-05 -1.01919e-05 4.37032e-05 7.82107e-06 0 2.95088e-05 1.67226e-05 4.71124e-05 -1.1506e-05 0 1.84e-05 5.37053e-05 6.71147e-06 2.77386e-05 -1.29671e-05 -1.97274e-06 5.82821e-06
internal_weight=18316 904 17412 1170 1082 493 854 209 126 16242 1242 263 15000 1206 13794 237 166 1113 203 393 146 13557 1723 398 185 645 222 11834 979 144
internal_count=18316 904 17412 1170 1082 493 854 209 126 16242 1242 263 15000 1206 13794 237 166 1113 203 393 146 13557 1723 398 185 645 222 11834 979 144
is_linear=0
shrinkage=0.05


Tree=15
num_leaves=31
num_cat=0
split_feature=85 186 53 84 133 114 35 119 174 81 138 99 118 138 2 124 133 117 90 177 93 15 126 171 67 29 81 73 117 38
split_gain=0.00126224 0.00154058 0.00200244 0.000668357 0.00233103 0.000538271 0.000395314 0.0006062 0.000513614 0.000296127 0.000356885 0.000514844 0.00027881 0.000232132 0.000157758 0.000836114 0.0015055 0.000125726 0.000117048 0.000100172 9.80442e-05 8.11954e-05 6.6836e-05 4.8856e-05 4.81911e-05 6.37287e-05 9.77326e-05 3.42319e-05 3.20937e-05 2.95195e-05
threshold=278.1752831500001 -3.9973939293775523e-05 169.50000000000003 18.650000000000006 84.075000000000017 34.250000000000007 278.95179395000008 14.750000000000002 4.5000000000000009 40.250000000000007 4.6950000000000012 -2.1500000000000337 24.950000000000003 4.6100000000000003 0.0031384280000000004 -0.9159756150367534 67.820000000000007 1.0000000180025095e-35 26.155102040816331 -7.8140403478260928e-05 265.43303845000008 0.0033833333333333337 58.500000000000007 -0.044102210999999995 10.950000000000001 49.600000000000001 42.050000000000004 34.250000000000007 2.2500000000000004 0.65000000000000002
decision_type=2 8 2 2 2 2 2 10 10 2 2 2 8 2 2 2 2 2 2 2 2 2 2 2 2 2 2 2 2 2
left_child=3 2 12 5 17 14 7 8 -7 -3 11 -11 13 -2 19 16 -16 -5 20 -1 -19 -17 27 -21 25 26 -9 -23 29 -25
right_child=1 9 -4 4 -6 6 -8 24 -10 10 -12 -13 -14 -15 15 21 -18 18 -20 23 -22 22 -24 28 -26 -27 -28 -29 -30 -31
leaf_value=3.1754118110855617e-05 0.00018662297067984819 -2.4894075375507925e-06 0.00040504575929722414 -7.815690585070128e-07 0.00032856118119125867 0.00021071143238358595 0 0 0 0 0 0.00018609651123399973 0 0 0 -1.6991669336266206e-05 0.00033598444339252013 0 0 0 7.9775443250811626e-05 5.9577739073817313e-05 0 -1.2457538117455807e-05 0 0 5.3824040810402073e-05 0 0 0
leaf_weight=78 53 600 66 387 65 100 671 75 97 81 366 90 83 88 97 745 51 50 100 411 138 74 242 12409 171 70 196 64 98 520
leaf_count=78 53 600 66 387 65 100 671 75 97 81 366 90 83 88 97 745 51 50 100 411 138 74 242 12409 171 70 196 64 98 520
internal_value=2.4613e-07 4.56326e-05 0.00015048 -3.29096e-06 4.23674e-05 -5.69229e-06 2.31966e-05 4.93818e-05 0.000127134 1.43882e-05 4.25092e-05 0.000104113 5.17844e-05 9.56957e-05 -8.72744e-06 5.73885e-06 0.000118896 6.96628e-06 3.46452e-05 -1.04602e-05 5.81688e-05 -4.79949e-06 5.9621e-06 -1.10796e-05 9.52922e-06 2.21017e-05 3.46401e-05 3.60489e-05 -1.16621e-05 -1.19684e-05
internal_weight=18336 1427 290 16909 740 16169 1380 709 197 1137 537 171 224 141 14789 1273 148 675 288 13516 188 1125 380 13438 512 341 271 138 13027 12929
internal_count=18336 1427 290 16909 740 16169 1380 709 197 1137 537 171 224 141 14789 1273 148 675 288 13516 188 1125 380 13438 512 341 271 138 13027 12929
is_linear=0
shrinkage=0.05


Tree=16
num_leaves=31
num_cat=0
split_feature=103 13 122 114 43 141 1 180 117 119 131 33 114 21 36 101 105 56 139 128 50 116 100 53 185 185 185 115 188 53
split_gain=0.00120111 0.00112967 0.00202145 0.000690652 0.00127233 0.000642901 0.000978823 0.00111324 0.000463118 0.000985113 0.000157567 0.000873239 0.00128146 0.000158575 0.000356531 0.000138927 0.000355619 0.000132518 0.00031542 0.000339548 9.79065e-05 9.35814e-05 9.6096e-05 8.852e-05 9.91074e-05 7.93285e-05 0.000180094 7.36468e-05 7.29406e-05 3.63594e-05
threshold=1502.4000000000003 0.0039296913055555565 9.5000000000000018 32.850000000000001 0.35550000000000004 33.610000000000007 0.035861137500000008 0.15972222222222224 0.35000000000000003 6.5500000000000007 33.15434016127945 -0.99799484117595971 13.950000000000001 0.39583333333333343 275.20394130000005 1.4874858499999848 11.500000000000002 -1.1291043999999884 83.777273392101407 9.6606001815219589 1021.2500000000001 286.24530300000009 -2.7499999999999996 194.50000000000003 0.00044302703842325381 0.00083973562940705142 0.00098979100113919861 14.850000000000003 1.5000000000000002 169.50000000000003
decision_type=2 2 2 2 2 2 2 2 2 10 2 2 2 2 2 2 2 2 2 2 2 2 2 2 8 8 10 2 2 2
left_child=1 3 -3 8 25 15 7 -7 17 -10 11 12 -2 14 -13 -6 -17 27 20 -20 -19 22 23 24 -11 -5 -27 -1 -26 -29
right_child=10 2 -4 4 5 6 -8 -9 9 21 -12 13 -14 -15 -16 16 -18 18 19 -21 -22 -23 -24 -25 28 26 -28 29 -30 -31
leaf_value=-1.3178162672874067e-05 0 0 0.00037422330238952436 0 0 2.0918112573921317e-05 0 0.00048737717342961474 0.0002142311949520062 0 -1.1290070241754066e-05 0 0.00032536819553249247 -1.6209225657949724e-05 0.00012551462781499196 0.0001783500325055448 0 -1.7778724214404853e-06 0.00018463674530301853 0 6.6924264662062609e-05 0 0 0 8.9458511429170426e-05 8.8484511761635078e-05 0 0 0 3.0771078994907458e-05
leaf_weight=2284 55 65 61 761 133 51 80 51 76 81 10325 257 50 994 65 53 94 919 51 59 53 250 131 82 157 91 205 652 55 95
leaf_count=2284 55 65 61 761 133 51 80 51 76 81 10325 257 50 994 65 53 94 919 51 59 53 250 131 82 157 91 205 652 55 95
internal_value=3.21554e-07 1.76645e-05 0.000169042 1.39147e-05 4.37509e-05 0.000114013 0.000197588 0.000305159 3.73169e-06 3.81122e-05 -8.9836e-06 4.25522e-06 0.000143915 -3.19216e-06 2.14369e-05 4.13864e-05 7.48252e-05 -2.01519e-06 1.11771e-05 9.12302e-05 0 1.35425e-05 2.7116e-05 4.03781e-05 5.32714e-05 8.23555e-06 3.01556e-05 -8.37576e-06 7.12759e-05 0
internal_weight=18336 6590 126 6464 1519 462 182 102 4945 832 11746 1421 105 1316 322 280 147 4113 1082 110 972 756 506 375 293 1057 296 3031 212 747
internal_count=18336 6590 126 6464 1519 462 182 102 4945 832 11746 1421 105 1316 322 280 147 4113 1082 110 972 756 506 375 293 1057 296 3031 212 747
is_linear=0
shrinkage=0.05


Tree=17
num_leaves=31
num_cat=0
split_feature=103 133 62 30 114 23 62 2 29 116 137 124 32 120 114 185 123 47 33 118 55 101 131 55 75 135 26 45 115 44
split_gain=0.00110675 0.00131995 0.00241964 0.000916082 0.000867055 0.00163253 0.00245355 0.000253349 0.000333365 0.000467606 0.000164409 0.000593563 0.00261536 0.000139356 0.000114241 0.000108859 0.000101678 0.000115362 0.000139153 0.000320247 8.76153e-05 0.000204375 0.000275272 8.63917e-05 5.25655e-05 6.32155e-05 0.00010768 0.000322405 2.67867e-05 2.60145e-05
threshold=1502.4000000000003 80.210000000000022 31.850000000000005 -2.2814285714285698 29.350000000000005 18.550694444444449 21.650000000000002 0.00091637800000000014 45.150000000000013 282.35118770000003 0.055000000000000007 -0.9159756150367534 12.450000000000001 269.74610625000008 38.050000000000004 0.00085175717129231212 1.0000000180025095e-35 4.5000000000000009 0.28363710479102655 25.950000000000003 11.774801650000031 -2.1442027499999763 35.763851858544577 12.77624690000002 9.8500000000000032 26.400000000000002 7.5000000000000009 72.500000000000014 17.250000000000004 1237.5000000000002
decision_type=2 2 2 2 2 2 2 2 2 2 2 2 2 10 2 10 2 2 2 10 2 2 2 2 2 2 2 2 2 2
left_child=1 4 3 -3 13 6 -6 14 9 -9 11 12 -2 16 24 -16 17 -1 -19 -20 -13 22 -22 29 25 -7 27 -27 -15 -5
right_child=10 2 -4 23 5 7 -8 8 -10 -11 -12 20 -14 28 15 -17 -18 18 19 -21 21 -23 -24 -25 -26 26 -28 -29 -30 -31
leaf_value=0 0 0.00020914120374928809 0.00036131775091317571 -1.5834635538614646e-05 0.00046290142308730124 0 0 0 1.0825502674789248e-06 0.0001708423025981271 -1.113066363371854e-05 -1.2493212030079758e-05 0.00038177493812029508 -1.3622976410936265e-05 5.1206204041555064e-06 9.0055495220137051e-05 0 0 0.00013849784097812024 0 0.0001523679614183493 0 0 4.7777246011893555e-05 -3.4700910915338069e-06 0 0 0.00015683734509564767 0 0
leaf_weight=151 165 67 76 264 54 165 55 51 254 119 10015 1241 54 2358 401 89 788 106 90 116 53 150 68 93 977 53 72 54 86 51
leaf_count=151 165 67 76 264 54 165 55 51 254 119 10015 1241 54 2358 401 89 788 106 90 116 53 150 68 93 977 53 72 54 86 51
internal_value=3.96591e-07 1.7052e-05 9.21503e-05 3.79107e-05 9.3581e-06 3.34238e-05 0.000226663 2.16663e-05 5.94152e-05 0.000116815 -8.52282e-06 3.67618e-06 8.19633e-05 -4.56056e-06 1.0041e-05 3.08829e-05 6.59367e-06 2.57904e-05 4.36744e-05 6.75633e-05 -4.40501e-06 1.4161e-05 6.80816e-05 0 0 1.86219e-05 3.92765e-05 7.11594e-05 -1.23154e-05 -2.11132e-06
internal_weight=18336 6590 551 475 6039 2344 109 2235 424 170 11746 1731 219 3695 1811 490 1251 463 312 206 1512 271 121 408 1321 344 179 107 2444 315
internal_count=18336 6590 551 475 6039 2344 109 2235 424 170 11746 1731 219 3695 1811 490 1251 463 312 206 1512 271 121 408 1321 344 179 107 2444 315
is_linear=0
shrinkage=0.05


Tree=18
num_leaves=31
num_cat=0
split_feature=114 29 33 117 119 28 121 133 56 100 137 21 100 55 116 100 50 124 2 53 185 59 126 164 21 29 28 90 133 114
split_gain=0.00102847 0.00208911 0.00216452 0.000752097 0.00126223 0.00180827 0.000356553 0.000252923 0.00097959 0.00115819 0.000774729 0.000239623 0.000238264 0.000227742 0.000118753 0.000147892 0.000431674 8.69539e-05 0.00122749 7.65563e-05 7.26236e-05 9.56598e-05 4.1243e-05 3.70424e-05 3.63804e-05 3.82586e-05 7.50515e-05 1.88745e-05 1.80658e-05 1.96501e-05
threshold=33.050000000000004 26.350000000000005 0.88251439764886974 0.55000000000000016 6.5500000000000007 27.100000000000005 0.15000000000000005 80.210000000000022 2.056421700000016 -5.0499999999999536 0.015000000000000001 0.46527777777777785 2.3000000000000118 5.7720285500000452 292.18134435000007 -0.80000000000001126 1023.85 -0.9159756150367534 0.0059917800000000012 1.0000000180025095e-35 0.0004351773206234852 4.2620500000000012 18.500000000000004 0.49305555555555564 0.39583333333333343 46.650000000000013 23.500000000000004 30.868367346938783 1.5900000000000001 29.950000000000003
decision_type=2 2 2 2 8 2 10 2 2 2 2 2 2 2 2 2 2 2 2 2 8 2 2 2 2 2 2 2 2 2
left_child=3 2 -2 7 5 -5 22 14 -9 -10 -11 -8 13 -13 17 -16 -17 18 -1 20 -6 -22 24 -23 -3 26 -26 28 -19 -30
right_child=1 6 -4 4 19 -7 11 8 9 10 -12 12 -14 -15 15 16 -18 27 -20 -21 21 23 -24 -25 25 -27 -28 -29 29 -31
leaf_value=-7.3131131295339475e-06 0 0 0.00037431836733856148 0.00034086076539003842 0 0 0 -1.958332611454012e-06 0 0.00033496690783827782 0 0.0002062541093900412 0 0 0 0.00016389361560283891 0 0 0.00022315755253384854 0 0 9.3714287062560277e-05 0 0 0 0 7.3500548999853375e-05 0 -1.2103197459479434e-05 0
leaf_weight=1509 65 103 88 77 110 57 223 977 89 66 55 74 68 67 417 55 107 63 59 463 63 86 1127 71 92 73 88 216 11108 620
leaf_count=1509 65 103 88 77 110 57 223 977 89 66 55 74 68 67 417 55 107 63 59 463 63 86 1127 71 92 73 88 216 11108 620
internal_value=4.38746e-07 3.38782e-05 0.000214095 -3.50659e-06 3.94689e-05 0.000183421 1.67658e-05 -6.43175e-06 1.42155e-05 0.000112812 0.000213878 5.73971e-05 9.82112e-05 0.000135865 -8.51741e-06 9.76513e-06 5.10645e-05 -9.66616e-06 0 8.64646e-06 2.75238e-05 4.42285e-05 1.52994e-06 6.51901e-05 1.72785e-05 2.7887e-05 4.02464e-05 -1.11238e-05 -1.1402e-05 -1.15998e-05
internal_weight=18336 2068 153 16268 927 134 1915 15341 1187 210 121 432 209 141 14154 579 162 13575 1568 793 330 220 1483 157 356 253 180 12007 11791 11728
internal_count=18336 2068 153 16268 927 134 1915 15341 1187 210 121 432 209 141 14154 579 162 13575 1568 793 330 220 1483 157 356 253 180 12007 11791 11728
is_linear=0
shrinkage=0.05


Tree=19
num_leaves=31
num_cat=0
split_feature=103 133 119 59 114 103 133 174 43 140 122 189 114 135 117 137 33 32 116 117 128 33 59 47 99 101 132 81 189 135
split_gain=0.000949496 0.00114913 0.00258295 0.00464023 0.000739272 0.00105341 0.00162558 0.000593189 0.000368303 0.000347125 0.00047827 0.000344105 0.000509244 0.000430514 0.000168452 0.000137321 0.000454031 0.00138919 0.000120124 0.000114721 0.000176113 9.24981e-05 0.000114637 6.52689e-05 5.93328e-05 0.000177878 0.000286925 4.64753e-05 3.34496e-05 2.39959e-05
threshold=1502.4000000000003 80.210000000000022 6.4500000000000011 7.1956500000000014 29.350000000000005 724.25000000000034 38.060000000000009 2.5000000000000004 0.35150000000000003 17.375000000000004 9.5000000000000018 26.500000000000004 32.850000000000001 24.325000000000003 0.8500000000000002 0.055000000000000007 -0.99799484117595971 11.750000000000002 286.24530300000009 1.0000000180025095e-35 9.0405005856617979 0.33962057097746456 4.4697000000000005 7.5000000000000009 -2.9000000000000337 1.4874858499999848 3.5000000000000004 45.650000000000013 38.850000000000001 85.145000000000024
decision_type=2 2 10 2 2 2 2 10 2 2 2 10 2 2 2 2 2 2 2 2 2 2 2 2 2 2 2 2 10 2
left_child=1 4 3 -3 14 6 -6 -4 24 -10 -11 -12 -13 -14 27 16 17 -2 21 28 -21 -16 -23 -24 25 26 -7 -1 -18 -17
right_child=15 2 7 -5 5 8 -8 -9 9 10 11 12 13 -15 18 29 19 -19 -20 20 -22 22 23 -25 -26 -27 -28 -29 -30 -31
leaf_value=-1.1205658083132188e-05 0 0 0.00016173098745400879 0.00061110548474046535 0 0.0001615630921921419 0.00038439109936036779 0 0 0 7.5818384725784919e-06 0 5.659131285276751e-05 0.00035596749226695268 0 -1.0520094950015494e-05 -1.3237015199481949e-05 0.0003009784951570385 0 9.6161538563767235e-05 0 0 0 0.00010381579243740971 0 0 0 0 0 0
leaf_weight=3056 110 62 60 58 61 50 53 371 188 134 153 65 87 53 65 9876 1229 50 145 64 122 51 50 110 1231 144 125 218 156 139
leaf_count=3056 110 62 60 58 61 50 53 371 188 134 153 65 87 53 65 9876 1229 50 145 64 122 51 50 110 1231 144 125 218 156 139
internal_value=4.77264e-07 1.59192e-05 8.6059e-05 0.000293637 8.67866e-06 3.09175e-05 0.000184507 1.61445e-05 2.07455e-05 5.2262e-05 7.43851e-05 0.000104542 0.000152247 0.000207108 -4.08072e-06 -7.7613e-06 3.20544e-06 8.44053e-05 2.2572e-05 -1.9322e-06 2.93217e-05 4.31318e-05 5.93424e-05 8.01069e-05 3.67036e-06 2.29964e-05 5.90609e-05 -9.04053e-06 -9.75511e-06 -1.01561e-05
internal_weight=18336 6590 551 120 6039 2344 114 431 2230 680 492 358 205 140 3695 11746 1731 160 421 1571 186 276 211 160 1550 319 175 3274 1385 10015
internal_count=18336 6590 551 120 6039 2344 114 431 2230 680 492 358 205 140 3695 11746 1731 160 421 1571 186 276 211 160 1550 319 175 3274 1385 10015
is_linear=0
shrinkage=0.05


Tree=20
num_leaves=31
num_cat=0
split_feature=103 139 77 128 53 81 75 121 128 169 121 141 122 50 19 24 33 176 45 140 150 142 12 69 139 101 90 83 172 33
split_gain=0.00101822 0.00105965 0.0023894 0.0023055 0.00062365 0.000569724 0.000677573 0.000672608 0.00146156 0.000636765 0.00016937 0.000158448 0.000178124 0.000244007 0.000245634 0.000130198 0.000393618 0.00010813 0.000111844 5.67501e-05 0.000160577 5.44981e-05 7.66368e-05 0.000118672 0.000140831 4.84244e-05 0.000165653 3.33804e-05 2.70576e-05 2.60565e-05
threshold=1616.7000000000005 85.299518965764761 286.56539020000008 9.2733582824178651 165.50000000000003 38.050000000000004 8.0500000000000025 0.25000000000000006 9.3587172494913577 2.7083333332901444e-09 0.25000000000000006 35.180000000000007 7.5000000000000009 1010.2500000000001 2.7142857142857138e-05 32.300000000000004 0.94806762834746716 8.5000000000000018 98.500000000000014 75.820000000000007 0.72142857142857164 67.502894249168733 0.027202171500000004 279.32131340000007 4.4328135037795278 1.0729469500000166 26.733673469387764 18.050000000000004 6.5000000000000009 -0.99881218561277674
decision_type=2 2 2 2 2 2 2 10 2 2 10 2 2 2 2 2 2 10 2 2 2 2 2 2 2 2 2 2 8 2
left_child=1 5 4 -4 25 15 9 11 -9 -7 19 21 -13 -14 17 16 -1 -15 -19 29 -21 22 23 24 -8 -3 -27 -17 -23 -2
right_child=10 2 3 -5 -6 6 7 8 -10 -11 -12 12 13 14 -16 27 -18 18 -20 20 -22 28 -24 -25 -26 26 -28 -29 -30 -31
leaf_value=0 0 -1.1319952140431128e-05 0.00053574123009538107 1.3583097167308245e-05 0.00017532183469595847 0.00023729704450462598 0 0.00032793200680836373 5.5687275701802245e-06 7.9501239758601369e-07 6.8566203119252314e-05 0 0 0 0 -1.0377787341993908e-05 0.0001278088524350096 0 0.00018294904405437838 -1.6321088798903969e-06 6.8201233692423898e-05 0 0 0 9.5332330622791326e-05 8.0752775646894751e-05 0 0 -1.1239812571169483e-05 -1.0250317574642841e-05
leaf_weight=270 693 308 53 71 56 78 79 55 196 120 57 270 178 56 58 2249 71 60 81 533 85 344 216 104 101 75 59 974 927 9817
leaf_count=270 693 308 53 71 56 78 79 55 196 120 57 270 178 56 58 2249 71 60 81 533 85 344 216 104 101 75 59 974 927 9817
internal_value=1.3422e-06 1.63674e-05 7.9807e-05 0.000279264 1.96629e-05 9.50256e-06 2.60531e-05 1.73649e-05 9.70684e-05 0.000119812 -7.7612e-06 7.22239e-06 2.7314e-05 4.7289e-05 7.8575e-05 -2.6723e-06 2.3699e-05 0.000105281 0.000131753 -8.60757e-06 0 0 1.31514e-05 3.12457e-05 5.63593e-05 0 2.45651e-05 -7.01979e-06 -6.24407e-06 -9.58876e-06
internal_weight=18294 7109 622 124 498 6487 2923 2725 251 198 11185 2474 703 433 255 3564 341 197 141 11128 618 1771 500 284 180 442 134 3223 1271 10510
internal_count=18294 7109 622 124 498 6487 2923 2725 251 198 11185 2474 703 433 255 3564 341 197 141 11128 618 1771 500 284 180 442 134 3223 1271 10510
is_linear=0
shrinkage=0.05


end of trees

feature_importances:
gust_at_t24h=26
pct_forest=21
log_customers=17
wind_sin_t=15
t2m_at_t24h=15
tp_at_t24h=15
last_N_t=14
soil_moist_t=14
pct_wetland=14
cumul_gust_since_onset=13
wind_speed_at_t48h=13
gust_max_last6h_obs=12
gust_max_next_24h=12
hour_of_day=12
temp_change_6h=11
min_t2m_next_24h=10
t2m_at_t48h=10
mslma_t=9
gust_mean_next_48h=9
pressure_change_6h=9
wind_speed_at_t24h=9
d2m_t=8
wind_speed_max_next_24h=8
total_tp_next_24h=8
gust_peak4h_mean_next_24h=8
pop_density=8
pct_unmapped=8
P_D_gap_last_obs=8
gust_at_first_material_N_obs=8
frac_zero_72h=7
diffuse_rad_t=7
temp_c_t=7
tp_at_t48h=7
hour_cos=7
N_per_gust_excess_obs=7
R_t_max_72h=6
total_tp_next_48h=6
pressure_change_3h=6
t2m_at_t6h=6
pct_agriculture=6
pct_forest_classified=6
hours_since_N_peak_obs=6
hours_since_R_peak_obs=6
gust_mean_obs=5
gust_last_obs=5
tcc_t=5
sp_t=5
et0_t=5
gust_max_next_48h=5
gust_gt30_next_48h=5
gust_change_3h=5
tp_at_t6h=5
hours_since_obs=5
forest_x_customers=5
wind_speed_t=4
t2m_t=4
soil_moist_x_gust=4
gust_at_t48h=4
D_mean_last24_obs=4
gust_to_N_best_corr_obs=4
R_t_mean_72h=3
osi_trend_last6h=3
hours_since_peak=3
gust_max_obs=3
gust_trend_last6h_obs=3
blh_t=3
wind_speed_max_next_1h=3
gust_peak4h_mean_next_6h=3
min_t2m_next_48h=3
gust_at_t6h=3
pct_developed=3
tree_canopy_pct=3
tree_canopy_std=3
tp_rate_next_48h=3
R_nonzero_frac_obs=3
restoration_ratio_obs=3
first_material_R_hour_obs=3
last_P_t=2
osi_mean_72h=2
vpd_t=2
mcc_t=2
sdswrf_t=2
dewpoint_c_t=2
gust_x_phase=2
gust_max_next_6h=2
wind_speed_max_next_6h=2
min_t2m_next_6h=2
gust_gt30_next_24h=2
wind_speed_max_next_48h=2
wind_speed_at_t6h=2
pct_water=2
flow_balance_last24_obs=2
first_material_N_hour_obs=2
gust_to_N_best_lag_obs=2
last_outage_pct=1
osi_std_72h=1
outage_pct_max_72h=1
N_t_max_72h=1
pre_event_mean_osi=1
pre_event_max_outage_pct=1
gust_gt40_obs=1
cumul_gust_obs=1
wind_cos_t=1
rain_t=1
hcc_t=1
direct_rad_t=1
gust_exceed_30=1
gust_x_hso=1
soil_gust_x_phase=1
min_t2m_next_1h=1
gust_mean_next_6h=1
gust_mean_next_24h=1
gust_gt40_next_24h=1
gust_gt40_next_48h=1
cumul_tp_since_onset=1
gust_gt30_since_onset=1
hour_sin=1
rural_urban_code=1
n_utilities=1
tp_rate_next_6h=1
R_mean_last24_obs=1
hours_since_P_peak_obs=1
P_trend_last24_obs=1
P_active_frac_obs=1
gust_excess30_sum_obs=1
P_change_per_gust_excess_obs=1

parameters:
[boosting: gbdt]
[objective: huber]
[metric: rmse]
[tree_learner: serial]
[device_type: cpu]
[data_sample_strategy: bagging]
[data: ]
[valid: ]
[num_iterations: 2000]
[learning_rate: 0.05]
[num_leaves: 31]
[num_threads: -1]
[seed: 42]
[deterministic: 0]
[force_col_wise: 0]
[force_row_wise: 0]
[histogram_pool_size: -1]
[max_depth: -1]
[min_data_in_leaf: 50]
[min_sum_hessian_in_leaf: 0.001]
[bagging_fraction: 0.8]
[pos_bagging_fraction: 1]
[neg_bagging_fraction: 1]
[bagging_freq: 5]
[bagging_seed: 42]
[bagging_by_query: 0]
[feature_fraction: 0.8]
[feature_fraction_bynode: 1]
[feature_fraction_seed: 42]
[extra_trees: 0]
[extra_seed: 12879]
[early_stopping_round: 0]
[early_stopping_min_delta: 0]
[first_metric_only: 0]
[max_delta_step: 0]
[lambda_l1: 0.1]
[lambda_l2: 1]
[linear_lambda: 0]
[min_gain_to_split: 0]
[drop_rate: 0.1]
[max_drop: 50]
[skip_drop: 0.5]
[xgboost_dart_mode: 0]
[uniform_drop: 0]
[drop_seed: 42]
[top_rate: 0.2]
[other_rate: 0.1]
[min_data_per_group: 100]
[max_cat_threshold: 32]
[cat_l2: 10]
[cat_smooth: 10]
[max_cat_to_onehot: 4]
[top_k: 20]
[monotone_constraints: ]
[monotone_constraints_method: basic]
[monotone_penalty: 0]
[feature_contri: ]
[forcedsplits_filename: ]
[refit_decay_rate: 0.9]
[cegb_tradeoff: 1]
[cegb_penalty_split: 0]
[cegb_penalty_feature_lazy: ]
[cegb_penalty_feature_coupled: ]
[path_smooth: 0]
[interaction_constraints: ]
[verbosity: -1]
[saved_feature_importance_type: 0]
[use_quantized_grad: 0]
[num_grad_quant_bins: 4]
[quant_train_renew_leaf: 0]
[stochastic_rounding: 1]
[linear_tree: 0]
[max_bin: 255]
[max_bin_by_feature: ]
[min_data_in_bin: 3]
[bin_construct_sample_cnt: 200000]
[data_random_seed: 42]
[is_enable_sparse: 1]
[enable_bundle: 1]
[use_missing: 1]
[zero_as_missing: 0]
[feature_pre_filter: 1]
[pre_partition: 0]
[two_round: 0]
[header: 0]
[label_column: ]
[weight_column: ]
[group_column: ]
[ignore_column: ]
[categorical_feature: ]
[forcedbins_filename: ]
[precise_float_parser: 0]
[parser_config_file: ]
[objective_seed: 16083]
[num_class: 1]
[is_unbalance: 0]
[scale_pos_weight: 1]
[sigmoid: 1]
[boost_from_average: 1]
[reg_sqrt: 0]
[alpha: 0.9]
[fair_c: 1]
[poisson_max_delta_step: 0.7]
[tweedie_variance_power: 1.5]
[lambdarank_truncation_level: 30]
[lambdarank_norm: 1]
[label_gain: ]
[lambdarank_position_bias_regularization: 0]
[eval_at: ]
[multi_error_top_k: 1]
[auc_mu_weights: ]
[num_machines: 1]
[local_listen_port: 12400]
[time_out: 120]
[machine_list_filename: ]
[machines: ]
[gpu_platform_id: -1]
[gpu_device_id: -1]
[gpu_device_id_list: ]
[gpu_use_dp: 0]
[num_gpu: 1]

end of parameters

pandas_categorical:[]
