tree
version=v4
num_class=1
num_tree_per_iteration=1
label_index=0
max_feature_idx=189
objective=huber
feature_names=last_osi last_P_t last_N_t last_D_t last_R_t last_outage_pct osi_mean_72h osi_max_72h osi_std_72h outage_pct_mean_72h outage_pct_max_72h N_t_mean_72h N_t_max_72h R_t_mean_72h R_t_max_72h pre_event_mean_osi pre_event_max_outage_pct storm_onset_max_osi storm_onset_mean_osi osi_trend_last6h is_worsening frac_zero_72h hours_since_peak gust_mean_obs gust_max_obs gust_gt30_obs gust_gt40_obs cumul_gust_obs gust_last_obs gust_max_last6h_obs gust_trend_last6h_obs gust_t wind_speed_t wind_sin_t wind_cos_t t2m_t d2m_t tp_t rain_t csnow_t sdwe_t r2_t vpd_t soil_moist_t blh_t tcc_t lcc_t mcc_t hcc_t sp_t mslma_t sdswrf_t direct_rad_t diffuse_rad_t et0_t temp_c_t dewpoint_c_t icing_risk_t gust_exceed_30 soil_moist_x_gust is_snowing gust_x_hso gust_x_phase soil_gust_x_phase gust_exceed30_x_hso gust_max_next_1h gust_mean_next_1h wind_speed_max_next_1h total_tp_next_1h min_t2m_next_1h gust_gt30_next_1h gust_gt40_next_1h gust_peak4h_mean_next_1h gust_max_next_6h gust_mean_next_6h wind_speed_max_next_6h total_tp_next_6h min_t2m_next_6h gust_gt30_next_6h gust_gt40_next_6h gust_peak4h_mean_next_6h gust_max_next_24h gust_mean_next_24h wind_speed_max_next_24h total_tp_next_24h min_t2m_next_24h gust_gt30_next_24h gust_gt40_next_24h gust_peak4h_mean_next_24h gust_max_next_48h gust_mean_next_48h wind_speed_max_next_48h total_tp_next_48h min_t2m_next_48h gust_gt30_next_48h gust_gt40_next_48h gust_peak4h_mean_next_48h gust_change_1h gust_change_3h pressure_change_3h pressure_change_6h temp_change_6h wind_change_1h cumul_gust_since_onset cumul_tp_since_onset gust_gt30_since_onset gust_at_t1h wind_speed_at_t1h t2m_at_t1h tp_at_t1h gust_at_t6h wind_speed_at_t6h t2m_at_t6h tp_at_t6h gust_at_t24h wind_speed_at_t24h t2m_at_t24h tp_at_t24h gust_at_t48h wind_speed_at_t48h t2m_at_t48h tp_at_t48h hour_of_day hour_sin hour_cos days_since_onset hours_since_obs storm_phase log_customers rural_urban_code is_metro pop_density n_utilities pct_forest pct_developed pct_agriculture pct_water pct_wetland pct_unmapped pct_forest_classified tree_canopy_pct tree_canopy_std forest_x_customers window_len_next_1h is_full_next_1h tp_rate_next_1h gust_gt30_frac_next_1h has_weather_at_t1h window_len_next_6h is_full_next_6h tp_rate_next_6h gust_gt30_frac_next_6h has_weather_at_t6h window_len_next_24h is_full_next_24h tp_rate_next_24h gust_gt30_frac_next_24h has_weather_at_t24h window_len_next_48h is_full_next_48h tp_rate_next_48h gust_gt30_frac_next_48h has_weather_at_t48h N_nonzero_frac_obs R_nonzero_frac_obs P_mean_last24_obs D_mean_last24_obs N_mean_last24_obs R_mean_last24_obs flow_balance_last24_obs restoration_ratio_obs P_D_gap_last_obs hours_since_P_peak_obs hours_since_N_peak_obs hours_since_R_peak_obs first_material_N_hour_obs first_material_R_hour_obs P_trend_last24_obs D_trend_last24_obs P_post_peak_slope_obs P_active_frac_obs has_material_P_obs has_material_N_obs has_material_R_obs gust_excess30_sum_obs N_per_gust_excess_obs P_change_per_gust_excess_obs gust_to_N_best_corr_obs gust_to_N_best_lag_obs gust_at_first_material_N_obs
feature_infos=[0:0.55230000000000001] [0:0.82424180700000005] [0:0.021710291] [0:0.90465771100000003] [0:0.039181763000000001] [0:82.420000000000002] [4.1666666666666669e-06:0.26529999999999998] [0.0001:0.65049999999999997] [1.9982631347136334e-05:0.22470370552747407] [0.00083333333333333328:39.644861111111112] [0.02:100] [3.1208333333333337e-06:0.018623942125000001] [7.4900000000000005e-05:0.37916412199999999] [3.1208333333333337e-06:0.017093115180555556] [7.4900000000000005e-05:0.119716399] [0:0.38653749999999998] [0:100] [0:0.59799999999999998] [0:0.20940416666666664] [-0.022628571428571428:0.017611428571428573] [0:1] [0:0.95833333333333337] [0:71] [13.03611111111111:31.258333333333326] [29.300000000000001:70] [0:35] [0:18] [938.59999999999991:2250.5999999999995] [3.5:47.5] [15.4:64.5] [-6.477142857142856:3.3114285714285714] [0.59999999999999998:57.799999999999997] [0:38] [-0.99999999953664132:0.99999999913657367] [-0.99999999329043221:1] [259.42265909999998:298.3466019] [257.33913039999999:289.8677619] [0:11.300000000000001] [0:11.300000000000001] [0:2.6600000000000001] [0:0.089999999999999997] [15:100] [0:2.5] [0.16700000000000001:0.52000000000000002] [10:3090] [0:100] [0:100] [0:100] [0:100] [884.60000000000002:1027.2] [986.70000000000005:1031.8] [0:863] [0:737] [0:463] [0:0.60999999999999999] [-13.727340900000002:25.196601900000019] [-15.81086959999999:16.717761900000028] [0:1] [0:27.799999999999997] [0.19259999999999999:23.550000000000001] [0:1] [0.80000000000000004:3819.7999999999997] [0:107.59999999999999] [0:47.100000000000001] [0:1689.7999999999997] [1.2:57.799999999999997] [0.89999999999999991:54.5] [0:38] [0:14.699999999999999] [259.42265909999998:298.21776599999998] [0:2] [0:2] [0.89999999999999991:54.5] [2.7999999999999998:57.799999999999997] [2.0571428571428569:49.328571428571429] [0.40000000000000002:38] [0:26.699999999999999] [259.42265909999998:296.22558249999997] [0:7] [0:7] [2.5999999999999996:52.550000000000004] [8.3000000000000007:57.799999999999997] [4.5520000000000005:43.052] [5.0999999999999996:38] [0:51.199999999999996] [259.42265909999998:286.57337899999999] [0:25] [0:19] [7.5:52.550000000000004] [10.1:57.799999999999997] [5.3392857142857135:37.897959183673471] [5.0999999999999996:38] [0:52.900000000000006] [259.42265909999998:281.94003939999999] [0:40] [0:22] [9.375:52.550000000000004] [-24.299999999999997:28.199999999999999] [-32:35.700000000000003] [-6.1999999999999318:10.599999999999909] [-10.899999999999977:14.599999999999909] [-20.027499999999975:21.845291299999985] [-15.300000000000001:28.000000000000004] [347.09999999999997:4155.3000000000002] [0:53.200000000000003] [0:61] [0.59999999999999998:57.799999999999997] [0:38] [259.42265909999998:298.3466019] [0:11.300000000000001] [0.90000000000000002:57.799999999999997] [0:38] [259.42265909999998:298.3466019] [0:11.300000000000001] [0.90000000000000002:57.799999999999997] [0:38] [259.42265909999998:298.3466019] [0:11.300000000000001] [0.90000000000000002:53.799999999999997] [0:34.299999999999997] [259.42265909999998:296.58327589999999] [0:11.300000000000001] [0:23] [-1:1] [-1:1] [1:5] [1:120] [0:3] [7.1180162044653335:13.453719692845613] [1:9] [0:1] [8.3691524328166658:11939.655837338518] [1:14] [0.96999999999999997:88.719999999999999] [2.21:86.629999999999995] [0.040000000000000001:87.469999999999999] [0.01:5.5099999999999998] [0:19.780000000000001] [1.8899999999999999:18.32] [0.98868616858628067:95.815074496056084] [2.2000000000000002:80.340000000000003] [12.65:40.140000000000001] [8.0679963363985543:851.59337963521523] none none [0:7.3499999999999996] [0:1] none none none [0:3.8142857142857141] [0:1] none none none [0:2.048] [0:1] none [25:49] [0:1] [0:1.0795918367346939] [0:0.81632653061224492] [0:1] [0.041666666666666664:0.83333333333333337] [0.041666666666666664:0.90277777777777779] [0:0.33157778683333333] [0:0.2415728110416667] [0:0.05185222787499999] [0:0.017634620166666667] [-5.9704624999999938e-05:0.03421760770833332] [0.013031417634099374:6.5416667824977583] [-0.094310770000000002:0.045476995000000006] [0:71] [0:71] [0:70] [0:68] [0:71] [-0.00014221094434782621:0.052080195401739138] [-2.8979260869565253e-06:0.043438201510000003] [-0.090709080000000039:0.00060335147105305595] [0:0.98611111111111116] [0:1] [0:1] [0:1] [0:446.30000000000001] [1.2346153846153842e-05:0.024848555909090915] [-0.0026323566314935061:0.0091683099305555574] [-0.13256831251647599:0.75281650661316302] [0:3] [3.2000000000000002:60.600000000000001]
tree_sizes=3056 2788 2824 2796 2771 2756 2743 2801 2726 2755 2775 2809

Tree=0
num_leaves=31
num_cat=0
split_feature=92 133 28 36 92 116 185 43 88 85 137 93 69 100 0 51 94 135 88 28 100 122 36 103 50 169 185 133 2 53
split_gain=0.00656311 0.00404806 0.003793 0.00365734 0.00337289 0.00280912 0.00301556 0.0013679 0.00113666 0.0012099 0.00168225 0.00180386 0.00107955 0.00074164 0.000503065 0.000371059 0.000358581 0.000312253 0.000261802 0.000271709 0.000234882 0.000228047 0.000159145 0.000145038 0.000130591 0.000107996 9.80023e-05 8.85498e-05 8.97588e-05 0.000231515
threshold=7.5500000000000016 80.210000000000022 27.700000000000003 270.64647155000006 18.350000000000005 292.40618020000005 0.0008080081819364913 0.36750000000000005 43.612500000000011 272.30478455000008 1.4700000000000002 266.37222155000001 289.17874195000007 -5.0499999999999536 0.21365000000000003 1.5000000000000002 19.500000000000004 19.340000000000003 30.187500000000007 7.0500000000000007 -0.80000000000001126 11.500000000000002 264.67255995000005 1647.1000000000006 1021.2500000000001 7.0113541666666652e-06 0.00046652284193947352 88.200000000000003 0.0059917800000000012 252.50000000000003
decision_type=2 2 2 2 2 2 10 2 2 2 2 2 2 2 2 2 2 2 2 2 2 2 2 2 2 2 10 2 2 2
left_child=16 5 3 -3 20 8 24 17 14 -10 -11 -12 -6 -14 18 -16 27 -8 -2 21 -5 -20 -18 26 25 -7 -21 28 -1 -30
right_child=1 2 -4 4 12 6 7 -9 9 10 11 -13 13 -15 15 -17 22 -19 19 23 -22 -23 -24 -25 -26 -27 -28 -29 29 -31
leaf_value=0.00064932701251661513 0.0006561912094452092 0.00067635116251905123 0.00067635116251905123 0.00094882620629300367 0.00067635116251905123 0.00077724329835625046 0.00067635116251905123 0.0011647808664117187 0.00067635116251905123 0.00068171663721096104 0.0011045735287665624 0.00071955982495825084 0.0011184159958202164 0.00070568591966840865 0.00067635116251905123 0.00086519803332130542 0.00075497386868946968 0.00086750953743816638 0.00078523940391218882 0.00067635116251905123 0.0014330493389750317 0.00067635116251905123 0.00067635116251905123 0.0006657752965819959 0.00067635116251905123 0.00067635116251905123 0.00069436324041625475 0.00067635116251905123 0.00066040213397881213 0.00077140122174489058
leaf_weight=9908 1123 105 261 50 81 79 60 67 246 204 82 103 50 53 67 62 65 150 120 745 60 156 804 1145 290 50 1515 101 463 50
leaf_count=9908 1123 105 261 50 81 79 60 67 246 204 82 103 50 53 67 62 65 150 120 745 60 156 804 1145 290 50 1515 101 463 50
internal_value=0.000676644 0.000715299 0.000834485 0.000931359 0.00102156 0.00070192 0.000797434 0.000927533 0.000689063 0.000752419 0.000807469 0.000918481 0.000848146 0.000956441 0.000679881 0.000777084 0.000653585 0.000826187 0.000676351 0.000683678 0.00126243 0.000732218 0.000679761 0.000678261 0.000699127 0.00074106 0.0006868 0.000650948 0.000650412 0.000676351
internal_weight=18315 6924 660 399 294 6264 696 277 5568 635 389 185 184 103 4933 129 11391 210 4804 3681 110 276 869 3405 419 129 2260 10522 10421 513
internal_count=18315 6924 660 399 294 6264 696 277 5568 635 389 185 184 103 4933 129 11391 210 4804 3681 110 276 869 3405 419 129 2260 10522 10421 513
is_linear=0
shrinkage=1


Tree=1
num_leaves=31
num_cat=0
split_feature=160 133 138 85 189 120 18 53 133 100 81 85 187 136 86 104 114 126 115 21 186 74 114 133 82 93 77 104 114 124
split_gain=0.00597403 0.00376982 0.0017634 0.00372707 0.0016295 0.00104924 0.000861596 0.000713985 0.000596531 0.000852912 0.000492126 0.000780226 0.000419553 0.000371144 0.000384738 0.000359549 0.000354025 0.000307325 0.00033913 0.000494171 0.000138238 0.000193212 0.00022848 0.000168141 0.000121032 0.000108086 0.000103513 9.72046e-05 0.000100167 8.82565e-05
threshold=0.15345368916797494 88.200000000000003 3.7550000000000003 280.68343040000008 31.750000000000004 266.0467764500001 0.063537500000000011 2.5000000000000004 80.210000000000022 -0.80000000000001126 38.95000000000001 272.62726220000008 0.53131075191132748 0.23500000000000001 12.500000000000002 0.45000000000000007 29.250000000000004 27.500000000000004 21.150000000000002 0.40972222222222227 0.0001789152227236182 18.207142857142859 23.350000000000005 66.840000000000018 26.102000000000007 265.72783320000002 282.27160375000005 4.7500000000000009 32.250000000000007 -0.98296291314453399
decision_type=2 2 2 2 10 10 2 2 2 2 2 2 2 2 2 2 2 2 2 2 8 2 2 2 2 2 2 2 2 2
left_child=16 2 3 4 -2 -6 8 -8 10 24 20 -12 15 -7 -15 -13 29 18 19 -17 26 22 -22 -24 -10 -19 -4 -18 -29 -1
right_child=1 -3 6 -5 5 13 7 -9 9 -11 11 12 -14 14 -16 17 27 25 -20 -21 21 -23 23 -25 -26 -27 -28 28 -30 -31
leaf_value=0 0 0.00035207924036100295 -1.7728899993427311e-05 0.00040356486397015153 0.00035782989795411747 0 0 0.00022607291887785172 5.3492078631959792e-05 0.00021461027028635729 -1.5492687554544308e-06 7.4603367091493891e-06 1.4272436155070288e-06 0.0002283761775880252 0 0 0 0 0 0.00024726708885757859 0 0 0.00010017524885025631 0 0 6.1089063892222429e-05 1.6021833093315734e-06 0 9.9884818160857187e-05 -2.5098652187343562e-05
leaf_weight=434 578 96 1484 93 61 158 77 95 118 95 963 297 456 70 64 68 706 113 74 130 100 654 160 58 141 217 521 55 51 10128
leaf_count=434 578 96 1484 93 61 158 77 95 118 95 963 297 456 70 64 68 706 113 74 130 100 654 160 58 141 217 521 55 51 10128
internal_value=4.43592e-07 3.72613e-05 3.20649e-05 9.39471e-05 5.72539e-05 0.000141909 2.03059e-05 0.000134325 1.59261e-05 8.09655e-05 1.06193e-05 2.80358e-05 5.2735e-05 7.86696e-05 0.000142496 7.31737e-05 -2.15862e-05 9.72358e-05 0.000147336 0.0001845 -1.26776e-06 1.20408e-05 4.42314e-05 7.38781e-05 1.20776e-05 4.05153e-05 -1.02149e-05 5.5867e-06 5.00827e-05 -2.4149e-05
internal_weight=18315 6941 6845 1024 931 353 5821 172 5649 354 5295 2318 1355 292 134 899 11374 602 272 198 2977 972 318 218 259 330 2005 812 106 10562
internal_count=18315 6941 6845 1024 931 353 5821 172 5649 354 5295 2318 1355 292 134 899 11374 602 272 198 2977 972 318 218 259 330 2005 812 106 10562
is_linear=0
shrinkage=0.05


Tree=2
num_leaves=31
num_cat=0
split_feature=92 133 138 85 171 120 18 51 133 100 155 81 85 187 114 112 141 173 36 36 175 107 32 186 74 114 140 8 22 120
split_gain=0.00550857 0.00338335 0.00161141 0.00332873 0.000982418 0.00110486 0.000774197 0.000637963 0.00053718 0.000996044 0.00185345 0.000434939 0.000694033 0.000361298 0.000323444 0.000306624 0.000346574 0.000433787 0.000241192 0.000255001 0.000251677 0.000132707 0.000201644 0.000131793 0.000176016 0.000206253 0.000158346 0.000101872 9.89081e-05 0.000137197
threshold=7.5500000000000016 88.200000000000003 3.7550000000000003 280.68343040000008 -0.0086722230000000015 266.37456045000005 0.063537500000000011 2.5000000000000004 79.440000000000012 -1.149999999999977 0.006000000000000001 38.95000000000001 272.62726220000008 0.53131075191132748 29.250000000000004 292.00600275000005 33.610000000000007 5.5000000000000009 271.38086330000004 280.70829595000004 21.500000000000004 6.4500000000000011 16.750000000000004 0.0001789152227236182 18.207142857142859 23.350000000000005 54.850000000000001 0.00099592685739156709 1.0000000180025095e-35 284.74956700000001
decision_type=2 2 2 2 2 10 2 2 2 2 2 2 2 2 2 2 2 10 2 2 8 2 2 8 2 2 2 2 2 10
left_child=14 2 3 4 5 -2 8 -8 11 -10 -11 23 -13 15 28 16 -14 -18 -6 20 -20 -7 -23 -4 25 -25 -27 -19 29 -1
right_child=1 -3 6 -5 18 21 7 -9 9 10 -12 12 13 -15 -16 -17 17 27 19 -21 -22 22 -24 24 -26 26 -28 -29 -30 -31
leaf_value=-1.4435383189706817e-05 0.00036813564600716173 0.00033465676416808587 -1.0479848530752414e-05 0.00038360127373883365 -3.4188764269921791e-06 0 0 0.00021381606969428214 6.5927774242785045e-07 0 0.00033502287625514693 -1.3457628254987714e-06 3.1276847761470389e-05 1.3560379252926859e-06 5.273405852487602e-06 0 0 0 0.00015920136769389864 0 0 0.00013187863059465599 0 0 0 9.6036499461831689e-05 0 0.0001973899254575372 -2.403269948240576e-05 5.0533774114692099e-05
leaf_weight=395 53 96 1924 93 306 51 76 96 299 61 82 959 382 456 812 166 108 51 80 240 65 79 57 98 654 159 59 174 10083 101
leaf_count=395 53 96 1924 93 306 51 76 96 299 61 82 959 382 456 812 166 108 51 80 240 65 79 57 98 654 159 59 174 10083 101
internal_value=5.92244e-07 3.60243e-05 3.1045e-05 9.02717e-05 5.52253e-05 0.000145637 1.97205e-05 0.000128118 1.55003e-05 7.0348e-05 0.000180322 9.85343e-06 2.62706e-05 4.98024e-05 -2.05074e-05 6.9179e-05 8.34619e-05 0.000128083 1.64328e-05 4.51324e-05 9.87511e-05 5.43571e-05 8.04753e-05 -1.44887e-06 1.13071e-05 4.21872e-05 7.02187e-05 0.000170421 -2.29591e-05 0
internal_weight=18315 6924 6828 1024 931 240 5804 172 5632 442 143 5190 2296 1337 11391 881 715 333 691 385 145 187 136 2894 970 316 218 225 10579 496
internal_count=18315 6924 6828 1024 931 240 5804 172 5632 442 143 5190 2296 1337 11391 881 715 333 691 385 145 187 136 2894 970 316 218 225 10579 496
is_linear=0
shrinkage=0.05


Tree=3
num_leaves=31
num_cat=0
split_feature=92 133 28 36 120 116 185 138 81 22 126 180 36 108 0 114 51 19 81 23 122 121 185 81 187 2 120 133 131 83
split_gain=0.00503664 0.00309987 0.00316241 0.00313521 0.00430391 0.00233203 0.00248925 0.00158684 0.00113739 0.00105326 0.00129483 0.00126076 0.00103789 0.000788159 0.000332195 0.000295807 0.000288512 0.000245989 0.000207498 0.000252604 0.000405282 0.000130663 0.000131148 0.000105575 0.000161697 9.4159e-05 0.000142166 9.74443e-05 9.24695e-05 8.48242e-05
threshold=7.5500000000000016 80.210000000000022 26.850000000000005 270.64647155000006 269.02195385000005 292.40618020000005 0.0008080081819364913 4.0050000000000008 47.95000000000001 8.5000000000000018 37.500000000000007 0.22916666666666669 277.89565535000003 288.31147770000001 0.21365000000000003 29.250000000000004 1.5000000000000002 -0.0030385714285714282 32.150000000000013 18.550694444444449 3.5000000000000004 1.0000000180025095e-35 0.00046652284193947352 41.750000000000007 0.49894705726693844 0.0059917800000000012 284.74956700000001 84.075000000000017 160.8661696257785 18.250000000000004
decision_type=2 2 2 2 10 2 10 2 2 2 2 2 2 2 2 2 2 2 2 2 2 10 10 2 2 2 10 2 2 2
left_child=15 5 3 -3 13 8 23 -8 14 10 11 -10 -6 -5 18 25 -16 -9 -2 20 -20 -21 -23 -7 -25 27 -27 -1 -13 -24
right_child=1 2 -4 4 12 6 7 17 9 -11 -12 28 -14 -15 16 -17 -18 -19 19 21 -22 22 29 24 -26 26 -28 -29 -30 -31
leaf_value=-2.3858016737986195e-05 -1.8707188159364526e-05 0 3.6599413092844287e-06 0 0.00082604180448710542 0 0.00050697430684782123 0 0.00036290330198963965 0 0 0 0.00025000285717896099 0.00023578944496280819 0 5.0100591519208445e-06 0.00015152588422136866 0.00016963405214662574 0.00016990078459293431 -4.2184960180522705e-06 6.5346887014971142e-06 0 0 7.9663233264839695e-05 0 -1.3200095862767366e-05 5.5003504052736943e-05 0 9.0732976024224561e-05 4.0092963442747912e-05
leaf_weight=9683 1107 92 305 81 52 167 55 61 92 227 102 58 50 80 78 812 68 161 60 2538 347 251 72 129 123 424 92 380 58 510
leaf_count=9683 1107 92 305 81 52 167 55 61 92 227 102 58 50 80 78 812 68 161 60 2538 347 251 72 129 123 424 92 380 58 510
internal_value=7.02238e-07 3.45922e-05 0.000139104 0.00024109 0.000328739 2.27618e-05 0.000109823 0.000228168 1.09636e-05 8.04308e-05 0.000140206 0.000211518 0.000597382 0.000125042 2.5406e-06 -1.946e-05 7.66194e-05 0.000134709 0 5.88749e-06 4.32304e-05 0 1.83712e-05 1.93236e-05 4.07813e-05 -2.18111e-05 0 -2.28803e-05 4.6643e-05 3.23294e-05
internal_weight=18315 6924 660 355 263 6264 696 277 5568 537 310 208 102 161 5031 11391 146 222 4885 3778 407 3371 833 419 252 10579 516 10063 116 582
internal_count=18315 6924 660 355 263 6264 696 277 5568 537 310 208 102 161 5031 11391 146 222 4885 3778 407 3371 833 419 252 10579 516 10063 116 582
is_linear=0
shrinkage=0.05


Tree=4
num_leaves=31
num_cat=0
split_feature=92 13 116 23 139 49 62 100 81 174 85 75 36 134 0 139 114 114 7 53 88 28 122 141 141 121 8 22 120 124
split_gain=0.00460354 0.00248347 0.00141856 0.00224753 0.00104021 0.0018823 0.00196978 0.00242102 0.00114704 0.00112149 0.00133812 0.000938718 0.000870574 0.000546143 0.000299406 0.000275607 0.000288255 0.000270594 0.000228324 0.000218715 0.000216335 0.000227049 0.000187066 0.000185678 0.00014085 0.000135013 0.000102781 8.76907e-05 0.000120963 8.8442e-05
threshold=7.5500000000000016 0.0039296913055555565 294.00043860000005 18.970833333333335 83.777273392101407 956.35000000000002 21.950000000000003 -1.149999999999977 47.95000000000001 4.5000000000000009 272.30478455000008 19.850000000000005 270.64647155000006 8.8000000000000025 0.21365000000000003 70.334781594766625 37.650000000000013 29.250000000000004 0.025150000000000002 1.5000000000000002 30.187500000000007 7.0500000000000007 11.500000000000002 32.360000000000007 33.920000000000009 0.15000000000000005 0.0032991913186163771 1.0000000180025095e-35 284.74956700000001 0.1294095225512602
decision_type=2 2 2 2 2 2 2 2 2 8 2 2 2 2 2 2 2 2 2 2 2 2 2 2 2 10 2 2 10 2
left_child=17 2 4 -4 8 -6 -7 18 14 10 -10 12 -3 -12 20 16 23 27 -8 -16 -2 22 24 -5 -22 -23 -27 28 -1 -30
right_child=1 11 3 15 5 6 7 -9 9 -11 13 -13 -14 -15 19 -17 -18 -19 -20 -21 21 25 -24 -25 -26 26 -28 -29 29 -31
leaf_value=-1.2696451461749229e-05 -1.8979622259887879e-05 3.958354798537171e-05 0.00044385516193727327 0 0 0 0 0.00047792497684252057 0 2.8024044546132293e-06 0.00037102686494439366 0 0.00045647260702863279 6.9376328934637525e-05 0 0 0 4.7598643850796904e-06 0.00013818412455744001 0.00014575266977067991 0 -1.2510848849129101e-06 0 0.00015166262085968251 0.00014526557833354067 0 4.4453529588948496e-05 -2.1726419273379905e-05 9.4020971558235879e-05 0
leaf_weight=395 1126 54 50 61 407 178 69 81 72 327 76 52 62 85 58 103 132 812 104 61 50 2921 156 156 71 113 299 10083 51 50
leaf_count=395 1126 54 50 61 407 178 69 81 72 327 76 52 62 85 58 103 132 812 104 61 50 2921 156 156 71 113 299 10083 51 50
internal_value=8.00878e-07 3.32106e-05 2.76248e-05 0.000110717 2.0139e-05 7.30396e-05 0.000145661 0.000235242 1.10075e-05 7.90091e-05 0.000164124 0.000226761 0.000307136 0.000244046 2.11951e-06 6.19299e-05 8.32622e-05 -1.84616e-05 9.07868e-05 8.01212e-05 0 6.11127e-06 5.01638e-05 0.00012015 9.78132e-05 9.36494e-07 2.8518e-05 -2.07168e-05 0 4.83626e-05
internal_weight=18315 6924 6756 502 6254 839 432 254 5415 560 233 168 116 161 4855 452 349 11391 173 119 4736 3610 277 217 121 3333 412 10579 496 101
internal_count=18315 6924 6756 502 6254 839 432 254 5415 560 233 168 116 161 4855 452 349 11391 173 119 4736 3610 277 217 121 3333 412 10579 496 101
is_linear=0
shrinkage=0.05


Tree=5
num_leaves=31
num_cat=0
split_feature=92 13 43 185 138 81 100 42 67 105 184 83 85 43 138 82 2 120 124 105 117 27 133 123 13 112 82 114 122 15
split_gain=0.00335852 0.00258176 0.00169371 0.00107274 0.00162982 0.00159465 0.00292842 0.000384152 0.000490447 0.000367432 0.000478077 0.000354402 0.000437229 0.00039607 0.000434672 0.000784599 0.000290212 0.00088186 0.00207947 0.00023087 0.000780786 0.000189101 0.000151555 0.000148966 0.000116336 0.000124427 0.000108647 9.11907e-05 8.47971e-05 0.00031567
threshold=7.3500000000000023 0.0039296913055555565 0.33650000000000008 0.0008080081819364913 3.7650000000000001 32.850000000000001 -0.89999999999992031 0.87500000000000011 8.4500000000000011 19.500000000000004 203.95000000000002 19.150000000000002 271.46600905000008 0.35550000000000004 4.7650000000000015 28.818000000000008 0.0023607900000000002 284.74956700000001 -0.70710678118654757 5.5000000000000009 1.0000000180025095e-35 1551.4000000000003 82.02000000000001 0.78656609248549325 0.0018648959236111115 287.00212375000007 28.270000000000003 29.850000000000005 5.5000000000000009 0.00012708333333333335
decision_type=2 2 2 10 2 2 2 2 2 2 2 2 2 2 2 2 2 10 2 2 2 2 2 2 2 2 2 2 2 2
left_child=16 3 -3 11 5 -5 7 8 -7 10 19 -2 -13 28 15 -15 22 -18 -19 20 -6 -21 27 -12 25 26 -23 -1 29 -14
right_child=1 2 -4 4 9 6 -8 -9 -10 -11 23 12 13 14 -16 -17 17 18 -20 21 -22 24 -24 -25 -26 -27 -28 -29 -30 -31
leaf_value=-2.2087238952573444e-05 -1.2172750943182003e-05 0 0.00036397788950940442 0 0 0 0.00055516927235029563 0 0.00021608808516046139 0 0.00013193697338571611 -6.5932925041821781e-06 0.00012341574098536512 2.2818307466324134e-05 8.9573493416457865e-07 0.00032848459748742714 -1.2199172856236201e-05 0.00034793590825332407 0 0 0.0002395473355634175 8.7369804256492997e-05 0 0 0 0 0 0 0 0
leaf_weight=9073 1683 76 95 103 153 63 54 81 98 702 196 834 79 114 182 50 1018 59 159 654 56 202 484 53 233 147 85 586 811 191
leaf_count=9073 1683 76 95 103 153 63 54 81 98 702 196 834 79 114 182 50 1018 59 159 654 56 202 484 53 233 147 85 586 811 191
internal_value=0 2.74984e-05 0.000222091 2.18577e-05 4.52299e-05 0.000142129 0.000201567 0.000100128 0.000144799 2.75809e-05 3.97086e-05 3.51628e-06 1.74052e-05 3.49272e-05 8.51318e-05 0.000147738 -1.65213e-05 3.09967e-06 9.71016e-05 2.48445e-05 7.92483e-05 1.24015e-05 -1.94052e-05 0.000110577 3.18132e-05 4.71464e-05 6.6614e-05 -2.08483e-05 1.41731e-05 3.98031e-05
internal_weight=18374 6995 171 6824 2880 399 296 242 161 2481 1779 3944 2261 1427 346 164 11379 1236 218 1530 209 1321 10143 249 667 434 287 9659 1081 270
internal_count=18374 6995 171 6824 2880 399 296 242 161 2481 1779 3944 2261 1427 346 164 11379 1236 218 1530 209 1321 10143 249 667 434 287 9659 1081 270
is_linear=0
shrinkage=0.05


Tree=6
num_leaves=31
num_cat=0
split_feature=92 13 43 116 43 137 59 83 21 2 53 140 185 88 103 104 90 141 93 43 93 81 90 107 133 114 118 17 137 103
split_gain=0.00308211 0.00233479 0.00150297 0.00133142 0.00215135 0.0013035 0.00188574 0.000519067 0.000384788 0.000272098 0.00231544 0.000227645 0.000244226 0.000201172 0.000275035 0.000223676 0.000194961 0.000184796 0.000231593 0.000178699 0.000172941 0.000176209 0.000160368 0.000182696 0.000152668 0.00014431 8.95251e-05 8.184e-05 0.000101417 9.47666e-05
threshold=7.5500000000000016 0.0039296913055555565 0.33650000000000008 292.64227095000007 0.36750000000000005 1.0000000180025095e-35 9.3432500000000029 33.550000000000004 0.61805555555555569 0.0059917800000000012 265.50000000000006 54.330000000000005 0.00052866571946266793 28.987500000000004 1647.1000000000006 0.35000000000000009 24.115306122448985 38.640000000000008 266.45537655000004 0.37750000000000006 265.94493795000005 37.550000000000004 23.013265306122452 9.8500000000000032 88.200000000000003 36.45000000000001 14.850000000000003 0.034850000000000006 1.4400000000000002 1261.3500000000001
decision_type=2 2 2 2 2 2 2 2 2 2 2 2 10 2 2 2 2 2 2 2 2 2 2 2 2 2 8 2 2 2
left_child=9 3 -3 5 11 6 22 13 -9 16 -11 12 -5 -7 15 -15 24 19 -19 27 -21 -22 23 -2 -1 -14 -26 -17 -29 -30
right_child=1 2 -4 4 -6 7 -8 8 -10 10 -12 -13 25 14 -16 17 -18 18 -20 20 21 -23 -24 -25 26 -27 -28 28 29 -31
leaf_value=-2.0823986096769741e-05 0 0 0.00034596856576475454 0 0.00034091113836583225 -1.5650002699218877e-05 0.0003121689916795174 0 0.00016864561957337959 -8.4515403024212263e-06 0.00033870545086934806 0 0.00013376137395657589 0 -7.392392735218732e-06 0 0 0 0.00013744284263706545 0 0 0.0001085613595186601 0 0.00012545748367495538 7.2780588113578146e-05 0 0 0 0 6.5376525764784132e-05
leaf_weight=9596 59 76 95 182 81 1032 88 86 85 539 50 152 152 993 1480 823 1191 84 98 127 93 159 148 60 50 86 53 387 93 176
leaf_count=9596 59 76 95 182 81 1032 88 86 85 539 50 152 152 993 1480 823 1191 84 98 127 93 159 148 60 50 86 53 387 93 176
internal_value=9.25344e-08 2.67812e-05 0.000212039 2.12955e-05 9.0435e-05 1.30217e-05 0.000106806 6.30487e-06 9.28861e-05 -1.55037e-05 1.3068e-05 4.57064e-05 6.47699e-05 2.71701e-06 8.02725e-06 1.71995e-05 -1.75092e-05 2.67156e-05 8.39978e-05 1.83728e-05 5.16265e-05 7.55786e-05 1.95522e-05 6.47672e-05 -1.98611e-05 9.97217e-05 2.11075e-05 6.44386e-06 2.01235e-05 4.38684e-05
internal_weight=18374 6895 171 6724 653 6071 355 5716 171 11479 589 572 420 5545 4513 3033 10890 2040 182 1858 379 252 267 119 9699 238 103 1479 656 269
internal_count=18374 6895 171 6724 653 6071 355 5716 171 11479 589 572 420 5545 4513 3033 10890 2040 182 1858 379 252 267 119 9699 238 103 1479 656 269
is_linear=0
shrinkage=0.05


Tree=7
num_leaves=31
num_cat=0
split_feature=92 133 94 19 116 185 43 63 36 88 36 137 180 22 53 0 51 90 19 50 133 88 27 122 82 120 116 173 112 49
split_gain=0.00281826 0.00205561 0.00194124 0.00199232 0.00190179 0.00165726 0.00088903 0.000709655 0.00144741 0.000450901 0.000535868 0.00112603 0.00104815 0.000254613 0.00196276 0.000230516 0.000228622 0.000208016 0.000184547 0.000172926 0.000140905 0.00014017 0.000169198 0.000291562 8.4998e-05 6.74917e-05 6.61621e-05 5.81911e-05 5.77203e-05 0.00011963
threshold=7.5500000000000016 80.210000000000022 14.500000000000002 -0.0016728571428571424 292.64227095000007 0.0008080081819364913 0.36750000000000005 6.1419500000000005 279.44596520000005 43.612500000000011 273.14435375000011 1.7550000000000001 0.22916666666666669 1.0000000180025095e-35 271.50000000000006 0.21365000000000003 1.5000000000000002 24.115306122448985 -0.0020557142857142861 1021.0500000000001 88.200000000000003 30.187500000000007 1335.6500000000003 3.5000000000000004 26.102000000000007 290.00395085000008 274.06150225000005 7.5000000000000009 278.06840420000009 986.6500000000002
decision_type=2 2 2 2 2 10 2 2 2 2 2 2 2 2 2 2 2 2 2 2 2 2 2 2 2 8 2 10 2 2
left_child=13 4 3 -3 9 19 18 -5 -9 15 11 -11 -13 14 -1 21 -17 20 -7 -6 -15 -2 23 -23 -10 -22 -24 -19 29 -28
right_child=1 2 -4 7 5 6 -8 8 24 10 -12 12 -14 17 -16 16 -18 27 -20 -21 25 22 26 -25 -26 -27 28 -29 -30 -31
leaf_value=-7.1894179003621687e-06 -1.6642567447829221e-05 0.00038121461601455691 0 0 7.0959912981456748e-05 0 0.00043012730347173704 0.00035673350043266588 6.0846707974633318e-05 0 0 0.00038031569540180504 0 -2.0002650353238442e-05 0.00030988931251788303 0 0.00013476184896370839 2.6392662098276908e-05 0.00015235714474669281 0 6.2601080030703397e-05 0.00014265893693312859 -7.0466453133565263e-06 7.6741639074620776e-07 0 0 5.0878292436460813e-05 -1.7941884728366212e-06 0 0
leaf_weight=477 1174 106 244 105 111 64 53 60 63 192 328 55 61 9597 51 65 62 203 122 262 52 57 1885 348 72 51 198 1048 1085 123
leaf_count=477 1174 106 244 105 111 64 53 60 63 192 328 55 61 9597 51 65 62 203 122 262 52 57 1885 348 72 51 198 1048 1085 123
internal_value=1.97342e-07 2.57278e-05 0.000111617 0.000178469 1.59712e-05 0.000100165 0.000205768 8.9193e-05 0.000145839 5.92029e-06 4.56029e-05 9.28581e-05 0.00021641 -1.47032e-05 1.45136e-05 0 6.68822e-05 -1.65696e-05 0.000113142 1.87611e-05 -1.90673e-05 -8.73549e-07 2.78603e-06 3.33548e-05 1.34092e-05 1.9358e-05 0 0 7.14135e-06 2.59033e-05
internal_weight=18374 6895 650 406 6245 612 239 300 195 5633 636 308 116 11479 528 4997 127 10951 186 373 9700 4870 3696 405 135 103 3291 1251 1406 321
internal_count=18374 6895 650 406 6245 612 239 300 195 5633 636 308 116 11479 528 4997 127 10951 186 373 9700 4870 3696 405 135 103 3291 1251 1406 321
is_linear=0
shrinkage=0.05


Tree=8
num_leaves=31
num_cat=0
split_feature=160 133 28 94 73 120 116 43 81 36 137 116 2 53 11 119 2 90 17 156 19 133 81 23 122 16 4 94 120 49
split_gain=0.00257376 0.00186494 0.0020949 0.00204523 0.00186099 0.0027834 0.00174929 0.00149107 0.000464297 0.000492731 0.00134301 0.000895562 0.000231639 0.00203004 0.000198522 0.000182182 0.000166824 0.000159597 0.000154798 0.00016463 0.000147546 0.00012792 0.000126859 0.000188745 0.000288266 0.000120957 0.000117727 7.28411e-05 6.19591e-05 5.12962e-05
threshold=0.15345368916797494 80.210000000000022 26.850000000000005 14.500000000000002 19.050000000000004 269.02195385000005 292.64227095000007 0.36750000000000005 47.95000000000001 273.14435375000011 1.7550000000000001 285.83731780000005 0.0059917800000000012 265.50000000000006 0.0026079879722222228 10.050000000000002 4.1050000000000008e-05 24.115306122448985 0.14620000000000002 0.22000000000000003 -0.0034499999999999952 88.200000000000003 32.350000000000001 18.550694444444449 3.5000000000000004 1.2200000000000002 0.00034077500000000003 11.500000000000002 290.00395085000008 969.85000000000002
decision_type=2 2 2 2 2 10 2 2 2 2 2 2 2 2 2 10 2 2 2 2 2 2 2 2 2 2 2 2 8 2
left_child=12 6 3 4 -3 16 8 18 14 10 -10 -12 17 -14 22 -16 -6 21 19 -8 -17 -1 -2 24 -24 -21 -22 -28 -23 -29
right_child=1 2 -4 -5 5 -7 7 -9 9 -11 11 -13 13 -15 15 20 -18 -19 -20 25 26 28 23 -25 -26 -27 27 29 -30 -31
leaf_value=-1.8849727021620933e-05 -1.9055305743202941e-05 0 0 0 0.0001951754658631134 0.00059568377125124717 0 0.00030965378348433086 0 0 0.00039645074052924222 0 -7.4188426004487457e-06 0.00031723601775678729 0 0 0 0 0.00014529042338946621 0 0 5.9530082551920609e-05 0.00014484265301805199 -3.9074336789688749e-06 1.2047302581221523e-06 0.00012834034680191472 0 0 0 8.6669942747756129e-05
leaf_weight=9581 1065 50 302 109 54 77 273 81 161 273 51 52 539 50 548 138 58 1191 73 121 70 52 54 2497 359 64 63 71 51 246
leaf_count=9581 1065 50 302 109 54 77 273 81 161 273 51 52 539 50 548 138 58 1191 73 121 70 52 54 2497 359 64 63 71 51 246
internal_value=3.14422e-07 2.46796e-05 0.000106575 0.000190246 0.000271911 0.000343335 1.53618e-05 9.61468e-05 5.70765e-06 4.99953e-05 9.86049e-05 0.00023887 -1.39366e-05 1.21574e-05 6.74919e-08 1.93656e-05 0.000121862 -1.58106e-05 5.36586e-05 2.78755e-05 3.86939e-05 -1.79419e-05 -4.19358e-06 0 3.23673e-05 6.42675e-05 5.26614e-05 6.36807e-05 1.7793e-05 7.36972e-05
internal_weight=18374 6910 650 348 239 189 6260 612 5648 537 264 103 11464 589 5111 1136 112 10875 531 458 588 9684 3975 2910 413 185 450 380 103 317
internal_count=18374 6910 650 348 239 189 6260 612 5648 537 264 103 11464 589 5111 1136 112 10875 531 458 588 9684 3975 2910 413 185 450 380 103 317
is_linear=0
shrinkage=0.05


Tree=9
num_leaves=31
num_cat=0
split_feature=92 133 49 46 116 23 172 105 83 21 185 22 53 83 50 185 116 21 59 188 92 21 139 123 90 133 92 169 100 36
split_gain=0.00237981 0.00171721 0.00178022 0.00228036 0.00160468 0.00139594 0.000883426 0.00119987 0.000423747 0.00029343 0.00022704 0.000217548 0.00171688 0.000183573 0.000373363 0.000239169 0.000295127 0.000262386 0.000287708 0.00027479 0.000304831 0.000280773 0.000162394 0.000185812 0.00015652 0.00011754 8.36196e-05 7.56062e-05 0.000108859 5.62552e-05
threshold=7.3500000000000023 80.210000000000022 956.35000000000002 25.500000000000004 292.64227095000007 19.138194444444448 7.5000000000000009 9.5000000000000018 33.550000000000004 0.61805555555555569 0.00081871489720394721 1.0000000180025095e-35 271.50000000000006 16.850000000000005 1008.1500000000002 0.00044723445137637212 285.83731780000005 0.61805555555555569 10.549550000000002 1.5000000000000002 8.7500000000000018 0.36805555555555564 69.977988560857398 0.78656609248549325 24.370408163265306 88.200000000000003 15.750000000000005 7.5000624999999707e-06 -1.2499999999999998 264.67255995000005
decision_type=2 2 2 2 2 2 8 2 2 2 10 2 2 2 2 8 2 2 2 2 2 2 2 2 2 2 2 2 2 2
left_child=11 4 -3 6 8 -6 -4 -8 13 -10 27 12 -1 -2 -15 -16 17 18 19 20 -17 -22 23 -23 25 -13 -12 28 -7 -26
right_child=1 2 3 -5 5 10 7 -9 9 -11 26 24 -14 14 15 16 -18 -19 -20 -21 21 22 -24 -25 29 -27 -28 -29 -30 -31
leaf_value=-6.3810193683675915e-06 -1.1212546125458733e-05 0 0 0.00041650409839703796 0.00035465637652830795 8.7823791362590478e-05 4.2430712068661632e-06 0.00029409033845023143 0 0.00015007206217147588 0.0001283930376332966 -1.8092067920875344e-05 0.00028978218960289202 -5.032847866364508e-06 0 0 2.1798813255848177e-08 0 0 0 0 0.00024088398371807236 0 0 4.8016042755840374e-05 1.5821070409618274e-05 0 0 0 0
leaf_weight=475 1546 211 149 81 53 71 122 91 86 85 157 9621 51 1959 626 50 603 152 133 153 87 118 54 55 60 104 54 249 50 1068
leaf_count=475 1546 211 149 81 53 71 122 91 86 85 157 9621 51 1959 626 50 603 152 133 153 87 118 54 55 60 104 54 249 50 1068
internal_value=4.38473e-07 2.36483e-05 0.000102074 0.000159356 1.47564e-05 9.07055e-05 8.70541e-05 0.000152235 5.42876e-06 8.36412e-05 5.74683e-05 -1.33908e-05 1.33421e-05 2.09519e-06 8.50586e-06 2.40213e-05 3.54852e-05 5.58891e-05 6.97176e-05 8.65857e-05 0.000111901 0.00013011 0.000162687 0.000192391 -1.51482e-05 -1.72137e-05 0.0001063 1.59324e-05 4.81792e-05 0
internal_weight=18374 6995 654 443 6341 634 362 213 5707 171 581 11379 526 5536 3990 2031 1405 802 650 517 364 314 227 173 10853 9725 211 370 121 1128
internal_count=18374 6995 654 443 6341 634 362 213 5707 171 581 11379 526 5536 3990 2031 1405 802 650 517 364 314 227 173 10853 9725 211 370 121 1128
is_linear=0
shrinkage=0.05


Tree=10
num_leaves=31
num_cat=0
split_feature=160 13 43 185 138 93 42 91 41 160 44 42 81 2 2 85 137 44 175 90 6 139 160 156 99 133 118 141 53 8
split_gain=0.00247502 0.00258032 0.00171325 0.000795358 0.00126598 0.00090008 0.00101062 0.000446327 0.000441355 0.000557817 0.000382769 0.000558529 0.000336634 0.000331111 0.00333903 0.000327174 0.00029253 0.000325567 0.000505154 0.00111182 0.000198317 0.000167111 0.000264549 0.000120241 0.000157621 0.000638714 0.000115532 0.000103824 5.48939e-05 7.48066e-05
threshold=0.15345368916797494 0.0039296913055555565 0.33650000000000008 0.0008080081819364913 3.6950000000000007 271.02330865000005 0.95500000000000007 18.050000000000004 49.500000000000007 0.23363422291993727 1342.5000000000002 0.56500000000000006 45.95000000000001 0.0059917800000000012 0.0060912370000000002 272.30478455000008 0.96500000000000008 477.50000000000006 7.5000000000000009 31.721428571428575 0.022136805555555559 85.299518965764761 0.051151229722658308 0.14000000000000004 -1.0000000180025095e-35 78.710000000000022 28.050000000000004 22.200000000000006 9.5000000000000018 0.0090637513184724586
decision_type=2 2 2 10 2 2 2 2 2 2 2 2 2 2 2 2 2 2 10 2 2 2 2 2 2 2 10 2 2 2
left_child=13 3 -3 12 5 6 7 -5 9 10 11 -6 23 21 -15 -14 -17 18 -18 -20 28 26 -23 -2 -25 -26 -1 -10 -11 -30
right_child=1 2 -4 4 8 -7 -8 -9 27 20 -12 -13 15 14 -16 16 17 -19 19 -21 -22 22 -24 24 25 -27 -28 -29 29 -31
leaf_value=-1.7959005430418429e-05 -1.760952597441484e-05 0 0.00037714173992505748 0.00036411394755781487 1.2025716761334996e-05 0 0 9.0478347280854813e-05 5.8204672521508365e-05 0 0 0.00025872461640038738 0 0.0004061677606598562 -7.7695729521565218e-06 0 0 1.0936825259194682e-05 0.00036659211805305898 0 0.00010588886269250082 0 8.9464108949479331e-05 0 0 0.00019429147221809164 0 0 0 3.4483255964804618e-05
leaf_weight=9333 1014 70 87 83 97 62 71 101 81 307 53 89 309 51 511 235 73 236 53 58 83 608 83 1772 145 52 770 1341 159 329
leaf_count=9333 1014 70 87 83 97 62 71 101 81 307 53 89 309 51 511 235 73 236 53 58 83 608 83 1772 145 52 770 1341 159 329
internal_value=1.6853e-06 2.53992e-05 0.00022828 1.99494e-05 4.02739e-05 0.000138263 0.000180378 0.00024224 2.60216e-05 5.00898e-05 0.000123918 0.00015756 3.96986e-06 -1.24094e-05 2.15679e-05 3.01944e-05 5.08724e-05 7.59587e-05 0.000131819 0.000199944 2.41865e-05 -1.46435e-05 3.97754e-06 -2.83666e-06 2.23811e-06 4.51664e-05 -1.64122e-05 3.58015e-06 9.25287e-06 2.04941e-05
internal_weight=18316 6960 157 6803 2856 317 255 184 2539 1117 239 186 3947 11356 562 964 655 420 184 111 878 10794 691 2983 1969 197 10103 1422 795 488
internal_count=18316 6960 157 6803 2856 317 255 184 2539 1117 239 186 3947 11356 562 964 655 420 184 111 878 10794 691 2983 1969 197 10103 1422 795 488
is_linear=0
shrinkage=0.05


Tree=11
num_leaves=31
num_cat=0
split_feature=160 13 123 116 141 133 49 49 99 88 136 120 53 100 2 2 88 93 137 129 6 30 21 160 139 169 116 89 105 141
split_gain=0.00227009 0.00234215 0.000785134 0.000760685 0.000798941 0.000717496 0.00109115 0.00225321 0.00162978 0.000799734 0.000595825 0.00051166 0.000847994 0.00029531 0.000295103 0.00302348 0.000169017 0.000390265 0.000217047 0.000213497 0.000280177 0.000318164 0.000268486 0.000156715 0.000261093 0.000138473 0.000387091 7.82348e-05 5.93095e-05 4.31987e-05
threshold=0.15345368916797494 0.0039296913055555565 -1.0000000180025095e-35 294.00043860000005 34.190000000000005 80.210000000000022 958.05000000000007 975.1500000000002 -0.1999999999999886 46.475000000000016 0.6100000000000001 271.70439640000001 128.50000000000003 -5.0499999999999536 0.0059917800000000012 0.0060912370000000002 34.612500000000004 265.77285665000005 0.43500000000000005 3.5000000000000004 0.00028750000000000005 -3.4471428571428571 0.36805555555555564 0.051151229722658308 85.299518965764761 4.5833333338346629e-10 285.98183045000002 35.750000000000007 14.500000000000002 35.180000000000007
decision_type=2 2 2 2 2 2 2 2 2 2 2 10 2 2 2 2 2 2 2 2 2 2 2 2 2 2 2 2 2 2
left_child=14 3 -3 5 -5 9 -7 8 13 16 -11 12 -6 -8 23 -16 27 -18 -19 29 -21 -22 -23 -1 -25 -24 -27 -2 -13 -20
right_child=1 2 -4 4 11 6 7 -9 -10 10 -12 28 -14 -15 15 -17 17 18 19 20 21 22 25 24 -26 26 -28 -29 -30 -31
leaf_value=-1.6741579120779751e-05 0 0.00035545278462499537 3.6754021428778816e-05 5.9309678545794187e-07 0 0 0.00016646091187457959 0 0.00050987899581774734 1.8049182859877257e-05 0.00020096841661696726 0 0.00035816450149156226 0 0.00038624990926809221 -7.3818519842028253e-06 -5.7370203310025212e-06 0 0 0 0 0 0 -4.9139082188987278e-06 8.5044151095471103e-05 0.00022935036231435584 0 -1.4401641981850491e-05 5.4952143743063437e-05 2.620648232562606e-05
leaf_weight=8840 1033 73 84 263 50 213 53 142 54 247 91 51 66 53 51 511 1396 547 329 109 60 78 56 1871 83 109 77 1446 66 214
leaf_count=8840 1033 73 84 263 50 213 53 142 54 247 91 51 66 53 51 511 1396 547 329 109 60 78 56 1871 83 109 77 1446 66 214
internal_value=1.70706e-06 2.44261e-05 0.000217896 1.9195e-05 8.08971e-05 1.35378e-05 7.12758e-05 0.00013287 0.000261176 7.5295e-06 8.24935e-05 0.000149783 0.000235247 8.41685e-05 -1.17779e-05 2.00808e-05 1.9529e-06 1.067e-05 2.83345e-05 4.18719e-05 6.85892e-05 8.8819e-05 0.000108818 -1.39016e-05 0 0.000135663 0.000160521 -6.49228e-06 2.14019e-05 8.53851e-06
internal_weight=18316 6960 157 6803 496 6307 515 302 160 5792 338 233 116 106 11356 562 5454 2975 1579 1032 489 380 320 10794 1954 242 186 2479 117 543
internal_count=18316 6960 157 6803 496 6307 515 302 160 5792 338 233 116 106 11356 562 5454 2975 1579 1032 489 380 320 10794 1954 242 186 2479 117 543
is_linear=0
shrinkage=0.05


end of trees

feature_importances:
pct_forest=19
t2m_at_t24h=12
d2m_t=11
gust_max_next_24h=11
total_tp_next_48h=11
t2m_at_t48h=11
last_N_t=10
gust_at_t24h=10
N_per_gust_excess_obs=10
soil_moist_t=9
diffuse_rad_t=9
min_t2m_next_24h=8
gust_peak4h_mean_next_24h=8
pressure_change_6h=8
pct_wetland=7
tree_canopy_std=7
tp_rate_next_48h=7
R_t_mean_72h=6
frac_zero_72h=6
sp_t=6
gust_mean_next_48h=6
min_t2m_next_48h=6
hour_of_day=6
pct_unmapped=6
hours_since_peak=5
gust_last_obs=5
wind_speed_max_next_24h=5
pct_forest_classified=5
last_osi=4
osi_trend_last6h=4
gust_mean_obs=4
sdswrf_t=4
gust_mean_next_24h=4
gust_gt30_next_48h=4
gust_gt30_since_onset=4
osi_std_72h=3
vpd_t=3
mslma_t=3
cumul_gust_since_onset=3
cumul_tp_since_onset=3
t2m_at_t6h=3
hour_sin=3
hour_cos=3
flow_balance_last24_obs=3
gust_to_N_best_corr_obs=3
osi_mean_72h=2
storm_onset_max_osi=2
storm_onset_mean_osi=2
cumul_gust_obs=2
blh_t=2
soil_moist_x_gust=2
gust_mean_next_6h=2
pressure_change_3h=2
wind_speed_at_t1h=2
gust_at_t48h=2
tp_at_t48h=2
hours_since_obs=2
pct_water=2
tree_canopy_pct=2
gust_gt30_frac_next_24h=2
hours_since_N_peak_obs=2
first_material_N_hour_obs=2
P_active_frac_obs=2
P_change_per_gust_excess_obs=2
last_R_t=1
osi_max_72h=1
N_t_mean_72h=1
pre_event_mean_osi=1
pre_event_max_outage_pct=1
gust_trend_last6h_obs=1
wind_speed_t=1
r2_t=1
lcc_t=1
gust_x_phase=1
soil_gust_x_phase=1
wind_speed_max_next_1h=1
min_t2m_next_1h=1
gust_max_next_6h=1
wind_speed_max_next_6h=1
min_t2m_next_6h=1
gust_gt30_next_24h=1
gust_max_next_48h=1
wind_speed_max_next_48h=1
t2m_at_t1h=1
wind_speed_at_t24h=1
tp_at_t24h=1
wind_speed_at_t48h=1
rural_urban_code=1
pop_density=1
pct_developed=1
pct_agriculture=1
tp_rate_next_24h=1
P_D_gap_last_obs=1
hours_since_P_peak_obs=1
hours_since_R_peak_obs=1
gust_excess30_sum_obs=1
gust_to_N_best_lag_obs=1
gust_at_first_material_N_obs=1

parameters:
[boosting: gbdt]
[objective: huber]
[metric: rmse]
[tree_learner: serial]
[device_type: cpu]
[data_sample_strategy: bagging]
[data: ]
[valid: ]
[num_iterations: 2000]
[learning_rate: 0.05]
[num_leaves: 31]
[num_threads: -1]
[seed: 42]
[deterministic: 0]
[force_col_wise: 0]
[force_row_wise: 0]
[histogram_pool_size: -1]
[max_depth: -1]
[min_data_in_leaf: 50]
[min_sum_hessian_in_leaf: 0.001]
[bagging_fraction: 0.8]
[pos_bagging_fraction: 1]
[neg_bagging_fraction: 1]
[bagging_freq: 5]
[bagging_seed: 42]
[bagging_by_query: 0]
[feature_fraction: 0.8]
[feature_fraction_bynode: 1]
[feature_fraction_seed: 42]
[extra_trees: 0]
[extra_seed: 12879]
[early_stopping_round: 0]
[early_stopping_min_delta: 0]
[first_metric_only: 0]
[max_delta_step: 0]
[lambda_l1: 0.1]
[lambda_l2: 1]
[linear_lambda: 0]
[min_gain_to_split: 0]
[drop_rate: 0.1]
[max_drop: 50]
[skip_drop: 0.5]
[xgboost_dart_mode: 0]
[uniform_drop: 0]
[drop_seed: 42]
[top_rate: 0.2]
[other_rate: 0.1]
[min_data_per_group: 100]
[max_cat_threshold: 32]
[cat_l2: 10]
[cat_smooth: 10]
[max_cat_to_onehot: 4]
[top_k: 20]
[monotone_constraints: ]
[monotone_constraints_method: basic]
[monotone_penalty: 0]
[feature_contri: ]
[forcedsplits_filename: ]
[refit_decay_rate: 0.9]
[cegb_tradeoff: 1]
[cegb_penalty_split: 0]
[cegb_penalty_feature_lazy: ]
[cegb_penalty_feature_coupled: ]
[path_smooth: 0]
[interaction_constraints: ]
[verbosity: -1]
[saved_feature_importance_type: 0]
[use_quantized_grad: 0]
[num_grad_quant_bins: 4]
[quant_train_renew_leaf: 0]
[stochastic_rounding: 1]
[linear_tree: 0]
[max_bin: 255]
[max_bin_by_feature: ]
[min_data_in_bin: 3]
[bin_construct_sample_cnt: 200000]
[data_random_seed: 42]
[is_enable_sparse: 1]
[enable_bundle: 1]
[use_missing: 1]
[zero_as_missing: 0]
[feature_pre_filter: 1]
[pre_partition: 0]
[two_round: 0]
[header: 0]
[label_column: ]
[weight_column: ]
[group_column: ]
[ignore_column: ]
[categorical_feature: ]
[forcedbins_filename: ]
[precise_float_parser: 0]
[parser_config_file: ]
[objective_seed: 16083]
[num_class: 1]
[is_unbalance: 0]
[scale_pos_weight: 1]
[sigmoid: 1]
[boost_from_average: 1]
[reg_sqrt: 0]
[alpha: 0.9]
[fair_c: 1]
[poisson_max_delta_step: 0.7]
[tweedie_variance_power: 1.5]
[lambdarank_truncation_level: 30]
[lambdarank_norm: 1]
[label_gain: ]
[lambdarank_position_bias_regularization: 0]
[eval_at: ]
[multi_error_top_k: 1]
[auc_mu_weights: ]
[num_machines: 1]
[local_listen_port: 12400]
[time_out: 120]
[machine_list_filename: ]
[machines: ]
[gpu_platform_id: -1]
[gpu_device_id: -1]
[gpu_device_id_list: ]
[gpu_use_dp: 0]
[num_gpu: 1]

end of parameters

pandas_categorical:[]
