tree
version=v4
num_class=1
num_tree_per_iteration=1
label_index=0
max_feature_idx=162
objective=gamma
feature_names=last_osi last_P_t last_N_t last_D_t last_R_t last_outage_pct osi_mean_72h osi_max_72h osi_std_72h outage_pct_mean_72h outage_pct_max_72h N_t_mean_72h N_t_max_72h R_t_mean_72h R_t_max_72h pre_event_mean_osi pre_event_max_outage_pct storm_onset_max_osi storm_onset_mean_osi osi_trend_last6h is_worsening frac_zero_72h hours_since_peak gust_mean_obs gust_max_obs gust_gt30_obs gust_gt40_obs cumul_gust_obs gust_last_obs gust_max_last6h_obs gust_trend_last6h_obs gust_t wind_speed_t wind_sin_t wind_cos_t t2m_t d2m_t tp_t rain_t csnow_t sdwe_t r2_t vpd_t soil_moist_t blh_t tcc_t lcc_t mcc_t hcc_t sp_t mslma_t sdswrf_t direct_rad_t diffuse_rad_t et0_t temp_c_t dewpoint_c_t icing_risk_t gust_exceed_30 soil_moist_x_gust is_snowing gust_x_hso gust_x_phase soil_gust_x_phase gust_exceed30_x_hso gust_max_next_1h gust_mean_next_1h wind_speed_max_next_1h total_tp_next_1h min_t2m_next_1h gust_gt30_next_1h gust_gt40_next_1h gust_peak4h_mean_next_1h gust_max_next_6h gust_mean_next_6h wind_speed_max_next_6h total_tp_next_6h min_t2m_next_6h gust_gt30_next_6h gust_gt40_next_6h gust_peak4h_mean_next_6h gust_max_next_24h gust_mean_next_24h wind_speed_max_next_24h total_tp_next_24h min_t2m_next_24h gust_gt30_next_24h gust_gt40_next_24h gust_peak4h_mean_next_24h gust_max_next_48h gust_mean_next_48h wind_speed_max_next_48h total_tp_next_48h min_t2m_next_48h gust_gt30_next_48h gust_gt40_next_48h gust_peak4h_mean_next_48h gust_change_1h gust_change_3h pressure_change_3h pressure_change_6h temp_change_6h wind_change_1h cumul_gust_since_onset cumul_tp_since_onset gust_gt30_since_onset gust_at_t1h wind_speed_at_t1h t2m_at_t1h tp_at_t1h gust_at_t6h wind_speed_at_t6h t2m_at_t6h tp_at_t6h gust_at_t24h wind_speed_at_t24h t2m_at_t24h tp_at_t24h gust_at_t48h wind_speed_at_t48h t2m_at_t48h tp_at_t48h hour_of_day hour_sin hour_cos days_since_onset hours_since_obs storm_phase log_customers rural_urban_code is_metro pop_density n_utilities pct_forest pct_developed pct_agriculture pct_water pct_wetland pct_unmapped pct_forest_classified tree_canopy_pct tree_canopy_std forest_x_customers window_len_next_1h is_full_next_1h tp_rate_next_1h gust_gt30_frac_next_1h has_weather_at_t1h window_len_next_6h is_full_next_6h tp_rate_next_6h gust_gt30_frac_next_6h has_weather_at_t6h window_len_next_24h is_full_next_24h tp_rate_next_24h gust_gt30_frac_next_24h has_weather_at_t24h window_len_next_48h is_full_next_48h tp_rate_next_48h gust_gt30_frac_next_48h has_weather_at_t48h
feature_infos=[0:0.55230000000000001] [0:0.82424180700000005] [0:0.021710291] [0:0.90465771100000003] [0:0.039181763000000001] [0:82.420000000000002] [4.1666666666666669e-06:0.26529999999999998] [0.0001:0.65049999999999997] [1.9982631347136334e-05:0.22470370552747407] [0.00083333333333333328:39.644861111111112] [0.02:100] [3.1208333333333337e-06:0.018623942125000001] [7.4900000000000005e-05:0.37916412199999999] [3.1208333333333337e-06:0.017093115180555556] [7.4900000000000005e-05:0.119716399] [0:0.38653749999999998] [0:100] [0:0.59799999999999998] [0:0.20940416666666664] [-0.022628571428571428:0.017611428571428573] [0:1] [0:0.95833333333333337] [0:71] [13.03611111111111:31.258333333333326] [29.300000000000001:70] [0:35] [0:18] [938.59999999999991:2250.5999999999995] [3.5:47.5] [15.4:64.5] [-6.477142857142856:3.3114285714285714] [0.80000000000000004:57.799999999999997] [0:38] [-0.99999999952007834:0.99999936523812261] [-0.99999999329043221:1] [262.81924839999999:298.3466019] [257.71271739999997:289.8677619] [0:9.6999999999999993] [0:9.6999999999999993] [0:2.1699999999999999] [0:0.089999999999999997] [15:100] [0:2.3700000000000001] [0.16700000000000001:0.51500000000000001] [15:3090] [0:100] [0:100] [0:100] [0:100] [886.29999999999995:1027] [986.70000000000005:1031.8] [0:837] [0:714] [0:463] [0:0.58999999999999997] [-10.330751599999985:25.196601900000019] [-15.437282600000003:16.717761900000028] [0:1] [0:27.799999999999997] [0.25680000000000003:20.589099999999998] [0:1] [0.80000000000000004:3663.5999999999999] [0:106.59999999999999] [0:40.572800000000001] [0:1533.6000000000001] [1.2:57.799999999999997] [1:52.349999999999994] [0.40000000000000002:38] [0:14.699999999999999] [262.07798279999997:298.20713590000003] [0:2] [0:2] [1:52.349999999999994] [6:57.799999999999997] [3.7857142857142851:49.214285714285715] [1.2:38] [0:26.699999999999999] [260.21536479999997:296.22558249999997] [0:7] [0:7] [4.625:52.550000000000004] [13.199999999999999:57.799999999999997] [8.2680000000000007:43.052] [6:38] [0:51.199999999999996] [259.42265909999998:286.57337899999999] [0:25] [0:19] [12.5:52.550000000000004] [13.300000000000001:57.799999999999997] [7.961224489795919:37.816326530612244] [6.0999999999999996:38] [0:52.900000000000006] [259.42265909999998:281.94003939999999] [0:40] [0:22] [12.75:52.550000000000004] [-22.399999999999999:28.199999999999999] [-32:33.299999999999997] [-6.1000000000000227:8.4000000000000909] [-10.899999999999977:13.5] [-17.698856200000023:21.845291299999985] [-14:20.799999999999997] [348.89999999999998:3711] [0:53.200000000000003] [0:61] [1.2:57.799999999999997] [0:36.899999999999999] [262.07798279999997:298.3466019] [0:9.6999999999999993] [1.3999999999999999:57.799999999999997] [0:36.100000000000001] [260.21536479999997:298.2982313] [0:9.6999999999999993] [2.1000000000000001:57.100000000000001] [0:38] [260.64059090000001:298.00812150000002] [0:11.300000000000001] [1.3:53.299999999999997] [0:34.299999999999997] [260.48599419999999:296.39282830000002] [0:11.300000000000001] [0:23] [-1:1] [-1:1] [1:4] [1:96] [0:2] [7.1180162044653335:13.453719692845613] [1:9] [0:1] [8.3691524328166658:11939.655837338518] [1:14] [0.96999999999999997:88.719999999999999] [2.21:86.629999999999995] [0.040000000000000001:87.469999999999999] [0.01:5.5099999999999998] [0:19.780000000000001] [1.8899999999999999:18.32] [0.98868616858628067:95.815074496056084] [2.2000000000000002:80.340000000000003] [12.65:40.140000000000001] [8.0679963363985543:851.54750536995925] none none [0:7.3499999999999996] [0:1] none none none [0:3.8142857142857141] [0:1] none none none [0:2.048] [0:1] none none none [0:1.0795918367346939] [0:0.81632653061224492] none
tree_sizes=3334 3398 3406 3428 3434 3414 3430 3421

Tree=0
num_leaves=31
num_cat=0
split_feature=85 75 134 90 29 137 88 128 121 96 140 0 134 61 29 3 128 100 29 49 98 100 41 123 84 4 53 49 41 135
split_gain=5958.87 2341.48 2090.21 2051.06 1580.78 1467.31 1201.71 1122.41 994.635 843.556 823.685 726.952 623.368 2888.87 1150.55 571.185 552.848 539.294 1345.87 529.407 416.595 380.944 360.191 400.056 354.525 336.872 300.987 286.033 468.435 324.91
threshold=266.90739995000007 20.750000000000004 16.550000000000004 14.902040816326535 40.70000000000001 0.45500000000000007 34.162500000000009 9.5353181639130451 0.25000000000000006 36.562500000000007 7.5550000000000006 0.12690000000000004 25.190000000000001 366.30000000000001 44.050000000000004 0.00062652550000000002 9.6352158714665652 -3.5999999999999654 45.050000000000004 1001.4500000000002 -6.6999999999999966 -6.2499999999999991 58.500000000000007 1.0000000180025095e-35 9.9500000000000028 0.0017221850000000002 222.50000000000003 943.95000000000016 97.500000000000014 56.370000000000012
decision_type=2 2 2 2 2 2 2 2 2 2 2 2 2 2 2 2 2 2 2 2 2 2 2 2 2 2 2 2 2 2
left_child=2 7 10 -4 5 9 -5 -2 12 -3 20 15 22 -14 19 16 -12 18 -6 21 -1 -15 26 -24 -7 -26 -9 28 -17 -29
right_child=1 4 3 6 17 24 -8 8 -10 -11 11 -13 13 14 -16 27 -18 -19 -20 -21 -22 -23 23 -25 25 -27 -28 29 -30 -31
leaf_value=-6.905651280827076 -6.7276812274596898 -7.0734656681092192 -7.0365373267571387 -8.5910691331629145 -6.8203177986527201 -6.9839759746649213 -7.2923979444670488 -6.7767268632564051 -6.7442407671864295 -8.6352747616893275 -6.9250419016294664 -7.2983331883183027 -6.8139954401619613 -7.3393503202554253 -6.8963153282313154 -7.3359905961151597 -7.4805421172744992 -6.7694884457448401 -7.5153986639104993 -7.4361483070799554 -7.5447435571446935 -9.0564544802397489 -7.0677236397708931 -6.8371104352682979 -7.7236806444042063 -6.9537880044792555 -6.9185736784197953 -6.8347453537649487 -6.781112112244851 -7.0066987231350488
leaf_weight=4.4214853923767805 2948.9613647665828 1.8982212304254091 14.279433746240104 3.8691027069580723 24.5543476883322 18.717695942847062 4.6859531761147082 617.78022394282743 1101.5462398126838 1.9884906823863273 11.703741684556009 11.546258277259765 62.751436062040739 1.4662756913457982 3.8796271958854049 7.5782024064101261 7.2004324984736732 56.343535844702274 8.8380186657886934 4.9384834397351369 7.529244674369691 1.1527126200962809 20.686810447368771 153.93827132554725 3.1502562272362402 3.1305447146296501 38.844608334824443 168.02528381417505 6.9897455526515841 32.339114482980222
leaf_count=20 871 20 98 182 54 106 65 789 690 114 53 146 128 30 17 106 125 64 157 85 141 100 153 384 83 19 163 411 10 195
internal_value=-6.76499 -6.75258 -6.98905 -7.43853 -6.97117 -7.28659 -8.01012 -6.74731 -6.77614 -8.09317 -6.94669 -6.92535 -6.81494 -6.9529 -7.64921 -6.90471 -7.1623 -6.86493 -7.02096 -7.97437 -7.33796 -8.52142 -6.80241 -6.86604 -7.11465 -7.41955 -6.78535 -6.88029 -7.08835 -6.8636
internal_weight=5354.74 5074.57 280.168 22.8345 118.621 28.8852 8.55506 4955.95 2006.98 3.88671 257.334 245.383 905.438 74.1885 11.4371 233.837 18.9042 89.7359 33.3924 7.55747 11.9507 2.61899 831.25 174.625 24.9985 6.2808 656.625 214.932 14.5679 200.364
internal_count=5579 4027 1552 345 617 342 247 3410 2539 134 1207 1046 1849 360 232 900 178 275 211 215 161 130 1489 537 208 102 952 722 116 606
is_linear=0
shrinkage=1


Tree=1
num_leaves=31
num_cat=0
split_feature=85 100 131 131 134 41 62 75 105 75 141 131 15 23 100 21 142 101 30 131 84 131 134 16 75 139 137 21 3 41
split_gain=4081.54 1879.87 1825.94 860.207 807.002 672.975 631.202 610.189 603.716 556.346 519.202 517.285 487.805 409.498 378.018 373.083 340.801 306.292 455.693 273.928 266.75 320.877 249.882 243.602 509.482 251.927 242.805 237.715 237.397 230.813
threshold=266.90739995000007 -3.7499999999999996 405.097870266092 117.87901680958321 6.4400000000000004 42.500000000000007 13.65 12.450000000000001 14.500000000000002 20.750000000000004 31.995000000000001 1289.6230880289584 0.00038020833333333336 26.298611111111114 4.5999999999999668 0.49305555555555564 288.87566732956026 -2.0534856000000157 -2.4857142857142844 163.59781621699673 0.25000000000000006 122.07720712360991 14.840000000000002 0.69500000000000017 16.150000000000002 68.020508047736911 0.63500000000000012 0.54861111111111127 0.00062652550000000002 51.500000000000007
decision_type=2 2 2 2 2 2 2 2 2 2 2 2 2 2 2 2 2 2 2 2 2 2 2 2 2 2 2 2 2 2
left_child=3 2 9 13 -3 -4 17 15 -7 -2 20 -10 14 28 19 -5 22 -6 -19 -9 -8 -22 -14 24 -12 -26 -16 -11 -1 -28
right_child=1 4 5 7 6 8 10 12 11 27 23 -13 16 -15 26 -17 -18 18 -20 -21 21 -23 -24 -25 25 -27 29 -29 -30 -31
leaf_value=-0.22500063007837723 -0.033280975407413781 0.038837160955612654 -0.068288406224292997 -1.0625945017326335 0.019079766175728412 -0.36012359337959249 -0.11797325572211144 -0.29349128334313973 -1.3609528390814967 -0.1332517381010774 -0.045635850880474754 -0.43930200869458258 -0.13315967289856878 -0.30628897477999584 -0.15448646586248635 -0.29160178939254927 -0.10451016687148558 -0.11121828849128196 -0.0018183082341039708 -0.88587723217231873 -0.19131164339753604 -0.66423147764674362 -0.49379685507105286 -0.0096691010663983931 -0.56898301537584617 -0.12576054567896899 -0.20465750560397888 -0.36025304671054798 -0.058179481136325518 -0.65837958700310406
leaf_weight=23.527216516435146 342.35572941240389 2480.8955165725201 9.5251228113193047 2.860346251865848 1331.622527425352 16.543491988151803 17.425552205415443 5.2447000052779895 3.1425906305667004 46.721239072270691 42.34148723166436 4.8144049403490499 9.8921357197687048 21.158979274332523 20.73738003266044 4.5473948521539569 68.218746174825355 118.99259004165651 461.09536393429153 4.818070795154199 9.5465280860662443 6.2735523120500138 10.759906166465951 119.58167191874236 7.4735766006633622 6.3679789276793599 7.2267357679083926 15.562948313308878 178.28538585407659 5.698386138305068
leaf_count=134 571 553 24 85 823 143 61 42 116 174 82 56 39 157 88 37 213 386 478 108 50 103 127 143 104 25 41 135 387 94
internal_value=-0.00162504 0.0100489 -0.0887305 -0.163325 0.0194837 -0.435216 -0.00316204 -0.26024 -0.5694 -0.0585815 -0.0854457 -0.915167 -0.231782 -0.101559 -0.367996 -0.680874 -0.161359 0.00587152 -0.0244207 -0.632017 -0.263763 -0.407489 -0.335414 -0.0503877 -0.135282 -0.387623 -0.272971 -0.194848 -0.0786656 -0.437967
internal_weight=5403.26 5040.28 438.666 362.975 4601.62 34.0256 2120.72 140.004 24.5005 404.64 209.01 7.957 132.596 222.972 43.7253 7.40774 88.8708 1911.71 580.088 10.0628 33.2456 15.8201 20.652 175.765 56.183 13.8416 33.6625 62.2842 201.813 12.9251
internal_count=5579 4027 1219 1552 2808 339 2255 874 315 880 568 172 752 678 373 122 379 1687 864 150 214 153 166 354 211 129 223 309 521 135
is_linear=0
shrinkage=0.05


Tree=2
num_leaves=31
num_cat=0
split_feature=126 75 128 121 128 11 50 75 136 135 108 23 85 118 30 99 99 136 136 101 45 135 43 128 16 13 14 104 123 17
split_gain=3139.06 1744.65 951.49 701.034 528.556 494.029 621.29 481.46 454.754 395.267 395.169 367.386 325.161 268.448 260.06 251.455 239.858 307.039 234.171 225.782 221.666 205.909 200.474 182.649 213.335 226.122 159.636 164.933 158.891 207.149
threshold=61.500000000000007 20.750000000000004 9.5353181639130451 0.25000000000000006 10.900559218340463 0.0010288388611111113 1001.2500000000001 13.15 1.3200000000000003 29.500000000000004 279.64550890000004 21.731250000000006 264.77528445000002 14.350000000000003 -2.7471428571428578 -1.149999999999977 -1.3000000000000111 0.75500000000000012 0.40500000000000008 -2.9992956000000102 34.500000000000007 28.975000000000005 0.36350000000000005 9.6919312903905368 1.1850000000000003 0.0012040951458333336 0.012601495000000002 25.650000000000009 0.78656609248549325 0.0027000000000000006
decision_type=2 2 2 2 2 2 2 2 2 2 2 2 2 2 2 2 2 2 2 2 2 2 2 2 2 2 2 2 2 2
left_child=1 2 -1 8 11 6 -3 14 16 21 -10 -2 13 -13 -6 -12 17 18 -4 -19 -7 26 -14 -22 25 -25 27 -9 -18 -30
right_child=4 5 3 -5 7 20 -8 9 10 -11 15 12 22 -15 -16 -17 28 19 -20 -21 23 -23 -24 24 -26 -27 -28 -29 29 -31
leaf_value=0.034770731406764448 -0.034257394306425347 -0.64757792855594776 -0.1376461218946872 0.017556717714844107 -0.75804240871606199 0.026064161972965457 -0.1807839835003637 -0.39330070793500477 -0.099794397792538583 -0.36442933331634791 -0.6371562096367388 -0.37919352288127267 -0.22238069497077895 -0.14301285980373574 -0.27577411325690526 -0.18450941421236117 -0.0048064490115965405 -0.059580484881690904 -0.022247944610584172 -0.38976120744748033 -0.038383733368782785 -0.011707517245553838 -0.068709382305044225 -0.17078415102169192 -0.083007781005208781 -0.46969939154519724 -0.074451967517223147 -0.11505780406928585 -0.0062727721841695384 -0.13387277226463409
leaf_weight=2773.5915720183402 125.33905990235507 7.8807281923945984 61.857680742163211 1070.2541256885161 5.3053621193394056 34.720494074746966 45.125384662300348 12.523551580496134 49.369039831100963 22.272966499906033 5.5414529368281356 22.520858195144683 26.5166344223544 29.023906236048788 8.6539285308681411 8.1467543311882746 538.99119565705769 9.4489408368244785 148.41601565247402 11.836511927074751 48.726344734430313 26.468290144344792 101.72987507702783 27.738475855090655 42.192961602471769 8.3226970457471889 18.646133688976988 10.78375065885484 67.327893472276628 59.612562980502844
leaf_count=844 212 123 235 694 101 16 212 119 150 192 89 201 149 115 62 42 591 22 215 112 87 33 243 126 114 96 48 38 76 222
internal_value=-0.00138138 0.00949185 0.0157354 -0.0102642 -0.134269 -0.129619 -0.260983 -0.231059 -0.0412539 -0.184965 -0.170038 -0.10041 -0.146055 -0.251552 -0.49782 -0.399 -0.0320209 -0.075753 -0.0567099 -0.252664 -0.0851867 -0.122064 -0.101996 -0.115611 -0.162544 -0.250719 -0.189678 -0.2748 -0.016716 -0.0668122
internal_weight=5428.89 5019.1 4804.39 2030.8 409.784 214.707 53.0061 104.654 960.548 90.6947 63.0572 305.13 179.791 51.5448 13.9593 13.6882 897.491 231.559 210.274 21.2855 161.701 68.4217 128.247 126.98 78.2541 36.0612 41.9534 23.3073 665.932 126.94
internal_count=5579 4066 3292 2448 1513 774 335 593 1754 430 281 920 708 316 163 131 1473 584 450 134 439 238 392 423 336 222 205 157 889 298
is_linear=0
shrinkage=0.05


Tree=3
num_leaves=31
num_cat=0
split_feature=44 128 126 93 134 128 90 99 140 136 75 83 85 128 136 4 83 46 47 16 81 21 21 126 45 137 138 137 92 82
split_gain=2657.98 1026.69 1017.43 827.983 516.182 458.883 352.049 313.512 270.005 330.551 267.25 272.589 328.965 259.184 234.768 224.711 222.791 205.693 202.965 237.468 201.537 184.852 179.028 175.906 173.847 171.317 163.808 161.691 213.071 159.415
threshold=1212.5000000000002 9.5353181639130451 26.500000000000004 266.90576465000004 17.970000000000002 9.6888692041754485 24.133673469387759 2.0999999999999663 24.395000000000003 0.66500000000000015 21.750000000000004 19.650000000000002 276.14945465000005 11.616119158908168 0.71500000000000008 1.0000000180025095e-35 16.850000000000005 36.500000000000007 78.500000000000014 0.12000000000000001 52.150000000000013 0.47916666666666669 0.31250000000000006 26.500000000000004 98.500000000000014 0.43500000000000005 9.4950000000000028 2.2650000000000006 4.8500000000000014 16.858000000000004
decision_type=2 2 2 2 2 2 2 2 2 2 2 2 2 2 2 2 2 2 2 2 2 2 2 2 2 2 2 2 2 2
left_child=1 21 8 5 10 -2 13 18 9 -3 11 12 16 29 -14 -6 -4 -18 22 -20 -12 -1 -7 -23 -11 -21 -24 -9 -29 -5
right_child=3 2 4 6 15 7 -8 27 -10 24 20 -13 14 -15 -16 -17 17 -19 19 25 -22 23 26 -25 -26 -27 -28 28 -30 -31
leaf_value=0.040268110596677842 -0.064478744911963315 -0.012235935279335463 -0.030847101805561741 -0.033103090174238278 -0.018733808046140051 -0.068584221735935424 0.0049560566921958643 -0.09453111790283715 0.019625299593047509 -0.085949273396058276 -0.27250445405271173 -0.0017217155297217187 -0.47195480587181848 -0.25180861413514544 -0.12297543929318687 -0.23704896801272965 -0.064309051495332975 -0.30545434086011103 -0.11354740054650499 -0.22852777314599373 -0.048392167021009368 0.018409182882625826 -0.18107393809300987 -0.066850752997774099 -0.30345411580222609 -0.49870327948319321 -0.39740771297340266 -0.35405599422140177 -0.040157217969707629 -0.18110720023074403
leaf_weight=2136.8171452376992 160.99513748474419 290.55181694542989 143.0373217331944 89.189185199327767 14.931024637073277 26.364517192356288 245.53702915646136 120.04659747355618 1126.7477528568124 29.12152910802979 22.08495254907757 218.34693848155439 7.6118567327503142 21.348600013996474 13.424013150390236 59.425230293651111 21.701614263933152 14.881083343876524 11.504020284861324 13.163758119801061 18.767833776772022 439.15955540537834 48.096839395118877 69.132196448743343 13.414883786812423 17.21567383594811 11.393617380410431 14.084543006028982 8.9271031008101982 22.127795328851789
leaf_count=415 370 362 232 149 21 64 221 349 684 81 148 226 89 134 49 346 51 112 40 78 38 277 226 163 101 199 110 121 17 106
internal_value=-0.00119032 0.0134053 -0.0136802 -0.084705 -0.0726524 -0.131947 -0.0305506 -0.171655 0.00793162 -0.0315503 -0.0526243 -0.0404637 -0.082379 -0.0958491 -0.265168 -0.194107 -0.0595947 -0.168052 -0.228821 -0.320656 -0.173283 0.0338234 -0.180787 0.00669476 -0.160054 -0.392806 -0.228474 -0.119341 -0.239235 -0.0639187
internal_weight=5449.15 4639.16 1994.05 809.994 534.212 431.792 378.203 270.797 1459.84 333.088 459.856 419.003 200.656 132.666 21.0359 74.3563 179.62 36.5827 127.738 41.8835 40.8528 2645.11 85.855 508.292 42.5364 30.3794 59.4905 143.058 23.0116 111.317
internal_count=5579 3395 2540 2184 1312 1574 610 1204 1228 544 945 759 533 389 138 367 395 163 717 317 186 855 400 440 182 277 336 487 138 255
is_linear=0
shrinkage=0.05


Tree=4
num_leaves=31
num_cat=0
split_feature=85 100 128 131 121 128 33 128 142 50 16 77 36 133 42 15 50 133 58 14 137 43 97 58 100 61 15 141 136 80
split_gain=2064.26 1216.85 675.407 463.233 395.891 229.808 202.672 225.626 182.401 209.763 178.718 391.631 320.75 237.109 206.225 183.689 172.544 172.461 164.278 157.151 145.429 140.755 160.853 162.766 137.027 136.761 136.639 182.101 123.341 120.172
threshold=266.90739995000007 -3.7499999999999996 9.5353181639130451 192.76685285123133 0.25000000000000006 9.6608535224609398 0.12740271844236209 9.6888692041754485 612.6887982475954 1022.4500000000002 0.89000000000000012 277.80542625000004 265.82183020000008 13.645000000000001 0.21500000000000002 0.00076041666666666673 1026.6500000000003 64.925000000000011 13.150000000000004 0.016563573000000002 6.620000000000001 0.32650000000000007 3.9999999999999987 1.4499999999999995 4.0499999999999554 256.10000000000008 0.00038020833333333336 32.245000000000005 0.34500000000000003 31.412500000000005
decision_type=2 2 2 2 2 2 2 2 2 2 2 2 2 2 2 2 2 2 2 2 2 2 2 2 2 2 2 2 2 2
left_child=5 3 8 6 10 -1 7 -2 9 -3 11 12 16 15 17 -12 -4 24 -9 -5 -17 -13 23 -23 -14 -6 28 -28 -7 -8
right_child=1 2 4 19 25 26 29 18 -10 -11 13 21 14 -15 -16 20 -18 -19 -20 -21 -22 22 -24 -25 -26 -27 27 -29 -30 -31
leaf_value=-0.04610681570552181 -0.054581803773307208 0.018404951362761334 -0.27713347292896851 -0.11581408802969223 0.023329261591760107 -0.2490361911683428 0.0015411079380981433 -0.42837566320941689 0.041279359872182737 -0.089134905861359123 -0.017718323485899589 -0.11075975592502307 -0.33658660272583152 0.0067303453982295106 -0.0036196744407663555 -0.33581705090691816 -0.029637621556047801 -0.010984949075700225 -0.10774515355440278 -0.27637548504055981 -0.081466726062468062 -0.57985534866388821 -0.098363132038484485 -0.16065395238220548 -0.10194112423829574 -0.037234094405480887 -0.15203228568037919 -0.058646933542413973 -0.12938173058923391 -0.064436341188997062
leaf_weight=173.75347497314215 46.283560164272785 320.41112023405731 18.548595718108121 131.04547467071097 925.29606499255169 28.912767272442579 241.57673955429345 7.4556977078318623 2063.6420118603855 51.790491078048944 27.721915842033923 38.46883328986587 9.7220477091614175 410.48930261307396 314.08956651412882 10.650599702727051 11.494094816036521 24.334119686391205 9.4282125998288375 17.215216099284589 12.653644992504267 5.3427261693868804 8.4026055056601745 5.3848790172487497 18.382507630158216 102.6865234071156 81.635307385586202 148.98122306773439 105.44896764773875 95.516542391385883
leaf_count=335 98 202 127 437 493 178 234 80 359 146 38 126 82 355 337 89 19 30 32 118 35 79 27 26 58 180 333 325 381 220
internal_value=-0.00102542 0.00913904 0.0179364 -0.0609966 -0.00404264 -0.0938585 -0.0328514 -0.114336 0.035471 0.00322903 -0.0279384 -0.0501714 -0.0322369 -0.00598732 -0.0190967 -0.106556 -0.18661 -0.109903 -0.265647 -0.136218 -0.206951 -0.170908 -0.280101 -0.401499 -0.192058 0.0172443 -0.11639 -0.0922394 -0.156816 -0.0172743
internal_weight=5466.76 4928.03 4379.51 548.521 1943.67 538.732 400.261 63.1675 2435.84 372.202 915.685 454.17 396.571 461.515 366.528 51.0262 30.0427 52.4387 16.8839 148.261 23.3042 57.599 19.1302 10.7276 28.1046 1027.98 364.978 230.617 134.362 337.093
internal_count=5579 4027 2808 1219 2101 1552 664 210 707 348 1428 911 653 517 507 162 146 170 112 555 124 258 132 105 140 673 1217 658 559 454
is_linear=0
shrinkage=0.05


Tree=5
num_leaves=31
num_cat=0
split_feature=44 131 126 93 23 83 124 91 67 96 129 45 128 4 138 21 49 138 28 15 92 110 117 32 91 29 131 142 150 128
split_gain=1912.95 899.304 833.58 591.151 258.476 249.189 235.897 188.303 252.124 183.712 238.34 174.499 174.811 161.254 155.436 154.684 295.258 162.239 143.599 143.047 134.467 130.452 222.934 127.063 116.518 117.236 108.256 163.33 106.891 103.038
threshold=1202.5000000000002 61.386811297304639 26.500000000000004 266.99867995000005 21.645833333333336 16.150000000000002 -0.37940952255126015 24.850000000000005 13.15 41.312500000000007 3.5000000000000004 76.500000000000014 11.379315089454677 0.00010411150000000001 6.6950000000000012 0.47916666666666669 980.55000000000007 4.2600000000000007 41.850000000000009 0.00024375000000000002 17.850000000000005 23.850000000000005 0.95000000000000007 8.4500000000000011 22.450000000000003 38.750000000000007 113.51367412975763 624.85458834581084 0.23571428571428577 11.48223876127078
decision_type=2 2 2 2 2 2 2 2 2 2 2 2 2 2 2 2 2 2 2 2 2 2 2 2 2 2 2 2 2 2
left_child=1 15 5 4 -2 -3 24 8 19 10 11 29 -13 26 -6 -1 17 -17 28 23 -9 -19 -23 -8 25 -4 -7 -28 -16 -5
right_child=3 2 6 9 14 13 7 20 -10 -11 -12 12 -14 -15 18 16 -18 21 -20 -21 -22 22 -24 -25 -26 -27 27 -29 -30 -31
leaf_value=0.038877265087582338 -0.038964818805517623 0.022862252334451588 -0.069343854552592815 -0.0098090842987649425 -0.095377213243556289 -0.033929936735752057 -0.34958202879222333 -0.10613969896294256 -0.29118475702297614 0.02025054104471526 -0.0069682040684584451 -0.35531413247956062 -0.11121324169096375 -0.0075242101995374663 -0.12218370871903023 -0.001498566538190982 0.027051271446562615 -0.063556764227029841 -0.32310058838115724 -0.07727926576895025 0.022026557073222132 -0.38517621322586876 -0.049856639143006004 -0.10036839292560795 -0.090689603570099919 0.0023935700935882563 -0.25737231323511861 -0.043730095159113358 -0.25887122326709033 -0.13553680205202825
leaf_weight=2094.2580643557012 142.25887701753527 960.94423957611434 84.425429147668183 44.060044817160815 275.14368937117979 50.769370534457266 9.6236009043641406 41.878268928732723 23.019244229886681 173.96116456296295 157.77277908846736 10.706969033926724 24.090991030447185 413.52112027979456 104.96240565599874 50.360652811825275 428.43555440939963 34.180643093772233 12.253798412391914 83.813499745214358 38.501751698553562 9.6738370694220084 9.9657206423580629 12.267415769398211 79.638509694952518 170.30038941605017 16.714672895323019 19.21762577816844 17.114345370093361 25.113417643704452
leaf_count=465 254 521 203 53 802 86 84 133 163 103 180 94 80 476 364 52 196 79 98 215 21 92 21 39 226 162 108 37 111 96
internal_value=4.31329e-05 0.0135176 -0.0116987 -0.0631026 -0.0974401 0.00796992 -0.0645062 -0.10609 -0.14345 -0.0194862 -0.0458917 -0.10428 -0.194288 -0.0206173 -0.117599 0.0327598 0.00866881 -0.0664185 -0.162036 -0.108803 -0.0451708 -0.125939 -0.225926 -0.22063 -0.0382473 -0.0215415 -0.0822096 -0.147524 -0.143335 -0.0568068
internal_weight=5618.95 4631.51 2004.64 987.438 551.733 1461.17 543.468 209.104 128.724 435.705 261.744 103.971 34.798 500.223 409.474 2626.87 532.616 104.181 134.331 105.705 80.38 53.8202 19.6396 21.891 334.364 254.726 86.7017 35.9323 122.077 69.1735
internal_count=5614 3379 2474 2235 1629 1228 1246 655 501 606 503 323 174 707 1375 905 440 244 573 338 154 192 113 123 591 365 231 145 475 149
is_linear=0
shrinkage=0.05


Tree=6
num_leaves=31
num_cat=0
split_feature=103 137 134 101 75 73 15 93 13 15 21 23 100 141 138 43 15 137 88 3 61 141 137 110 135 30 75 32 19 101
split_gain=1636.77 1083.89 386.501 368.342 293.29 278.846 253.207 227.392 191.045 171.472 172.379 168.672 168.611 119.767 269.528 187.233 364.89 111.405 100.725 98.8896 174.071 97.3835 95.6956 94.0933 91.1915 88.636 122.474 96.8596 87.1389 85.5053
threshold=1110.2500000000002 0.055000000000000007 5.79 -0.51932780000001333 15.050000000000002 28.050000000000004 0.00024375000000000002 266.85650540000006 7.0333541666666685e-05 0.00041041666666666673 0.39583333333333343 26.897916666666671 4.5999999999999668 34.190000000000005 6.3350000000000009 0.30750000000000005 0.00099270833333333351 1.9600000000000002 26.962500000000006 0.00062652550000000002 1858.3000000000002 32.085000000000008 1.0850000000000002 29.950000000000003 29.925000000000004 -2.7728571428571409 26.150000000000002 13.15 -0.00052285714285714251 -4.2165321499999768
decision_type=2 2 2 2 2 2 2 2 2 2 2 2 2 2 2 2 2 2 2 2 2 2 2 2 2 2 2 2 2 2
left_child=2 4 -1 12 21 13 8 9 -3 24 -11 19 22 14 -5 -16 -17 -7 -12 20 -10 -2 -4 -20 -8 -25 27 -27 -9 -23
right_child=1 6 3 5 -6 17 7 28 11 10 18 -13 -14 -15 15 16 -18 -19 23 -21 -22 29 -24 25 -26 26 -28 -29 -30 -31
leaf_value=0.038910010615877164 -0.025006691580548881 -0.039321313581691386 0.0024938756985335726 -0.019018172651111356 0.031265443093451355 -0.21315098033123472 -0.23512684523734062 0.0037299012984243502 -0.3891511220857698 -0.088773171324857902 -0.10963128189853813 -0.060429599423446771 0.028261402772858574 0.0019997578829609509 -0.068662305472344753 -0.5283540473889704 -0.027895010640218133 -0.063000610633531712 -0.0035889050146691069 -0.12702601114691844 -0.10606823864030397 -0.024701038283239669 -0.057973552900044356 -0.01835196830187355 -0.10041346962228562 -0.075327175169792676 -0.036616738421381925 -0.29278140960935972 -0.064842392155129935 -0.18554992486816091
leaf_weight=1590.9762747772038 107.59031074680388 118.17648249259219 366.42630931234453 122.08352535683662 559.72849904000759 26.151713444967754 17.570682114223018 231.43953237263486 9.918792527168991 222.35008802637458 36.868517553433776 99.471251086331904 1080.2565213257913 249.10290454607457 18.761962210293859 7.4636738263070566 6.6384866037406027 25.061806063866243 209.77124013472348 180.58348469389603 13.064360701479016 14.327765453606842 78.602826804155484 57.447475693654269 50.823816202580929 10.529821873642506 27.227800320833921 11.238119907677172 56.861908681225032 19.993426392786205
leaf_count=352 162 212 348 169 209 142 105 214 95 619 120 221 469 239 46 97 11 58 225 642 43 22 171 79 155 28 48 83 132 98
internal_value=0.000110256 -0.0354311 0.0205656 0.00581489 0.0149821 -0.0336029 -0.0615633 -0.0469266 -0.093754 -0.0634334 -0.05434 -0.114766 0.0175978 -0.0194852 -0.053849 -0.178708 -0.310544 -0.142383 -0.0324524 -0.140867 -0.239578 -0.0489773 -0.00828095 -0.0231209 -0.137983 -0.061175 -0.109914 -0.19574 -0.00995477 -0.121144
internal_weight=5626.51 2054.98 3571.53 1980.55 701.64 455.264 1353.34 932.129 421.214 643.828 575.433 303.038 1525.29 404.051 154.948 32.8641 14.1022 51.2135 353.083 203.567 22.9832 141.912 445.029 316.214 68.3945 106.443 48.9957 21.7679 288.301 34.3212
internal_count=5614 3512 2102 1750 491 762 3021 1808 1213 1462 1202 1001 988 562 323 154 108 200 583 780 138 282 519 463 260 238 159 111 346 120
is_linear=0
shrinkage=0.05


Tree=7
num_leaves=31
num_cat=0
split_feature=103 131 139 112 151 16 75 131 105 29 30 89 22 1 75 124 93 140 54 81 92 93 44 135 93 75 90 102 89 106
split_gain=1451.62 885.26 377.175 307.542 278.24 269.316 225.705 168.881 156.104 146.966 278.123 191.482 135.909 123.136 173.497 188.501 122.317 113.435 110.339 101.732 94.7509 133.797 127.551 87.9539 85.8891 84.5598 83.7539 81.2434 75.2794 72.3599
threshold=1110.2500000000002 33.15434016127945 83.777273392101407 276.66302210000003 1.0000000180025095e-35 0.93500000000000016 15.050000000000002 102.33732734383671 17.500000000000004 29.750000000000004 -1.7085714285714271 37.850000000000001 56.500000000000007 0.0089810045000000022 15.15 0.37940952255126048 265.51999250000006 7.5550000000000006 0.025000000000000005 28.850000000000005 0.25000000000000006 264.02592250000004 1417.5000000000002 29.500000000000004 264.07438130000008 16.350000000000005 22.735714285714291 2.4999999999999996 24.550000000000004 9.1500000000000004
decision_type=2 2 2 2 2 2 2 2 2 2 2 2 2 2 2 2 2 2 2 2 2 2 2 2 2 2 2 2 2 2
left_child=2 6 3 19 9 7 -2 13 -7 10 12 -12 26 -3 15 -15 20 -10 -18 -1 -9 22 -22 -20 -23 -16 -5 -6 -19 -11
right_child=1 5 -4 4 27 8 -8 16 17 29 11 -13 -14 14 25 -17 18 28 23 -21 21 24 -24 -25 -26 -27 -28 -29 -30 -31
leaf_value=0.031712470872139936 -0.046384518457195829 -0.011229113312463302 0.039193151638318921 -0.14947776517972822 -0.1793980243508381 -0.0022753961207388311 0.037355052518388214 -0.043287709838943429 -0.12942226129827991 -0.037232196344509347 -0.070876256041107713 -0.34110924885126875 0.016248654686819294 -0.31680156002921045 0.020893182335981933 -0.032658222912563616 -0.15709359479356558 -0.1153546328076992 -0.033033907027513083 -0.0031305726787244749 -0.34635459477470509 -0.035508231755113889 -0.10744400219450068 -0.08947878654070425 -0.1377907719030462 -0.081168525567071548 -0.032109413061883987 -0.053814167421354489 -0.035605953425007254 0.009376040466632693
leaf_weight=857.78194847563282 96.992915671318769 154.88989395834506 1475.378627313301 24.04038478853181 29.710813776124269 296.36742648482323 450.16834560781717 32.712908316403627 38.543588229455054 96.95695106103085 15.504482042975726 11.387843105010687 93.959177444688976 13.16297139041126 30.092371979728341 10.432619369588791 32.294124891515821 31.022084407508373 148.27636638702825 276.52382929297164 13.368446981534364 27.008999090641737 11.353598624467848 131.95928650838323 99.883551499340683 58.808555186726153 40.956212391145527 24.478218120057136 454.51738339010626 554.21422105224337
leaf_count=313 188 190 318 99 140 310 113 62 141 170 39 96 63 103 17 18 137 105 247 294 113 47 38 370 378 156 68 52 779 450
internal_value=0.000165504 -0.032352 0.019972 0.00595639 -0.0160104 -0.0512774 0.0224442 -0.0726341 -0.0313135 -0.00882323 -0.0479138 -0.193615 -0.0221762 -0.0403362 -0.0799159 -0.197809 -0.0898895 -0.0476893 -0.0703873 0.0232187 -0.122371 -0.139006 -0.245272 -0.0598545 -0.116507 -0.0467176 -0.0772035 -0.124763 -0.0409382 0.00238213
internal_weight=5632.75 2131.86 3500.89 2025.51 891.208 1584.69 547.161 764.244 820.45 837.019 185.848 26.8923 158.956 267.386 112.497 23.5956 496.857 524.083 312.53 1134.31 184.328 151.615 24.722 280.236 126.893 88.9009 64.9966 54.189 485.539 651.171
internal_count=5614 3512 2102 1784 1177 3211 301 1876 1335 985 365 135 230 484 294 121 1392 1025 754 607 638 576 151 617 425 173 167 192 884 620
is_linear=0
shrinkage=0.05


end of trees

feature_importances:
log_customers=13
wind_speed_max_next_6h=12
pop_density=10
pct_wetland=8
pre_event_mean_osi=7
pressure_change_6h=7
frac_zero_72h=6
min_t2m_next_48h=6
pct_developed=6
pct_water=6
pre_event_max_outage_pct=5
gust_max_last6h_obs=5
min_t2m_next_24h=5
pct_agriculture=5
gust_mean_obs=4
gust_trend_last6h_obs=4
r2_t=4
temp_change_6h=4
hours_since_obs=4
pct_unmapped=4
tree_canopy_std=4
last_D_t=3
last_R_t=3
soil_moist_t=3
blh_t=3
tcc_t=3
sp_t=3
mslma_t=3
gust_x_hso=3
wind_speed_max_next_24h=3
gust_mean_next_48h=3
total_tp_next_48h=3
pressure_change_3h=3
tp_at_t48h=3
tree_canopy_pct=3
forest_x_customers=3
R_t_mean_72h=2
R_t_max_72h=2
wind_speed_t=2
gust_exceed_30=2
gust_max_next_24h=2
total_tp_next_24h=2
gust_peak4h_mean_next_24h=2
gust_max_next_48h=2
wind_speed_max_next_48h=2
gust_peak4h_mean_next_48h=2
cumul_gust_since_onset=2
gust_gt30_since_onset=2
gust_at_t6h=2
hour_sin=2
hour_cos=2
pct_forest=2
pct_forest_classified=2
last_osi=1
last_P_t=1
N_t_mean_72h=1
storm_onset_max_osi=1
osi_trend_last6h=1
hours_since_peak=1
gust_last_obs=1
wind_sin_t=1
d2m_t=1
vpd_t=1
lcc_t=1
mcc_t=1
diffuse_rad_t=1
et0_t=1
gust_x_phase=1
wind_speed_max_next_1h=1
gust_max_next_6h=1
min_t2m_next_6h=1
gust_peak4h_mean_next_6h=1
gust_mean_next_24h=1
gust_change_1h=1
gust_change_3h=1
wind_change_1h=1
cumul_tp_since_onset=1
gust_at_t1h=1
t2m_at_t1h=1
t2m_at_t6h=1
tp_at_t24h=1
gust_at_t48h=1
rural_urban_code=1
tp_rate_next_6h=1
gust_gt30_frac_next_6h=1

parameters:
[boosting: gbdt]
[objective: gamma]
[metric: rmse]
[tree_learner: serial]
[device_type: cpu]
[data_sample_strategy: bagging]
[data: ]
[valid: ]
[num_iterations: 2000]
[learning_rate: 0.05]
[num_leaves: 31]
[num_threads: -1]
[seed: 42]
[deterministic: 0]
[force_col_wise: 0]
[force_row_wise: 0]
[histogram_pool_size: -1]
[max_depth: -1]
[min_data_in_leaf: 50]
[min_sum_hessian_in_leaf: 0.001]
[bagging_fraction: 0.8]
[pos_bagging_fraction: 1]
[neg_bagging_fraction: 1]
[bagging_freq: 5]
[bagging_seed: 42]
[bagging_by_query: 0]
[feature_fraction: 0.8]
[feature_fraction_bynode: 1]
[feature_fraction_seed: 42]
[extra_trees: 0]
[extra_seed: 12879]
[early_stopping_round: 0]
[early_stopping_min_delta: 0]
[first_metric_only: 0]
[max_delta_step: 0]
[lambda_l1: 0.1]
[lambda_l2: 1]
[linear_lambda: 0]
[min_gain_to_split: 0]
[drop_rate: 0.1]
[max_drop: 50]
[skip_drop: 0.5]
[xgboost_dart_mode: 0]
[uniform_drop: 0]
[drop_seed: 42]
[top_rate: 0.2]
[other_rate: 0.1]
[min_data_per_group: 100]
[max_cat_threshold: 32]
[cat_l2: 10]
[cat_smooth: 10]
[max_cat_to_onehot: 4]
[top_k: 20]
[monotone_constraints: ]
[monotone_constraints_method: basic]
[monotone_penalty: 0]
[feature_contri: ]
[forcedsplits_filename: ]
[refit_decay_rate: 0.9]
[cegb_tradeoff: 1]
[cegb_penalty_split: 0]
[cegb_penalty_feature_lazy: ]
[cegb_penalty_feature_coupled: ]
[path_smooth: 0]
[interaction_constraints: ]
[verbosity: -1]
[saved_feature_importance_type: 0]
[use_quantized_grad: 0]
[num_grad_quant_bins: 4]
[quant_train_renew_leaf: 0]
[stochastic_rounding: 1]
[linear_tree: 0]
[max_bin: 255]
[max_bin_by_feature: ]
[min_data_in_bin: 3]
[bin_construct_sample_cnt: 200000]
[data_random_seed: 42]
[is_enable_sparse: 1]
[enable_bundle: 1]
[use_missing: 1]
[zero_as_missing: 0]
[feature_pre_filter: 1]
[pre_partition: 0]
[two_round: 0]
[header: 0]
[label_column: ]
[weight_column: ]
[group_column: ]
[ignore_column: ]
[categorical_feature: ]
[forcedbins_filename: ]
[precise_float_parser: 0]
[parser_config_file: ]
[objective_seed: 16083]
[num_class: 1]
[is_unbalance: 0]
[scale_pos_weight: 1]
[sigmoid: 1]
[boost_from_average: 1]
[reg_sqrt: 0]
[alpha: 0.9]
[fair_c: 1]
[poisson_max_delta_step: 0.7]
[tweedie_variance_power: 1.5]
[lambdarank_truncation_level: 30]
[lambdarank_norm: 1]
[label_gain: ]
[lambdarank_position_bias_regularization: 0]
[eval_at: ]
[multi_error_top_k: 1]
[auc_mu_weights: ]
[num_machines: 1]
[local_listen_port: 12400]
[time_out: 120]
[machine_list_filename: ]
[machines: ]
[gpu_platform_id: -1]
[gpu_device_id: -1]
[gpu_device_id_list: ]
[gpu_use_dp: 0]
[num_gpu: 1]

end of parameters

pandas_categorical:[]
