tree
version=v4
num_class=1
num_tree_per_iteration=1
label_index=0
max_feature_idx=162
objective=gamma
feature_names=last_osi last_P_t last_N_t last_D_t last_R_t last_outage_pct osi_mean_72h osi_max_72h osi_std_72h outage_pct_mean_72h outage_pct_max_72h N_t_mean_72h N_t_max_72h R_t_mean_72h R_t_max_72h pre_event_mean_osi pre_event_max_outage_pct storm_onset_max_osi storm_onset_mean_osi osi_trend_last6h is_worsening frac_zero_72h hours_since_peak gust_mean_obs gust_max_obs gust_gt30_obs gust_gt40_obs cumul_gust_obs gust_last_obs gust_max_last6h_obs gust_trend_last6h_obs gust_t wind_speed_t wind_sin_t wind_cos_t t2m_t d2m_t tp_t rain_t csnow_t sdwe_t r2_t vpd_t soil_moist_t blh_t tcc_t lcc_t mcc_t hcc_t sp_t mslma_t sdswrf_t direct_rad_t diffuse_rad_t et0_t temp_c_t dewpoint_c_t icing_risk_t gust_exceed_30 soil_moist_x_gust is_snowing gust_x_hso gust_x_phase soil_gust_x_phase gust_exceed30_x_hso gust_max_next_1h gust_mean_next_1h wind_speed_max_next_1h total_tp_next_1h min_t2m_next_1h gust_gt30_next_1h gust_gt40_next_1h gust_peak4h_mean_next_1h gust_max_next_6h gust_mean_next_6h wind_speed_max_next_6h total_tp_next_6h min_t2m_next_6h gust_gt30_next_6h gust_gt40_next_6h gust_peak4h_mean_next_6h gust_max_next_24h gust_mean_next_24h wind_speed_max_next_24h total_tp_next_24h min_t2m_next_24h gust_gt30_next_24h gust_gt40_next_24h gust_peak4h_mean_next_24h gust_max_next_48h gust_mean_next_48h wind_speed_max_next_48h total_tp_next_48h min_t2m_next_48h gust_gt30_next_48h gust_gt40_next_48h gust_peak4h_mean_next_48h gust_change_1h gust_change_3h pressure_change_3h pressure_change_6h temp_change_6h wind_change_1h cumul_gust_since_onset cumul_tp_since_onset gust_gt30_since_onset gust_at_t1h wind_speed_at_t1h t2m_at_t1h tp_at_t1h gust_at_t6h wind_speed_at_t6h t2m_at_t6h tp_at_t6h gust_at_t24h wind_speed_at_t24h t2m_at_t24h tp_at_t24h gust_at_t48h wind_speed_at_t48h t2m_at_t48h tp_at_t48h hour_of_day hour_sin hour_cos days_since_onset hours_since_obs storm_phase log_customers rural_urban_code is_metro pop_density n_utilities pct_forest pct_developed pct_agriculture pct_water pct_wetland pct_unmapped pct_forest_classified tree_canopy_pct tree_canopy_std forest_x_customers window_len_next_1h is_full_next_1h tp_rate_next_1h gust_gt30_frac_next_1h has_weather_at_t1h window_len_next_6h is_full_next_6h tp_rate_next_6h gust_gt30_frac_next_6h has_weather_at_t6h window_len_next_24h is_full_next_24h tp_rate_next_24h gust_gt30_frac_next_24h has_weather_at_t24h window_len_next_48h is_full_next_48h tp_rate_next_48h gust_gt30_frac_next_48h has_weather_at_t48h
feature_infos=[0:0.55230000000000001] [0:0.82424180700000005] [0:0.065400654000000003] [0:0.90465771100000003] [0:0.058582058999999999] [0:82.420000000000002] [4.1666666666666669e-06:0.26529999999999998] [0.0001:0.65049999999999997] [1.9982631347136334e-05:0.22470370552747407] [0.00083333333333333328:39.644861111111112] [0.02:100] [3.1208333333333337e-06:0.018623942125000001] [7.4900000000000005e-05:0.37916412199999999] [3.1208333333333337e-06:0.017093115180555556] [7.4900000000000005e-05:0.18675781699999999] [0:0.38653749999999998] [0:100] [0:0.59799999999999998] [0:0.20940416666666664] [-0.055854285714285697:0.019237142857142855] [0:1] [0:0.95833333333333337] [0:71] [13.03611111111111:31.258333333333326] [29.100000000000001:70] [0:35] [0:17] [938.59999999999991:2250.5999999999995] [3.8999999999999999:47.5] [15.4:64.5] [-6.477142857142856:3.3114285714285714] [0.59999999999999998:57.799999999999997] [0:38] [-0.99999999952007834:0.99999999987412524] [-0.99999999329043221:0.99274528645688664] [260.0631818:298.36374050000001] [257.71271739999997:289.74666669999999] [0:11.300000000000001] [0:11.300000000000001] [0:2.52] [0:0.089999999999999997] [18:100] [0:2.3500000000000001] [0.16700000000000001:0.51500000000000001] [10:3005] [0:100] [0:100] [0:100] [0:100] [885.39999999999998:1027.2] [987:1031.2] [0:858] [0:729] [0:463] [0:0.58999999999999997] [-13.086818199999982:25.213740500000029] [-15.437282600000003:16.596666700000014] [0:1] [0:27.799999999999997] [0.19259999999999999:22.584399999999999] [0:1] [0.80000000000000004:3819.7999999999997] [0:107.59999999999999] [0:43.900799999999997] [0:1689.7999999999997] [1.2:57.799999999999997] [0.89999999999999991:54.5] [0.20000000000000001:38] [0:14.699999999999999] [259.61134090000002:298.20713590000003] [0:2] [0:2] [0.89999999999999991:54.5] [3.5:58.299999999999997] [2.1999999999999997:49.328571428571429] [1.2:38] [0:26.699999999999999] [259.42265909999998:296.34512319999999] [0:7] [0:7] [2.7749999999999999:52.550000000000004] [8.5999999999999996:58.299999999999997] [4.5520000000000005:43.052] [5.5:38] [0:34.399999999999999] [259.42265909999998:286.57337899999999] [0:25] [0:19] [7.9249999999999989:52.550000000000004] [10.800000000000001:58.299999999999997] [5.3392857142857135:37.897959183673471] [5.5:38] [0:37.399999999999999] [259.42265909999998:282.2020192] [0:42] [0:22] [9.375:52.550000000000004] [-22.599999999999998:26.299999999999997] [-32:33.399999999999999] [-6.1999999999999318:10.599999999999909] [-10.899999999999977:14.599999999999909] [-18.266987999999969:21.845291299999985] [-14.399999999999999:20.799999999999997] [347.09999999999997:4065.6999999999998] [0:40.299999999999997] [0:61] [0.59999999999999998:57.799999999999997] [0:38] [259.61134090000002:298.36374050000001] [0:11.300000000000001] [1.3:57.700000000000003] [0:38] [260.27093180000003:298.4303941] [0:11.300000000000001] [1.3:57.799999999999997] [0:38] [261.7510092:298.4303941] [0:11.300000000000001] [1.3:51.200000000000003] [0:33.799999999999997] [260.64059090000001:296.58327589999999] [0:11.300000000000001] [0:23] [-1:1] [-1:1] [1:5] [1:120] [0:3] [7.1180162044653335:13.453719692845613] [1:9] [0:1] [8.3691524328166658:11939.655837338518] [1:11] [0.96999999999999997:88.719999999999999] [2.21:86.629999999999995] [0.080000000000000002:87.469999999999999] [0.01:5.5099999999999998] [0:16.82] [1.8899999999999999:17.02] [0.98868616858628067:95.299005138296707] [2.2000000000000002:81.680000000000007] [12.65:40.350000000000001] [8.0682331817177619:931.7442536362413] none none [0:7.3499999999999996] [0:1] none none none [0:3.8142857142857141] [0:1] none none none [0:1.3759999999999999] [0:1] none [25:49] [0:1] [0:0.76326530612244892] [0:0.8571428571428571] [0:1]
tree_sizes=3327 3427 3429 3427 3423 3441 3444 3444 3444 3430

Tree=0
num_leaves=31
num_cat=0
split_feature=103 131 140 131 114 138 96 124 114 43 131 96 85 104 137 131 112 103 16 22 47 103 16 131 104 115 85 52 88 29
split_gain=7075.95 6074.19 1917.01 1811.07 2738.23 1798.98 2396.34 1742.05 1042.62 971.879 835.827 913.755 743.14 718.501 709.428 697.075 641.327 638.57 700.915 1578.25 628.332 505.441 411.782 580.256 974.53 408.452 360.689 350.063 318.262 307.347
threshold=2727.8000000000006 407.19002995464729 7.580000000000001 407.19002995464729 22.150000000000002 11.905000000000001 37.787500000000016 -0.78656609248549325 13.550000000000002 0.31950000000000006 52.500362958644175 22.712500000000006 270.36975495000007 8.0500000000000025 2.1500000000000008 49.891498158895921 289.28979510000005 1677.8000000000004 0.38500000000000006 6.5000000000000009 81.500000000000014 3032.2500000000009 0.77500000000000013 102.46576542186035 22.150000000000006 6.2500000000000009 264.61314420000002 26.500000000000004 32.287500000000016 42.350000000000009
decision_type=2 2 2 2 2 2 2 2 2 2 2 2 2 2 2 2 2 2 2 2 2 2 2 2 2 2 2 2 2 2
left_child=3 2 26 8 5 6 -5 -3 10 -9 -1 -12 14 -11 -6 -10 -16 -17 19 -19 22 -22 23 -4 -25 29 -2 -23 -14 -13
right_child=1 7 20 4 12 -7 -8 9 15 13 11 25 28 -15 16 17 -18 18 -20 -21 21 27 -24 24 -26 -27 -28 -29 -30 -31
leaf_value=-6.589089546851107 -6.7128433694832843 -7.1684247791300502 -6.6967263956830845 -7.9732775192438696 -6.6891457208580745 -6.7583207486883943 -6.7964987954951859 -6.9871076585130396 -6.5299217269248375 -7.1020869960567854 -7.2334077445971232 -7.0491827455927236 -6.7305903526028485 -9.2424725230149658 -7.5750886863811431 -6.552300504918855 -6.7148261149098314 -6.6499129344029244 -6.5845338697196505 -7.2459145547238411 -6.7464537680665568 -7.3230657613513275 -6.6320524021318361 -7.561156368508418 -6.6711504040032414 -6.6086966395552498 -7.3781452965942771 -6.8564693816285169 -6.5753448879561009 -6.7006747884319395
leaf_weight=150.36129643395543 2.9876087829470661 6.0158133055083454 35.807513315696269 8.244405929406641 26.864753405214287 28.385940020903945 9.0521854784456064 1.4174892271403203 3267.5835198671557 1.1151482170098463 9.3412547542247903 11.684172929031776 35.593579910811968 2.8090921109542251 4.2231843600748089 3504.6255510631017 4.4382821095641702 83.617703835479915 560.44193817512132 11.895275546703486 30.311969063710421 8.0724935017060506 122.92829130520113 5.0085105719044787 6.8960067371372133 36.229231595760211 13.566258557373656 11.230548359919338 340.76983609853778 14.999015044653786
leaf_count=228 15 91 134 269 97 143 56 22 1074 24 148 135 158 207 110 2721 21 230 797 188 145 146 293 125 24 70 251 83 422 59
internal_value=-6.56425 -6.8267 -6.76933 -6.55619 -6.6527 -7.0157 -7.40408 -7.90898 -6.5504 -8.5153 -6.65678 -6.7953 -6.61143 -8.86815 -6.82681 -6.5472 -7.19608 -6.56078 -6.60602 -6.73049 -6.72836 -6.88382 -6.68153 -6.80488 -7.09428 -6.72071 -7.27371 -7.07965 -6.59044 -6.86549
internal_weight=8356.52 248.167 236.809 8108.35 457.572 45.6825 17.2966 11.3575 7650.78 5.34173 222.615 72.2537 411.89 3.92424 35.5262 7428.16 8.66147 4160.58 655.955 95.513 220.255 49.615 170.64 47.712 11.9045 62.9124 16.5539 19.303 376.363 26.6832
internal_count=8486 1560 1216 6926 1276 468 325 344 5650 253 640 412 808 231 228 5010 131 3936 1215 418 950 374 576 283 149 264 266 229 580 194
is_linear=0
shrinkage=1


Tree=1
num_leaves=31
num_cat=0
split_feature=103 128 103 129 140 15 85 133 94 16 101 74 19 138 5 134 81 84 139 112 43 23 2 101 6 83 83 136 18 47
split_gain=4283.39 1873.96 2065.66 974.078 803.775 630.375 827.672 540.458 776.383 471.795 448.266 398.622 391.927 364.261 647.902 345.609 337.041 327.389 306.868 309.628 293.478 477.565 277.955 235.851 221.314 218.801 211.604 230.924 210.819 220.722
threshold=2727.8000000000006 9.5871465020954059 1775.95 2.5000000000000004 24.395000000000003 0.00060625000000000013 266.39419155000002 24.840000000000007 13.500000000000002 0.77500000000000013 -2.9003120499999961 29.064285714285713 -1.0000000180025095e-35 4.745000000000001 0.52000000000000013 18.985000000000003 25.850000000000005 4.950000000000002 4.7745827319159639 278.65095370000006 0.48250000000000004 21.445138888888895 0.00047193950000000006 -0.65607574999998508 0.0052652777777777793 9.7500000000000018 17.050000000000004 0.47500000000000003 0.062256250000000006 4.5000000000000009
decision_type=2 2 2 2 2 2 2 2 2 2 2 2 2 2 2 2 2 2 2 2 2 2 2 2 2 2 2 2 2 2
left_child=1 16 7 5 12 6 -4 8 18 20 11 -5 22 -12 -15 -8 -1 24 -3 -20 21 -6 23 -2 -7 -23 27 -9 29 -13
right_child=4 2 3 10 9 17 15 26 -10 -11 13 28 -14 14 -16 -17 -18 -19 19 -21 -22 25 -24 -25 -26 -27 -28 -29 -30 -31
leaf_value=-0.051736117374081715 -0.66103156615373859 0.017814156553776921 -0.8353550924011266 -0.0012080065097364078 -0.08603561998444266 -0.16529219893916633 -0.50494947284778047 -0.090409754783453158 -0.029062476349335793 -0.065233067972883738 -0.048097874228045324 -0.069221922032870919 -0.11016718330490941 -0.4559205244909037 -0.12265960005821921 -0.1959620656880815 0.031497360800692258 -0.062016278293174625 -0.53331659082832417 -0.19781841953278598 -0.048071699821242264 -0.6581060225252453 -0.20635431277933589 -0.33957429201430822 -0.47633696467401365 -0.31021447715453532 0.013984459391135613 -0.0031975037708097476 -0.035950996118417983 -0.42116551034192268
leaf_weight=124.27507729269564 7.3610915606841436 8.4762158095836622 6.3925140695646396 226.40584541158751 19.546089444542304 21.968783746939156 11.154259681235997 101.87746737385169 611.74326577072497 158.19909413799178 67.248165840748698 7.7651664665900197 30.49833769723773 18.854897227836773 60.073928202968091 48.987383079598658 4271.6337138991803 66.356281897285953 10.47747227444779 22.989338642451912 18.322597487596795 6.7601373898796764 37.989006770774722 50.710290971095674 7.9201410999521604 23.27720304322429 2062.1371580741834 290.2730658671353 14.648451616987584 11.299287354573606
leaf_count=254 118 5 130 232 55 98 134 288 968 366 133 20 100 200 210 245 1580 150 133 118 37 109 199 402 93 174 1485 309 26 115
internal_value=-0.000357666 0.0071022 -0.0192337 -0.106725 -0.170676 -0.20977 -0.327513 -0.00318314 -0.0435486 -0.113338 -0.0650147 -0.0254255 -0.271381 -0.134778 -0.207041 -0.260672 0.0291319 -0.125793 -0.249117 -0.315424 -0.222763 -0.284991 -0.320852 -0.390907 -0.260629 -0.407352 0.00757931 -0.0260396 -0.183199 -0.288659
internal_weight=8425.62 8072.96 3677.05 569.075 352.664 162.779 66.5342 3107.97 653.686 226.105 406.296 260.119 126.559 146.177 78.9288 60.1416 4395.91 96.2452 41.943 33.4668 67.906 49.5834 96.0604 58.0714 29.8889 30.0373 2454.29 392.151 33.7129 19.0645
internal_count=8486 6926 5092 1786 1560 850 509 3306 1224 741 936 393 819 543 410 379 1834 341 256 251 375 338 719 520 191 283 2082 597 161 135
is_linear=0
shrinkage=0.05


Tree=2
num_leaves=31
num_cat=0
split_feature=105 81 128 11 103 128 77 115 128 15 92 133 161 100 112 99 77 13 137 36 21 41 74 49 43 51 43 15 34 49
split_gain=3309.18 1705.79 1184 683.854 609.266 502.567 497.813 421.879 407.797 382.392 427.465 343.697 399.455 297.294 284.774 252.596 245.956 292.822 245.148 632.331 434.859 396.644 225.196 196.897 318.427 406.671 219.33 191.735 278.369 338.692
threshold=31.500000000000004 24.950000000000003 9.5871465020954059 0.0023571826736111111 1677.8000000000004 10.452140487873939 278.00672475000005 5.4500000000000011 9.6890553199416019 0.00017187500000000002 6.6500000000000021 24.840000000000007 0.25510204081632659 5.6999999999999895 285.9445048500001 3.1499999999999777 267.83549235000004 0.001594405479166667 0.070000000000000021 267.51391665000006 0.31250000000000006 45.500000000000007 11.421428571428574 990.85000000000002 0.35250000000000004 533.50000000000011 0.36950000000000005 0.0010062500000000002 -0.018959023210068433 991.6500000000002
decision_type=2 2 2 2 2 2 2 2 2 2 2 2 2 2 2 2 2 2 2 2 2 2 2 2 2 2 2 2 2 2
left_child=1 5 -3 6 11 -1 8 -5 -2 10 -6 12 -4 22 -12 23 17 -9 -11 20 -20 -22 -10 24 -7 -26 -25 28 -24 -30
right_child=3 2 4 7 9 15 -8 16 13 18 14 -13 -14 -15 -16 -17 -18 -19 19 -21 21 -23 27 26 25 -27 -28 -29 29 -31
leaf_value=-0.06870312193887948 -0.094383585433973682 0.031295412420525345 -0.20856224248663771 -0.22758596645692264 -0.092550500333662467 -0.18141021341750393 -0.01701488483956988 -0.31058096533389401 -0.47317843500640527 0.0024743221424298606 -0.62862009491085358 0.0090599252521028333 -0.023562736465967748 -0.48763526796045342 -0.18524755431814519 -0.071966513200949087 -0.025667887158246333 -0.075966325613410712 -0.09992747992578771 -0.049619129690346105 -0.1322878906828622 -0.79043540184733008 -0.19781184612212852 -0.3648793752947479 -0.91953413643218185 -0.2135733795489364 -0.10226575256346673 -0.11706747758382566 -0.57144428496888189 -0.10561859455946668
leaf_weight=232.73437463119626 54.719630459323525 4094.5193480690941 29.72761099296622 37.168356041656807 45.264306148979813 9.9977859969367291 39.214946368243545 16.180607325164601 8.6429815257433784 177.95588995795697 6.4342036591842797 2324.4720581868896 594.34218206768855 12.661678162869064 9.6058488478884083 23.145971787162125 240.11945909913629 64.454001015983522 11.305949540343137 240.87121504079551 4.1841074023395759 5.8357425043359399 60.518447362119332 11.762745787855236 4.2551012150943262 4.6720447386614978 24.580276258522645 40.570029734633863 12.106565167428927 6.3577325567603102
leaf_count=554 160 1531 158 211 131 50 53 123 100 169 100 1903 875 146 49 58 364 164 36 481 18 114 304 105 101 29 77 138 162 22
internal_value=-0.000222021 0.00837866 0.0131165 -0.114044 -0.00845988 -0.10616 -0.180266 -0.070207 -0.212721 -0.0593526 -0.175426 0.000210912 -0.0327028 -0.257668 -0.389846 -0.215004 -0.0513041 -0.126335 -0.0428136 -0.0734626 -0.328262 -0.553003 -0.231317 -0.272475 -0.403954 -0.609303 -0.194892 -0.210011 -0.255628 -0.424972
internal_weight=8448.38 7855.67 7544.52 592.714 3450 311.148 234.792 357.922 195.577 501.457 61.3044 2948.54 624.07 140.857 16.0401 78.4139 320.754 80.6346 440.153 262.197 21.3258 10.0198 128.196 55.268 18.9249 8.92715 36.343 119.553 78.9827 18.4643
internal_count=8486 6539 5565 1947 4034 974 1085 862 1032 1098 280 2936 1033 872 149 420 651 287 818 649 168 132 726 362 180 130 182 626 488 184
is_linear=0
shrinkage=0.05


Tree=3
num_leaves=31
num_cat=0
split_feature=105 81 128 18 65 13 133 129 22 7 120 77 141 131 19 6 100 53 4 8 110 137 6 141 82 73 88 105 81 28
split_gain=2655.2 1405.02 1106.44 488.742 432.858 426.677 406.234 344.694 354.949 319.627 284.404 282.802 276.774 241.811 262.155 228.517 500.712 226.134 257.511 248.795 235.569 216.799 202.028 186.071 164.368 162.418 280.985 170.561 140.304 252.996
threshold=31.500000000000004 24.950000000000003 9.5871465020954059 0.063537500000000011 16.950000000000003 5.8511722222222236e-05 68.860000000000014 6.5000000000000009 2.5000000000000004 0.17865000000000003 287.43088685000004 278.00672475000005 19.455000000000002 100.63249964160396 -0.0043614285714285725 0.0011076388888888891 -4.9000000000000332 71.500000000000014 0.012112748000000001 0.011650954212309031 14.350000000000003 0.63500000000000012 9.0277777777777787e-05 37.610000000000007 17.054000000000006 14.65 12.987500000000001 16.500000000000004 31.150000000000002 37.400000000000013
decision_type=2 2 2 2 2 2 2 2 2 2 8 2 2 2 2 2 2 2 2 2 2 2 2 2 2 2 2 2 2 2
left_child=1 7 -3 6 28 22 11 8 -1 10 13 12 -2 -7 -15 16 -16 18 21 -19 -20 23 -6 -14 -5 26 -10 -28 29 -4
right_child=3 2 4 24 5 9 -8 -9 25 -11 -12 -13 17 14 15 -17 -18 19 20 -21 -22 -23 -24 -25 -26 -27 27 -29 -30 -31
leaf_value=0.0026869459599524123 -0.35422816752447212 0.03070093845255651 -0.17350510029367927 -0.11142860320428261 -0.10123540939577798 -0.0030561459146396458 -0.038194404497500105 -0.035377521631556379 -0.10958021076171087 0.024906757390010845 -0.15775633405893258 -0.02121704798264689 -0.53580209811114132 -0.14335665346155566 -0.026138205928342303 -0.020541351600299657 -0.19298278016996612 -0.21372260138392823 -0.12219082885166779 -0.083459395428341326 -0.59053397355136805 -0.14022842164569668 -0.34758132990470353 -0.19421944833285806 0.0070506115902908111 -0.13833713605158124 -0.59938037424493007 -0.24894466462351802 0.018379699887880484 0.018685367066322196
leaf_weight=37.150147729553282 16.923045902512968 3968.3640038855374 26.270071240141988 37.066364197060466 27.399433962767944 756.59366485150531 117.43154978752136 158.23394960910082 17.454669307917356 349.89128093514591 39.889246734790504 41.756616075523198 6.3318275753408697 57.673957136459649 138.81154223461635 703.48040446918458 65.856589569360949 48.275260794442147 5.0688481461256725 155.93911940138787 6.9543009554035962 91.756906712660566 11.940748442197217 13.515633464790879 126.00995812471956 115.51977148838341 6.3839619804639396 12.029167146887628 1259.4244712243089 45.463900776579976
leaf_count=35 144 1531 121 122 85 803 208 271 58 175 169 60 85 226 212 993 324 259 20 418 101 352 102 70 108 438 95 77 796 28
internal_value=-0.000124261 0.00807 0.0126539 -0.0957945 -0.00791121 -0.0217735 -0.120105 -0.0901638 -0.135689 -0.018685 -0.0273519 -0.144815 -0.159666 -0.0242392 -0.0408078 -0.0341392 -0.0805258 -0.14856 -0.202312 -0.115169 -0.418013 -0.175524 -0.182894 -0.323906 -0.0203636 -0.169473 -0.263146 -0.395317 0.01449 -0.0530468
internal_weight=8464.86 7797.83 7451.06 667.029 3482.7 2151.54 503.953 346.772 188.538 2112.2 1762.31 386.522 344.765 1722.42 965.822 908.149 204.668 327.842 123.628 204.214 12.0231 111.604 39.3402 19.8475 163.076 151.388 35.8678 18.4131 1331.16 71.734
internal_count=8486 6539 5565 1947 4034 3089 1717 974 703 2902 2727 1509 1449 2558 1755 1529 536 1305 628 677 121 507 187 155 230 668 230 172 945 149
is_linear=0
shrinkage=0.05


Tree=4
num_leaves=31
num_cat=0
split_feature=105 81 131 1 107 33 18 91 30 30 134 28 28 93 3 88 103 130 96 131 44 1 112 101 138 105 134 69 28 16
split_gain=2178.17 1176.4 829.928 472.267 413.634 350.561 343.192 319.457 245.404 241.174 239.133 240.653 247.744 227.568 310.452 227.072 277.634 342.242 189.023 185.093 193.841 155.108 146.399 143.753 129.601 128.395 121.028 234.549 160.586 120.731
threshold=31.500000000000004 24.950000000000003 86.399070695009968 0.076596802500000019 13.450000000000001 -0.15557932690734416 0.063537500000000011 8.9500000000000011 -3.7828571428571434 -1.4571428571428566 7.9600000000000009 36.250000000000007 5.9500000000000002 265.36531325000004 0.18430748000000005 30.012500000000006 1048.7 1.0000000180025095e-35 20.987500000000004 35.133458222840027 1337.5000000000002 0.0070739805000000011 277.54084100000006 -1.521777149999991 5.9900000000000011 40.500000000000007 13.385000000000002 276.74903670000003 9.8500000000000032 0.23500000000000001
decision_type=2 2 2 2 2 2 2 2 2 2 2 2 2 2 2 2 2 2 2 2 2 2 2 2 2 2 2 2 2 2
left_child=1 10 19 4 15 26 7 -2 -9 -10 24 12 -12 14 -5 16 17 -4 25 -3 -21 29 -14 -8 -1 -11 -6 -28 -29 -17
right_child=6 2 3 13 5 -7 23 8 9 18 11 -13 22 -15 -16 21 -18 -19 -20 20 -22 -23 -24 -25 -26 -27 27 28 -30 -31
leaf_value=-0.02244389326345541 0.012292932230299399 0.036278852865258067 -0.07276693512197778 0.010333850180456027 -0.10106697338038635 -0.040451533493382895 0.0097594105768330861 -0.052926165317006793 -0.18923732758055944 -0.11988517324874214 -0.037119669315937236 -0.012549027245302435 -0.16831367869750707 0.017861160997658044 -0.20821539340407333 -0.051932106370521605 -0.034622429658356324 -0.42765043240325984 -0.091103139499418881 0.020893034877575097 -0.024373599240439772 -0.040527668418730935 -0.35825439450334501 -0.093459251089676121 -0.12028691268872034 -0.39120425231408928 -0.13574699725932968 -0.17069111092340414 -0.59233445783305216 0.015264722748773897
leaf_weight=170.09792705625296 56.151090400293469 2091.026260163635 19.323061499744654 40.723232849035412 79.39480589912273 295.23599453701172 120.89185207895935 129.62761960714124 128.55754162184894 10.743226184509696 33.951923174085096 38.888709734193981 83.71755010006018 1221.9751033827197 25.896150196436793 73.510380134917796 124.20321139669977 9.9808337460272032 235.67085084505379 2215.1362351435237 263.81170907849446 208.27303562220186 11.96985427290201 45.668304321356118 41.54584146477282 8.3947417074814421 34.505284603219479 5.5476130566094053 4.9859781322302297 648.33985834813211
leaf_count=247 42 573 49 32 242 535 97 268 619 39 60 49 369 785 138 151 211 104 667 1289 393 378 105 133 144 82 131 28 76 450
internal_value=-4.80862e-05 0.00776788 0.0122016 -0.00927363 -0.0283055 -0.0703914 -0.0822035 -0.100655 -0.113027 -0.133146 -0.077882 -0.122213 -0.154724 0.0129302 -0.0763691 -0.011952 -0.0680852 -0.203928 -0.104197 0.0253215 0.0160658 -0.00261924 -0.195585 -0.0189006 -0.0421494 -0.252662 -0.140499 -0.206197 -0.404759 0.00835237
internal_weight=8477.75 7742.04 7361.87 2791.89 1503.3 419.67 735.705 569.145 512.994 383.366 380.172 168.528 129.639 1288.59 66.6194 1083.63 153.507 29.3039 254.809 4569.97 2478.95 930.123 95.6874 166.56 211.644 19.138 124.434 45.0389 10.5336 721.85
internal_count=8486 6539 5565 3310 2355 1012 1947 1717 1675 1407 974 583 534 955 170 1343 364 153 788 2255 1682 979 474 230 391 121 477 235 104 601
is_linear=0
shrinkage=0.05


Tree=5
num_leaves=31
num_cat=0
split_feature=105 128 120 81 103 16 131 105 89 5 88 139 128 116 75 36 4 51 27 103 10 128 160 36 111 48 116 122 135 103
split_gain=1802.69 1118.17 580.842 480.594 366.459 424.584 270.705 248.536 269.463 247.291 323.493 366.745 232.95 223.329 223.056 213.717 200.34 149.992 218.902 147.704 163.84 135.402 148.785 193.411 132.996 159.529 132.472 230.666 131.527 338.732
threshold=31.500000000000004 10.047934111019257 287.18698935000003 22.950000000000003 1643.9500000000003 0.20500000000000004 70.346590529756341 38.500000000000007 21.950000000000003 8.2900000000000009 28.462500000000006 4.7745827319159639 9.8179568965483366 270.37837820000004 20.450000000000003 267.35562810000005 0.0017557110000000003 113.50000000000001 2121.8500000000004 871.0500000000003 13.920000000000002 9.2173545129383765 0.024744897959183679 268.42089965000008 9.0500000000000025 99.500000000000014 271.27612845000004 6.5000000000000009 29.645000000000003 3162.8500000000004
decision_type=2 2 8 2 2 2 2 2 2 2 2 2 2 2 2 2 2 2 2 2 2 2 2 2 2 2 2 2 2 2
left_child=1 3 4 -1 9 13 -7 12 -9 10 11 -3 -2 -6 21 26 -10 18 -18 20 -4 -5 23 -23 -12 -26 27 -8 -14 -30
right_child=7 2 19 14 5 6 15 8 16 -11 24 -13 28 -15 -16 -17 17 -19 -20 -21 -22 22 -24 -25 25 -27 -28 -29 29 -31
leaf_value=-0.068597212478844455 0.00057146106595213784 0.02825523603156245 -0.37074134931047076 0.033566207845244209 -0.39611996504318892 0.028795446560010846 -0.10135546904234297 -0.20343914999336615 -0.14646555934443345 0.018830024393979364 0.0099769524736129586 -0.21310645615920501 -0.052123375211952087 -0.11928216492407247 -0.010481872591336837 -0.043194729375421258 -0.16817568240497721 -0.033904332343321318 -0.025727411179860306 -0.091946903563981663 -0.070850219123060165 -0.12896992503616192 0.019319636430237184 0.023687281925559099 -0.075614008564923479 -0.013082792738010577 -0.087161870092978558 -0.44169894636875706 -0.25262605494898288 0.0026480480602348601
leaf_weight=144.82973511144519 183.20532283000648 24.523385678417981 9.9211989827454108 2831.8823771532625 11.317314723506568 107.70306443842128 12.841587758623065 50.471921322401613 89.321174294687808 751.48695204500109 426.37875038722996 41.739354164339602 139.95695477398112 21.418191487900913 442.85199926514179 261.83675216720439 62.458034606883302 191.42152905347757 47.793428150936961 145.1461959828157 8.8882732708007079 38.643532298505306 1868.4367739446461 42.895123139023781 128.72279289725702 481.61972466111183 35.781359022948891 8.1417726911604387 29.879694055765867 22.335890841670334
leaf_count=345 181 10 91 930 109 45 41 260 354 468 341 224 287 75 536 489 276 322 73 414 23 141 1146 22 325 608 100 89 186 21
internal_value=0.000760256 0.00812248 -0.019658 0.0209424 -0.0131861 -0.0531323 -0.0395029 -0.0698823 -0.0953106 -0.00327219 -0.0183389 -0.124614 -0.0397901 -0.224044 0.0234381 -0.0626246 -0.0808565 -0.0609944 -0.107256 -0.110316 -0.240013 0.026582 0.0164245 -0.0492868 -0.0114279 -0.0263811 -0.149862 -0.247725 -0.0780979 -0.145338
internal_weight=8663.85 7847.01 2477.47 5369.54 2313.51 459.04 426.305 816.844 441.466 1854.47 1102.98 66.2627 375.378 32.7355 5224.71 318.601 390.994 301.673 110.251 163.956 18.8095 4781.86 1949.98 81.5387 1036.72 610.343 56.7647 20.9834 192.173 52.2156
internal_count=8532 6572 3452 3120 2924 948 764 1960 1285 1976 1508 234 675 184 2775 719 1025 671 349 528 114 2239 1309 163 1274 933 230 130 494 207
is_linear=0
shrinkage=0.05


Tree=6
num_leaves=31
num_cat=0
split_feature=105 128 120 103 83 131 4 139 41 18 91 135 89 56 20 105 139 30 75 128 74 21 95 141 48 140 84 48 131 24
split_gain=1521.67 1021.73 583.575 354.587 285.542 255.695 223.891 212.65 210.747 204.542 237.623 173.505 272.195 155.592 152.924 145.133 141.354 129.959 126.222 131.568 125.154 198.025 132.395 189.562 120.597 120.253 116.154 112.965 108.634 104
threshold=31.500000000000004 9.5871465020954059 287.43088685000004 1654.3500000000001 11.250000000000002 63.778943440450405 6.7150000000000001e-06 26.745158291020591 67.500000000000014 0.062256250000000006 8.9500000000000011 29.645000000000003 22.150000000000002 1.6639125000000095 1.0000000180025095e-35 10.500000000000002 12.016248227087745 -0.92142857142857182 18.050000000000004 10.521655227330404 18.935714285714287 0.49305555555555564 2.5000000000000004 37.785000000000004 86.500000000000014 9.5150000000000023 12.650000000000004 17.500000000000004 143.55796492543095 60.000000000000007
decision_type=2 2 8 2 2 2 2 2 2 2 2 2 2 2 2 2 2 2 2 2 2 2 2 2 2 2 2 2 2 2
left_child=1 4 3 7 -1 -5 15 8 26 10 -2 12 27 18 -14 -7 -10 28 -8 -20 -9 -22 23 -23 -11 -6 -3 -12 -17 -13
right_child=9 2 -4 5 25 6 13 20 16 24 11 29 14 -15 -16 17 -18 -19 19 -21 21 22 -24 -25 -26 -27 -28 -29 -30 -31
leaf_value=-0.048296034087101175 0.014034072932649539 -0.0086905783448169779 -0.08297018739206706 0.0066081597037884717 -0.0022004738142593528 -0.042701133653809259 -0.065979797142212193 0.020796211612147515 -0.22861101785483764 -0.067176391012627054 -0.25649256061336556 -0.15226118792447021 -0.026664707442154302 -0.024604412786293151 -0.13256106756912353 -0.427126942167324 -0.045365669543345172 -0.07044962249468073 -0.07198081439014406 -0.31566201588285175 0.0074575249457546821 -0.18103411982367534 -0.0066839300996934959 -0.033864562446248435 0.016273073738578371 0.031304711626835582 -0.093513415024892604 -0.080409429679006647 -0.1820063704795937 -0.088842815361040967
leaf_weight=123.57267513126135 68.649253826588392 631.0435242470121 255.41085900203325 231.87788575701416 290.08931063860655 21.599507659673691 103.28540392452851 1242.1606283613946 18.363914784044027 67.657175043597817 21.333331696223468 103.79024775605649 250.68034531059675 299.8535171484109 38.685350775718689 7.6874154945835498 24.638156923931092 12.657161921262739 12.075826695188882 10.745819373289121 840.62945453822613 35.336624142713845 90.648550517857075 56.771719780284911 116.26535473391414 3422.5898933000863 42.166696432512254 17.748644212260842 16.219354772008955 192.70825879182667
leaf_count=244 49 741 681 201 303 41 241 725 107 160 136 423 385 448 144 82 48 32 31 85 715 167 103 96 78 1279 123 48 79 537
internal_value=0.000777819 0.00781295 -0.0100239 -0.004963 0.0261926 -0.0365339 -0.0571788 0.00262608 -0.0211017 -0.0616027 -0.0740218 -0.0837096 -0.058348 -0.0443764 -0.041247 -0.148518 -0.127151 -0.208093 -0.0907868 -0.195365 0.0101354 -0.00280722 -0.049833 -0.0917166 -0.0145946 0.0286856 -0.0141417 -0.180652 -0.275012 -0.111497
internal_weight=8666.94 7789.42 3953.17 3697.76 3836.25 716.002 484.124 2981.76 716.212 877.518 693.595 624.946 328.448 425.961 289.366 58.1634 43.0021 36.5639 126.107 22.8216 2265.55 1023.39 182.757 92.1083 183.923 3712.68 673.21 39.082 23.9068 296.499
internal_count=8532 6572 4746 4065 1826 1240 1039 2825 1019 1960 1722 1673 713 805 529 234 155 193 357 116 1806 1081 366 263 238 1582 864 184 161 960
is_linear=0
shrinkage=0.05


Tree=7
num_leaves=31
num_cat=0
split_feature=128 103 81 1 88 116 80 101 82 116 101 21 3 94 114 139 6 118 6 115 132 48 100 111 43 13 123 93 43 29
split_gain=1370.25 1115.19 415.208 242.161 402.063 345.67 250.161 209.5 255.198 216.015 200.343 187.496 171.635 168.595 149.692 136.776 135.702 143.686 134.057 130.429 145.47 123.04 119.076 111.936 111.033 107.085 100.574 99.1334 150.614 136.404
threshold=9.5871465020954059 1873.5000000000002 25.850000000000005 0.12850445900000004 31.612500000000004 275.68276840000004 22.037500000000005 -3.9148848500000208 25.210000000000004 268.38209730000005 -2.1585907500000014 0.49305555555555564 0.096214196500000015 21.500000000000004 27.650000000000002 8.3286580801970196 0.0045131944444444455 22.350000000000005 0.00023333333333333336 13.050000000000002 4.5000000000000009 97.500000000000014 -3.950000000000045 5.7500000000000009 0.35850000000000004 0.00083982225694444461 1.0000000180025095e-35 263.25076270000005 0.39250000000000007 29.600000000000005
decision_type=2 2 2 2 2 2 2 2 2 2 2 2 2 2 2 2 2 10 2 2 2 2 2 2 2 2 2 2 2 2
left_child=2 3 24 4 5 -2 -6 8 -3 10 -9 -8 18 22 -12 16 -4 -18 -7 20 21 25 -13 -21 -1 -20 -26 -11 -29 -30
right_child=1 7 15 -5 6 12 11 9 -10 27 14 13 -14 -15 -16 -17 17 -19 19 23 -22 -23 -24 -25 26 -27 -28 28 29 -31
leaf_value=-0.094323759616861139 -0.010391595393066408 0.0070811625166118247 0.028411288706068506 0.020070259928075918 0.016791887693766865 -0.048361868909894835 -0.0058020660532545672 -0.080224136829095655 -0.077000344553138686 -0.018786086045521205 -0.26269082079031969 -0.073836189522868856 -0.02595316862547118 -0.025135297492289752 -0.079053828919261188 0.029553416931637013 -0.14432452095329357 -0.016363390196704613 -0.60581821857866824 -0.053106585320388866 -0.11864421129412338 -0.18635623116868238 -0.20570848490263247 -0.1856635354596729 -0.055496739955035873 -0.207364146106741 0.0093255290316822063 -0.059260566682785058 -0.075025209412683591 -0.24068547500730136
leaf_weight=59.939376793801785 202.58793214336038 235.60939041245729 124.2969637773931 891.25632812455297 983.84971684101038 37.073697062209249 809.8122723090928 96.869721550494432 145.02322575030848 131.94839902990498 34.482333623338491 71.636278716847301 52.91480131354183 183.2675875055138 17.945582937449217 3432.5810578064993 27.27744016610086 99.883935203775764 4.9391457594465464 36.291507580317557 18.241692144889385 11.883095965720713 22.640201155096292 29.318649048218504 104.16912649199367 4.614612699020654 138.0306959208101 606.67577908025123 30.553636569529772 21.859759354032576
leaf_count=175 245 202 53 533 653 74 904 254 370 182 221 179 81 276 48 1403 109 133 77 76 64 60 120 142 221 28 112 1327 78 132
internal_value=0.000780841 -0.0175619 0.0223225 -0.00225465 -0.0103201 -0.0562891 -0.00146448 -0.0564663 -0.0250591 -0.069134 -0.124288 -0.0179878 -0.103584 -0.0533768 -0.202583 0.026946 -0.00860373 -0.0447633 -0.132021 -0.1607 -0.232581 -0.319704 -0.107384 -0.114314 -0.0339383 -0.451717 -0.0186473 -0.0585744 -0.0664918 -0.147422
internal_weight=8667.47 4681.3 3986.18 3360.33 2469.07 397.865 2071.21 1320.97 380.633 940.335 149.298 1087.36 195.277 277.544 52.4279 3684.04 251.458 127.161 142.362 105.289 39.6785 21.4369 94.2765 65.6102 302.139 9.55376 242.2 791.038 659.089 52.4134
internal_count=8532 6326 2206 3512 2979 847 2132 2814 572 2242 523 1479 602 575 269 1698 295 242 521 447 229 165 299 218 508 105 333 1719 1537 210
is_linear=0
shrinkage=0.05


Tree=8
num_leaves=31
num_cat=0
split_feature=128 103 81 131 86 0 116 140 107 56 29 66 30 139 98 131 112 110 112 21 33 123 111 63 138 6 67 141 18 6
split_gain=1241.65 947.919 380.426 248.957 222.889 325.348 229.871 159.12 262.899 149.937 149.47 148.881 144.221 129.421 148.096 124.566 136.586 111.621 109.915 104.345 104.349 103.821 101.548 87.3797 127.425 125.651 86.3113 115.353 113.71 97.5839
threshold=9.5871465020954059 1677.8000000000004 25.850000000000005 63.778943440450405 2.5000000000000004 0.071900000000000006 275.68276840000004 62.530000000000008 13.15 0.42078395000001484 38.750000000000007 16.475000000000005 -2.2228571428571415 8.3286580801970196 2.9000000000000017 128.25942861116394 269.5266186500001 22.250000000000004 274.27845700000006 0.49305555555555564 -0.096177845466131631 0.60355339059327384 5.5500000000000007 32.136000000000003 3.7250000000000005 0.0016652777777777781 12.950000000000001 31.935000000000006 0.0060500000000000007 0.0002118055555555556
decision_type=2 2 2 2 2 2 2 2 2 2 2 2 2 2 2 2 2 2 2 2 2 2 2 2 2 2 2 2 2 2
left_child=2 4 23 7 5 6 -2 -3 -9 10 15 -6 19 14 17 -5 -17 -4 -12 -13 -21 -11 -8 24 -1 -26 -15 -28 29 -29
right_child=1 3 13 9 11 -7 22 8 -10 21 18 12 -14 26 -16 16 -18 -19 -20 20 -22 -23 -24 -25 25 -27 27 28 -30 -31
leaf_value=-0.0079674298298457007 -0.0057196394415179874 0.010896824973794086 -0.016191155104360734 -0.14923281586149642 0.019013310044427609 0.012137935926623373 -0.061764959216860607 -0.23602936208973216 0.0065868104375649472 -0.023087139951066513 -0.044399519098705556 -0.015589802358518168 0.0052477732395328977 0.033790056757826543 0.017743778035731468 -0.12898791351811667 -0.050755562684951828 -0.13715879162407746 -0.11699467473781262 -0.1754340892315987 -0.047785015731163311 -0.095336763927492768 -0.13828671283617963 0.044072528615951088 -0.18599993639230364 -0.053554750508544413 0.025144403647105514 -0.013987058585023247 0.0042838236802736811 -0.15260275561280584
leaf_weight=146.41036618500948 100.31077792332508 248.46823191596195 48.780065000988543 78.530071003362536 1193.2224250790896 247.40167048573494 90.218214483000338 17.512085523456335 27.908265568315983 401.19113780371845 522.78444806626067 302.32459180965088 980.06849865498953 2445.3379860892892 174.31501441821456 83.335303431842476 173.63055649073794 30.764470957219601 57.654564835131168 19.604692033492029 79.227015527896583 56.074340961175039 88.730176630429924 33.584729433059692 20.800853349268436 111.93542717024684 691.198237282224 26.271139593794942 145.66580933332443 24.147732973098755
leaf_count=170 112 194 65 316 739 187 203 105 24 587 988 397 877 792 112 301 351 118 195 92 156 165 337 3 102 233 343 34 133 101
internal_value=0.000780471 -0.0163309 0.0217054 -0.0467245 1.6248e-05 -0.0295871 -0.0664815 -0.00491905 -0.0899171 -0.0556578 -0.067342 0.00608336 -0.00508872 0.026319 -0.00805158 -0.0939691 -0.0765478 -0.0641604 -0.0518078 -0.0303046 -0.0746598 -0.0321467 -0.100293 -0.0311044 -0.040292 -0.075583 0.0289403 0.0155459 -0.0182194 -0.0821499
internal_weight=8667.41 4768.2 3899.21 1667.09 3101.11 526.661 279.259 293.889 45.4204 1373.2 915.935 2574.45 1381.22 3586.48 253.86 335.496 256.966 79.5445 580.439 401.156 98.8317 457.265 178.948 312.731 279.147 132.736 3332.62 887.283 196.085 50.4189
internal_count=8532 6326 2206 3226 3100 839 652 323 129 2903 2151 2261 1522 1698 295 968 652 183 1183 645 248 752 540 508 505 335 1403 611 268 135
is_linear=0
shrinkage=0.05


Tree=9
num_leaves=31
num_cat=0
split_feature=131 160 81 10 116 131 49 85 5 19 129 138 112 50 77 120 141 36 30 86 94 77 81 82 17 136 0 104 6 75
split_gain=1021.73 691.465 377.686 229.216 199.954 198.348 187.103 164.891 139.377 188.815 168.087 160.113 170.797 166.435 123.126 119.547 136.223 132.39 117.593 117.378 110.524 125.736 131.656 137.382 105.608 181.239 98.6589 97.0368 95.9879 95.2346
threshold=86.399070695009968 0.10240929705215422 26.050000000000004 31.920000000000005 291.02811605000005 35.133458222840027 968.95000000000016 266.60970850000007 9.9650000000000016 -0.0025728571428571419 1.5000000000000002 5.4500000000000011 294.91667130000002 1019.0500000000001 266.74201390000002 271.70803425000003 26.590000000000003 276.21207830000009 -2.4457142857142853 11.500000000000002 31.500000000000004 280.05633990000007 39.150000000000013 33.818000000000005 0.00125 0.41500000000000004 0.068950000000000011 1.2500000000000004 0.0002118055555555556 20.350000000000005
decision_type=2 2 2 2 2 2 2 2 2 2 2 2 2 2 2 8 2 2 2 2 2 2 2 2 2 2 2 2 2 2
left_child=2 3 6 14 8 -4 -1 19 9 11 20 12 13 -3 -2 -12 -17 27 -9 24 21 -11 -23 -24 -7 -26 -27 -18 -8 -20
right_child=1 4 5 -5 -6 7 28 18 -10 10 15 -13 -14 -15 -16 16 17 -19 29 -21 -22 22 23 -25 25 26 -28 -29 -30 -31
leaf_value=-0.13577094207579191 -0.10164918591463486 -0.44545730957683105 0.033833317721881778 -0.00083943305282063491 0.016828928951465153 -0.0012152620058287153 0.027455324931314043 -0.0082224349660959296 0.0052046708458894017 -0.052680544628657615 0.00011528137885176812 -0.050677859609833398 -0.024246320021023969 -0.10834331377673734 -0.052249372661824472 0.011616340955104032 -0.25284836426390556 -0.024365135149414519 0.024796543978118854 0.029503868502475342 -0.0007808498781417 -0.052275766820744453 -0.367505087751337 -0.091671798612813632 -0.049266528697719213 -0.32335256925729794 -0.08700721138619584 -0.093188500275445119 -0.028457516984024739 -0.016488492708515941
leaf_weight=34.500708144158125 149.97344513540156 7.3660083422437337 1799.3075339924544 197.56633666716516 795.02494618995115 58.454934268724173 96.805803138762712 411.12635734723881 690.03186867851764 64.689172512851655 800.94899500824977 125.59188450197689 10.381035417318342 8.1257404852658492 833.67504751507659 65.564784992486238 12.521618352271615 56.083201975096017 1671.5880765249021 57.79158578068018 45.178825022652745 14.595092136412857 10.724408047040926 8.8467020969837886 71.985326303169131 9.9681848380714673 9.1819457504898292 41.566267406567931 356.45459489524364 151.58279452100396
leaf_count=131 457 82 581 201 527 60 43 479 618 134 799 254 16 28 1706 50 81 84 842 23 46 31 97 27 144 81 27 121 560 202
internal_value=0.000779304 -0.0180284 0.0164454 -0.0500199 -0.00430817 0.0212387 -0.0251799 0.0119455 -0.012879 -0.0226879 -0.0155645 -0.0749142 -0.186112 -0.286229 -0.0598819 -0.00809132 -0.0453117 -0.0790353 0.0159083 -0.0305972 -0.0658003 -0.0951599 -0.171662 -0.253581 -0.0538911 -0.0872436 -0.220222 -0.13416 -0.0164707 0.0213541
internal_weight=8667.2 3938.46 4728.75 1181.21 2757.24 4240.99 487.761 2441.68 1962.22 1272.18 1120.72 151.465 25.8728 15.4917 983.648 976.685 175.736 110.171 2234.3 207.382 144.034 98.8554 34.1662 19.5711 149.59 91.1355 19.1501 54.0879 453.26 1823.17
internal_count=8532 5359 3173 2364 2995 2439 734 1858 2468 1850 1470 380 126 110 2163 1135 336 286 1523 335 335 289 155 124 312 252 108 202 603 1044
is_linear=0
shrinkage=0.05


end of trees

feature_importances:
pop_density=15
cumul_gust_since_onset=13
log_customers=12
gust_max_next_24h=10
gust_gt30_since_onset=9
osi_mean_72h=8
t2m_at_t6h=7
soil_moist_t=6
t2m_at_t24h=6
pct_forest_classified=6
pre_event_max_outage_pct=5
storm_onset_mean_osi=5
gust_trend_last6h_obs=5
min_t2m_next_6h=5
gust_peak4h_mean_next_24h=5
temp_change_6h=5
pct_unmapped=5
tree_canopy_std=5
frac_zero_72h=4
gust_last_obs=4
d2m_t=4
hcc_t=4
min_t2m_next_24h=4
t2m_at_t48h=4
tree_canopy_pct=4
last_P_t=3
last_R_t=3
last_outage_pct=3
R_t_mean_72h=3
pre_event_mean_osi=3
osi_trend_last6h=3
gust_max_last6h_obs=3
sp_t=3
gust_mean_next_6h=3
wind_speed_max_next_6h=3
gust_mean_next_24h=3
wind_speed_max_next_24h=3
gust_gt30_next_48h=3
gust_peak4h_mean_next_48h=3
pressure_change_6h=3
cumul_tp_since_onset=3
wind_speed_at_t6h=3
gust_at_t24h=3
wind_speed_at_t24h=3
rural_urban_code=3
pct_forest=3
pct_developed=3
pct_wetland=3
last_osi=2
last_D_t=2
outage_pct_max_72h=2
hours_since_peak=2
wind_sin_t=2
r2_t=2
mcc_t=2
sdswrf_t=2
dewpoint_c_t=2
total_tp_next_24h=2
gust_gt30_next_24h=2
gust_max_next_48h=2
wind_speed_max_next_48h=2
min_t2m_next_48h=2
wind_speed_at_t1h=2
gust_at_t6h=2
hour_sin=2
pct_agriculture=2
pct_water=2
tp_rate_next_48h=2
last_N_t=1
osi_max_72h=1
osi_std_72h=1
N_t_mean_72h=1
storm_onset_max_osi=1
is_worsening=1
gust_mean_obs=1
gust_max_obs=1
cumul_gust_obs=1
wind_cos_t=1
blh_t=1
mslma_t=1
direct_rad_t=1
diffuse_rad_t=1
soil_gust_x_phase=1
gust_max_next_1h=1
gust_mean_next_1h=1
wind_speed_max_next_1h=1
min_t2m_next_1h=1
gust_max_next_6h=1
gust_peak4h_mean_next_6h=1
total_tp_next_48h=1
gust_gt40_next_48h=1
gust_change_3h=1
pressure_change_3h=1
gust_at_t48h=1
hour_of_day=1
hour_cos=1
is_metro=1
n_utilities=1
gust_gt30_frac_next_48h=1

parameters:
[boosting: gbdt]
[objective: gamma]
[metric: rmse]
[tree_learner: serial]
[device_type: cpu]
[data_sample_strategy: bagging]
[data: ]
[valid: ]
[num_iterations: 2000]
[learning_rate: 0.05]
[num_leaves: 31]
[num_threads: -1]
[seed: 42]
[deterministic: 0]
[force_col_wise: 0]
[force_row_wise: 0]
[histogram_pool_size: -1]
[max_depth: -1]
[min_data_in_leaf: 50]
[min_sum_hessian_in_leaf: 0.001]
[bagging_fraction: 0.8]
[pos_bagging_fraction: 1]
[neg_bagging_fraction: 1]
[bagging_freq: 5]
[bagging_seed: 42]
[bagging_by_query: 0]
[feature_fraction: 0.8]
[feature_fraction_bynode: 1]
[feature_fraction_seed: 42]
[extra_trees: 0]
[extra_seed: 12879]
[early_stopping_round: 0]
[early_stopping_min_delta: 0]
[first_metric_only: 0]
[max_delta_step: 0]
[lambda_l1: 0.1]
[lambda_l2: 1]
[linear_lambda: 0]
[min_gain_to_split: 0]
[drop_rate: 0.1]
[max_drop: 50]
[skip_drop: 0.5]
[xgboost_dart_mode: 0]
[uniform_drop: 0]
[drop_seed: 42]
[top_rate: 0.2]
[other_rate: 0.1]
[min_data_per_group: 100]
[max_cat_threshold: 32]
[cat_l2: 10]
[cat_smooth: 10]
[max_cat_to_onehot: 4]
[top_k: 20]
[monotone_constraints: ]
[monotone_constraints_method: basic]
[monotone_penalty: 0]
[feature_contri: ]
[forcedsplits_filename: ]
[refit_decay_rate: 0.9]
[cegb_tradeoff: 1]
[cegb_penalty_split: 0]
[cegb_penalty_feature_lazy: ]
[cegb_penalty_feature_coupled: ]
[path_smooth: 0]
[interaction_constraints: ]
[verbosity: -1]
[saved_feature_importance_type: 0]
[use_quantized_grad: 0]
[num_grad_quant_bins: 4]
[quant_train_renew_leaf: 0]
[stochastic_rounding: 1]
[linear_tree: 0]
[max_bin: 255]
[max_bin_by_feature: ]
[min_data_in_bin: 3]
[bin_construct_sample_cnt: 200000]
[data_random_seed: 42]
[is_enable_sparse: 1]
[enable_bundle: 1]
[use_missing: 1]
[zero_as_missing: 0]
[feature_pre_filter: 1]
[pre_partition: 0]
[two_round: 0]
[header: 0]
[label_column: ]
[weight_column: ]
[group_column: ]
[ignore_column: ]
[categorical_feature: ]
[forcedbins_filename: ]
[precise_float_parser: 0]
[parser_config_file: ]
[objective_seed: 16083]
[num_class: 1]
[is_unbalance: 0]
[scale_pos_weight: 1]
[sigmoid: 1]
[boost_from_average: 1]
[reg_sqrt: 0]
[alpha: 0.9]
[fair_c: 1]
[poisson_max_delta_step: 0.7]
[tweedie_variance_power: 1.5]
[lambdarank_truncation_level: 30]
[lambdarank_norm: 1]
[label_gain: ]
[lambdarank_position_bias_regularization: 0]
[eval_at: ]
[multi_error_top_k: 1]
[auc_mu_weights: ]
[num_machines: 1]
[local_listen_port: 12400]
[time_out: 120]
[machine_list_filename: ]
[machines: ]
[gpu_platform_id: -1]
[gpu_device_id: -1]
[gpu_device_id_list: ]
[gpu_use_dp: 0]
[num_gpu: 1]

end of parameters

pandas_categorical:[]
