tree
version=v4
num_class=1
num_tree_per_iteration=1
label_index=0
max_feature_idx=189
objective=huber
feature_names=last_osi last_P_t last_N_t last_D_t last_R_t last_outage_pct osi_mean_72h osi_max_72h osi_std_72h outage_pct_mean_72h outage_pct_max_72h N_t_mean_72h N_t_max_72h R_t_mean_72h R_t_max_72h pre_event_mean_osi pre_event_max_outage_pct storm_onset_max_osi storm_onset_mean_osi osi_trend_last6h is_worsening frac_zero_72h hours_since_peak gust_mean_obs gust_max_obs gust_gt30_obs gust_gt40_obs cumul_gust_obs gust_last_obs gust_max_last6h_obs gust_trend_last6h_obs gust_t wind_speed_t wind_sin_t wind_cos_t t2m_t d2m_t tp_t rain_t csnow_t sdwe_t r2_t vpd_t soil_moist_t blh_t tcc_t lcc_t mcc_t hcc_t sp_t mslma_t sdswrf_t direct_rad_t diffuse_rad_t et0_t temp_c_t dewpoint_c_t icing_risk_t gust_exceed_30 soil_moist_x_gust is_snowing gust_x_hso gust_x_phase soil_gust_x_phase gust_exceed30_x_hso gust_max_next_1h gust_mean_next_1h wind_speed_max_next_1h total_tp_next_1h min_t2m_next_1h gust_gt30_next_1h gust_gt40_next_1h gust_peak4h_mean_next_1h gust_max_next_6h gust_mean_next_6h wind_speed_max_next_6h total_tp_next_6h min_t2m_next_6h gust_gt30_next_6h gust_gt40_next_6h gust_peak4h_mean_next_6h gust_max_next_24h gust_mean_next_24h wind_speed_max_next_24h total_tp_next_24h min_t2m_next_24h gust_gt30_next_24h gust_gt40_next_24h gust_peak4h_mean_next_24h gust_max_next_48h gust_mean_next_48h wind_speed_max_next_48h total_tp_next_48h min_t2m_next_48h gust_gt30_next_48h gust_gt40_next_48h gust_peak4h_mean_next_48h gust_change_1h gust_change_3h pressure_change_3h pressure_change_6h temp_change_6h wind_change_1h cumul_gust_since_onset cumul_tp_since_onset gust_gt30_since_onset gust_at_t1h wind_speed_at_t1h t2m_at_t1h tp_at_t1h gust_at_t6h wind_speed_at_t6h t2m_at_t6h tp_at_t6h gust_at_t24h wind_speed_at_t24h t2m_at_t24h tp_at_t24h gust_at_t48h wind_speed_at_t48h t2m_at_t48h tp_at_t48h hour_of_day hour_sin hour_cos days_since_onset hours_since_obs storm_phase log_customers rural_urban_code is_metro pop_density n_utilities pct_forest pct_developed pct_agriculture pct_water pct_wetland pct_unmapped pct_forest_classified tree_canopy_pct tree_canopy_std forest_x_customers window_len_next_1h is_full_next_1h tp_rate_next_1h gust_gt30_frac_next_1h has_weather_at_t1h window_len_next_6h is_full_next_6h tp_rate_next_6h gust_gt30_frac_next_6h has_weather_at_t6h window_len_next_24h is_full_next_24h tp_rate_next_24h gust_gt30_frac_next_24h has_weather_at_t24h window_len_next_48h is_full_next_48h tp_rate_next_48h gust_gt30_frac_next_48h has_weather_at_t48h N_nonzero_frac_obs R_nonzero_frac_obs P_mean_last24_obs D_mean_last24_obs N_mean_last24_obs R_mean_last24_obs flow_balance_last24_obs restoration_ratio_obs P_D_gap_last_obs hours_since_P_peak_obs hours_since_N_peak_obs hours_since_R_peak_obs first_material_N_hour_obs first_material_R_hour_obs P_trend_last24_obs D_trend_last24_obs P_post_peak_slope_obs P_active_frac_obs has_material_P_obs has_material_N_obs has_material_R_obs gust_excess30_sum_obs N_per_gust_excess_obs P_change_per_gust_excess_obs gust_to_N_best_corr_obs gust_to_N_best_lag_obs gust_at_first_material_N_obs
feature_infos=[0:0.55230000000000001] [0:0.82424180700000005] [0:0.065400654000000003] [0:0.90465771100000003] [0:0.058582058999999999] [0:82.420000000000002] [4.1666666666666669e-06:0.26529999999999998] [0.0001:0.65049999999999997] [1.9982631347136334e-05:0.22470370552747407] [0.00083333333333333328:39.644861111111112] [0.02:100] [3.1208333333333337e-06:0.018623942125000001] [7.4900000000000005e-05:0.37916412199999999] [3.1208333333333337e-06:0.017093115180555556] [7.4900000000000005e-05:0.18675781699999999] [0:0.38653749999999998] [0:100] [0:0.59799999999999998] [0:0.20940416666666664] [-0.055854285714285697:0.019237142857142855] [0:1] [0:0.95833333333333337] [0:71] [13.769444444444444:31.258333333333326] [29.100000000000001:70] [0:35] [0:18] [991.39999999999998:2250.5999999999995] [3.5:47.5] [15.6:64.5] [-6.477142857142856:3.3114285714285714] [0.90000000000000002:58.299999999999997] [0:38] [-0.99999999953664132:0.99999999987412524] [-0.99999999369183823:1] [259.85092730000002:298.4303941] [257.33913039999999:289.8677619] [0:11.300000000000001] [0:11.300000000000001] [0:2.6600000000000001] [0:0.080000000000000002] [15:100] [0:2.5] [0.17000000000000001:0.52300000000000002] [10:3090] [0:100] [0:100] [0:100] [0:100] [884.60000000000002:1022.4] [986.70000000000005:1031.5999999999999] [0:863] [0:731] [0:454] [0:0.60999999999999999] [-13.299072699999954:25.280394100000024] [-15.81086959999999:16.717761900000028] [0:1] [0:28.299999999999997] [0.24840000000000004:23.550000000000001] [0:1] [1.6000000000000001:3819.7999999999997] [0:107.59999999999999] [0:47.100000000000001] [0:1689.7999999999997] [1.3999999999999999:58.299999999999997] [1.2999999999999998:54.400000000000006] [0.10000000000000001:38] [0:14.699999999999999] [259.85092730000002:298.21776599999998] [0:2] [0:2] [1.2999999999999998:54.400000000000006] [2.7999999999999998:58.299999999999997] [2.0571428571428569:49.328571428571429] [0.40000000000000002:38] [0:25.200000000000003] [259.85092730000002:296.40927479999999] [0:7] [0:7] [2.5999999999999996:52.024999999999999] [8.3000000000000007:58.299999999999997] [4.5520000000000005:42.796000000000006] [5:38] [0:51.199999999999996] [259.85092730000002:286.57337899999999] [0:25] [0:19] [7.5:52.024999999999999] [10.1:58.299999999999997] [5.3392857142857135:37.651020408163269] [5.0999999999999996:38] [0:52.900000000000006] [259.85092730000002:282.77648069999998] [0:42] [0:22] [9.375:52.024999999999999] [-24.299999999999997:23.800000000000001] [-32:35.700000000000003] [-6.1000000000000227:9.3000000000000682] [-10.600000000000023:13.700000000000045] [-20.027499999999975:21.845291299999985] [-15.300000000000001:28.000000000000004] [348.89999999999998:4155.3000000000002] [0:53.200000000000003] [0:61] [0.90000000000000002:58.299999999999997] [0:38] [259.85092730000002:298.4303941] [0:11.300000000000001] [0.90000000000000002:58.299999999999997] [0:38] [259.85092730000002:298.4303941] [0:11.300000000000001] [0.90000000000000002:58.299999999999997] [0:38] [259.85092730000002:298.4303941] [0:11.300000000000001] [0.90000000000000002:53.799999999999997] [0:34.299999999999997] [259.85092730000002:296.58327589999999] [0:11.300000000000001] [0:23] [-1:1] [-1:1] [1:5] [1:120] [0:3] [7.9247959139564355:13.272327018090158] [1:9] [0:1] [8.3691524328166658:3138.2235042681623] [1:14] [2.4399999999999999:88.719999999999999] [2.21:77.180000000000007] [0.040000000000000001:85.829999999999998] [0.01:5.5099999999999998] [0:19.780000000000001] [1.9299999999999999:18.32] [2.5641025641025643:95.815074496056084] [2.71:81.680000000000007] [13.6:40.350000000000001] [23.724227923039628:931.7442536362413] none none [0:7.3499999999999996] [0:1] none none none [0:3.6000000000000005] [0:1] none none none [0:2.048] [0:1] none [25:49] [0:1] [0:1.0795918367346939] [0:0.8571428571428571] [0:1] [0.041666666666666664:0.83333333333333337] [0.041666666666666664:0.88888888888888884] [0:0.33157778683333333] [0:0.2415728110416667] [0:0.05185222787499999] [0:0.036813731041666665] [-5.9704624999999938e-05:0.03421760770833332] [0.015212270003215447:6.5416667824977583] [-0.14113178900000001:0.088746481000000002] [0:71] [0:67] [0:70] [0:68] [0:71] [-0.00035191936000000026:0.052080195401739138] [-0.0001288437365217392:0.043438201510000003] [-0.12208507408333331:0.00066816548250572968] [0:0.98611111111111116] [0:1] [0:1] [0:1] [0:446.30000000000001] [1.2346153846153842e-05:0.024848555909090915] [-0.0026323566314935061:0.0091683099305555574] [-0.25886629144625328:0.75281650661316302] [0:3] [3.2000000000000002:56.399999999999999]
tree_sizes=3064 2720 2822 2847 2790 2776 2792 2715 2721 2774 2756 2766 2818 2738 2812 2732 2705 2712 2760 2724 2708 2768 2774 2715 2820 2764 2715

Tree=0
num_leaves=31
num_cat=0
split_feature=92 133 116 43 133 55 142 87 141 43 33 83 42 121 2 100 122 29 124 2 115 41 180 82 3 115 82 137 83 93
split_gain=0.00491275 0.00367994 0.00312849 0.00518496 0.00110627 0.00124718 0.000876574 0.000808966 0.00092513 0.00101723 0.000801515 0.00109673 0.00170522 0.000745307 0.00207065 0.000578912 0.000477528 0.000588494 0.000161139 0.000291751 0.000150471 0.000130429 0.000119603 0.000205194 0.000117848 8.61451e-05 0.000120827 8.11814e-05 7.94347e-05 8.87093e-05
threshold=7.450000000000002 88.200000000000003 292.50906310000005 0.37450000000000006 79.980000000000004 11.015774350000017 779.97322007526816 1.0000000180025095e-35 31.980000000000004 0.34950000000000003 0.58301290948210438 31.000000000000004 0.45500000000000007 0.15000000000000005 0.0030276435000000002 -5.1499999999999764 19.500000000000004 29.350000000000005 -0.98296291314453399 0.0012152840000000003 17.050000000000004 54.500000000000007 0.34722222222222227 27.298000000000005 0.0030458220000000005 13.350000000000003 18.802000000000003 0.27500000000000008 18.050000000000004 266.14211465000011
decision_type=2 2 2 2 2 2 2 2 2 2 2 2 2 10 2 2 2 2 2 2 2 2 2 2 2 2 2 2 2 2
left_child=13 2 4 7 10 -6 15 -4 -9 -10 21 16 -13 18 25 -7 28 -18 19 -1 -20 22 27 -24 -8 -15 -27 -2 -12 -30
right_child=1 -3 3 -5 5 6 24 8 9 -11 11 12 -14 14 -16 -17 17 -19 20 -21 -22 -23 23 -25 -26 26 -28 -29 29 -31
leaf_value=0.00063090700683305072 0.00065053125420773828 0.00098400688446355377 0.00064037047780154065 0.001141871762171206 0.0006388651205582503 0.00065332271326933196 0.00071098698018291415 0.00066182095469895794 0.00067465882501570752 0.0010491862708638128 0.00063214603915076161 0.00097461688723091871 0.0006388651205582503 0.00062583144301764468 0.00093661196708141837 0.00096733466185709911 0.00081876789827386987 0.00064946437307262649 0.00061231154715250358 0.00075642767929303984 0.0006388651205582503 0.0006234045996400178 0.00075265936623641677 0.0006388651205582503 0.0006388651205582503 0.0006388651205582503 0.00070679776360609947 0.00062584720795483555 0.0006388651205582503 0.00066430938654710734
leaf_weight=386 441 95 351 84 340 61 122 187 78 58 610 74 74 437 63 95 100 270 9615 50 552 1979 62 172 88 92 95 845 223 616
leaf_count=386 441 95 351 84 340 61 122 187 78 58 610 74 74 437 63 95 100 270 9615 50 552 1979 62 172 88 92 95 845 223 616
internal_value=0.000638865 0.000671855 0.000666806 0.000763553 0.000654096 0.000713697 0.00077773 0.00070832 0.000766496 0.000872709 0.000645471 0.000671459 0.000806591 0.000618604 0.000665747 0.000877269 0.000657631 0.000709061 0.000615076 0.000638865 0.000613769 0.000632284 0.000640561 0.000674762 0.000679311 0.000638865 0.000666247 0.000638199 0.000641011 0.000653409
internal_weight=18315 7025 6930 758 6172 706 366 674 323 136 5466 1967 148 11290 687 156 1819 370 10603 436 10167 3499 1520 234 210 624 187 1286 1449 839
internal_count=18315 7025 6930 758 6172 706 366 674 323 136 5466 1967 148 11290 687 156 1819 370 10603 436 10167 3499 1520 234 210 624 187 1286 1449 839
is_linear=0
shrinkage=1


Tree=1
num_leaves=31
num_cat=0
split_feature=160 133 85 126 138 114 24 128 164 75 83 135 35 31 104 185 114 73 171 171 30 83 93 28 28 100 179 35 19 83
split_gain=0.00447666 0.00331297 0.00252456 0.00504245 0.00404428 0.000855609 0.00156027 0.000785765 0.000937235 0.000988742 0.00165013 0.000838506 0.000706738 0.000516594 0.000620784 0.00078762 0.000284789 0.000356874 0.000246394 0.0014348 0.000243072 0.000225127 0.000272285 0.000292547 0.000216552 0.000213435 0.000365711 0.000315155 0.00020436 0.000155922
threshold=0.15164656771799634 88.200000000000003 279.09907625000005 14.500000000000002 5.8600000000000003 29.850000000000005 42.300000000000004 9.5821574907389007 0.31250000000000006 22.250000000000004 29.850000000000005 9.8850000000000016 280.99822740000008 19.850000000000005 0.45000000000000007 0.0005219586619252686 32.45000000000001 28.550000000000004 0.0052449395000000046 0.0069050270000000019 -2.2814285714285698 18.050000000000004 266.75672565000008 35.550000000000004 24.150000000000002 -3.9000000000000337 -0.00055396602052114623 283.54891835000006 -0.0035285714285714265 19.050000000000004
decision_type=2 2 2 2 2 2 2 2 2 2 2 2 2 2 2 10 2 2 2 2 2 2 2 2 2 2 10 2 2 2
left_child=5 2 7 4 -4 18 -7 8 -2 10 11 12 -10 14 25 -16 -9 28 -1 -20 -14 -13 -23 24 -24 -5 -27 -28 -18 -30
right_child=1 -3 3 13 -6 6 -8 16 9 -11 -12 21 20 -15 15 -17 17 -19 19 -21 -22 22 23 -25 -26 26 27 -29 29 -31
leaf_value=-2.5040531900565643e-05 0 0.00032806444153758702 0.00076102008257294084 0 1.6063284261130878e-05 0.00025266622466006087 0 -6.8538304478578702e-06 0 -1.9959675611896998e-06 0.00031587583317429694 0 0 0 0 0.00032033770435286425 0 0 0.00025069653186735448 -1.4627743679954123e-05 0.00023116785308508817 0 0 0 0.00017229037479525068 0 0 0.00016976254204600279 0 0.00010156116728737239
leaf_weight=9920 800 95 51 149 51 71 620 3039 91 291 83 282 52 348 52 66 104 390 54 608 145 165 67 54 94 83 70 101 91 228
leaf_count=9920 800 95 51 149 51 71 620 3039 91 291 83 282 52 348 52 66 104 390 54 608 145 165 67 54 94 83 70 101 91 228
internal_value=4.97774e-08 3.15939e-05 2.67734e-05 0.000102334 0.000440858 -1.92127e-05 3.17097e-05 1.36444e-05 3.80535e-05 6.39589e-05 8.73582e-05 6.18242e-05 0.000137041 5.63916e-05 8.8171e-05 0.000203049 0 2.64429e-05 -2.3013e-05 0 0.000190618 2.14026e-05 4.76899e-05 8.46351e-05 0.000118598 4.17387e-05 6.96604e-05 0.000111847 5.87077e-05 7.85066e-05
internal_weight=18315 7042 6947 971 102 11273 691 5976 2124 1324 1033 950 288 869 521 118 3852 813 10582 662 197 662 380 215 161 403 254 171 423 319
internal_count=18315 7042 6947 971 102 11273 691 5976 2124 1324 1033 950 288 869 521 118 3852 813 10582 662 197 662 380 215 161 403 254 171 423 319
is_linear=0
shrinkage=0.05


Tree=2
num_leaves=31
num_cat=0
split_feature=92 133 85 126 138 117 114 142 114 133 35 101 28 93 142 54 166 172 164 93 120 22 33 85 43 92 74 187 107 180
split_gain=0.00410013 0.00297839 0.00234774 0.00455031 0.00402523 0.000984559 0.000784058 0.00158437 0.000772154 0.000731771 0.000562369 0.000997816 0.000491886 0.000595616 0.000771152 0.000586356 0.000408828 0.000301218 0.000278899 0.000389453 0.000450218 0.000259367 0.00126677 0.000228063 0.000441149 0.000459978 0.000171916 0.000113952 0.000119997 7.60244e-05
threshold=7.450000000000002 88.200000000000003 280.17666835000006 15.500000000000002 5.3600000000000003 1.4500000000000002 29.850000000000005 730.0272198377213 38.150000000000013 80.390000000000015 283.97192885000004 -1.9176206999999861 23.950000000000003 269.31174855000006 786.39888458605481 0.13500000000000004 0.073840821437500023 3.5000000000000004 0.49305555555555564 266.67363025000003 267.94964055000008 1.0000000180025095e-35 -0.99790899713717818 276.17713375000005 0.35050000000000003 11.350000000000003 24.650000000000002 0.53131075191132748 5.2500000000000009 0.40277777777777785
decision_type=2 2 2 2 2 2 2 2 2 2 2 2 2 2 2 2 2 10 2 2 10 2 2 2 2 2 2 2 2 2
left_child=6 2 5 4 -4 8 21 -8 9 23 -11 -12 13 14 15 -5 26 -7 19 -19 -21 22 -1 29 -25 -26 27 28 -10 -2
right_child=1 -3 3 12 -6 17 7 -9 16 10 11 -13 -14 -15 -16 -17 -18 18 -20 20 -22 -23 -24 24 25 -27 -28 -29 -30 -31
leaf_value=0.00022849407433144132 -1.2797953997841465e-05 0.00031183208844012713 0.0007537017902728069 0.00032956360450979059 1.7122424491794335e-05 0 0 0.00025105313164864158 0 0 0.00025506404122841727 1.1198795668891341e-06 0 0 0 0 0.00022728094427499325 0 1.6990726594414249e-05 0.00035237076723239054 4.2706091098098819e-05 -2.3632519059567761e-05 -1.3750967452829676e-05 0 0.00018436208522010981 3.5648256546741834e-06 0 0 0.0001135732499614006 1.986963197731446e-06
leaf_weight=59 3206 95 50 69 53 96 619 72 50 239 87 148 247 164 52 53 52 67 158 54 76 10181 359 911 73 200 129 114 126 456
leaf_count=59 3206 95 50 69 53 96 619 72 50 239 87 148 247 164 52 53 52 67 158 54 76 10181 359 911 73 200 129 114 126 456
internal_value=1.5639e-07 3.04135e-05 2.57898e-05 0.000114536 0.000426571 1.51904e-05 -1.82288e-05 3.04135e-05 8.67635e-06 2.25995e-06 6.19813e-05 0.000117002 5.04304e-05 8.95752e-05 0.000155087 0.00022337 7.03988e-05 8.75673e-05 0.000108863 0.000156836 0.000211212 -2.18742e-05 8.97207e-06 -2.56156e-06 1.49528e-05 7.06545e-05 3.85294e-05 6.01626e-05 8.69497e-05 -9.59186e-06
internal_weight=18315 7025 6930 688 103 6242 11290 691 5791 5320 474 235 585 338 174 122 471 451 355 197 130 10599 418 4846 1184 273 419 290 176 3662
internal_count=18315 7025 6930 688 103 6242 11290 691 5791 5320 474 235 585 338 174 122 471 451 355 197 130 10599 418 4846 1184 273 419 290 176 3662
is_linear=0
shrinkage=0.05


Tree=3
num_leaves=31
num_cat=0
split_feature=103 122 13 133 103 117 138 43 96 30 93 110 120 131 131 84 21 137 133 117 166 84 187 116 156 137 140 6 114 65
split_gain=0.00378315 0.00265724 0.00345996 0.0036654 0.00275899 0.00116652 0.00112409 0.000914575 0.00134383 0.000912174 0.00108012 0.000936083 0.000697281 0.000521697 0.000982061 0.000509951 0.00107439 0.000231128 0.000175471 0.000174364 0.000131678 0.000118528 0.000127204 9.69891e-05 7.95855e-05 7.94094e-05 0.000137276 0.000116743 8.89137e-05 7.66481e-05
threshold=1502.0000000000002 9.5000000000000018 0.0040352463333333342 20.835000000000004 601.75000000000011 1.4500000000000002 4.7550000000000008 0.35450000000000004 36.13750000000001 -1.8585714285714297 273.31354300000004 23.150000000000002 268.94007390000007 33.15434016127945 32.789184554052362 10.650000000000004 0.46527777777777785 1.0000000180025095e-35 86.075000000000017 1.0000000180025095e-35 0.039437586479166675 4.7500000000000009 0.7086724855829839 293.21864245 0.060000000000000005 0.13000000000000003 17.960000000000004 0.00038611111111111116 31.450000000000003 15.050000000000002
decision_type=2 2 2 2 2 2 2 2 2 2 2 2 10 2 2 2 2 2 2 2 2 2 2 2 2 2 2 2 2 2
left_child=1 12 4 -4 -3 7 -7 18 -9 -10 11 -11 17 14 15 -2 -17 -1 23 20 -19 -15 -23 -6 -25 -21 -27 -28 -29 -26
right_child=13 2 3 -5 5 6 -8 8 9 10 -12 -13 -14 21 -16 16 -18 19 -20 25 -22 22 -24 24 29 26 27 28 -30 -31
leaf_value=0.00010895874567650025 -1.6396054331602904e-05 0.00036098145045626383 0 0.00057637952609946523 -2.703387647534422e-07 0.00031114019591683143 3.8503101486001691e-05 0 2.3184769773675849e-05 0.0003026563357419793 0 1.4391780960067988e-05 -2.117592719451748e-05 -2.3283018753634181e-05 0.00020431244142523543 0.0001989042855307452 0 -6.8436392084780543e-06 8.2720262573782874e-05 0 6.2093233413557379e-05 -1.0481309068193947e-05 5.0013087408539523e-05 0 4.2750956975480151e-05 0 0 0.0001260939845233874 0 0
leaf_weight=99 899 73 58 67 1420 84 170 299 250 166 69 81 1883 8325 62 93 170 689 85 87 76 2073 68 96 358 198 55 111 50 101
leaf_count=99 899 73 58 67 1420 84 170 299 250 166 69 81 1883 8325 62 93 170 689 85 87 76 2073 68 96 358 198 55 111 50 101
internal_value=3.6259e-07 3.08111e-05 6.18764e-05 0.000326441 5.00728e-05 4.12498e-05 0.000149141 3.01242e-05 7.42065e-05 0.000119731 0.000180026 0.000228725 0 -1.64668e-05 1.19418e-05 0 6.25509e-05 2.56451e-05 9.16086e-06 1.51029e-05 0 -2.02677e-05 -6.20324e-06 3.42438e-06 2.18538e-05 3.80006e-05 4.71714e-05 7.64001e-05 9.80829e-05 3.17772e-05
internal_weight=18315 6625 3377 125 3252 3179 254 2925 865 566 316 247 3248 11690 1224 1162 263 1365 2060 1266 765 10466 2141 1975 555 501 414 216 161 459
internal_count=18315 6625 3377 125 3252 3179 254 2925 865 566 316 247 3248 11690 1224 1162 263 1365 2060 1266 765 10466 2141 1975 555 501 414 216 161 459
is_linear=0
shrinkage=0.05


Tree=4
num_leaves=31
num_cat=0
split_feature=120 116 126 139 35 142 114 62 62 50 30 29 123 121 168 128 14 2 2 128 96 76 171 112 101 92 122 112 50 29
split_gain=0.00348162 0.00238784 0.00543663 0.00220344 0.00289673 0.00248666 0.00111262 0.001102 0.00249561 0.0008906 0.000817522 0.000703747 0.00122005 0.000392024 0.000421308 0.000356809 0.000974245 0.00029285 0.00102975 0.000292669 0.00087458 0.000214948 0.000153307 0.000118888 0.000149708 0.000112631 0.0001999 0.000129561 9.82511e-05 9.41651e-05
threshold=272.82356450000003 292.50906310000005 14.500000000000002 87.16903152294654 285.27079960000009 779.97322007526816 31.450000000000003 42.350000000000001 31.850000000000005 1010.0500000000001 -0.50428571428571423 24.050000000000004 0.12940952255126045 0.25000000000000006 0.0011455408750000002 10.770903114643311 0.023478928000000003 0.0059917800000000012 0.0060912370000000002 9.3670449298201355 39.675000000000004 1.3500000000000005 -0.027344408499999986 286.38105610000008 3.1497997999999829 18.550000000000008 16.500000000000004 288.04284970000009 1018.35 30.650000000000002
decision_type=8 2 2 2 2 2 2 2 2 2 2 2 2 10 2 2 2 2 2 2 2 2 2 2 2 2 2 2 2 2
left_child=1 3 -3 9 -5 7 17 8 -6 25 -8 12 -11 21 -15 16 -16 -2 -19 20 -4 22 28 -7 -25 -1 -27 -28 -13 -23
right_child=6 2 19 4 5 23 10 -9 -10 11 -12 13 -14 14 15 -17 -18 18 -20 -21 -22 29 -24 24 -26 26 27 -29 -30 -31
leaf_value=-1.3727849518232558e-05 -2.2042962243942258e-05 0.00050331548030694 0 0 0.00010816655473287316 0 8.0326245902895112e-06 4.6373361883028831e-05 0.00073454221334958564 0.00028153534401606923 0.00021692786073008275 7.1259215962585126e-05 0 0 0.00033989894923200522 0 0 0.00021076377886702642 -4.0987798181340242e-06 1.9071355214254828e-05 0.00022868504241965973 0.00013377954640873214 0 0.00013481905781856897 0 -2.7517295004443248e-06 0 8.9025451075631622e-05 0 0
leaf_weight=2774 10255 83 75 347 56 69 283 54 52 76 76 125 90 111 52 63 67 58 484 432 87 51 1643 55 56 420 72 105 87 57
leaf_count=2774 10255 83 75 347 56 69 283 54 52 76 76 125 90 111 52 63 67 58 484 432 87 51 1643 55 56 420 72 105 87 57
internal_value=4.55444e-07 2.79305e-05 0.000118554 1.76775e-05 0.000102684 0.000205728 -1.67286e-05 0.000353661 0.000459598 6.68817e-06 6.66242e-05 3.03008e-05 0.00013521 2.03096e-05 7.69807e-05 0.000123596 0.000175298 -1.9969e-05 1.00316e-05 5.56322e-05 0.000121738 9.2701e-06 2.42527e-06 4.37456e-05 7.5805e-05 -8.79823e-06 5.73103e-06 5.38519e-05 4.3019e-05 7.9864e-05
internal_weight=18315 7159 677 6482 689 342 11156 162 108 5793 359 2422 166 2256 293 182 119 10797 542 594 162 1963 1855 180 111 3371 597 177 212 108
internal_count=18315 7159 677 6482 689 342 11156 162 108 5793 359 2422 166 2256 293 182 119 10797 542 594 162 1963 1855 180 111 3371 597 177 212 108
is_linear=0
shrinkage=0.05


Tree=5
num_leaves=31
num_cat=0
split_feature=114 27 117 128 131 11 137 74 73 15 74 93 75 12 112 28 81 185 43 170 81 21 15 168 138 120 21 35 85 124
split_gain=0.00303525 0.00291939 0.00193952 0.0015753 0.00147561 0.00124343 0.000580605 0.00120595 0.00422437 0.000677935 0.00052796 0.000521374 0.000858574 0.00119133 0.000355278 0.000588766 0.000320692 0.000442636 0.000244212 0.000238056 0.000193391 0.000161792 0.000361152 0.000133452 0.000127186 0.000114352 0.000220918 7.8093e-05 6.73958e-05 5.40744e-05
threshold=30.150000000000002 1298.6500000000003 0.25000000000000006 8.3844366951598737 60.631396245768578 0.0039587592847222233 0.055000000000000007 23.121428571428577 27.550000000000004 0.0021312500000000003 16.235714285714291 265.51424100000003 13.750000000000002 0.018957412500000003 281.29016135000006 24.400000000000002 32.95000000000001 0.00032374838588046772 0.34250000000000008 0.9896394200980041 35.750000000000007 0.47916666666666669 0.000109375 0.0087242572500000008 5.3600000000000003 274.30311340000009 0.29861111111111122 284.38066020000002 277.81070175000008 -0.5
decision_type=2 2 2 2 2 2 2 2 2 2 2 2 2 2 2 2 2 8 2 2 2 2 2 2 2 8 2 2 2 2
left_child=2 -2 6 -4 5 11 7 27 -9 -10 20 -3 18 -14 -5 16 -16 -18 -13 -20 -6 -22 -23 28 -24 26 -25 -1 -8 -19
right_child=1 4 3 14 10 -7 23 8 9 -11 -12 12 13 -15 15 -17 17 29 19 -21 21 22 24 25 -26 -27 -28 -29 -30 -31
leaf_value=-1.8743031724012858e-05 0.00034771466106759568 0 0.00033136634151165748 0 0 0.00030641744175040797 -2.0578255316927904e-05 0.00048756401055090304 0 0.00014502858476104626 -5.5846617721713007e-07 0 0.00033508892994553739 0 0 6.7664649620790249e-06 0 0 0 0.00013520832941930208 1.3658326964051573e-05 0 0.00026524278734630611 9.6300100638900936e-05 3.9860396482254147e-05 -1.0416263882096089e-05 0 1.9216697354458081e-07 0 0.00021777067901706132
leaf_weight=1530 81 192 52 408 189 77 10702 54 604 93 1526 149 80 72 50 430 51 52 113 83 271 92 50 84 95 459 127 105 383 120
leaf_count=1530 81 192 52 408 189 77 10702 54 604 93 1526 149 80 72 50 430 51 52 113 83 271 92 50 84 95 459 127 105 383 120
internal_value=3.90979e-07 4.6012e-05 -8.43637e-06 5.27245e-05 3.60503e-05 9.6967e-05 -1.38234e-05 7.19642e-06 6.09748e-05 2.01104e-05 1.27773e-05 6.59031e-05 9.2925e-05 0.000199947 3.49e-05 5.64406e-05 0.000116124 0.000141682 3.0881e-05 6.90945e-05 4.90966e-05 6.52333e-05 0.000102894 -1.85155e-05 0.000153109 0 3.33627e-05 -1.44714e-05 -1.98403e-05 0.000179967
internal_weight=18374 3070 15304 1163 2989 766 14141 2386 751 697 2223 689 497 152 1111 703 273 223 345 196 697 508 237 11755 145 670 211 1635 11085 172
internal_count=18374 3070 15304 1163 2989 766 14141 2386 751 697 2223 689 497 152 1111 703 273 223 345 196 697 508 237 11755 145 670 211 1635 11085 172
is_linear=0
shrinkage=0.05


Tree=6
num_leaves=31
num_cat=0
split_feature=114 23 117 128 131 93 174 59 142 137 110 2 133 36 80 112 28 131 81 43 185 136 99 141 21 49 13 84 133 112
split_gain=0.00278422 0.00261996 0.00178515 0.00140848 0.00134688 0.00112812 0.00175107 0.000946408 0.0026911 0.000531571 0.00113216 0.00449286 0.000513526 0.000570306 0.000491713 0.000330694 0.000533474 0.000308525 0.000177696 0.000172453 0.000146437 0.000141264 0.000136406 0.000136185 0.000184428 0.000126372 0.000119843 0.00012259 9.23828e-05 0.00012615
threshold=30.150000000000002 18.03680555555556 0.25000000000000006 8.3844366951598737 60.631396245768578 265.51424100000003 2.5000000000000004 7.2154500000000015 697.23868756873196 0.055000000000000007 21.750000000000004 0.0059917800000000012 86.075000000000017 275.28927080000011 18.162500000000005 281.29016135000006 24.400000000000002 121.07560815808249 35.750000000000007 0.34250000000000008 0.00017975992802900335 0.20500000000000004 -2.2499999999999996 29.160000000000004 0.47916666666666669 963.75000000000011 0.0029375659652777783 1.3500000000000005 8.6250000000000018 269.19833855000007
decision_type=2 2 2 2 2 2 8 2 2 2 2 2 2 2 2 2 2 2 2 2 10 2 2 2 2 2 2 2 2 2
left_child=2 -2 9 -4 5 -3 -7 19 -9 10 -1 12 -12 -14 18 -5 17 21 -6 -8 -20 -17 -23 -22 -25 -21 -11 -28 -29 -30
right_child=1 4 3 15 14 6 7 8 -10 26 11 -13 13 -15 -16 16 -18 -19 20 25 23 22 -24 24 -26 -27 27 28 29 -31
leaf_value=-1.4380686478611489e-05 0.00033054095515825153 0 0.00031511063535943776 0 0 0.00040874350480124598 0 0 0.00048019028091295649 -1.9223446149022019e-05 0 0.00045573748871158222 0 0.00019609255039540588 -1.2999575225835566e-07 0 6.4289266947446767e-06 0 0 0 9.0189870957264111e-06 1.4051779683347268e-05 0.00026515022843064481 1.1659959225032319e-05 0.00016913485896458786 9.3892780919775068e-05 -1.2748617691708602e-05 0 0 7.7264245832577491e-05
leaf_weight=1616 81 215 52 408 186 60 173 76 53 10656 569 65 63 73 1545 67 430 78 68 74 193 60 68 122 109 115 765 150 63 121
leaf_count=1616 81 215 52 408 186 60 173 76 53 10656 569 65 63 73 1545 67 430 78 68 74 193 60 68 122 109 115 765 150 63 121
internal_value=5.26493e-07 4.42262e-05 -7.91534e-06 5.07368e-05 3.4687e-05 9.29498e-05 0.000130821 8.59342e-05 0.00020983 -1.30959e-05 6.96267e-06 5.82016e-05 1.38736e-05 0.000101798 1.23299e-05 3.35942e-05 5.4378e-05 0.000111355 4.80452e-05 2.7553e-05 6.38775e-05 0.000145842 0.000187229 7.47969e-05 0.000107927 6.09879e-05 -1.75929e-05 0 2.33072e-05 4.7245e-05
internal_weight=18374 3070 15304 1163 2989 766 551 491 129 14141 2386 770 705 136 2223 1111 703 273 678 362 492 195 128 424 231 189 11755 1099 334 184
internal_count=18374 3070 15304 1163 2989 766 551 491 129 14141 2386 770 705 136 2223 1111 703 273 678 362 492 195 128 424 231 189 11755 1099 334 184
is_linear=0
shrinkage=0.05


Tree=7
num_leaves=31
num_cat=0
split_feature=92 133 142 36 100 142 120 33 138 124 116 2 2 77 8 92 90 30 50 122 88 173 75 85 41 88 50 136 44 19
split_gain=0.0024358 0.00229935 0.00221667 0.00265127 0.00196924 0.00205671 0.00118162 0.0011789 0.00226423 0.00223152 0.000618773 0.000595114 0.00316355 0.000486777 0.000286533 0.000439696 0.00022979 0.000226181 0.000199039 0.000368412 0.000297586 0.000275679 0.00023251 0.00026194 8.44905e-05 8.11779e-05 0.000101263 7.90021e-05 0.000138703 6.90305e-05
threshold=7.450000000000002 80.210000000000022 779.97322007526816 270.24203445000006 -5.2499999999999991 732.60122331517573 268.11103515000008 0.87873526243649069 3.7550000000000003 -0.70710678118654757 284.98990550000002 0.0059917800000000012 0.0060912370000000002 279.66177020000003 0.00093194242685287949 15.450000000000005 25.876530612244899 -0.50428571428571423 1003.5500000000001 16.500000000000004 33.037500000000009 4.5000000000000009 17.450000000000003 277.03166575000006 45.500000000000007 29.337500000000006 1013.4500000000002 0.075000000000000025 977.50000000000011 -0.020031428571428568
decision_type=2 2 2 2 2 2 10 2 2 2 2 2 2 2 2 2 2 2 2 2 2 10 2 2 2 2 2 2 2 2
left_child=11 7 3 -3 -5 -6 -7 18 9 -9 -11 16 -13 -10 -15 24 29 -18 -2 25 -21 -22 23 -23 -16 -20 -27 28 -4 -1
right_child=1 2 27 4 5 6 -8 8 13 10 -12 12 -14 14 15 -17 17 -19 19 20 21 22 -24 -25 -26 26 -28 -29 -30 -31
leaf_value=0 -1.3187139578855004e-05 0 0 0 3.4098248067272613e-05 0.00070682442026604396 0.0002511802380148783 0.00046783936582782881 0 0.00021452349377866018 0 0.00039437466404739429 0 0 0 0 0 8.4100823885556428e-05 -1.5059809308643597e-05 0 0 0.00017180964837463012 0 0 0.0002579641808124347 -1.684279335971788e-06 2.045961248934459e-05 0 9.4369017219099577e-05 -1.9047615736529698e-05
leaf_weight=122 1779 117 68 82 73 54 101 62 1008 51 128 54 518 163 50 60 702 82 708 228 106 127 77 56 56 805 699 265 61 9912
leaf_count=122 1779 117 68 82 73 54 101 62 1008 51 128 54 518 163 50 60 702 82 708 228 106 127 77 56 56 805 699 265 61 9912
internal_value=6.28758e-07 2.4133e-05 0.000103577 0.000183122 0.000259733 0.000336328 0.000445485 1.27237e-05 4.99851e-05 0.00019345 6.85616e-05 -1.33452e-05 3.35602e-05 2.02627e-05 7.31602e-05 0.000121926 -1.62904e-05 5.24578e-06 0 8.18504e-06 4.31742e-05 7.10576e-05 9.86936e-05 0.000130291 0.000182963 0 5.29183e-06 4.46598e-06 3.97476e-05 -1.84717e-05
internal_weight=18374 6984 821 427 310 228 155 6163 1578 241 179 11390 572 1337 329 166 10818 784 4585 2806 594 366 260 183 106 2212 1504 394 129 10034
internal_count=18374 6984 821 427 310 228 155 6163 1578 241 179 11390 572 1337 329 166 10818 784 4585 2806 594 366 260 183 106 2212 1504 394 129 10034
is_linear=0
shrinkage=0.05


Tree=8
num_leaves=31
num_cat=0
split_feature=114 23 131 120 133 119 100 142 11 122 74 98 76 73 29 2 33 111 81 113 168 176 141 44 50 123 84 172 131 101
split_gain=0.00240963 0.00229297 0.00117597 0.0011286 0.00159213 0.00147746 0.00322979 0.0025311 0.00102148 0.000536551 0.000446389 0.00043837 0.000550057 0.0010744 0.000894636 0.000420569 0.00263428 0.000227546 0.000160709 0.000146872 0.000226616 0.000138879 0.000201797 0.000148248 0.000106281 0.000130102 0.000176151 0.000153356 0.000142372 0.000269214
threshold=30.150000000000002 18.03680555555556 60.631396245768578 270.08790600000003 80.210000000000022 6.6500000000000012 -5.0499999999999536 779.97322007526816 0.0044062812152777788 10.500000000000002 16.235714285714291 4.7000000000000028 1.0000000180025095e-35 17.650000000000002 32.650000000000013 0.0059917800000000012 -0.99790899713717818 4.6500000000000012 35.750000000000007 1.1500000000000001 0.0022928965416666672 64.500000000000014 31.980000000000004 317.50000000000006 1005.85 0.37940952255126054 1.4500000000000004 3.5000000000000004 126.44258308347843 5.9839655000000116
decision_type=2 2 2 8 2 10 2 2 2 2 2 2 2 2 2 2 2 2 2 2 2 8 2 2 2 2 2 10 2 2
left_child=3 -2 8 4 17 6 -6 -8 9 -3 18 12 13 -11 -15 19 -17 -1 -4 -5 -21 22 -20 -24 -19 26 -26 -28 29 -29
right_child=1 2 10 15 5 -7 7 -9 -10 11 -12 -13 -14 14 -16 16 -18 24 21 20 -22 -23 23 -25 25 -27 27 28 -30 -31
leaf_value=9.5265878910802052e-05 0.00030969808285057879 0 0 -1.7872323634187148e-05 0 0 0.00055554312121142483 0 0.00030460704844083547 0 -7.5308792955217525e-07 0 0 0.00036553696631190616 3.4667544558942609e-05 0.00028386782640711102 -9.9716888979520418e-06 -8.2189161859437175e-06 8.4986502616857235e-06 0 0.00010652402466803323 0 0 0.00013749908544969289 0 0 0 0.0001138432449822794 0 0
leaf_weight=65 81 244 189 11187 115 165 74 54 61 109 1526 103 87 83 79 84 525 1448 223 223 51 73 54 158 187 653 107 180 114 72
leaf_count=65 81 244 189 11187 115 165 74 54 61 109 1526 103 87 83 79 84 525 1448 223 223 51 73 54 158 187 653 107 180 114 72
internal_value=7.20699e-07 4.1384e-05 3.23395e-05 -7.11189e-06 1.84485e-05 0.000111132 0.000189314 0.000361085 8.6839e-05 6.05097e-05 1.12813e-05 9.21877e-05 0.000118278 0.000153362 0.000236064 -1.43756e-05 2.27601e-05 3.26432e-06 4.47558e-05 -1.6787e-05 9.24884e-06 5.94659e-05 7.01754e-05 0.000111234 0 1.13013e-05 2.73122e-05 4.4377e-05 5.9901e-05 8.13128e-05
internal_weight=18374 3070 2989 15304 3234 408 243 128 766 705 2223 461 358 271 162 12070 609 2826 697 11461 274 508 435 212 2761 1313 660 473 366 252
internal_count=18374 3070 2989 15304 3234 408 243 128 766 705 2223 461 358 271 162 12070 609 2826 697 11461 274 508 435 212 2761 1313 660 473 366 252
is_linear=0
shrinkage=0.05


Tree=9
num_leaves=31
num_cat=0
split_feature=114 23 117 128 133 54 41 31 43 136 2 33 112 172 133 36 100 175 138 67 50 118 104 163 116 21 168 36 3 90
split_gain=0.00221478 0.00205686 0.00145238 0.00114596 0.000881922 0.00166288 0.00112811 0.000704443 0.000480894 0.000538693 0.00037574 0.00238724 0.000279024 0.000267984 0.000252568 0.00066661 0.000627604 0.000293761 0.000250831 0.000267098 0.000125825 0.000144567 0.000281162 0.000272449 6.49456e-05 7.77273e-05 6.34566e-05 5.91868e-05 7.16726e-05 5.62265e-05
threshold=30.150000000000002 18.03680555555556 0.25000000000000006 8.3844366951598737 78.555000000000021 0.075000000000000025 38.500000000000007 12.65 0.35050000000000003 0.97500000000000009 0.0059917800000000012 -0.99790899713717818 281.29016135000006 4.5000000000000009 80.210000000000022 275.28927080000011 -5.0499999999999536 16.500000000000004 4.785000000000001 12.850000000000003 1010.2500000000001 24.850000000000005 1.2500000000000004 0.47916666666666669 286.1597653500001 0.46527777777777785 0.0087242572500000008 272.23694120000005 0.064478203500000011 29.054081632653066
decision_type=2 2 2 2 2 2 2 2 2 2 2 2 2 10 2 2 2 10 2 2 2 8 2 2 2 2 2 2 2 2
left_child=2 -2 10 -4 7 -6 -7 8 -3 -10 14 -12 -5 -14 26 -16 -17 -18 19 -15 -9 22 -22 -24 25 -20 29 -13 -29 -1
right_child=1 4 3 12 5 6 -8 20 9 -11 11 27 13 18 15 16 17 -19 24 -21 21 -23 23 -25 -26 -27 -28 28 -30 -31
leaf_value=-1.7116992409661099e-05 0.0002944020197493246 1.6271463682474944e-05 0.00028582099207373832 0 0 4.3498335405775849e-05 0.0003861703331783982 -8.9638227136148453e-06 3.1746061774666522e-05 0.00023614325923133748 0.00027336843589832174 -1.6840865514322249e-05 0 0.00024801957675388726 -6.771255618485369e-06 0 0 0.00027615138687766519 6.2233993102971222e-05 0 0 0 0.000177759478877609 0 0 0 0 5.5772852073623946e-05 0 0
leaf_weight=11451 81 434 52 408 151 97 72 915 172 89 83 523 221 52 956 95 53 51 198 50 261 679 62 57 79 103 587 60 61 221
leaf_count=11451 81 434 52 408 151 97 72 915 172 89 83 523 221 52 956 95 53 51 198 50 261 679 62 57 79 103 587 60 61 221
internal_value=7.7726e-07 3.97686e-05 -6.71985e-06 4.61286e-05 3.10998e-05 0.000112937 0.000220313 1.93767e-05 6.29642e-05 0.000121164 -1.14228e-05 2.09803e-05 3.01665e-05 4.92774e-05 -1.35531e-05 5.84102e-06 9.11616e-05 0.00017542 7.01885e-05 0.00015865 1.47483e-06 1.5211e-05 3.99039e-05 0.000104466 3.29662e-05 4.36885e-05 -1.57885e-05 -4.16941e-06 9.30611e-06 -1.65953e-05
internal_weight=18374 3070 15304 1163 2989 320 169 2669 695 261 14141 727 1111 703 13414 1155 199 104 482 102 1974 1059 380 119 380 301 12259 644 121 11672
internal_count=18374 3070 15304 1163 2989 320 169 2669 695 261 14141 727 1111 703 13414 1155 199 104 482 102 1974 1059 380 119 380 301 12259 644 121 11672
is_linear=0
shrinkage=0.05


Tree=10
num_leaves=31
num_cat=0
split_feature=120 133 75 103 124 185 121 138 171 171 117 29 36 75 85 35 44 88 73 30 128 185 163 31 6 16 43 136 168 32
split_gain=0.00206701 0.00256718 0.00321784 0.00191003 0.00420689 0.00358705 0.000825284 0.000775886 0.000482475 0.0030005 0.000440134 0.000356012 0.000519838 0.000509809 0.000283165 0.000374572 0.000577167 0.000220411 0.000511364 0.000373972 0.000152343 0.000254657 0.000330468 0.000366012 0.000194591 8.09938e-05 7.64114e-05 0.00010241 7.04091e-05 0.000149419
threshold=272.82356450000003 87.815000000000012 14.050000000000002 856.35000000000014 -0.78656609248549325 0.0008080081819364913 0.25000000000000006 4.4450000000000012 0.0052449395000000046 0.0069050270000000019 0.15000000000000005 29.950000000000006 272.93164170000006 13.750000000000002 278.2388054000001 286.76721360000005 327.50000000000006 31.437500000000007 31.450000000000003 -0.81857142857142995 9.5241855175685135 0.00095316481228997026 0.42361111111111122 25.950000000000003 0.0079743055555555574 0.24500000000000002 0.32950000000000007 0.53500000000000014 0.0014497359583333332 15.450000000000001
decision_type=8 2 2 2 2 10 10 2 2 2 2 2 2 2 2 2 2 2 2 2 2 10 2 2 2 2 2 2 2 2
left_child=1 3 -3 4 5 -1 10 -8 17 -10 20 12 -12 -14 -6 16 -16 -2 19 -19 21 -5 -23 24 -24 -9 -27 -28 -13 -30
right_child=8 2 -4 6 14 -7 7 25 9 -11 11 28 13 -15 15 -17 -18 18 -20 -21 -22 22 23 -25 -26 26 27 -29 29 -31
leaf_value=0 -1.766910518368062e-05 0 0.00054107474751718758 -3.4785559991523289e-06 0 0.00069390482793233745 0.00022900239158301996 0 0.00038380688975815213 0 0 0 0.00023521688715270187 2.9626854850831795e-05 0 0 0.00019017283144265353 0 -1.1298518985048782e-05 0.0001518521431890905 -1.014510528391472e-05 0 0.00024101529192514993 0 0 0 0 0.00010114748767757027 4.4367943478954872e-05 0
leaf_weight=50 9034 54 53 837 176 52 80 80 53 705 128 623 78 177 101 105 98 200 1085 89 3062 347 50 105 52 102 70 87 324 259
leaf_count=50 9034 54 53 837 176 52 80 80 53 705 128 623 78 177 101 105 98 200 1085 89 3062 347 50 105 52 102 70 87 324 259
internal_value=1.48942e-06 2.2718e-05 0.00026813 1.82423e-05 0.000105817 0.000400874 9.56473e-06 7.80548e-05 -1.16571e-05 2.44402e-05 3.97555e-06 2.69302e-05 7.13149e-05 0.000112718 3.20195e-05 6.27527e-05 0.00010338 -1.47685e-05 6.65667e-07 6.27086e-05 -3.09714e-06 8.82169e-06 3.63871e-05 8.66303e-05 0.000155046 2.71583e-05 4.17529e-05 6.38574e-05 8.64459e-06 2.13508e-05
internal_weight=18316 7150 107 7043 582 102 6461 419 11166 758 6042 1589 383 255 480 304 199 10408 1374 289 4453 1391 554 207 102 339 259 157 1206 583
internal_count=18316 7150 107 7043 582 102 6461 419 11166 758 6042 1589 383 255 480 304 199 10408 1374 289 4453 1391 554 207 102 339 259 157 1206 583
is_linear=0
shrinkage=0.05


Tree=11
num_leaves=31
num_cat=0
split_feature=160 133 142 44 116 185 138 22 34 99 117 2 124 120 6 107 105 86 174 123 138 4 121 83 136 65 185 169 25 55
split_gain=0.00189433 0.00190947 0.00197195 0.00182637 0.00133341 0.00099887 0.00168986 0.000849613 0.00108289 0.00215291 0.000571944 0.000444765 0.00270364 0.00428308 0.000268198 0.000527846 0.000234247 0.000196396 0.000210734 0.000306172 0.000390285 0.000149862 0.000166277 0.000297677 0.000418449 0.00045484 0.000318713 0.000122179 0.000120762 0.000118241
threshold=0.11306689342403629 79.980000000000004 779.97322007526816 1317.5000000000002 292.29015645000004 0.0008080081819364913 3.8000000000000003 7.5000000000000009 -0.092279908529309604 -0.74999999999999989 0.8500000000000002 0.0059917800000000012 -0.78656609248549325 278.11889725000009 0.0092583333333333354 6.7500000000000009 19.500000000000004 2.5000000000000004 1.5000000000000002 1.0000000180025095e-35 4.785000000000001 0.00029107750000000005 0.15000000000000005 17.650000000000002 0.53500000000000014 25.650000000000002 0.0010589507048106913 4.9121458333335113e-06 9.5000000000000018 12.33839150000003
decision_type=2 2 2 2 2 10 2 2 2 2 2 2 2 10 2 2 2 2 10 2 2 2 10 2 2 2 10 2 2 2
left_child=11 4 3 7 10 27 -7 -3 9 -9 21 -1 13 -13 15 -8 17 -12 -19 20 -20 -2 -23 -24 -25 26 -26 28 -6 -4
right_child=1 2 29 -5 5 6 14 8 -10 -11 16 12 -14 -15 -16 -17 -18 18 19 -21 -22 22 23 24 25 -27 -28 -29 -30 -31
leaf_value=-1.482442557897722e-05 -1.1627060393678562e-05 0 -2.2994010636959338e-06 0.00043661301644257921 0 0.00038824912626744037 0.0002339847513679349 4.7169812039867919e-05 0 0.00051634633680942854 0 0 -1.8562601249270724e-05 0.00058454500308331399 0 0 0 0 0.00025601886839842126 1.8062197919159188e-06 4.2660713301325044e-05 0 0 0 0.00027106243677400545 0 0 0 7.6674343573194788e-05 3.8181869222882588e-05
leaf_weight=9945 2755 156 250 65 50 64 52 101 68 52 102 67 437 51 134 68 122 85 67 170 158 2171 186 120 56 55 50 328 121 210
leaf_count=9945 2755 156 250 65 50 64 52 101 68 52 102 67 437 51 134 68 122 85 67 170 158 2171 186 120 56 55 50 328 121 210
internal_value=1.52073e-06 2.0397e-05 8.9561e-05 0.000165676 1.06392e-05 7.07759e-05 0.000142579 0.000104703 0.00016803 0.000241413 1.7506e-06 -1.20549e-05 2.8517e-05 0.000243579 5.97898e-05 0.000114346 4.46015e-05 5.83957e-05 7.17911e-05 8.71242e-05 0.00012917 -2.92341e-06 4.27256e-06 3.14828e-05 6.54515e-05 0.000117961 0.000178029 1.48242e-05 4.91395e-05 5.37793e-06
internal_weight=18316 7816 902 442 6914 817 318 377 221 153 6097 10500 555 118 254 120 704 582 480 395 225 5393 2638 467 281 161 106 499 171 460
internal_count=18316 7816 902 442 6914 817 318 377 221 153 6097 10500 555 118 254 120 704 582 480 395 225 5393 2638 467 281 161 106 499 171 460
is_linear=0
shrinkage=0.05


Tree=12
num_leaves=31
num_cat=0
split_feature=120 139 77 176 126 141 53 6 185 114 44 138 22 46 50 165 122 120 51 16 19 178 180 124 139 82 82 168 122 28
split_gain=0.00176244 0.00145111 0.00215273 0.00214676 0.0013986 0.00113414 0.00146606 0.00105885 0.000960273 0.000450643 0.000483855 0.000755811 0.000380585 0.00305838 0.000261685 0.000379304 0.000332512 0.000196579 0.000115012 0.000114129 0.000128967 0.000312217 0.000114022 0.000164378 0.000230622 0.000186232 9.28761e-05 9.22576e-05 0.00010586 8.27715e-05
threshold=272.82356450000003 85.299518965764761 286.51424600000001 19.500000000000004 25.500000000000004 38.640000000000008 122.50000000000001 0.0080270833333333357 0.0037260619224713902 31.450000000000003 1182.5000000000002 7.5650000000000004 1.0000000180025095e-35 99.500000000000014 1010.2500000000001 0.096956810083333358 20.500000000000004 267.90245185000009 48.500000000000007 0.24500000000000002 -0.0030385714285714282 0.0010524140041304349 0.22916666666666669 0.60355339059327384 89.033414029013926 25.846000000000004 27.486000000000008 0.0026330805416666671 7.5000000000000009 24.150000000000002
decision_type=8 2 2 10 2 2 2 2 10 2 2 2 2 2 2 2 2 10 2 2 2 2 2 2 2 2 2 2 2 2
left_child=1 4 7 -4 5 8 -7 22 17 12 -11 -12 13 -2 26 16 -16 -1 -19 -20 -21 -22 -3 24 -24 -26 27 -6 -29 -30
right_child=9 2 3 -5 14 6 -8 -9 -10 10 11 -13 -14 -15 15 -17 -18 18 19 20 21 -23 23 -25 25 -27 -28 28 29 -31
leaf_value=9.6042238238817047e-05 -1.2689151185640562e-05 -1.1406514033258683e-05 8.6480022068038435e-05 0.00051754748703225625 -3.3921721549748802e-06 9.9886041487599721e-06 0.00040983675431925811 0.00023888713541964538 0.00022126462602955148 0 0 0.00025989054530112883 -1.5018038780698976e-05 0.0003526347950628406 0 0.00014306385567793207 0.00011095150283909862 0 0 0 0 0.00013358114510920134 0 0 0.00016432409161343313 0 -1.4733223500248158e-05 0 0 9.2430643611648671e-05
leaf_weight=98 375 285 149 55 886 90 54 55 71 236 66 54 10372 63 1381 61 73 561 177 79 225 99 67 120 62 50 2238 82 52 80
leaf_count=98 375 285 149 55 886 90 54 55 71 236 66 54 10372 63 1381 61 73 561 177 79 225 99 67 120 62 50 2238 82 52 80
internal_value=1.53342e-06 2.11504e-05 8.37641e-05 0.000229047 1.19768e-05 5.49998e-05 0.000196207 2.92847e-05 3.55261e-05 -1.05811e-05 4.15291e-05 0.000122823 -1.27634e-05 2.91515e-05 0 1.62514e-05 7.40011e-06 2.06803e-05 9.75081e-06 2.61108e-05 4.10696e-05 5.55767e-05 6.23126e-07 2.8756e-05 6.05079e-05 0.000104567 -8.71884e-06 0 3.20202e-05 6.03927e-05
internal_weight=18316 7150 843 204 6307 1454 144 639 1310 11166 356 120 10810 438 4853 1515 1454 1239 1141 580 403 324 584 299 179 112 3338 1100 214 132
internal_count=18316 7150 843 204 6307 1454 144 639 1310 11166 356 120 10810 438 4853 1515 1454 1239 1141 580 403 324 584 299 179 112 3338 1100 214 132
is_linear=0
shrinkage=0.05


Tree=13
num_leaves=31
num_cat=0
split_feature=103 122 133 43 81 67 114 43 67 93 93 85 131 131 84 96 117 21 120 117 73 114 138 100 140 116 28 189 98 59
split_gain=0.00162477 0.00145205 0.00234312 0.00112062 0.00144672 0.00168216 0.000609623 0.000630835 0.00063576 0.000603209 0.00156281 0.000465117 0.000449041 0.00241828 0.000303791 0.000530112 0.000270577 0.000313233 0.000327212 0.000221531 0.000193704 0.000177775 0.000242222 0.00014015 0.000137307 0.000106668 9.95361e-05 9.40874e-05 0.000136047 0.000204632
threshold=1531.0000000000002 10.500000000000002 87.815000000000012 0.35050000000000003 45.650000000000013 7.7500000000000009 29.350000000000005 0.36750000000000005 4.8500000000000005 270.52827110000004 273.12710310000006 285.04572020000006 33.15434016127945 32.789184554052362 10.650000000000004 34.612500000000004 0.8500000000000002 0.5902777777777779 269.42319360000005 1.0000000180025095e-35 31.450000000000003 33.650000000000013 3.7250000000000005 -0.40000000000003405 17.960000000000004 293.76405065000006 31.700000000000003 25.850000000000005 1.9000000000000004 3.9786500000000005
decision_type=2 2 2 2 2 2 2 2 2 2 2 2 2 2 2 2 2 2 10 2 2 2 2 2 2 2 2 10 2 2
left_child=1 11 3 16 6 -6 -5 -8 -9 -10 -11 19 13 14 -2 20 25 18 -18 21 -16 -1 -23 24 -21 -3 -27 -26 29 -29
right_child=12 2 -4 4 5 -7 7 8 9 10 -12 -13 -14 -15 15 -17 17 -19 -20 23 -22 22 -24 -25 27 26 -28 28 -30 -31
leaf_value=-1.6373309801420151e-05 -1.1606185732693128e-05 -1.9715733413009593e-06 0.00035034275743727811 0 0.00047149810609831058 5.1354114570997251e-05 0 0 0 0.00040055928392564074 8.5790275891379583e-06 0.00013091677250045132 -1.3224475287353087e-05 0.00033246276895091613 0.00021077084126062056 0 0.00017131722380575164 0 0 0 0 0.00011637120847533983 0 0 0 4.1212932385428391e-05 0 0 0 0.00016710607158940599
leaf_weight=2460 932 1271 65 433 54 104 213 70 72 76 81 65 10313 57 54 158 87 104 83 226 51 52 210 237 107 304 153 65 87 72
leaf_count=2460 932 1271 65 433 54 104 213 70 72 76 81 65 10313 57 54 158 87 104 83 226 51 52 210 237 107 304 153 65 87 72
internal_value=1.56954e-06 2.1291e-05 4.59349e-05 3.78419e-05 7.92668e-05 0.000228456 4.88224e-05 8.58278e-05 0.000133617 0.000173775 0.000231307 0 -9.51129e-06 1.70707e-05 0 4.89975e-05 1.24944e-05 5.97465e-05 0.000101588 -2.99779e-06 0.000135948 -1.09669e-05 2.06532e-05 1.80122e-05 3.30174e-05 2.07982e-06 2.42442e-05 5.35367e-05 7.26265e-05 0.000105188
internal_weight=18316 6751 3170 3105 1103 158 945 512 299 229 157 3581 11565 1252 1195 263 2002 274 170 3516 105 2722 262 794 557 1728 457 331 224 137
internal_count=18316 6751 3170 3105 1103 158 945 512 299 229 157 3581 11565 1252 1195 263 2002 274 170 3516 105 2722 262 794 557 1728 457 331 224 137
is_linear=0
shrinkage=0.05


Tree=14
num_leaves=31
num_cat=0
split_feature=120 133 61 85 93 139 119 120 27 28 171 171 117 134 96 137 88 80 30 104 135 28 81 185 30 122 16 14 93 85
split_gain=0.0015192 0.00187955 0.00152945 0.00265081 0.000557621 0.000602401 0.000867771 0.000529451 0.000750084 0.000501812 0.000366424 0.00242711 0.000296071 0.000230058 0.000177984 0.000828018 0.000171843 0.00038795 0.00031806 0.000475546 0.000157611 0.000169648 0.000112005 9.8571e-05 8.55036e-05 0.000167214 0.000224909 0.000229064 6.98055e-05 0.000172862
threshold=272.82356450000003 88.200000000000003 153.20000000000002 278.86104370000004 265.56615115000005 83.777273392101407 6.6500000000000012 267.94964055000008 1469.7500000000002 39.45000000000001 0.0052449395000000046 0.0069050270000000019 1.2500000000000002 6.6000000000000005 49.625000000000007 1.5450000000000002 31.437500000000007 27.237500000000008 -1.4371428571428571 1.2500000000000004 13.570000000000002 9.0500000000000025 41.650000000000013 0.0008080081819364913 -1.5699999999999987 7.5000000000000009 4.6050000000000013 0.020693614500000002 270.45069175000009 278.2388054000001
decision_type=8 2 2 2 2 2 10 10 2 2 2 2 2 2 2 2 2 2 2 2 2 2 2 10 2 2 2 2 2 2
left_child=1 2 3 9 23 12 7 8 -7 -1 16 -12 14 -14 28 -16 -2 18 -18 -20 -15 -22 -8 -4 -25 -26 27 -27 -6 -30
right_child=10 -3 4 -5 5 6 22 -9 -10 -11 11 -13 13 20 15 -17 17 -19 19 -21 21 -23 -24 24 25 26 -28 -29 29 -31
leaf_value=1.7037602072733008e-07 -1.494088088822021e-05 0.00028039450507517168 -1.5215982853388378e-05 0.00034746559774383916 -1.2924448912384203e-06 3.0959056069453503e-06 0 0 0.00040000533524731769 0.00018494210582503003 0.00034489717288697317 0 0 0 0 0.00022436627579914856 0 -8.6921285357147485e-06 0 0.00023733830720416068 0.00020333467405390156 4.0285841320925807e-05 5.7316188425419004e-05 -3.9289689910462199e-06 0 0 0 0.00017093542933434947 0 9.4145990050866892e-05
leaf_weight=378 9034 70 1525 93 2366 53 212 60 50 50 53 705 86 63 99 50 166 1091 67 50 51 278 92 904 187 52 130 59 175 67
leaf_count=378 9034 70 1525 93 2366 53 212 60 50 50 53 705 86 63 99 50 166 1091 67 50 51 278 92 904 187 52 130 59 175 67
internal_value=1.62663e-06 1.98515e-05 1.65301e-05 9.99203e-05 9.12982e-06 2.22523e-05 7.75971e-05 0.000173941 0.000245841 3.37917e-05 -9.5964e-06 2.16496e-05 1.26961e-05 5.02488e-05 4.35662e-06 5.75794e-05 -1.23542e-05 1.01512e-06 5.59422e-05 0.00011946 6.73866e-05 8.1252e-05 9.14472e-06 -6.12617e-06 5.33385e-07 2.16007e-05 5.05426e-05 0.000102664 0 2.64933e-05
internal_weight=18316 7150 7080 521 6559 3702 467 163 103 428 11166 758 3235 478 2757 149 10408 1374 283 117 392 329 304 2857 1332 428 241 111 2608 242
internal_count=18316 7150 7080 521 6559 3702 467 163 103 428 11166 758 3235 478 2757 149 10408 1374 283 117 392 329 304 2857 1332 428 241 111 2608 242
is_linear=0
shrinkage=0.05


Tree=15
num_leaves=31
num_cat=0
split_feature=117 114 128 28 131 33 124 36 21 85 86 2 141 172 140 51 102 138 112 18 170 62 85 93 2 164 77 114 30 99
split_gain=0.00151609 0.00144281 0.00132255 0.00109688 0.000428406 0.00166866 0.00371763 0.000604156 0.00144707 0.000358204 0.000355092 0.000384898 0.000305453 0.000250745 0.000227314 0.00031645 0.000223597 0.000201384 0.000126698 0.00033497 0.000111759 9.39692e-05 0.000130784 9.32196e-05 7.96149e-05 7.6709e-05 6.35857e-05 9.14009e-05 5.6158e-05 4.68336e-05
threshold=0.8500000000000002 35.45000000000001 8.6631100625819304 10.250000000000002 33.15434016127945 -0.99790899713717818 -0.5 275.28927080000011 0.39583333333333343 278.52408990000009 8.5000000000000018 0.0010573005000000001 38.640000000000008 3.5000000000000004 15.640000000000002 115.50000000000001 1.4000000000000015 4.785000000000001 290.13765085000006 0.0040083333333333342 0.57140567776110451 35.850000000000001 276.41383115000002 271.26528465000007 0.048280649000000009 0.53472222222222232 279.66177020000003 32.650000000000013 -1.2600000000000007 -0.64999999999997715
decision_type=2 2 2 2 2 2 2 2 2 2 2 2 2 10 2 2 2 2 2 2 2 2 2 2 2 2 2 2 2 2
left_child=1 4 -2 -3 5 6 -1 24 -9 26 11 23 18 -4 -15 16 17 -16 -11 -20 21 22 -12 -5 -7 -25 27 -6 -19 -29
right_child=2 3 13 10 9 7 -8 8 -10 12 20 -13 -14 14 15 -17 -18 28 19 -21 -22 -23 -24 25 -26 -27 -28 29 -30 -31
leaf_value=0.00051792826374786759 0.000318370083145882 0.00028276675772874368 0 0 -1.3144732882733042e-05 -1.8060511439697359e-05 0 0.00023803399487750825 0 0 9.7776853735590368e-05 0.00017450167740491908 0.00011906401139152345 0 0.0002208984867517823 0 0 6.9866318074589628e-05 0.00015076159588038447 0 -2.4849112989441564e-07 0 0 7.3277764414696225e-05 1.1459267803449896e-05 0 0 0 0 3.1243969634342374e-05
leaf_weight=51 54 54 172 186 11731 1192 76 86 216 470 88 95 81 137 81 183 68 140 50 71 485 53 63 143 64 57 1849 155 55 130
leaf_count=51 54 54 172 186 11731 1192 76 86 216 470 88 95 81 137 81 183 68 140 50 71 485 53 63 143 64 57 1849 155 55 130
internal_value=1.26485e-06 -1.70544e-06 6.50375e-05 5.01977e-05 -5.93275e-06 1.69305e-05 0.0001907 0 6.57969e-05 -8.92776e-06 3.49616e-05 6.92197e-05 2.44958e-05 4.23394e-05 5.65591e-05 7.14511e-05 0.00010053 0.000120853 2.90952e-06 5.13551e-05 3.73349e-06 3.75457e-05 5.87091e-05 3.00045e-05 -1.25707e-05 5.37848e-05 -1.091e-05 -1.22707e-05 5.28701e-05 6.14405e-06
internal_weight=18336 17446 890 1224 16222 1685 127 1558 302 14537 1170 481 672 836 664 527 344 276 591 121 689 204 151 386 1256 200 13865 12016 195 285
internal_count=18336 17446 890 1224 16222 1685 127 1558 302 14537 1170 481 672 836 664 527 344 276 591 121 689 204 151 386 1256 200 13865 12016 195 285
is_linear=0
shrinkage=0.05


Tree=16
num_leaves=31
num_cat=0
split_feature=117 114 128 29 138 131 33 115 36 21 120 116 48 43 96 30 172 140 53 59 102 30 170 62 119 112 131 2 139 112
split_gain=0.00139742 0.00132189 0.00117749 0.00100254 0.00140211 0.000389533 0.00148988 0.00348772 0.00054155 0.00130947 0.000314696 0.000280236 0.000402126 0.000896295 0.00023686 0.000320689 0.000235241 0.000212985 0.000284581 0.00027328 0.000364262 0.000182373 0.00016047 0.000118336 0.000137061 0.000109008 7.80814e-05 7.42353e-05 6.12477e-05 0.000270328
threshold=0.8500000000000002 35.45000000000001 8.6631100625819304 25.400000000000002 5.3400000000000007 33.15434016127945 -0.99790899713717818 6.8500000000000005 275.28927080000011 0.39583333333333343 271.27051020000005 292.09952675000005 99.500000000000014 0.35250000000000004 45.487500000000004 -1.4871428571428555 3.5000000000000004 17.960000000000004 78.500000000000014 3.9347500000000006 1.4000000000000015 -0.75571428571428712 0.57140567776110451 35.850000000000001 14.15 282.87418360000009 167.97607950890048 0.048280649000000009 83.777273392101407 291.23220875000004
decision_type=2 2 2 2 2 2 2 2 2 2 10 2 2 2 2 2 10 2 2 2 2 2 2 2 10 2 2 2 2 2
left_child=1 5 -2 4 -3 6 7 -1 27 -10 22 25 -13 -14 15 -12 -4 -18 19 -19 21 26 23 24 -5 -7 -21 -8 -27 -30
right_child=2 3 16 10 -6 11 8 -9 9 -11 14 12 13 -15 -16 -17 17 18 -20 20 -22 -23 -24 -25 -26 28 -28 -29 29 -31
leaf_value=0 0.00030274100070395933 0.00039604488709729224 0 0.00013692945391669906 0 -1.2358373028340306e-05 -1.7158242871224208e-05 0.00049776679035298571 0.00022626909730614239 0 0 0 0 0.00026243894034682768 0 0.00018209674418967855 0 0 0 0.00023141684924042898 0 0 -1.8363639711271311e-06 0 0 -3.4784463848556567e-06 1.1072535549332762e-06 1.0895120038185265e-05 0 0.00012438209149247714
leaf_weight=76 54 50 172 55 70 11455 1192 51 86 216 102 594 135 50 119 90 156 64 176 101 59 54 588 57 93 2020 54 64 232 51
leaf_count=76 54 50 172 55 70 11455 1192 51 86 216 102 594 135 50 119 90 156 64 176 101 59 54 588 57 93 2020 54 64 232 51
internal_value=1.29536e-06 -1.5448e-06 6.25198e-05 4.81238e-05 0.000192722 -5.60339e-06 1.61567e-05 0.000180382 0 6.24189e-05 2.77216e-05 -8.47049e-06 1.84853e-05 8.26915e-05 7.21381e-05 0.000107148 4.06862e-05 5.44783e-05 7.01683e-05 9.82972e-05 0.00012042 0.000151365 3.93612e-06 4.46937e-05 6.88998e-05 -1.03614e-05 0.000183753 -1.17435e-05 0 2.1285e-05
internal_weight=18336 17446 890 1224 120 16222 1685 127 1558 302 1104 14537 779 185 311 192 836 664 508 332 268 209 793 205 148 13758 155 1256 2303 283
internal_count=18336 17446 890 1224 120 16222 1685 127 1558 302 1104 14537 779 185 311 192 836 664 508 332 268 209 793 205 148 13758 155 1256 2303 283
is_linear=0
shrinkage=0.05


Tree=17
num_leaves=31
num_cat=0
split_feature=114 28 168 131 75 49 133 62 77 101 134 96 173 136 185 180 33 134 92 67 141 73 122 164 184 75 170 175 120 90
split_gain=0.0012766 0.00143441 0.00160747 0.000673655 0.00140117 0.00506898 0.00217239 0.000427685 0.000424595 0.000279271 0.000331588 0.000615248 0.000529835 0.000739314 0.000264761 0.000264058 0.000351813 0.000363565 0.000252728 0.000270354 0.000221363 0.000582589 0.000135633 0.000106852 8.36797e-05 8.14984e-05 7.89081e-05 7.45e-05 7.4026e-05 7.06006e-05
threshold=33.050000000000004 10.250000000000002 2.5398125000000002e-05 33.15434016127945 12.450000000000001 986.1500000000002 88.200000000000003 22.850000000000005 278.92123215000009 -0.76270560000000376 8.8100000000000023 38.662500000000009 11.500000000000002 0.115 0.0011418192087484637 0.22916666666666669 0.34385591786957154 5.4450000000000012 13.550000000000002 14.350000000000003 38.640000000000008 14.850000000000003 12.500000000000002 0.53472222222222232 240.70000000000002 13.750000000000002 0.98849310097300624 9.5000000000000018 270.50879470000007 19.560204081632659
decision_type=2 2 2 2 2 2 2 2 2 2 2 2 10 2 10 2 2 2 2 2 2 2 2 2 2 2 2 8 8 2
left_child=3 2 -2 4 27 6 14 9 28 -3 11 -11 13 -13 -6 20 -17 -18 -16 -20 -10 -22 -19 -24 26 -15 -12 29 -5 -1
right_child=1 7 -4 8 5 -7 -8 -9 15 10 24 12 -14 25 18 16 17 22 19 -21 21 -23 23 -25 -26 -27 -28 -29 -30 -31
leaf_value=0 0 0 0.00042260289206477063 0 -1.3657232170705844e-05 0.00055201541595495125 0.00035002875193346407 0 -8.3069271146039344e-06 0 5.3346522752804051e-05 0 0 9.6652916598376012e-05 0 0 0.00018733464475180372 0 0.00015582559327459677 0 0.00019131117546259283 0 0.0001205574723092562 0 0 0.00039261261740238321 0 -1.7771018653118942e-05 -1.2603148493880469e-05 5.889745328134337e-05
leaf_weight=135 62 343 52 1714 413 53 50 657 1545 74 207 57 84 73 92 600 70 182 77 62 51 168 57 98 204 50 71 807 10177 51
leaf_count=135 62 343 52 1714 413 53 50 657 1545 74 207 57 84 73 92 600 70 182 77 62 51 168 57 98 204 50 71 807 10177 51
internal_value=1.3543e-06 3.99469e-05 0.000217631 -2.89359e-06 2.59401e-05 7.8434e-05 3.43307e-05 2.59581e-05 -6.65793e-06 4.44153e-05 6.03928e-05 0.000103592 0.000139758 0.000189513 1.56332e-06 1.0048e-05 3.05377e-05 6.67808e-05 5.02691e-05 9.32769e-05 0 4.50618e-05 2.64669e-05 6.07564e-05 1.95957e-05 0.00025948 3.76109e-05 -8.55833e-06 -1.09719e-05 4.55615e-06
internal_weight=18336 1934 114 16402 1740 747 694 1820 14662 1163 820 338 264 180 644 2771 1007 407 231 139 1764 219 337 155 482 123 278 993 11891 186
internal_count=18336 1934 114 16402 1740 747 694 1820 14662 1163 820 338 264 180 644 2771 1007 407 231 139 1764 219 337 155 482 123 278 993 11891 186
is_linear=0
shrinkage=0.05


Tree=18
num_leaves=31
num_cat=0
split_feature=117 114 128 74 138 133 56 142 100 164 124 2 47 103 163 10 120 96 95 103 170 100 32 44 114 120 81 81 175 83
split_gain=0.00124042 0.00114293 0.000958919 0.000939536 0.000850523 0.000333731 0.00107247 0.00091398 0.00133334 0.000236854 0.00023652 0.00148128 0.0032345 0.000811541 0.000229971 0.000225642 0.00022689 0.000181801 0.000137582 0.00024852 0.000131281 0.000129101 9.12736e-05 9.08747e-05 7.09096e-05 6.46415e-05 9.79427e-05 4.60325e-05 3.94878e-05 3.69213e-05
threshold=0.8500000000000002 35.45000000000001 8.6631100625819304 15.235714285714289 3.7550000000000003 79.440000000000012 0.9913083500000256 779.97322007526816 -5.0499999999999536 0.31250000000000006 -0.78656609248549325 0.0059917800000000012 34.500000000000007 675.05000000000007 0.49305555555555564 9.7050000000000018 268.51957785000008 46.362500000000018 2.5000000000000004 836.30000000000007 0.52486599134029055 3.1499999999999777 4.7500000000000009 687.50000000000011 29.750000000000004 271.15201790000009 36.050000000000004 45.650000000000013 1.5000000000000002 21.550000000000004
decision_type=2 2 2 2 2 2 2 2 2 2 2 2 2 2 2 2 10 2 2 2 2 2 2 2 2 10 2 2 8 2
left_child=1 5 -2 4 -3 10 18 8 -8 -4 11 13 -13 -1 15 16 -11 21 -7 -20 23 22 -6 -5 27 -26 -27 28 -12 -16
right_child=2 3 9 20 17 6 7 -9 -10 14 24 12 -14 -15 29 -17 -18 -19 19 -21 -22 -23 -24 -25 25 26 -28 -29 -30 -31
leaf_value=0.00019025461252917574 0.00027820788544010035 0.00028444951443077574 0 8.0188222887994884e-05 0 -1.0149369658621935e-05 0 0 0.00030039354835688912 0.00017668661610725526 0 0.00047664559171747758 0 -7.6003114348818448e-06 2.3043905804225405e-05 0 1.235862680767886e-05 0 0 0.00011630958172440109 0 0 0.00013208822967438513 0 -4.6667320709754569e-06 0 7.3559532025094192e-05 0 -1.3912140900276645e-05 0
leaf_weight=51 54 71 194 90 67 1287 76 198 95 111 493 51 75 2771 231 50 123 97 59 61 633 70 119 77 1022 117 70 359 9437 127
leaf_count=51 54 71 194 90 67 1287 76 198 95 111 493 51 75 2771 231 50 123 97 59 61 633 70 119 77 1022 117 70 359 9437 127
internal_value=1.38121e-06 -1.27772e-06 5.90569e-05 4.48896e-05 0.000106136 -5.07195e-06 1.4417e-05 9.07087e-05 0.000176024 3.8612e-05 -7.81486e-06 3.58877e-06 0.000171324 -2.18733e-06 5.34939e-05 9.14607e-05 0.000112006 5.54447e-05 -2.09031e-06 4.23904e-05 6.09494e-06 7.74782e-05 9.98794e-05 4.61595e-05 -1.11735e-05 0 2.72229e-05 -1.25198e-05 -1.31909e-05 9.2766e-06
internal_weight=18336 17446 890 1224 424 16222 1776 369 171 836 14446 2948 126 2822 642 284 234 353 1407 120 800 256 186 167 11498 1209 187 10289 9930 358
internal_count=18336 17446 890 1224 424 16222 1776 369 171 836 14446 2948 126 2822 642 284 234 353 1407 120 800 256 186 167 11498 1209 187 10289 9930 358
is_linear=0
shrinkage=0.05


Tree=19
num_leaves=31
num_cat=0
split_feature=117 114 43 52 174 128 129 2 100 112 99 101 164 163 179 6 93 90 17 84 100 116 81 140 13 6 126 41 189 83
split_gain=0.00114125 0.00105072 0.000887234 0.000869388 0.00165417 0.000851868 0.000322302 0.000874102 0.00514381 0.000958081 0.00121203 0.000252879 0.000221358 0.00020785 0.000243289 0.000249496 0.000225355 0.000142928 9.52993e-05 8.49592e-05 0.000199191 7.8969e-05 0.000119721 0.00023536 7.76268e-05 0.000145978 0.000274358 7.6266e-05 3.53679e-05 4.89372e-05
threshold=0.8500000000000002 35.45000000000001 0.35050000000000003 6.5000000000000009 4.5000000000000009 8.6631100625819304 7.5000000000000009 0.0059917800000000012 5.1499999999999782 288.93350135000009 -0.80000000000001126 -0.72291699999996684 0.31250000000000006 0.49305555555555564 -0.0014928104297619049 0.00035902777777777783 266.67363025000003 27.552040816326535 0.14240000000000003 10.750000000000002 -2.8500000000000223 294.04448480000002 37.750000000000007 33.835000000000001 0.0029375659652777783 0.0098243055555555566 58.500000000000007 47.500000000000007 26.600000000000005 21.350000000000005
decision_type=2 2 2 2 10 2 2 2 2 2 2 2 2 2 10 2 2 2 2 2 2 2 2 2 2 2 2 2 10 2
left_child=1 6 18 -4 -5 -2 21 9 -9 19 11 -11 -7 14 -14 -16 -17 -6 -3 -8 -21 24 -23 -24 -1 26 -26 -20 -15 -30
right_child=5 2 3 4 17 12 7 8 -10 10 -12 -13 13 28 15 16 -18 -19 27 20 -22 22 23 -25 25 -27 -28 -29 29 -31
leaf_value=-1.0917716156465358e-05 0.0002645504023583437 0 0 0.00037063091094892886 8.3441884679814394e-05 0 -1.1325921012190065e-05 0 0.00054177428797629555 0.00011540242554403057 0.00031678750607870131 0 0 0 0 0 0.00021173526182189634 0 0 0 8.8845553175666129e-05 0 0 0.00012650438275988818 0.0001033917504740346 -5.980693199819045e-06 0 8.5223675531100507e-05 3.9610336992558325e-05 0
leaf_weight=11114 54 656 184 76 79 194 2660 207 51 50 51 171 82 124 61 53 88 74 93 273 66 220 68 56 94 986 155 62 150 84
leaf_count=11114 54 656 184 76 79 194 2660 207 51 50 51 171 82 124 61 53 88 74 93 273 66 220 68 56 94 986 155 62 150 84
internal_value=1.4106e-06 -1.12796e-06 4.31292e-05 0.000103887 0.00016993 5.67293e-05 -4.77796e-06 7.86284e-06 9.63322e-05 0 9.04885e-05 1.45514e-05 3.70317e-05 5.14367e-05 8.77533e-05 0.000117505 0.000155343 3.6009e-05 5.94105e-06 -7.29919e-06 9.5315e-06 -8.68668e-06 8.42507e-06 5.08952e-05 -9.56885e-06 0 3.63121e-05 4.13637e-05 8.53521e-06 2.20804e-05
internal_weight=18336 17446 1224 413 229 890 16222 3529 258 3271 272 221 836 642 284 202 141 153 811 2999 339 12693 344 124 12349 1235 249 155 358 234
internal_count=18336 17446 1224 413 229 890 16222 3529 258 3271 272 221 836 642 284 202 141 153 811 2999 339 12693 344 124 12349 1235 249 155 358 234
is_linear=0
shrinkage=0.05


Tree=20
num_leaves=31
num_cat=0
split_feature=85 53 44 119 117 128 121 169 104 168 112 67 164 44 81 75 124 22 118 33 139 117 137 141 185 160 163 21 51 173
split_gain=0.00125043 0.00160368 0.00269422 0.000842493 0.000531421 0.000605732 0.000359474 0.000509633 0.00102972 0.00146395 0.000199874 0.000271245 0.000177481 0.000175346 0.000197819 0.000336817 0.000174737 0.000284824 0.00117489 0.000130956 0.000314504 9.88995e-05 0.000144263 9.62012e-05 6.36278e-05 6.68884e-05 5.1344e-05 0.00011229 0.000190083 0.00023868
threshold=280.17666835000006 206.50000000000003 727.50000000000011 6.5500000000000007 0.25000000000000006 8.451898608804397 0.15000000000000005 0.0011362195624999999 1.2500000000000004 0.0016903416458333338 281.62716020000005 15.750000000000002 0.31250000000000006 307.50000000000006 34.95000000000001 17.850000000000005 -0.5 1.0000000180025095e-35 15.250000000000002 0.90660710721964499 24.166557320556855 1.0000000180025095e-35 0.03500000000000001 33.720000000000006 0.00075255927121495954 0.02247448979591837 0.53472222222222232 0.49305555555555564 354.50000000000006 43.000000000000007
decision_type=2 2 2 10 2 2 10 2 2 2 2 2 2 2 2 2 2 2 8 2 2 2 2 2 10 2 2 2 2 10
left_child=4 3 -3 -2 6 -6 16 -8 -9 -10 -7 12 -12 -14 -15 23 17 18 -1 24 -21 -18 -23 -16 -19 -26 27 28 29 -27
right_child=1 2 -4 -5 5 10 7 8 9 -11 11 -13 13 14 15 -17 21 19 -20 20 -22 22 -24 -25 25 26 -28 -29 -30 -31
leaf_value=0.00026723114890046421 0.00019085348584533624 0.00050461524249376967 0 0 0.00020479180416208142 0 0 0 0.00034067042410058186 0 0 0 0 0 1.8640136793846078e-05 0 -1.2263743376847757e-05 -9.9326606873556912e-06 0 0 0.00012285968015983572 7.5716203769728065e-05 0 0.00024083567278770113 -6.5881438677300167e-06 0.00010712828111711915 0 0 0 0
leaf_weight=50 67 52 53 521 52 530 1052 399 68 97 87 318 69 66 70 61 8903 2416 130 177 68 62 842 68 956 139 353 384 117 67
leaf_count=50 67 52 53 521 52 530 1052 399 68 97 87 318 69 66 70 61 8903 2416 130 177 68 62 842 68 956 139 353 384 117 67
internal_value=1.09418e-06 6.70674e-05 0.000252538 2.50863e-05 -1.22297e-06 2.88235e-05 -3.96974e-06 1.7578e-05 5.60296e-05 0.000161842 1.75202e-05 3.46707e-05 6.0949e-05 7.74854e-05 9.59657e-05 0.000121331 -6.68632e-06 9.38753e-08 6.24019e-05 -1.24812e-06 3.22126e-05 -1.05537e-05 7.57351e-07 0.000165044 -4.23257e-06 1.21094e-07 1.08851e-05 1.89436e-05 4.06277e-05 6.98517e-05
internal_weight=18294 693 105 588 17601 1321 16280 1616 564 165 1269 739 421 334 265 199 14664 4857 180 4677 245 9807 904 138 4432 2016 1060 707 323 206
internal_count=18294 693 105 588 17601 1321 16280 1616 564 165 1269 739 421 334 265 199 14664 4857 180 4677 245 9807 904 138 4432 2016 1060 707 323 206
is_linear=0
shrinkage=0.05


Tree=21
num_leaves=31
num_cat=0
split_feature=85 138 49 114 43 93 176 51 84 115 111 101 33 43 74 86 99 164 164 171 128 187 75 87 35 75 164 12 137 137
split_gain=0.00114542 0.0013452 0.00334352 0.000481 0.000590148 0.000879274 0.00156427 0.000389084 0.000282713 0.0006489 0.000367908 0.000269897 0.000151242 0.00176063 0.00263025 0.000115842 0.000145469 0.000151959 0.000142452 0.000252508 0.000225273 8.75596e-05 0.000175124 5.87379e-05 4.245e-05 7.26602e-05 0.000133701 2.9476e-05 2.90275e-05 2.85105e-05
threshold=280.17666835000006 4.5600000000000014 993.1500000000002 30.150000000000002 0.38150000000000006 269.88630525000002 13.500000000000002 9.5000000000000018 7.0500000000000016 5.9500000000000011 8.0500000000000025 -2.2617705500000223 -0.99705243031385404 0.32950000000000007 22.050000000000008 9.5000000000000018 1.0000000180025095e-35 0.31250000000000006 0.53472222222222232 -0.0048370504999999996 9.5327839179140224 0.20530498877576867 11.950000000000001 1.5000000000000002 278.87102275000007 15.550000000000002 0.40972222222222227 0.12625775600000003 6.0000000000000009 18.300000000000004
decision_type=2 2 2 2 2 2 10 2 2 2 2 2 2 2 2 2 2 2 2 2 2 2 2 2 2 2 2 2 2 2
left_child=3 2 7 8 15 -6 -7 -2 12 -10 11 -11 13 14 -1 16 17 -5 19 20 -19 22 -3 27 25 -17 -27 29 -15 -14
right_child=1 21 -4 4 5 6 -8 -9 9 10 -12 -13 23 28 -16 24 -18 18 -20 -21 -22 -23 -24 -25 -26 26 -28 -29 -30 -31
leaf_value=0 0.00012210740731033559 0 0.00051835019934279205 0 0 0.00040408142093356761 8.3944248436061529e-06 -7.6848538245779764e-06 0.00014663258082873654 0.00014183366983979795 -6.7614855925894373e-07 0 -1.1971947643121959e-05 -1.2105190724541775e-05 0.00046301940373143902 0 0 0.00020513317406766876 0 1.3899833840099081e-06 0 0 0.00011619716163099215 0 -8.0364899666995411e-06 8.1406431545257794e-05 0 0 0 0
leaf_weight=61 67 83 53 170 185 50 108 84 84 79 2282 95 10298 1079 50 210 328 63 222 200 77 356 50 453 1011 83 93 210 52 58
leaf_count=61 67 83 53 170 185 50 108 84 84 79 2282 95 10298 1079 50 210 328 63 222 200 77 356 50 453 1011 83 93 210 52 58
internal_value=1.11511e-06 6.42557e-05 0.000173859 -1.09036e-06 1.7528e-05 8.04457e-05 0.000166812 1.74348e-05 -4.95126e-06 9.33057e-06 2.5418e-06 7.30792e-05 -8.31819e-06 5.82804e-06 0.00019726 6.68132e-06 1.94003e-05 3.22635e-05 4.50557e-05 6.63023e-05 0.000122906 8.06622e-06 4.32608e-05 -1.03668e-05 0 1.02633e-05 3.54483e-05 -1.12238e-05 -8.70044e-06 -1.16466e-05
internal_weight=18294 693 204 17601 2800 343 158 151 14801 2540 2456 174 12261 1242 111 2457 1060 732 562 340 140 489 133 11019 1397 386 176 10566 1131 10356
internal_count=18294 693 204 17601 2800 343 158 151 14801 2540 2456 174 12261 1242 111 2457 1060 732 562 340 140 489 133 11019 1397 386 176 10566 1131 10356
is_linear=0
shrinkage=0.05


Tree=22
num_leaves=31
num_cat=0
split_feature=114 94 107 14 52 120 133 187 124 22 83 88 140 133 50 44 174 126 59 77 120 185 128 14 174 118 180 23 84 142
split_gain=0.000935138 0.00138255 0.000567177 0.000553818 0.00163822 0.000365171 0.000642961 0.000772833 0.000231477 0.00152595 0.00263349 0.000213492 0.000313398 0.000375159 0.000681463 0.000422031 0.000249296 0.000174202 0.000163887 0.000113609 9.23107e-05 0.000140817 0.000193002 0.000220452 5.70549e-05 0.000148297 4.85172e-05 6.23836e-05 3.53943e-05 3.40923e-05
threshold=29.350000000000005 4.5000000000000009 14.550000000000002 0.061309237500000009 8.5000000000000018 268.60873410000005 79.980000000000004 0.18607012811482357 -0.78656609248549325 1.0000000180025095e-35 13.750000000000002 31.762500000000006 30.730000000000004 50.070000000000007 1017.5500000000001 1182.5000000000002 6.5000000000000009 25.500000000000004 7.2958000000000007 286.25901310000006 274.65472475000007 0.00083570286813186838 9.6877539620773927 0.017110612000000004 3.5000000000000004 24.750000000000004 0.18750000000000003 22.489583333333336 13.650000000000004 763.27923836001742
decision_type=2 2 2 2 2 8 2 2 2 2 2 2 2 2 2 2 8 2 2 2 8 10 2 2 8 10 2 2 2 2
left_child=5 -2 3 11 -5 6 17 -8 9 10 -7 -3 24 14 -14 26 -16 -1 -17 -9 21 -11 23 -23 25 -13 -15 29 -10 -28
right_child=1 2 -4 4 -6 8 7 19 28 20 -12 12 13 15 16 18 -18 -19 -20 -21 -22 22 -24 -25 -26 -27 27 -29 -30 -31
leaf_value=6.9268346274979056e-05 0.00025100857858654179 0 -8.5980737214914661e-06 0 0.00033966363182838093 0.00045247815469373761 0.00022324963531355027 0 -1.1575316966602488e-05 0 0 0.00010129799951363228 0 -1.3213087515088165e-06 0.00031318529551989979 0 2.3091293573492694e-05 0 0.00015660206812132926 6.950371768228555e-05 -8.8884417469888745e-06 0 0 0.00012068992526371521 0 0 6.8234019772950351e-05 0 0 0
leaf_weight=90 69 343 1022 65 57 50 79 139 9780 396 59 50 92 312 53 52 62 1656 81 59 1912 57 204 100 679 154 77 194 298 53
leaf_count=90 69 343 1022 65 57 50 79 139 9780 396 59 50 92 312 53 52 62 1656 81 59 1912 57 204 100 679 154 77 194 298 53
internal_value=1.16281e-06 2.49628e-05 1.87339e-05 3.29024e-05 0.000145278 -3.965e-06 1.49883e-05 8.61021e-05 -7.33729e-06 4.19094e-06 0.000187273 2.43436e-05 3.14459e-05 5.17137e-05 0.000120162 2.66632e-05 0.000201438 8.01362e-07 0.000109315 5.40908e-06 -1.48068e-06 1.06203e-05 3.47659e-05 7.6309e-05 3.35416e-06 2.7282e-05 1.38533e-06 1.93724e-05 -1.10112e-05 4.60607e-05
internal_weight=18294 3415 3346 2324 122 14879 2023 277 12856 2778 109 2202 1859 976 207 769 115 1746 133 198 2669 757 361 157 883 204 636 324 10078 130
internal_count=18294 3415 3346 2324 122 14879 2023 277 12856 2778 109 2202 1859 976 207 769 115 1746 133 198 2669 757 361 157 883 204 636 324 10078 130
is_linear=0
shrinkage=0.05


Tree=23
num_leaves=31
num_cat=0
split_feature=85 53 44 119 114 86 14 137 61 49 84 14 46 118 122 67 75 120 85 137 56 55 180 75 89 81 101 107 133 84
split_gain=0.000995275 0.0013542 0.00231803 0.000729665 0.000400245 0.00045291 0.000500573 0.000247493 0.000804522 0.00346945 0.000504675 0.000848237 0.000707662 0.000242166 0.000261303 0.000201457 0.000287938 0.000147113 0.000152533 0.00034766 9.6599e-05 6.70298e-05 8.90167e-05 0.00012573 4.75645e-05 7.07791e-05 4.63101e-05 7.89726e-05 0.000164088 4.47136e-05
threshold=280.17666835000006 206.50000000000003 727.50000000000011 6.5500000000000007 30.150000000000002 9.5000000000000018 0.062282603999999998 0.055000000000000007 2061.4000000000001 976.95000000000016 10.650000000000004 0.020693614500000002 47.500000000000007 25.750000000000004 9.5000000000000018 5.3500000000000005 15.750000000000002 270.15917125000004 276.03224085000005 2.1000000000000005 -6.9684561499999793 5.7210227500000324 0.21527777777777782 15.550000000000002 45.050000000000004 46.650000000000013 -1.5376344500000128 9.9500000000000011 80.660000000000011 4.2500000000000009
decision_type=2 2 2 10 2 2 2 2 2 2 2 2 2 10 2 2 2 8 2 2 2 2 2 2 2 2 2 2 2 2
left_child=4 3 -3 -2 7 6 13 8 10 -10 -1 26 -13 14 -6 -16 20 18 -9 -20 -17 22 23 -7 29 -26 27 -12 -29 -5
right_child=1 2 -4 24 5 21 -8 17 9 -11 11 12 -14 -15 15 16 -18 -19 19 -21 -22 -23 -24 -25 25 -27 -28 28 -30 -31
leaf_value=-1.2080747427171647e-05 0.00017478947674402767 0.00046432204317333565 0 -2.2045209701345589e-05 0 0 0.00019781417040764515 -2.1270427935213287e-06 0 0.00046213681801400889 0 0.00027031601367321967 0 0 0 0 0 -1.0346212369484762e-05 0 0.00012422140940386418 0.00015063213527627672 -8.581470399668651e-06 0 8.5197809548421806e-05 6.8528047694391654e-05 0 -8.1292488902278901e-06 0 0.00011810047801369437 0
leaf_weight=1751 67 52 53 287 131 120 57 1949 151 50 57 66 54 664 87 74 68 9908 407 80 156 1088 270 85 56 86 182 96 50 92
leaf_count=1751 67 52 53 287 131 120 57 1949 151 50 57 66 54 664 87 74 68 9908 407 80 156 1088 270 85 56 86 182 96 50 92
internal_value=1.16014e-06 6.00108e-05 0.000230493 2.07389e-05 -8.76191e-07 1.60832e-05 3.87279e-05 -4.42317e-06 9.18037e-06 0.000104797 0 4.45884e-05 0.000160747 2.66485e-05 5.28509e-05 7.37126e-05 9.32683e-05 -7.53642e-06 1.83976e-06 2.79328e-05 0.0001199 0 1.35488e-05 3.87875e-05 0 2.51887e-05 0 2.25443e-05 4.52591e-05 -8.61174e-06
internal_weight=18294 693 105 588 17601 2800 1237 14801 2457 201 2256 505 120 1180 516 385 298 12344 2436 487 230 1563 475 205 521 142 385 203 146 379
internal_count=18294 693 105 588 17601 2800 1237 14801 2457 201 2256 505 120 1180 516 385 298 12344 2436 487 230 1563 475 205 521 142 385 203 146 379
is_linear=0
shrinkage=0.05


Tree=24
num_leaves=31
num_cat=0
split_feature=114 29 142 117 119 77 122 49 124 22 42 105 121 189 173 42 137 69 179 117 29 69 82 168 120 30 137 24 30 123
split_gain=0.000834173 0.00143078 0.00203449 0.000479909 0.000481777 0.00125407 0.000354988 0.000289074 0.000280256 0.000985593 0.00285496 0.000412381 0.000198032 0.00032381 0.000138338 0.000137312 0.000207928 0.00053367 0.00073943 8.16132e-05 0.000100036 0.000227183 6.03148e-05 3.10074e-05 5.30569e-05 0.000133796 2.88313e-05 2.97179e-05 2.67474e-05 4.7075e-05
threshold=36.650000000000013 25.400000000000002 336.7235080293604 0.25000000000000006 6.6500000000000012 287.89236475000007 20.500000000000004 990.55000000000007 -0.78656609248549325 1.0000000180025095e-35 0.22500000000000003 4.5000000000000009 1.0000000180025095e-35 42.95000000000001 1.0000000180025095e-35 0.59500000000000008 0.025000000000000005 285.67618660000005 -0.00074280864231311293 1.0000000180025095e-35 29.050000000000004 279.65737735000005 25.668000000000003 0.0024317995625000003 274.65472475000007 -1.0785714285714285 18.300000000000004 32.300000000000004 -0.83571428571428708 -0.78656609248549292
decision_type=2 2 2 2 8 2 2 2 2 2 2 2 10 8 8 2 2 2 10 2 2 2 2 2 8 2 2 2 2 2
left_child=3 2 -2 8 5 22 -6 -8 9 10 -1 -11 -3 -14 -13 19 17 -17 -19 26 21 -21 -5 -16 25 -25 27 -10 -18 -30
right_child=1 12 -4 4 6 -7 7 -9 15 11 -12 14 13 -15 23 16 28 18 -20 20 -22 -23 -24 24 -26 -27 -28 -29 29 -31
leaf_value=0.00043900713283924952 0 0 0.00043897477522949449 4.1872857183862344e-05 0 0.00026296758628297157 0 0.00017741400896138316 0 0.00010162295929735592 0 7.4486211569323629e-05 4.3528244420681569e-06 0.00013667848193439237 -7.8820715198374988e-06 0 -7.4330383458535393e-06 0 0.00022738883823977731 0 -2.7647562907727725e-06 0.00011939324856237427 0 0 -4.3826430880862286e-06 8.1792104842059099e-05 0 -1.212018046594131e-05 3.3159998951177521e-05 0
leaf_weight=50 50 527 53 85 1051 75 80 52 427 99 86 54 315 87 1924 181 1114 62 71 140 722 56 122 319 635 67 55 9458 113 164
leaf_count=50 50 527 53 85 1051 75 80 52 427 99 86 54 315 87 1924 181 1114 62 71 140 722 56 122 319 635 67 55 9458 113 164
internal_value=1.17778e-06 4.49576e-05 0.000226162 -1.15239e-06 2.57758e-05 8.65594e-05 7.00257e-06 8.43163e-05 -3.96766e-06 8.44781e-06 0.000140169 1.00854e-06 1.92692e-05 4.56655e-05 -6.7894e-07 -7.56207e-06 3.64297e-06 4.14063e-05 0.000118266 -9.78218e-06 0 3.5234e-05 0 -3.77921e-06 0 1.76403e-05 -1.11827e-05 -1.15342e-05 -1.31326e-06 5.25101e-06
internal_weight=18294 1032 103 17262 1465 282 1183 132 15797 3234 136 3098 929 402 2999 12563 1705 314 133 10858 918 196 207 2945 1021 386 9940 9885 1391 277
internal_count=18294 1032 103 17262 1465 282 1183 132 15797 3234 136 3098 929 402 2999 12563 1705 314 133 10858 918 196 207 2945 1021 386 9940 9885 1391 277
is_linear=0
shrinkage=0.05


Tree=25
num_leaves=31
num_cat=0
split_feature=117 128 114 43 75 98 133 56 101 131 111 186 128 33 49 21 103 21 128 52 2 74 61 110 104 90 114 88 99 167
split_gain=0.00110829 0.00265059 0.000940609 0.00176865 0.0025374 0.000301975 0.000295436 0.000948968 0.00114391 0.00134126 0.000277975 0.000214147 0.000411784 0.000997489 8.72808e-05 0.000164421 9.66858e-05 8.6468e-05 8.90117e-05 7.85855e-05 0.000294467 0.00136706 9.059e-05 8.0382e-05 7.86905e-05 3.43901e-05 2.5152e-05 2.30744e-05 2.23909e-05 2.07016e-05
threshold=0.8500000000000002 8.6325845804055827 33.050000000000004 0.37850000000000006 8.0500000000000025 0.6000000000000002 80.210000000000022 1.9534215500000303 -2.1596737499999956 35.646128282509594 5.6500000000000012 0.00015232791945670482 9.3641338368843883 0.75612499833005142 981.35000000000002 0.50694444444444453 1572.1500000000003 0.27083333333333343 9.478801397250173 21.500000000000004 0.0059917800000000012 23.992857142857151 168.15000000000003 9.5500000000000025 0.15000000000000005 30.567346938775515 38.750000000000007 36.76250000000001 -2.0499999999999541 0.0055743208333333336
decision_type=2 2 2 2 2 2 2 2 2 2 2 8 2 2 2 2 2 2 2 2 2 2 2 2 2 2 2 2 2 2
left_child=2 -2 6 11 -5 -6 19 29 9 -9 -3 -4 13 -13 15 16 17 -12 -19 25 22 -22 23 -21 -25 -1 -14 -24 -10 -8
right_child=1 10 3 4 5 -7 7 8 28 -11 14 12 26 -15 -16 -17 -18 18 -20 20 21 -23 27 24 -26 -27 -28 -29 -30 -31
leaf_value=-1.0492782707685551e-05 0.00041464055633838934 0.00014590396509823943 0 0.00048920449932041924 0.00010726264203316833 0 -7.1838697890033699e-06 0.00039531597125205104 -4.9969693600735991e-06 1.0790792487063701e-05 0 0 0 0.00027497639772929819 0 0 0 0 0.0001208058144126853 0 0 0.00028020825166654855 -8.7481144142735164e-06 0 8.0315027363877351e-05 0 2.054294940083633e-05 0 2.9464020580995622e-05 2.6702559101761253e-06
leaf_weight=9707 50 57 1050 50 96 86 1028 56 120 89 67 66 250 55 340 165 51 53 98 110 110 51 3269 52 77 235 148 516 60 201
leaf_count=9707 50 57 1050 50 96 86 1028 56 120 89 67 66 250 55 340 165 51 53 98 110 110 51 3269 52 77 235 148 516 60 201
internal_value=1.73871e-06 5.65115e-05 -7.38628e-07 3.31232e-05 0.000163426 4.44194e-05 -4.94844e-06 1.46907e-05 9.10946e-05 0.000195234 2.84814e-05 1.05795e-05 3.69795e-05 0.000119444 1.32052e-05 2.85007e-05 5.32081e-05 6.77799e-05 8.96734e-05 -7.46358e-06 -3.79609e-07 6.40805e-05 -4.21617e-06 2.09621e-05 4.85492e-05 -9.94231e-06 0 -7.1318e-06 0 -1.50635e-06
internal_weight=18363 881 17482 1801 232 182 15681 1554 325 145 831 1569 519 121 774 434 269 218 151 14127 4185 161 4024 239 129 9942 398 3785 180 1229
internal_count=18363 881 17482 1801 232 182 15681 1554 325 145 831 1569 519 121 774 434 269 218 151 14127 4185 161 4024 239 129 9942 398 3785 180 1229
is_linear=0
shrinkage=0.05


Tree=26
num_leaves=31
num_cat=0
split_feature=117 128 114 85 30 121 25 133 36 122 51 49 111 82 82 49 164 103 124 33 189 2 187 189 103 61 99 114 90 168
split_gain=0.00101677 0.00238321 0.000855352 0.00200573 0.0022305 0.000307701 0.000508114 0.000271194 0.000890059 0.000730833 0.00133857 0.000915012 0.000247032 0.00010023 0.000113631 8.01789e-05 0.000109311 0.000100489 7.68844e-05 0.000436344 0.00149385 7.60258e-05 7.08434e-05 6.4896e-05 4.9941e-05 4.5537e-05 4.5191e-05 4.0251e-05 3.471e-05 2.94782e-05
threshold=0.8500000000000002 8.6325845804055827 33.050000000000004 280.17666835000006 -1.3700000000000008 0.25000000000000006 21.500000000000004 80.210000000000022 275.28927080000011 6.5000000000000009 105.50000000000001 956.95000000000016 5.6500000000000012 22.332000000000004 19.890000000000004 981.35000000000002 0.31250000000000006 1572.1500000000003 -0.78656609248549325 -0.99876567979215658 36.550000000000004 0.0012152840000000003 0.58307283748751004 23.450000000000003 1259.1500000000003 137.65000000000003 2.3500000000000232 30.950000000000003 30.567346938775515 0.0087242572500000008
decision_type=2 2 2 2 2 10 2 2 2 2 2 2 2 2 2 2 2 2 2 2 10 2 2 10 2 2 2 2 2 2
left_child=2 -2 7 5 -5 13 21 18 -9 -10 11 -11 -3 14 -4 16 -14 22 19 20 -1 -7 23 -18 -25 26 -21 28 -20 -27
right_child=1 12 3 4 -6 6 -8 8 9 10 -12 -13 15 -15 -16 -17 17 -19 27 25 -22 -23 -24 24 -26 29 -28 -29 -30 -31
leaf_value=0 0.00039431504403896107 0.00013873454442640148 0 0.00040108810694461383 0 0 0.00018398022042091661 -1.2879874553306216e-06 0 0 0 0.00037519262370167299 0 -2.3177245269530866e-06 7.5394871653046999e-05 0 0 0 -1.0148995750447192e-05 4.262998796261136e-05 0.00030576429365086657 5.8399861575578271e-05 0 0 0.00014415099200252573 -9.4679825565370846e-06 0 0 0 0
leaf_weight=115 50 57 157 74 50 181 69 1233 108 50 93 70 128 1123 92 340 60 64 10549 75 50 55 56 64 62 2451 69 524 167 127
leaf_count=115 50 57 157 74 50 181 69 1233 108 50 93 70 128 1123 92 340 60 64 10549 75 50 55 56 64 62 2451 69 524 167 127
internal_value=1.73531e-06 5.41936e-05 -6.2527e-07 3.16548e-05 0.000227844 1.40413e-05 5.99578e-05 -4.65333e-06 1.41306e-05 8.87035e-05 0.000142748 0.000252379 2.72701e-05 1.56036e-07 3.12774e-05 1.24414e-05 2.71399e-05 4.39753e-05 -7.07436e-06 0 7.89027e-05 1.97668e-06 5.8966e-05 7.39279e-05 9.65653e-05 -4.59144e-06 1.3167e-05 -8.94422e-06 -9.6592e-06 -7.52683e-06
internal_weight=18363 881 17482 1801 124 1677 305 15681 1554 321 213 120 831 1372 249 774 434 306 14127 2887 165 236 242 186 126 2722 144 11240 10716 2578
internal_count=18363 881 17482 1801 124 1677 305 15681 1554 321 213 120 831 1372 249 774 434 306 14127 2887 165 236 242 186 126 2722 144 11240 10716 2578
is_linear=0
shrinkage=0.05


end of trees

feature_importances:
gust_at_t24h=28
pct_forest=24
tp_at_t24h=21
t2m_at_t48h=21
log_customers=18
last_N_t=17
min_t2m_next_24h=16
soil_moist_t=15
pct_unmapped=15
min_t2m_next_48h=14
pop_density=14
gust_trend_last6h_obs=13
wind_speed_max_next_6h=13
hour_of_day=13
pct_wetland=13
wind_sin_t=12
hour_cos=12
forest_x_customers=12
N_per_gust_excess_obs=12
frac_zero_72h=11
gust_last_obs=11
gust_max_next_24h=11
t2m_at_t6h=11
R_nonzero_frac_obs=11
blh_t=10
total_tp_next_24h=10
pressure_change_6h=10
R_mean_last24_obs=10
wind_speed_max_next_24h=9
cumul_gust_since_onset=9
t2m_at_t24h=9
gust_max_last6h_obs=8
d2m_t=8
sp_t=8
mslma_t=8
temp_change_6h=8
P_D_gap_last_obs=8
t2m_t=7
gust_mean_next_6h=7
gust_mean_next_24h=7
total_tp_next_48h=7
gust_peak4h_mean_next_48h=7
pressure_change_3h=7
tp_at_t48h=7
tree_canopy_std=7
osi_mean_72h=6
R_t_max_72h=6
hours_since_peak=6
wind_speed_max_next_1h=6
gust_max_next_6h=6
min_t2m_next_6h=6
gust_peak4h_mean_next_24h=6
gust_mean_next_48h=6
wind_speed_at_t48h=6
hours_since_obs=6
pct_water=6
pct_forest_classified=6
tree_canopy_pct=6
P_active_frac_obs=6
sdswrf_t=5
gust_x_phase=5
cumul_tp_since_onset=5
N_nonzero_frac_obs=5
restoration_ratio_obs=5
hours_since_P_peak_obs=5
hours_since_R_peak_obs=5
gust_to_N_best_corr_obs=5
gust_at_first_material_N_obs=5
gust_mean_obs=4
r2_t=4
diffuse_rad_t=4
soil_moist_x_gust=4
gust_x_hso=4
gust_gt30_next_24h=4
wind_speed_at_t1h=4
wind_speed_at_t6h=4
wind_speed_at_t24h=4
gust_at_t48h=4
hour_sin=4
hours_since_N_peak_obs=4
R_t_mean_72h=3
pre_event_max_outage_pct=3
osi_trend_last6h=3
gust_t=3
vpd_t=3
direct_rad_t=3
temp_c_t=3
dewpoint_c_t=3
gust_change_3h=3
gust_at_t6h=3
pct_developed=3
tp_rate_next_48h=3
first_material_N_hour_obs=3
first_material_R_hour_obs=3
P_post_peak_slope_obs=3
last_D_t=2
N_t_mean_72h=2
N_t_max_72h=2
pre_event_mean_osi=2
gust_max_obs=2
gust_gt30_obs=2
cumul_gust_obs=2
wind_speed_t=2
lcc_t=2
et0_t=2
gust_max_next_1h=2
min_t2m_next_1h=2
total_tp_next_6h=2
gust_peak4h_mean_next_6h=2
gust_gt40_next_24h=2
wind_change_1h=2
gust_gt30_since_onset=2
pct_agriculture=2
D_mean_last24_obs=2
flow_balance_last24_obs=2
last_R_t=1
osi_std_72h=1
outage_pct_max_72h=1
storm_onset_max_osi=1
storm_onset_mean_osi=1
wind_cos_t=1
mcc_t=1
hcc_t=1
gust_max_next_48h=1
gust_gt30_next_48h=1
gust_gt40_next_48h=1
tp_at_t6h=1
rural_urban_code=1
gust_gt30_frac_next_24h=1
P_mean_last24_obs=1
N_mean_last24_obs=1
D_trend_last24_obs=1
gust_excess30_sum_obs=1
P_change_per_gust_excess_obs=1

parameters:
[boosting: gbdt]
[objective: huber]
[metric: rmse]
[tree_learner: serial]
[device_type: cpu]
[data_sample_strategy: bagging]
[data: ]
[valid: ]
[num_iterations: 2000]
[learning_rate: 0.05]
[num_leaves: 31]
[num_threads: -1]
[seed: 42]
[deterministic: 0]
[force_col_wise: 0]
[force_row_wise: 0]
[histogram_pool_size: -1]
[max_depth: -1]
[min_data_in_leaf: 50]
[min_sum_hessian_in_leaf: 0.001]
[bagging_fraction: 0.8]
[pos_bagging_fraction: 1]
[neg_bagging_fraction: 1]
[bagging_freq: 5]
[bagging_seed: 42]
[bagging_by_query: 0]
[feature_fraction: 0.8]
[feature_fraction_bynode: 1]
[feature_fraction_seed: 42]
[extra_trees: 0]
[extra_seed: 12879]
[early_stopping_round: 0]
[early_stopping_min_delta: 0]
[first_metric_only: 0]
[max_delta_step: 0]
[lambda_l1: 0.1]
[lambda_l2: 1]
[linear_lambda: 0]
[min_gain_to_split: 0]
[drop_rate: 0.1]
[max_drop: 50]
[skip_drop: 0.5]
[xgboost_dart_mode: 0]
[uniform_drop: 0]
[drop_seed: 42]
[top_rate: 0.2]
[other_rate: 0.1]
[min_data_per_group: 100]
[max_cat_threshold: 32]
[cat_l2: 10]
[cat_smooth: 10]
[max_cat_to_onehot: 4]
[top_k: 20]
[monotone_constraints: ]
[monotone_constraints_method: basic]
[monotone_penalty: 0]
[feature_contri: ]
[forcedsplits_filename: ]
[refit_decay_rate: 0.9]
[cegb_tradeoff: 1]
[cegb_penalty_split: 0]
[cegb_penalty_feature_lazy: ]
[cegb_penalty_feature_coupled: ]
[path_smooth: 0]
[interaction_constraints: ]
[verbosity: -1]
[saved_feature_importance_type: 0]
[use_quantized_grad: 0]
[num_grad_quant_bins: 4]
[quant_train_renew_leaf: 0]
[stochastic_rounding: 1]
[linear_tree: 0]
[max_bin: 255]
[max_bin_by_feature: ]
[min_data_in_bin: 3]
[bin_construct_sample_cnt: 200000]
[data_random_seed: 42]
[is_enable_sparse: 1]
[enable_bundle: 1]
[use_missing: 1]
[zero_as_missing: 0]
[feature_pre_filter: 1]
[pre_partition: 0]
[two_round: 0]
[header: 0]
[label_column: ]
[weight_column: ]
[group_column: ]
[ignore_column: ]
[categorical_feature: ]
[forcedbins_filename: ]
[precise_float_parser: 0]
[parser_config_file: ]
[objective_seed: 16083]
[num_class: 1]
[is_unbalance: 0]
[scale_pos_weight: 1]
[sigmoid: 1]
[boost_from_average: 1]
[reg_sqrt: 0]
[alpha: 0.9]
[fair_c: 1]
[poisson_max_delta_step: 0.7]
[tweedie_variance_power: 1.5]
[lambdarank_truncation_level: 30]
[lambdarank_norm: 1]
[label_gain: ]
[lambdarank_position_bias_regularization: 0]
[eval_at: ]
[multi_error_top_k: 1]
[auc_mu_weights: ]
[num_machines: 1]
[local_listen_port: 12400]
[time_out: 120]
[machine_list_filename: ]
[machines: ]
[gpu_platform_id: -1]
[gpu_device_id: -1]
[gpu_device_id_list: ]
[gpu_use_dp: 0]
[num_gpu: 1]

end of parameters

pandas_categorical:[]
