tree
version=v4
num_class=1
num_tree_per_iteration=1
label_index=0
max_feature_idx=189
objective=huber
feature_names=last_osi last_P_t last_N_t last_D_t last_R_t last_outage_pct osi_mean_72h osi_max_72h osi_std_72h outage_pct_mean_72h outage_pct_max_72h N_t_mean_72h N_t_max_72h R_t_mean_72h R_t_max_72h pre_event_mean_osi pre_event_max_outage_pct storm_onset_max_osi storm_onset_mean_osi osi_trend_last6h is_worsening frac_zero_72h hours_since_peak gust_mean_obs gust_max_obs gust_gt30_obs gust_gt40_obs cumul_gust_obs gust_last_obs gust_max_last6h_obs gust_trend_last6h_obs gust_t wind_speed_t wind_sin_t wind_cos_t t2m_t d2m_t tp_t rain_t csnow_t sdwe_t r2_t vpd_t soil_moist_t blh_t tcc_t lcc_t mcc_t hcc_t sp_t mslma_t sdswrf_t direct_rad_t diffuse_rad_t et0_t temp_c_t dewpoint_c_t icing_risk_t gust_exceed_30 soil_moist_x_gust is_snowing gust_x_hso gust_x_phase soil_gust_x_phase gust_exceed30_x_hso gust_max_next_1h gust_mean_next_1h wind_speed_max_next_1h total_tp_next_1h min_t2m_next_1h gust_gt30_next_1h gust_gt40_next_1h gust_peak4h_mean_next_1h gust_max_next_6h gust_mean_next_6h wind_speed_max_next_6h total_tp_next_6h min_t2m_next_6h gust_gt30_next_6h gust_gt40_next_6h gust_peak4h_mean_next_6h gust_max_next_24h gust_mean_next_24h wind_speed_max_next_24h total_tp_next_24h min_t2m_next_24h gust_gt30_next_24h gust_gt40_next_24h gust_peak4h_mean_next_24h gust_max_next_48h gust_mean_next_48h wind_speed_max_next_48h total_tp_next_48h min_t2m_next_48h gust_gt30_next_48h gust_gt40_next_48h gust_peak4h_mean_next_48h gust_change_1h gust_change_3h pressure_change_3h pressure_change_6h temp_change_6h wind_change_1h cumul_gust_since_onset cumul_tp_since_onset gust_gt30_since_onset gust_at_t1h wind_speed_at_t1h t2m_at_t1h tp_at_t1h gust_at_t6h wind_speed_at_t6h t2m_at_t6h tp_at_t6h gust_at_t24h wind_speed_at_t24h t2m_at_t24h tp_at_t24h gust_at_t48h wind_speed_at_t48h t2m_at_t48h tp_at_t48h hour_of_day hour_sin hour_cos days_since_onset hours_since_obs storm_phase log_customers rural_urban_code is_metro pop_density n_utilities pct_forest pct_developed pct_agriculture pct_water pct_wetland pct_unmapped pct_forest_classified tree_canopy_pct tree_canopy_std forest_x_customers window_len_next_1h is_full_next_1h tp_rate_next_1h gust_gt30_frac_next_1h has_weather_at_t1h window_len_next_6h is_full_next_6h tp_rate_next_6h gust_gt30_frac_next_6h has_weather_at_t6h window_len_next_24h is_full_next_24h tp_rate_next_24h gust_gt30_frac_next_24h has_weather_at_t24h window_len_next_48h is_full_next_48h tp_rate_next_48h gust_gt30_frac_next_48h has_weather_at_t48h N_nonzero_frac_obs R_nonzero_frac_obs P_mean_last24_obs D_mean_last24_obs N_mean_last24_obs R_mean_last24_obs flow_balance_last24_obs restoration_ratio_obs P_D_gap_last_obs hours_since_P_peak_obs hours_since_N_peak_obs hours_since_R_peak_obs first_material_N_hour_obs first_material_R_hour_obs P_trend_last24_obs D_trend_last24_obs P_post_peak_slope_obs P_active_frac_obs has_material_P_obs has_material_N_obs has_material_R_obs gust_excess30_sum_obs N_per_gust_excess_obs P_change_per_gust_excess_obs gust_to_N_best_corr_obs gust_to_N_best_lag_obs gust_at_first_material_N_obs
feature_infos=[0:0.55230000000000001] [0:0.82424180700000005] [0:0.065400654000000003] [0:0.90465771100000003] [0:0.058582058999999999] [0:82.420000000000002] [4.1666666666666669e-06:0.26529999999999998] [0.0001:0.65049999999999997] [1.9982631347136334e-05:0.22470370552747407] [0.00083333333333333328:39.644861111111112] [0.02:100] [3.1208333333333337e-06:0.018623942125000001] [7.4900000000000005e-05:0.37916412199999999] [3.1208333333333337e-06:0.017093115180555556] [7.4900000000000005e-05:0.18675781699999999] [0:0.38653749999999998] [0:100] [0:0.59799999999999998] [0:0.20940416666666664] [-0.055854285714285697:0.019237142857142855] [0:1] [0:0.95833333333333337] [0:71] [13.03611111111111:31.258333333333326] [29.100000000000001:70] [0:35] [0:17] [938.59999999999991:2250.5999999999995] [3.8999999999999999:47.5] [15.4:64.5] [-6.477142857142856:3.3114285714285714] [0.59999999999999998:58.299999999999997] [0:38] [-0.99999999953664132:0.99999999987412524] [-0.99999999369183823:1] [261.05202270000001:298.4303941] [257.33913039999999:289.74666669999999] [0:11.300000000000001] [0:11.300000000000001] [0:2.52] [0:0.089999999999999997] [15:100] [0:2.5] [0.16700000000000001:0.52300000000000002] [10:3015] [0:100] [0:100] [0:100] [0:100] [884.60000000000002:1027] [986.70000000000005:1031.8] [0:840] [0:731] [0:463] [0:0.59999999999999998] [-12.097977299999968:25.280394100000024] [-15.81086959999999:16.596666700000014] [0:1] [0:28.299999999999997] [0.19259999999999999:23.550000000000001] [0:1] [0.80000000000000004:3819.7999999999997] [0:107.59999999999999] [0:47.100000000000001] [0:1689.7999999999997] [1.2:58.299999999999997] [0.89999999999999991:54.5] [0:38] [0:14.699999999999999] [260.0631818:298.21689659999998] [0:2] [0:2] [0.89999999999999991:54.5] [5.0999999999999996:58.299999999999997] [3.657142857142857:49.328571428571429] [0.40000000000000002:38] [0:26.699999999999999] [259.42265909999998:296.40927479999999] [0:7] [0:7] [4.3500000000000005:52.550000000000004] [12.800000000000001:58.299999999999997] [8.2360000000000007:43.052] [5.7999999999999998:38] [0:34.399999999999999] [259.42265909999998:286.57337899999999] [0:25] [0:19] [12.450000000000001:52.550000000000004] [12.800000000000001:58.299999999999997] [7.8571428571428568:37.897959183673471] [5.7999999999999998:38] [0:37.399999999999999] [259.42265909999998:282.77648069999998] [0:42] [0:22] [12.625:52.550000000000004] [-24.299999999999997:28.199999999999999] [-32:33.399999999999999] [-6.1999999999999318:10.599999999999909] [-10.899999999999977:14.599999999999909] [-20.027499999999975:21.845291299999985] [-15.300000000000001:28.000000000000004] [347.09999999999997:3733.5999999999999] [0:39.20000000000001] [0:61] [0.59999999999999998:58.299999999999997] [0:38] [260.0631818:298.4303941] [0:11.300000000000001] [1.5:58.299999999999997] [0:38] [259.42265909999998:298.4303941] [0:11.300000000000001] [0.90000000000000002:58.299999999999997] [0:38] [259.42265909999998:298.4303941] [0:11.300000000000001] [0.90000000000000002:53.799999999999997] [0:33.799999999999997] [259.42265909999998:296.58327589999999] [0:11.300000000000001] [0:23] [-1:1] [-1:1] [1:4] [1:96] [0:2] [7.1180162044653335:13.453719692845613] [1:9] [0:1] [8.3691524328166658:11939.655837338518] [1:11] [0.96999999999999997:88.719999999999999] [2.21:86.629999999999995] [0.080000000000000002:87.469999999999999] [0.01:5.5099999999999998] [0:16.82] [1.8899999999999999:17.02] [0.98868616858628067:95.299005138296707] [2.2000000000000002:81.680000000000007] [12.65:40.350000000000001] [8.0679963363985543:931.73249595386176] none none [0:7.3499999999999996] [0:1] none none none [0:3.8142857142857141] [0:1] none none none [0:1.3759999999999999] [0:1] none none none [0:0.76326530612244892] [0:0.8571428571428571] none [0.041666666666666664:0.80555555555555558] [0.041666666666666664:0.90277777777777779] [0:0.33157778683333333] [0:0.2415728110416667] [0:0.05185222787499999] [0:0.036813731041666665] [-2.7300916666667119e-05:0.03421760770833332] [0.013031417634099374:6.5416667824977583] [-0.14113178900000001:0.088746481000000002] [0:71] [0:71] [0:70] [0:68] [0:71] [-0.00035191936000000026:0.052080195401739138] [-0.0001288437365217392:0.043438201510000003] [-0.12208507408333331:0.00066816548250572968] [0:0.98611111111111116] [0:1] [0:1] [0:1] [0:446.30000000000001] [1.2346153846153842e-05:0.021449622666666654] [-0.0026323566314935061:0.0032034721433531746] [-0.25886629144625328:0.74936202470774849] [0:3] [3.2000000000000002:60.600000000000001]
tree_sizes=2938 2951 2931 2926 2941 2889 2916 2923 2932 2879 2923 2890 2855 2891 2935

Tree=0
num_leaves=31
num_cat=0
split_feature=133 90 103 3 133 88 9 100 77 44 116 28 103 140 83 3 5 3 61 186 104 185 160 160 2 113 3 75 128 128
split_gain=0.586595 0.921984 0.0893517 0.12898 0.106772 0.119228 0.162095 0.0613225 0.0167396 0.0120508 0.0130733 0.0100326 0.00680727 0.00575213 0.0057233 0.00646564 0.00429976 0.0041688 0.00359395 0.00353005 0.00331988 0.00501877 0.00289419 0.00264156 0.00257581 0.0107744 0.00255954 0.00249853 0.00200131 0.00181217
threshold=88.200000000000003 25.359183673469392 1300.6500000000003 0.33723639700000002 80.210000000000022 36.087500000000013 0.33256944444444447 1.2500000000000002 274.34757110000004 742.50000000000011 285.05114920000005 44.050000000000004 2136.3500000000008 73.145000000000024 13.250000000000002 0.023382897500000003 3.6750000000000003 0.7107172060000001 21.150000000000002 0.0001789152227236182 0.25000000000000006 0.0011153091904873866 0.44183673469387763 0.35612244897959194 0.0053583815000000012 0.35000000000000003 0.19904585200000005 5.9500000000000011 10.100143380802356 10.770903114643311
decision_type=2 2 2 2 2 2 2 2 2 2 2 2 2 2 2 2 2 2 2 10 2 10 2 2 2 2 2 2 2 2
left_child=2 12 3 4 8 9 -7 -5 11 10 -6 14 -2 16 15 -1 18 20 -10 27 21 -4 -20 -18 -22 -26 -25 -16 -21 -30
right_child=1 -3 17 7 5 6 -8 -9 13 -11 -12 -13 -14 -15 19 -17 23 -19 22 28 24 -23 -24 26 25 -27 -28 -29 29 -31
leaf_value=0.0039238042586678592 0.0039429394671074529 0.011826971704576758 0.0031686538994329756 0.0037940737763243644 0.003254143044140709 0.0033847953203067836 0.0068316900712714537 0.0061499447755260003 0.0035640264038999964 0.003254143044140709 0.0042390421647788556 0.003931293621501299 0.0032005053859217127 0.0035656739468649112 0.0035935750535052513 0.003319764581712392 0.0032636754599990265 0.0035149190949246216 0.0031481471577544749 0.003254143044140709 0.0031096425875893493 0.0035738708029552802 0.0032842482339144881 0.0037795315725649634 0.0031455280681227222 0.0039018502082349828 0.003254143044140709 0.003228470707739536 0.0038444339709479691 0.0033691385411014664
leaf_weight=99 50 50 359 64 50 67 76 59 53 200 89 99 51 112 50 118 604 59 2361 54 8225 96 403 55 401 52 54 561 58 85
leaf_count=99 50 50 359 64 50 67 76 59 53 200 89 99 51 112 50 118 604 59 2361 54 8225 96 403 55 401 52 54 561 58 85
internal_value=0.00325363 0.00634331 0.00322104 0.00338258 0.0033439 0.00405251 0.00526356 0.00497869 0.00327103 0.00352254 0.00387875 0.00344032 0.00352218 0.00322012 0.00338741 0.00362008 0.00320766 0.0031261 0.0031791 0.00331836 0.00312301 0.00325414 0.0031698 0.00331343 0.00311611 0.0032446 0.00354112 0.00325414 0.00350198 0.0035994
internal_weight=14714 151 14563 5371 5248 482 143 123 4766 339 139 1124 101 3642 1025 217 3530 9192 2817 808 9133 455 2764 713 8678 453 109 611 197 143
internal_count=14714 151 14563 5371 5248 482 143 123 4766 339 139 1124 101 3642 1025 217 3530 9192 2817 808 9133 455 2764 713 8678 453 109 611 197 143
is_linear=0
shrinkage=1


Tree=1
num_leaves=31
num_cat=0
split_feature=133 90 103 0 133 88 9 120 77 164 90 53 141 142 114 140 85 180 142 10 141 1 172 93 136 81 160 186 180 174
split_gain=0.53037 0.833759 0.0811766 0.118103 0.0945124 0.106597 0.142591 0.0520438 0.0150392 0.0113182 0.0112853 0.0133936 0.00685662 0.00692654 0.006217 0.00513778 0.00464591 0.00671206 0.00961635 0.00628296 0.00403369 0.00366664 0.00362025 0.00350757 0.00508625 0.00327602 0.00249168 0.00233079 0.00221617 0.00216524
threshold=88.200000000000003 25.359183673469392 1273.4500000000005 0.20185000000000003 80.210000000000022 36.087500000000013 0.33256944444444447 272.36585910000002 274.34757110000004 0.38194444444444448 22.219387755102044 5.5000000000000009 33.775000000000013 546.76079864000712 14.350000000000003 73.145000000000024 272.42651330000007 0.25694444444444448 637.0754577106693 31.920000000000005 35.815000000000005 0.036738039000000007 7.5000000000000009 271.49011265000007 0.41500000000000004 28.050000000000004 0.44183673469387763 -0.00023432251548937305 0.25694444444444448 2.5000000000000004
decision_type=2 2 2 2 2 2 2 2 2 2 2 2 2 2 2 2 2 2 2 2 2 2 8 2 2 2 2 8 2 8
left_child=2 14 3 4 8 9 -7 -5 12 -6 -11 -12 22 20 -2 21 -4 -18 19 -19 -14 25 23 -1 -25 -10 -27 -24 -23 -15
right_child=1 -3 16 7 5 6 -8 -9 15 10 11 -13 13 29 -16 -17 17 18 -20 -21 -22 28 27 24 -26 26 -28 -29 -30 -31
leaf_value=0 -5.1382606809336439e-05 0.0081525920795313296 -0.00013207651022141065 0.00045809590870963548 -2.951651816201413e-05 0.00012658432034703975 0.0034372513394683255 0.002713055028129489 4.8128165883235239e-05 0 0.0014514735142937768 0.00027033493801479372 0.0008925334574814769 0.00038407755804272664 0.00065541450809686319 0.00029914412706217794 -0.00011465874896709964 -5.1495867125336013e-05 0.00076281277710751807 0.00053600529585481752 0.00021866870658302038 -2.3072198430942344e-05 0.00031071092206157457 0.00061682287919671017 0 -0.00011588707195943349 2.2390307372317344e-05 -3.7736225865749138e-05 0.00014733844069388447 1.8916159214661742e-05
leaf_weight=97 51 50 8307 55 150 64 73 61 441 61 50 72 83 75 50 110 668 276 54 52 64 328 53 92 62 1953 321 430 350 161
leaf_count=97 51 50 8307 55 150 64 73 61 441 61 50 72 83 75 50 110 668 276 54 52 64 328 53 92 62 1953 321 430 350 161
internal_value=-1.30246e-07 0.00293774 -3.11352e-05 0.000126646 8.94881e-05 0.000764496 0.00193902 0.00169968 1.95859e-05 0.000261955 0.000526902 0.000802924 0.000179908 0.000355314 0.000252493 -3.01458e-05 -0.000119459 -1.48507e-05 0.000146472 2.77931e-05 0.000636394 -4.23795e-05 8.12202e-05 0.000234852 0.000382421 -6.92051e-05 -9.41686e-05 0 5.76216e-05 0.000157191
internal_weight=14714 151 14563 5206 5090 470 137 116 4620 333 183 122 1117 383 101 3503 9357 1050 382 328 147 3393 734 251 154 2715 2274 483 678 236
internal_count=14714 151 14563 5206 5090 470 137 116 4620 333 183 122 1117 383 101 3503 9357 1050 382 328 147 3393 734 251 154 2715 2274 483 678 236
is_linear=0
shrinkage=0.05


Tree=2
num_leaves=31
num_cat=0
split_feature=133 90 103 0 133 88 9 100 77 44 163 141 139 103 140 141 0 104 185 88 115 50 126 180 168 170 176 41 2 124
split_gain=0.479552 0.753974 0.073662 0.106977 0.0855335 0.0964433 0.128507 0.0475047 0.0136954 0.0104084 0.011223 0.00625404 0.00627218 0.0057159 0.00464159 0.00458965 0.00385987 0.00389214 0.00688564 0.00955611 0.00346007 0.00339337 0.00308031 0.00284714 0.00280464 0.00279079 0.00262097 0.00269443 0.00227641 0.00945945
threshold=88.200000000000003 25.359183673469392 1273.4500000000005 0.20185000000000003 80.210000000000022 36.087500000000013 0.33256944444444447 3.8500000000000232 274.34757110000004 742.50000000000011 0.35416666666666669 33.775000000000013 58.77504060138714 2136.3500000000008 73.145000000000024 36.925000000000004 0.44465000000000005 0.25000000000000006 0.0011153091904873866 34.587500000000013 12.250000000000002 1017.85 3.5000000000000004 0.25694444444444448 8.8294666666666687e-05 0.73582437206806228 53.500000000000007 60.500000000000007 0.0053583815000000012 -0.9159756150367534
decision_type=2 2 2 2 2 2 2 2 2 2 2 2 2 2 2 2 2 2 10 2 2 2 2 2 2 2 8 2 2 2
left_child=2 13 3 4 8 9 -7 -5 11 10 -6 20 15 -2 21 -13 17 18 -4 -20 24 -10 -23 -24 -1 -25 27 -26 -19 -30
right_child=1 -3 16 7 5 6 -8 -9 14 -11 -12 12 -14 -15 -16 -17 -18 28 19 -21 -22 22 23 25 26 -27 -28 -29 29 -31
leaf_value=-4.3144444827563489e-05 0.00062498254904651328 0.0077529550946372405 -7.5283928398215284e-05 0.000621364100466121 0 0.00012035246882945872 0.0032677112626088032 0.0027979766471567108 -0.00010792548573740149 0 0.00093783292295719395 0.00080374117839665353 0.00010007283979058756 -5.0526460534176573e-05 0.00028432166726676629 0.00021318494722455449 0.00025861758785632438 -0.00013013540134391584 0 0.00087438473366109625 -1.2977057982504407e-05 0.0003624327791892159 -5.1061621880238824e-05 0.00018103092064651832 2.4144588266998259e-05 -2.0191690271635231e-05 0 0.00049901685449944659 0.00052865580803721543 -0.00010879017939428879
leaf_weight=64 50 50 384 66 52 64 73 50 1196 197 84 100 189 51 110 94 60 8350 54 50 390 55 1532 314 69 296 79 132 67 392
leaf_count=64 50 50 384 66 52 64 73 50 1196 197 84 100 189 51 110 94 60 8350 54 50 390 55 1532 314 69 296 79 132 67 392
internal_value=0 0.00279373 -2.93305e-05 0.00012095 8.55347e-05 0.000727698 0.00184517 0.00161819 1.8981e-05 0.000248839 0.000583862 0.000171996 0.000339699 0.000237713 -2.84191e-05 0.000545797 -0.000113481 -0.000116448 1.19351e-05 0.000379244 7.73434e-05 -4.0112e-05 -8.88727e-07 -1.27157e-05 0.000193975 7.53319e-05 0.000265928 0.00036168 -0.000124128 -3.92597e-06
internal_weight=14714 151 14563 5206 5090 470 137 116 4620 333 136 1117 383 101 3503 194 9357 9297 488 104 734 3393 2197 2142 344 610 280 201 8809 459
internal_count=14714 151 14563 5206 5090 470 137 116 4620 333 136 1117 383 101 3503 194 9357 9297 488 104 734 3393 2197 2142 344 610 280 201 8809 459
is_linear=0
shrinkage=0.05


Tree=3
num_leaves=31
num_cat=0
split_feature=133 90 126 0 133 81 19 126 14 77 131 28 115 50 77 140 29 172 111 92 12 137 2 77 84 61 29 15 19 92
split_gain=0.433618 0.681823 0.0632309 0.0934187 0.076626 0.0824538 0.123476 0.052691 0.0166049 0.0137918 0.0101287 0.0075237 0.00550901 0.00697585 0.00525896 0.00520804 0.00419273 0.0091024 0.00287523 0.00286799 0.00261176 0.00260366 0.00665944 0.00384212 0.00282606 0.00237315 0.00206171 0.00142278 0.00114837 0.00109952
threshold=88.200000000000003 25.359183673469392 39.500000000000007 0.20185000000000003 80.210000000000022 37.550000000000004 -0.00055428571428571408 15.500000000000002 0.0051767355000000006 274.34757110000004 43.993537203986527 44.050000000000004 12.350000000000003 1027.8500000000001 268.95377070000006 73.145000000000024 51.350000000000009 6.5000000000000009 7.3500000000000005 22.950000000000006 0.010508274500000003 0.055000000000000007 0.0014317860000000002 288.20169885000001 17.450000000000006 41.800000000000004 36.350000000000001 0.001954166666666667 0.0027085714285714243 8.9500000000000046
decision_type=2 2 2 2 2 2 2 2 2 2 2 2 2 2 2 2 2 10 2 2 2 2 2 2 2 2 2 2 2 2
left_child=2 14 3 4 9 10 -7 -5 -8 11 27 12 13 20 -2 16 18 -18 19 25 -1 22 23 -4 -25 29 -22 -6 -20 -11
right_child=1 -3 21 7 5 6 8 -9 -10 15 -12 -13 -14 -15 -16 -17 17 -19 28 -21 26 -23 -24 24 -26 -27 -28 -29 -30 -31
leaf_value=0 -4.9751608099680967e-05 0.0073729082901834277 -0.00011238723082603309 0.0025277635801968907 -8.1967687668727581e-05 0.00356409014716639 5.2323053081425379e-06 0.0005280442469908545 0.0012208064868053819 0 0.00073082709966225509 0.00059069774297649928 -5.2755872453154606e-06 0.00075639593787885963 0.00059608242177751434 0.00032223211222126623 0 0.00068889170778536446 -9.3549029729576543e-05 0.00037489674863857496 0.0004537449723161684 -0.00012618546775741634 0.00034358245653530337 0.00043779718877447996 0 -3.7460472256033464e-05 0.00012196929029090888 0.00015704225811907023 5.0784615584416321e-05 0.00037853056673576744
leaf_weight=191 51 50 1110 57 154 52 68 98 60 52 60 99 442 58 50 96 231 58 2590 50 94 7308 97 53 88 911 235 101 99 51
leaf_count=191 51 50 1110 57 154 52 68 98 60 52 60 99 442 58 50 96 231 58 2590 50 94 7308 97 53 88 911 235 101 99 51
internal_value=0 0.00265679 -2.76696e-05 9.79863e-05 6.43171e-05 0.00065851 0.0015123 0.00130697 0.000618839 7.30234e-06 0.000151563 0.000163733 0.000116857 0.000218736 0.000223658 -3.3821e-05 -4.35918e-05 0.000134469 -5.86675e-05 6.63793e-06 0.000147833 -0.000113998 -4.41763e-05 -7.84863e-05 0.000152094 -6.94614e-06 0.000233002 0 -8.63595e-05 0.000212631
internal_weight=14714 151 14563 5907 5752 495 180 155 128 5257 315 1119 1020 578 101 4138 4042 289 3753 1064 520 8656 1348 1251 141 1014 329 255 2689 103
internal_count=14714 151 14563 5907 5752 495 180 155 128 5257 315 1119 1020 578 101 4138 4042 289 3753 1064 520 8656 1348 1251 141 1014 329 255 2689 103
is_linear=0
shrinkage=0.05


Tree=4
num_leaves=31
num_cat=0
split_feature=133 90 103 1 133 88 28 100 77 44 116 28 88 115 50 180 142 160 83 1 88 137 2 124 77 22 12 160 170 75
split_gain=0.39206 0.616574 0.060923 0.08708 0.0723437 0.0810822 0.119015 0.0407443 0.011331 0.00894454 0.0104434 0.00681569 0.00487062 0.0047584 0.00641539 0.0042717 0.00411988 0.00392518 0.00396465 0.00315736 0.00303024 0.00263882 0.00615396 0.00819833 0.00441787 0.00433687 0.00250979 0.00226453 0.00223442 0.00217945
threshold=88.200000000000003 25.359183673469392 1300.6500000000003 0.30954854950000005 80.210000000000022 36.087500000000013 28.450000000000003 3.8500000000000232 274.34757110000004 742.50000000000011 286.17145365000005 44.050000000000004 25.587500000000006 12.350000000000003 1027.8500000000001 0.25694444444444448 615.8110207943779 0.35612244897959194 19.650000000000002 0.67217406300000015 19.587500000000002 0.055000000000000007 0.0014317860000000002 1.0000000180025095e-35 288.20169885000001 6.5000000000000009 0.010508274500000003 0.44183673469387763 0.52486599134029055 6.4500000000000011
decision_type=2 2 2 2 2 2 2 2 2 2 2 2 2 2 2 2 2 2 2 2 2 2 2 2 2 2 2 2 2 2
left_child=2 12 3 4 8 9 -7 -5 11 10 -6 13 -2 14 26 20 28 -18 -19 21 29 22 24 -24 -4 -26 -1 -22 -17 -10
right_child=1 -3 19 7 5 6 -8 -9 15 -11 -12 -13 -14 -15 -16 16 17 18 -20 -21 27 -23 23 -25 25 -27 -28 -29 -30 -31
leaf_value=0 -5.0161377047725876e-05 0.0070114913538974885 -0.00010689523553194201 0.00056216434929582824 0 0.0030596982203801547 0.00010392876392768198 0.0025369109600490215 0.00031265648982467656 0 0.00089390739072387295 0.00056145821046375203 0.00056976809370383973 -4.0075964985498804e-06 0.000719217162843699 0.0002360409834383898 4.1802949059044898e-05 0.00011621432266474584 0.00078096373102249901 0.00023195338516901151 -9.4172265066745251e-05 -0.00011883237584547507 0.0007766503600914104 -3.8661780467829851e-05 -4.7459345021307799e-06 0.00049816616059527609 0.00021994492841669679 3.1195112507709246e-05 -5.6428338458547412e-05 0
leaf_weight=198 51 50 1126 73 59 73 70 50 85 200 80 99 50 438 58 72 213 79 52 59 2181 7764 51 50 81 61 331 364 494 102
leaf_count=198 51 50 1126 73 59 73 70 50 85 200 80 99 50 438 58 72 213 79 52 59 2181 7764 51 50 81 61 331 364 494 102
internal_value=2.57409e-09 0.00252655 -2.60229e-05 0.000107293 7.53277e-05 0.000658671 0.00165831 0.00141921 1.51578e-05 0.000218651 0.000525195 0.000154524 0.000210292 0.000109838 0.000203151 -2.65116e-05 6.46905e-05 0.000201838 0.00042188 -0.000104468 -5.87321e-05 -0.000107214 -3.76348e-05 0.000327589 -7.09013e-05 0.000178302 0.000135885 -7.42725e-05 -1.00547e-05 0.00012544
internal_weight=14714 151 14563 5371 5248 482 143 123 4766 339 139 1124 101 1025 587 3642 910 344 131 9192 2732 9133 1369 101 1268 142 529 2545 566 187
internal_count=14714 151 14563 5371 5248 482 143 123 4766 339 139 1124 101 1025 587 3642 910 344 131 9192 2732 9133 1369 101 1268 142 529 2545 566 187
is_linear=0
shrinkage=0.05


Tree=5
num_leaves=31
num_cat=0
split_feature=140 86 14 126 0 100 140 83 90 21 100 28 137 180 103 50 163 61 94 89 3 120 180 21 11 50 30 91 32 49
split_gain=0.126629 0.379665 0.65796 0.043372 0.0761149 0.0438482 0.0348982 0.0598215 0.0275476 0.0424848 0.00849177 0.00859942 0.00768022 0.0108945 0.00699798 0.00449544 0.00412798 0.0034737 0.00306943 0.00730933 0.00283295 0.00205506 0.00183133 0.00228823 0.0015925 0.00177615 0.00169517 0.00164147 0.00155099 0.00119643
threshold=75.180000000000021 10.500000000000002 0.018653307000000004 39.500000000000007 0.20185000000000003 1.2500000000000002 71.610000000000014 18.750000000000004 24.16020408163266 0.39583333333333343 3.549999999999955 44.050000000000004 0.045000000000000005 0.27083333333333343 1095.6500000000003 1027.2500000000002 0.4513888888888889 21.150000000000002 4.5000000000000009 34.850000000000001 0.054459633500000007 278.36684325000004 0.22916666666666669 0.28472222222222227 0.0029778134236111116 1028.8500000000001 -1.5699999999999987 30.550000000000004 3.7500000000000004 978.75000000000011
decision_type=2 2 2 2 2 2 2 2 2 2 2 2 2 2 2 2 2 2 2 2 2 2 2 2 2 2 2 2 2 2
left_child=3 8 -3 4 6 -6 10 16 18 -10 12 15 13 -1 -15 17 -8 -12 -2 -20 28 -18 -22 -24 25 -14 -26 29 -19 -28
right_child=1 2 -4 -5 5 -7 7 -9 9 -11 11 -13 24 14 -16 -17 21 20 19 -21 22 -23 23 -25 26 -27 27 -29 -30 -31
leaf_value=0 -8.8357673281766122e-05 2.2469484531292575e-05 0.0070433003166369334 -0.0001110809549975121 0.00042852801138094525 0.0022809009433820328 -8.2528005158038513e-05 0.0020142346780186804 0.0018681830213258595 0 0.00037498759539741477 0.00058526708370394123 -8.0938310528503752e-05 8.1511362837978968e-05 0.0010219591551490507 0.00054547376551793202 0.00055287980836055801 0.00013279607534761833 0.00063235600228756352 0 0 1.3182948315699356e-05 0 0.00031488887822903088 -4.5038435639154617e-05 0.00016618013166965197 0.00043103966201607399 -5.9735246830940447e-06 -4.1213468211542047e-05 2.9165089949189369e-05
leaf_weight=258 403 82 57 8254 92 57 75 58 53 79 81 90 2694 52 53 50 63 144 56 190 135 53 79 186 305 61 57 60 842 74
leaf_count=258 403 82 57 8254 92 57 75 58 53 79 81 90 2694 52 53 50 63 144 56 190 135 53 79 186 305 61 57 60 842 74
internal_value=0 0.000567518 0.00296697 -3.79107e-05 6.86834e-05 0.00118097 3.72611e-05 0.000614656 0.000130829 0.000786416 8.65403e-06 0.000104996 -3.28193e-05 0.000181709 0.000608546 7.28418e-05 0.000155334 5.29664e-05 0 0.000135269 3.02853e-05 0.000351249 0.000143375 0.000219547 -5.83592e-05 -7.35942e-05 1.61802e-05 0.000139705 -1.06257e-05 0.000243846
internal_weight=14793 920 139 13873 5619 149 5470 249 781 132 5221 1607 3614 363 105 1517 191 1467 649 246 1386 116 400 265 3251 2755 496 191 986 131
internal_count=14793 920 139 13873 5619 149 5470 249 781 132 5221 1607 3614 363 105 1517 191 1467 649 246 1386 116 400 265 3251 2755 496 191 986 131
is_linear=0
shrinkage=0.05


Tree=6
num_leaves=31
num_cat=0
split_feature=133 90 126 0 133 88 166 100 49 100 28 170 50 140 44 92 185 135 89 19 135 185 36 104 133 4 28 163 14 101
split_gain=0.370012 0.619718 0.0505074 0.0660492 0.0603422 0.0742736 0.116224 0.0394314 0.00953701 0.00826451 0.00771556 0.00713128 0.0058093 0.00413577 0.00362565 0.00269026 0.00586851 0.00402742 0.00264699 0.00195352 0.00226571 0.00224086 0.00206813 0.00191125 0.00181722 0.00179033 0.00156509 0.00133797 0.00106549 0.00104024
threshold=88.200000000000003 25.08061224489796 39.500000000000007 0.20185000000000003 79.980000000000004 36.087500000000013 0.008135649083333335 1.2500000000000002 966.35000000000002 3.549999999999955 44.050000000000004 1.0002094856409747 1027.3500000000001 73.145000000000024 602.50000000000011 17.450000000000006 0.0008807361500103374 18.555000000000003 38.050000000000004 -0.00047428571428571404 20.180000000000003 0.00019187855033931373 267.24330525000005 0.25000000000000006 84.075000000000017 0.021025441500000002 44.050000000000004 0.43750000000000006 0.0073567035000000006 -1.7076232499999831
decision_type=2 2 2 2 2 2 2 2 2 2 2 2 2 2 2 2 8 2 2 2 2 10 2 2 2 2 2 2 2 2
left_child=2 -2 3 4 9 11 8 -5 -7 13 12 27 18 15 -13 26 -17 29 -11 25 -21 -22 -23 24 -4 -20 -1 -6 -24 -18
right_child=1 -3 23 7 5 6 -8 -9 -10 10 -12 14 -14 -15 -16 16 17 -19 19 20 21 22 28 -25 -26 -27 -28 -29 -30 -31
leaf_value=-7.7473038773550324e-05 0.00011140094390357262 0.006950451844170983 -4.8616505190594819e-05 0.0004073320022566365 -2.5374168374886114e-05 0 0.0034296836413872929 0.0021688223010378664 0.00095906151016186846 -4.7992395281038814e-05 0.00055632529814809474 0.00078803388201717495 0.00058818821490233498 0.00036144014056434015 8.1991084130867483e-05 -6.1096163415075308e-05 0.00025173068008510973 0.00048171071181838808 0 2.154854243278712e-06 0 0 0.00013627726254665087 -0.00010828602929656361 0.00020598450819329348 0.00028071278626992386 9.3650697369530855e-05 0.0002227294016505987 0.00057903208206358189 0
leaf_weight=2592 99 50 468 92 212 56 51 57 51 437 90 60 53 61 52 552 51 97 532 172 63 54 58 8160 80 60 114 65 93 161
leaf_count=2592 99 50 468 92 212 56 51 57 51 437 90 60 53 61 52 552 51 97 532 172 63 54 58 8160 80 60 114 65 93 161
internal_value=0 0.00247075 -2.52486e-05 8.67563e-05 5.89839e-05 0.000558307 0.00147322 0.00112449 0.000471277 5.80923e-06 0.000100787 0.000171054 7.02196e-05 -3.503e-05 0.000508103 -4.33109e-05 2.96805e-05 0.000207648 4.7743e-05 9.31297e-05 0.000175043 0.000266993 0.000346815 -0.000102175 -2.03351e-06 2.36242e-05 -6.83848e-05 1.54512e-05 0.000443877 5.71039e-05
internal_weight=14793 149 14644 5936 5787 547 158 149 107 5240 1612 389 1522 3628 112 3567 861 309 1469 1032 440 268 205 8708 548 592 2706 277 151 212
internal_count=14793 149 14644 5936 5787 547 158 149 107 5240 1612 389 1522 3628 112 3567 861 309 1469 1032 440 268 205 8708 548 592 2706 277 151 212
is_linear=0
shrinkage=0.05


Tree=7
num_leaves=31
num_cat=0
split_feature=133 90 126 0 133 81 166 120 189 77 28 81 50 163 4 180 61 142 164 119 177 160 170 3 85 26 137 96 21 4
split_gain=0.334995 0.559999 0.0458967 0.0598286 0.0547881 0.0739241 0.102177 0.0354578 0.01607 0.00865854 0.00576598 0.00586491 0.00873975 0.00575378 0.00567976 0.00464783 0.00443649 0.00442729 0.00399621 0.00360072 0.00191369 0.00137926 0.00128489 0.00124226 0.00124056 0.00113552 0.00100962 0.00160465 0.000925262 0.000759759
threshold=88.200000000000003 25.08061224489796 39.500000000000007 0.20185000000000003 79.980000000000004 37.550000000000004 0.008135649083333335 272.22127125000003 20.850000000000005 275.57644110000007 44.050000000000004 28.950000000000003 1027.3500000000001 0.42361111111111122 0.0022618450000000006 0.25694444444444448 21.150000000000002 615.8110207943779 0.36805555555555564 9.8500000000000032 -0.0001209874360869566 0.44183673469387763 0.52486599134029055 0.054459633500000007 272.28611560000007 11.500000000000002 0.21000000000000005 47.587500000000013 0.49305555555555564 0.00030589450000000003
decision_type=2 2 2 2 2 2 2 2 8 2 2 2 2 2 2 2 2 2 2 2 2 2 2 2 2 2 2 2 2 2
left_child=2 -2 3 4 9 13 8 -5 -7 10 11 12 16 -6 -12 21 -1 22 -19 -15 -4 -11 25 -13 -22 -17 -18 -28 -25 -20
right_child=1 -3 20 7 5 6 -8 -9 -10 15 14 23 -14 19 -16 17 26 18 29 -21 24 -23 -24 28 -26 -27 27 -29 -30 -31
leaf_value=0.00053676304779565122 0.00010588659816421569 0.006609743345601886 0.00010287644465511511 0.00037806315672162823 -5.1762896118561574e-05 0.0010819427912999223 0.0031456742652725164 0.002048082810400401 0 -8.8064115172459517e-05 0 -5.3548087628113068e-05 0.00081862658315982959 0.00062117352363229522 0.00071670751363460622 0 0.00023536802326356448 0.00060534724127501256 0 3.9570819157233929e-05 -0.00010414704956454709 2.3310430280010527e-05 -5.2022629901806277e-05 0.00016887923485090585 -2.4193514444887894e-06 0.00029475404505336766 -1.4554837507993933e-06 0.00022592676464883816 0 0.00015031505995891976
leaf_weight=60 99 50 93 91 213 66 55 58 68 2252 54 631 51 66 73 62 84 54 84 79 8199 239 618 131 416 52 418 85 75 217
leaf_count=60 99 50 93 91 213 66 55 58 68 2252 54 631 51 66 73 62 84 54 84 79 8199 239 618 131 416 52 418 85 75 217
internal_value=1.93045e-08 0.00235124 -2.37214e-05 8.30292e-05 5.65525e-05 0.000532352 0.00133169 0.00107079 0.000532328 5.83793e-06 0.000100924 7.00708e-05 0.000177593 9.38915e-05 0.000431315 -3.6949e-05 0.000118162 4.6483e-05 0.000192487 0.000340988 -9.70656e-05 -7.53668e-05 -1.76695e-05 -1.37333e-05 -9.9816e-05 0.000123916 6.60308e-05 2.74203e-05 8.37385e-05 0.000100103
internal_weight=14793 149 14644 5936 5787 547 189 149 134 5240 1662 1535 698 358 127 3578 647 1087 355 145 8708 2491 732 837 8615 114 587 503 206 301
internal_count=14793 149 14644 5936 5787 547 189 149 134 5240 1662 1535 698 358 127 3578 647 1087 355 145 8708 2491 732 837 8615 114 587 503 206 301
is_linear=0
shrinkage=0.05


Tree=8
num_leaves=31
num_cat=0
split_feature=133 90 126 0 133 81 166 99 189 77 163 100 29 104 134 180 142 81 44 90 138 12 177 160 83 170 85 135 0 142
split_gain=0.303328 0.506387 0.0416437 0.0542171 0.0496504 0.0668665 0.0921644 0.0319955 0.0145384 0.00784967 0.00526428 0.0042055 0.00568821 0.00489733 0.0135039 0.00420108 0.00401293 0.00358893 0.00292508 0.00264903 0.00221928 0.00506994 0.00174687 0.00125922 0.00120023 0.00115723 0.00110586 0.00103317 0.00102366 0.000880477
threshold=88.200000000000003 24.866326530612252 39.500000000000007 0.20185000000000003 79.980000000000004 37.550000000000004 0.008135649083333335 0.599999999999966 20.850000000000005 275.57644110000007 0.42361111111111122 3.549999999999955 24.300000000000001 1.7500000000000007 10.240000000000002 0.25694444444444448 615.8110207943779 39.150000000000013 762.50000000000011 27.760204081632654 3.9200000000000004 0.022702356000000003 -0.0001209874360869566 0.44183673469387763 13.65 0.52486599134029055 272.09269345000001 21.465000000000003 0.013000000000000003 704.66267286464665
decision_type=2 2 2 2 2 2 2 2 8 2 2 2 2 2 2 2 2 2 2 2 2 2 2 2 2 2 2 2 2 2
left_child=2 -2 3 4 9 10 8 -5 -7 11 -6 24 -13 20 -15 23 25 29 -12 -19 21 -14 -4 -11 -1 27 -24 -17 -22 -18
right_child=1 -3 22 7 5 6 -8 -9 -10 15 18 12 13 14 -16 16 17 19 -20 -21 28 -23 26 -25 -26 -27 -28 -29 -30 -31
leaf_value=0.00015154059448395859 6.8869719027060637e-05 0.0062272877267633498 9.7787343315468072e-05 0.00040900915157514962 -4.9186845057974836e-05 0.0010286530692463936 0.002991199212223624 0.0020353994697754111 0 -8.3662864289533429e-05 0.00059802889938019078 0.0006189993058625773 0.00047177555248484001 6.0492872923949619e-05 0.00092932609014157472 0 0.00014760434788336859 0.00070136799678342267 5.8360641494454321e-05 5.5820736507645477e-05 -8.0348726029654823e-05 0 -9.9174435269186372e-05 2.2149766683772517e-05 -3.6622199363496512e-05 -4.9425700160712647e-05 -6.3743539902517167e-06 0.0002802944171653165 5.8424989221153242e-05 -8.5031552741344516e-06
leaf_weight=99 98 51 93 97 213 66 55 52 68 2252 62 67 88 180 66 62 138 53 83 50 250 114 8160 239 524 618 455 52 274 114
leaf_count=99 98 51 93 97 213 66 55 52 68 2252 62 67 88 180 66 62 138 53 83 50 250 114 8160 239 524 618 455 52 274 114
internal_value=2.38814e-07 0.00223758 -2.23355e-05 7.93285e-05 5.40798e-05 0.000507031 0.00126737 0.00101973 0.00050588 5.75482e-06 8.92817e-05 9.63249e-05 0.000157943 0.00012042 0.000316656 -3.49336e-05 4.42549e-05 0.000183314 0.000325877 0.000439622 4.67054e-05 0.000187465 -9.22123e-05 -7.14994e-05 0 -1.65219e-05 -9.48548e-05 0.000117252 0 5.7467e-05
internal_weight=14793 149 14644 5936 5787 547 189 149 134 5240 358 1662 1039 972 246 3578 1087 355 145 103 726 202 8708 2491 623 732 8615 114 524 252
internal_count=14793 149 14644 5936 5787 547 189 149 134 5240 358 1662 1039 972 246 3578 1087 355 145 103 726 202 8708 2491 623 732 8615 114 524 252
is_linear=0
shrinkage=0.05


Tree=9
num_leaves=31
num_cat=0
split_feature=133 83 126 0 133 81 166 120 189 77 163 141 139 180 142 119 100 120 188 93 138 138 116 81 170 104 138 89 77 131
split_gain=0.274664 0.404286 0.037798 0.0491418 0.0449982 0.0604836 0.0831216 0.0289003 0.0131534 0.00716207 0.00481931 0.00434985 0.0053879 0.00374907 0.00315537 0.00314786 0.00309086 0.00388173 0.00300742 0.00612059 0.00240278 0.00361342 0.00283739 0.00188599 0.00167563 0.00164138 0.00179738 0.00150926 0.00138684 0.001122
threshold=88.200000000000003 14.450000000000001 39.500000000000007 0.20185000000000003 79.980000000000004 37.550000000000004 0.008135649083333335 272.22127125000003 20.850000000000005 274.54209880000002 0.42361111111111122 33.775000000000013 58.77504060138714 0.25694444444444448 615.8110207943779 9.8500000000000032 2.4500000000000459 285.75262350000008 1.0000000180025095e-35 271.24265280000003 3.8850000000000002 2.9800000000000004 277.66330390000002 28.050000000000004 0.52486599134029055 0.25000000000000006 3.4500000000000006 48.050000000000004 278.06921805000007 620.85555679339689
decision_type=2 2 2 2 2 2 2 2 8 2 2 2 2 2 2 2 2 2 2 2 2 2 2 2 2 2 2 2 2 2
left_child=2 -2 3 4 9 10 8 -5 -7 11 -6 20 16 23 24 -12 -13 -18 19 -16 21 -1 -23 27 28 26 -4 -11 -15 -22
right_child=1 -3 25 7 5 6 -8 -9 -10 13 15 12 -14 14 18 -17 17 -19 -20 -21 29 22 -24 -25 -26 -27 -28 -29 -30 -31
leaf_value=0 9.9444729341939834e-05 0.0055431513913526123 0.00024962456662192825 0.00033913729692911784 -4.6738994871583741e-05 0.00097798805516178438 0.0028443099528418056 0.0018556390001864759 0 0 0.00057280264753342691 9.3557746623884163e-06 4.150363842289628e-05 0.00031114354957347082 0.00064215240627527232 2.630313862391631e-05 0.00085623017445969813 0.00020047107713809157 3.101070677335624e-05 0 -5.3995291662440632e-05 0 0.00050543696514508631 -7.4713994614606402e-05 -3.8774014589951119e-05 -9.3231895719379489e-05 -3.5932390647743531e-05 0.00028305902513912537 0 0.00014598669634850874
leaf_weight=131 95 54 61 91 213 66 55 58 68 316 66 53 202 67 79 79 71 71 237 65 450 62 90 2434 717 8160 487 53 67 75
leaf_count=131 95 54 61 91 213 66 55 58 68 316 66 53 202 67 79 79 71 71 237 65 450 62 90 2434 717 8160 487 53 67 75
internal_value=4.48818e-07 0.00212947 -2.10161e-05 7.582e-05 5.17381e-05 0.000482957 0.00120621 0.000971222 0.000480735 5.68589e-06 8.49022e-05 0.000113371 0.000251289 -2.5254e-05 4.51689e-05 0.000311521 0.000441774 0.00056701 0.000164982 0.000349258 3.9199e-05 0.000158341 0.000324933 -5.79952e-05 -2.73448e-06 -8.76018e-05 0 3.8676e-05 0.000151926 -1.56975e-05
internal_weight=14793 149 14644 5936 5787 547 189 149 134 5240 358 1205 397 4035 1232 145 195 142 381 144 808 283 152 2803 851 8708 548 369 134 525
internal_count=14793 149 14644 5936 5787 547 189 149 134 5240 358 1205 397 4035 1232 145 195 142 381 144 808 283 152 2803 851 8708 548 369 134 525
is_linear=0
shrinkage=0.05


Tree=10
num_leaves=31
num_cat=0
split_feature=133 83 126 0 137 86 99 180 85 179 170 29 36 75 81 24 100 169 135 112 138 43 175 114 133 18 112 99 186 88
split_gain=0.224455 0.363166 0.034123 0.046297 0.0441489 0.0866808 0.0279192 0.00992566 0.00892747 0.0108288 0.00775176 0.00634226 0.0061903 0.0063982 0.00596006 0.0068458 0.00494824 0.00352402 0.00286782 0.0048165 0.00177329 0.00160507 0.00149844 0.00140926 0.00133935 0.00187793 0.00157551 0.001416 0.00432537 0.00121281
threshold=88.200000000000003 14.450000000000001 39.500000000000007 0.20185000000000003 1.0000000180025095e-35 9.5000000000000018 2.0999999999999663 0.25694444444444448 279.40726465000006 -0.00095562977678570916 0.52486599134029055 55.850000000000001 267.50527780000004 9.0500000000000025 28.950000000000003 32.300000000000004 4.400000000000035 1.4166666665647411e-09 38.740000000000009 274.50515965000005 3.9200000000000004 0.29250000000000004 51.500000000000007 16.950000000000003 84.075000000000017 0.0058562500000000012 268.83346430000006 4.4500000000000464 0.0001789152227236182 35.63750000000001
decision_type=2 2 2 2 2 2 2 2 2 10 2 2 2 2 2 2 2 2 2 2 2 2 8 2 2 2 2 2 8 2
left_child=2 23 3 4 5 12 21 14 10 -10 11 16 -1 -14 15 17 -9 -6 19 -12 22 -5 -17 -2 27 -26 -27 -4 -29 -21
right_child=1 -3 24 6 7 -7 -8 8 9 -11 18 -13 13 -15 -16 20 -18 -19 -20 29 -22 -23 -24 -25 25 26 -28 28 -30 -31
leaf_value=-2.7401858320185316e-05 -7.4795439096096036e-05 0.0051141653606776218 -8.8619603677037679e-05 5.7950644992410629e-05 4.610865826572419e-05 0.0024013631121181933 0.0018945355519938926 0.00020712636706477075 0 0.00080093665824435196 0.00057977198090263893 0 0.00080469817674990438 5.5594032093267737e-05 -6.3038033704747071e-05 0.00034102468698146785 0.00077916396302114951 0.00075558509777433119 -4.1655672085170184e-05 0 -1.1125100844311406e-05 0.00059023428339984464 0 0.00025873094600540881 -7.3713061186764819e-05 0 0.0003084778562333668 -6.7009624009603885e-05 0.00044263087892128781 0.00015294453726135378
leaf_weight=111 51 55 8052 50 50 56 51 136 65 98 50 107 65 79 2911 72 82 55 767 301 506 60 72 50 222 59 77 198 50 173
leaf_count=111 51 55 8052 50 50 56 51 136 65 98 50 107 65 79 2911 72 82 55 767 301 506 60 72 50 222 59 77 198 50 173
internal_value=2.70928e-06 0.00188343 -1.72054e-05 7.48936e-05 5.05028e-05 0.000629379 0.000910343 1.64117e-05 0.000113873 0.000471353 7.44545e-05 0.00029328 0.000212846 0.000431432 -2.95382e-05 9.29237e-05 0.000447703 0.000468531 1.53124e-05 0.000108143 2.39417e-05 0.000396034 0.000180872 4.22149e-05 -8.0726e-05 1.13669e-06 0.00015946 -8.4859e-05 1.70251e-05 4.67513e-05
internal_weight=14731 156 14575 5917 5756 311 161 5445 1779 163 1616 325 255 144 3666 755 218 105 1291 524 650 110 144 101 8658 358 136 8300 248 474
internal_count=14731 156 14575 5917 5756 311 161 5445 1779 163 1616 325 255 144 3666 755 218 105 1291 524 650 110 144 101 8658 358 136 8300 248 474
is_linear=0
shrinkage=0.05


Tree=11
num_leaves=31
num_cat=0
split_feature=133 90 103 0 177 99 133 92 49 77 163 141 139 110 139 5 172 180 131 82 85 36 164 104 141 86 99 7 82 142
split_gain=0.202912 0.384568 0.0317163 0.0446712 0.038227 0.0209624 0.0167165 0.0316442 0.0350656 0.00679304 0.00527718 0.00451799 0.00581894 0.00394521 0.00282031 0.00260978 0.00203584 0.00195856 0.00419916 0.0124427 0.00240395 0.0018214 0.0017579 0.00198843 0.00174105 0.00172284 0.0016482 0.00140869 0.0014942 0.00127781
threshold=88.200000000000003 25.08061224489796 1300.6500000000003 0.20185000000000003 -0.0001209874360869566 2.0999999999999663 80.210000000000022 21.050000000000008 978.95000000000016 274.34757110000004 0.43750000000000006 33.775000000000013 58.77504060138714 14.850000000000003 84.628663279206279 3.6750000000000003 7.5000000000000009 0.25694444444444448 33.845472724088289 26.466000000000005 269.87751980000002 268.37175825000003 0.4513888888888889 0.95000000000000018 35.815000000000005 5.5000000000000009 3.4500000000000459 0.055700000000000006 22.286000000000005 615.8110207943779
decision_type=2 2 2 2 2 2 2 2 2 2 2 2 2 2 2 2 8 2 2 2 2 2 2 2 2 2 2 2 2 2
left_child=2 21 3 4 -1 -5 9 10 -9 11 -8 16 24 -12 15 -11 26 -4 19 -19 -20 -2 23 -22 -13 -16 -6 28 -17 -14
right_child=1 -3 17 5 6 -7 7 8 -10 14 13 12 29 -15 25 27 -18 18 20 -21 22 -23 -24 -25 -26 -27 -28 -29 -30 -31
leaf_value=0.0012447233414824761 -0.00011073338593920006 0.0053594732188902731 -9.0724843638720942e-05 0.00039852075831381135 5.7576817254794335e-05 0.0018016305085844717 -0.00010145625473482403 0 0.0018324380211086578 -5.357237201546718e-05 0 0.00067446014229773576 -0.00011359870587712375 0.00059028895221217685 0 0 -8.4369596646489171e-06 0 -8.0960038540665841e-05 0.00080573828441889172 0.00039230566663263746 0.00027760398497989899 -8.9933016701966474e-06 0 0.00023016757366980421 0.00038427812418544475 0.00040804643579037277 8.3151546959850774e-06 0.00034466115269950887 0.00014566793656971611
leaf_weight=66 56 50 5951 82 201 51 174 51 63 2774 69 86 58 63 83 58 494 266 2380 55 63 50 395 64 97 64 58 609 75 125
leaf_count=66 56 50 5951 82 201 51 174 51 63 2774 69 86 58 63 83 58 494 266 2380 55 63 50 395 64 97 64 58 609 75 125
internal_value=2.74496e-06 0.00179095 -1.61732e-05 7.95036e-05 5.55545e-05 0.000983299 3.92697e-05 0.000341758 0.00105186 1.1591e-05 5.83595e-05 0.000120014 0.00026672 0.000305799 -2.01898e-05 -3.04123e-05 4.18156e-05 -7.30484e-05 -3.88414e-05 0.00012768 -5.90209e-05 2.65981e-05 3.14116e-05 0.000195232 0.000468666 0.000189084 0.000156559 4.93988e-05 0.000198739 3.61513e-05
internal_weight=14731 156 14575 5401 5268 133 5202 420 114 4782 306 1119 366 132 3663 3516 753 9174 3223 321 2902 106 522 127 183 147 259 742 133 183
internal_count=14731 156 14575 5401 5268 133 5202 420 114 4782 306 1119 366 132 3663 3516 753 9174 3223 321 2902 106 522 127 183 147 259 742 133 183
is_linear=0
shrinkage=0.05


Tree=12
num_leaves=31
num_cat=0
split_feature=133 90 103 0 177 99 92 136 28 4 43 188 89 88 85 137 23 3 137 138 138 186 44 36 5 30 3 0 99 140
split_gain=0.183461 0.347784 0.0289175 0.0429318 0.0348343 0.0149881 0.0133353 0.0306381 0.00790046 0.00767293 0.0045704 0.00856273 0.00831562 0.00375803 0.00359819 0.00458249 0.00876485 0.00318095 0.00239462 0.00251993 0.00293186 0.00389173 0.00170716 0.00165187 0.00146368 0.00160888 0.00136745 0.00122903 0.0011611 0.00407566
threshold=88.200000000000003 25.08061224489796 1200.3500000000001 0.20185000000000003 -0.0001209874360869566 2.0999999999999663 20.050000000000008 0.05000000000000001 44.050000000000004 0.0022618450000000006 0.30650000000000005 1.0000000180025095e-35 42.45000000000001 26.112500000000008 275.64710005000006 0.045000000000000005 24.079166666666669 0.049513091500000002 1.0000000180025095e-35 3.9200000000000004 2.9800000000000004 0.00024832558664072355 532.50000000000011 268.37175825000003 13.645000000000001 -1.5699999999999987 0.059304838000000006 0.44465000000000005 4.4500000000000464 57.260000000000005
decision_type=2 2 2 2 2 2 2 2 2 2 2 2 2 2 2 2 2 2 2 2 2 8 2 2 2 2 2 2 2 2
left_child=2 23 3 4 -1 -5 8 -8 13 -10 -9 12 22 18 27 16 -16 -15 -6 20 -20 -22 -12 -2 -17 -26 -19 28 -4 -30
right_child=1 -3 14 5 6 -7 7 10 9 -11 11 -13 -14 17 15 24 -18 26 19 -21 21 -23 -24 -25 25 -27 -28 -29 29 -31
leaf_value=0.0012229244441004994 -0.00010529384724673277 0.0050967536755727946 -7.8303288733129445e-05 0.00039998520821691571 0.00042113077420463717 0.0017132812587974163 0.0013260241171877572 -3.3859333658862538e-06 0 0.00079272846495094269 0.00092422248198903 0 0 -6.7355910262431397e-05 0.00081799109543984137 -4.8928999015669882e-05 0 0.00025884421280716202 0 0 0.00048482866932747791 0 0.00031110249502300995 0.00026399594211362263 0 0.0003332098836504054 1.9583119540415e-05 0.00013184105149808932 -6.4749408151647015e-05 0.00042962411107545648
leaf_weight=63 56 50 8743 61 51 51 60 272 64 61 74 174 59 2113 50 589 65 79 97 681 109 50 52 50 73 56 525 54 199 50
leaf_count=63 56 50 8743 61 51 51 60 272 64 61 74 174 59 2113 50 589 65 79 97 681 109 50 52 50 73 56 525 54 199 50
internal_value=2.81231e-06 0.00170316 -1.51595e-05 8.65276e-05 6.16206e-05 0.00105212 4.40653e-05 0.000246274 6.22336e-06 0.000396208 0.000133757 0.000251274 0.000487128 -5.68822e-06 -6.40067e-05 3.12782e-05 0.000324468 -3.73003e-05 7.61391e-05 5.16021e-05 0.000185018 0.000317482 0.000715001 2.30098e-05 -9.1131e-06 0.000133198 5.95178e-05 -7.33361e-05 -7.51388e-05 1.58438e-05
internal_weight=14731 156 14575 4696 4584 112 4521 691 3830 125 631 359 185 3705 9879 833 115 2717 988 937 256 159 126 106 718 129 604 9046 8992 249
internal_count=14731 156 14575 4696 4584 112 4521 691 3830 125 631 359 185 3705 9879 833 115 2717 988 937 256 159 126 106 718 129 604 9046 8992 249
is_linear=0
shrinkage=0.05


Tree=13
num_leaves=31
num_cat=0
split_feature=133 90 103 0 177 126 160 136 28 4 24 6 88 94 175 112 133 0 137 138 138 186 185 2 187 36 105 2 124 26
split_gain=0.165877 0.314518 0.0262577 0.0389613 0.0314635 0.0131496 0.0120775 0.0271148 0.00719102 0.00692512 0.00377952 0.00423031 0.00354802 0.00336912 0.00387136 0.00328922 0.00820422 0.00264623 0.00214908 0.00223353 0.00265844 0.00354591 0.00166878 0.00156938 0.00255433 0.0014979 0.00149157 0.00115417 0.00673272 0.00101774
threshold=88.200000000000003 25.08061224489796 1200.3500000000001 0.20185000000000003 -0.0001209874360869566 13.500000000000002 0.39897959183673476 0.05000000000000001 44.050000000000004 0.0022618450000000006 32.300000000000004 0.00030833333333333337 26.112500000000008 14.500000000000002 10.500000000000002 290.15894425000005 80.530000000000015 0.024400000000000002 1.0000000180025095e-35 3.9200000000000004 2.9800000000000004 0.00024832558664072355 0.0008807361500103374 8.5250000000000026e-05 0.58708421167203217 268.37175825000003 11.500000000000002 0.0053583815000000012 -0.9159756150367534 15.500000000000002
decision_type=2 2 2 2 2 2 2 2 2 2 2 2 2 2 8 2 2 2 2 2 2 8 10 2 2 2 2 2 2 2
left_child=2 25 3 4 -1 -5 8 -8 12 -10 11 -9 18 -12 -15 27 22 -14 -6 20 -20 -22 -17 -24 -25 -2 -19 29 -29 -4
right_child=1 -3 15 5 6 -7 7 10 9 -11 13 -13 17 14 -16 16 -18 26 19 -21 21 -23 23 24 -26 -27 -28 28 -30 -31
leaf_value=0.0011627336159835977 -0.00010012152095697004 0.0048469129020539941 -7.780697464937658e-05 0.001601815361322628 0.00040047917587799026 0.00036338096749386753 0.001238349082226294 0 0 0.0007537313458892787 -7.4866806001712868e-06 0.00060698400000086332 -6.5795936993471178e-05 0.00054828047366534138 0 -6.414183408313445e-05 0.00057398729137189328 0.00021930215348321431 0 0 0.00046080760619687756 0 -9.5035636267686417e-06 0 0.00042261638381056239 0.00025105496277569284 2.6989639596510144e-06 0.00054803718085738595 -6.1070560449358712e-05 2.7871708196737637e-05
leaf_weight=63 56 50 8200 53 51 59 61 53 64 61 392 78 2065 65 82 637 62 107 97 679 109 50 186 110 66 50 507 50 405 163
leaf_count=63 56 50 8200 53 51 59 61 53 64 61 392 78 2065 65 82 637 62 107 97 679 109 50 186 110 66 50 507 50 405 163
internal_value=2.85607e-06 0.00161968 -1.42161e-05 8.26622e-05 5.88797e-05 0.00100266 4.21381e-05 0.000228242 4.87345e-06 0.000377019 0.000127117 0.000374673 -6.5546e-06 5.71088e-05 0.000262034 -6.07771e-05 1.87293e-05 -3.76413e-05 7.27959e-05 4.91716e-05 0.000174736 0.000300967 -1.12706e-05 6.79114e-05 0.000177565 1.9597e-05 4.88711e-05 -7.09115e-05 0 -7.51463e-05
internal_weight=14731 156 14575 4696 4584 112 4521 731 3790 125 670 131 3665 539 147 9879 1061 2679 986 935 256 159 999 362 176 106 614 8818 455 8363
internal_count=14731 156 14575 4696 4584 112 4521 731 3790 125 670 131 3665 539 147 9879 1061 2679 986 935 256 159 999 362 176 106 614 8818 455 8363
is_linear=0
shrinkage=0.05


Tree=14
num_leaves=31
num_cat=0
split_feature=133 83 126 0 137 86 92 180 142 92 132 170 41 23 81 50 11 126 75 128 43 173 23 137 99 138 35 160 49 122
split_gain=0.149972 0.249941 0.0236819 0.0319485 0.0320161 0.0702486 0.0196717 0.00741631 0.00627618 0.00607901 0.00970785 0.00537394 0.00518086 0.00467046 0.00431631 0.00395446 0.00365262 0.00267077 0.00155962 0.00241088 0.0013819 0.00230854 0.00359132 0.00107428 0.00385186 0.00181173 0.00126392 0.000891254 0.000883321 0.000794062
threshold=88.200000000000003 14.450000000000001 39.500000000000007 0.20185000000000003 1.0000000180025095e-35 9.5000000000000018 13.750000000000005 0.25694444444444448 615.8110207943779 17.450000000000006 1.5000000000000002 0.52486599134029055 47.500000000000007 26.194444444444446 28.950000000000003 1028.2500000000002 0.0035645541319444447 16.500000000000004 7.2500000000000009 9.5357155484215177 0.36150000000000004 10.500000000000002 24.965972222222227 0.070000000000000021 3.8500000000000232 3.98 286.27459675000006 0.44183673469387763 978.35000000000002 17.500000000000004
decision_type=2 2 2 2 2 2 2 2 2 2 2 2 2 2 2 2 2 2 2 2 2 10 2 2 2 2 2 2 2 2
left_child=2 -2 3 4 5 12 -5 14 11 16 -11 13 28 -9 15 18 -10 -15 19 -6 -13 22 -22 24 25 26 -4 -16 -1 -29
right_child=1 -3 23 6 7 -7 -8 8 9 10 -12 20 -14 17 27 -17 -18 -19 -20 -21 21 -23 -24 -25 -26 -27 -28 29 -30 -31
leaf_value=-6.8575825444572883e-05 4.8802495410770846e-06 0.0042201262217713524 0 0.0012689495650225913 0.00033137536669190803 0.0021306105685959522 8.1147194596511933e-05 -1.889579719112765e-05 0 0.00087300075641425119 0.00012374876893412126 -4.7852098884824633e-05 0.00048404982032819585 0.00074482176927003006 -6.4023248529075338e-05 0.00045484951677887393 0.00038763143724034667 0.00016250847637729751 -1.5741041415691874e-05 0 0 -4.210392360686523e-05 0.00053106218848903341 -7.4689085182149816e-05 0.00037941373956643727 -6.4513912885589438e-05 0.00030599781169887426 -2.795097635258507e-06 0.00017851093746310866 0.00019740454577639062
leaf_weight=123 101 55 122 87 96 56 74 61 277 86 125 791 82 54 2629 65 80 79 418 176 62 107 57 7156 54 1275 51 230 50 52
leaf_count=123 101 55 122 87 96 56 74 61 277 86 125 791 82 54 2629 65 80 79 418 176 62 107 57 7156 54 1275 51 230 50 52
internal_value=2.92357e-06 0.00154029 -1.32927e-05 6.33663e-05 4.29474e-05 0.000535967 0.000757738 1.37764e-05 9.81098e-05 0.000236432 0.000455393 2.89652e-05 0.000159284 0.00027074 -2.58001e-05 7.79834e-05 9.21402e-05 0.000440044 3.46387e-05 0.00013015 -1.24642e-05 8.90323e-05 0.00024798 -6.62613e-05 -2.27589e-05 -4.14593e-05 9.91109e-05 -5.44521e-05 0 1.70204e-05
internal_weight=14731 156 14575 5917 5756 311 161 5445 1779 568 211 1211 255 194 3666 755 357 133 690 272 1017 226 119 8658 1502 1448 173 2911 173 282
internal_count=14731 156 14575 5917 5756 311 161 5445 1779 568 211 1211 255 194 3666 755 357 133 690 272 1017 226 119 8658 1502 1448 173 2911 173 282
is_linear=0
shrinkage=0.05


end of trees

feature_importances:
pct_forest=27
last_osi=17
gust_mean_next_48h=14
min_t2m_next_6h=13
hours_since_obs=12
P_active_frac_obs=12
gust_peak4h_mean_next_24h=11
gust_last_obs=10
gust_max_next_24h=10
pressure_change_6h=10
cumul_gust_since_onset=10
pct_wetland=10
pct_unmapped=10
forest_x_customers=9
tp_rate_next_48h=9
last_D_t=8
mslma_t=8
pressure_change_3h=8
tree_canopy_pct=8
restoration_ratio_obs=8
wind_speed_max_next_24h=7
total_tp_next_48h=7
tree_canopy_std=7
N_nonzero_frac_obs=7
last_N_t=6
blh_t=6
min_t2m_next_24h=6
cumul_tp_since_onset=6
last_R_t=5
d2m_t=5
t2m_at_t48h=5
P_trend_last24_obs=5
N_per_gust_excess_obs=5
P_change_per_gust_excess_obs=5
gust_max_last6h_obs=4
sp_t=4
gust_x_hso=4
wind_speed_max_next_6h=4
gust_gt30_next_24h=4
gust_max_next_48h=4
pct_agriculture=4
pct_forest_classified=4
D_mean_last24_obs=4
last_P_t=3
last_outage_pct=3
outage_pct_mean_72h=3
N_t_max_72h=3
R_t_max_72h=3
osi_trend_last6h=3
frac_zero_72h=3
gust_mean_obs=3
soil_moist_t=3
t2m_at_t6h=3
wind_speed_at_t24h=3
t2m_at_t24h=3
hour_cos=3
log_customers=3
pop_density=3
pct_water=3
R_nonzero_frac_obs=3
hours_since_P_peak_obs=3
gust_at_first_material_N_obs=3
N_t_mean_72h=2
gust_max_obs=2
gust_gt40_obs=2
gust_trend_last6h_obs=2
r2_t=2
gust_mean_next_24h=2
min_t2m_next_48h=2
gust_gt30_next_48h=2
gust_at_t24h=2
wind_speed_at_t48h=2
first_material_N_hour_obs=2
gust_to_N_best_lag_obs=2
osi_mean_72h=1
osi_max_72h=1
outage_pct_max_72h=1
pre_event_mean_osi=1
storm_onset_mean_osi=1
hours_since_peak=1
wind_speed_t=1
t2m_t=1
diffuse_rad_t=1
total_tp_next_24h=1
wind_speed_max_next_48h=1
gust_peak4h_mean_next_48h=1
temp_change_6h=1
gust_gt30_since_onset=1
gust_at_t6h=1
wind_speed_at_t6h=1
tp_at_t6h=1
hour_of_day=1
n_utilities=1
pct_developed=1
R_mean_last24_obs=1
flow_balance_last24_obs=1
hours_since_N_peak_obs=1
hours_since_R_peak_obs=1
first_material_R_hour_obs=1
P_post_peak_slope_obs=1
gust_to_N_best_corr_obs=1

parameters:
[boosting: gbdt]
[objective: huber]
[metric: rmse]
[tree_learner: serial]
[device_type: cpu]
[data_sample_strategy: bagging]
[data: ]
[valid: ]
[num_iterations: 2000]
[learning_rate: 0.05]
[num_leaves: 31]
[num_threads: -1]
[seed: 42]
[deterministic: 0]
[force_col_wise: 0]
[force_row_wise: 0]
[histogram_pool_size: -1]
[max_depth: -1]
[min_data_in_leaf: 50]
[min_sum_hessian_in_leaf: 0.001]
[bagging_fraction: 0.8]
[pos_bagging_fraction: 1]
[neg_bagging_fraction: 1]
[bagging_freq: 5]
[bagging_seed: 42]
[bagging_by_query: 0]
[feature_fraction: 0.8]
[feature_fraction_bynode: 1]
[feature_fraction_seed: 42]
[extra_trees: 0]
[extra_seed: 12879]
[early_stopping_round: 0]
[early_stopping_min_delta: 0]
[first_metric_only: 0]
[max_delta_step: 0]
[lambda_l1: 0.1]
[lambda_l2: 1]
[linear_lambda: 0]
[min_gain_to_split: 0]
[drop_rate: 0.1]
[max_drop: 50]
[skip_drop: 0.5]
[xgboost_dart_mode: 0]
[uniform_drop: 0]
[drop_seed: 42]
[top_rate: 0.2]
[other_rate: 0.1]
[min_data_per_group: 100]
[max_cat_threshold: 32]
[cat_l2: 10]
[cat_smooth: 10]
[max_cat_to_onehot: 4]
[top_k: 20]
[monotone_constraints: ]
[monotone_constraints_method: basic]
[monotone_penalty: 0]
[feature_contri: ]
[forcedsplits_filename: ]
[refit_decay_rate: 0.9]
[cegb_tradeoff: 1]
[cegb_penalty_split: 0]
[cegb_penalty_feature_lazy: ]
[cegb_penalty_feature_coupled: ]
[path_smooth: 0]
[interaction_constraints: ]
[verbosity: -1]
[saved_feature_importance_type: 0]
[use_quantized_grad: 0]
[num_grad_quant_bins: 4]
[quant_train_renew_leaf: 0]
[stochastic_rounding: 1]
[linear_tree: 0]
[max_bin: 255]
[max_bin_by_feature: ]
[min_data_in_bin: 3]
[bin_construct_sample_cnt: 200000]
[data_random_seed: 42]
[is_enable_sparse: 1]
[enable_bundle: 1]
[use_missing: 1]
[zero_as_missing: 0]
[feature_pre_filter: 1]
[pre_partition: 0]
[two_round: 0]
[header: 0]
[label_column: ]
[weight_column: ]
[group_column: ]
[ignore_column: ]
[categorical_feature: ]
[forcedbins_filename: ]
[precise_float_parser: 0]
[parser_config_file: ]
[objective_seed: 16083]
[num_class: 1]
[is_unbalance: 0]
[scale_pos_weight: 1]
[sigmoid: 1]
[boost_from_average: 1]
[reg_sqrt: 0]
[alpha: 0.9]
[fair_c: 1]
[poisson_max_delta_step: 0.7]
[tweedie_variance_power: 1.5]
[lambdarank_truncation_level: 30]
[lambdarank_norm: 1]
[label_gain: ]
[lambdarank_position_bias_regularization: 0]
[eval_at: ]
[multi_error_top_k: 1]
[auc_mu_weights: ]
[num_machines: 1]
[local_listen_port: 12400]
[time_out: 120]
[machine_list_filename: ]
[machines: ]
[gpu_platform_id: -1]
[gpu_device_id: -1]
[gpu_device_id_list: ]
[gpu_use_dp: 0]
[num_gpu: 1]

end of parameters

pandas_categorical:[]
