tree
version=v4
num_class=1
num_tree_per_iteration=1
label_index=0
max_feature_idx=162
objective=regression
feature_names=last_osi last_P_t last_N_t last_D_t last_R_t last_outage_pct osi_mean_72h osi_max_72h osi_std_72h outage_pct_mean_72h outage_pct_max_72h N_t_mean_72h N_t_max_72h R_t_mean_72h R_t_max_72h pre_event_mean_osi pre_event_max_outage_pct storm_onset_max_osi storm_onset_mean_osi osi_trend_last6h is_worsening frac_zero_72h hours_since_peak gust_mean_obs gust_max_obs gust_gt30_obs gust_gt40_obs cumul_gust_obs gust_last_obs gust_max_last6h_obs gust_trend_last6h_obs gust_t wind_speed_t wind_sin_t wind_cos_t t2m_t d2m_t tp_t rain_t csnow_t sdwe_t r2_t vpd_t soil_moist_t blh_t tcc_t lcc_t mcc_t hcc_t sp_t mslma_t sdswrf_t direct_rad_t diffuse_rad_t et0_t temp_c_t dewpoint_c_t icing_risk_t gust_exceed_30 soil_moist_x_gust is_snowing gust_x_hso gust_x_phase soil_gust_x_phase gust_exceed30_x_hso gust_max_next_1h gust_mean_next_1h wind_speed_max_next_1h total_tp_next_1h min_t2m_next_1h gust_gt30_next_1h gust_gt40_next_1h gust_peak4h_mean_next_1h gust_max_next_6h gust_mean_next_6h wind_speed_max_next_6h total_tp_next_6h min_t2m_next_6h gust_gt30_next_6h gust_gt40_next_6h gust_peak4h_mean_next_6h gust_max_next_24h gust_mean_next_24h wind_speed_max_next_24h total_tp_next_24h min_t2m_next_24h gust_gt30_next_24h gust_gt40_next_24h gust_peak4h_mean_next_24h gust_max_next_48h gust_mean_next_48h wind_speed_max_next_48h total_tp_next_48h min_t2m_next_48h gust_gt30_next_48h gust_gt40_next_48h gust_peak4h_mean_next_48h gust_change_1h gust_change_3h pressure_change_3h pressure_change_6h temp_change_6h wind_change_1h cumul_gust_since_onset cumul_tp_since_onset gust_gt30_since_onset gust_at_t1h wind_speed_at_t1h t2m_at_t1h tp_at_t1h gust_at_t6h wind_speed_at_t6h t2m_at_t6h tp_at_t6h gust_at_t24h wind_speed_at_t24h t2m_at_t24h tp_at_t24h gust_at_t48h wind_speed_at_t48h t2m_at_t48h tp_at_t48h hour_of_day hour_sin hour_cos days_since_onset hours_since_obs storm_phase log_customers rural_urban_code is_metro pop_density n_utilities pct_forest pct_developed pct_agriculture pct_water pct_wetland pct_unmapped pct_forest_classified tree_canopy_pct tree_canopy_std forest_x_customers window_len_next_1h is_full_next_1h tp_rate_next_1h gust_gt30_frac_next_1h has_weather_at_t1h window_len_next_6h is_full_next_6h tp_rate_next_6h gust_gt30_frac_next_6h has_weather_at_t6h window_len_next_24h is_full_next_24h tp_rate_next_24h gust_gt30_frac_next_24h has_weather_at_t24h window_len_next_48h is_full_next_48h tp_rate_next_48h gust_gt30_frac_next_48h has_weather_at_t48h
feature_infos=[0:0.55230000000000001] [0:0.82424180700000005] [0:0.065400654000000003] [0:0.90465771100000003] [0:0.058582058999999999] [0:82.420000000000002] [4.1666666666666669e-06:0.26529999999999998] [0.0001:0.65049999999999997] [1.9982631347136334e-05:0.22470370552747407] [0.00083333333333333328:39.644861111111112] [0.02:100] [3.1208333333333337e-06:0.018623942125000001] [7.4900000000000005e-05:0.37916412199999999] [3.1208333333333337e-06:0.017093115180555556] [7.4900000000000005e-05:0.18675781699999999] [0:0.38653749999999998] [0:100] [0:0.59799999999999998] [0:0.20940416666666664] [-0.055854285714285697:0.019237142857142855] [0:1] [0:0.95833333333333337] [0:71] [13.03611111111111:31.258333333333326] [29.100000000000001:70] [0:35] [0:17] [938.59999999999991:2250.5999999999995] [3.8999999999999999:47.5] [15.4:64.5] [-6.477142857142856:3.3114285714285714] [0.59999999999999998:58.299999999999997] [0:38] [-0.99999999953664132:0.99999999987412524] [-0.99999999369183823:1] [259.42265909999998:298.4303941] [257.33913039999999:289.74666669999999] [0:11.300000000000001] [0:11.300000000000001] [0:2.52] [0:0.089999999999999997] [15:100] [0:2.5] [0.16700000000000001:0.52300000000000002] [10:3015] [0:100] [0:100] [0:100] [0:100] [884.60000000000002:1027.2] [986.70000000000005:1031.8] [0:863] [0:737] [0:463] [0:0.59999999999999998] [-13.727340900000002:25.280394100000024] [-15.81086959999999:16.596666700000014] [0:1] [0:28.299999999999997] [0.19259999999999999:23.550000000000001] [0:1] [0.80000000000000004:3819.7999999999997] [0:107.59999999999999] [0:47.100000000000001] [0:1689.7999999999997] [1.2:58.299999999999997] [0.89999999999999991:54.5] [0:38] [0:14.699999999999999] [259.42265909999998:298.21689659999998] [0:2] [0:2] [0.89999999999999991:54.5] [2.7999999999999998:58.299999999999997] [2.0571428571428569:49.328571428571429] [0.40000000000000002:38] [0:26.699999999999999] [259.42265909999998:296.40927479999999] [0:7] [0:7] [2.5999999999999996:52.550000000000004] [8.3000000000000007:58.299999999999997] [4.5520000000000005:43.052] [5:38] [0:34.399999999999999] [259.42265909999998:286.57337899999999] [0:25] [0:19] [7.5:52.550000000000004] [10.1:58.299999999999997] [5.3392857142857135:37.897959183673471] [5.2000000000000002:38] [0:37.399999999999999] [259.42265909999998:282.77648069999998] [0:42] [0:22] [9.375:52.550000000000004] [-24.299999999999997:28.199999999999999] [-32:33.399999999999999] [-6.1999999999999318:10.599999999999909] [-10.899999999999977:14.599999999999909] [-20.027499999999975:21.845291299999985] [-15.300000000000001:28.000000000000004] [347.09999999999997:4155.3000000000002] [0:40.299999999999997] [0:61] [0.59999999999999998:58.299999999999997] [0:38] [259.42265909999998:298.4303941] [0:11.300000000000001] [0.90000000000000002:58.299999999999997] [0:38] [259.42265909999998:298.4303941] [0:11.300000000000001] [0.90000000000000002:58.299999999999997] [0:38] [259.42265909999998:298.4303941] [0:11.300000000000001] [0.90000000000000002:53.799999999999997] [0:33.799999999999997] [259.42265909999998:296.58327589999999] [0:11.300000000000001] [0:23] [-1:1] [-1:1] [1:5] [1:120] [0:3] [7.1180162044653335:13.453719692845613] [1:9] [0:1] [8.3691524328166658:11939.655837338518] [1:11] [0.96999999999999997:88.719999999999999] [2.21:86.629999999999995] [0.080000000000000002:87.469999999999999] [0.01:5.5099999999999998] [0:16.82] [1.8899999999999999:17.02] [0.98868616858628067:95.299005138296707] [2.2000000000000002:81.680000000000007] [12.65:40.350000000000001] [8.0679963363985543:931.7442536362413] none none [0:7.3499999999999996] [0:1] none none none [0:3.8142857142857141] [0:1] none none none [0:1.3759999999999999] [0:1] none [25:49] [0:1] [0:0.76326530612244892] [0:0.8571428571428571] [0:1]
tree_sizes=3401 3528 3520 3508 3495 3519 3525 3470 3509 3545 3517 3507

Tree=0
num_leaves=31
num_cat=0
split_feature=0 126 140 50 19 126 126 1 14 33 81 3 81 104 85 92 28 96 67 155 138 82 140 104 30 136 140 138 103 3
split_gain=2.33928 2.64665 0.796771 1.39508 2.05497 0.463661 0.357866 0.424093 0.187887 0.145895 0.116249 0.109831 0.075642 0.0730012 0.0725515 0.069018 0.0437666 0.0386837 0.0371633 0.0365031 0.0472192 0.0336895 0.0359998 0.0336135 0.0266353 0.0246482 0.0555617 0.045368 0.0339328 0.0205639
threshold=0.20185000000000003 22.500000000000004 71.610000000000014 1006.35 -0.0021257142857142846 41.500000000000007 38.500000000000007 0.076596802500000019 0.016839561500000003 -0.87288316636904828 40.650000000000013 0.18851152100000004 38.250000000000007 1.8500000000000005 275.88472435000006 9.3500000000000032 40.300000000000004 34.88750000000001 14.950000000000001 0.042000000000000016 3.3550000000000004 26.174000000000007 68.935000000000016 12.350000000000003 -3.5142857142857129 0.31500000000000006 9.5150000000000023 5.3600000000000003 1173.0000000000002 0.20549437300000004
decision_type=2 2 2 2 2 2 2 2 2 2 2 2 2 2 2 2 2 2 2 2 2 2 2 2 2 2 2 2 2 2
left_child=2 -2 6 4 -4 -3 7 12 -6 11 19 -9 -1 -11 18 -8 -13 -14 -12 -5 -21 22 24 -7 -17 26 -19 28 -28 -15
right_child=1 5 3 10 8 23 15 9 -10 13 14 16 17 29 -16 21 -18 25 -20 20 -22 -23 -24 -25 -26 -27 27 -29 -30 -31
leaf_value=0.0098122724985796259 0.017191403307516506 0.012971082398285809 0.016557713377906975 0.0098154581858945957 0.010312494115953499 0.010679234444067492 0.0097330339244088796 0.010793686474422137 0.01230954326874705 0.01031742929503859 0.012123983400097934 0.011428721748682593 0.01110847050346471 0.010778426839767496 0.010225384378129384 0.010782146340033454 0.01263165918697264 0.0099661478385539692 0.010690766911248572 0.011372054069932146 0.010086762400339394 0.0099074198243093766 0.011306562488798858 0.0098339829571263311 0.010030042349326347 0.010030062631677493 0.010664819160382038 0.010129844009492654 0.011771790023913511 0.011693292957049399
leaf_weight=2501.8257418870926 237 219 235.64708757400513 1129.2866340875626 371.31333374977112 205.24853384494781 9188.2068744897842 354.35790050029755 175.73492479324341 947.30177998542786 122.82577621936798 176.92019355297089 108.72137105464935 160.96643686294556 218.56713247299194 145.62559401988983 184.59365606307983 520.7473441362381 90.446214914321899 89.645862936973572 314.78029561042786 1897.2762649059296 77.479537725448608 272.68679332733154 590.83734166622162 1682.789280295372 246.03220021724701 219.1474221944809 109.77915167808533 138
leaf_count=2215 79 73 79 1017 226 84 8836 144 72 529 54 69 48 67 137 84 62 387 54 45 235 1529 34 235 445 1210 125 151 42 46
internal_value=0.0101865 0.0126358 0.0100821 0.0108779 0.0126617 0.0110716 0.00996825 0.0102419 0.0109658 0.0108716 0.0101693 0.0114428 0.0100135 0.0105388 0.0108901 0.00979877 0.0120618 0.0101896 0.0115447 0.00996273 0.0103615 0.0100235 0.0102879 0.0101944 0.0101861 0.0101516 0.0103336 0.0106749 0.0110238 0.011221
internal_weight=22932.8 933.935 21998.9 2748.25 782.695 696.935 19250.6 7351.18 547.048 1962.14 1965.55 715.872 5389.04 1246.27 431.839 11899.4 361.514 2887.22 213.272 1533.71 404.426 2711.22 813.942 477.935 736.463 2778.5 1095.71 574.959 355.811 298.966
internal_count=18413 471 17942 1919 377 392 16023 5095 298 917 1542 275 4178 642 245 10928 131 1963 108 1297 280 2092 563 319 529 1915 705 318 167 113
is_linear=0
shrinkage=1


Tree=1
num_leaves=31
num_cat=0
split_feature=0 126 133 50 126 103 0 133 50 131 100 84 141 5 99 48 88 100 103 15 88 43 84 137 83 141 15 24 100 137
split_gain=2.11231 2.38918 2.10909 2.39903 0.419936 0.386595 0.298456 0.225836 0.371838 0.294608 0.220245 0.0986524 0.0781052 0.0774396 0.05909 0.0528856 0.0484807 0.0472613 0.0469659 0.0353998 0.0335917 0.0331223 0.0280779 0.0259566 0.0253782 0.0241012 0.0221115 0.0212421 0.0167894 0.0161617
threshold=0.20185000000000003 22.500000000000004 88.200000000000003 1008.35 42.500000000000007 2087.0500000000006 0.091900000000000023 79.305000000000021 1004.0500000000001 35.133458222840027 -1.1999999999999884 0.65000000000000024 35.180000000000007 7.2950000000000008 0.30000000000001142 75.500000000000014 37.162500000000009 -0.59999999999996578 767.50000000000011 0.0006895833333333335 49.875000000000007 0.35350000000000004 1.0000000180025095e-35 1.4700000000000002 18.350000000000005 38.860000000000007 0.0013427083333333336 31.950000000000006 -7.599999999999965 0.055000000000000007
decision_type=2 2 2 2 2 2 2 2 2 2 2 2 2 2 2 2 2 2 2 2 2 2 2 2 2 2 2 2 2 2
left_child=2 -2 5 -4 -3 6 7 13 9 -9 23 -5 -12 14 18 19 -10 -18 25 -14 27 -22 -15 -8 -6 26 -1 28 -20 -7
right_child=1 4 3 11 24 29 10 8 16 -11 12 -13 15 22 -16 -17 17 -19 20 -21 21 -23 -24 -25 -26 -27 -28 -29 -30 -31
leaf_value=-0.00023859896330134106 0.0066486383110535251 0.0025552384780442462 0.0092241527386537677 -0.00020632758394326952 -0.00031926393189487959 -0.00026018376486959294 -0.00014223436347697609 0.0032133535263379137 -0.00024756947691083179 0.00048452814897302339 0.00020013903296217867 0.0018630319317333019 0.0013123698566069588 0.00041871396845174005 -0.0003925594556957517 0.00090824292892939843 4.274936481195325e-05 0.0014025157375258928 0.00068435290417246915 0.0024157036195168063 -2.7682917298390214e-05 0.0010969072293280336 -4.3543508046110626e-05 0.00053842457618686701 0.00044614835850895012 0.00079120450274186094 0.0006513680793353324 -0.00022834942743995711 -3.2332754535395978e-05 -0.00045488023168849078
leaf_weight=199.99303686618805 237 234 126 134.82388877868652 294.45070922374725 1406.0529935359955 518.48951053619385 191.23313796520233 675.51071882247925 215.03535294532776 149.53296995162964 94.849840402603149 172.08266806602478 675.21044158935547 3130.6457821130753 248.03329980373383 198.28691303730011 99.451916575431824 105.22520875930786 192.2978777885437 166.2552889585495 98.924173593521118 604.2971396446228 189.29084575176239 168.4846179485321 187.05483055114746 104.18930733203888 4400.805296421051 305.96764278411865 7409.3152710199356
leaf_count=151 79 78 42 110 248 1259 362 71 564 101 81 45 60 289 2846 102 134 50 44 65 106 41 386 85 66 77 44 3465 205 7157
internal_value=-7.32886e-06 0.0023201 -0.000106465 0.00370651 0.000833558 -0.000169525 5.27405e-06 -8.11084e-05 0.000517421 0.00178602 0.000675841 0.000630965 0.00126537 -0.000164399 -0.000218091 0.00151656 -8.29215e-06 0.000516855 -0.000119052 0.00191334 -0.000164902 0.000375602 0.000196627 3.32515e-05 -2.95547e-05 0.000344042 5.09867e-05 -0.000195799 0.000140154 -0.000424426
internal_weight=22932.8 933.935 21998.9 355.674 696.935 21643.2 12827.8 11358.1 1379.52 406.268 1469.73 229.674 761.947 9978.57 8699.06 612.414 973.25 297.739 5568.41 364.381 5077.18 265.179 1279.51 707.78 462.935 491.237 304.182 4812 411.193 8815.37
internal_count=18413 471 17942 197 392 17745 9329 8574 920 172 755 155 308 7654 6979 227 748 184 4133 125 3861 147 675 447 314 272 195 3714 249 8416
is_linear=0
shrinkage=0.05


Tree=2
num_leaves=31
num_cat=0
split_feature=0 126 133 50 103 126 0 133 50 128 100 74 128 1 99 31 88 23 100 24 15 104 155 83 92 128 1 96 138 92
split_gain=1.90743 2.15718 1.90496 2.16674 0.349241 0.348878 0.269799 0.204163 0.335878 0.210734 0.1992 0.0909773 0.0724425 0.0698523 0.0535896 0.0516541 0.0438863 0.0430256 0.0426014 0.0350124 0.0328143 0.0285085 0.0253816 0.022921 0.0223123 0.0265606 0.0209445 0.0190429 0.0186743 0.0189558
threshold=0.20185000000000003 23.500000000000004 88.200000000000003 1008.35 2087.0500000000006 42.500000000000007 0.091900000000000023 79.305000000000021 1004.0500000000001 9.1980520126980121 -1.1999999999999884 20.38571428571429 10.282506010043578 0.072925425000000016 -0.900000000000034 19.650000000000002 37.162500000000009 24.534722222222225 -0.59999999999996578 35.050000000000004 0.0006895833333333335 1.8500000000000005 1.0000000180025095e-35 18.350000000000005 12.250000000000004 9.7517921875908815 0.039655072500000006 51.025000000000013 3.1850000000000005 10.150000000000004
decision_type=2 2 2 2 2 2 2 2 2 2 2 2 2 2 2 2 2 2 2 2 2 2 2 2 2 2 2 2 2 2
left_child=2 -2 4 -4 6 -3 7 13 9 -9 21 -5 17 14 15 19 -10 -12 -18 -1 -14 -8 -15 -7 25 28 -16 -17 -21 -30
right_child=1 5 3 11 -6 23 10 8 16 -11 12 -13 20 22 26 27 18 -19 -20 24 -22 -23 -24 -25 -26 -27 -28 -29 29 -31
leaf_value=0.00057864893154390893 0.0061831905323266982 0.0023694022499325569 0.0087665764048812898 -0.00027313606947618034 -0.00040323736231639881 -0.00030335476289090879 -0.00019953831032747815 0.0028099481686752674 -0.00023520929895225548 0.00049510742205172923 0.0011060500128165823 0.0016920681488838214 0.0010975303266705836 0.00039780922695696564 -0.00037823462131551344 -0.0002437719176920992 4.0622625246735244e-05 -8.2300580126855728e-05 0.0013330880922548293 -7.6340394559759584e-05 0.0020190754341583117 0.00045846493280285547 -4.1369930140992653e-05 0.00042397256552623928 -0.0002132934383603648 -0.00013552945282726333 7.2769670193514491e-06 0.00050885669796479709 0.00034300631610964614 0.0011935613665567089
leaf_weight=336.14342153072357 249 222 126 125.65612781047821 8815.3682645559311 294.45070922374725 452.26521849632263 208.22258043289185 675.51071882247925 198.04591047763824 158.86114466190338 104.01760137081146 225.96658873558044 675.21044158935547 3638.4095088243484 2842.4952329397202 198.28691303730011 131.41642463207245 99.451916575431824 117.50016164779663 245.70265758037567 255.51513779163361 604.2971396446228 168.4846179485321 621.12972748279572 349.09677410125732 361.96715414524078 81.545982241630554 245.08189308643341 105.69071137905121
leaf_count=168 83 74 42 107 8416 248 332 79 564 93 66 48 79 289 3317 2271 134 78 50 80 85 115 386 66 478 236 216 36 123 54
internal_value=-6.80478e-06 0.00220486 -0.000101022 0.00352271 -0.000160963 0.000744395 5.1577e-06 -7.69536e-05 0.00049209 0.00169778 0.000642736 0.000598692 0.0012034 -0.000156165 -0.000207174 -9.11793e-05 -7.30285e-06 0.000552451 0.000492091 0.000119757 0.00159142 3.12642e-05 0.000186615 -2.75244e-05 8.72428e-06 0.000183603 -0.00034211 -0.000220906 0.000431952 0.000616164
internal_weight=22932.8 933.935 21998.9 355.674 21643.2 684.935 12827.8 11358.1 1379.52 406.268 1469.73 229.674 761.947 9978.57 8699.06 4698.68 973.25 290.278 297.739 1774.64 471.669 707.78 1279.51 462.935 1438.5 817.37 4000.38 2924.04 468.273 350.773
internal_count=18413 471 17942 197 17745 388 9329 8574 920 172 755 155 308 7654 6979 3446 748 144 184 1139 164 447 675 314 971 493 3533 2307 257 177
is_linear=0
shrinkage=0.05


Tree=3
num_leaves=31
num_cat=0
split_feature=0 126 133 50 126 126 0 61 133 91 18 84 128 108 0 33 112 136 18 99 29 93 24 63 104 104 4 1 8 30
split_gain=1.72242 1.95546 1.72057 1.96321 0.37078 0.30498 0.216184 0.201626 0.189309 0.250222 0.189641 0.100266 0.0856479 0.0583083 0.0542123 0.0571183 0.0429714 0.042914 0.0393055 0.0391084 0.0442567 0.034605 0.0304605 0.0286557 0.0251439 0.0234446 0.0221803 0.0376241 0.0184703 0.0264838
threshold=0.20185000000000003 21.500000000000004 88.200000000000003 1006.9500000000002 41.500000000000007 67.500000000000014 0.091900000000000023 365.4500000000001 79.305000000000021 15.050000000000002 0.0044291666666666672 0.65000000000000024 10.282506010043578 290.24728035000004 0.028450000000000003 0.31326254344530929 273.39888575000003 0.6100000000000001 0.0403875 -0.900000000000034 24.550000000000004 266.45959165000005 51.95000000000001 14.743000000000002 12.350000000000003 0.35000000000000009 0.0024794665000000007 0.0060492005000000008 0.012361670566801151 0.31428571428571334
decision_type=2 2 2 2 2 2 2 2 2 2 2 2 2 2 2 2 2 2 2 2 2 2 2 2 2 2 2 2 2 2
left_child=2 -2 5 -4 -3 6 8 12 14 10 -10 -5 18 16 15 -1 -11 -14 -8 20 25 -15 -9 28 -6 -17 -22 -28 -16 -30
right_child=1 4 3 11 24 -7 7 22 9 13 -12 -13 17 21 23 19 -18 -19 -20 -21 26 -23 -24 -25 -26 -27 27 -29 29 -31
leaf_value=-0.00033653640297206161 0.0061488997738445754 0.0024350134883846706 0.0085288351885050781 -0.00019583147772091886 0.00041573320299958616 -0.00039583473824358298 0.0010801410406405814 0.00051789602755444701 0.00043026895381431928 0.00069859777502651792 0.002851632418992498 0.0018532548798876102 0.00085197710300795142 0.0014024460766044532 0.0005166782637962211 9.8677227163425349e-05 -0.00030154221502026653 0.0019900672268168321 -1.4227272375047566e-05 -0.00031308783721315745 -0.00019498492474488596 0.00020603708570752444 -0.00013381181631155574 -0.00029438756007745437 -0.00031532633461717869 0.00067098502188033069 0.00079983646110066845 -0.00013034678084186682 -7.8159145753295831e-06 0.00057348154128108
leaf_weight=4455.7440776824951 225 231 120 134.82388877868652 205.24853384494781 8086.9148125648499 146.71370220184326 239.89247214794159 168.01154947280884 125.5538489818573 166.52173101902008 100.84984040260315 148.27528309822083 110.06775856018066 292.93100535869598 437.55954468250275 653.68737494945526 277.32992172241211 164.83614599704742 1159.2605519294739 1414.5820891857147 159.92020332813263 688.77713704109192 445.78017640113831 272.68679332733154 334.26540720462799 167.61824131011963 287.04271948337555 1284.9179079532623 226.97796213626862
leaf_count=3951 75 77 40 110 84 7793 60 101 84 78 63 47 51 45 132 262 555 93 94 1022 1084 96 503 373 235 154 88 207 766 90
internal_value=-6.31359e-06 0.00209535 -9.58558e-05 0.003348 0.000794955 -0.000152834 -7.48523e-06 0.000525384 -8.25974e-05 0.000466035 0.00165537 0.000664016 0.0011424 8.08551e-05 -0.000155367 -0.000214795 -0.000133299 0.00160822 0.000486937 -7.06924e-05 3.38895e-05 0.000715611 2.95341e-05 6.04154e-05 0 0.000353552 -9.55467e-05 0.00020261 0.000150933 7.64696e-05
internal_weight=22932.8 933.935 21998.9 355.674 708.935 21643.2 13556.3 1665.82 11890.4 1383.76 334.533 235.674 737.155 1049.23 10506.7 8256.07 779.241 425.605 311.55 3800.33 2641.07 269.988 928.67 2250.61 477.935 771.825 1869.24 454.661 1804.83 1511.9
internal_count=18413 471 17942 197 396 17745 9952 902 9050 921 147 157 298 774 8129 6768 633 144 154 2817 1795 141 604 1361 319 416 1379 295 988 856
is_linear=0
shrinkage=0.05


Tree=4
num_leaves=31
num_cat=0
split_feature=0 126 133 50 126 103 0 133 50 131 100 74 136 1 33 137 86 90 104 81 136 69 138 21 104 50 96 90 92 94
split_gain=1.55541 1.76579 1.55409 1.77318 0.308574 0.286763 0.220155 0.168411 0.279246 0.236786 0.166555 0.0913883 0.0740358 0.0577364 0.0427562 0.0409926 0.0346882 0.0333633 0.0330121 0.0266132 0.0264225 0.0252787 0.024616 0.0233631 0.0227689 0.0220059 0.0174174 0.0162658 0.0161469 0.0255802
threshold=0.20185000000000003 22.500000000000004 88.200000000000003 1006.9500000000002 41.500000000000007 2087.0500000000006 0.091900000000000023 79.305000000000021 1004.4500000000002 35.133458222840027 0.85000000000002285 20.38571428571429 0.6100000000000001 0.072925425000000016 0.21980195364932137 1.4200000000000002 1.5000000000000002 24.223469387755106 1.8500000000000005 54.95000000000001 1.5850000000000002 288.31147770000001 3.7600000000000002 0.49305555555555564 13.550000000000002 1004.6500000000002 41.087500000000013 30.530612244897959 10.350000000000003 14.500000000000002
decision_type=2 2 2 2 2 2 2 2 2 2 2 2 2 2 2 2 2 2 2 2 2 2 2 2 2 2 2 2 2 2
left_child=2 -2 5 -4 -3 6 7 13 9 -9 18 -5 -12 14 -1 21 -16 22 -8 28 -14 -10 -18 26 -6 -20 -15 -21 29 -19
right_child=1 4 3 11 24 -7 10 8 15 -11 12 -13 20 23 16 -17 17 19 25 27 -22 -23 -24 -25 -26 -27 -28 -29 -30 -31
leaf_value=-0.0002996285073488574 0.0057129522788674893 0.0022617831575599584 0.0081059180052319834 -0.00025732898653379343 0.00034354061478436885 -0.00036464762526445572 -9.0084092212732784e-05 0.0027931589922838198 -0.00028446207268599592 0.00039269392293632275 0.00055677888947118232 0.001681918232447122 0.0021922195672826263 9.6501933226951266e-06 -0.000404670832027294 0.0011826139856147731 0.00075627301253010739 0.00081053687554079063 -1.835345773156162e-05 0 0.0011868702257072511 0.00030158549913163592 0.00010232843787561396 -0.00010174970498184482 -0.0003452344469538487 0.00083156733819860634 0.00050971441941829651 0.00085602907179783874 -0.00022210408824263977 -5.5359627029372838e-05
leaf_weight=4300.1460733413696 237 219 120 125.65612781047821 238.79781222343445 8815.3682645559311 557.13422238826752 195.28956627845764 641.45794141292572 228.23272013664246 259.61572957038879 110.01760137081146 172.20335805416107 293.91233217716217 678.83994877338409 64.241564869880676 195.40356683731079 94.853061318397522 100.53158617019653 97.897504925727844 166.44885408878326 250.29624664783478 636.2396719455719 469.36103141307831 239.13751494884491 213.793421626091 516.23421764373779 110.1154328584671 1856.1175774335861 729.4477299451828
leaf_count=3735 79 73 40 107 103 8416 381 73 555 108 113 50 58 164 657 41 90 49 62 59 65 143 417 309 216 76 202 51 1433 488
internal_value=-5.84652e-06 0.00199132 -9.09476e-05 0.00318203 0.000712199 -0.00014511 5.38531e-06 -6.87494e-05 0.000448002 0.00151532 0.000581357 0.000630109 0.00122407 -0.000140728 -0.000187129 -2.07023e-05 -7.5976e-05 -1.45593e-05 0.000133499 -9.61846e-05 0.00171776 -0.000114217 0.000262709 0.000170736 0 0.000544682 0.000334696 0.000441597 -0.000139933 3.90829e-05
internal_weight=22932.8 933.935 21998.9 355.674 696.935 21643.2 12827.8 11358.1 1379.52 423.522 1469.73 235.674 598.268 9978.57 8699.06 955.996 4398.91 3720.07 871.459 2888.43 338.652 891.754 831.643 1279.51 477.935 314.325 810.147 208.013 2680.42 824.301
internal_count=18413 471 17942 197 392 17745 9329 8574 920 181 755 157 236 7654 6979 739 3244 2587 519 2080 123 698 507 675 319 138 366 110 1970 537
is_linear=0
shrinkage=0.05


Tree=5
num_leaves=31
num_cat=0
split_feature=0 126 133 50 126 103 0 133 50 131 33 104 136 74 0 99 66 88 99 120 69 90 141 101 33 2 49 108 30 138
split_gain=1.74784 1.87919 1.27495 1.41999 0.326885 0.265273 0.199521 0.153294 0.324347 0.188953 0.135999 0.0594422 0.0593284 0.0500939 0.0487213 0.0460871 0.0413754 0.0293463 0.0300228 0.0288788 0.0262444 0.0258738 0.0252653 0.0201025 0.0255582 0.0189141 0.0742173 0.0169009 0.0168581 0.015209
threshold=0.20185000000000003 20.500000000000004 88.200000000000003 1010.1500000000002 40.500000000000007 2037.3500000000001 0.091900000000000023 79.305000000000021 1003.2500000000001 35.133458222840027 -0.87288316636904828 1.8500000000000005 0.6100000000000001 20.657142857142862 0.028450000000000003 -0.900000000000034 22.625000000000004 37.037500000000009 -0.24999999999999997 281.70305405000005 278.15279300000003 19.339795918367354 33.720000000000006 0.40339710000000656 0.7570183701700669 0.0053583815000000012 987.6500000000002 287.37472950000006 0.31428571428571334 4.7750000000000012
decision_type=2 2 2 2 2 2 2 2 2 2 2 2 2 2 2 2 2 2 2 10 2 2 2 2 2 2 2 2 2 2
left_child=2 -2 5 -4 -3 6 7 14 9 -9 12 -12 -8 -5 15 16 22 -10 27 -14 -13 -6 -1 -24 -25 -7 -27 -19 -16 -26
right_child=1 4 3 13 21 25 10 8 17 -11 11 20 19 -15 28 -17 -18 18 -20 -21 -22 -23 23 24 29 26 -28 -29 -30 -31
leaf_value=-8.8494366091491225e-05 0.0058773089188044192 0.0022782714429654574 0.0069292806621318306 -0.00021452046341910661 -0.00030380199019711563 -0.00036005327214340627 0.00049662473089638354 0.0029190766120738678 -0.00019721032572996467 0.00053000796519786736 -8.9700682054141842e-05 0.0012588200925416511 0.0010186975446009653 0.0012757342148277083 3.9105493270713046e-05 -0.00032181043508369337 -0.00022116107565451606 -0.00034735598485517418 0.0011229838111177506 0.0020981916730326146 0.00033032522172576613 0.00042360702017752469 1.4957649726989944e-06 -5.3941447588177575e-06 0.0010104899346480855 -0.00026485545266692444 0.0015142353843135071 0.00056444358456293232 0.0005167557982844735 0.00033535438770834649
leaf_weight=989.84655928611755 243 246 133.64433181285858 128.58272540569305 253.84980058670044 8629.3375821113586 198.20598256587982 174.36232900619507 693.13773369789124 169.19800961017609 612.74696528911591 141 138.1851931810379 93.495344996452332 1673.3924670219421 3478.9190468788147 2292.256329536438 115.14515388011932 95.345857620239258 177.97347557544708 210.41707468032837 231.32419943809509 451.70065724849701 182.15758097171783 195.5316219329834 512.75314009189606 64.9376620054245 88.002928495407104 211.92219269275665 199.57851135730743
leaf_count=720 81 82 45 107 223 8247 85 64 562 78 412 47 52 43 988 3160 1844 98 49 60 94 95 292 123 84 455 49 40 85 102
internal_value=2.57574e-06 0.00207428 -8.88086e-05 0.00287546 0.000797247 -0.000137771 1.19607e-05 -6.08804e-05 0.000440281 0.00176196 0.000557457 0.000200521 0.00121514 0.000393373 -0.000130596 -0.000186008 -7.52112e-05 -1.39053e-05 0.000394293 0.00164684 0.00071957 3.289e-05 8.8059e-05 0.000262675 0.000458041 -0.000341398 -5.39583e-05 2.39699e-05 9.56928e-05 0.000683795
internal_weight=23026 974.174 22051.8 355.722 731.174 21696.1 12489 11010.5 1335.19 343.56 1478.53 964.164 514.365 222.078 9675.3 7789.99 4311.07 991.632 298.494 316.159 351.417 485.174 2018.81 1028.97 577.268 9207.03 577.691 203.148 1885.31 395.11
internal_count=18466 481 17985 195 400 17790 9039 8289 891 142 750 553 197 150 7398 6325 3165 749 187 112 141 318 1321 601 309 8751 504 138 1073 186
is_linear=0
shrinkage=0.05


Tree=6
num_leaves=31
num_cat=0
split_feature=0 62 139 50 19 94 103 1 85 33 56 104 1 120 116 139 56 92 112 77 49 28 22 120 128 23 83 93 28 4
split_gain=1.57827 1.66067 0.484012 0.817176 1.02917 0.215464 0.195848 0.217524 0.177288 0.12191 0.0802348 0.0563988 0.0487231 0.0494685 0.0357475 0.0401503 0.0424876 0.0339347 0.0503047 0.0573738 0.0321919 0.0306289 0.0246704 0.0577276 0.0246011 0.0220169 0.0191654 0.0179356 0.0178339 0.0164636
threshold=0.20185000000000003 12.950000000000001 87.760506709764101 1004.85 -0.0021257142857142846 15.500000000000002 1877.0500000000002 0.15152663050000001 267.39846355000003 -0.87288316636904828 8.3031554000000387 1.8500000000000005 0.072925425000000016 270.91219885000004 294.83137495000005 83.777273392101407 10.560091600000023 0.95000000000000029 275.6211356500001 267.50518655000002 976.6500000000002 44.750000000000007 1.0000000180025095e-35 282.97450380000004 10.133735740856517 16.043055555555558 24.550000000000004 267.59306910000004 31.350000000000005 0.021025441500000002
decision_type=2 2 2 2 2 2 2 2 2 2 2 2 2 10 2 2 2 2 2 2 2 2 2 10 2 2 2 2 2 2
left_child=2 -2 6 4 -4 -3 7 12 28 20 17 -11 13 14 15 21 -17 -5 19 -19 -9 25 23 -8 -14 -1 -16 -26 -6 -27
right_child=1 5 3 10 8 -7 22 9 -10 11 -12 -13 24 -15 26 16 -18 18 -20 -21 -22 -23 -24 -25 27 29 -28 -29 -30 -31
leaf_value=0.00064517725169802465 0.0051067497798446887 -2.4983622679601424e-05 0.0057399210447718384 -0.00030686905270828883 0.00048167332043026377 0.0018408056464174699 -0.00020571188886866346 0.0018957203300286219 0.0026058595537304511 -9.7273734562873353e-05 0.0014246187836152769 0.00085774033173560715 -8.1957841157439602e-05 -0.0002960075800440198 0.00098811104625975239 6.3008074569552536e-05 0.0011582585977942472 -9.4828045625736595e-05 -0.00011311016700679287 0.0012495590928394528 0.00092711539453096774 0.00068503287179118863 -0.00034469268784261692 0.0013144887315846309 1.3693974223352726e-05 -0.0001752874382283387 2.297916558944481e-05 0.00051850539736727737 -0.00035843906587589274 0.00041279322638320917
leaf_weight=84.008028626441956 294 449.17400002479553 156 632.95660173892975 171.93119895458221 231 421.87552261352539 164.65079855918884 105.92544138431549 440.96371567249298 100.28743135929108 231.02946794033051 502.02153086662292 3036.7856078147888 123.8394033908844 338.82286822795868 124.58027994632721 127.83701074123383 525.49287533760071 183.18844366073608 261.51597929000854 112.72998142242432 8946.5395191907883 72.187841892242432 287.36093294620514 4026.1465587615967 106.33565962314606 557.37544286251068 92.520613312721252 116.86770081520081
leaf_count=39 98 306 52 573 74 77 373 55 39 296 49 84 326 2688 51 223 51 99 402 83 97 46 8528 55 162 3112 61 213 82 72
internal_value=2.59488e-06 0.00197125 -8.42324e-05 0.000637876 0.00234097 0.000603106 -0.000160361 -1.14431e-05 0.000884296 0.000653626 6.2479e-05 0.000224415 -8.95931e-05 -0.000136415 -3.90939e-05 -6.92386e-05 0.000370079 -2.79885e-05 0.000177173 0.000682435 0.00131661 -0.000117376 -0.00032568 8.51218e-06 0.000187157 -0.000140115 0.000565899 0.000352911 0.000168674 -0.000157396
internal_weight=23026 974.174 22051.8 2096.14 526.377 680.174 19955.6 10515 370.377 1098.16 1569.76 671.993 9416.87 8070.12 5033.33 4803.16 463.403 1469.47 836.518 311.025 426.167 4339.75 9440.6 494.063 1346.76 4227.02 230.175 844.736 264.452 4143.01
internal_count=18466 481 17985 1453 247 383 16532 7576 195 532 1206 380 7044 6343 3655 3543 274 1157 584 182 152 3269 8956 428 701 3223 112 375 156 3184
is_linear=0
shrinkage=0.05


Tree=7
num_leaves=31
num_cat=0
split_feature=0 61 133 84 105 103 0 139 76 142 100 141 84 0 99 36 136 99 103 47 88 104 43 104 133 137 2 84 19 136
split_gain=1.42469 1.54043 1.07491 1.1999 0.256358 0.216824 0.164332 0.123411 0.199663 0.161403 0.112286 0.0721394 0.0597469 0.0424779 0.0406671 0.0399377 0.0379987 0.0364154 0.0312382 0.028343 0.0242289 0.0232436 0.0186534 0.0175619 0.0173312 0.0165923 0.0701529 0.0179054 0.0211753 0.0148333
threshold=0.20185000000000003 226.45000000000002 88.200000000000003 9.4500000000000028 20.500000000000004 2037.3500000000001 0.091900000000000023 84.467414954242443 1.6500000000000006 779.97322007526816 -1.1999999999999884 35.180000000000007 0.55000000000000016 0.028450000000000003 1.0000000180025095e-35 282.74393415000003 0.6100000000000001 1.9500000000000457 767.50000000000011 99.500000000000014 49.875000000000007 12.150000000000004 0.35350000000000004 1.8500000000000005 32.930000000000007 0.055000000000000007 0.0053583815000000012 1.0500000000000005 -0.00069857142857142882 0.075000000000000025
decision_type=2 2 2 2 2 2 2 2 2 2 2 2 2 2 2 2 2 2 2 2 2 2 2 2 2 2 2 2 2 2
left_child=2 -2 5 12 -3 6 7 13 15 -10 23 -12 -4 14 18 19 -13 -18 24 -9 -20 -6 -22 -8 -1 26 27 -7 -29 -11
right_child=1 4 3 -5 21 25 10 8 9 29 11 16 -14 -15 -16 -17 17 -19 20 -21 22 -23 -24 -25 -26 -27 -28 28 -30 -31
leaf_value=-0.00019874536728146697 0.0052608850422501564 0.0020430866060700235 -0.00018768892747841317 0.006612340541255971 0.0004370830859272845 -0.0003279100498318575 -0.00014986303019469394 -0.00017301049933694595 0.0024480311503807537 0.00081986557430888032 0 0.0005422496520044981 0.0013921665016475692 8.8354083002887429e-05 -0.0003257135496156382 0.00092656283171599872 0.00088592754633125617 0.001894397031746607 -0.00015760621075365424 0.00077682762887828734 0 -0.00025647515507394374 0.00087358217720803647 0.00037091901127767166 0.00046770264887663652 -0.00033901402983304869 0.0014274210331172139 0.00052513852495996664 -0.0002547873359482792 0
leaf_weight=120.25821971893311 249 237 129.08260238170624 123.23536837100983 209.19617283344269 1081.4505412578583 439.5258013010025 901.00420153141022 176.77633321285248 109.58263444900513 169.24384880065918 195.94139277935028 103.4044314622879 1885.3146597146988 2837.6819850206375 106.83697617053986 197.20935642719269 225 4075.2769148349762 83.860336303710938 130.92503869533539 278.97782719135284 99.982781052589417 251.60829198360443 364.72500205039978 7714.3499935865402 65.49262535572052 152.13819861412048 193.5970253944397 118.27189648151398
leaf_count=89 83 79 106 44 83 1024 318 717 66 45 97 77 45 1073 2651 47 74 75 3189 46 85 236 42 109 176 7435 49 76 167 63
internal_value=2.60813e-06 0.00187304 -7.98759e-05 0.00264189 0.000697244 -0.000124851 1.04806e-05 -5.55881e-05 0.000365525 0.00131284 0.000505574 0.000913671 0.00049653 -0.000122375 -0.000175113 8.9534e-06 0.00116373 0.00143837 -8.48234e-05 -8.6355e-05 -0.000128492 3.07985e-05 0.000362245 3.27663e-05 0.00029209 -0.000308949 -0.000150096 -0.000226937 7.45177e-05 0.000403434
internal_weight=23026 974.174 22051.8 355.722 725.174 21696.1 12489 11010.5 1496.33 404.631 1478.53 787.395 232.487 9514.16 7628.85 1091.7 618.151 422.209 4791.17 984.865 4306.18 488.174 230.908 691.134 484.983 9207.03 1492.68 1427.19 345.735 227.855
internal_count=18466 481 17985 195 398 17790 9039 8289 984 174 750 323 151 7305 6232 810 226 149 3581 763 3316 319 127 427 265 8751 1316 1267 243 108
is_linear=0
shrinkage=0.05


Tree=8
num_leaves=31
num_cat=0
split_feature=0 126 139 50 128 126 103 1 139 33 87 86 12 128 120 19 83 116 24 116 14 6 48 22 120 88 96 2 103 83
split_gain=1.28652 1.40663 0.399963 0.685221 0.860796 0.256527 0.161227 0.179307 0.147095 0.106703 0.0667603 0.0634432 0.0465804 0.0437227 0.0415644 0.0442443 0.0293481 0.0291809 0.0340797 0.0262134 0.0261846 0.0261179 0.0226331 0.0201179 0.0510336 0.0195302 0.0189787 0.0166948 0.0138348 0.0131158
threshold=0.20185000000000003 19.500000000000004 87.760506709764101 1004.85 8.7663911666371632 43.500000000000007 1877.0500000000002 0.082906605000000008 89.303625086230099 -0.87288316636904828 1.5000000000000002 15.500000000000002 0.055071705000000006 10.133735740856517 266.88468255000004 -0.006675714285714284 16.250000000000004 292.9013035000001 35.050000000000004 269.34011185000003 0.018653307000000004 0.012175694444444446 70.500000000000014 1.0000000180025095e-35 282.97450380000004 49.875000000000007 33.737500000000004 0.00022591100000000003 1228.6500000000001 18.350000000000005
decision_type=2 2 2 2 2 2 2 2 2 2 2 2 2 2 10 2 2 2 2 2 2 2 2 2 10 2 2 2 2 2
left_child=2 -2 6 4 -4 -3 7 14 -6 12 19 -12 -9 -11 15 -1 -10 27 -19 20 -5 28 -14 24 -8 26 -17 -16 -15 -7
right_child=1 5 3 10 8 29 23 9 16 13 11 -13 22 21 17 25 -18 18 -20 -21 -22 -23 -24 -25 -26 -27 -28 -29 -30 -31
leaf_value=0.0010045000118873424 0.0051824810452245429 0.0018465128565202844 0.0058922353105134327 -6.1084005042356913e-05 0.0022954816978202745 -0.00025398250662537857 -0.00019500862966545141 0.00020741917276800487 0.00074359080814022491 -0.00017308756914741956 0.0016936728519687837 0 0.0013616566668300974 0.0004587010189225217 -0.00025318060956873261 0.00030186697226863911 -0.00030833325620772755 0.00089516704890463044 -2.5566610250366792e-05 -0.00019137016888412162 0.00086485634049366863 0.00083280212827407441 0.00057684980652955597 -0.00031215676341868234 0.0012344002351703865 0.00057649868098747588 -0.00013964314038687287 -7.4938251783066266e-06 0 0.00030289931008146693
leaf_weight=126.16670286655426 231 296.98967480659485 118 159.55145764350891 147.21928596496582 281.81268548965454 421.87552261352539 203.30384278297424 154.33591210842133 626.97232151031494 111.49532186985016 103.88720083236694 364.91913044452667 295.16621506214142 4837.8449981212616 317.43356311321259 106.82205557823181 111.88815641403198 842.08967590332031 1063.8751562833786 130.95322620868683 229.37763941287994 160.86356317996979 8946.5395191907883 72.187841892242432 145.77343249320984 1003.6047385931015 856.08428919315338 393.54568767547607 164.37163972854614
leaf_count=76 77 99 52 124 50 240 373 93 62 449 53 66 124 116 4150 178 83 49 568 900 63 79 64 8528 55 72 743 590 225 65
internal_value=2.60298e-06 0.00178003 -7.57682e-05 0.000580615 0.00214016 0.000710188 -0.000144991 -9.83011e-06 0.00103205 0.000382595 5.34504e-05 0.000870818 0.000882092 0.000143239 -0.000118763 0.000108654 0.000294713 -0.000174017 7.8011e-05 -7.33904e-05 0.000340692 0.000364655 0.00113259 -0.000294988 5.81484e-06 2.75601e-05 -2.96221e-05 -0.000217127 0.000200506 -3.74309e-05
internal_weight=23026 974.174 22051.8 2096.14 526.377 743.174 19955.6 10515 408.377 2274.15 1569.76 215.383 729.087 1545.06 8240.89 1592.98 261.158 6647.91 953.978 1354.38 290.505 918.09 525.783 9440.6 494.063 1466.81 1321.04 5693.93 688.712 446.184
internal_count=18466 481 17985 1453 247 404 16532 7576 195 1150 1206 119 281 869 6426 1069 145 5357 617 1087 187 420 188 8956 428 993 921 4740 341 305
is_linear=0
shrinkage=0.05


Tree=9
num_leaves=31
num_cat=0
split_feature=0 126 133 50 126 126 15 5 91 61 84 138 74 126 2 82 116 30 116 141 141 3 91 0 82 77 138 141 77 4
split_gain=1.16176 1.27406 0.898596 1.01539 0.255445 0.179149 0.129397 0.140453 0.137141 0.100602 0.0506998 0.0589498 0.0359558 0.0323544 0.0268552 0.023745 0.023238 0.0220001 0.030534 0.0216035 0.019881 0.0195659 0.0182488 0.0157567 0.019257 0.0139503 0.0136994 0.0133314 0.020073 0.0135908
threshold=0.20185000000000003 18.500000000000004 88.200000000000003 1010.1500000000002 40.500000000000007 66.500000000000014 0.00027708333333333334 13.645000000000001 14.350000000000003 262.35000000000008 17.250000000000004 3.3850000000000002 20.657142857142862 47.500000000000007 0.00020991850000000003 26.174000000000007 292.9013035000001 0.31428571428571334 275.35651670000004 37.125000000000007 33.615000000000009 0.19904585200000005 18.350000000000005 0.028450000000000003 25.638000000000002 277.37796455000006 4.4250000000000007 38.860000000000007 280.12494740000005 0.021025441500000002
decision_type=2 2 2 2 2 2 2 2 2 2 2 2 2 2 2 2 2 2 2 2 2 2 2 2 2 2 2 2 2 2
left_child=2 -2 5 -4 -3 6 27 8 -8 21 14 -12 -5 -13 16 -15 23 -16 -19 -11 -18 -9 -6 25 -25 -10 -22 29 -29 -1
right_child=1 4 3 12 22 -7 7 9 10 19 11 13 -14 15 17 -17 20 18 -20 -21 26 -23 -24 24 -26 -27 -28 28 -30 -31
leaf_value=-0.00024656230681995977 0.0050738877143865352 0.0019367241955967282 0.0058448388851674131 -0.00019621407068713789 -0.00022643256920670859 -0.00029481350380289578 0.0013569898831175518 0.00074885762659911809 -0.0003040752273712631 0.00042809292938632076 0.0014383277757654539 -0.00020328019522566424 0.0010637291634434944 0.00078116122653366579 2.4429755486621531e-05 4.5605810460778195e-07 -0.00010807642287054595 -0.0001246896999914105 0.00078628975472031502 -0.00021174053555946169 0.00085941468145304132 0.0015278279881081971 0.00039496048168848074 0.00034788244848960341 -0.00015199170694584982 -8.8687547415427237e-05 0.00015926282461116241 -0.00027299567099802916 0.00050833856968851392 5.2559743165697942e-05
leaf_weight=4330.3420830965042 216 273 133.64433181285858 128.58272540569305 287.80236029624939 8340.3006607294083 192.14414918422699 166.70881986618042 1624.3456647396088 448.71152412891388 112.64856398105621 285.78962695598602 93.495344996452332 255.29632890224457 1244.5598874092102 178.0324981212616 303.70269811153412 130.69028079509735 251.94089782238007 174.2184385061264 126.131760597229 269.4335150718689 197.37163972854614 319.84480690956116 469.58346879482269 1557.5301307439804 208.08274614810944 159.9382027387619 159.74966084957123 386.32764053344727
leaf_count=3694 72 91 45 107 242 8018 97 62 1509 190 50 223 43 111 803 112 217 96 111 133 49 92 76 158 333 1142 114 139 78 259
internal_value=2.59158e-06 0.00169165 -7.18719e-05 0.00241663 0.000716064 -0.000113013 1.56292e-07 0.000121616 4.23769e-05 0.000659562 5.74572e-06 0.0003728 0.000314202 0.000197178 -4.24596e-05 0.000472661 -0.000104709 0.000130754 0.000462591 0.000241081 0.000171582 0.00124391 1.63618e-05 -0.000150381 4.43955e-05 -0.000200275 0.00044019 -0.000199471 0.000102217 -0.000220996
internal_weight=23026 974.174 22051.8 355.722 758.174 21696.1 13355.8 8319.4 7260.32 1059.07 7068.18 831.767 222.078 719.118 6236.41 433.329 4609.22 1627.19 382.631 622.93 637.917 436.142 485.174 3971.3 789.428 3181.88 334.215 5036.36 319.688 4716.67
internal_count=18466 481 17985 195 409 17790 9772 5602 5125 477 5028 496 150 446 4532 223 3522 1010 207 323 380 154 318 3142 491 2651 163 4170 217 3953
is_linear=0
shrinkage=0.05


Tree=10
num_leaves=31
num_cat=0
split_feature=133 155 0 126 126 126 0 133 50 18 93 1 74 136 77 50 0 33 77 92 128 138 137 74 82 105 85 101 104 77
split_gain=1.02692 1.12423 1.04712 1.19509 0.263708 0.166943 0.115603 0.115617 0.153522 0.169112 0.107104 0.0584352 0.0446331 0.0438519 0.0356327 0.032842 0.0276974 0.0330802 0.027509 0.0234057 0.0332954 0.0253181 0.0223253 0.0214238 0.0198939 0.0249732 0.0194577 0.0192572 0.018064 0.0178665
threshold=88.200000000000003 0.39400000000000007 0.20185000000000003 16.500000000000004 39.500000000000007 67.500000000000014 0.091900000000000023 79.305000000000021 1004.4500000000002 0.0042979166666666678 271.85131905000009 0.00030868300000000008 20.657142857142862 0.6100000000000001 273.05292320000007 1023.6500000000002 0.028450000000000003 0.74067100758461291 278.17390095000007 12.250000000000004 9.8427803210978695 3.5100000000000002 1.4700000000000002 15.185714285714287 25.538000000000007 20.500000000000004 267.55186215000009 -0.33129640000001354 12.150000000000004 286.38917780000008
decision_type=2 2 2 2 2 2 2 2 2 2 2 2 2 2 2 2 2 2 2 2 2 2 2 2 2 2 2 2 2 2
left_child=2 12 5 -4 -5 6 7 16 9 26 15 -11 -2 -12 -10 22 17 -1 -19 20 21 -20 -8 -23 25 -18 -9 -15 -6 -16
right_child=1 -3 3 4 28 -7 10 8 14 11 13 -13 -14 27 29 -17 24 18 19 -21 -22 23 -24 -25 -26 -27 -28 -29 -30 -31
leaf_value=-0.0002160730757273556 -0.00019154332715980941 0.0061487478094019851 0.0051668378224666101 0.0019331173010014155 0.00035972247286909532 -0.00028040211239804342 -0.00014543018569276685 -0.00045178911538922787 0.00089611845055597827 0.0026459891341037035 0.00040426765185057681 0.0011070720820599998 0.0011840099716877337 0.0018335901169283964 -0.00029072866213327413 0.00075263895046552651 0.0001263979411810777 -0.00016618800590236917 -5.1062828677074213e-05 -6.5074386805978327e-05 -0.00010041321630081706 0.00049597354113934105 0.0003543663820794281 0.0013690281901165826 -7.5087201900807929e-05 0.00095071601276756456 0.0004672068958145378 0.00091742761643134364 -0.00023046376233883611 0.00022539245199460273
leaf_weight=5669.3746590614319 120.96004438400269 139.78296506404877 186 285 236.33222043514252 8117.5349205732346 687.25186276435852 102.65384185314178 92.908567190170288 138 209.7896831035614 144.40736186504364 105.15619599819183 148.54510426521301 554.14709460735321 177.40125155448914 808.09343755245209 1273.4030780792236 102.80391585826874 597.24068105220795 247.89742362499237 252.66937327384949 328.61674892902374 118.76557528972626 1266.0860188007355 107.00685167312622 126.05607688426971 153.70416641235352 279.93191599845886 229.00434875488281
leaf_count=4857 101 49 62 95 94 7820 496 86 51 46 89 62 45 50 489 69 427 1043 69 435 168 128 156 50 858 41 48 55 238 131
internal_value=1.40303e-05 0.00263824 -2.82739e-05 0.00156304 0.000714853 -0.000101128 6.02714e-06 -4.90846e-05 0.000378841 0.00106675 0.000391098 0.0018834 0.000428544 0.000996707 -1.75618e-05 0.000126424 -0.000106435 -0.000148424 0 0.000159464 0.000351915 0.000598594 1.15182e-05 0.000791483 5.03209e-05 0.00022918 3.27883e-05 0.00138874 3.02149e-05 -0.000133336
internal_weight=23006.5 365.899 22640.6 987.264 801.264 21653.4 13535.8 11830.5 1387.18 511.117 1705.31 282.407 226.116 512.039 876.06 1193.27 10443.3 8262.15 2592.78 1319.38 722.136 474.239 1015.87 371.435 2181.19 915.1 228.71 302.249 516.264 783.151
internal_count=18408 195 18213 489 427 17724 9904 8989 913 242 915 108 146 194 671 721 8076 6750 1893 850 415 247 652 178 1326 468 134 105 332 620
is_linear=0
shrinkage=0.05


Tree=11
num_leaves=31
num_cat=0
split_feature=133 84 1 126 85 126 15 1 139 85 138 61 128 76 46 3 29 122 86 83 116 2 23 126 13 74 128 88 88 10
split_gain=0.927427 1.0165 0.945668 1.08059 0.255714 0.150813 0.106648 0.118684 0.0996802 0.136352 0.190203 0.085603 0.0464917 0.045863 0.042614 0.0290814 0.0268913 0.0266155 0.0235742 0.0218729 0.0208326 0.0247982 0.0196438 0.0284899 0.0142329 0.0131568 0.0197887 0.0328833 0.0133957 0.0117839
threshold=88.200000000000003 8.9500000000000028 0.30954854950000005 15.500000000000002 275.17960500000009 67.500000000000014 0.00027708333333333334 0.13643709050000002 84.467414954242443 272.87376790000008 3.3850000000000002 375.15000000000003 8.8843272925997816 1.0000000180025095e-35 4.5000000000000009 0.18851152100000004 52.000000000000007 11.500000000000002 10.500000000000002 19.950000000000003 291.94941505000003 0.00020991850000000003 17.759722222222226 48.500000000000007 0.002396360541666667 25.964285714285719 8.451898608804397 38.162500000000009 49.875000000000007 2.2550000000000003
decision_type=2 2 2 2 2 2 2 2 2 2 2 2 2 2 2 2 2 2 2 2 2 2 2 2 2 2 2 2 2 2
left_child=2 13 5 -4 18 6 25 8 16 10 -10 15 -12 -2 -14 -9 20 -17 -5 -18 21 22 23 -8 -13 26 27 -1 -28 -16
right_child=1 -3 3 4 -6 -7 7 11 9 -11 12 24 14 -15 29 17 19 -19 -20 -21 -22 -23 -24 -25 -26 -27 28 -29 -30 -31
leaf_value=-0.00023065912941917007 -0.00019476172984600568 0.0057882532992534251 0.0050547408998012537 -0.00010668143040698995 0.0019657816651287552 -0.00026638373335899156 -0.0002895010501621346 0.00045616433358468684 0.0027251690371605194 -0.0001543605393092382 0.001447236177073488 -2.8441062046538955e-05 0.0012362890473667683 0.0012335223808430048 0.00027816367850134918 0.0018336217920984742 0.00065628560677255358 0.00085938849401106176 0.00064338055192094052 0 0.0001571337812644448 9.6648892544349966e-05 -0.00020434719320738798 0.00077326195746269108 0.00045566951575367758 -0.00026484534330094815 -0.00014942907826497124 0.00123440721287278 0.00056834007657040331 -0.00028386803438756636
leaf_weight=71.880022168159485 132.03461122512817 142.78296506404877 174 405.69040977954865 270 8117.5349205732346 114.06583285331726 149.88077163696289 119.65085446834564 516.62243258953094 112.11456084251404 314.68853271007538 95.213827848434448 91.081629157066345 230.74951696395874 168 239.03017568588257 174.91674470901489 137.57372665405273 243.81981778144836 839.03894782066345 1080.8374488353729 3458.0888738632202 127.91653561592102 263.5993926525116 2259.9773626327515 2671.1907821893692 70.80035936832428 62.975213766098022 150.76911544799805
leaf_count=64 107 50 58 294 90 7820 108 58 41 409 41 206 37 38 114 56 103 62 47 152 491 666 2868 46 104 1983 2108 39 37 111
internal_value=1.34484e-05 0.0025073 -2.67433e-05 0.00148551 0.000710453 -9.59893e-05 5.84022e-06 0.000115951 4.33229e-05 0.000455034 0.000906032 0.000607676 0.000523921 0.000368892 0.000293742 0.00109334 -3.8569e-05 0.00135516 7.49072e-05 0.00031726 -7.00814e-05 -0.000111027 -0.000173053 0.000252589 0.000184004 -0.000173212 -9.94226e-05 0.000465063 -0.000130867 4.28264e-05
internal_weight=23006.5 365.899 22640.6 987.264 813.264 21653.4 13535.8 8399 7327.92 1225.12 708.498 1071.09 588.847 223.116 476.732 492.798 6102.8 342.917 543.264 482.85 5619.95 4780.91 3700.07 241.982 578.288 5136.82 2876.85 142.68 2734.17 381.519
internal_count=18408 195 18213 489 431 17724 9904 5673 5187 753 344 486 303 145 262 176 4434 118 341 255 4179 3688 3022 154 310 4231 2248 103 2145 225
is_linear=0
shrinkage=0.05


end of trees

feature_importances:
hours_since_obs=26
last_osi=23
mslma_t=16
pct_forest=16
cumul_tp_since_onset=12
last_P_t=11
cumul_gust_since_onset=11
log_customers=10
pct_unmapped=9
wind_sin_t=8
total_tp_next_24h=8
gust_peak4h_mean_next_24h=8
pct_water=8
gust_mean_next_6h=7
pressure_change_3h=7
pressure_change_6h=7
tree_canopy_std=7
min_t2m_next_6h=6
wind_speed_max_next_24h=6
total_tp_next_48h=6
t2m_at_t24h=6
pct_forest_classified=6
last_N_t=5
pre_event_mean_osi=5
min_t2m_next_24h=5
t2m_at_t48h=5
pct_wetland=5
last_D_t=4
osi_trend_last6h=4
gust_max_obs=4
gust_trend_last6h_obs=4
gust_x_hso=4
gust_mean_next_24h=4
gust_peak4h_mean_next_48h=4
last_R_t=3
storm_onset_mean_osi=3
gust_mean_obs=3
gust_last_obs=3
gust_max_next_24h=3
gust_gt30_next_24h=3
gust_mean_next_48h=3
wind_speed_max_next_48h=3
min_t2m_next_48h=3
pop_density=3
tree_canopy_pct=3
tp_rate_next_24h=3
last_outage_pct=2
R_t_max_72h=2
hours_since_peak=2
gust_max_last6h_obs=2
soil_moist_t=2
hcc_t=2
sp_t=2
dewpoint_c_t=2
min_t2m_next_1h=2
total_tp_next_6h=2
gust_gt30_next_48h=2
temp_change_6h=2
gust_gt30_since_onset=2
t2m_at_t1h=2
t2m_at_t6h=2
osi_mean_72h=1
osi_std_72h=1
outage_pct_max_72h=1
N_t_max_72h=1
R_t_mean_72h=1
frac_zero_72h=1
gust_t=1
d2m_t=1
lcc_t=1
mcc_t=1
gust_x_phase=1
soil_gust_x_phase=1
gust_mean_next_1h=1
wind_speed_max_next_1h=1
gust_gt40_next_24h=1
hour_of_day=1
forest_x_customers=1

parameters:
[boosting: gbdt]
[objective: regression]
[metric: rmse]
[tree_learner: serial]
[device_type: cpu]
[data_sample_strategy: bagging]
[data: ]
[valid: ]
[num_iterations: 2000]
[learning_rate: 0.05]
[num_leaves: 31]
[num_threads: -1]
[seed: 42]
[deterministic: 0]
[force_col_wise: 0]
[force_row_wise: 0]
[histogram_pool_size: -1]
[max_depth: -1]
[min_data_in_leaf: 50]
[min_sum_hessian_in_leaf: 0.001]
[bagging_fraction: 0.8]
[pos_bagging_fraction: 1]
[neg_bagging_fraction: 1]
[bagging_freq: 5]
[bagging_seed: 42]
[bagging_by_query: 0]
[feature_fraction: 0.8]
[feature_fraction_bynode: 1]
[feature_fraction_seed: 42]
[extra_trees: 0]
[extra_seed: 12879]
[early_stopping_round: 0]
[early_stopping_min_delta: 0]
[first_metric_only: 0]
[max_delta_step: 0]
[lambda_l1: 0.1]
[lambda_l2: 1]
[linear_lambda: 0]
[min_gain_to_split: 0]
[drop_rate: 0.1]
[max_drop: 50]
[skip_drop: 0.5]
[xgboost_dart_mode: 0]
[uniform_drop: 0]
[drop_seed: 42]
[top_rate: 0.2]
[other_rate: 0.1]
[min_data_per_group: 100]
[max_cat_threshold: 32]
[cat_l2: 10]
[cat_smooth: 10]
[max_cat_to_onehot: 4]
[top_k: 20]
[monotone_constraints: ]
[monotone_constraints_method: basic]
[monotone_penalty: 0]
[feature_contri: ]
[forcedsplits_filename: ]
[refit_decay_rate: 0.9]
[cegb_tradeoff: 1]
[cegb_penalty_split: 0]
[cegb_penalty_feature_lazy: ]
[cegb_penalty_feature_coupled: ]
[path_smooth: 0]
[interaction_constraints: ]
[verbosity: -1]
[saved_feature_importance_type: 0]
[use_quantized_grad: 0]
[num_grad_quant_bins: 4]
[quant_train_renew_leaf: 0]
[stochastic_rounding: 1]
[linear_tree: 0]
[max_bin: 255]
[max_bin_by_feature: ]
[min_data_in_bin: 3]
[bin_construct_sample_cnt: 200000]
[data_random_seed: 42]
[is_enable_sparse: 1]
[enable_bundle: 1]
[use_missing: 1]
[zero_as_missing: 0]
[feature_pre_filter: 1]
[pre_partition: 0]
[two_round: 0]
[header: 0]
[label_column: ]
[weight_column: ]
[group_column: ]
[ignore_column: ]
[categorical_feature: ]
[forcedbins_filename: ]
[precise_float_parser: 0]
[parser_config_file: ]
[objective_seed: 16083]
[num_class: 1]
[is_unbalance: 0]
[scale_pos_weight: 1]
[sigmoid: 1]
[boost_from_average: 1]
[reg_sqrt: 0]
[alpha: 0.9]
[fair_c: 1]
[poisson_max_delta_step: 0.7]
[tweedie_variance_power: 1.5]
[lambdarank_truncation_level: 30]
[lambdarank_norm: 1]
[label_gain: ]
[lambdarank_position_bias_regularization: 0]
[eval_at: ]
[multi_error_top_k: 1]
[auc_mu_weights: ]
[num_machines: 1]
[local_listen_port: 12400]
[time_out: 120]
[machine_list_filename: ]
[machines: ]
[gpu_platform_id: -1]
[gpu_device_id: -1]
[gpu_device_id_list: ]
[gpu_use_dp: 0]
[num_gpu: 1]

end of parameters

pandas_categorical:[]
