tree
version=v4
num_class=1
num_tree_per_iteration=1
label_index=0
max_feature_idx=189
objective=regression
feature_names=last_osi last_P_t last_N_t last_D_t last_R_t last_outage_pct osi_mean_72h osi_max_72h osi_std_72h outage_pct_mean_72h outage_pct_max_72h N_t_mean_72h N_t_max_72h R_t_mean_72h R_t_max_72h pre_event_mean_osi pre_event_max_outage_pct storm_onset_max_osi storm_onset_mean_osi osi_trend_last6h is_worsening frac_zero_72h hours_since_peak gust_mean_obs gust_max_obs gust_gt30_obs gust_gt40_obs cumul_gust_obs gust_last_obs gust_max_last6h_obs gust_trend_last6h_obs gust_t wind_speed_t wind_sin_t wind_cos_t t2m_t d2m_t tp_t rain_t csnow_t sdwe_t r2_t vpd_t soil_moist_t blh_t tcc_t lcc_t mcc_t hcc_t sp_t mslma_t sdswrf_t direct_rad_t diffuse_rad_t et0_t temp_c_t dewpoint_c_t icing_risk_t gust_exceed_30 soil_moist_x_gust is_snowing gust_x_hso gust_x_phase soil_gust_x_phase gust_exceed30_x_hso gust_max_next_1h gust_mean_next_1h wind_speed_max_next_1h total_tp_next_1h min_t2m_next_1h gust_gt30_next_1h gust_gt40_next_1h gust_peak4h_mean_next_1h gust_max_next_6h gust_mean_next_6h wind_speed_max_next_6h total_tp_next_6h min_t2m_next_6h gust_gt30_next_6h gust_gt40_next_6h gust_peak4h_mean_next_6h gust_max_next_24h gust_mean_next_24h wind_speed_max_next_24h total_tp_next_24h min_t2m_next_24h gust_gt30_next_24h gust_gt40_next_24h gust_peak4h_mean_next_24h gust_max_next_48h gust_mean_next_48h wind_speed_max_next_48h total_tp_next_48h min_t2m_next_48h gust_gt30_next_48h gust_gt40_next_48h gust_peak4h_mean_next_48h gust_change_1h gust_change_3h pressure_change_3h pressure_change_6h temp_change_6h wind_change_1h cumul_gust_since_onset cumul_tp_since_onset gust_gt30_since_onset gust_at_t1h wind_speed_at_t1h t2m_at_t1h tp_at_t1h gust_at_t6h wind_speed_at_t6h t2m_at_t6h tp_at_t6h gust_at_t24h wind_speed_at_t24h t2m_at_t24h tp_at_t24h gust_at_t48h wind_speed_at_t48h t2m_at_t48h tp_at_t48h hour_of_day hour_sin hour_cos days_since_onset hours_since_obs storm_phase log_customers rural_urban_code is_metro pop_density n_utilities pct_forest pct_developed pct_agriculture pct_water pct_wetland pct_unmapped pct_forest_classified tree_canopy_pct tree_canopy_std forest_x_customers window_len_next_1h is_full_next_1h tp_rate_next_1h gust_gt30_frac_next_1h has_weather_at_t1h window_len_next_6h is_full_next_6h tp_rate_next_6h gust_gt30_frac_next_6h has_weather_at_t6h window_len_next_24h is_full_next_24h tp_rate_next_24h gust_gt30_frac_next_24h has_weather_at_t24h window_len_next_48h is_full_next_48h tp_rate_next_48h gust_gt30_frac_next_48h has_weather_at_t48h N_nonzero_frac_obs R_nonzero_frac_obs P_mean_last24_obs D_mean_last24_obs N_mean_last24_obs R_mean_last24_obs flow_balance_last24_obs restoration_ratio_obs P_D_gap_last_obs hours_since_P_peak_obs hours_since_N_peak_obs hours_since_R_peak_obs first_material_N_hour_obs first_material_R_hour_obs P_trend_last24_obs D_trend_last24_obs P_post_peak_slope_obs P_active_frac_obs has_material_P_obs has_material_N_obs has_material_R_obs gust_excess30_sum_obs N_per_gust_excess_obs P_change_per_gust_excess_obs gust_to_N_best_corr_obs gust_to_N_best_lag_obs gust_at_first_material_N_obs
feature_infos=[0:0.55230000000000001] [0:0.82424180700000005] [0:0.065400654000000003] [0:0.90465771100000003] [0:0.058582058999999999] [0:82.420000000000002] [4.1666666666666669e-06:0.26529999999999998] [0.0001:0.65049999999999997] [1.9982631347136334e-05:0.22470370552747407] [0.00083333333333333328:39.644861111111112] [0.02:100] [3.1208333333333337e-06:0.018623942125000001] [7.4900000000000005e-05:0.37916412199999999] [3.1208333333333337e-06:0.017093115180555556] [7.4900000000000005e-05:0.18675781699999999] [0:0.38653749999999998] [0:100] [0:0.59799999999999998] [0:0.20940416666666664] [-0.055854285714285697:0.019237142857142855] [0:1] [0:0.95833333333333337] [0:71] [13.03611111111111:31.258333333333326] [29.100000000000001:70] [0:35] [0:17] [938.59999999999991:2250.5999999999995] [3.8999999999999999:47.5] [15.4:64.5] [-6.477142857142856:3.3114285714285714] [0.59999999999999998:58.299999999999997] [0:38] [-0.99999999953664132:0.99999999987412524] [-0.99999999369183823:1] [259.42265909999998:298.4303941] [257.33913039999999:289.74666669999999] [0:11.300000000000001] [0:11.300000000000001] [0:2.52] [0:0.089999999999999997] [15:100] [0:2.5] [0.16700000000000001:0.52300000000000002] [10:3015] [0:100] [0:100] [0:100] [0:100] [884.60000000000002:1027.2] [986.70000000000005:1031.8] [0:863] [0:737] [0:463] [0:0.59999999999999998] [-13.727340900000002:25.280394100000024] [-15.81086959999999:16.596666700000014] [0:1] [0:28.299999999999997] [0.19259999999999999:23.550000000000001] [0:1] [0.80000000000000004:3819.7999999999997] [0:107.59999999999999] [0:47.100000000000001] [0:1689.7999999999997] [1.2:58.299999999999997] [0.89999999999999991:54.5] [0:38] [0:14.699999999999999] [259.42265909999998:298.21689659999998] [0:2] [0:2] [0.89999999999999991:54.5] [2.7999999999999998:58.299999999999997] [2.0571428571428569:49.328571428571429] [0.40000000000000002:38] [0:26.699999999999999] [259.42265909999998:296.40927479999999] [0:7] [0:7] [2.5999999999999996:52.550000000000004] [8.3000000000000007:58.299999999999997] [4.5520000000000005:43.052] [5:38] [0:34.399999999999999] [259.42265909999998:286.57337899999999] [0:25] [0:19] [7.5:52.550000000000004] [10.1:58.299999999999997] [5.3392857142857135:37.897959183673471] [5.2000000000000002:38] [0:37.399999999999999] [259.42265909999998:282.77648069999998] [0:42] [0:22] [9.375:52.550000000000004] [-24.299999999999997:28.199999999999999] [-32:33.399999999999999] [-6.1999999999999318:10.599999999999909] [-10.899999999999977:14.599999999999909] [-20.027499999999975:21.845291299999985] [-15.300000000000001:28.000000000000004] [347.09999999999997:4155.3000000000002] [0:40.299999999999997] [0:61] [0.59999999999999998:58.299999999999997] [0:38] [259.42265909999998:298.4303941] [0:11.300000000000001] [0.90000000000000002:58.299999999999997] [0:38] [259.42265909999998:298.4303941] [0:11.300000000000001] [0.90000000000000002:58.299999999999997] [0:38] [259.42265909999998:298.4303941] [0:11.300000000000001] [0.90000000000000002:53.799999999999997] [0:33.799999999999997] [259.42265909999998:296.58327589999999] [0:11.300000000000001] [0:23] [-1:1] [-1:1] [1:5] [1:120] [0:3] [7.1180162044653335:13.453719692845613] [1:9] [0:1] [8.3691524328166658:11939.655837338518] [1:11] [0.96999999999999997:88.719999999999999] [2.21:86.629999999999995] [0.080000000000000002:87.469999999999999] [0.01:5.5099999999999998] [0:16.82] [1.8899999999999999:17.02] [0.98868616858628067:95.299005138296707] [2.2000000000000002:81.680000000000007] [12.65:40.350000000000001] [8.0679963363985543:931.7442536362413] none none [0:7.3499999999999996] [0:1] none none none [0:3.8142857142857141] [0:1] none none none [0:1.3759999999999999] [0:1] none [25:49] [0:1] [0:0.76326530612244892] [0:0.8571428571428571] [0:1] [0.041666666666666664:0.80555555555555558] [0.041666666666666664:0.90277777777777779] [0:0.33157778683333333] [0:0.2415728110416667] [0:0.05185222787499999] [0:0.036813731041666665] [-2.7300916666667119e-05:0.03421760770833332] [0.013031417634099374:6.5416667824977583] [-0.14113178900000001:0.088746481000000002] [0:71] [0:71] [0:70] [0:68] [0:71] [-0.00035191936000000026:0.052080195401739138] [-0.0001288437365217392:0.043438201510000003] [-0.12208507408333331:0.00066816548250572968] [0:0.98611111111111116] [0:1] [0:1] [0:1] [0:446.30000000000001] [1.2346153846153842e-05:0.021449622666666654] [-0.0026323566314935061:0.0032034721433531746] [-0.25886629144625328:0.74936202470774849] [0:3] [3.2000000000000002:60.600000000000001]
tree_sizes=2912 2981 3009 2970 3022 2964 2982 2960 2960 3011 2985 2944 2985 2949

Tree=0
num_leaves=31
num_cat=0
split_feature=0 126 133 50 126 103 1 84 133 50 18 180 0 100 99 103 88 90 83 141 110 29 88 103 129 180 187 15 0 116
split_gain=0.585572 1.13629 0.469423 1.05803 0.187263 0.110914 0.120957 0.0895182 0.0554059 0.155547 0.100822 0.0422332 0.051864 0.0285238 0.0190413 0.0148507 0.0124798 0.0120582 0.0116809 0.0105686 0.0104825 0.0101577 0.00968505 0.00925911 0.0077614 0.00716578 0.0077418 0.00663476 0.00635291 0.00573731
threshold=0.20185000000000003 23.500000000000004 88.200000000000003 1011.35 42.500000000000007 2087.0500000000006 0.072925425000000016 0.15000000000000005 79.305000000000021 1004.0500000000001 0.0042979166666666678 0.27083333333333343 0.11260000000000002 1.9500000000000457 0.30000000000001142 767.50000000000011 36.51250000000001 28.263265306122452 18.350000000000005 38.860000000000007 17.650000000000002 47.300000000000004 49.875000000000007 1080.5500000000004 3.5000000000000004 0.27083333333333343 0.56761140914543196 0.0010604166666666668 0.025450000000000004 279.81119775000008
decision_type=2 2 2 2 2 2 2 2 2 2 2 2 2 2 2 2 2 2 2 2 2 2 2 2 2 2 2 2 2 2
left_child=2 -2 5 -4 -3 6 8 11 14 10 -10 21 -13 -14 15 19 -11 29 -6 27 -5 -8 -17 -23 -24 -9 -27 -1 -16 -18
right_child=1 4 3 20 18 -7 7 25 9 16 -12 12 13 -15 28 22 17 -19 -20 -21 -22 23 24 -25 -26 26 -28 -29 -30 -31
leaf_value=0.0048032178040579515 0.011851491092876414 0.0076616067964974935 0.013335779372779142 0.0047252090903645606 0.0047227213807740052 0.0046301117920219924 0.0050052967145407697 0.0047985499867900377 0.0052024390924172801 0.0047363495958895885 0.0077010557577950282 0.0055478491942709887 0.0059375048128018542 0.0075634735098070102 0.0046366248808137524 0.0047819384069008822 0.0050827970975290222 0.0047801803934470581 0.0054621765940697786 0.0056835211477026353 0.0055780140029801934 0.0060617280057869696 0.005659898355504971 0.0051931517768818228 0.0048510921791131284 0.005377864660931252 0.0048380624993785114 0.0054252321285403506 0.004937637977705002 0.0059544716289844212
leaf_weight=141 83 74 51 95 248 8416 182 451 84 559 88 198 66 77 2682 3714 60 77 66 77 51 70 55 97 92 139 150 54 164 52
leaf_count=141 83 74 51 95 248 8416 182 451 84 559 88 198 66 77 2682 3714 60 77 66 77 51 70 55 97 92 139 150 54 164 52
internal_value=0.0048351 0.00657321 0.00478909 0.0072094 0.00541611 0.00476181 0.0048801 0.00530331 0.00480406 0.00516749 0.00651886 0.00571328 0.00611728 0.0068606 0.0047554 0.00482525 0.00484824 0.00520429 0.00486376 0.00517979 0.0049921 0.00530173 0.00479889 0.0055921 0.005191 0.00491362 0.00510996 0.00495207 0.00465576 0.00553805
internal_weight=18413 471 17942 197 388 17745 9329 1430 7899 920 172 690 341 143 6979 4133 748 189 314 272 146 349 3861 167 147 740 289 195 2846 112
internal_count=18413 471 17942 197 388 17745 9329 1430 7899 920 172 690 341 143 6979 4133 748 189 314 272 146 349 3861 167 147 740 289 195 2846 112
is_linear=0
shrinkage=1


Tree=1
num_leaves=31
num_cat=0
split_feature=0 126 133 49 126 126 169 61 131 177 62 0 89 172 133 36 84 85 77 89 77 49 110 24 17 83 81 62 107 108
split_gain=0.529352 1.02643 0.424434 0.878341 0.16923 0.0966983 0.0960788 0.100579 0.0554083 0.0450019 0.0641835 0.0259548 0.0272229 0.0191925 0.0189491 0.0227829 0.0171927 0.017169 0.0156466 0.0154975 0.0141222 0.0194692 0.0140129 0.0137388 0.0109691 0.0105617 0.00979041 0.0091 0.00893349 0.00703868
threshold=0.20185000000000003 23.500000000000004 88.200000000000003 976.05000000000007 42.500000000000007 66.500000000000014 0.006154154770833334 365.4500000000001 100.14236344882157 -0.0001209874360869566 27.350000000000005 0.028450000000000003 33.350000000000001 5.5000000000000009 79.305000000000021 283.71009160000006 0.15000000000000005 276.74513940000003 277.37796455000006 39.850000000000001 273.05292320000007 953.55000000000007 17.650000000000002 32.300000000000004 0.00035000000000000005 18.350000000000005 43.550000000000004 21.050000000000004 7.9500000000000011 290.70731065000007
decision_type=2 2 2 2 2 2 2 2 2 2 2 2 2 8 2 2 2 2 2 2 2 2 2 2 2 2 2 2 2 2
left_child=2 -2 5 -4 -3 6 9 8 -8 10 -1 14 -13 -9 18 20 19 -10 -11 -14 21 -16 -5 24 -20 -6 -25 -28 -26 -22
right_child=1 4 3 22 25 -7 7 13 17 11 -12 12 16 -15 15 -17 -18 -19 23 -21 29 -23 -24 26 28 -27 27 -29 -30 -31
leaf_value=-4.9923315265914425e-05 0.0066669319898244889 0.0026842495709657674 0.0077661976324534922 -0.0001072695155501909 -0.00010959722449414875 -0.00020197296771644414 0.00021946933597419781 0 0.0022265493875939001 -0.0001669322861377609 0.0022934825643053901 0.0012820412368373068 -9.2756623635581226e-06 0.00076906041396388011 -3.5159495436226211e-05 0.0009269407247031469 -1.8030263578593899e-05 0.0010055151120647692 -8.6580192433615742e-05 0.0005041626913408723 -0.00012958840329973847 0.0012118329878787085 0.00088616121631097423 -0.00012091998858811964 0.0011174294036478888 0.00059337414418861496 0.00020495591950646797 -5.8440454711623677e-05 0.00024404060454641624 0.00040393761155844136
leaf_weight=59 83 74 52 95 248 7944 86 417 120 3423 50 52 203 97 52 89 896 66 76 398 424 57 50 1726 57 66 594 687 103 69
leaf_count=59 83 74 52 95 248 7944 86 417 120 3423 50 52 203 97 52 89 896 66 76 398 424 57 50 1726 57 66 594 687 103 69
internal_value=-2.54511e-06 0.00165002 -4.62951e-05 0.00225507 0.000549576 -7.22516e-05 3.23911e-05 0.000562354 0.0013402 -1.3318e-05 0.000990656 -2.62767e-05 0.000158738 0.000139216 -6.5927e-05 0.000180705 0.000115551 0.00182771 -9.22662e-05 0.000322705 6.07354e-05 0.000576571 0.00020477 -1.18874e-05 0.000352424 2.37027e-05 -4.22497e-05 5.9861e-05 0.000591249 -4.41284e-05
internal_weight=18413 471 17942 197 388 17745 9801 786 272 9015 109 8906 1549 514 7357 691 1497 186 6666 601 602 109 145 3243 236 314 3007 1281 160 493
internal_count=18413 471 17942 197 388 17745 9801 786 272 9015 109 8906 1549 514 7357 691 1497 186 6666 601 602 109 145 3243 236 314 3007 1281 160 493
is_linear=0
shrinkage=0.05


Tree=2
num_leaves=31
num_cat=0
split_feature=0 126 133 49 126 103 1 155 133 150 131 180 0 100 69 99 93 110 103 83 141 47 88 33 129 180 30 15 24 41
split_gain=0.478604 0.929176 0.383781 0.794231 0.164743 0.0917794 0.101058 0.0720412 0.0442399 0.109729 0.117646 0.03684 0.042531 0.0236918 0.0196851 0.016175 0.0157855 0.0127096 0.0124979 0.00954973 0.00902025 0.00872087 0.00862147 0.00801954 0.00694791 0.00632142 0.0068199 0.00570144 0.00544157 0.00696458
threshold=0.20185000000000003 22.500000000000004 88.200000000000003 976.05000000000007 42.500000000000007 2061.2500000000005 0.072925425000000016 0.006000000000000001 79.305000000000021 0.63571428571428601 35.133458222840027 0.27083333333333343 0.11260000000000002 2.8500000000000232 288.31147770000001 0.30000000000001142 266.45959165000005 17.650000000000002 767.50000000000011 18.350000000000005 38.860000000000007 98.500000000000014 49.875000000000007 -0.89732266811531503 3.5000000000000004 0.27083333333333343 -1.5699999999999987 0.0010604166666666668 32.300000000000004 81.500000000000014
decision_type=2 2 2 2 2 2 2 2 2 2 2 2 2 2 2 2 2 2 2 2 2 2 2 2 2 2 2 2 2 2
left_child=2 -2 5 -4 -3 6 8 11 15 14 -11 23 -13 -14 21 18 -16 -5 20 -6 27 -10 28 -8 -24 -9 -27 -1 29 -20
right_child=1 4 3 17 19 -7 7 25 9 10 -12 12 13 -15 16 -17 -18 -19 22 -21 -22 -23 24 -25 -26 26 -28 -29 -30 -31
leaf_value=-3.1862301967380579e-05 0.0064860449344851081 0.0025931381464853322 0.0073852142796605701 -0.00010196191201733503 -0.00010413937051018446 -0.00018663175332526486 0.00076633626666282198 -3.4704559543262952e-05 -0.00013812112153254014 0.003516300040041553 0.00041952101896458778 0.00065318300741290015 0.0010283263010039392 0.0025222319498658182 0.001247667364056476 -0.00016620486332994804 0.00014694127294221786 0.00084272194368275135 -6.0350459988871025e-05 0.00056414825921711424 0.00078264161058188772 0.00051104842643359336 0.00078072373284937525 0.00020892565596712412 1.1928212966866884e-05 2.7346409884968666e-06 0.00053183864912057291 0.00054307544275070542 -6.7394568318046038e-05 0.00042835134435842745
leaf_weight=141 79 78 52 95 248 8546 116 443 546 50 89 198 69 74 54 2790 113 50 131 66 77 54 55 233 92 154 127 54 3409 130
leaf_count=141 79 78 52 95 248 8546 116 443 546 50 89 198 69 74 54 2790 113 50 131 66 77 54 55 233 92 154 127 54 3409 130
internal_value=-2.25156e-06 0.00156909 -4.3865e-05 0.00214448 0.000551463 -6.85606e-05 4.05941e-05 0.000429522 -2.94514e-05 0.000297703 0.00158634 0.00079549 0.00117291 0.00184827 5.58964e-05 -7.3303e-05 0.000537935 0.000193085 -8.66678e-06 2.18007e-05 0.00031645 -7.06233e-05 -3.3221e-05 0.000410143 0.000336688 7.32281e-05 0.000260636 0.0001038 -4.94873e-05 0.000164686
internal_weight=18413 471 17942 197 392 17745 9199 1414 7785 906 139 690 341 143 767 6879 167 145 4089 314 272 600 3817 349 147 724 281 195 3670 261
internal_count=18413 471 17942 197 392 17745 9199 1414 7785 906 139 690 341 143 767 6879 167 145 4089 314 272 600 3817 349 147 724 281 195 3670 261
is_linear=0
shrinkage=0.05


Tree=3
num_leaves=31
num_cat=0
split_feature=0 126 133 84 126 103 169 61 131 177 84 0 120 118 89 116 22 169 189 90 128 93 2 89 186 135 82 0 93 49
split_gain=0.43268 0.839377 0.346982 0.72181 0.149332 0.0831517 0.0906265 0.0709674 0.0461127 0.0396022 0.061757 0.0269194 0.0166841 0.0158039 0.0152039 0.0146707 0.0144681 0.0131246 0.0117434 0.010316 0.0100608 0.0105358 0.00996458 0.00966896 0.00953171 0.00706592 0.00710877 0.00631293 0.00569566 0.00519166
threshold=0.20185000000000003 22.500000000000004 88.200000000000003 8.9500000000000028 41.500000000000007 2087.0500000000006 0.006154154770833334 365.4500000000001 100.14236344882157 -0.0001209874360869566 5.0500000000000016 0.028450000000000003 271.36706350000003 17.150000000000002 34.050000000000004 294.83137495000005 5.5000000000000009 -5.1577708333332841e-06 20.100000000000005 18.76632653061225 10.109993462490548 267.20614985000003 0.00026399350000000003 38.050000000000004 -7.6727411556310003e-06 5.6100000000000003 27.730000000000008 0.052550000000000006 263.92130720000006 978.35000000000002
decision_type=2 2 2 2 2 2 2 2 2 2 2 2 8 8 2 2 2 2 8 2 2 2 2 2 8 2 2 2 2 2
left_child=2 -2 5 13 -3 6 9 8 -8 10 -1 12 15 -4 -13 17 -9 -11 22 -6 -16 -22 -19 -10 -17 26 -20 -23 -14 -27
right_child=1 4 3 -5 19 -7 7 16 23 11 -12 14 28 -15 20 24 -18 18 25 -21 21 27 -24 -25 -26 29 -28 -29 -30 -31
leaf_value=0 0.0061657965332269672 0.0025491739507462526 0.00094871672490661895 0.0071681630963233633 -0.00014162984631251743 -0.00017898812298817489 0.00019217672257686849 1.0413937580352444e-05 0.0011177809176131797 0.00071584913824287966 0.0022165926491816562 0.0010529531331221554 0.00023012530487485705 -0.00010385788025332102 6.3849982968678848e-06 0.00088498268146241718 0.00082653874165022423 8.1196861081495007e-05 0.00047569667811469613 0.00045709256858935993 3.2077715956881195e-05 0.00011559700882220603 0.00068727468490143784 0.0020802487011998892 0 -0.00013489827588377128 0 0.00063673595837062909 -0.00015889294097756312 -3.8338514056400872e-06
leaf_weight=72 79 73 50 50 215 8416 86 338 87 60 50 50 86 97 651 76 67 367 117 104 253 113 91 99 62 1758 186 230 2963 1467
leaf_count=72 79 73 50 50 215 8416 86 338 87 60 50 50 86 97 651 76 67 367 117 104 253 113 91 99 62 1758 186 230 2963 1467
internal_value=-1.86451e-06 0.00149217 -4.14445e-05 0.00203931 0.000524279 -6.49398e-05 3.74193e-05 0.000594165 0.00122018 -5.63066e-06 0.000884303 -1.90472e-05 -5.71975e-05 0.000224368 0.000189735 6.49247e-06 0.000159446 -9.64536e-06 -2.19969e-05 3.87584e-05 0.0001503 0.000298847 0.000213747 0.00166518 0.000512272 -5.40695e-05 0.000171391 0.000480419 -0.000146209 -7.68488e-05
internal_weight=18413 471 17942 197 392 17745 9329 677 272 8652 122 8530 7233 147 1297 4184 405 4046 3986 319 1247 596 458 186 138 3528 303 343 3049 3225
internal_count=18413 471 17942 197 392 17745 9329 677 272 8652 122 8530 7233 147 1297 4184 405 4046 3986 319 1247 596 458 186 138 3528 303 343 3049 3225
is_linear=0
shrinkage=0.05


Tree=4
num_leaves=31
num_cat=0
split_feature=0 126 126 139 50 19 163 126 1 128 3 169 87 90 81 126 92 141 83 33 33 21 139 170 24 116 174 179 92 128
split_gain=0.391158 0.758244 0.134956 0.11106 0.328361 0.642484 0.0665488 0.0619401 0.112121 0.0531919 0.0425258 0.0295603 0.0207752 0.0249403 0.0202088 0.0199207 0.0152916 0.0103683 0.00955048 0.00810982 0.00798826 0.00730682 0.00945267 0.00621705 0.00591925 0.00690749 0.00586912 0.00473588 0.00497732 0.00461223
threshold=0.20185000000000003 22.500000000000004 41.500000000000007 87.760506709764101 1006.9500000000002 -0.0021257142857142846 0.46527777777777785 38.500000000000007 0.072925425000000016 10.133735740856517 0.18851152100000004 -5.1577708333332841e-06 1.5000000000000002 28.652040816326537 38.250000000000007 20.500000000000004 9.3500000000000032 33.720000000000006 18.350000000000005 0.33669535567038827 -0.88294924009213394 0.57638888888888895 83.777273392101407 1.0000443552787726 32.300000000000004 275.9037014000001 2.5000000000000004 -0.0095144947857142819 12.850000000000003 9.8644867814012631
decision_type=2 2 2 2 2 2 2 2 2 2 2 2 2 2 2 2 2 2 2 2 2 2 2 2 2 2 10 10 2 2
left_child=3 -2 -3 7 5 -5 23 8 14 20 27 -9 -6 -14 -1 -12 -13 -16 -4 -19 -10 22 24 -7 25 -18 -21 28 -11 -28
right_child=1 2 18 4 12 6 -8 11 9 10 15 16 13 -15 17 -17 21 19 -20 26 -22 -23 -24 -25 -26 -27 29 -29 -30 -31
leaf_value=-0.00014486449845911738 0.0058613602314144383 0.0024234375838391685 -9.2454791623895294e-05 0.0064588851275182053 -6.6111545305876291e-05 -7.7570394026026966e-05 0.0020843645617744681 0.00089414572165627646 0.00058890466130695224 0.00079456309265248017 0.0020960836163571766 -0.00017804963892812851 0.0014527243126380759 0 -3.2022309653888711e-06 0.00086817211635291662 0.00058746767885331595 -2.4432975696981887e-05 0.00055861986512367452 0.00070533525439504254 1.536284109004627e-05 -0.00014754343962767604 0.00055105522102402412 0.00054995373358300039 -3.1239534135516582e-05 -6.7589650369392557e-05 0.00041658235386380325 0.00016866029279299257 0.00011116129046504798 2.6793543975485891e-05
leaf_weight=2289 79 73 249 60 1042 114 58 66 78 195 92 9006 51 75 1350 85 88 178 70 103 353 815 84 53 1147 51 176 95 52 186
leaf_count=2289 79 73 249 60 1042 114 58 66 78 195 92 9006 51 75 1350 85 88 178 70 103 353 815 84 53 1147 51 176 95 52 186
internal_value=-1.47889e-06 0.00141905 0.000498429 -3.91252e-05 0.00037921 0.00189771 0.000636081 -7.63126e-05 6.51708e-05 0.000556654 0.000898877 -0.000142515 3.10112e-06 0.000610863 -4.28062e-05 0.00154269 -0.000149155 7.19161e-05 3.60885e-05 0.000237153 0.000131856 -2.77442e-05 3.99319e-05 9.39102e-05 2.25872e-06 0.000312643 0.000347855 0.000547572 0.000671879 0.000230704
internal_weight=18413 471 392 17942 1453 285 225 16489 5232 950 519 11257 1168 126 4282 177 11191 1993 319 643 431 2185 1370 167 1286 139 465 342 247 362
internal_count=18413 471 392 17942 1453 285 225 16489 5232 950 519 11257 1168 126 4282 177 11191 1993 319 643 431 2185 1370 167 1286 139 465 342 247 362
is_linear=0
shrinkage=0.05


Tree=5
num_leaves=31
num_cat=0
split_feature=0 126 133 84 126 126 169 61 131 133 91 36 0 22 80 33 84 86 29 180 29 112 108 89 177 104 27 81 91 163
split_gain=0.446471 0.808603 0.271468 0.54746 0.134779 0.067942 0.0684835 0.0629992 0.0426977 0.0290623 0.085026 0.0405892 0.0175482 0.0145848 0.0133693 0.0126471 0.0115104 0.0104851 0.0147181 0.00986303 0.00781032 0.00759022 0.010157 0.00756281 0.00716486 0.00686726 0.00655012 0.00610901 0.00590819 0.00586349
threshold=0.20185000000000003 21.500000000000004 88.200000000000003 7.7500000000000018 43.500000000000007 65.500000000000014 0.006154154770833334 262.35000000000008 100.14236344882157 79.305000000000021 14.450000000000001 284.38583040000009 0.028450000000000003 5.5000000000000009 20.737500000000004 0.22867003341108069 0.15000000000000005 1.5000000000000002 24.550000000000004 0.27083333333333343 18.500000000000004 273.67822715000005 287.11966020000006 39.850000000000001 0.003639299094130436 14.450000000000005 1733.7000000000003 57.400000000000013 18.250000000000004 0.42361111111111122
decision_type=2 2 2 2 2 2 2 2 2 2 2 2 2 2 2 2 2 2 2 2 2 2 2 2 2 2 2 2 2 2
left_child=2 -2 5 14 -3 6 9 8 -8 12 -11 21 15 26 -4 -1 23 -17 20 -10 -19 -12 -23 -14 -18 -6 -9 -20 -22 -24
right_child=1 4 3 -5 25 -7 7 13 19 10 11 -13 16 -15 -16 17 24 18 27 -21 28 22 29 -25 -26 -27 -28 -29 -30 -31
leaf_value=-0.00013767762872490049 0.0058734390529236579 0.0022163630850039998 -9.6265590903688773e-05 0.0062709920748374344 0.00034734080964460865 -0.00016505699290192486 7.3590766663180049e-05 0.00034221756423388197 0.00090248495501069927 0.0020681395686897599 0.00050756534451811865 0.0012756381484271386 0 0.00068755565691390073 0.00087220064788947217 -0.00018109814347735958 0.0003760143852717168 -1.9645602184055434e-05 -3.4455153974093981e-05 0.001914958637773803 0.00089978067157000803 -0.00015002918847245778 0 0.00041272970198461104 -5.5390010972963467e-05 -0.00014785573102754775 -8.8977379924042149e-05 0.00047585329065320071 0.00028925424105589331 0.00055609106456029893
leaf_weight=3577 86 90 95 50 105 8172 76 119 66 60 70 69 164 105 50 618 110 130 1760 108 58 521 81 397 722 200 312 59 343 93
leaf_count=3577 86 90 95 50 105 8172 76 119 66 60 70 69 164 105 50 618 110 130 1760 108 58 521 81 397 722 200 312 59 343 93
internal_value=1.66845e-06 0.00150369 -3.83057e-05 0.00181154 0.000527243 -5.89639e-05 3.06667e-05 0.000477714 0.00113491 -8.60152e-06 0.00026077 0.000122435 -3.95978e-05 0.00016033 0.000207128 -7.43687e-05 0.000120123 2.67048e-07 5.01457e-05 0.00156684 0.000281987 1.03632e-05 -3.31881e-05 0.000294947 0 6.85988e-06 1.9019e-05 -1.49035e-05 0.000392016 0.00028695
internal_weight=18466 481 17985 195 395 17790 9618 786 250 8832 894 834 7938 536 145 6545 1393 2968 2350 174 531 765 695 561 832 305 431 1819 401 174
internal_count=18466 481 17985 195 395 17790 9618 786 250 8832 894 834 7938 536 145 6545 1393 2968 2350 174 531 765 695 561 832 305 431 1819 401 174
is_linear=0
shrinkage=0.05


Tree=6
num_leaves=31
num_cat=0
split_feature=0 126 133 49 126 103 169 100 131 177 62 0 22 120 185 21 136 116 189 2 110 128 104 80 15 23 66 43 6 93
split_gain=0.403614 0.731455 0.245468 0.504484 0.132824 0.0640015 0.0700455 0.0539593 0.043947 0.0294276 0.0522246 0.019561 0.0159356 0.0139334 0.0141748 0.0165058 0.0112361 0.00784305 0.00853974 0.0117733 0.00744973 0.00629569 0.0062043 0.00603558 0.00554308 0.00433971 0.004222 0.00519706 0.00442817 0.0039403
threshold=0.20185000000000003 20.500000000000004 88.200000000000003 977.35000000000002 43.500000000000007 2037.3500000000001 0.006154154770833334 0.85000000000002285 100.14236344882157 -0.0001209874360869566 30.350000000000005 0.028450000000000003 5.5000000000000009 271.00386900000007 0.0014271254248990021 0.18750000000000003 0.10000000000000002 294.83137495000005 20.100000000000005 0.00026399350000000003 16.950000000000003 9.8644867814012631 14.450000000000005 31.962500000000006 0.0006895833333333335 23.725000000000005 24.175000000000004 0.30450000000000005 0.00035902777777777783 263.92130720000006
decision_type=2 2 2 2 2 2 2 2 2 2 2 2 2 8 8 2 2 2 8 2 2 2 2 2 2 2 2 2 2 2
left_child=2 -2 5 -4 -3 6 9 12 -9 10 -1 13 25 14 17 -16 -13 18 19 -11 -5 -18 -6 -23 -10 -8 27 -17 -29 -15
right_child=1 4 3 20 22 -7 7 8 24 11 -12 16 -14 29 15 26 21 -19 -20 -21 -22 23 -24 -25 -26 -27 -28 28 -30 -31
leaf_value=-7.0789508118012688e-05 0.0057384984713138611 0.002155124383280054 0.0058385798100520072 -0.00010487532490831498 0.00033013761363141596 -0.00015238014893897929 0.00040157250169769602 8.4245232329091164e-05 0.0011493838602608002 0 0.0019916696376715073 0.00070475712844586752 0.00087365309864152448 0.00020984430592076552 0.0010540396065485326 -6.6162729366196259e-05 -2.0727264254820439e-05 0.00045664081005663409 -6.53798522243792e-05 0.00066460364478395425 0.00061588150196677401 0.00032671435942826084 -0.00014049972365800706 1.1305284729324983e-05 0.0020608116324843935 -2.5838357756947516e-05 0 9.7219961833024514e-06 0.00053037043000981417 -0.00013729196541531781
leaf_weight=66 81 95 53 91 105 8751 69 75 80 211 50 93 71 72 57 67 434 80 2974 96 51 441 200 283 75 299 237 82 160 2967
leaf_count=66 81 95 53 91 105 8751 69 75 80 211 50 93 71 72 57 67 434 80 2974 96 51 441 200 283 75 299 237 82 160 2967
internal_value=1.76027e-06 0.00142988 -3.62335e-05 0.00172276 0.000532783 -5.5891e-05 3.69773e-05 0.000528934 0.00115205 -1.80524e-06 0.000784891 -1.35607e-05 0.000189231 -4.66581e-05 1.39649e-05 0.000237777 0.000167611 -2.47611e-05 -3.8158e-05 0.00020867 0.00012152 0.000119588 5.73249e-06 0.000210508 0.00163283 4.16221e-05 0.000141651 0.00026354 0.000375295 -0.000127357
internal_weight=18466 481 17985 195 400 17790 9039 669 230 8370 116 8254 439 7003 3964 603 1251 3361 3281 307 142 1158 305 724 155 368 546 309 242 3039
internal_count=18466 481 17985 195 400 17790 9039 669 230 8370 116 8254 439 7003 3964 603 1251 3361 3281 307 142 1158 305 724 155 368 546 309 242 3039
is_linear=0
shrinkage=0.05


Tree=7
num_leaves=31
num_cat=0
split_feature=0 126 133 50 126 103 169 100 131 177 63 0 120 170 30 189 77 85 4 138 91 188 22 84 118 174 139 47 94 137
split_gain=0.364883 0.660726 0.221929 0.51809 0.120849 0.057934 0.0636227 0.0456325 0.0348488 0.0263621 0.0476349 0.0186501 0.0132443 0.0164613 0.0257524 0.0110987 0.0107982 0.0104498 0.0100125 0.00867522 0.00806822 0.00793352 0.00793284 0.00713033 0.00594084 0.00577615 0.00517602 0.0118372 0.00470287 0.0032977
threshold=0.20185000000000003 20.500000000000004 88.200000000000003 1011.5500000000001 41.500000000000007 2037.3500000000001 0.006536165520833334 -1.1999999999999884 100.14236344882157 -0.0001209874360869566 9.8209000000000017 0.028450000000000003 266.88468255000004 1.0000443552787726 -1.9042857142857137 19.750000000000004 277.52026490000009 281.41319815000003 7.5450000000000018e-05 5.3600000000000003 18.350000000000005 1.0000000180025095e-35 5.5000000000000009 0.15000000000000005 19.250000000000004 5.5000000000000009 84.467414954242443 99.500000000000014 13.500000000000002 0.055000000000000007
decision_type=2 2 2 2 2 2 2 2 2 2 2 2 8 2 2 8 2 2 2 2 2 2 2 2 8 8 2 2 2 2
left_child=2 -2 5 -4 -3 6 9 22 -9 10 -1 12 13 15 -15 21 -10 26 -13 28 -6 -11 -8 25 -5 -20 -14 -28 -19 -7
right_child=1 4 3 24 20 29 7 8 16 11 -12 18 17 14 -16 -17 -18 19 23 -21 -22 -23 -24 -25 -26 -27 27 -29 -30 -31
leaf_value=-6.976658936004404e-05 0.005455072699796136 0.002168881951961233 0.0059743975778566863 0.00053365002114350881 -8.5436060923857905e-05 -6.5032836775672743e-05 2.7297599363286323e-06 0.0001212476402029602 0.001661652361456333 0.00093707102835601701 0.0018972754209443891 0.00067710876128251624 -0.00010867649405913663 0 0.0013793049190116431 -1.8867205463971521e-05 0.00062305707858935691 0.0007021914200294818 0.00036863307122209169 -1.064684532500957e-06 0.0005042991636169924 0 0.00066115026721396634 0 -0.00011265993219088463 2.0071084127025202e-05 -4.037045496521445e-05 0.00062482384812156879 3.7898171339528933e-06 -0.00015819108451202237
leaf_weight=66 81 85 50 50 242 1316 295 89 133 54 50 91 4990 83 61 928 55 91 360 205 73 53 57 615 95 225 408 77 53 7435
leaf_count=66 81 85 50 50 242 1316 295 89 133 54 50 91 4990 83 61 928 55 91 360 205 73 53 57 615 95 225 408 77 53 7435
internal_value=1.86182e-06 0.00135974 -3.42497e-05 0.00163824 0.000506436 -5.29543e-05 3.53813e-05 0.000520031 0.00100167 -3.29611e-07 0.000744331 -1.14357e-05 -4.41949e-05 0.000106823 0.000607839 3.17711e-05 0.00138917 -7.56382e-05 0.000162293 0.000184534 3.65733e-05 0.000513357 0.000125084 0.000118558 7.80877e-05 0.000243366 -9.31665e-05 5.6018e-05 0.000481422 -0.000144762
internal_weight=18466 481 17985 195 400 17790 9039 629 277 8410 116 8294 7003 1179 144 1035 188 5824 1291 349 315 107 352 1200 145 585 5475 485 144 8751
internal_count=18466 481 17985 195 400 17790 9039 629 277 8410 116 8294 7003 1179 144 1035 188 5824 1291 349 315 107 352 1200 145 585 5475 485 144 8751
is_linear=0
shrinkage=0.05


Tree=8
num_leaves=31
num_cat=0
split_feature=0 62 133 50 94 103 5 33 139 50 165 131 0 180 104 99 85 50 103 50 141 189 2 110 0 36 49 16 104 42
split_gain=0.329889 0.596792 0.200664 0.468521 0.0799875 0.052501 0.0565507 0.037895 0.0280401 0.104492 0.0923848 0.0251448 0.0176136 0.0143073 0.0126697 0.00944886 0.00817593 0.0106714 0.00797235 0.00770335 0.00739923 0.00576981 0.00621946 0.00520157 0.00470545 0.0044793 0.00371904 0.00366529 0.0036616 0.00352552
threshold=0.20185000000000003 12.950000000000001 88.200000000000003 1011.5500000000001 13.500000000000002 2037.3500000000001 7.2950000000000008 -0.87288316636904828 84.467414954242443 1003.2500000000001 0.0068132461666666677 100.14236344882157 0.11260000000000002 0.27083333333333343 1.8500000000000005 0.30000000000001142 272.92869220000006 1021.1500000000002 790.00000000000011 1004.6500000000002 38.590000000000011 20.100000000000005 0.00026399350000000003 17.150000000000002 0.025450000000000004 282.00865510000006 974.75000000000011 0.99500000000000011 14.450000000000005 0.10500000000000002
decision_type=2 2 2 2 2 2 2 2 2 2 2 2 2 2 2 2 2 2 2 2 2 8 2 2 2 2 2 2 2 2
left_child=2 -2 5 -4 28 6 8 11 15 10 -10 -8 -13 -9 26 18 17 25 20 -16 27 22 29 -5 -17 -11 -15 -1 -3 -20
right_child=1 4 3 23 -6 -7 7 13 9 16 -12 12 -14 14 19 24 -18 -19 21 -21 -22 -23 -24 -25 -26 -27 -28 -29 -30 -31
leaf_value=-6.6264384059583928e-05 0.0047583176865421163 0.00024318686417691243 0.0056815349529771254 -0.0001062848468764538 0.0017167193577464286 -0.00013755375222411498 0 1.1612384738339517e-05 0.00035760016103286409 -6.1843648825481458e-05 0.0028813480408462055 0.0005695388867821376 0.0015183810172457015 0 0.00011407513432798212 -0.0001468554159532678 -0.00010400724384855589 0.00089074487198719443 0.00030253355563288027 0.00099457644312808831 0.00058898098943138721 -5.2430830380435539e-05 0.00061502852386362728 0.00049420902064621966 0.00011330970407178747 0.00045339432014164537 0.00038264829852146333 0.00038020301264325224 -0.00012925913778612022 -2.7287469999612876e-05
leaf_weight=150 98 97 50 94 86 8751 85 621 97 152 63 126 119 168 50 2516 569 50 103 111 101 3223 60 51 164 53 117 60 200 281
leaf_count=150 98 97 50 94 86 8751 85 621 97 152 63 126 119 168 50 2516 569 50 103 111 101 3223 60 51 164 53 117 60 200 281
internal_value=1.97167e-06 0.00129311 -3.23512e-05 0.00155796 0.000383348 -5.01506e-05 3.39206e-05 0.000326505 -1.8947e-05 0.000229052 0.00139411 0.000798332 0.00105503 0.000175287 0.000391462 -5.63791e-05 0 0.00023613 -6.15464e-06 0.000754385 0.000234816 -2.8013e-05 0.000137719 7.26151e-05 -0.000129034 4.86467e-05 0.000167038 3.87984e-05 0 4.87492e-05
internal_weight=18466 481 17985 195 383 17790 9039 1397 7642 984 160 330 245 1067 446 6658 824 255 3978 161 311 3667 444 145 2680 205 285 210 297 384
internal_count=18466 481 17985 195 383 17790 9039 1397 7642 984 160 330 245 1067 446 6658 824 255 3978 161 311 3667 444 145 2680 205 285 210 297 384
is_linear=0
shrinkage=0.05


Tree=9
num_leaves=31
num_cat=0
split_feature=0 126 133 50 126 103 169 100 134 177 63 180 91 128 170 22 116 186 104 180 138 83 85 138 73 84 118 92 96 175
split_gain=0.298198 0.54531 0.181431 0.423696 0.0977214 0.0476362 0.0528539 0.0421374 0.0325328 0.0224653 0.0409112 0.0152947 0.0459069 0.0336922 0.0150798 0.0122036 0.00903946 0.0114932 0.0073421 0.00648338 0.00626475 0.00535209 0.00691236 0.00726104 0.0081508 0.00857859 0.00524329 0.00484975 0.0042446 0.00351984
threshold=0.20185000000000003 20.500000000000004 88.200000000000003 1011.5500000000001 40.500000000000007 2023.7500000000002 0.006154154770833334 0.85000000000002285 9.1550000000000029 -0.0001209874360869566 9.8209000000000017 0.25694444444444448 16.050000000000004 9.0769232520067131 0.58754946947026276 5.5000000000000009 293.38661675000009 -8.5419213384087726e-06 12.150000000000004 0.27083333333333343 4.4250000000000007 17.050000000000004 271.06182565000006 10.875000000000002 33.150000000000013 0.15000000000000005 19.250000000000004 13.250000000000005 51.025000000000013 53.500000000000007
decision_type=2 2 2 2 2 2 2 2 2 2 2 2 2 2 2 2 2 8 2 2 2 2 2 2 2 2 8 2 2 10
left_child=2 -2 5 -4 -3 6 9 15 -9 10 -1 16 13 -13 27 -8 21 20 -6 -10 -18 -11 -23 -24 25 -25 -5 -14 29 -16
right_child=1 4 3 26 18 -7 7 8 19 11 -12 12 14 -15 28 -17 17 -19 -20 -21 -22 22 23 24 -26 -27 -28 -29 -30 -31
leaf_value=-6.2486955861486287e-05 0.004950630865627673 0.0019824760178306015 0.0054030280739215085 0.00049739405111062763 0.00045336947539338776 -0.00013008951200320034 2.7492317265300627e-05 7.5950455346416364e-05 0.00083171971896219823 -0.00013138634054851627 0.001755662068277232 0.0019004059915817579 0.00054551069719144089 0.00022991804217235769 -5.0578559339152282e-05 0.0007617483423853909 0.0009688712631709521 0 -8.6211610512783657e-05 0.0017562526494185342 0.00014802243440395355 -0.00012571192721334761 -1.0364435162120615e-05 4.4502788169430222e-05 -9.8367531944180834e-06 0.00083759319833372778 -0.00010964565329838175 6.8489012799169549e-05 0.00029541588157908771 0.00022349084616703183
leaf_weight=66 81 82 50 50 82 8820 365 74 62 2290 50 58 175 79 1712 70 57 279 236 93 69 1160 1681 80 125 86 95 115 104 120
leaf_count=66 81 82 50 50 82 8820 365 74 62 2290 50 58 175 79 1712 70 57 279 236 93 69 1160 1681 80 125 86 95 115 104 120
internal_value=2.08852e-06 0.00122966 -3.05308e-05 0.00148161 0.000453224 -4.7469e-05 3.32179e-05 0.000462148 0.00101384 -5.21338e-07 0.00068677 -1.0949e-05 9.5555e-05 0.00098201 3.83361e-05 0.000158592 -5.5006e-05 0.000168916 3.82367e-05 0.00142619 0.000563434 -7.2682e-05 -2.81355e-05 2.67628e-05 0.000257657 0.000487876 6.74049e-05 0.000374414 -9.59216e-06 -2.97865e-05
internal_weight=18466 481 17985 195 400 17790 8970 664 229 8306 116 8190 2363 137 2226 435 5827 405 318 155 126 5422 3132 1972 291 166 145 290 1936 1832
internal_count=18466 481 17985 195 400 17790 8970 664 229 8306 116 8190 2363 137 2226 435 5827 405 318 155 126 5422 3132 1972 291 166 145 290 1936 1832
is_linear=0
shrinkage=0.05


Tree=10
num_leaves=31
num_cat=0
split_feature=1 103 133 50 33 103 169 100 177 50 134 178 91 156 88 22 88 111 172 43 170 103 100 63 43 138 29 15 36 22
split_gain=0.256537 0.48638 0.226354 0.510382 0.127782 0.0430472 0.049956 0.0367267 0.027289 0.0510529 0.0204202 0.0136689 0.0448641 0.0133392 0.0107421 0.00898684 0.00839279 0.00976529 0.00882523 0.0116242 0.00802922 0.00789216 0.00560065 0.00530233 0.00516646 0.00452075 0.00399718 0.00378693 0.00404227 0.00358055
threshold=0.30954854950000005 1419.7000000000003 88.200000000000003 1010.1500000000002 -0.61189714896316916 2098.5000000000005 0.006536165520833334 -0.19999999999987492 -0.0001209874360869566 1011.7500000000001 9.1550000000000029 0.0023760290873913056 16.450000000000003 0.38000000000000006 49.875000000000007 5.5000000000000009 28.562500000000004 8.9500000000000011 48.500000000000007 0.37350000000000005 0.73259742748359657 1065.1500000000003 -1.0999999999999657 10.067850000000002 0.25750000000000006 12.310000000000002 40.800000000000004 0.00040104166666666668 269.92456460000005 8.5000000000000018
decision_type=2 2 2 2 2 2 2 2 2 2 2 2 2 2 2 2 2 2 10 2 2 2 2 2 2 2 2 2 2 2
left_child=2 4 5 -4 -2 6 8 15 9 -1 -9 14 -13 -3 16 -8 -10 18 27 -20 22 -12 -14 -5 -22 -19 -24 -18 -29 -16
right_child=1 13 3 23 -6 -7 7 10 11 -11 21 12 20 -15 29 -17 17 25 19 -21 24 -23 26 -25 -26 -27 -28 28 -30 -31
leaf_value=0.0019538019412635439 0.0054421839585243655 -1.7361972694774961e-05 0.0058045790147864158 -0.00015852945339810549 0.0022012730516753226 -0.00012540928505295554 0 0.00015268441665005717 -0.00014616639103451554 -3.5049912811174225e-05 0.0015189095349622923 0.001546405278726147 4.2181257011798455e-05 0.00079939916902542886 0.00075436117403200435 0.00062340314548859363 -7.0315789371189799e-05 -7.352086486337261e-05 0.00011563195630447741 0.00080114335541566102 0.00038361396990824561 0.00061727211212200936 2.286251019489702e-05 0.00043968940433114772 -0.00010387450588289843 0.0001200071594443076 0.00038416572728277497 0 0.00035971848272854022 5.821233944867312e-05
leaf_weight=50 58 289 53 83 85 8304 309 74 1790 75 113 52 609 57 52 75 465 3519 242 95 55 63 141 59 674 311 321 146 133 56
leaf_count=50 58 289 53 83 85 8304 309 74 1790 75 113 52 609 57 52 75 465 3519 242 95 55 63 141 59 674 311 321 146 133 56
internal_value=7.24602e-06 0.00113618 -2.33447e-05 0.00166588 0.00357916 -4.23046e-05 3.04294e-05 0.00045871 0 0.000730001 0.000932719 -1.11505e-05 0.000108475 0.000104698 -4.44332e-05 0.000135502 -5.3102e-05 -1.81404e-05 0.000112981 0.000325468 6.33234e-05 0.00122972 0.000151752 5.63978e-05 -5.97711e-05 -5.64738e-05 0.000284985 9.71455e-06 0.00016073 0.000443112
internal_weight=18408 489 17919 195 143 17724 9420 634 8786 125 250 8661 1852 346 6809 384 6701 4911 1081 337 1800 176 1071 142 729 3830 462 744 279 108
internal_count=18408 489 17919 195 143 17724 9420 634 8786 125 250 8661 1852 346 6809 384 6701 4911 1081 337 1800 176 1071 142 729 3830 462 744 279 108
is_linear=0
shrinkage=0.05


Tree=11
num_leaves=31
num_cat=0
split_feature=0 126 133 50 126 126 169 61 139 91 165 131 118 0 22 112 80 88 84 85 116 186 8 90 141 129 93 89 115 4
split_gain=0.232014 0.453857 0.204633 0.461505 0.0835276 0.0410385 0.0404342 0.0365776 0.0243755 0.0618876 0.0934143 0.0233691 0.0162778 0.0110573 0.00929946 0.00880536 0.013455 0.00868533 0.00842974 0.00827532 0.00780174 0.00816256 0.00730643 0.00678059 0.00635772 0.00485197 0.00482859 0.00466988 0.00437441 0.00437183
threshold=0.20185000000000003 19.500000000000004 88.200000000000003 1010.1500000000002 39.500000000000007 67.500000000000014 0.006536165520833334 365.4500000000001 84.467414954242443 15.050000000000002 0.0068132461666666677 100.14236344882157 8.3500000000000032 0.028450000000000003 5.5000000000000009 273.84816315000006 25.887500000000006 49.875000000000007 0.15000000000000005 277.4744980000001 292.9013035000001 -5.4530596308231549e-06 0.012361670566801151 20.454081632653068 33.615000000000009 3.5000000000000004 267.50534780000004 39.850000000000001 18.850000000000005 0.021025441500000002
decision_type=2 2 2 2 2 2 2 2 2 2 2 2 10 2 2 2 2 2 2 2 2 8 2 2 2 2 2 2 2 2
left_child=2 -2 5 -4 -3 6 8 11 13 10 -10 -8 -11 17 -9 16 -14 20 27 -13 29 24 -20 -6 -22 -19 -5 -15 -26 -1
right_child=1 4 3 26 23 -7 7 14 9 12 -12 19 15 18 -16 -17 -18 25 22 -21 21 -23 -24 -25 28 -27 -28 -29 -30 -31
leaf_value=-8.8920822529453005e-05 0.0046392059563904221 0.0018348840691418532 0.0055197245774238762 0.00040965509728618695 -7.8867318480506482e-05 -0.00012573375632529021 0.00012084572604511446 0 0.00016914519846319853 0.00078391378584961391 0.0028661150534479126 0.001449155830626747 0.0010135620547739295 4.6394631867132772e-08 0.00052675945399962415 -6.8667926704255594e-05 0 0.00071735477066194682 0.00042693184074530364 0.00049949627176762012 0 -3.0980368007951611e-05 -5.2232546980870696e-05 0.00041607909579417091 0.00074183666337366682 4.3898239245107878e-06 -0.00015820624382042032 0.00033133518473425099 4.6228319533838657e-05 0.00034936173802531628
leaf_weight=5920 75 82 53 61 240 7820 87 378 93 71 52 122 50 185 104 690 66 52 87 53 65 334 815 92 96 71 81 410 51 52
leaf_count=5920 75 82 53 61 240 7820 87 378 93 71 52 122 50 185 104 690 66 52 87 53 65 334 815 92 96 71 81 410 51 52
internal_value=7.11459e-06 0.00108074 -2.19638e-05 0.00158414 0.000414419 -4.00046e-05 2.71865e-05 0.000381442 -1.07978e-06 0.000228387 0.00118359 0.000858758 6.35947e-05 -3.05359e-05 0.000110394 0 0.000400375 -5.86672e-05 9.08783e-05 0.00119443 -6.71887e-05 0.000109654 -5.7316e-08 4.41091e-05 0.000353799 0.000349483 5.1928e-05 0.000236892 0.00053623 -8.42096e-05
internal_weight=18408 489 17919 195 414 17724 9904 744 9160 1022 145 262 877 8138 482 806 116 6641 1497 175 6518 546 902 332 212 123 142 595 147 5972
internal_count=18408 489 17919 195 414 17724 9904 744 9160 1022 145 262 877 8138 482 806 116 6641 1497 175 6518 546 902 332 212 123 142 595 147 5972
is_linear=0
shrinkage=0.05


Tree=12
num_leaves=31
num_cat=0
split_feature=0 126 126 139 36 76 165 126 1 180 87 90 0 85 169 81 116 165 92 89 137 141 24 104 30 77 164 33 138 4
split_gain=0.209799 0.411671 0.088455 0.0689986 0.256239 0.0784049 0.0937617 0.0314107 0.0549634 0.025236 0.0195535 0.025496 0.0178193 0.0203217 0.0167641 0.0128995 0.00896784 0.0160993 0.0077529 0.00852429 0.0154455 0.00735049 0.00704323 0.00630048 0.00607862 0.00515096 0.00497027 0.00496709 0.00583587 0.00454543
threshold=0.20185000000000003 17.500000000000004 39.500000000000007 87.760506709764101 284.7108862500001 5.950000000000002 0.0053852165416666672 38.500000000000007 0.072925425000000016 0.27083333333333343 1.5000000000000002 28.143877551020413 0.11260000000000002 277.85279245000009 -5.1577708333332841e-06 38.250000000000007 269.34011185000003 0.0072442070416666683 9.3500000000000032 35.750000000000007 0.045000000000000005 33.720000000000006 32.300000000000004 12.150000000000004 -1.4371428571428584 278.55301795000008 0.54861111111111127 0.41504925021022326 5.3600000000000003 0.018761746000000006
decision_type=2 2 2 2 2 2 2 2 2 2 2 2 2 2 2 2 2 2 2 2 2 2 2 2 2 2 2 2 2 2
left_child=3 -2 -3 7 5 10 -7 8 15 26 16 -12 24 -14 -9 -1 17 -5 -16 20 -20 29 25 -4 -11 -22 -10 -23 -29 -17
right_child=1 2 23 4 -6 6 -8 14 9 12 11 -13 13 -15 18 21 -18 -19 19 -21 22 27 -24 -25 -26 -27 -28 28 -30 -31
leaf_value=-0.00010767747509137327 0.0046775872844146268 0.001810398172263218 0.00039516295240824353 -1.378079066832237e-05 0.0036605244506446818 4.1562596319743211e-05 0.0028935841522512162 0.00073311928170600592 4.9167613666718609e-05 7.7405209600110551e-05 0.0014670827136581432 1.7468343377140103e-05 0.0014172893849455661 0.00013847390707168313 -0.00012279611875581537 -1.8827695708299009e-05 -8.9653717734376845e-05 0.00078599717468952996 0.00087126270871301648 -7.5921136245335713e-05 0 0 -6.521182944293527e-05 -7.8743537512107891e-05 0.00066210556979355291 0.00059674442156219375 0.00040380649775052471 0.00045208684280668814 4.4758138556726714e-05 0.00041266068268443592
leaf_weight=2254 66 91 94 171 54 67 55 58 388 124 53 86 130 53 8994 1311 888 89 65 1627 67 188 360 238 97 83 155 262 177 63
leaf_count=2254 66 91 94 171 54 67 55 58 388 124 53 86 130 53 8994 1311 888 89 65 1627 67 188 360 238 97 83 155 262 177 63
internal_value=6.96643e-06 0.00102791 0.000436975 -2.06714e-05 0.000307791 0.000173246 0.00138103 -5.01936e-05 5.07747e-05 0.000395385 5.38894e-05 0.000612444 0.000698036 0.00107686 -9.73093e-05 -2.48224e-05 -9.8631e-06 0.000242795 -0.000102123 -1.5397e-05 0.000147014 6.60184e-05 4.33987e-05 4.12035e-05 0.000358387 0.000335882 0.000160147 0.00020774 0.000299695 0
internal_weight=18408 489 423 17919 1463 1409 122 16456 5202 947 1287 139 404 183 11254 4255 1148 260 11196 2202 575 2001 510 332 221 150 543 627 439 1374
internal_count=18408 489 423 17919 1463 1409 122 16456 5202 947 1287 139 404 183 11254 4255 1148 260 11196 2202 575 2001 510 332 221 150 543 627 439 1374
is_linear=0
shrinkage=0.05


Tree=13
num_leaves=31
num_cat=0
split_feature=3 61 133 84 94 103 5 84 177 103 128 3 120 170 4 110 96 81 111 43 112 174 82 15 19 138 88 138 180 131
split_gain=0.189726 0.366624 0.176357 0.387421 0.0625934 0.0325368 0.0354197 0.0285348 0.0208253 0.0358986 0.0197634 0.0214582 0.010084 0.0151705 0.0211559 0.00776576 0.00690773 0.00594515 0.00938263 0.0109119 0.0150422 0.00503319 0.00478897 0.00398242 0.0038731 0.00330929 0.00319951 0.00319891 0.00303307 0.00866633
threshold=0.33723639700000002 226.45000000000002 88.200000000000003 8.9500000000000028 15.500000000000002 2048.9500000000003 7.2950000000000008 0.15000000000000005 -0.0001209874360869566 1259.45 10.133735740856517 0.18851152100000004 266.44450280000007 1.0000443552787726 1.7100000000000006e-05 18.550000000000004 33.112500000000004 32.250000000000007 8.9500000000000011 0.37650000000000006 274.18282710000005 2.5000000000000004 19.314000000000004 0.0003927083333333334 0.01497714285714285 4.2950000000000008 28.737500000000004 12.310000000000002 0.25694444444444448 33.845472724088289
decision_type=2 2 2 2 2 2 2 2 2 2 2 2 8 2 2 2 2 2 2 2 2 8 2 2 2 2 2 2 2 2
left_child=2 -2 5 15 26 6 8 10 9 -1 24 -12 13 16 -15 -4 23 -14 19 -19 -21 -18 -13 -10 -8 -22 -3 -20 -7 -30
right_child=1 4 3 -5 -6 28 7 -9 12 -11 11 22 17 14 -16 -17 21 18 27 20 25 -23 -24 -25 -26 -27 -28 -29 29 -31
leaf_value=-2.4081959179764249e-05 0.0040346035334031761 -9.2708185118152518e-05 -0.00011716803077824905 0.0052224736547499323 0.0014987384873118414 -0.00012897783398710226 2.7170706880497151e-06 2.6776979133480484e-05 0 0.0016498283995315434 0.00041116452256215023 0.0016769427218932217 -0.00011215803600590807 0.0013460817035867653 0 0.00061063497844939039 0.00033523596114329334 2.8221449205747516e-05 -6.7933527214194801e-05 0.0012073609969743034 0.00047672584854074548 -4.5176044588163208e-05 0.00083682396720757748 0.00066801784147118637 0.00044741435204693857 0 0.00024320202468131285 0.0001240511773579163 0.00017660869765806617 -9.3020800784615769e-05
leaf_weight=71 81 214 92 50 91 5564 207 698 56 50 270 58 2304 56 55 53 97 786 2996 50 56 768 90 65 75 108 103 216 323 2705
leaf_count=71 81 214 92 50 91 5564 207 698 56 50 270 58 2304 56 55 53 97 786 2996 50 56 768 90 65 75 108 103 216 323 2705
internal_value=6.836e-06 0.000977719 -1.94329e-05 0.00147155 0.000350232 -3.6201e-05 2.90805e-05 0.000260759 -1.21796e-05 0.000634486 0.000486569 0.000707676 -2.31963e-05 0.000115672 0.000670758 0.00011697 4.75006e-05 -4.73569e-05 -1.07051e-05 0.000121456 0.000438916 0 0.00120866 0.000399757 0.000139819 0.000168433 1.13444e-06 -5.34322e-05 -0.000106163 -6.25596e-05
internal_weight=18408 489 17919 195 408 17724 9132 1398 7734 121 700 418 7613 1097 111 145 986 6516 4212 1000 214 865 148 121 282 164 317 3212 8592 3028
internal_count=18408 489 17919 195 408 17724 9132 1398 7734 121 700 418 7613 1097 111 145 986 6516 4212 1000 214 865 148 121 282 164 317 3212 8592 3028
is_linear=0
shrinkage=0.05


end of trees

feature_importances:
hours_since_obs=28
last_osi=25
cumul_gust_since_onset=16
pct_forest=16
mslma_t=12
total_tp_next_24h=11
flow_balance_last24_obs=11
P_active_frac_obs=10
pop_density=9
hours_since_peak=8
P_trend_last24_obs=8
wind_sin_t=7
gust_peak4h_mean_next_24h=7
gust_max_next_48h=7
pressure_change_6h=7
t2m_at_t24h=7
pct_unmapped=7
sp_t=6
min_t2m_next_24h=6
wind_speed_max_next_48h=6
cumul_tp_since_onset=6
gust_at_t6h=6
log_customers=6
pct_forest_classified=6
tree_canopy_std=6
last_P_t=5
pre_event_mean_osi=5
d2m_t=5
gust_x_hso=5
gust_max_next_24h=5
wind_speed_max_next_24h=5
gust_mean_next_48h=5
min_t2m_next_48h=5
restoration_ratio_obs=5
last_R_t=4
gust_max_obs=4
gust_max_last6h_obs=4
soil_moist_t=4
gust_x_phase=4
min_t2m_next_6h=4
total_tp_next_48h=4
gust_at_t48h=4
t2m_at_t48h=4
P_mean_last24_obs=4
gust_at_first_material_N_obs=4
last_N_t=3
last_D_t=3
gust_trend_last6h_obs=3
soil_gust_x_phase=3
gust_peak4h_mean_next_6h=3
gust_gt30_next_48h=3
pressure_change_3h=3
t2m_at_t6h=3
rural_urban_code=3
hours_since_R_peak_obs=3
P_change_per_gust_excess_obs=3
last_outage_pct=2
osi_trend_last6h=2
frac_zero_72h=2
mcc_t=2
gust_mean_next_24h=2
gust_gt40_next_24h=2
gust_peak4h_mean_next_48h=2
t2m_at_t1h=2
wind_speed_at_t6h=2
pct_developed=2
pct_wetland=2
N_nonzero_frac_obs=2
hours_since_P_peak_obs=2
osi_mean_72h=1
osi_std_72h=1
pre_event_max_outage_pct=1
storm_onset_max_osi=1
storm_onset_mean_osi=1
gust_mean_obs=1
cumul_gust_obs=1
r2_t=1
vpd_t=1
gust_mean_next_1h=1
min_t2m_next_1h=1
gust_max_next_6h=1
total_tp_next_6h=1
gust_gt30_next_24h=1
wind_speed_at_t1h=1
wind_speed_at_t24h=1
pct_agriculture=1
pct_water=1
tp_rate_next_6h=1
tp_rate_next_24h=1
gust_gt30_frac_next_24h=1
R_nonzero_frac_obs=1
first_material_N_hour_obs=1
D_trend_last24_obs=1
P_post_peak_slope_obs=1
N_per_gust_excess_obs=1
gust_to_N_best_corr_obs=1
gust_to_N_best_lag_obs=1

parameters:
[boosting: gbdt]
[objective: regression]
[metric: rmse]
[tree_learner: serial]
[device_type: cpu]
[data_sample_strategy: bagging]
[data: ]
[valid: ]
[num_iterations: 2000]
[learning_rate: 0.05]
[num_leaves: 31]
[num_threads: -1]
[seed: 42]
[deterministic: 0]
[force_col_wise: 0]
[force_row_wise: 0]
[histogram_pool_size: -1]
[max_depth: -1]
[min_data_in_leaf: 50]
[min_sum_hessian_in_leaf: 0.001]
[bagging_fraction: 0.8]
[pos_bagging_fraction: 1]
[neg_bagging_fraction: 1]
[bagging_freq: 5]
[bagging_seed: 42]
[bagging_by_query: 0]
[feature_fraction: 0.8]
[feature_fraction_bynode: 1]
[feature_fraction_seed: 42]
[extra_trees: 0]
[extra_seed: 12879]
[early_stopping_round: 0]
[early_stopping_min_delta: 0]
[first_metric_only: 0]
[max_delta_step: 0]
[lambda_l1: 0.1]
[lambda_l2: 1]
[linear_lambda: 0]
[min_gain_to_split: 0]
[drop_rate: 0.1]
[max_drop: 50]
[skip_drop: 0.5]
[xgboost_dart_mode: 0]
[uniform_drop: 0]
[drop_seed: 42]
[top_rate: 0.2]
[other_rate: 0.1]
[min_data_per_group: 100]
[max_cat_threshold: 32]
[cat_l2: 10]
[cat_smooth: 10]
[max_cat_to_onehot: 4]
[top_k: 20]
[monotone_constraints: ]
[monotone_constraints_method: basic]
[monotone_penalty: 0]
[feature_contri: ]
[forcedsplits_filename: ]
[refit_decay_rate: 0.9]
[cegb_tradeoff: 1]
[cegb_penalty_split: 0]
[cegb_penalty_feature_lazy: ]
[cegb_penalty_feature_coupled: ]
[path_smooth: 0]
[interaction_constraints: ]
[verbosity: -1]
[saved_feature_importance_type: 0]
[use_quantized_grad: 0]
[num_grad_quant_bins: 4]
[quant_train_renew_leaf: 0]
[stochastic_rounding: 1]
[linear_tree: 0]
[max_bin: 255]
[max_bin_by_feature: ]
[min_data_in_bin: 3]
[bin_construct_sample_cnt: 200000]
[data_random_seed: 42]
[is_enable_sparse: 1]
[enable_bundle: 1]
[use_missing: 1]
[zero_as_missing: 0]
[feature_pre_filter: 1]
[pre_partition: 0]
[two_round: 0]
[header: 0]
[label_column: ]
[weight_column: ]
[group_column: ]
[ignore_column: ]
[categorical_feature: ]
[forcedbins_filename: ]
[precise_float_parser: 0]
[parser_config_file: ]
[objective_seed: 16083]
[num_class: 1]
[is_unbalance: 0]
[scale_pos_weight: 1]
[sigmoid: 1]
[boost_from_average: 1]
[reg_sqrt: 0]
[alpha: 0.9]
[fair_c: 1]
[poisson_max_delta_step: 0.7]
[tweedie_variance_power: 1.5]
[lambdarank_truncation_level: 30]
[lambdarank_norm: 1]
[label_gain: ]
[lambdarank_position_bias_regularization: 0]
[eval_at: ]
[multi_error_top_k: 1]
[auc_mu_weights: ]
[num_machines: 1]
[local_listen_port: 12400]
[time_out: 120]
[machine_list_filename: ]
[machines: ]
[gpu_platform_id: -1]
[gpu_device_id: -1]
[gpu_device_id_list: ]
[gpu_use_dp: 0]
[num_gpu: 1]

end of parameters

pandas_categorical:[]
