tree
version=v4
num_class=1
num_tree_per_iteration=1
label_index=0
max_feature_idx=189
objective=gamma
feature_names=last_osi last_P_t last_N_t last_D_t last_R_t last_outage_pct osi_mean_72h osi_max_72h osi_std_72h outage_pct_mean_72h outage_pct_max_72h N_t_mean_72h N_t_max_72h R_t_mean_72h R_t_max_72h pre_event_mean_osi pre_event_max_outage_pct storm_onset_max_osi storm_onset_mean_osi osi_trend_last6h is_worsening frac_zero_72h hours_since_peak gust_mean_obs gust_max_obs gust_gt30_obs gust_gt40_obs cumul_gust_obs gust_last_obs gust_max_last6h_obs gust_trend_last6h_obs gust_t wind_speed_t wind_sin_t wind_cos_t t2m_t d2m_t tp_t rain_t csnow_t sdwe_t r2_t vpd_t soil_moist_t blh_t tcc_t lcc_t mcc_t hcc_t sp_t mslma_t sdswrf_t direct_rad_t diffuse_rad_t et0_t temp_c_t dewpoint_c_t icing_risk_t gust_exceed_30 soil_moist_x_gust is_snowing gust_x_hso gust_x_phase soil_gust_x_phase gust_exceed30_x_hso gust_max_next_1h gust_mean_next_1h wind_speed_max_next_1h total_tp_next_1h min_t2m_next_1h gust_gt30_next_1h gust_gt40_next_1h gust_peak4h_mean_next_1h gust_max_next_6h gust_mean_next_6h wind_speed_max_next_6h total_tp_next_6h min_t2m_next_6h gust_gt30_next_6h gust_gt40_next_6h gust_peak4h_mean_next_6h gust_max_next_24h gust_mean_next_24h wind_speed_max_next_24h total_tp_next_24h min_t2m_next_24h gust_gt30_next_24h gust_gt40_next_24h gust_peak4h_mean_next_24h gust_max_next_48h gust_mean_next_48h wind_speed_max_next_48h total_tp_next_48h min_t2m_next_48h gust_gt30_next_48h gust_gt40_next_48h gust_peak4h_mean_next_48h gust_change_1h gust_change_3h pressure_change_3h pressure_change_6h temp_change_6h wind_change_1h cumul_gust_since_onset cumul_tp_since_onset gust_gt30_since_onset gust_at_t1h wind_speed_at_t1h t2m_at_t1h tp_at_t1h gust_at_t6h wind_speed_at_t6h t2m_at_t6h tp_at_t6h gust_at_t24h wind_speed_at_t24h t2m_at_t24h tp_at_t24h gust_at_t48h wind_speed_at_t48h t2m_at_t48h tp_at_t48h hour_of_day hour_sin hour_cos days_since_onset hours_since_obs storm_phase log_customers rural_urban_code is_metro pop_density n_utilities pct_forest pct_developed pct_agriculture pct_water pct_wetland pct_unmapped pct_forest_classified tree_canopy_pct tree_canopy_std forest_x_customers window_len_next_1h is_full_next_1h tp_rate_next_1h gust_gt30_frac_next_1h has_weather_at_t1h window_len_next_6h is_full_next_6h tp_rate_next_6h gust_gt30_frac_next_6h has_weather_at_t6h window_len_next_24h is_full_next_24h tp_rate_next_24h gust_gt30_frac_next_24h has_weather_at_t24h window_len_next_48h is_full_next_48h tp_rate_next_48h gust_gt30_frac_next_48h has_weather_at_t48h N_nonzero_frac_obs R_nonzero_frac_obs P_mean_last24_obs D_mean_last24_obs N_mean_last24_obs R_mean_last24_obs flow_balance_last24_obs restoration_ratio_obs P_D_gap_last_obs hours_since_P_peak_obs hours_since_N_peak_obs hours_since_R_peak_obs first_material_N_hour_obs first_material_R_hour_obs P_trend_last24_obs D_trend_last24_obs P_post_peak_slope_obs P_active_frac_obs has_material_P_obs has_material_N_obs has_material_R_obs gust_excess30_sum_obs N_per_gust_excess_obs P_change_per_gust_excess_obs gust_to_N_best_corr_obs gust_to_N_best_lag_obs gust_at_first_material_N_obs
feature_infos=[0:0.55230000000000001] [0:0.82424180700000005] [0:0.021710291] [0:0.90465771100000003] [0:0.039181763000000001] [0:82.420000000000002] [4.1666666666666669e-06:0.26529999999999998] [0.0001:0.65049999999999997] [1.9982631347136334e-05:0.22470370552747407] [0.00083333333333333328:39.644861111111112] [0.02:100] [3.1208333333333337e-06:0.018623942125000001] [7.4900000000000005e-05:0.37916412199999999] [3.1208333333333337e-06:0.017093115180555556] [7.4900000000000005e-05:0.119716399] [0:0.38653749999999998] [0:100] [0:0.59799999999999998] [0:0.20940416666666664] [-0.022628571428571428:0.017611428571428573] [0:1] [0:0.95833333333333337] [0:71] [13.03611111111111:31.258333333333326] [29.300000000000001:70] [0:35] [0:18] [938.59999999999991:2250.5999999999995] [3.5:47.5] [15.4:64.5] [-6.477142857142856:3.3114285714285714] [0.80000000000000004:57.700000000000003] [0:36.600000000000001] [-0.99999999953664132:0.99999997476699998] [-0.99999999329043221:0.99876820410701517] [262.07798279999997:298.2982313] [257.71271739999997:289.8677619] [0:9.6999999999999993] [0:9.6999999999999993] [0:2.1699999999999999] [0:0.089999999999999997] [15:100] [0:2.5] [0.16700000000000001:0.52000000000000002] [15:3090] [0:100] [0:100] [0:100] [0:100] [885.39999999999998:1027] [986.79999999999995:1031.8] [0:840] [0:731] [0:428] [0:0.60999999999999999] [-11.072017200000005:25.14823130000002] [-15.437282600000003:16.717761900000028] [0:1] [0:27.700000000000003] [0.25680000000000003:20.919599999999999] [0:1] [0.80000000000000004:3394.5] [0:106.59999999999999] [0:41.839199999999998] [0:1218.8000000000002] [1.2:57.700000000000003] [0.89999999999999991:54.5] [0.29999999999999999:36.600000000000001] [0:14.699999999999999] [261.26364810000001:298.21776599999998] [0:2] [0:2] [0.89999999999999991:54.5] [5.7000000000000002:57.799999999999997] [3.5714285714285716:48.385714285714286] [0.40000000000000002:36.600000000000001] [0:25.200000000000003] [260.21536479999997:295.74558510000003] [0:7] [0:7] [4.3499999999999996:52.550000000000004] [13.199999999999999:57.799999999999997] [8.4559999999999995:42.796000000000006] [6:38] [0:51.199999999999996] [259.42265909999998:286.57337899999999] [0:25] [0:19] [12.5:52.550000000000004] [13.300000000000001:57.799999999999997] [7.961224489795919:37.651020408163269] [6:38] [0:52.900000000000006] [259.42265909999998:281.94003939999999] [0:40] [0:22] [12.75:52.550000000000004] [-19.800000000000001:26.299999999999997] [-27.399999999999999:35.700000000000003] [-6.1999999999999318:10.599999999999909] [-10.699999999999932:14.599999999999909] [-20.027499999999975:20.117393600000014] [-15.1:20.799999999999997] [348.89999999999998:3614.6999999999998] [0:53.200000000000003] [0:61] [0.59999999999999998:57.700000000000003] [0:36.600000000000001] [261.26364810000001:298.2982313] [0:9.6999999999999993] [1.5:57.799999999999997] [0:36.399999999999999] [260.21536479999997:298.3466019] [0:10.6] [2.1000000000000001:57.799999999999997] [0:38] [260.0631818:298.3466019] [0:11.300000000000001] [1.3:52.899999999999999] [0:33.799999999999997] [260.70757930000002:296.58327589999999] [0:11.300000000000001] [0:23] [-1:1] [-1:1] [1:4] [1:96] [0:2] [7.1180162044653335:13.453719692845613] [1:9] [0:1] [8.3691524328166658:11939.655837338518] [1:14] [0.96999999999999997:88.719999999999999] [2.21:86.629999999999995] [0.040000000000000001:87.469999999999999] [0.01:5.5099999999999998] [0:19.780000000000001] [1.8899999999999999:18.32] [0.98868616858628067:95.815074496056084] [2.2000000000000002:80.340000000000003] [12.65:40.140000000000001] [8.0679963363985543:851.54750536995925] none none [0:7.3499999999999996] [0:1] none none none [0:3.6000000000000005] [0:1] none none none [0:2.048] [0:1] none none none [0:1.0795918367346939] [0:0.81632653061224492] none [0.041666666666666664:0.83333333333333337] [0.041666666666666664:0.90277777777777779] [0:0.33157778683333333] [0:0.2415728110416667] [0:0.05185222787499999] [0:0.017634620166666667] [-5.9704624999999938e-05:0.03421760770833332] [0.013031417634099374:6.5416667824977583] [-0.094310770000000002:0.045476995000000006] [0:71] [0:71] [0:70] [0:68] [0:71] [-0.00014221094434782621:0.052080195401739138] [-2.8979260869565253e-06:0.043438201510000003] [-0.090709080000000039:0.00060335147105305595] [0:0.98611111111111116] [0:1] [0:1] [0:1] [0:446.30000000000001] [1.2346153846153842e-05:0.024848555909090915] [-0.0026323566314935061:0.0091683099305555574] [-0.13256831251647599:0.75281650661316302] [0:3] [3.2000000000000002:60.600000000000001]
tree_sizes=3345 3436 3439 3422 3455 3455 3462 3449

Tree=0
num_leaves=31
num_cat=0
split_feature=112 128 138 128 128 103 133 138 93 36 140 40 173 189 129 16 85 23 138 133 132 77 100 99 116 155 2 166 103 19
split_gain=5916.6 4964.8 3370.7 2695.85 2304.74 3181.16 2033.72 2538.62 1864.66 2634.71 1021.26 842.181 827.538 699.171 679.097 776.193 1700.27 634.063 1126.43 629.844 753.469 665.424 531.789 506.038 503.827 428.289 382.821 405.247 374.692 289.109
threshold=269.59083740000011 10.920854457139438 8.5350000000000019 13.272316689141848 9.5352820484881331 1259.0500000000004 26.470000000000002 6.8750000000000009 266.43851960000001 272.46931715000005 7.7150000000000007 0.045000000000000005 6.5000000000000009 45.500000000000007 3.5000000000000004 0.62500000000000011 270.1615630500001 21.731250000000006 6.535000000000001 24.840000000000007 2.5000000000000004 276.70972775000001 -1.0499999999999543 -3.9000000000000337 271.24578040000006 0.018000000000000006 0.00012382400000000003 0.032215113187500012 1720.0500000000004 -0.0052600000000000008
decision_type=2 2 2 2 2 2 2 2 2 2 2 2 10 10 2 2 2 2 2 2 2 2 2 2 2 2 2 2 2 2
left_child=1 10 11 29 -2 19 7 13 9 -9 -1 26 -11 24 15 16 28 -12 25 20 21 -6 -15 -10 -7 -19 27 -3 -8 -4
right_child=4 2 3 -5 5 6 14 8 23 12 17 -13 -14 22 -16 -17 -18 18 -20 -21 -22 -23 -24 -25 -26 -27 -28 -29 -30 -31
leaf_value=-7.3565364059189244 -6.6972137974056061 -8.2113154923980254 -7.466120991359686 -6.8226965828456203 -6.8740134169766796 -7.1587125826130711 -7.0751678473707509 -7.1942529079141631 -6.82390065851322 -7.0889515576352045 -6.7647874819433147 -6.8391766372101443 -9.6680175704080007 -7.6079860394608936 -6.7669799837744788 -6.8286365437571348 -6.9374725210057102 -7.1299370333101626 -7.3587612479814917 -6.7215687432809093 -6.7712489006672882 -7.4235555233360726 -6.927956966709659 -7.4076007565579562 -6.8046344046911598 -6.833597615810322 -7.1563367385382977 -7.1193619230661369 -8.0745869765706324 -9.416564769408474
leaf_weight=10.46966646471992 3585.3577804397792 2.4933761971769908 1.2233718471834456 1.793107137957122 19.468370173417501 11.451941990992053 2.2877129728440186 3.9612467805855003 6.3269759314134708 0.70479127438738975 83.959411348216236 8.1513835887890291 1.7270530842361038 5.3612200226634741 214.80349507555366 89.221515971352346 33.13408833486028 13.810769253410397 13.605505957268177 1843.1750971612055 405.18244391793269 7.1438434805895659 6.6820187009870988 9.5256094243377429 55.705156283918768 77.748376818373799 6.6727195035200566 2.4125804495997727 3.8051045290194452 3.2207625112496285
leaf_count=154 1142 106 34 7 78 118 25 50 20 13 141 28 162 117 369 265 174 132 197 1485 730 120 37 152 139 239 72 29 133 230
internal_value=-6.73256 -6.9836 -7.62112 -8.55976 -6.72354 -6.75824 -6.88039 -7.07607 -7.53714 -8.20905 -6.89661 -7.25026 -9.24404 -6.93807 -6.82171 -6.91222 -7.09505 -6.86797 -6.94921 -6.73431 -6.78859 -7.04144 -7.27507 -7.19425 -6.87047 -6.88218 -7.50768 -7.83181 -7.80142 -9.11417
internal_weight=6530.59 225.561 25.9673 6.23724 6305.03 2719.67 444.698 101.446 22.2457 6.39309 199.594 19.7301 2.43184 79.2003 343.252 128.448 39.2269 189.124 105.165 2274.97 431.795 26.6122 12.0432 15.8526 67.1571 91.5591 11.5787 4.90596 6.09282 4.44413
internal_count=6698 1369 506 271 5329 4187 1774 808 397 225 863 235 175 411 966 597 332 709 568 2413 928 198 154 172 257 371 207 135 158 264
is_linear=0
shrinkage=1


Tree=1
num_leaves=31
num_cat=0
split_feature=85 131 93 15 140 136 15 116 188 84 16 9 35 172 189 23 185 141 30 77 128 81 7 131 175 120 187 4 42 134
split_gain=3722.29 1912.83 2306.24 997.844 848.1 576.692 483.205 475.206 443.366 415.251 376.709 510.327 334.413 392.848 330.85 334.389 320.267 277.133 274.867 258.708 236.149 217.599 567.362 258.108 198.071 195.424 189.269 357.593 195.543 207.823
threshold=266.90739995000007 86.399070695009968 268.87655035000006 0.00023854166666666669 16.365000000000006 1.0950000000000004 0.00021145833333333338 268.73904975000005 1.5000000000000002 6.3500000000000014 0.64500000000000013 0.021944444444444444 281.16963320000008 36.500000000000007 56.100000000000001 26.56527777777778 0.00047544100303174164 33.775000000000013 -0.86142857142857199 267.97179010000008 9.5072399819157472 34.750000000000007 0.025400000000000002 285.41853801391636 11.500000000000002 271.14923820000007 0.58426287333064419 0.0020139710000000003 0.43500000000000005 20.485000000000003
decision_type=2 2 2 2 2 2 2 2 2 2 2 2 2 10 10 2 10 2 2 2 2 2 2 2 10 2 2 2 2 2
left_child=4 20 3 5 14 9 -7 -5 10 -3 11 -6 17 16 15 -1 -14 21 -10 -20 -2 -4 23 -23 -17 -11 -9 -28 -29 -30
right_child=1 2 12 7 8 6 -8 26 18 25 -12 -13 13 -15 -16 24 -18 -19 19 -21 -22 22 -24 -25 -26 -27 27 28 29 -31
leaf_value=-0.22642047028886211 0.035325064747422731 -0.43117825573003671 -0.0059833842905552435 -0.31366844191441556 -0.016630958550301948 -0.98992936614940774 -0.20511849492397036 -0.058324410103515148 -0.39424702120816896 -0.23410329466897736 -0.04698539174759285 -0.28826206728392373 -0.46570445354722323 -0.025962717988662499 -0.026485946823143355 -0.30263473172043032 -0.10278549498276318 0.019791058671246801 -0.3411864114474924 -0.067385786876949558 0.0055832766439439588 -0.15717931769324237 -0.036436359756096035 -0.53935013635345308 -0.60090976359164783 -0.04901884522762328 -0.37412190118777167 -0.010503905517677338 -0.35928731050225732 -0.0678716540484786
leaf_weight=41.489617334096693 3229.3379408791661 19.044546658988111 458.86859069269849 21.809237801353447 28.941036948934197 4.1397721515968424 4.2720599453896284 280.0539186578244 17.897144121583551 36.468766522593796 203.10290325479582 42.590462562162429 10.04314685217105 58.831982400268316 10.701496016234158 15.858804489485921 15.330084172077475 975.69758297526278 11.896664790343491 28.347675793804228 842.26346259424463 12.249392077326776 130.83109574019909 7.305758668226189 13.817722042789681 24.197223690804094 13.370868354337288 32.799470695201308 10.104668735293673 15.076808349229394
leaf_count=234 947 192 514 165 39 106 26 608 167 212 395 294 113 90 17 118 49 589 100 68 748 54 227 97 192 49 121 40 90 37
internal_value=-0.000613201 0.0090922 -0.0292847 -0.128106 -0.145468 -0.278705 -0.656026 -0.0918837 -0.109373 -0.23119 -0.0822222 -0.180176 -0.00190827 -0.0984064 -0.289035 -0.327532 -0.258836 0.00327413 -0.23398 -0.154755 0.0291767 -0.023158 -0.0751435 -0.319494 -0.456739 -0.162354 -0.0772539 -0.149649 -0.0923341 -0.194257
internal_weight=6616.74 6202.1 2130.49 461.337 414.644 88.1224 8.41183 373.215 332.776 79.7105 274.634 71.5315 1669.16 84.2052 81.8676 71.1661 25.3732 1584.95 58.1415 40.2443 4071.6 609.255 150.386 19.5552 29.6765 60.666 351.406 71.3518 57.9809 25.1815
internal_count=6698 5074 3379 1646 1624 585 132 1061 1063 453 728 333 1733 252 561 544 162 1481 335 168 1695 892 378 151 310 261 896 288 167 127
is_linear=0
shrinkage=0.05


Tree=2
num_leaves=31
num_cat=0
split_feature=126 83 36 134 112 176 138 142 126 43 30 174 129 132 103 142 88 89 175 14 180 23 45 91 174 174 91 82 48 67
split_gain=2881.53 1675.36 1123.27 608.427 553.152 547.115 393.131 460.934 385.591 362.893 362.255 354.504 304.629 270.266 263.499 274.757 232.546 232.07 227.174 201.793 194.276 229.087 193.744 253.314 179.582 156.605 163.091 149.284 145.119 136.948
threshold=64.500000000000014 21.150000000000002 282.11743645000007 9.1550000000000029 281.42366845000004 29.500000000000004 9.6050000000000022 297.44373397558053 17.500000000000004 0.27250000000000008 -3.1228571428571423 41.000000000000007 6.5000000000000009 8.5000000000000018 1302.6000000000001 581.13239649693526 34.862500000000004 43.550000000000004 8.5000000000000018 0.0052208640000000013 0.17361111111111113 26.115972222222226 92.500000000000014 14.450000000000001 7.5000000000000009 36.500000000000007 20.050000000000004 24.718000000000007 40.500000000000007 14.050000000000002
decision_type=2 2 2 2 2 10 2 2 2 2 2 10 2 2 2 2 2 2 10 2 2 2 2 2 10 8 2 2 2 2
left_child=1 3 5 19 14 6 17 28 -7 -6 -4 12 13 20 -5 27 25 18 -3 -1 -2 -22 -13 -24 -12 -11 -27 -16 -8 -20
right_child=11 2 10 4 9 8 7 -9 -10 16 24 22 -14 -15 15 -17 -18 -19 29 -21 21 -23 23 -25 -26 26 -28 -29 -30 -31
leaf_value=0.0013978465666622585 -0.30214156611859749 -0.21834362552865724 -0.099899412513352548 0.00730141407881743 0.00093761481292120401 -0.031860648816573654 -0.130911889296844 -0.053928588780278598 -0.18832213996020977 -0.066855021487932001 -0.26993649109768442 -0.0092196588559545732 -0.064867421304070472 -0.040562447488621187 -0.092924793643589298 -0.032196934123683026 -0.32538191351479068 0.0052196711395807094 0.0018623774028136766 0.033996403589238125 -0.13586831576948891 -0.26943260223270749 -0.055119191028139614 -0.31131643763044359 -0.54090862589093724 -0.38114036533082607 -0.11693953090033388 -0.40761720650602729 -0.47750968862096999 -0.12717542039553753
leaf_weight=553.60505588026717 40.304411097429693 20.781773198395967 25.317648226860911 1138.4990950096981 57.191218996420503 69.791034584864974 5.6054254339542231 41.769752356689423 91.081247710913885 52.442290579667315 29.615451120538637 85.035618873313069 76.001815451309085 30.414787083514966 7.7108749384060493 43.344719623913988 16.435576285701245 548.46001164708287 65.579940441064537 3348.5596035132185 116.26043716678396 46.725247545167804 31.296671636402607 13.377978584729133 9.3992389496415836 8.9619528555776942 17.839156790403649 8.2763120178133232 9.8907952411100251 28.885635367361829
leaf_count=538 290 116 78 972 56 115 23 88 438 124 195 101 176 56 24 72 130 491 63 1071 435 304 67 103 122 85 62 84 114 105
internal_value=-0.000447621 0.00833013 -0.0528793 0.0193645 -0.00955088 -0.0380052 -0.019317 -0.143852 -0.121092 -0.0987942 -0.252989 -0.124028 -0.153069 -0.181333 0.00190732 -0.0999207 -0.157853 -0.00836403 -0.0725404 0.0293744 -0.202068 -0.175599 -0.0540087 -0.137084 -0.347229 -0.119422 -0.215997 -0.270536 -0.367975 -0.0384612
internal_weight=6638.46 6199.04 946.178 5252.87 1350.7 881.846 720.973 57.266 160.872 152.87 64.3323 439.417 309.707 233.705 1197.83 59.3319 95.679 663.707 115.247 3902.16 203.29 162.986 129.71 44.6747 39.0147 79.2434 26.8011 15.9872 15.4962 94.4656
internal_count=6698 5166 1948 3218 1609 1553 1000 225 553 457 395 1532 1261 1085 1152 180 401 775 284 1609 1029 739 271 170 317 271 147 108 137 168
is_linear=0
shrinkage=0.05


Tree=3
num_leaves=31
num_cat=0
split_feature=85 128 93 129 23 133 21 132 187 113 92 136 41 0 128 84 132 51 21 90 50 34 166 81 185 86 16 86 120 93
split_gain=2405.59 1558.2 1117.43 569.025 490.476 488.17 339.093 314.007 281.722 262.97 262.482 200.212 199.751 205.52 177.877 166.375 143.591 142.165 140.174 274.191 138.951 147.85 135.595 132.443 222.099 173.038 232.049 127.117 124.949 239.29
threshold=267.53416410000005 9.5352820484881331 268.68666670000005 2.5000000000000004 21.731250000000006 24.840000000000007 0.52083333333333337 2.5000000000000004 0.25352997928072141 0.25000000000000006 20.650000000000006 0.41500000000000004 69.500000000000014 0.0061000000000000004 10.100143380802356 12.050000000000002 8.5000000000000018 298.50000000000006 0.56250000000000011 23.927551020408163 1021.0500000000001 -0.84497543809481612 0.079928887041666688 26.750000000000004 0.00042859869326760937 3.5000000000000004 1.0400000000000003 5.5000000000000009 287.08462885 272.13078665000006
decision_type=2 2 2 2 2 2 2 2 2 2 2 2 2 2 2 2 2 2 2 2 2 2 2 2 10 2 2 2 2 2
left_child=4 -2 3 6 -1 7 17 -4 -6 12 14 -8 16 -14 18 -13 -10 20 -5 -20 21 -3 -15 -9 25 -25 -27 -11 -7 -30
right_child=1 2 5 10 8 28 11 23 9 27 -12 15 13 22 -16 -17 -18 -19 19 -21 -22 -23 -24 24 -26 26 -28 -29 29 -31
leaf_value=-0.028714638038491572 0.033701864943712731 -0.12689155443448238 -0.16354949482952033 -0.09234468290164162 -0.013628487901035234 0.016634810770740496 -0.16232870988673206 0.0010178094697484152 -0.14976451994693804 -0.16369025804463772 0.0059952216115962782 -0.60620968844594836 -0.1072911911531477 -0.33046624541029535 -0.050773756869539569 -0.22443385903733395 -0.03483801928124234 -0.058103024895360733 -0.046127944695595467 -0.43900556220077525 -0.044666793038539508 -0.26565286373512625 -0.078821034061655859 -0.084867959140445703 -0.028904720577237031 -0.47283539156839594 -0.073608231726251819 -0.033495208137087472 0.015745441110739753 -0.12835779529532182
leaf_weight=226.97538599511608 3189.8558778259903 60.308749656425789 49.082066452712752 35.847178823314607 56.285661663860083 1538.1790452289861 18.286134280264378 182.84233034681529 194.45512913935818 23.778855353826657 177.50334195420146 6.3833106737583858 24.080870488658547 38.675004519987851 193.9416254744865 7.9092505322769284 32.534493357990868 76.657401220407337 8.3105079624801892 9.3168560722842795 26.940103315748274 30.664531363232527 7.1120292749255887 38.260622333968058 180.16786823701113 7.1191902169957739 7.4541295636445284 80.980752916773781 80.886909324908629 43.545291686197743
leaf_count=358 1039 216 213 104 72 1026 81 179 780 105 156 96 78 301 392 48 56 167 17 100 52 199 20 105 285 84 20 136 55 158
internal_value=-0.000327252 0.00985989 -0.0175015 -0.0747112 -0.0890116 5.72565e-05 -0.138451 -0.045176 -0.118761 -0.133412 -0.0403809 -0.286374 -0.157465 -0.232145 -0.0735628 -0.42376 -0.133539 -0.11232 -0.153673 -0.26647 -0.14674 -0.176098 -0.294006 -0.0308336 -0.055747 -0.144951 -0.286794 -0.0643631 0.0127287 -0.0352652
internal_weight=6654.34 5969.46 2779.61 652.069 684.878 2127.54 227.149 464.926 457.903 401.617 424.92 32.5787 296.858 69.8679 247.416 14.2926 226.99 194.571 53.4745 17.6274 117.913 90.9733 45.787 415.844 233.002 52.8339 14.5733 104.76 1662.61 124.432
internal_count=6698 4792 3753 1628 1906 2125 859 886 1548 1476 769 225 1235 399 613 144 836 634 221 117 467 415 321 673 494 209 104 241 1239 213
is_linear=0
shrinkage=0.05


Tree=4
num_leaves=31
num_cat=0
split_feature=128 103 77 133 77 55 142 51 85 174 99 83 175 185 80 103 43 141 136 115 180 49 160 126 103 179 94 160 122 83
split_gain=2164.71 2004.12 411.69 355.635 345.317 275.539 259.637 192.785 206.835 232.807 182.547 180.943 176.551 163.805 151.544 147.922 213.605 146.683 143.784 138.614 121.395 224.11 190.101 219.569 179.351 157.974 124.05 185.417 122.389 121.235
threshold=9.5352820484881331 1226.5500000000002 270.08647245000003 24.840000000000007 286.31920720000005 8.024841550000021 444.83829863476871 407.50000000000006 264.02592250000004 2.5000000000000004 3.1499999999999777 21.050000000000004 12.500000000000002 0.0031997526140350881 18.062500000000004 1311.1500000000003 0.39250000000000007 33.750000000000007 0.66500000000000015 10.350000000000003 0.20138888888888892 999.6500000000002 0.45000000000000007 16.500000000000004 695.20000000000016 -0.0010986590916666616 12.500000000000002 0.20714285714285721 2.5000000000000004 17.650000000000002
decision_type=2 2 2 2 2 2 2 2 2 8 2 2 10 8 2 2 2 2 2 2 2 2 2 2 2 10 2 2 2 2
left_child=2 3 -1 5 7 18 -6 8 9 -3 15 -4 -13 29 -14 -10 -17 -12 -2 -18 21 22 23 26 -25 -26 27 28 -5 -9
right_child=1 4 11 20 6 -7 -8 13 10 -11 17 12 14 -15 -16 16 19 -19 -20 -21 -22 -23 -24 24 25 -27 -28 -29 -30 -31
leaf_value=-0.048509820224594102 -0.014765285402429896 -0.11535778845470401 0.036375077891642425 -0.062623463103335261 -0.095245814548487684 -0.17772637207947906 -0.00089189068220769409 -0.068486811408906903 -0.061675784022748648 -0.40156571833921489 -0.12629945466150011 0.012297274596596523 -0.010351076501641042 0.0045040453749670478 -0.18843952373703166 -0.16385142089167265 -0.18050174184881254 -0.014918904000423519 -0.085470083412636372 -0.055711548882018673 0.020675467832319803 0.026593372223684256 0.014356921634288417 0.0030086803946008465 -0.116802327467247 -0.31286134556975054 -0.0031967920285632966 -0.01602756044356194 -0.30489387582406158 -0.20525190298036572
leaf_weight=163.90741749294102 367.94765138113871 18.019364257343117 2850.7594232726842 10.054534847382458 118.41824324405752 32.351429311325774 187.53691383637488 106.1427260171622 86.261532184435055 12.276029922068117 44.632585697807372 240.4944791123271 26.25717755779624 70.544822816736996 21.206888847053051 239.09660433244426 28.045333622023463 85.184449531603605 88.650790038402192 103.95542014669627 1003.4491063044406 311.09108933189418 161.86472103418782 19.32290225662291 39.437085745390505 14.281319097266531 151.17083015642129 34.515472567640245 11.665758074261246 18.764788953820243
leaf_count=324 477 62 776 24 346 151 191 253 194 119 160 181 32 64 105 1026 133 111 242 221 588 145 115 18 134 110 161 46 89 100
internal_value=-0.000229392 -0.0284522 0.0285221 -0.00120387 -0.0830903 -0.0388764 -0.0376187 -0.100131 -0.113864 -0.240618 -0.106917 0.0325605 -0.00518093 -0.0563617 -0.0922704 -0.121798 -0.135556 -0.0539238 -0.0286607 -0.0834203 0.00929409 -0.00586531 -0.0287142 -0.0535538 -0.127536 -0.173782 -0.0269889 -0.0896854 -0.200657 -0.0905397
internal_weight=6667.31 3364.68 3302.63 2245.8 1118.88 488.95 305.955 812.924 617.471 30.2954 587.176 3138.72 287.959 195.452 47.4641 457.359 371.097 129.817 456.598 132.001 1756.85 753.404 442.313 280.448 73.0413 53.7184 207.407 56.2358 21.7203 124.908
internal_count=6698 5280 1418 2300 2980 870 537 2443 2026 181 1845 1094 318 417 137 1574 1380 271 719 354 1430 842 697 582 262 244 320 159 113 353
is_linear=0
shrinkage=0.05


Tree=5
num_leaves=31
num_cat=0
split_feature=85 137 103 101 75 141 15 112 28 91 120 137 49 13 85 137 120 89 122 164 17 15 43 189 87 16 103 80 61 124
split_gain=1737.77 828.457 1042.82 397.657 305.669 222.012 254.645 216.581 212.742 192.26 146.326 133.132 128.99 154.547 128.148 111.713 202.287 155.751 118.302 104.753 157.876 140.111 103.163 113.192 230.255 113.174 94.8407 104.48 102.404 94.4924
threshold=266.90739995000007 0.055000000000000007 1311.1500000000003 -5.3897162999999741 7.1500000000000012 35.975000000000009 0.00093958333333333339 284.58765390000002 37.050000000000004 17.550000000000004 266.06380315000007 0.59500000000000008 966.05000000000007 0.0008805914375 269.82216290000002 0.75500000000000012 285.65683945000006 42.150000000000013 12.500000000000002 0.38194444444444448 0.053100000000000001 0.0016114583333333334 0.38350000000000006 53.350000000000009 1.0000000180025095e-35 0.64500000000000013 1063.3500000000004 17.937500000000004 123.10000000000002 0.37940952255126048
decision_type=2 2 2 2 2 2 2 2 2 2 2 2 2 2 2 2 2 2 2 2 2 2 2 8 2 2 2 2 2 2
left_child=22 12 4 14 -3 6 8 15 -5 -9 -11 -7 13 -2 -4 16 26 -18 -17 -8 21 -21 23 24 -1 -24 28 -28 -6 -27
right_child=1 2 3 5 7 11 19 9 -10 10 -12 -13 -14 -15 -16 18 17 -19 -20 20 -22 -23 25 -25 -26 29 27 -29 -30 -31
leaf_value=-0.095508002807430159 -0.072216989897695302 0.028505166636268328 -0.30485916541372898 -0.09309024553483955 -0.049955280984628009 -0.091897383455638693 0.02158215686805422 0.020663816190786589 -0.23833799245476578 -0.0058728436990862047 -0.11849549478245121 0.0035313779261462496 0.036909670383995237 0.020867114321499697 -0.082328193887409695 0.017192632539577642 -0.22351937767873961 -0.037782301069407949 -0.014395571454268386 -0.030059680326368816 -0.027768816401176934 -0.27120903976130534 -0.10531392226094377 -0.012934589781590528 -0.28817785786565536 -0.027175816639551317 -0.012373549908426889 -0.11751357153755292 0.013542468194226182 -0.12241519970681281
leaf_weight=266.99213273380883 57.870702227577567 1083.2140335533768 20.684659079182897 175.77655047248118 76.984874080866575 44.420146792195737 58.997515492141247 60.528112206608057 29.328989666420966 40.970299716107547 98.082767758867703 186.33071216987446 2107.8086309637874 182.81289411708713 10.675516428425906 1053.7935669515282 18.907181925140321 27.422586054075509 411.21778788953088 10.803694412112238 86.374352604150772 13.616649708710609 86.854326451662928 36.260908596217632 15.840250999666749 217.2678559650667 63.049584698397666 37.176011211238801 340.63036661269143 28.8407565318048
leaf_count=779 143 465 153 505 155 128 33 35 174 46 333 173 551 106 30 691 108 49 530 18 135 93 272 46 113 336 79 127 248 102
internal_value=0.00139151 0.00944179 -0.00454323 -0.0630784 0.00672925 -0.053841 -0.077548 -0.00385998 -0.11494 -0.0534245 -0.0856272 -0.0151346 0.0329516 -0.00169983 -0.234146 0.00103641 -0.0178468 -0.116808 0.00831888 -0.0319417 -0.0604256 -0.170099 -0.0762449 -0.0966604 -0.107294 -0.056434 -0.00877525 -0.0521975 0.00173372 -0.0388071
internal_weight=6949.53 6297.48 3948.99 637.009 3311.98 605.649 374.898 2228.76 205.106 199.581 139.053 230.751 2348.49 240.684 31.3602 2029.18 564.171 46.3298 1465.01 169.792 110.795 24.4203 652.056 319.093 282.832 332.963 517.841 100.226 417.615 246.109
internal_count=6756 5108 4308 1442 2866 1259 958 2401 679 414 379 301 800 249 183 1987 766 157 1221 279 246 111 1648 938 892 710 609 206 403 438
is_linear=0
shrinkage=0.05


Tree=6
num_leaves=31
num_cat=0
split_feature=128 93 85 133 1 92 123 137 140 83 120 128 164 120 126 100 3 55 168 85 21 120 89 85 189 171 44 169 54 43
split_gain=1752.7 1126.28 366.219 342.232 291.141 280.936 188.011 185.522 154.424 145.492 130.541 130.221 128.129 125.742 147.443 162.498 119.269 115.189 127.796 114.925 99.0772 97.0212 115.446 187.719 91.4504 90.1581 89.386 88.0867 108.501 87.1571
threshold=9.5352820484881331 266.85745830000002 267.53416410000005 24.840000000000007 0.07713479500000002 11.950000000000005 -0.78656609248549292 0.075000000000000025 6.7950000000000008 21.050000000000004 270.15380325000007 10.845785704635569 0.3263888888888889 268.34708315000006 30.500000000000004 -5.9000000000000332 4.1150000000000004e-05 8.4098737500000329 0.0029469410000000002 276.12789515000003 0.54861111111111127 286.55474285000008 40.750000000000007 272.39250125000007 47.100000000000009 -0.006702068999999998 1272.5000000000002 0.0082779087916666685 0.10500000000000002 0.32250000000000006
decision_type=2 2 2 2 2 2 2 2 2 2 2 2 2 2 2 2 2 2 2 2 2 2 2 2 10 2 2 2 2 2
left_child=2 5 20 4 6 8 -3 -7 24 12 11 -5 -4 14 -9 -16 -10 -11 -19 -13 25 -12 23 -23 -2 -1 -25 -18 -29 -8
right_child=1 3 9 10 -6 7 29 13 16 17 21 19 -14 -15 15 -17 27 18 -20 -21 -22 22 -24 26 -26 -27 -28 28 -30 -31
leaf_value=-0.084042860111569362 -0.27707052538197946 -0.15599593846770551 0.0095611193794731889 -0.0034551036059233091 0.0083948172572019236 0.0092787741123936882 -0.10087629420692067 -0.0041766424611653207 -0.19831286956447067 0.01303511655496558 0.017527727950087526 -0.038311448928545225 0.039972376704271173 -0.022186506084780282 -0.058357758547528872 -0.17541705274964606 -0.069118756344193233 -0.16159390616407041 -0.0027664045109862378 -0.16977942914453856 -0.11115000614651845 -0.0053023372581771219 0.014133495928876388 -0.078361736681934357 -0.108433774472009 -0.0014136695355090657 -0.2472957220401496 -0.20645908173208083 -0.049608126105471717 -0.036914658322510639
leaf_weight=41.113395601511002 15.189168918877838 45.821311443112791 405.91037461906672 237.42438070615754 235.86952897661831 159.97255918569863 65.246325033367611 40.438521463423967 19.719828151166439 214.20424837619066 1357.2357298389543 59.524428896605968 2407.8459877055138 139.53873157780617 64.016110078431666 57.092322036623955 557.22443160274997 20.952428104355931 30.175138827413321 22.637335060629994 33.719204450026155 57.677447715774179 114.8462502444163 19.995353293837979 20.744100896641612 153.53088666498661 13.783260199241338 26.275306235998869 20.032420660601929 290.0326107731089
leaf_count=112 105 192 328 254 196 130 199 44 102 158 881 106 482 202 140 261 1329 92 32 103 111 64 82 53 68 158 87 139 41 505
internal_value=0.0013793 -0.0225544 0.0277222 -0.00400235 -0.0356545 -0.0642437 -0.0615269 -0.0341777 -0.0851818 0.0322554 0.00671464 -0.0223518 0.035592 -0.0572378 -0.0871604 -0.114567 -0.0791065 -0.00311044 -0.0698023 -0.0761998 -0.0332521 0.0126695 -0.0191985 -0.0608094 -0.185425 -0.0192328 -0.152567 -0.0748817 -0.141195 -0.0489253
internal_weight=6947.79 3640.34 3307.45 2520.09 636.97 1120.24 401.1 461.058 659.185 3079.09 1883.12 319.586 2813.76 301.086 161.547 121.108 623.252 265.332 51.1276 82.1618 228.363 1563.54 206.302 91.4561 35.9333 194.644 33.7786 603.532 46.3077 355.279
internal_count=6756 5283 1473 2722 1092 2561 896 777 1784 1092 1630 463 810 647 445 401 1611 282 124 209 381 1167 286 204 173 270 140 1509 180 704
is_linear=0
shrinkage=0.05


Tree=7
num_leaves=31
num_cat=0
split_feature=128 93 85 133 1 92 136 83 122 92 164 128 76 164 21 50 43 13 170 104 141 170 180 104 82 28 61 53 19 179
split_gain=1590.11 929.718 339.738 279.62 228.631 198.342 184.467 140.191 138.507 135.166 133.523 127.732 142.167 126.196 121.032 117.952 178.443 110.626 118.522 107.781 104.616 118.324 240.93 97.1315 96.6362 96.3661 120.832 151.424 111.221 94.3725
threshold=9.5352820484881331 267.9393022000001 267.53416410000005 24.840000000000007 0.070001748000000016 11.950000000000005 1.0650000000000002 21.050000000000004 15.500000000000002 1.0000000180025095e-35 0.34027777777777785 9.7911863388077762 1.2500000000000004 0.31250000000000006 0.54861111111111127 1023.4500000000002 0.31750000000000006 0.00086154718750000006 0.99281822609570081 2.5500000000000012 20.220000000000002 0.99822298655133379 0.21527777777777782 1.4500000000000006 31.406000000000006 7.0500000000000007 266.10000000000008 218.50000000000003 0.00097571428571429318 -0.0036319240909090901
decision_type=2 2 2 2 2 2 2 2 2 2 2 2 2 2 2 2 2 2 2 2 2 2 2 2 2 2 2 2 2 8
left_child=2 5 -1 4 8 9 17 13 -3 10 -2 -10 15 -4 -5 16 -13 18 -7 29 -11 -22 -23 -8 -25 -16 -27 28 -28 -9
right_child=1 3 7 14 -6 6 23 19 11 20 -12 12 -14 -15 25 -17 -18 -19 -20 -21 21 22 -24 24 -26 26 27 -29 -30 -31
leaf_value=-0.030518850432071157 0.036157907347306471 -0.040713479743245018 0.0055123228360289302 0.015601628011572406 0.006997781972388476 -0.08466301037218936 -0.054419071152714098 -0.0030023893530681323 0.013158577112971571 -0.1768567995450023 -0.067121336020482411 -0.13496049102866062 -0.032399038766999469 0.039005552043286311 0.016500076314089132 -0.12054392980997218 -0.4811988921654069 -0.0025079725714495199 -0.013930953323941437 0.032404472129874247 -0.065976027333989162 -0.26172157766372484 -0.055256439407607508 -0.28065619098496047 -0.071860684538376185 -0.020082079707444574 -0.30554386151199142 -0.01270161539241519 -0.066699159616862277 -0.087498888794555876
leaf_weight=236.14943655952811 57.155946483835578 276.74262499052566 319.42580969817936 1387.2924475523178 236.31333989556879 112.2085192957893 29.119019081816077 98.901157131418586 14.06456473469734 24.54474894143641 66.835633455310017 8.9751032795757073 17.143415501806885 2396.1189916953444 118.55251059029251 20.959151495248079 7.1796104386448851 318.85618773521855 125.62098033213988 118.63267292827368 630.12180776381865 23.36469119368121 35.529831407591701 12.896609637420626 10.857803143560885 153.03367118816823 11.501973697450014 18.855947596952319 9.2400051895529014 48.782220585271716
leaf_count=381 15 503 284 954 203 304 62 105 10 115 158 36 29 526 79 74 86 335 161 41 1463 151 76 91 28 215 88 24 23 136
internal_value=0.00135961 -0.0208684 0.0271032 -0.000965551 -0.0308667 -0.0521986 -0.0304099 0.031677 -0.0567576 -0.067995 -0.0195647 -0.120148 -0.154407 0.0350711 0.00927864 -0.208305 -0.308211 -0.0218057 -0.0475382 -0.00291489 -0.0763643 -0.0725261 -0.140251 -0.118822 -0.192179 -0.0188536 -0.0406102 -0.117373 -0.207336 -0.0313474
internal_weight=6944.98 3726.97 3218.01 2279.85 581.378 1447.11 609.559 2981.86 345.064 837.553 123.992 68.3218 54.2573 2715.54 1698.48 37.1139 16.1547 556.686 237.829 266.316 713.561 689.016 58.8945 52.8734 23.7544 311.184 192.632 39.5979 20.742 147.683
internal_count=6756 5283 1473 2324 941 2959 981 1092 738 1978 173 235 225 810 1383 196 122 800 465 282 1805 1690 227 181 119 429 350 135 111 241
is_linear=0
shrinkage=0.05


end of trees

feature_importances:
log_customers=11
min_t2m_next_24h=10
cumul_gust_since_onset=8
t2m_at_t48h=7
min_t2m_next_48h=6
pct_forest=6
soil_moist_t=5
wind_speed_max_next_24h=5
pre_event_mean_osi=4
pre_event_max_outage_pct=4
frac_zero_72h=4
gust_mean_obs=4
min_t2m_next_6h=4
total_tp_next_48h=4
hours_since_obs=4
n_utilities=4
pct_water=4
pct_wetland=4
pct_unmapped=4
tree_canopy_std=4
R_nonzero_frac_obs=4
hours_since_R_peak_obs=4
gust_at_first_material_N_obs=4
gust_max_next_48h=3
wind_speed_max_next_48h=3
t2m_at_t6h=3
hour_of_day=3
rural_urban_code=3
tree_canopy_pct=3
forest_x_customers=3
first_material_N_hour_obs=3
P_active_frac_obs=3
N_per_gust_excess_obs=3
last_P_t=2
R_t_mean_72h=2
osi_trend_last6h=2
gust_last_obs=2
gust_trend_last6h_obs=2
d2m_t=2
sp_t=2
mslma_t=2
sdswrf_t=2
temp_c_t=2
gust_x_hso=2
gust_peak4h_mean_next_6h=2
gust_max_next_24h=2
gust_mean_next_24h=2
total_tp_next_24h=2
gust_gt30_next_24h=2
pressure_change_3h=2
pressure_change_6h=2
cumul_tp_since_onset=2
t2m_at_t24h=2
pop_density=2
pct_developed=2
tp_rate_next_48h=2
D_mean_last24_obs=2
restoration_ratio_obs=2
P_post_peak_slope_obs=2
gust_to_N_best_corr_obs=2
last_osi=1
last_N_t=1
last_D_t=1
last_R_t=1
osi_max_72h=1
outage_pct_mean_72h=1
R_t_max_72h=1
storm_onset_max_osi=1
wind_cos_t=1
t2m_t=1
sdwe_t=1
r2_t=1
vpd_t=1
blh_t=1
tcc_t=1
hcc_t=1
diffuse_rad_t=1
et0_t=1
wind_speed_max_next_1h=1
wind_speed_max_next_6h=1
total_tp_next_6h=1
gust_gt40_next_24h=1
gust_peak4h_mean_next_24h=1
gust_mean_next_48h=1
gust_gt30_next_48h=1
temp_change_6h=1
tp_at_t6h=1
wind_speed_at_t24h=1
hour_sin=1
hour_cos=1
tp_rate_next_24h=1
R_mean_last24_obs=1
flow_balance_last24_obs=1
P_D_gap_last_obs=1
hours_since_P_peak_obs=1
hours_since_N_peak_obs=1
first_material_R_hour_obs=1
gust_to_N_best_lag_obs=1

parameters:
[boosting: gbdt]
[objective: gamma]
[metric: rmse]
[tree_learner: serial]
[device_type: cpu]
[data_sample_strategy: bagging]
[data: ]
[valid: ]
[num_iterations: 2000]
[learning_rate: 0.05]
[num_leaves: 31]
[num_threads: -1]
[seed: 42]
[deterministic: 0]
[force_col_wise: 0]
[force_row_wise: 0]
[histogram_pool_size: -1]
[max_depth: -1]
[min_data_in_leaf: 50]
[min_sum_hessian_in_leaf: 0.001]
[bagging_fraction: 0.8]
[pos_bagging_fraction: 1]
[neg_bagging_fraction: 1]
[bagging_freq: 5]
[bagging_seed: 42]
[bagging_by_query: 0]
[feature_fraction: 0.8]
[feature_fraction_bynode: 1]
[feature_fraction_seed: 42]
[extra_trees: 0]
[extra_seed: 12879]
[early_stopping_round: 0]
[early_stopping_min_delta: 0]
[first_metric_only: 0]
[max_delta_step: 0]
[lambda_l1: 0.1]
[lambda_l2: 1]
[linear_lambda: 0]
[min_gain_to_split: 0]
[drop_rate: 0.1]
[max_drop: 50]
[skip_drop: 0.5]
[xgboost_dart_mode: 0]
[uniform_drop: 0]
[drop_seed: 42]
[top_rate: 0.2]
[other_rate: 0.1]
[min_data_per_group: 100]
[max_cat_threshold: 32]
[cat_l2: 10]
[cat_smooth: 10]
[max_cat_to_onehot: 4]
[top_k: 20]
[monotone_constraints: ]
[monotone_constraints_method: basic]
[monotone_penalty: 0]
[feature_contri: ]
[forcedsplits_filename: ]
[refit_decay_rate: 0.9]
[cegb_tradeoff: 1]
[cegb_penalty_split: 0]
[cegb_penalty_feature_lazy: ]
[cegb_penalty_feature_coupled: ]
[path_smooth: 0]
[interaction_constraints: ]
[verbosity: -1]
[saved_feature_importance_type: 0]
[use_quantized_grad: 0]
[num_grad_quant_bins: 4]
[quant_train_renew_leaf: 0]
[stochastic_rounding: 1]
[linear_tree: 0]
[max_bin: 255]
[max_bin_by_feature: ]
[min_data_in_bin: 3]
[bin_construct_sample_cnt: 200000]
[data_random_seed: 42]
[is_enable_sparse: 1]
[enable_bundle: 1]
[use_missing: 1]
[zero_as_missing: 0]
[feature_pre_filter: 1]
[pre_partition: 0]
[two_round: 0]
[header: 0]
[label_column: ]
[weight_column: ]
[group_column: ]
[ignore_column: ]
[categorical_feature: ]
[forcedbins_filename: ]
[precise_float_parser: 0]
[parser_config_file: ]
[objective_seed: 16083]
[num_class: 1]
[is_unbalance: 0]
[scale_pos_weight: 1]
[sigmoid: 1]
[boost_from_average: 1]
[reg_sqrt: 0]
[alpha: 0.9]
[fair_c: 1]
[poisson_max_delta_step: 0.7]
[tweedie_variance_power: 1.5]
[lambdarank_truncation_level: 30]
[lambdarank_norm: 1]
[label_gain: ]
[lambdarank_position_bias_regularization: 0]
[eval_at: ]
[multi_error_top_k: 1]
[auc_mu_weights: ]
[num_machines: 1]
[local_listen_port: 12400]
[time_out: 120]
[machine_list_filename: ]
[machines: ]
[gpu_platform_id: -1]
[gpu_device_id: -1]
[gpu_device_id_list: ]
[gpu_use_dp: 0]
[num_gpu: 1]

end of parameters

pandas_categorical:[]
