tree
version=v4
num_class=1
num_tree_per_iteration=1
label_index=0
max_feature_idx=189
objective=huber
feature_names=last_osi last_P_t last_N_t last_D_t last_R_t last_outage_pct osi_mean_72h osi_max_72h osi_std_72h outage_pct_mean_72h outage_pct_max_72h N_t_mean_72h N_t_max_72h R_t_mean_72h R_t_max_72h pre_event_mean_osi pre_event_max_outage_pct storm_onset_max_osi storm_onset_mean_osi osi_trend_last6h is_worsening frac_zero_72h hours_since_peak gust_mean_obs gust_max_obs gust_gt30_obs gust_gt40_obs cumul_gust_obs gust_last_obs gust_max_last6h_obs gust_trend_last6h_obs gust_t wind_speed_t wind_sin_t wind_cos_t t2m_t d2m_t tp_t rain_t csnow_t sdwe_t r2_t vpd_t soil_moist_t blh_t tcc_t lcc_t mcc_t hcc_t sp_t mslma_t sdswrf_t direct_rad_t diffuse_rad_t et0_t temp_c_t dewpoint_c_t icing_risk_t gust_exceed_30 soil_moist_x_gust is_snowing gust_x_hso gust_x_phase soil_gust_x_phase gust_exceed30_x_hso gust_max_next_1h gust_mean_next_1h wind_speed_max_next_1h total_tp_next_1h min_t2m_next_1h gust_gt30_next_1h gust_gt40_next_1h gust_peak4h_mean_next_1h gust_max_next_6h gust_mean_next_6h wind_speed_max_next_6h total_tp_next_6h min_t2m_next_6h gust_gt30_next_6h gust_gt40_next_6h gust_peak4h_mean_next_6h gust_max_next_24h gust_mean_next_24h wind_speed_max_next_24h total_tp_next_24h min_t2m_next_24h gust_gt30_next_24h gust_gt40_next_24h gust_peak4h_mean_next_24h gust_max_next_48h gust_mean_next_48h wind_speed_max_next_48h total_tp_next_48h min_t2m_next_48h gust_gt30_next_48h gust_gt40_next_48h gust_peak4h_mean_next_48h gust_change_1h gust_change_3h pressure_change_3h pressure_change_6h temp_change_6h wind_change_1h cumul_gust_since_onset cumul_tp_since_onset gust_gt30_since_onset gust_at_t1h wind_speed_at_t1h t2m_at_t1h tp_at_t1h gust_at_t6h wind_speed_at_t6h t2m_at_t6h tp_at_t6h gust_at_t24h wind_speed_at_t24h t2m_at_t24h tp_at_t24h gust_at_t48h wind_speed_at_t48h t2m_at_t48h tp_at_t48h hour_of_day hour_sin hour_cos days_since_onset hours_since_obs storm_phase log_customers rural_urban_code is_metro pop_density n_utilities pct_forest pct_developed pct_agriculture pct_water pct_wetland pct_unmapped pct_forest_classified tree_canopy_pct tree_canopy_std forest_x_customers window_len_next_1h is_full_next_1h tp_rate_next_1h gust_gt30_frac_next_1h has_weather_at_t1h window_len_next_6h is_full_next_6h tp_rate_next_6h gust_gt30_frac_next_6h has_weather_at_t6h window_len_next_24h is_full_next_24h tp_rate_next_24h gust_gt30_frac_next_24h has_weather_at_t24h window_len_next_48h is_full_next_48h tp_rate_next_48h gust_gt30_frac_next_48h has_weather_at_t48h N_nonzero_frac_obs R_nonzero_frac_obs P_mean_last24_obs D_mean_last24_obs N_mean_last24_obs R_mean_last24_obs flow_balance_last24_obs restoration_ratio_obs P_D_gap_last_obs hours_since_P_peak_obs hours_since_N_peak_obs hours_since_R_peak_obs first_material_N_hour_obs first_material_R_hour_obs P_trend_last24_obs D_trend_last24_obs P_post_peak_slope_obs P_active_frac_obs has_material_P_obs has_material_N_obs has_material_R_obs gust_excess30_sum_obs N_per_gust_excess_obs P_change_per_gust_excess_obs gust_to_N_best_corr_obs gust_to_N_best_lag_obs gust_at_first_material_N_obs
feature_infos=[0:0.55230000000000001] [0:0.82424180700000005] [0:0.021710291] [0:0.90465771100000003] [0:0.039181763000000001] [0:82.420000000000002] [4.1666666666666669e-06:0.26529999999999998] [0.0001:0.65049999999999997] [1.9982631347136334e-05:0.22470370552747407] [0.00083333333333333328:39.644861111111112] [0.02:100] [3.1208333333333337e-06:0.018623942125000001] [7.4900000000000005e-05:0.37916412199999999] [3.1208333333333337e-06:0.017093115180555556] [7.4900000000000005e-05:0.119716399] [0:0.38653749999999998] [0:100] [0:0.59799999999999998] [0:0.20940416666666664] [-0.022628571428571428:0.017611428571428573] [0:1] [0:0.95833333333333337] [0:71] [13.03611111111111:31.258333333333326] [29.300000000000001:70] [0:35] [0:18] [938.59999999999991:2250.5999999999995] [3.5:47.5] [15.4:64.5] [-6.477142857142856:3.3114285714285714] [0.59999999999999998:57.799999999999997] [0:38] [-0.99999999953664132:0.99999999913657367] [-0.99999999329043221:1] [261.05202270000001:298.3466019] [257.33913039999999:289.8677619] [0:11.300000000000001] [0:11.300000000000001] [0:2.6600000000000001] [0:0.089999999999999997] [15:100] [0:2.5] [0.16700000000000001:0.52000000000000002] [10:3090] [0:100] [0:100] [0:100] [0:100] [884.60000000000002:1027] [986.70000000000005:1031.8] [0:840] [0:731] [0:463] [0:0.60999999999999999] [-12.097977299999968:25.196601900000019] [-15.81086959999999:16.717761900000028] [0:1] [0:27.799999999999997] [0.19259999999999999:23.550000000000001] [0:1] [0.80000000000000004:3819.7999999999997] [0:107.59999999999999] [0:47.100000000000001] [0:1689.7999999999997] [1.2:57.799999999999997] [0.89999999999999991:54.5] [0:38] [0:14.699999999999999] [260.0631818:298.21776599999998] [0:2] [0:2] [0.89999999999999991:54.5] [5.4000000000000004:57.799999999999997] [3.5714285714285716:49.328571428571429] [0.40000000000000002:38] [0:26.699999999999999] [259.42265909999998:296.22558249999997] [0:7] [0:7] [4.3499999999999996:52.550000000000004] [13.199999999999999:57.799999999999997] [8.2360000000000007:43.052] [6:38] [0:51.199999999999996] [259.42265909999998:286.57337899999999] [0:25] [0:19] [12.25:52.550000000000004] [13.199999999999999:57.799999999999997] [7.961224489795919:37.897959183673471] [6:38] [0:52.900000000000006] [259.42265909999998:281.94003939999999] [0:40] [0:22] [12.75:52.550000000000004] [-24.299999999999997:28.199999999999999] [-32:35.700000000000003] [-6.1999999999999318:10.599999999999909] [-10.899999999999977:14.599999999999909] [-20.027499999999975:21.845291299999985] [-15.300000000000001:28.000000000000004] [347.09999999999997:3733.5999999999999] [0:53.200000000000003] [0:61] [0.59999999999999998:57.799999999999997] [0:38] [260.0631818:298.3466019] [0:11.300000000000001] [1.3999999999999999:57.799999999999997] [0:38] [259.42265909999998:298.3466019] [0:11.300000000000001] [0.90000000000000002:57.799999999999997] [0:38] [259.42265909999998:298.3466019] [0:11.300000000000001] [0.90000000000000002:53.799999999999997] [0:34.299999999999997] [259.42265909999998:296.58327589999999] [0:11.300000000000001] [0:23] [-1:1] [-1:1] [1:4] [1:96] [0:2] [7.1180162044653335:13.453719692845613] [1:9] [0:1] [8.3691524328166658:11939.655837338518] [1:14] [0.96999999999999997:88.719999999999999] [2.21:86.629999999999995] [0.040000000000000001:87.469999999999999] [0.01:5.5099999999999998] [0:19.780000000000001] [1.8899999999999999:18.32] [0.98868616858628067:95.815074496056084] [2.2000000000000002:80.340000000000003] [12.65:40.140000000000001] [8.0679963363985543:851.54750536995925] none none [0:7.3499999999999996] [0:1] none none none [0:3.8142857142857141] [0:1] none none none [0:2.048] [0:1] none none none [0:1.0795918367346939] [0:0.81632653061224492] none [0.041666666666666664:0.83333333333333337] [0.041666666666666664:0.90277777777777779] [0:0.33157778683333333] [0:0.2415728110416667] [0:0.05185222787499999] [0:0.017634620166666667] [-5.9704624999999938e-05:0.03421760770833332] [0.013031417634099374:6.5416667824977583] [-0.094310770000000002:0.045476995000000006] [0:71] [0:71] [0:70] [0:68] [0:71] [-0.00014221094434782621:0.052080195401739138] [-2.8979260869565253e-06:0.043438201510000003] [-0.090709080000000039:0.00060335147105305595] [0:0.98611111111111116] [0:1] [0:1] [0:1] [0:446.30000000000001] [1.2346153846153842e-05:0.024848555909090915] [-0.0026323566314935061:0.0091683099305555574] [-0.13256831251647599:0.75281650661316302] [0:3] [3.2000000000000002:60.600000000000001]
tree_sizes=3067 2728 2701 2688 2687 2661 2665 2653 2676 2626 2649 2660 2622 2612

Tree=0
num_leaves=31
num_cat=0
split_feature=133 85 103 133 116 101 112 75 99 186 22 113 43 85 172 126 111 52 50 124 129 133 100 97 187 136 93 75 160 81
split_gain=0.00434078 0.00806778 0.00191582 0.00267703 0.00179975 0.00182985 0.000654444 0.000983645 0.000767673 0.000595198 0.000462409 0.00445032 0.000434887 9.28316e-05 8.53986e-05 6.97274e-05 6.40767e-05 7.24413e-05 4.82825e-05 6.17189e-05 4.2159e-05 2.97016e-05 2.85248e-05 2.83761e-05 2.45906e-05 2.11143e-05 2.05238e-05 1.84939e-05 1.58201e-05 1.58593e-05
threshold=88.200000000000003 276.71126995000003 1087.8500000000004 80.210000000000022 284.46415255000005 -3.5182301499999933 276.34710845000006 7.1500000000000012 1.9500000000000457 -4.133648438772186e-06 1.0000000180025095e-35 1.2500000000000002 0.33650000000000008 278.37484565000005 6.5000000000000009 12.500000000000002 9.9500000000000011 140.50000000000003 1023.6500000000002 0.60355339059327384 1.5000000000000002 52.635000000000005 4.400000000000035 1.4000000000000015 0.62460909265220821 3.5850000000000004 273.35829875000007 7.8500000000000005 0.37244897959183682 49.850000000000001
decision_type=2 2 2 2 2 2 2 2 2 8 2 2 2 2 8 2 2 2 2 2 2 2 2 2 2 2 2 2 2 2
left_child=2 -2 3 6 -5 -6 7 8 -1 -10 11 -4 -7 15 16 -12 17 18 19 20 -8 22 -9 24 -24 -17 -22 -16 29 -29
right_child=1 -3 10 4 5 12 14 21 9 -11 13 -13 -14 -15 27 25 -18 -19 -20 -21 26 -23 23 -25 -26 -27 -28 28 -30 -31
leaf_value=0.00044485659219620579 0.00044126900960189355 0.0012207452322200068 0.00043574344136989836 0.00044126900960189355 0.00099490020995268822 0.00066655293766176577 0.00044126900960189355 0.00044126900960189355 0.00046519824183884084 0.00083587114212313202 0.00044126900960189355 0.00091241630579541513 0.00044126900960189355 0.00044126900960189355 0.00044126900960189355 0.00042380268444104391 0.00044126900960189355 0.00044126900960189355 0.00044126900960189355 0.00044126900960189355 0.00054046635478928017 0.00044126900960189355 0.00048858067865837458 0.00044126900960189355 0.00044126900960189355 0.00044126900960189355 0.00044126900960189355 0.00042912735434154202 0.00044126900960189355 0.00044126900960189355
leaf_weight=112 101 50 565 117 52 58 69 87 57 51 119 51 76 440 383 9527 188 211 69 67 96 257 164 71 57 113 68 1067 205 90
leaf_count=112 101 50 565 117 52 58 69 87 57 51 119 51 76 440 383 9527 188 211 69 67 96 257 164 71 57 113 68 1067 205 90
internal_value=0.000442002 0.000708039 0.000439556 0.000470349 0.000614076 0.000710726 0.000455892 0.000493709 0.00058748 0.000688124 0.000428637 0.000467804 0.000560128 0.000425779 0.000441269 0.000424699 0.000456631 0.000465519 0.000478858 0.000487506 0.000499659 0.000453244 0.000462145 0.000469705 0.000478508 0.000424064 0.000515254 0.000436987 0.000433692 0.000431183
internal_weight=14638 151 14487 3672 303 186 3369 856 220 108 10815 616 134 10199 2513 9759 768 580 369 300 233 636 379 292 221 9640 164 1745 1362 1157
internal_count=14638 151 14487 3672 303 186 3369 856 220 108 10815 616 134 10199 2513 9759 768 580 369 300 233 636 379 292 221 9640 164 1745 1362 1157
is_linear=0
shrinkage=1


Tree=1
num_leaves=31
num_cat=0
split_feature=133 85 103 137 32 101 50 2 113 6 50 185 90 80 92 85 172 16 117 126 171 34 129 51 137 92 54 89 129 180
split_gain=0.00392877 0.00728828 0.00177123 0.00261084 0.00183528 0.000525226 0.000735293 0.000419153 0.00441976 0.000371528 0.000270665 0.000188625 0.000133224 0.000349457 0.000221582 0.000108586 0.000102309 7.49243e-05 7.9649e-05 6.54346e-05 5.85981e-05 0.000103947 9.71261e-05 4.53464e-05 2.77859e-05 1.88082e-05 1.40142e-05 1.19045e-05 1.02266e-05 9.55026e-06
threshold=88.200000000000003 276.71126995000003 1087.8500000000004 1.0000000180025095e-35 4.4500000000000011 -4.2949078999999974 1023.1500000000002 0.0059917800000000012 0.8500000000000002 0.0035847222222222226 1017.1500000000002 0.00035235714445343096 21.178571428571434 13.162500000000003 6.7500000000000018 278.37484565000005 6.5000000000000009 1.0650000000000002 0.65000000000000002 12.500000000000002 0.0010160699999999967 0.24939029955257846 1.5000000000000002 497.50000000000006 18.300000000000004 17.550000000000008 0.50500000000000012 49.550000000000004 1.5000000000000002 0.40277777777777785
decision_type=2 2 2 2 2 2 2 2 2 2 2 10 2 2 2 2 8 2 2 2 2 2 2 2 2 2 2 2 2 2
left_child=2 -2 3 4 -1 6 10 15 -9 -6 -5 -12 -13 -14 -15 19 20 -17 -19 -4 21 -7 -23 -24 26 27 -21 29 -27 -18
right_child=1 -3 7 5 9 16 -8 8 -10 -11 11 12 13 14 -16 17 25 18 -20 24 -22 22 23 -25 -26 28 -28 -29 -30 -31
leaf_value=0.00047285698528737297 0 0.00074126658800963141 0 0 0 0 0.00020753281013421196 -8.21696117898912e-06 0.00045976424042911042 0.00015798472004023318 0 9.8910009840919353e-06 0 0 0.00025832162302389473 -5.2086263920848738e-07 -9.3223314605949024e-06 0 7.277478890737506e-05 -1.6943079392140865e-05 0 0 8.2909385277499386e-05 0 0 0 0 0 1.0533169205321135e-05 0
leaf_weight=55 101 50 108 343 74 280 78 537 53 57 171 186 50 50 53 302 1160 89 72 9518 240 68 150 59 66 88 70 184 253 73
leaf_count=55 101 50 108 343 74 280 78 537 53 57 171 186 50 50 53 302 1160 89 72 9518 240 68 150 59 66 88 70 184 253 73
internal_value=8.64294e-07 0.00025395 -1.44589e-06 2.81536e-05 0.000212596 1.68204e-05 4.94294e-05 -1.19597e-05 2.60686e-05 6.26929e-05 2.88912e-05 5.21457e-05 7.39845e-05 0.000118864 0.000171236 -1.46453e-05 2.96734e-06 7.61855e-07 3.40205e-05 -1.58882e-05 1.8578e-05 2.74978e-05 4.95225e-05 6.63541e-05 -1.64985e-05 -1.27388e-06 -1.67726e-05 -5.77314e-06 2.7648e-06 -7.90042e-06
internal_weight=14638 151 14487 3672 186 3486 931 10815 590 131 853 510 339 153 103 10225 2555 463 161 9762 797 557 277 209 9654 1758 9588 1417 341 1233
internal_count=14638 151 14487 3672 186 3486 931 10815 590 131 853 510 339 153 103 10225 2555 463 161 9762 797 557 277 209 9654 1758 9588 1417 341 1233
is_linear=0
shrinkage=0.05


Tree=2
num_leaves=31
num_cat=0
split_feature=133 90 103 133 116 101 112 75 99 186 2 101 43 126 172 174 34 129 52 117 24 77 23 142 100 97 50 111 139 119
split_gain=0.00355682 0.0065589 0.00163265 0.00229587 0.00156352 0.00155164 0.00058855 0.000883654 0.000661116 0.000504655 0.000373365 0.00427123 0.000365598 8.79888e-05 7.0607e-05 6.0304e-05 7.12075e-05 6.72018e-05 5.4465e-05 3.22688e-05 5.61486e-05 3.74868e-05 3.03344e-05 2.67105e-05 2.58994e-05 2.6669e-05 1.94098e-05 3.12547e-05 1.73e-05 1.69689e-05
threshold=88.200000000000003 24.662244897959187 1087.8500000000004 80.210000000000022 284.46415255000005 -3.5182301499999933 276.34710845000006 7.1500000000000012 1.9500000000000457 -4.133648438772186e-06 0.0059917800000000012 -7.8651292000000117 0.35250000000000004 37.500000000000007 6.5000000000000009 5.5000000000000009 0.34665446765394953 1.5000000000000002 104.50000000000001 0.65000000000000002 55.150000000000013 278.41531885000006 29.071527777777781 546.76079864000712 4.400000000000035 1.4000000000000015 1015.4500000000002 4.6500000000000012 78.722039650650814 19.050000000000004
decision_type=2 2 2 2 2 2 2 2 2 8 2 2 2 2 8 8 2 2 2 2 2 2 2 2 2 2 2 2 2 2
left_child=2 -2 3 6 -5 -6 7 8 -1 -10 13 -12 -7 19 15 16 -8 -18 -19 22 21 -21 -4 24 -9 26 -26 -28 29 -16
right_child=1 -3 10 4 5 12 14 23 9 -11 11 -13 -14 -15 28 -17 17 18 -20 20 -22 -23 -24 -25 25 -27 27 -29 -30 -31
leaf_value=2.3424010282120667e-06 0 0.00067798077874150217 -9.6977019632025501e-06 0 0.00051471939098742306 0.00017847246138013036 0 0 1.8627252376408532e-05 0.00037031838842477348 0.0004553241258265258 -8.7632359421964875e-06 0 -1.6191650825532808e-05 -9.5908409867339006e-06 0 0 8.7087007045694433e-05 0 0 0 5.4928241318965204e-05 0 0 0 0 0 5.8848214133910869e-05 0 0
leaf_weight=112 97 54 1411 117 52 77 316 87 57 51 52 538 57 8348 1238 242 55 102 53 54 154 85 173 263 51 70 51 114 235 272
leaf_count=112 97 54 1411 117 52 77 316 87 57 51 52 538 57 8348 1238 242 55 102 53 54 154 85 173 263 51 70 51 114 235 272
internal_value=9.60425e-07 0.000241758 -1.22084e-06 2.71868e-05 0.000160429 0.000250486 1.36756e-05 4.95209e-05 0.000138469 0.000232449 -1.133e-05 2.43804e-05 0.000107858 -1.38816e-05 0 1.38833e-05 2.38186e-05 4.75464e-05 6.43012e-05 -9.42248e-07 9.2918e-06 3.44087e-05 -5.99453e-06 1.07344e-05 1.93598e-05 2.67212e-05 3.53779e-05 4.3914e-05 -4.02571e-06 -6.88115e-06
internal_weight=14638 151 14487 3672 303 186 3369 856 220 108 10815 590 134 10225 2513 768 526 210 155 1877 293 139 1584 636 373 286 216 165 1745 1510
internal_count=14638 151 14487 3672 303 186 3369 856 220 108 10815 590 134 10225 2513 768 526 210 155 1877 293 139 1584 636 373 286 216 165 1745 1510
is_linear=0
shrinkage=0.05


Tree=3
num_leaves=31
num_cat=0
split_feature=133 85 126 137 32 92 179 2 2 81 104 174 55 85 88 101 96 101 104 91 111 59 74 133 2 137 61 137 8 54
split_gain=0.00320791 0.00617867 0.0014165 0.00150035 0.00157852 0.000594494 0.000861578 0.000512769 0.00379642 0.000363349 0.000223657 0.000242657 0.000231669 0.000139934 9.7211e-05 7.12037e-05 6.56507e-05 4.32204e-05 4.22816e-05 6.7143e-05 5.6415e-05 7.84454e-05 2.7113e-05 3.35417e-05 2.13408e-05 1.89451e-05 1.6392e-05 1.4595e-05 1.25772e-05 1.25221e-05
threshold=88.200000000000003 276.71126995000003 25.500000000000004 1.0000000180025095e-35 4.4500000000000011 20.050000000000008 -0.00010986266344735105 0.0059917800000000012 0.0060912370000000002 28.850000000000005 0.65000000000000024 4.5000000000000009 0.42431370000002749 281.94168635000005 36.112500000000004 -5.0159615500000134 35.687500000000007 -5.083012150000001 1.8500000000000005 21.350000000000005 13.250000000000002 4.2012000000000009 11.850000000000003 65.175000000000011 0.021386437500000004 18.300000000000004 336.15000000000003 0.29000000000000009 0.027986400951432153 0.50500000000000012
decision_type=2 2 2 2 2 2 10 2 2 2 2 10 2 2 2 2 2 2 2 2 2 2 2 2 2 2 2 2 2 2
left_child=2 -2 3 4 -1 9 22 13 -9 10 15 12 -12 25 -15 16 -5 -13 27 -20 21 -21 -7 -24 -10 26 -4 -11 -29 -28
right_child=1 -3 7 5 -6 6 -8 8 24 18 11 17 -14 14 -16 -17 -18 -19 19 20 -22 -23 23 -25 -26 -27 29 28 -30 -31
leaf_value=0.00038748919901263436 0 0.00067834249540122565 0 6.721296523542927e-05 0 0 0.00025295601538720592 0.00042127708727779823 -1.0811742115468085e-05 0 0.00021761416748631749 4.1775765831453313e-05 0 0 6.9573379825504334e-05 0 0 0 0 0 0 7.5471729792479889e-05 0 5.4574490101819306e-05 0 0 -1.5305989201407994e-05 -9.9474436635323817e-06 0 0
leaf_weight=59 101 50 230 81 93 74 67 56 456 518 60 85 77 99 65 347 212 168 232 58 62 99 66 57 54 56 9631 1101 251 73
leaf_count=59 101 50 230 81 93 74 67 56 456 518 60 85 77 99 65 347 212 168 232 58 62 99 66 57 54 56 9631 1101 251 73
internal_value=1.04299e-06 0.000229715 -1.01107e-06 2.49705e-05 0.000181903 1.69408e-05 9.14921e-05 -1.06088e-05 3.32025e-05 9.55023e-06 3.43161e-05 6.68038e-05 0.000129367 -1.35463e-05 2.15241e-05 6.6452e-06 2.64906e-05 1.28648e-05 0 1.1954e-05 3.25051e-05 4.86192e-05 1.03252e-05 2.67744e-05 -3.65864e-07 -1.46246e-05 -1.48274e-05 -4.6877e-06 -7.57333e-06 -1.51422e-05
internal_weight=14638 151 14487 3767 152 3615 264 10720 566 3351 1030 390 137 10154 164 640 293 253 2321 451 219 157 197 123 510 9990 9934 1870 1352 9704
internal_count=14638 151 14487 3767 152 3615 264 10720 566 3351 1030 390 137 10154 164 640 293 253 2321 451 219 157 197 123 510 9990 9934 1870 1352 9704
is_linear=0
shrinkage=0.05


Tree=4
num_leaves=31
num_cat=0
split_feature=133 85 103 137 44 99 75 112 99 49 113 99 121 44 85 24 187 126 128 171 124 103 90 28 13 18 137 105 41 94
split_gain=0.0029003 0.00558502 0.00141338 0.00209878 0.00152953 0.00132863 0.000613484 0.000733383 0.000529453 0.000699849 0.000373766 0.00490875 0.000123734 0.000116044 8.33875e-05 7.0996e-05 6.62208e-05 5.55359e-05 4.90398e-05 9.40745e-05 4.17945e-05 4.71411e-05 5.87163e-05 2.48855e-05 0.000145828 2.34102e-05 2.1725e-05 1.9185e-05 9.79045e-06 6.75575e-06
threshold=88.200000000000003 276.71126995000003 1087.8500000000004 1.0000000180025095e-35 902.50000000000011 -0.35000000000002268 7.1500000000000012 276.01681990000003 1.9500000000000457 991.6500000000002 1.3500000000000003 1.1000000000000798 0.35000000000000003 1207.5000000000002 278.37484565000005 39.250000000000007 0.60777538553120913 12.500000000000002 9.293439940087163 -0.0012444774999999999 -0.60355339059327384 995.55000000000018 21.26428571428572 25.450000000000003 0.00043869144444444452 0.003391666666666667 18.300000000000004 13.500000000000002 29.500000000000004 13.500000000000002
decision_type=2 2 2 2 2 2 2 2 2 2 2 2 2 2 2 2 2 2 2 2 2 2 2 2 2 2 2 2 2 2
left_child=2 -2 3 4 5 -1 7 8 -5 -10 14 -12 25 15 17 -14 20 -4 19 -9 -17 22 -22 24 -16 27 28 -8 -19 -27
right_child=1 -3 10 6 -6 -7 12 18 9 -11 11 -13 13 -15 23 16 -18 26 -20 -21 21 -23 -24 -25 -26 29 -28 -29 -30 -31
leaf_value=1.3724043683396297e-05 0 0.00064509042632219951 0 7.6132801504903569e-07 0 0.00049520311794670616 -9.5875556462208051e-06 8.9317708815802438e-05 0 0.00035409865833699187 -9.2814702904822434e-06 0.00049732099473783137 0 0 0 0 0 0 0 0 0 0 0.00011150810012588969 0 9.0594638496231005e-05 0 0 0 -1.4901785668892085e-05 5.9981966262331194e-06
leaf_weight=51 101 50 122 101 79 56 1136 55 50 56 548 50 71 188 99 64 86 64 334 119 50 55 106 350 51 308 63 143 9468 564
leaf_count=51 101 50 122 101 79 56 1136 55 50 56 548 50 71 188 99 64 86 64 334 119 50 55 106 350 51 308 63 143 9468 564
internal_value=1.14142e-06 0.000218558 -7.9456e-07 2.56217e-05 0.000191285 0.000314261 1.52964e-05 5.7037e-05 0.000139948 0.000224595 -1.02275e-05 2.54889e-05 2.70563e-06 2.29879e-05 -1.28096e-05 3.77873e-05 4.68854e-05 -1.39276e-05 1.32204e-05 3.47696e-05 5.90171e-05 7.09039e-05 8.68285e-05 0 2.02981e-05 -8.25038e-07 -1.45229e-05 -6.6469e-06 -1.4765e-05 1.98459e-06
internal_weight=14638 151 14487 3672 186 107 3486 715 207 106 10815 598 2771 620 10217 432 361 9717 508 174 275 211 156 500 150 2151 9595 1279 9532 872
internal_count=14638 151 14487 3672 186 107 3486 715 207 106 10815 598 2771 620 10217 432 361 9717 508 174 275 211 156 500 150 2151 9595 1279 9532 872
is_linear=0
shrinkage=0.05


Tree=5
num_leaves=31
num_cat=0
split_feature=103 140 6 122 101 50 100 23 137 99 135 3 34 93 165 86 28 126 75 19 104 14 103 137 38 59 94 23 43 114
split_gain=0.0016844 0.00243246 0.00216791 0.00235242 0.000466575 0.000492692 0.000397673 0.00100149 0.000348486 0.00166189 0.00288091 0.000198329 0.000176067 0.000365733 0.000441654 0.00013356 0.000212604 6.91472e-05 6.45803e-05 3.53296e-05 2.45612e-05 2.81642e-05 7.16015e-05 2.11619e-05 1.3767e-05 1.17414e-05 1.56164e-05 2.01817e-05 2.45887e-05 3.28267e-05
threshold=1087.8500000000004 75.820000000000007 0.0018930555555555558 7.5000000000000009 -5.0159615500000134 1017.1500000000002 4.5999999999999668 21.881250000000001 0.055000000000000007 3.3500000000000232 13.255000000000001 0.010103200500000001 0.3899736557270263 272.44614730000006 0.016571224916666672 10.500000000000002 25.600000000000005 26.500000000000004 11.65 -0.00060857142857142859 0.65000000000000024 0.0012043810000000002 919.9000000000002 18.300000000000004 0.55000000000000016 2.9064000000000001 12.500000000000002 22.261805555555558 0.32650000000000007 34.150000000000013
decision_type=2 2 2 2 2 2 2 2 2 2 2 2 2 2 2 2 2 2 2 2 2 2 2 2 2 2 2 2 2 2
left_child=1 4 18 -4 5 -1 -7 -8 9 15 -11 20 25 14 -14 24 -17 -10 -3 -9 -6 22 -22 -19 -2 -13 -27 -28 -29 -30
right_child=8 2 3 -5 11 6 7 19 17 10 -12 12 13 -15 -16 16 -18 23 -20 -21 21 -23 -24 -25 -26 26 27 28 29 -31
leaf_value=0 -1.1159477569573744e-05 5.2055719529259175e-05 0 0.00055419055449192458 -7.4706214167303743e-06 0 0.00032504131254230137 6.4555047933789609e-05 0 0 0.00047603719839803401 0 0.00024149350912361676 0 0 0.00011165119984279508 0 -1.4450298973362503e-05 0 0 0 0 6.2492337433468493e-05 0 0 0 0 0 4.4784350686079436e-05 0
leaf_weight=231 1119 89 54 63 1212 176 59 123 764 68 50 171 51 174 90 60 101 8602 78 89 78 448 63 55 120 185 72 88 131 52
leaf_count=231 1119 89 54 63 1212 176 59 123 764 68 50 171 51 174 90 60 101 8602 78 89 78 448 63 55 120 185 72 88 131 52
internal_value=5.23822e-07 2.96235e-05 0.000172064 0.000341669 1.65653e-05 5.47844e-05 8.54301e-05 0.000125203 -9.0684e-06 1.14816e-05 0.0001913 5.56834e-06 2.38285e-05 5.66503e-05 0.000116536 -2.31358e-07 3.75906e-05 -1.29112e-05 2.21509e-05 4.48486e-05 -1.94535e-06 9.42959e-07 2.23505e-05 -1.41906e-05 -9.20469e-06 1.83495e-06 7.74235e-06 1.43413e-05 2.11094e-05 3.15089e-05
internal_weight=14716 3777 284 117 3493 678 447 271 10939 1518 118 2815 1014 315 141 1400 161 9421 167 212 1801 589 141 8657 1239 699 528 343 271 183
internal_count=14716 3777 284 117 3493 678 447 271 10939 1518 118 2815 1014 315 141 1400 161 9421 167 212 1801 589 141 8657 1239 699 528 343 271 183
is_linear=0
shrinkage=0.05


Tree=6
num_leaves=31
num_cat=0
split_feature=121 133 90 137 101 90 85 101 126 23 135 168 85 111 44 34 90 187 129 142 120 110 120 137 42 111 90 92 85 104
split_gain=0.00149418 0.00191834 0.00250244 0.000707153 0.00148242 0.00650002 0.000885446 0.000267803 0.000230379 0.000176749 0.000142965 0.000217594 0.000102265 0.000157265 5.52969e-05 5.96387e-05 8.42343e-05 6.71403e-05 7.20379e-05 5.88762e-05 3.23121e-05 2.46815e-05 4.71003e-05 1.8633e-05 9.90194e-06 9.78211e-06 3.43954e-05 3.08636e-05 2.308e-05 1.12739e-05
threshold=0.25000000000000006 84.075000000000017 25.063265306122453 0.055000000000000007 -5.6984662499999947 20.331632653061231 283.98056145000004 -4.3613311999999942 26.500000000000004 18.970833333333335 80.750000000000014 0.0025872535000000005 277.99166955000004 6.6500000000000012 1207.5000000000002 0.25335474809050934 21.929591836734698 0.58044111076819649 2.5000000000000004 678.83562997787612 279.35503270000009 7.3500000000000005 286.27422155000005 18.300000000000004 1.4550000000000003 5.6500000000000012 23.415306122448985 8.1500000000000039 277.56400495000008 1.9500000000000004
decision_type=2 2 2 2 2 2 2 2 2 2 2 2 2 2 2 2 2 2 2 2 2 2 2 2 2 2 2 2 2 2
left_child=3 7 -3 4 5 -1 12 9 10 -2 25 -12 24 -14 15 -9 -17 18 -18 -20 -11 -22 -23 -10 -6 26 27 -5 -29 -27
right_child=1 2 -4 8 6 -7 -8 14 23 20 11 -13 13 -15 -16 16 17 -19 19 -21 21 22 -24 -25 -26 29 -28 28 -30 -31
leaf_value=0 0.00016719337523601795 0 0.00051243810629125178 0 -1.2530714198855076e-05 0.00053223254591324126 0.00018708058588908034 0 -1.3451929991856183e-05 0 9.7458279258004498e-05 0 8.3531200390597681e-05 0 0 0 0 0 0.00011960566885758645 0 0 7.0890589394393026e-05 0 0 0 -5.3274024179468573e-06 0 4.5742860297650619e-05 0 0
leaf_weight=206 67 55 50 92 1212 73 62 364 8955 78 96 93 70 197 317 106 54 63 75 60 50 102 72 52 74 1378 223 111 51 258
leaf_count=206 67 55 50 92 1212 73 62 364 8955 78 96 93 70 197 317 106 54 63 75 60 50 102 72 52 74 1378 223 111 51 258
internal_value=6.1405e-07 4.79519e-05 0.000259465 -4.43519e-06 2.30818e-05 0.000129726 1.4956e-06 2.84571e-05 -9.48738e-06 6.81089e-05 2.94107e-06 4.45641e-05 -2.81158e-06 1.95317e-05 9.5151e-06 1.79287e-05 3.25986e-05 4.83761e-05 6.32428e-05 8.31383e-05 2.91457e-05 3.87682e-05 4.78016e-05 -1.32189e-05 -1.13471e-05 0 5.31483e-06 1.97525e-05 3.29202e-05 -2.58668e-06
internal_weight=14716 1513 105 13203 1894 279 1615 1408 11309 369 2302 189 1553 267 1039 722 358 252 189 135 302 224 174 9007 1286 2113 477 254 162 1636
internal_count=14716 1513 105 13203 1894 279 1615 1408 11309 369 2302 189 1553 267 1039 722 358 252 189 135 302 224 174 9007 1286 2113 477 254 162 1636
is_linear=0
shrinkage=0.05


Tree=7
num_leaves=31
num_cat=0
split_feature=103 133 122 43 65 75 112 120 113 92 121 85 77 139 91 93 185 85 126 118 137 174 180 111 19 54 116 90 24 116
split_gain=0.00143754 0.00281032 0.0018442 0.00383874 0.00304061 0.00044058 0.000490005 0.00040688 0.0003053 0.00443898 0.000158465 0.000119901 0.000132774 0.000141473 0.000115339 9.92992e-05 0.000180827 0.000189701 3.88252e-05 3.60742e-05 2.03769e-05 1.8914e-05 1.66814e-05 1.49845e-05 1.43697e-05 1.25935e-05 9.69465e-06 9.59158e-06 7.32303e-06 5.65467e-06
threshold=1087.8500000000004 80.210000000000022 5.5000000000000009 0.35250000000000004 15.950000000000001 6.8500000000000005 276.01681990000003 275.57090910000005 1.3500000000000003 8.5500000000000025 0.35000000000000003 277.61824710000008 286.54706405000007 77.880030042593276 18.650000000000002 272.53002655000006 0.00090482570430702389 271.62912545000006 12.500000000000002 30.850000000000005 18.300000000000004 3.5000000000000004 0.36805555555555564 3.7500000000000004 -0.0026999999999999997 0.45500000000000007 285.6467095000001 24.662244897959187 58.550000000000004 294.81113680000004
decision_type=2 2 2 2 2 2 2 2 2 2 2 2 2 2 2 2 8 2 2 2 2 10 2 2 2 2 2 2 2 2
left_child=1 5 -3 4 -4 6 7 -1 11 -10 19 18 -13 -14 -12 16 17 -16 -2 22 25 24 28 26 -21 -20 -8 -26 29 -7
right_child=8 2 3 -5 -6 10 23 -9 9 -11 14 12 13 -15 15 -17 -18 -19 20 21 -22 -23 -24 -25 27 -27 -28 -29 -30 -31
leaf_value=0 0 0 0.00014467853940596946 0 0.00073819161357311757 -1.1749453947564696e-05 0 0.00019488163460046055 0.00047288710424932203 -7.7544363559742426e-06 0 0 0 0.00011513185336761521 0 0 0 0.00016318412715424658 -1.317483609597948e-05 0 0 0 0 0 0 0 3.6726069580088897e-05 3.5730240835012711e-05 0 0
leaf_weight=71 127 130 85 96 53 1208 50 99 50 576 227 588 63 52 54 217 102 69 9279 78 61 435 161 259 53 143 54 89 67 120
leaf_count=71 127 130 85 96 53 1208 50 99 50 576 227 588 63 52 54 217 102 69 9279 78 61 435 161 259 53 143 54 89 67 120
internal_value=6.79392e-07 2.75785e-05 0.000160626 0.000244321 0.000412264 1.18814e-05 5.41906e-05 0.00012752 -8.15292e-06 2.3354e-05 2.29961e-06 -1.05523e-05 4.90196e-06 5.48392e-05 2.44681e-05 3.94507e-05 6.44141e-05 0.000105867 -1.22034e-05 -2.15571e-06 -1.26946e-05 3.42835e-06 -7.71832e-06 5.85687e-06 1.57749e-05 -1.29461e-05 2.18104e-05 2.52151e-05 -9.8141e-06 -1.07214e-05
internal_weight=14716 3777 364 234 138 3413 533 170 10939 626 2880 10313 703 115 669 442 225 123 9610 2211 9483 655 1556 363 220 9422 104 142 1395 1328
internal_count=14716 3777 364 234 138 3413 533 170 10939 626 2880 10313 703 115 669 442 225 123 9610 2211 9483 655 1556 363 220 9422 104 142 1395 1328
is_linear=0
shrinkage=0.05


Tree=8
num_leaves=31
num_cat=0
split_feature=103 133 122 43 65 121 22 101 52 50 129 19 34 126 138 132 118 30 136 185 111 77 24 128 32 111 133 179 100 44
split_gain=0.00132792 0.00267688 0.00186067 0.00352243 0.00302137 0.000342794 0.000288207 0.00420109 0.000260254 0.000172888 0.000181481 0.000210332 0.000133576 0.000124965 0.000166961 0.000255092 5.78352e-05 6.08549e-05 2.97692e-05 2.68743e-05 2.55775e-05 2.22516e-05 1.8491e-05 1.56517e-05 1.19623e-05 1.99661e-05 1.19214e-05 1.05915e-05 9.64571e-06 7.84716e-06
threshold=1056.3000000000002 80.210000000000022 5.5000000000000009 0.35250000000000004 14.550000000000002 0.35000000000000003 1.0000000180025095e-35 -8.2842028499999838 151.50000000000003 1017.2500000000001 1.5000000000000002 2.7142857142857138e-05 0.64460757655465428 37.500000000000007 2.6200000000000006 5.5000000000000009 33.45000000000001 -2.7471428571428578 0.40500000000000008 0.00078610878731283959 5.7500000000000009 287.01410355000002 59.800000000000004 8.7865330667025656 6.2500000000000009 3.7500000000000004 88.200000000000003 1.0000000180025095e-35 5.9500000000000464 2497.5000000000005
decision_type=2 2 2 2 2 2 2 2 2 2 2 2 2 2 2 2 2 2 2 10 2 2 2 2 2 2 2 10 2 2
left_child=1 5 -3 4 -4 16 7 -2 9 -7 -11 12 -12 14 15 -8 20 18 -18 28 24 -21 -22 -9 25 -1 27 29 -16 -15
right_child=6 2 3 -5 -6 8 13 23 -10 10 11 -13 -14 26 19 -17 17 -19 -20 21 22 -23 -24 -25 -26 -27 -28 -29 -30 -31
leaf_value=3.5476353837586778e-05 0.00046067274798606027 0 0.00013734057567714366 0 0.00074728594466589638 0 0.00014341756056191846 0 0 0 0.00013005796850983458 0 0 -1.2954182764052912e-05 -8.5721772780680326e-06 0 8.1500746096770116e-05 0 0 0 -8.9364937803515312e-06 2.4384208731023638e-05 0 -1.0678486801502905e-05 0 0 0 0 0 0
leaf_weight=66 50 127 80 87 50 85 50 51 267 111 217 86 71 8075 1289 53 54 267 65 542 1395 97 64 540 224 161 90 283 69 50
leaf_count=66 50 127 80 87 50 85 50 51 267 111 217 86 71 8075 1289 53 54 267 65 542 1395 97 64 540 224 161 90 283 69 50
internal_value=7.61405e-07 2.80623e-05 0.000161487 0.000250216 0.000414017 1.17701e-05 -7.24155e-06 2.31148e-05 3.92525e-05 5.83154e-05 6.98913e-05 8.68365e-05 0.000107722 -9.55135e-06 0 6.28849e-05 0 1.89362e-05 4.92365e-05 -1.75201e-06 -1.7448e-06 2.03132e-06 -6.68561e-06 -6.17333e-06 3.15638e-06 1.22848e-05 -1.2269e-05 -1.24773e-05 -7.2116e-06 -1.28205e-05
internal_weight=14716 3477 344 217 130 3133 11239 641 837 570 485 374 288 10598 2100 103 2296 386 119 1997 1910 639 1459 591 451 227 8498 8408 1358 8125
internal_count=14716 3477 344 217 130 3133 11239 641 837 570 485 374 288 10598 2100 103 2296 386 119 1997 1910 639 1459 591 451 227 8498 8408 1358 8125
is_linear=0
shrinkage=0.05


Tree=9
num_leaves=31
num_cat=0
split_feature=103 133 116 99 50 81 112 180 100 54 22 99 85 77 126 17 187 80 30 66 128 54 45 164 139 35 176 176 133 24
split_gain=0.00122667 0.00232848 0.00169558 0.00320473 0.00322041 0.000350301 0.000310297 0.000358419 0.000538767 0.00043911 0.00028493 0.00383566 8.8449e-05 8.37579e-05 3.44016e-05 2.42544e-05 2.32271e-05 2.37169e-05 4.14176e-05 2.72695e-05 1.67786e-05 1.17899e-05 1.15016e-05 9.23312e-06 1.57092e-05 1.42541e-05 6.41162e-06 6.71421e-06 5.52753e-06 5.54236e-06
threshold=1087.8500000000004 80.210000000000022 284.46415255000005 -0.64999999999997715 1022.2500000000001 28.850000000000005 276.83133615000003 0.22916666666666669 4.6999999999999895 0.055000000000000007 1.0000000180025095e-35 3.2500000000000004 277.61824710000008 287.01410355000002 12.500000000000002 0.031150000000000001 0.58213181202727593 18.862500000000004 -2.7499999999999987 9.0750000000000028 8.820330215695984 0.45500000000000007 99.500000000000014 0.39583333333333343 33.334427712442256 279.35710525000007 12.500000000000002 24.500000000000004 88.200000000000003 31.650000000000002
decision_type=2 2 2 2 2 2 2 2 2 2 2 2 2 2 2 2 2 2 2 2 2 2 2 2 2 2 8 10 2 2
left_child=1 5 -3 -4 -5 6 7 8 -1 -10 11 20 14 -14 -12 22 17 18 -17 -20 -2 28 -7 -8 -25 26 -26 -28 29 -16
right_child=10 2 3 4 -6 15 23 -9 9 -11 12 -13 13 -15 21 16 -18 -19 19 -21 -22 -23 -24 24 25 -27 27 -29 -30 -31
leaf_value=0 0 0 0 0.00064610616914074831 5.5713962649505174e-05 -7.3040045802082557e-06 0 0 0.00021802307033539638 0 0 0.00042043188027361932 0 4.9409470995894651e-05 0 0 0 0 0 5.2925797242959304e-05 -1.2166487994422322e-05 0 0 0 0 0 4.4425837835845321e-05 0 0 -1.1995164341376134e-05
leaf_weight=129 83 134 96 66 68 950 276 195 113 53 124 55 525 88 243 57 265 243 60 116 480 124 570 149 59 54 68 56 86 9131
leaf_count=129 83 134 96 66 68 950 276 195 113 53 124 55 525 88 243 57 265 243 60 116 480 124 570 149 59 54 68 56 86 9131
internal_value=8.22562e-07 2.56858e-05 0.000146948 0.000229064 0.000386173 1.12492e-05 3.36784e-05 6.50574e-05 0.000100239 0.000160857 -7.3067e-06 2.33964e-05 -9.63162e-06 3.58255e-06 -1.09813e-05 0 7.2178e-06 1.42399e-05 2.58212e-05 3.82941e-05 -7.20185e-06 -1.14508e-05 -3.80148e-06 2.84771e-06 8.57546e-06 1.68698e-05 2.37019e-05 3.09059e-05 -1.166e-05 -1.17761e-05
internal_weight=14716 3777 364 230 134 3413 1152 490 295 166 10939 618 10321 613 9708 2261 741 476 233 176 563 9584 1520 662 386 237 183 124 9460 9374
internal_count=14716 3777 364 230 134 3413 1152 490 295 166 10939 618 10321 613 9708 2261 741 476 233 176 563 9584 1520 662 386 237 183 124 9460 9374
is_linear=0
shrinkage=0.05


Tree=10
num_leaves=31
num_cat=0
split_feature=133 41 126 133 75 101 2 113 75 112 49 121 89 19 134 85 93 42 104 91 49 174 137 2 41 165 13 126 185 118
split_gain=0.00167324 0.0033098 0.000828536 0.000998475 0.00115462 0.00153412 0.000350674 0.0039717 0.000212927 0.000451306 0.000440787 9.47287e-05 9.64157e-05 6.75861e-05 8.27825e-05 5.2614e-05 4.97317e-05 3.28985e-05 1.91776e-05 3.01732e-05 2.19876e-05 1.90934e-05 1.44574e-05 1.27269e-05 1.27193e-05 1.12132e-05 1.1107e-05 1.07495e-05 6.11231e-06 6.10403e-06
threshold=88.200000000000003 42.500000000000007 25.500000000000004 79.980000000000004 8.4500000000000011 -1.3148568000000009 0.0059917800000000012 0.95000000000000007 6.8500000000000005 276.01681990000003 991.45000000000016 0.35000000000000003 40.45000000000001 0.00011285714285714278 17.080000000000002 281.94168635000005 272.71735450000006 0.75500000000000012 1.8500000000000005 21.350000000000005 984.55000000000007 3.5000000000000004 18.300000000000004 0.021386437500000004 38.500000000000007 0.013426660104166667 0.0042257137986111111 26.500000000000004 0.0031997526140350881 29.650000000000002
decision_type=2 2 2 2 2 2 2 2 2 2 2 2 2 2 2 2 2 2 2 2 2 8 2 2 2 2 2 2 10 2
left_child=2 -2 3 8 5 -5 15 23 9 10 -1 18 -13 14 16 22 25 -17 21 -20 -21 -10 24 -8 -4 -14 27 -26 29 -29
right_child=1 -3 6 4 -6 -7 7 -9 11 -11 -12 12 13 -15 -16 17 -18 -19 19 20 -22 -23 -24 -25 26 -27 -28 28 -30 -31
leaf_value=0 0.00049455171410455465 0 0 0.00034522805720413558 0 0 -9.5636861454078384e-06 0.0004381246889035403 0 0 0.00021427335615632786 0 0.00013520226024475211 0 0 0 0 3.6821475917603211e-05 0 4.2607049571783832e-05 0 -7.2397614745111051e-06 0 0 0 0 0 -1.2579822717149306e-05 0 0
leaf_weight=104 50 106 515 85 107 84 477 53 469 368 67 403 56 102 64 105 65 60 116 83 117 1403 55 51 119 94 164 8584 370 154
leaf_count=104 50 106 515 85 107 84 477 53 469 368 67 403 56 102 64 105 65 60 116 83 117 1403 55 51 119 94 164 8584 370 154
internal_value=1.0947e-06 0.000163543 -3.19954e-07 1.94091e-05 0.000112854 0.000194246 -7.76612e-06 2.77482e-05 1.06097e-05 4.06397e-05 0.000108374 3.46989e-06 1.86355e-05 3.66695e-05 4.93754e-05 -1.03001e-05 6.41749e-05 1.66267e-06 0 8.34739e-06 2.20268e-05 -3.71545e-06 -1.10003e-05 -4.74344e-06 -1.11949e-05 8.19428e-05 -1.16441e-05 -1.18745e-05 -1.20746e-05 -1.23983e-05
internal_weight=14650 156 14494 3787 276 169 10707 581 3511 539 171 2972 784 381 279 10126 215 165 2188 316 200 1872 9961 528 9906 150 9391 9227 9108 8738
internal_count=14650 156 14494 3787 276 169 10707 581 3511 539 171 2972 784 381 279 10126 215 165 2188 316 200 1872 9961 528 9906 150 9391 9227 9108 8738
is_linear=0
shrinkage=0.05


Tree=11
num_leaves=31
num_cat=0
split_feature=133 90 126 133 75 101 2 101 100 44 18 28 85 85 85 133 185 92 137 138 92 2 137 119 42 171 75 185 180 23
split_gain=0.00151415 0.00416894 0.000768462 0.000896829 0.00106103 0.00136185 0.00031444 0.00359901 0.000205449 0.000372321 0.000345807 0.000231296 4.86275e-05 4.65227e-05 7.97882e-05 3.07614e-05 2.41118e-05 2.28975e-05 4.13373e-05 1.79298e-05 3.70655e-05 1.64321e-05 1.36232e-05 1.34946e-05 1.18981e-05 1.07479e-05 9.19972e-06 7.75242e-06 5.8397e-06 5.09944e-06
threshold=88.200000000000003 24.662244897959187 25.500000000000004 79.980000000000004 8.4500000000000011 -1.3148568000000009 0.0059917800000000012 -8.2842028499999838 4.5999999999999668 332.50000000000006 0.063537500000000011 11.050000000000002 281.94168635000005 271.88859360000004 271.22426345000008 78.110000000000014 0.00049019193376146372 20.050000000000008 0.115 3.1950000000000007 9.5500000000000025 0.021386437500000004 18.300000000000004 18.450000000000003 1.655 -0.059527777999999996 8.0500000000000025 0.0031997526140350881 0.28472222222222227 13.06875
decision_type=2 2 2 2 2 2 2 2 2 2 2 2 2 2 2 2 10 2 2 2 2 2 2 2 2 2 2 10 2 2
left_child=2 -2 3 8 5 -5 12 -8 17 11 13 -10 22 14 -11 -14 -16 19 -19 20 -1 -9 23 24 25 -4 -21 29 -28 -27
right_child=1 -3 6 4 -6 -7 7 21 9 10 -12 -13 15 -15 16 -17 -18 18 -20 26 -22 -23 -24 -25 -26 27 28 -29 -30 -31
leaf_value=0 0 0.00051328386137525 0 0.00032816736888276486 0 0 0.00042085106271529961 -1.0199561844976553e-05 0.00020723971254197997 0 0.00012836500616574017 0 0 0 8.1059466555698559e-05 3.6142060651061105e-05 0 5.2609546986285087e-05 0 0 4.1264529800173476e-05 0 0 0 0 0 -8.0423304769261933e-06 0 0 -1.1700821085765261e-05
leaf_weight=161 103 53 111 85 107 84 52 473 50 141 64 53 107 847 57 58 55 57 120 543 63 56 55 121 128 52 1022 393 278 9101
leaf_count=161 103 53 111 85 107 84 52 473 50 141 64 53 107 847 57 58 55 57 120 543 63 56 55 121 128 52 1022 393 278 9101
internal_value=1.15524e-06 0.000155668 -1.73469e-07 1.88198e-05 0.000107557 0.000185616 -7.35933e-06 2.61452e-05 1.03918e-05 2.65361e-05 1.34759e-05 0.000124504 -9.77785e-06 2.13961e-06 2.18574e-05 9.97223e-07 5.32831e-05 0 1.79242e-05 -1.6549e-07 8.51485e-06 -3.94074e-06 -1.04583e-05 -1.065e-05 -1.08753e-05 -1.10869e-05 -3.93605e-06 -1.12766e-05 -6.29577e-06 -1.16077e-05
internal_weight=14650 156 14494 3787 276 169 10707 581 3511 1267 1164 103 10126 1100 253 165 112 2244 177 2067 224 529 9961 9906 9785 9657 1843 9546 1300 9153
internal_count=14650 156 14494 3787 276 169 10707 581 3511 1267 1164 103 10126 1100 253 165 112 2244 177 2067 224 529 9961 9906 9785 9657 1843 9546 1300 9153
is_linear=0
shrinkage=0.05


Tree=12
num_leaves=31
num_cat=0
split_feature=121 128 129 2 124 75 73 115 101 103 114 177 21 88 126 94 99 73 138 92 44 117 186 137 110 185 28 171 116 21
split_gain=0.00142337 0.00375978 0.00036607 0.00182291 0.00333409 0.000310054 0.000972196 0.00143021 0.000282582 0.000259475 0.000303432 0.000297731 0.000220814 0.00044348 8.92729e-05 3.66853e-05 3.9572e-05 0.000115577 2.72694e-05 8.02134e-05 5.02923e-05 1.50022e-05 1.30723e-05 1.25765e-05 1.22471e-05 2.33656e-05 8.06743e-06 7.34851e-06 5.49539e-06 4.84809e-06
threshold=0.25000000000000006 8.3844366951598737 7.5000000000000009 0.0059917800000000012 -0.12940952255126037 8.1500000000000004 17.050000000000004 8.7500000000000018 -0.66736564999999348 1013.85 13.15 0.001704318759565218 0.63194444444444453 22.312500000000004 26.500000000000004 15.500000000000002 -0.74999999999999989 33.350000000000001 3.0350000000000006 8.1500000000000039 502.50000000000006 0.65000000000000002 0.0022346391979782567 18.300000000000004 10.050000000000002 0.0008807361500103374 42.250000000000007 -0.092243300999999986 285.9732980500001 0.42361111111111122
decision_type=2 2 2 2 2 2 2 2 2 2 2 2 2 2 2 2 2 2 2 2 2 2 10 2 2 8 2 2 2 2
left_child=2 -2 14 5 -5 6 -4 -8 9 10 -3 12 13 -12 18 -7 -17 -18 19 -1 -21 22 23 27 25 -20 -26 -16 -27 -10
right_child=1 8 3 4 -6 15 7 -9 29 -11 11 -13 -14 -15 21 16 17 -19 24 20 -22 -23 -24 -25 26 28 -28 -29 -30 -31
leaf_value=0 0.00041931258274308314 0 0 0.00047061821664131764 0 -9.3830471713427137e-06 0 0.00036312525224524976 6.4648177555882115e-06 0 0 0 0 0.00021848538680225031 0 0 0 8.0402476174034143e-05 0 8.228296573963298e-05 0 0 0 0 -6.106457298665063e-06 0 0 -1.1679853631200693e-05 3.5903001407859843e-05 0
leaf_weight=126 66 107 288 59 79 1684 53 50 289 265 63 126 59 115 55 261 75 59 325 57 50 556 96 52 1407 50 88 7635 55 400
leaf_count=126 66 107 288 59 79 1684 53 50 289 265 63 126 59 115 55 261 75 59 325 57 50 556 96 52 1407 50 88 7635 55 400
internal_value=1.19503e-06 4.77479e-05 -3.6991e-06 1.23316e-05 0.00018878 3.77496e-07 4.28229e-05 0.000174018 2.67356e-05 4.84127e-05 7.09912e-05 9.27643e-05 0.000127626 0.000157293 -8.13579e-06 -5.21816e-06 0 2.70706e-05 0 1.68482e-05 4.97175e-05 -1.04781e-05 -1.10618e-05 -1.13182e-05 -9.53065e-07 2.76986e-07 -4.64905e-06 -1.15349e-05 2.34816e-05 0
internal_weight=14650 1490 13160 2608 138 2470 391 103 1424 735 470 363 237 178 10552 2079 395 134 2158 233 107 8394 7838 7742 1925 430 1495 7690 105 689
internal_count=14650 1490 13160 2608 138 2470 391 103 1424 735 470 363 237 178 10552 2079 395 134 2158 233 107 8394 7838 7742 1925 430 1495 7690 105 689
is_linear=0
shrinkage=0.05


Tree=13
num_leaves=31
num_cat=0
split_feature=133 90 126 133 116 51 113 91 75 30 101 85 93 34 172 187 50 50 119 137 35 171 19 50 110 73 33 185 61 118
split_gain=0.00127848 0.00369783 0.0006559 0.000775971 0.000994973 0.00177754 0.000295233 0.00419636 0.000179755 0.000387415 0.000636104 8.42153e-05 4.9305e-05 8.22964e-05 5.59648e-05 0.000109892 0.000137096 4.91476e-05 1.17514e-05 1.02718e-05 8.65824e-06 7.77193e-06 6.62296e-06 5.27653e-06 5.2083e-06 4.6515e-06 3.09178e-06 1.92214e-06 3.20548e-06 1.77102e-06
threshold=88.200000000000003 24.662244897959187 25.500000000000004 79.980000000000004 285.6467095000001 90.500000000000014 1.3500000000000003 15.250000000000002 6.8500000000000005 -2.8185714285714263 -3.6028096000000001 283.98056145000004 272.71735450000006 0.25335474809050934 7.5000000000000009 0.58213181202727593 1023.85 1017.9500000000002 18.450000000000003 18.300000000000004 296.71865360000004 -0.071234229499999982 -0.00058285714285714245 1028.9500000000003 47.250000000000007 28.150000000000002 0.9968241574203115 0.00075938937743843225 108.55000000000003 34.95000000000001
decision_type=2 2 2 2 2 2 2 2 2 2 2 2 2 2 8 2 2 2 2 2 2 2 2 2 2 2 2 10 2 2
left_child=2 -2 3 8 -5 -6 11 -8 9 10 -1 18 13 -10 15 16 17 -15 19 20 21 -4 -14 24 26 -9 -23 -11 -29 -24
right_child=1 -3 6 4 5 -7 7 25 12 27 -12 -13 22 14 -16 -17 -18 -19 -20 -21 -22 23 29 -25 -26 -27 -28 28 -30 -31
leaf_value=0.00020457274964060109 0 0.00048039093242550738 0 0 0.00038362921615771491 0 0.00046137760936165018 0 0 0 0 2.6905770233828331e-05 0 0 0 0 0 0.00011307186520753022 0 0 0 -1.0836598925813757e-05 -6.3422461570985638e-06 0 0 -8.2934561000930049e-06 0 0 1.1868814397150722e-05 0
leaf_weight=78 103 53 163 121 65 90 50 53 1241 230 63 87 358 50 292 142 52 95 128 51 52 9389 685 82 76 485 91 78 90 57
leaf_count=78 103 53 163 121 65 90 50 53 1241 230 63 87 358 50 292 142 52 95 128 51 52 9389 685 82 76 485 91 78 90 57
internal_value=1.20038e-06 0.000143152 0 1.75357e-05 0.000100217 0.00018379 -6.65983e-06 2.56409e-05 9.58576e-06 3.7202e-05 0.000109926 -9.03319e-06 2.88467e-06 8.68851e-06 2.34364e-05 3.78482e-05 6.2027e-05 8.6978e-05 -9.84587e-06 -1.00578e-05 -1.02122e-05 -1.03465e-05 -2.45001e-06 -1.05298e-05 -1.064e-05 -6.35952e-06 -1.07466e-05 0 5.33236e-06 -5.58384e-06
internal_weight=14650 156 14494 3787 276 155 10707 588 3511 539 141 10119 2972 1872 631 339 197 145 10032 9904 9853 9801 1100 9638 9556 538 9480 398 168 742
internal_count=14650 156 14494 3787 276 155 10707 588 3511 539 141 10119 2972 1872 631 339 197 145 10032 9904 9853 9801 1100 9638 9556 538 9480 398 168 742
is_linear=0
shrinkage=0.05


end of trees

feature_importances:
pct_forest=22
min_t2m_next_24h=19
pct_wetland=17
temp_change_6h=15
hours_since_obs=15
wind_speed_max_next_6h=12
cumul_gust_since_onset=11
last_N_t=10
mslma_t=10
gust_mean_next_48h=10
pressure_change_3h=9
total_tp_next_48h=8
wind_speed_at_t6h=8
N_per_gust_excess_obs=8
t2m_at_t24h=7
rural_urban_code=7
wind_cos_t=6
blh_t=6
pressure_change_6h=6
t2m_at_t6h=6
tp_at_t6h=6
tp_at_t48h=6
osi_trend_last6h=5
gust_mean_obs=5
gust_max_obs=5
soil_moist_t=5
et0_t=5
min_t2m_next_48h=5
cumul_tp_since_onset=5
P_D_gap_last_obs=5
gust_to_N_best_corr_obs=5
gust_last_obs=4
min_t2m_next_6h=4
wind_speed_max_next_48h=4
gust_at_t48h=4
log_customers=4
hours_since_P_peak_obs=4
hours_since_R_peak_obs=4
P_active_frac_obs=4
hours_since_peak=3
gust_trend_last6h_obs=3
wind_speed_t=3
r2_t=3
vpd_t=3
sp_t=3
direct_rad_t=3
gust_max_next_6h=3
gust_max_next_24h=3
gust_gt30_next_48h=3
gust_at_t6h=3
tp_at_t24h=3
wind_speed_at_t48h=3
t2m_at_t48h=3
hour_of_day=3
hour_cos=3
pct_unmapped=3
pct_forest_classified=3
P_change_per_gust_excess_obs=3
osi_mean_72h=2
R_t_mean_72h=2
storm_onset_mean_osi=2
frac_zero_72h=2
t2m_t=2
sdswrf_t=2
soil_moist_x_gust=2
gust_x_hso=2
gust_max_next_1h=2
gust_peak4h_mean_next_6h=2
gust_peak4h_mean_next_24h=2
gust_max_next_48h=2
gust_change_1h=2
gust_at_t24h=2
pct_agriculture=2
pct_water=2
forest_x_customers=2
P_mean_last24_obs=2
first_material_R_hour_obs=2
P_post_peak_slope_obs=2
last_D_t=1
osi_std_72h=1
R_t_max_72h=1
pre_event_max_outage_pct=1
storm_onset_max_osi=1
wind_sin_t=1
rain_t=1
tcc_t=1
temp_c_t=1
gust_mean_next_1h=1
gust_mean_next_6h=1
gust_gt30_next_24h=1
gust_peak4h_mean_next_48h=1
gust_gt30_since_onset=1
wind_speed_at_t24h=1
n_utilities=1
pct_developed=1
tree_canopy_pct=1
tp_rate_next_48h=1
R_nonzero_frac_obs=1
R_mean_last24_obs=1
P_trend_last24_obs=1

parameters:
[boosting: gbdt]
[objective: huber]
[metric: rmse]
[tree_learner: serial]
[device_type: cpu]
[data_sample_strategy: bagging]
[data: ]
[valid: ]
[num_iterations: 2000]
[learning_rate: 0.05]
[num_leaves: 31]
[num_threads: -1]
[seed: 42]
[deterministic: 0]
[force_col_wise: 0]
[force_row_wise: 0]
[histogram_pool_size: -1]
[max_depth: -1]
[min_data_in_leaf: 50]
[min_sum_hessian_in_leaf: 0.001]
[bagging_fraction: 0.8]
[pos_bagging_fraction: 1]
[neg_bagging_fraction: 1]
[bagging_freq: 5]
[bagging_seed: 42]
[bagging_by_query: 0]
[feature_fraction: 0.8]
[feature_fraction_bynode: 1]
[feature_fraction_seed: 42]
[extra_trees: 0]
[extra_seed: 12879]
[early_stopping_round: 0]
[early_stopping_min_delta: 0]
[first_metric_only: 0]
[max_delta_step: 0]
[lambda_l1: 0.1]
[lambda_l2: 1]
[linear_lambda: 0]
[min_gain_to_split: 0]
[drop_rate: 0.1]
[max_drop: 50]
[skip_drop: 0.5]
[xgboost_dart_mode: 0]
[uniform_drop: 0]
[drop_seed: 42]
[top_rate: 0.2]
[other_rate: 0.1]
[min_data_per_group: 100]
[max_cat_threshold: 32]
[cat_l2: 10]
[cat_smooth: 10]
[max_cat_to_onehot: 4]
[top_k: 20]
[monotone_constraints: ]
[monotone_constraints_method: basic]
[monotone_penalty: 0]
[feature_contri: ]
[forcedsplits_filename: ]
[refit_decay_rate: 0.9]
[cegb_tradeoff: 1]
[cegb_penalty_split: 0]
[cegb_penalty_feature_lazy: ]
[cegb_penalty_feature_coupled: ]
[path_smooth: 0]
[interaction_constraints: ]
[verbosity: -1]
[saved_feature_importance_type: 0]
[use_quantized_grad: 0]
[num_grad_quant_bins: 4]
[quant_train_renew_leaf: 0]
[stochastic_rounding: 1]
[linear_tree: 0]
[max_bin: 255]
[max_bin_by_feature: ]
[min_data_in_bin: 3]
[bin_construct_sample_cnt: 200000]
[data_random_seed: 42]
[is_enable_sparse: 1]
[enable_bundle: 1]
[use_missing: 1]
[zero_as_missing: 0]
[feature_pre_filter: 1]
[pre_partition: 0]
[two_round: 0]
[header: 0]
[label_column: ]
[weight_column: ]
[group_column: ]
[ignore_column: ]
[categorical_feature: ]
[forcedbins_filename: ]
[precise_float_parser: 0]
[parser_config_file: ]
[objective_seed: 16083]
[num_class: 1]
[is_unbalance: 0]
[scale_pos_weight: 1]
[sigmoid: 1]
[boost_from_average: 1]
[reg_sqrt: 0]
[alpha: 0.9]
[fair_c: 1]
[poisson_max_delta_step: 0.7]
[tweedie_variance_power: 1.5]
[lambdarank_truncation_level: 30]
[lambdarank_norm: 1]
[label_gain: ]
[lambdarank_position_bias_regularization: 0]
[eval_at: ]
[multi_error_top_k: 1]
[auc_mu_weights: ]
[num_machines: 1]
[local_listen_port: 12400]
[time_out: 120]
[machine_list_filename: ]
[machines: ]
[gpu_platform_id: -1]
[gpu_device_id: -1]
[gpu_device_id_list: ]
[gpu_use_dp: 0]
[num_gpu: 1]

end of parameters

pandas_categorical:[]
