tree
version=v4
num_class=1
num_tree_per_iteration=1
label_index=0
max_feature_idx=189
objective=gamma
feature_names=last_osi last_P_t last_N_t last_D_t last_R_t last_outage_pct osi_mean_72h osi_max_72h osi_std_72h outage_pct_mean_72h outage_pct_max_72h N_t_mean_72h N_t_max_72h R_t_mean_72h R_t_max_72h pre_event_mean_osi pre_event_max_outage_pct storm_onset_max_osi storm_onset_mean_osi osi_trend_last6h is_worsening frac_zero_72h hours_since_peak gust_mean_obs gust_max_obs gust_gt30_obs gust_gt40_obs cumul_gust_obs gust_last_obs gust_max_last6h_obs gust_trend_last6h_obs gust_t wind_speed_t wind_sin_t wind_cos_t t2m_t d2m_t tp_t rain_t csnow_t sdwe_t r2_t vpd_t soil_moist_t blh_t tcc_t lcc_t mcc_t hcc_t sp_t mslma_t sdswrf_t direct_rad_t diffuse_rad_t et0_t temp_c_t dewpoint_c_t icing_risk_t gust_exceed_30 soil_moist_x_gust is_snowing gust_x_hso gust_x_phase soil_gust_x_phase gust_exceed30_x_hso gust_max_next_1h gust_mean_next_1h wind_speed_max_next_1h total_tp_next_1h min_t2m_next_1h gust_gt30_next_1h gust_gt40_next_1h gust_peak4h_mean_next_1h gust_max_next_6h gust_mean_next_6h wind_speed_max_next_6h total_tp_next_6h min_t2m_next_6h gust_gt30_next_6h gust_gt40_next_6h gust_peak4h_mean_next_6h gust_max_next_24h gust_mean_next_24h wind_speed_max_next_24h total_tp_next_24h min_t2m_next_24h gust_gt30_next_24h gust_gt40_next_24h gust_peak4h_mean_next_24h gust_max_next_48h gust_mean_next_48h wind_speed_max_next_48h total_tp_next_48h min_t2m_next_48h gust_gt30_next_48h gust_gt40_next_48h gust_peak4h_mean_next_48h gust_change_1h gust_change_3h pressure_change_3h pressure_change_6h temp_change_6h wind_change_1h cumul_gust_since_onset cumul_tp_since_onset gust_gt30_since_onset gust_at_t1h wind_speed_at_t1h t2m_at_t1h tp_at_t1h gust_at_t6h wind_speed_at_t6h t2m_at_t6h tp_at_t6h gust_at_t24h wind_speed_at_t24h t2m_at_t24h tp_at_t24h gust_at_t48h wind_speed_at_t48h t2m_at_t48h tp_at_t48h hour_of_day hour_sin hour_cos days_since_onset hours_since_obs storm_phase log_customers rural_urban_code is_metro pop_density n_utilities pct_forest pct_developed pct_agriculture pct_water pct_wetland pct_unmapped pct_forest_classified tree_canopy_pct tree_canopy_std forest_x_customers window_len_next_1h is_full_next_1h tp_rate_next_1h gust_gt30_frac_next_1h has_weather_at_t1h window_len_next_6h is_full_next_6h tp_rate_next_6h gust_gt30_frac_next_6h has_weather_at_t6h window_len_next_24h is_full_next_24h tp_rate_next_24h gust_gt30_frac_next_24h has_weather_at_t24h window_len_next_48h is_full_next_48h tp_rate_next_48h gust_gt30_frac_next_48h has_weather_at_t48h N_nonzero_frac_obs R_nonzero_frac_obs P_mean_last24_obs D_mean_last24_obs N_mean_last24_obs R_mean_last24_obs flow_balance_last24_obs restoration_ratio_obs P_D_gap_last_obs hours_since_P_peak_obs hours_since_N_peak_obs hours_since_R_peak_obs first_material_N_hour_obs first_material_R_hour_obs P_trend_last24_obs D_trend_last24_obs P_post_peak_slope_obs P_active_frac_obs has_material_P_obs has_material_N_obs has_material_R_obs gust_excess30_sum_obs N_per_gust_excess_obs P_change_per_gust_excess_obs gust_to_N_best_corr_obs gust_to_N_best_lag_obs gust_at_first_material_N_obs
feature_infos=[0:0.55230000000000001] [0:0.82424180700000005] [0:0.021710291] [0:0.90465771100000003] [0:0.039181763000000001] [0:82.420000000000002] [4.1666666666666669e-06:0.26529999999999998] [0.0001:0.65049999999999997] [1.9982631347136334e-05:0.22470370552747407] [0.00083333333333333328:39.644861111111112] [0.02:100] [3.1208333333333337e-06:0.018623942125000001] [7.4900000000000005e-05:0.37916412199999999] [3.1208333333333337e-06:0.017093115180555556] [7.4900000000000005e-05:0.119716399] [0:0.38653749999999998] [0:100] [0:0.59799999999999998] [0:0.20940416666666664] [-0.022628571428571428:0.017611428571428573] [0:1] [0:0.95833333333333337] [0:71] [13.03611111111111:31.258333333333326] [29.300000000000001:70] [0:35] [0:18] [938.59999999999991:2250.5999999999995] [3.5:47.5] [15.4:64.5] [-6.477142857142856:3.3114285714285714] [0.80000000000000004:57.799999999999997] [0:38] [-0.99999999952007834:0.99999936523812261] [-0.99999999329043221:1] [262.81924839999999:298.3466019] [257.71271739999997:289.8677619] [0:9.6999999999999993] [0:9.6999999999999993] [0:2.1699999999999999] [0:0.089999999999999997] [15:100] [0:2.3700000000000001] [0.16700000000000001:0.51500000000000001] [15:3090] [0:100] [0:100] [0:100] [0:100] [886.29999999999995:1027] [986.70000000000005:1031.8] [0:837] [0:714] [0:463] [0:0.58999999999999997] [-10.330751599999985:25.196601900000019] [-15.437282600000003:16.717761900000028] [0:1] [0:27.799999999999997] [0.25680000000000003:20.589099999999998] [0:1] [0.80000000000000004:3663.5999999999999] [0:106.59999999999999] [0:40.572800000000001] [0:1533.6000000000001] [1.2:57.799999999999997] [1:52.349999999999994] [0.40000000000000002:38] [0:14.699999999999999] [262.07798279999997:298.20713590000003] [0:2] [0:2] [1:52.349999999999994] [6:57.799999999999997] [3.7857142857142851:49.214285714285715] [1.2:38] [0:26.699999999999999] [260.21536479999997:296.22558249999997] [0:7] [0:7] [4.625:52.550000000000004] [13.199999999999999:57.799999999999997] [8.2680000000000007:43.052] [6:38] [0:51.199999999999996] [259.42265909999998:286.57337899999999] [0:25] [0:19] [12.5:52.550000000000004] [13.300000000000001:57.799999999999997] [7.961224489795919:37.816326530612244] [6.0999999999999996:38] [0:52.900000000000006] [259.42265909999998:281.94003939999999] [0:40] [0:22] [12.75:52.550000000000004] [-22.399999999999999:28.199999999999999] [-32:33.299999999999997] [-6.1000000000000227:8.4000000000000909] [-10.899999999999977:13.5] [-17.698856200000023:21.845291299999985] [-14:20.799999999999997] [348.89999999999998:3711] [0:53.200000000000003] [0:61] [1.2:57.799999999999997] [0:36.899999999999999] [262.07798279999997:298.3466019] [0:9.6999999999999993] [1.3999999999999999:57.799999999999997] [0:36.100000000000001] [260.21536479999997:298.2982313] [0:9.6999999999999993] [2.1000000000000001:57.100000000000001] [0:38] [260.64059090000001:298.00812150000002] [0:11.300000000000001] [1.3:53.299999999999997] [0:34.299999999999997] [260.48599419999999:296.39282830000002] [0:11.300000000000001] [0:23] [-1:1] [-1:1] [1:4] [1:96] [0:2] [7.1180162044653335:13.453719692845613] [1:9] [0:1] [8.3691524328166658:11939.655837338518] [1:14] [0.96999999999999997:88.719999999999999] [2.21:86.629999999999995] [0.040000000000000001:87.469999999999999] [0.01:5.5099999999999998] [0:19.780000000000001] [1.8899999999999999:18.32] [0.98868616858628067:95.815074496056084] [2.2000000000000002:80.340000000000003] [12.65:40.140000000000001] [8.0679963363985543:851.54750536995925] none none [0:7.3499999999999996] [0:1] none none none [0:3.8142857142857141] [0:1] none none none [0:2.048] [0:1] none none none [0:1.0795918367346939] [0:0.81632653061224492] none [0.041666666666666664:0.83333333333333337] [0.041666666666666664:0.90277777777777779] [0:0.33157778683333333] [0:0.2415728110416667] [0:0.05185222787499999] [0:0.017634620166666667] [-5.9704624999999938e-05:0.03421760770833332] [0.013031417634099374:6.5416667824977583] [-0.094310770000000002:0.045476995000000006] [0:71] [0:71] [0:70] [0:68] [0:71] [-0.00014221094434782621:0.052080195401739138] [-2.8979260869565253e-06:0.043438201510000003] [-0.090709080000000039:0.00060335147105305595] [0:0.98611111111111116] [0:1] [0:1] [0:1] [0:446.30000000000001] [1.2346153846153842e-05:0.024848555909090915] [-0.0026323566314935061:0.0091683099305555574] [-0.13256831251647599:0.75281650661316302] [0:3] [3.2000000000000002:60.600000000000001]
tree_sizes=3342 3425 3440 3440 3432 3448

Tree=0
num_leaves=31
num_cat=0
split_feature=85 75 187 185 35 133 128 89 121 136 69 185 133 99 4 16 175 40 188 4 16 175 46 28 140 172 93 128 81 186
split_gain=5958.87 2341.48 2132.69 1622.01 2282.63 1255.99 1122.41 1071.8 994.635 836.894 1047.43 693.602 2498.64 667.365 598.556 587.719 1049.25 533.855 514.615 385.264 384.24 402.662 375.929 377.734 510.946 362.985 361.266 413.022 390.799 643.189
threshold=266.90739995000007 20.750000000000004 0.57272434442857134 0.00027844332739212352 277.65003475000009 7.1000000000000005 9.5353181639130451 43.150000000000013 0.25000000000000006 1.3200000000000003 279.07098850000006 0.00025777412293649763 72.050000000000026 -1.4000000000000339 0.0041793375000000006 0.64500000000000013 58.500000000000007 0.045000000000000005 1.5000000000000002 0.0091976300000000018 1.1850000000000003 61.500000000000007 12.500000000000002 12.900000000000002 36.130000000000003 38.500000000000007 267.20654945000007 9.6608535224609398 57.400000000000013 0.00027784688101652075
decision_type=2 2 2 8 2 2 2 2 2 2 2 8 2 2 2 2 8 2 2 2 2 8 2 2 2 8 2 2 2 10
left_child=2 6 11 4 -3 -4 -2 20 9 22 -11 12 -1 -12 -7 16 17 -13 -17 -16 21 -5 -8 24 -24 -26 27 -9 29 -29
right_child=1 3 5 7 -6 14 8 26 -10 10 13 15 -14 -15 19 18 -18 -19 -20 -21 -22 -23 23 -25 25 -27 -28 28 -30 -31
leaf_value=-8.0771190099417325 -6.7276812274596898 -6.9137552892179039 -7.9874484539127071 -7.9676831397196919 -8.3663214567969248 -6.996848157787567 -6.7888098643190791 -6.8066139418951446 -6.7442407671864295 -6.8986503007097104 -7.9722542739300897 -7.8533760425420835 -6.7882592144946097 -7.0600888474454164 -7.682743723031253 -6.8326990157484904 -6.919830920860135 -6.9190831808597126 -7.0785171117211192 -7.1643139907393874 -7.0500965481689803 -7.0352862082367267 -6.8987406040673873 -6.8336463975769917 -6.9616284357320612 -7.6844798912429528 -6.7427982839371801 -7.6965528286611722 -6.8114842176993813 -6.9537438877202762
leaf_weight=4.7871925876243031 2948.9613647665828 6.6920927384635416 4.9982011828105888 2.5822914030286475 3.8354268170078285 23.458662432443816 727.42661363037769 26.69055531732738 1101.5462398126838 45.81007177621359 3.1251288713538088 4.7826713297981795 10.876399651169775 5.7542429518653062 6.8827106722164926 162.14781338232569 23.38007875601761 2.6132861920632422 23.738973424537107 12.502008801558985 10.106271543074397 2.8618239229544997 20.765926948748533 95.027453781454824 4.00545251648873 3.5235585831687786 45.992158332839608 4.3829950110521185 7.5713236909359685 7.9061722196638584
leaf_count=157 871 30 152 89 159 138 1105 51 690 173 103 131 17 46 152 390 100 14 180 121 74 24 80 231 24 87 27 105 16 42
internal_value=-6.76499 -6.75258 -6.98905 -6.97117 -7.53658 -7.29017 -6.74731 -6.90947 -6.77614 -6.81494 -7.00281 -6.92503 -7.2377 -7.47155 -7.18264 -6.90032 -7.09983 -7.58177 -6.86564 -7.38473 -7.28056 -7.59665 -6.80259 -6.88298 -7.04043 -7.3689 -6.8422 -6.93887 -7.10575 -7.26937
internal_weight=5354.74 5074.57 280.168 118.621 10.5275 47.8416 4955.95 108.094 2006.98 905.438 54.6894 232.326 15.6636 8.87937 42.8434 216.663 30.776 7.39596 185.887 19.3847 15.5504 5.44412 850.749 123.322 28.2949 7.52901 92.5432 46.551 19.8605 12.2892
internal_count=5579 4027 1552 617 189 563 3410 428 2539 1849 322 989 174 149 411 815 245 145 570 273 187 113 1527 422 191 111 241 214 163 147
is_linear=0
shrinkage=1


Tree=1
num_leaves=31
num_cat=0
split_feature=85 36 131 134 126 134 131 35 141 93 93 140 99 19 103 180 173 15 4 101 30 12 43 21 15 180 91 185 52 0
split_gain=4087.06 1482.79 1373.4 1095.66 1241.31 1369.79 1029.59 669.057 660.327 578.231 530.065 386.993 384.456 312.522 356.098 295.309 330.24 305.709 639.437 290.279 422.681 275.137 255.289 232.463 231.407 349.686 283.655 218.657 340.768 294.166
threshold=266.90739995000007 280.28568615000006 405.097870266092 6.5150000000000015 27.500000000000004 25.190000000000001 116.14695228803215 281.4828442000001 33.775000000000013 264.41398460000005 266.40988425000006 17.960000000000004 3.6999999999999891 -0.0011228571428571444 2056.3000000000006 0.3263888888888889 15.500000000000002 0.00024375000000000002 0.00016973850000000004 -2.0534856000000157 -2.5299999999999989 0.027202171500000004 0.26550000000000007 0.49305555555555564 0.0001510416666666667 0.20138888888888892 16.450000000000003 0.00062160438096293491 195.50000000000003 0.017150000000000002
decision_type=2 2 2 2 2 2 2 2 2 2 2 2 2 2 2 2 10 2 2 2 2 2 2 2 2 2 2 10 2 2
left_child=6 3 11 23 19 15 -1 12 9 -8 22 -3 -7 -10 -15 17 -17 18 -6 -5 27 -11 -4 -2 -25 26 -26 28 29 -21
right_child=1 2 10 4 5 7 8 -9 13 21 -12 -13 -14 14 -16 16 -18 -19 -20 20 -22 -23 -24 24 25 -27 -28 -29 -30 -31
leaf_value=-0.09771399444075296 0.042488966135480817 -0.29211140378250361 -0.30740922985984659 0.018745424285055736 -0.046260680829602052 -1.0498744311393486 -0.73709984625665892 -0.1760373050406373 -0.076000942410970704 -0.43827826190091462 -0.31146690714244613 -0.055325411115846372 -0.27621149928765271 -0.103786602751451 -0.41814675972375909 -0.38054698207555493 -0.070675179100423133 -0.023883103737575878 -0.36207803417088452 -0.55364169562710408 -0.0020747392976907496 -0.1847272681590294 -1.1891294366771339 0.016300024509055905 -0.053036321148067903 -0.01049409851281382 -0.47015091322206581 -0.058708640648021143 -0.082343345531402101 -0.079399309845770816
leaf_weight=227.10973409470171 2342.8850668147206 18.569648707285523 2.2036105894949314 1304.5688398934435 54.006882882677019 5.3143571899272519 10.110407475847749 8.7107864270219562 41.023495130706578 22.951506588375196 12.12706613447517 155.13516071299091 3.4296415314893238 17.499661003239453 19.816121789161116 14.898381044622509 20.089672525413334 199.24876102793496 22.041752260178328 8.7657270214986038 504.90747721795924 24.114253030216787 3.0310558915371075 192.02684676088393 7.6862573940306929 34.458004251122475 8.5068563520908338 86.343563377973624 24.652970817929599 5.5301739163696757
leaf_count=673 351 133 22 815 105 138 174 43 105 233 94 328 28 56 194 136 50 295 189 117 526 117 99 129 17 42 98 189 67 16
internal_value=-0.00163931 0.0100398 -0.126215 0.0154357 -0.00997105 -0.0997991 -0.16353 -0.518687 -0.272271 -0.40113 -0.537907 -0.0821944 -0.806425 -0.17429 -0.277411 -0.0746284 -0.20967 -0.0567509 -0.141373 0.0052865 -0.0225523 -0.315021 -0.927598 0.0376651 -0.00886868 -0.102852 -0.287054 -0.104364 -0.201446 -0.387699
internal_weight=5401.76 5039.14 191.067 4848.07 2262.51 327.74 362.625 17.4548 135.515 57.1762 17.3617 173.705 8.744 78.3393 37.3158 310.285 34.9881 275.297 76.0486 1934.77 630.2 47.0658 5.23467 2585.56 242.678 50.6511 16.1931 125.292 38.9489 14.2959
internal_count=5579 4027 676 3351 2714 984 1552 209 879 524 215 461 166 355 250 775 186 589 294 1730 915 350 121 637 286 157 115 389 200 133
is_linear=0
shrinkage=0.05


Tree=2
num_leaves=31
num_cat=0
split_feature=126 75 164 134 126 134 4 126 15 135 23 138 15 43 21 30 185 34 49 83 30 184 167 14 163 43 176 21 90 89
split_gain=3184.92 1696.47 1016.81 845.148 652.806 544.608 435.193 395.639 455.488 409.132 371.559 459.497 322.178 363.74 282.904 275.282 269.388 267.109 264.46 248.625 353.592 567.689 247.374 206.828 203.515 199.07 229.34 194.151 190.821 170.157
threshold=61.500000000000007 20.750000000000004 0.64583333333333337 6.5150000000000015 26.500000000000004 17.970000000000002 2.4650000000000005e-06 29.500000000000004 0.00090416666666666673 65.260000000000005 21.731250000000006 6.7500000000000009 0.00021145833333333338 0.34850000000000003 0.49305555555555564 -1.3257142857142865 0.00010486952503121887 -0.34828489109676625 968.85000000000002 17.650000000000002 -2.9028571428571417 201.10000000000002 0.00014461606250000002 0.020612574500000005 0.52083333333333337 0.36350000000000005 13.500000000000002 0.42361111111111122 25.775510204081638 39.550000000000004
decision_type=2 2 2 2 2 2 2 2 2 2 2 2 2 2 2 2 10 2 2 2 2 2 2 2 2 2 10 2 2 2
left_child=1 3 10 14 19 15 -7 -3 9 16 22 25 -4 -14 -1 -6 -9 18 23 -5 21 24 -2 -16 -21 -12 -27 -18 -8 -29
right_child=2 7 12 4 5 6 28 8 -10 -11 11 -13 13 -15 17 -17 27 -19 -20 20 -22 -23 -24 -25 -26 26 -28 29 -30 -31
leaf_value=0.041056514610641942 -0.19110443050308831 -0.0077509425918060029 -0.16257880972037642 0.017315218086191051 -0.025002822783062491 -0.03500979236148416 -0.23945431572831111 -0.10688114484599671 -0.078338099741252443 -0.15099068217535241 -0.21196916583424344 -0.31535189785444873 -0.2287018420733129 -0.68136759569593985 -0.47227605291249397 -0.15817173389369907 -0.30795661507219485 0.0096320443086542126 -0.039470275761176878 -0.10961747460178646 -0.0075197728888694209 -0.042650224274703566 -0.024488984822055145 -0.082246250299453927 -0.49490302193215668 -0.054430501543145854 -0.21301852683503061 -0.35119445107780151 -0.54180870466189368 -0.86287781292055632
leaf_weight=2291.730293055065 25.938534536398947 53.457985899876803 11.207237478985915 1333.1071082680719 302.92189470888115 20.115214367862791 21.611512909410525 7.8920819647610179 81.165779476519674 50.718815579079092 44.215244901366532 36.210700335912406 8.8492351823952067 12.461083089932798 6.9364159833639842 43.650634509278461 15.189112780150028 217.11854904145002 31.915959510952234 5.8601511223241713 455.27787906391313 49.674458911176771 131.83843333367258 6.9019252844154835 10.827792690717613 107.15805575903505 28.446594765409827 5.8420686889439803 8.0316346350591612 4.4717070600017905
leaf_count=409 129 62 51 871 455 35 130 27 210 207 236 271 54 196 82 185 115 175 58 21 524 93 197 20 128 225 154 54 106 99
internal_value=-0.0013638 0.00953472 -0.135834 0.0157446 -0.00658995 -0.0647532 -0.217838 -0.126324 -0.164368 -0.245428 -0.111803 -0.154326 -0.400361 -0.512296 0.0354222 -0.0421966 -0.38015 -0.0136481 -0.12207 0.00586414 -0.0233679 -0.130293 -0.0529431 -0.296737 -0.373735 -0.120308 -0.0890509 -0.457303 -0.336546 -0.630144
internal_weight=5430.74 5024.42 406.325 4805.68 2251.08 396.331 49.7584 218.738 165.28 84.1138 373.808 216.031 32.5176 21.3103 2554.6 346.573 33.395 262.873 45.7543 1854.75 521.64 66.3624 157.777 13.8383 16.6879 179.82 135.605 25.5029 29.6431 10.3138
internal_count=5579 4066 1513 3292 2548 911 271 774 712 502 1212 886 301 250 744 640 295 335 160 1637 766 242 326 102 149 615 379 268 236 153
is_linear=0
shrinkage=0.05


Tree=3
num_leaves=31
num_cat=0
split_feature=44 128 121 93 128 185 128 171 76 90 14 164 138 99 96 104 101 122 142 134 186 93 50 51 110 188 175 10 30 121
split_gain=2588.37 1034.89 1092.63 818.5 421.751 407.287 404.098 379.977 355.272 354.691 329.736 320.607 319.488 286.779 265.315 217.3 220.657 211.425 184.607 183.052 176.93 260.673 169.334 159.616 242.443 139.971 138.017 325.848 136.712 131.1
threshold=1212.5000000000002 9.5353181639130451 0.15000000000000005 266.90576465000004 9.6888692041754485 0.0004486340322082389 11.430035173514801 -1.0000000180025095e-35 3.5500000000000012 24.133673469387759 0.0010344750000000002 0.53472222222222232 6.8750000000000009 -1.3000000000000111 42.112500000000011 9.1500000000000039 -3.251143949999999 11.500000000000002 612.6887982475954 12.685000000000002 0.00041797889662162016 264.41398460000005 1023.4500000000002 8.5000000000000018 32.150000000000013 1.0000000180025095e-35 14.500000000000002 34.695000000000007 -2.2928571428571427 1.0000000180025095e-35
decision_type=2 2 2 2 2 8 2 2 2 2 2 2 2 2 2 2 2 2 2 2 8 2 2 2 2 2 10 2 2 2
left_child=1 18 5 4 -2 6 7 -3 20 11 -9 -5 -10 19 23 -15 -17 -13 28 26 21 -6 -21 24 -8 -22 -7 -28 -1 -30
right_child=3 2 -4 9 8 13 14 10 12 -11 -12 17 -14 15 -16 16 -18 -19 -20 22 25 -23 -24 -25 -26 -27 27 -29 29 -31
leaf_value=0.021137103533820187 -0.064605869000876989 -0.046720275327297132 0.019102073955119418 -0.047312590267094091 -0.32439353147415811 -0.022975921425634267 -0.82243503577486976 -0.096697927559238436 -0.20582547882298896 0.0057289620308757904 -0.46718435213583648 -0.11732327186096705 -0.64704832755474984 -0.0075937224112886149 -0.12220976331628469 -0.26465731576635015 -0.045983471714705654 -0.37292613653812601 0.040104463923744518 -0.22795821094899923 -0.016919205181883511 -0.15194975943224237 -0.025924642843494879 -0.24645159743639372 -0.19225368540854945 -0.13949141764762721 -0.3260483794686872 0.0031759958374173816 -0.10331922264694189 0.0026750454022919021
leaf_weight=368.15906881541014 160.8154485989362 132.83957015629858 1107.6504581938498 98.113588112639263 27.299100078176707 80.465226763859391 3.5791375027038184 14.985229307319971 13.443440217524769 249.84119411651045 9.9148700274527055 21.97946938930545 6.1659306995570651 464.24167696211953 20.456390917301178 15.668927517719565 39.579903112258762 13.411500034155322 2157.0437744129449 36.937357404269278 35.536596784135327 125.24427034659311 14.739290397614239 12.813384834444149 3.5200551024172455 68.897624918492511 12.947673402726652 16.19203682616353 47.884933484718204 72.005880992859602
leaf_count=212 370 258 684 192 211 118 79 46 73 221 112 76 99 535 73 104 77 121 426 210 48 509 23 81 21 264 104 15 149 68
internal_value=-0.00116008 0.0133458 -0.013921 -0.0829422 -0.129618 -0.05552 -0.118476 -0.0813156 -0.167031 -0.0294727 -0.256756 -0.0949393 -0.369469 -0.0370452 -0.258081 -0.0188677 -0.111692 -0.221908 0.0338233 -0.0950873 -0.150192 -0.184755 -0.172015 -0.384906 -0.572902 -0.0983864 -0.0575449 -0.148907 0.00602698 -0.0401226
internal_weight=5452.37 4631.62 1986.53 820.748 437.402 878.881 198.109 157.74 276.587 383.346 24.9001 133.505 19.6094 680.772 40.369 519.491 55.2488 35.391 2645.09 161.282 256.978 152.543 51.6766 19.9126 7.09919 104.434 109.605 29.1397 488.05 119.891
internal_count=5579 3395 2540 2184 1574 1856 670 416 1204 610 158 389 172 1186 254 716 181 197 855 470 1032 720 233 181 100 312 237 119 429 217
is_linear=0
shrinkage=0.05


Tree=4
num_leaves=31
num_cat=0
split_feature=44 128 121 93 75 90 128 185 91 128 187 83 100 170 128 142 99 136 124 36 50 120 170 169 100 15 168 174 50 116
split_gain=2160.14 963.564 931.741 571.071 330.357 282.061 256.809 241.925 243.173 356.096 227.187 297.055 205.943 197.888 195.578 180.679 174.015 163.508 166.601 132.839 128.274 141.29 159.844 127.774 204.49 134.221 125.004 118.04 114.199 113.864
threshold=1212.5000000000002 9.5353181639130451 0.15000000000000005 266.90576465000004 21.750000000000004 24.133673469387759 9.6888692041754485 0.0004486340322082389 28.250000000000004 10.550420622277036 0.37068041030344251 16.550000000000004 4.5999999999999668 0.81049211669882848 11.616119158908168 612.6887982475954 2.2500000000000004 0.75500000000000012 0.1294095225512602 265.38021900000007 1001.7500000000001 274.77699725000008 0.66688222991828894 7.0113541666666652e-06 6.7500000000000009 0.00098437500000000022 0.00014294147916666671 3.5000000000000004 1022.35 266.36566990000006
decision_type=2 2 2 2 2 2 2 8 2 2 2 2 2 2 2 2 2 2 2 2 2 2 2 2 2 2 2 10 2 2
left_child=1 15 4 6 7 14 -2 8 9 17 11 26 20 -6 23 28 27 18 -3 29 -8 -22 -23 -5 25 -25 -9 -11 -1 -12
right_child=3 2 -4 5 13 -7 12 10 -10 16 19 -13 -14 -15 -16 -17 -18 -19 -20 -21 21 22 -24 24 -26 -27 -28 -29 -30 -31
leaf_value=0.015110558096112928 -0.057477320374113183 -0.31895544551091415 0.018506734022911177 -0.017778316913266826 -0.30477910770048416 0.0054756266473799768 -0.25414387480094286 -0.1075163811875311 -0.03504986880791499 -0.24102970214683223 0.0083259850985705069 -0.21594330241340245 -0.096985325882827822 -0.098818368348133637 -0.20547320238619024 0.03969973863175958 -0.11337927067018257 -0.019570785743051083 -0.070445475200165142 -0.0077078725073455442 -0.084155143186835424 -0.34996017885929009 -0.14598154383787329 -0.37874622565119392 -0.023953914898344548 -0.093440874826681591 0.010927306219832426 -0.55040558378921289 -0.057014200624621383 -0.16513549140499306
leaf_weight=423.34040869399905 171.54803126491606 11.047525137662889 1086.6928410222754 81.548523681238294 17.166233159136027 248.41395506123081 41.233301579253748 38.646670042187907 97.118904599454254 9.9782608812674933 14.717228132300077 32.822998705785722 181.29710925777908 37.6041054953821 25.401986352633685 2072.2483867648989 9.6806695135310274 40.61229436378926 17.224013775587082 522.23883539275266 51.513827204471454 13.363929957151411 39.794657709542662 8.7843426968902367 22.595775900874287 8.725261355750261 50.314608566928655 7.0695451834471887 62.029018294066191 24.774454854428768
leaf_count=295 370 88 684 111 128 221 256 124 166 63 12 179 535 114 134 426 34 57 43 603 140 114 159 83 34 27 39 96 134 110
internal_value=-0.000999464 0.0128949 -0.0129338 -0.0720314 -0.0496174 -0.0270424 -0.107569 -0.0420437 -0.0914073 -0.147646 -0.0280042 -0.0896351 -0.13356 -0.167768 -0.0816732 0.0332703 -0.299641 -0.0851529 -0.175304 -0.014498 -0.178003 -0.145841 -0.202868 -0.0543179 -0.126254 -0.249574 -0.0410947 -0.39299 0.00578464 -0.10176
internal_weight=5469.55 4575.33 2017.71 894.221 931.016 395.47 498.751 876.246 192.731 95.6123 683.515 121.784 327.203 54.7703 147.056 2557.62 26.7285 68.8838 28.2715 561.731 145.906 104.672 53.1586 121.654 40.1054 17.5096 88.9613 17.0478 485.369 39.4917
internal_count=5579 3395 2540 2184 1856 610 1574 1614 547 381 1067 342 1204 242 389 855 193 188 131 725 669 413 273 255 144 110 163 159 429 122
is_linear=0
shrinkage=0.05


Tree=5
num_leaves=31
num_cat=0
split_feature=103 137 140 16 101 123 73 76 21 164 92 22 114 126 173 30 106 126 100 62 163 76 49 36 43 91 0 2 116 189
split_gain=1877.64 1337.41 363.744 339.118 316.786 303.827 285.797 269.559 264.725 247.175 213.009 167.71 161.868 156.288 152.916 147.774 248.436 142.31 134.731 128.722 177.644 123.397 196.283 121.508 118.66 142.018 146.982 112.787 108.979 127.566
threshold=1110.2500000000002 0.055000000000000007 68.675000000000026 0.93500000000000016 -0.51932780000001333 1.0000000180025095e-35 28.050000000000004 1.0000000180025095e-35 0.42361111111111122 0.42361111111111122 14.350000000000003 48.500000000000007 23.450000000000003 29.500000000000004 7.5000000000000009 -1.7857142857142867 17.750000000000004 11.500000000000002 4.5999999999999668 30.950000000000003 0.49305555555555564 1.6500000000000004 966.05000000000007 262.61989000000005 0.39650000000000007 24.250000000000004 1.0000000180025095e-35 0.00026399350000000003 276.40731240000008 26.500000000000004
decision_type=2 2 2 2 2 2 2 2 2 2 2 2 2 2 10 2 2 2 2 2 2 2 2 2 2 2 2 2 2 10
left_child=2 5 4 7 18 -2 14 9 13 -3 21 -11 27 -5 -6 -16 17 -17 -1 20 -15 23 -23 -9 25 26 -12 -7 29 -10
right_child=1 3 -4 8 6 12 -8 10 28 11 24 -13 -14 19 15 16 -18 -19 -20 -21 -22 22 -24 -25 -26 -27 -28 -29 -30 -31
leaf_value=-0.0043309233360410799 -0.067083801967082898 -0.029963346474667397 0.03885974696869237 -0.014524215362502839 0.0093000776375715567 -0.083971130862927457 -0.13865587529170983 -0.2958060909823676 -0.12386214755460867 -0.14977449103098936 -0.090629916179135891 -0.029961988063249435 0.040855185986066946 -0.051615563595016178 -0.029398206174041316 -0.10492221869001328 0.0085329630287053759 -0.4116386314092686 0.027865213884840218 -0.092452345340164943 -0.34722033661887958 -0.42020948130847957 -0.16095186929324734 -0.12754430069723727 -0.015416090685247248 -0.047061963745647598 -0.32196909273503849 0.015105020289703891 0.0078256383039487561 -0.024972273512965694
leaf_weight=463.65251171262935 95.469364912249148 196.52800174523145 1628.6757321208715 58.590031337924302 262.02261474588886 46.360949677415192 51.184963499195874 11.709434906020759 39.808192634023726 103.84321538067888 16.030515693128113 41.457673894474283 497.09651216119528 9.2838577218353766 141.88735872786492 8.0045186174102181 13.589901518076656 8.3038140879943949 1081.2331798085943 161.12439290084876 11.574884880101306 11.324294217396526 24.10051229223609 121.19485442677978 45.548180567100644 31.917117188218981 12.831794383004306 72.219700429588556 189.9928138833493 167.66235176194459
leaf_count=504 225 315 362 76 213 126 196 87 141 418 47 67 90 20 226 27 11 85 478 461 99 115 105 433 60 63 102 50 160 252
internal_value=8.99808e-05 -0.0393109 0.0212656 -0.0703444 0.00713432 0.0154495 -0.0280772 -0.0967969 -0.044666 -0.0668075 -0.133725 -0.116062 0.0283436 -0.0859629 -0.0147297 -0.0512527 -0.150497 -0.276143 0.0182027 -0.10873 -0.224261 -0.168775 -0.253227 -0.144505 -0.0771341 -0.122307 -0.200985 -0.0239668 -0.0195045 -0.0444738
internal_weight=5624.22 1965.67 3658.55 1254.52 2029.88 711.147 484.993 616.486 638.037 341.829 274.657 145.301 615.677 240.573 433.808 171.786 29.8982 16.3083 1544.89 181.983 20.8587 168.329 35.4248 132.904 106.328 60.7794 28.8623 118.581 397.463 207.471
internal_count=5614 3512 2102 3021 1740 491 758 1812 1209 800 1012 485 266 656 562 349 123 112 982 580 119 740 220 520 272 212 149 176 553 393
is_linear=0
shrinkage=0.05


end of trees

feature_importances:
log_customers=9
min_t2m_next_48h=6
hours_since_obs=6
N_per_gust_excess_obs=6
pre_event_mean_osi=5
gust_trend_last6h_obs=5
pct_developed=5
last_R_t=4
frac_zero_72h=4
soil_moist_t=4
pressure_change_3h=4
tp_at_t48h=4
pre_event_max_outage_pct=3
d2m_t=3
mslma_t=3
wind_speed_max_next_6h=3
total_tp_next_6h=3
gust_mean_next_48h=3
wind_speed_max_next_48h=3
pressure_change_6h=3
temp_change_6h=3
tree_canopy_pct=3
R_nonzero_frac_obs=3
first_material_N_hour_obs=3
last_osi=2
R_t_max_72h=2
t2m_t=2
blh_t=2
sp_t=2
wind_speed_max_next_24h=2
min_t2m_next_24h=2
gust_max_next_48h=2
cumul_gust_since_onset=2
t2m_at_t24h=2
pop_density=2
pct_forest=2
pct_water=2
pct_unmapped=2
forest_x_customers=2
N_nonzero_frac_obs=2
restoration_ratio_obs=2
hours_since_N_peak_obs=2
P_active_frac_obs=2
P_change_per_gust_excess_obs=2
gust_to_N_best_corr_obs=2
gust_to_N_best_lag_obs=2
last_N_t=1
outage_pct_max_72h=1
N_t_max_72h=1
osi_trend_last6h=1
hours_since_peak=1
gust_mean_obs=1
gust_last_obs=1
wind_cos_t=1
sdwe_t=1
lcc_t=1
sdswrf_t=1
direct_rad_t=1
gust_x_phase=1
min_t2m_next_1h=1
gust_max_next_6h=1
gust_max_next_24h=1
total_tp_next_48h=1
gust_peak4h_mean_next_48h=1
cumul_tp_since_onset=1
gust_at_t1h=1
gust_at_t6h=1
gust_at_t24h=1
t2m_at_t48h=1
hour_of_day=1
hour_sin=1
hour_cos=1
pct_agriculture=1
pct_wetland=1
tree_canopy_std=1
N_mean_last24_obs=1
R_mean_last24_obs=1
flow_balance_last24_obs=1
P_D_gap_last_obs=1
hours_since_P_peak_obs=1
hours_since_R_peak_obs=1
first_material_R_hour_obs=1
gust_excess30_sum_obs=1
gust_at_first_material_N_obs=1

parameters:
[boosting: gbdt]
[objective: gamma]
[metric: rmse]
[tree_learner: serial]
[device_type: cpu]
[data_sample_strategy: bagging]
[data: ]
[valid: ]
[num_iterations: 2000]
[learning_rate: 0.05]
[num_leaves: 31]
[num_threads: -1]
[seed: 42]
[deterministic: 0]
[force_col_wise: 0]
[force_row_wise: 0]
[histogram_pool_size: -1]
[max_depth: -1]
[min_data_in_leaf: 50]
[min_sum_hessian_in_leaf: 0.001]
[bagging_fraction: 0.8]
[pos_bagging_fraction: 1]
[neg_bagging_fraction: 1]
[bagging_freq: 5]
[bagging_seed: 42]
[bagging_by_query: 0]
[feature_fraction: 0.8]
[feature_fraction_bynode: 1]
[feature_fraction_seed: 42]
[extra_trees: 0]
[extra_seed: 12879]
[early_stopping_round: 0]
[early_stopping_min_delta: 0]
[first_metric_only: 0]
[max_delta_step: 0]
[lambda_l1: 0.1]
[lambda_l2: 1]
[linear_lambda: 0]
[min_gain_to_split: 0]
[drop_rate: 0.1]
[max_drop: 50]
[skip_drop: 0.5]
[xgboost_dart_mode: 0]
[uniform_drop: 0]
[drop_seed: 42]
[top_rate: 0.2]
[other_rate: 0.1]
[min_data_per_group: 100]
[max_cat_threshold: 32]
[cat_l2: 10]
[cat_smooth: 10]
[max_cat_to_onehot: 4]
[top_k: 20]
[monotone_constraints: ]
[monotone_constraints_method: basic]
[monotone_penalty: 0]
[feature_contri: ]
[forcedsplits_filename: ]
[refit_decay_rate: 0.9]
[cegb_tradeoff: 1]
[cegb_penalty_split: 0]
[cegb_penalty_feature_lazy: ]
[cegb_penalty_feature_coupled: ]
[path_smooth: 0]
[interaction_constraints: ]
[verbosity: -1]
[saved_feature_importance_type: 0]
[use_quantized_grad: 0]
[num_grad_quant_bins: 4]
[quant_train_renew_leaf: 0]
[stochastic_rounding: 1]
[linear_tree: 0]
[max_bin: 255]
[max_bin_by_feature: ]
[min_data_in_bin: 3]
[bin_construct_sample_cnt: 200000]
[data_random_seed: 42]
[is_enable_sparse: 1]
[enable_bundle: 1]
[use_missing: 1]
[zero_as_missing: 0]
[feature_pre_filter: 1]
[pre_partition: 0]
[two_round: 0]
[header: 0]
[label_column: ]
[weight_column: ]
[group_column: ]
[ignore_column: ]
[categorical_feature: ]
[forcedbins_filename: ]
[precise_float_parser: 0]
[parser_config_file: ]
[objective_seed: 16083]
[num_class: 1]
[is_unbalance: 0]
[scale_pos_weight: 1]
[sigmoid: 1]
[boost_from_average: 1]
[reg_sqrt: 0]
[alpha: 0.9]
[fair_c: 1]
[poisson_max_delta_step: 0.7]
[tweedie_variance_power: 1.5]
[lambdarank_truncation_level: 30]
[lambdarank_norm: 1]
[label_gain: ]
[lambdarank_position_bias_regularization: 0]
[eval_at: ]
[multi_error_top_k: 1]
[auc_mu_weights: ]
[num_machines: 1]
[local_listen_port: 12400]
[time_out: 120]
[machine_list_filename: ]
[machines: ]
[gpu_platform_id: -1]
[gpu_device_id: -1]
[gpu_device_id_list: ]
[gpu_use_dp: 0]
[num_gpu: 1]

end of parameters

pandas_categorical:[]
