tree
version=v4
num_class=1
num_tree_per_iteration=1
label_index=0
max_feature_idx=189
objective=regression
feature_names=last_osi last_P_t last_N_t last_D_t last_R_t last_outage_pct osi_mean_72h osi_max_72h osi_std_72h outage_pct_mean_72h outage_pct_max_72h N_t_mean_72h N_t_max_72h R_t_mean_72h R_t_max_72h pre_event_mean_osi pre_event_max_outage_pct storm_onset_max_osi storm_onset_mean_osi osi_trend_last6h is_worsening frac_zero_72h hours_since_peak gust_mean_obs gust_max_obs gust_gt30_obs gust_gt40_obs cumul_gust_obs gust_last_obs gust_max_last6h_obs gust_trend_last6h_obs gust_t wind_speed_t wind_sin_t wind_cos_t t2m_t d2m_t tp_t rain_t csnow_t sdwe_t r2_t vpd_t soil_moist_t blh_t tcc_t lcc_t mcc_t hcc_t sp_t mslma_t sdswrf_t direct_rad_t diffuse_rad_t et0_t temp_c_t dewpoint_c_t icing_risk_t gust_exceed_30 soil_moist_x_gust is_snowing gust_x_hso gust_x_phase soil_gust_x_phase gust_exceed30_x_hso gust_max_next_1h gust_mean_next_1h wind_speed_max_next_1h total_tp_next_1h min_t2m_next_1h gust_gt30_next_1h gust_gt40_next_1h gust_peak4h_mean_next_1h gust_max_next_6h gust_mean_next_6h wind_speed_max_next_6h total_tp_next_6h min_t2m_next_6h gust_gt30_next_6h gust_gt40_next_6h gust_peak4h_mean_next_6h gust_max_next_24h gust_mean_next_24h wind_speed_max_next_24h total_tp_next_24h min_t2m_next_24h gust_gt30_next_24h gust_gt40_next_24h gust_peak4h_mean_next_24h gust_max_next_48h gust_mean_next_48h wind_speed_max_next_48h total_tp_next_48h min_t2m_next_48h gust_gt30_next_48h gust_gt40_next_48h gust_peak4h_mean_next_48h gust_change_1h gust_change_3h pressure_change_3h pressure_change_6h temp_change_6h wind_change_1h cumul_gust_since_onset cumul_tp_since_onset gust_gt30_since_onset gust_at_t1h wind_speed_at_t1h t2m_at_t1h tp_at_t1h gust_at_t6h wind_speed_at_t6h t2m_at_t6h tp_at_t6h gust_at_t24h wind_speed_at_t24h t2m_at_t24h tp_at_t24h gust_at_t48h wind_speed_at_t48h t2m_at_t48h tp_at_t48h hour_of_day hour_sin hour_cos days_since_onset hours_since_obs storm_phase log_customers rural_urban_code is_metro pop_density n_utilities pct_forest pct_developed pct_agriculture pct_water pct_wetland pct_unmapped pct_forest_classified tree_canopy_pct tree_canopy_std forest_x_customers window_len_next_1h is_full_next_1h tp_rate_next_1h gust_gt30_frac_next_1h has_weather_at_t1h window_len_next_6h is_full_next_6h tp_rate_next_6h gust_gt30_frac_next_6h has_weather_at_t6h window_len_next_24h is_full_next_24h tp_rate_next_24h gust_gt30_frac_next_24h has_weather_at_t24h window_len_next_48h is_full_next_48h tp_rate_next_48h gust_gt30_frac_next_48h has_weather_at_t48h N_nonzero_frac_obs R_nonzero_frac_obs P_mean_last24_obs D_mean_last24_obs N_mean_last24_obs R_mean_last24_obs flow_balance_last24_obs restoration_ratio_obs P_D_gap_last_obs hours_since_P_peak_obs hours_since_N_peak_obs hours_since_R_peak_obs first_material_N_hour_obs first_material_R_hour_obs P_trend_last24_obs D_trend_last24_obs P_post_peak_slope_obs P_active_frac_obs has_material_P_obs has_material_N_obs has_material_R_obs gust_excess30_sum_obs N_per_gust_excess_obs P_change_per_gust_excess_obs gust_to_N_best_corr_obs gust_to_N_best_lag_obs gust_at_first_material_N_obs
feature_infos=[0:0.55230000000000001] [0:0.82424180700000005] [0:0.065400654000000003] [0:0.90465771100000003] [0:0.058582058999999999] [0:82.420000000000002] [4.1666666666666669e-06:0.26529999999999998] [0.0001:0.65049999999999997] [1.9982631347136334e-05:0.22470370552747407] [0.00083333333333333328:39.644861111111112] [0.02:100] [3.1208333333333337e-06:0.018623942125000001] [7.4900000000000005e-05:0.37916412199999999] [3.1208333333333337e-06:0.017093115180555556] [7.4900000000000005e-05:0.18675781699999999] [0:0.38653749999999998] [0:100] [0:0.59799999999999998] [0:0.20940416666666664] [-0.055854285714285697:0.019237142857142855] [0:1] [0:0.95833333333333337] [0:71] [13.03611111111111:31.258333333333326] [29.100000000000001:70] [0:35] [0:17] [938.59999999999991:2250.5999999999995] [3.8999999999999999:47.5] [15.4:64.5] [-6.477142857142856:3.3114285714285714] [0.59999999999999998:58.299999999999997] [0:38] [-0.99999999953664132:0.99999999987412524] [-0.99999999369183823:1] [259.42265909999998:298.4303941] [257.33913039999999:289.74666669999999] [0:11.300000000000001] [0:11.300000000000001] [0:2.52] [0:0.089999999999999997] [15:100] [0:2.5] [0.16700000000000001:0.52300000000000002] [10:3015] [0:100] [0:100] [0:100] [0:100] [884.60000000000002:1027.2] [986.70000000000005:1031.8] [0:863] [0:737] [0:463] [0:0.59999999999999998] [-13.727340900000002:25.280394100000024] [-15.81086959999999:16.596666700000014] [0:1] [0:28.299999999999997] [0.19259999999999999:23.550000000000001] [0:1] [0.80000000000000004:3819.7999999999997] [0:107.59999999999999] [0:47.100000000000001] [0:1689.7999999999997] [1.2:58.299999999999997] [0.89999999999999991:54.5] [0:38] [0:14.699999999999999] [259.42265909999998:298.21689659999998] [0:2] [0:2] [0.89999999999999991:54.5] [2.7999999999999998:58.299999999999997] [2.0571428571428569:49.328571428571429] [0.40000000000000002:38] [0:26.699999999999999] [259.42265909999998:296.40927479999999] [0:7] [0:7] [2.5999999999999996:52.550000000000004] [8.3000000000000007:58.299999999999997] [4.5520000000000005:43.052] [5:38] [0:34.399999999999999] [259.42265909999998:286.57337899999999] [0:25] [0:19] [7.5:52.550000000000004] [10.1:58.299999999999997] [5.3392857142857135:37.897959183673471] [5.2000000000000002:38] [0:37.399999999999999] [259.42265909999998:282.77648069999998] [0:42] [0:22] [9.375:52.550000000000004] [-24.299999999999997:28.199999999999999] [-32:33.399999999999999] [-6.1999999999999318:10.599999999999909] [-10.899999999999977:14.599999999999909] [-20.027499999999975:21.845291299999985] [-15.300000000000001:28.000000000000004] [347.09999999999997:4155.3000000000002] [0:40.299999999999997] [0:61] [0.59999999999999998:58.299999999999997] [0:38] [259.42265909999998:298.4303941] [0:11.300000000000001] [0.90000000000000002:58.299999999999997] [0:38] [259.42265909999998:298.4303941] [0:11.300000000000001] [0.90000000000000002:58.299999999999997] [0:38] [259.42265909999998:298.4303941] [0:11.300000000000001] [0.90000000000000002:53.799999999999997] [0:33.799999999999997] [259.42265909999998:296.58327589999999] [0:11.300000000000001] [0:23] [-1:1] [-1:1] [1:5] [1:120] [0:3] [7.1180162044653335:13.453719692845613] [1:9] [0:1] [8.3691524328166658:11939.655837338518] [1:11] [0.96999999999999997:88.719999999999999] [2.21:86.629999999999995] [0.080000000000000002:87.469999999999999] [0.01:5.5099999999999998] [0:16.82] [1.8899999999999999:17.02] [0.98868616858628067:95.299005138296707] [2.2000000000000002:81.680000000000007] [12.65:40.350000000000001] [8.0679963363985543:931.7442536362413] none none [0:7.3499999999999996] [0:1] none none none [0:3.8142857142857141] [0:1] none none none [0:1.3759999999999999] [0:1] none [25:49] [0:1] [0:0.76326530612244892] [0:0.8571428571428571] [0:1] [0.041666666666666664:0.80555555555555558] [0.041666666666666664:0.90277777777777779] [0:0.33157778683333333] [0:0.2415728110416667] [0:0.05185222787499999] [0:0.036813731041666665] [-2.7300916666667119e-05:0.03421760770833332] [0.013031417634099374:6.5416667824977583] [-0.14113178900000001:0.088746481000000002] [0:71] [0:71] [0:70] [0:68] [0:71] [-0.00035191936000000026:0.052080195401739138] [-0.0001288437365217392:0.043438201510000003] [-0.12208507408333331:0.00066816548250572968] [0:0.98611111111111116] [0:1] [0:1] [0:1] [0:446.30000000000001] [1.2346153846153842e-05:0.021449622666666654] [-0.0026323566314935061:0.0032034721433531746] [-0.25886629144625328:0.74936202470774849] [0:3] [3.2000000000000002:60.600000000000001]
tree_sizes=3441 3531 3566 3538 3507 3531 3534 3536 3552 3490 3506 3528 3536 3511 3560 3511 3542

Tree=0
num_leaves=31
num_cat=0
split_feature=133 84 0 126 126 104 169 61 133 50 166 180 84 136 6 116 184 169 88 84 84 174 172 6 83 99 129 4 77 88
split_gain=2.28141 2.4657 2.02818 2.32653 0.501862 0.467999 0.219716 0.199346 0.191771 0.334892 0.301873 0.0978921 0.0744299 0.0890637 0.0731033 0.0730958 0.0723777 0.0542827 0.0586876 0.0485613 0.044784 0.0608761 0.0435962 0.0324976 0.0324555 0.0313559 0.0309957 0.0287994 0.0259365 0.0253741
threshold=88.200000000000003 7.7500000000000018 0.20185000000000003 18.500000000000004 39.500000000000007 5.7500000000000018 0.006154154770833334 365.4500000000001 79.305000000000021 1007.2500000000001 0.008135649083333335 0.27083333333333343 7.5500000000000016 0.025000000000000005 0.00048125000000000007 293.38661675000009 9.2000000000000046 0.0017832287916666665 49.875000000000007 0.55000000000000016 19.850000000000005 32.000000000000007 5.5000000000000009 0.013558333333333335 18.550000000000004 1.7500000000000002 3.5000000000000004 0.018761746000000006 285.04494945000005 32.862500000000004
decision_type=2 2 2 2 2 2 2 2 2 2 2 2 2 2 2 2 2 2 2 2 2 10 10 2 2 2 2 2 2 2
left_child=2 19 5 -4 -5 6 8 11 15 10 29 23 -7 -14 -11 17 -17 18 20 -2 27 -22 -9 -8 -6 -13 -20 -1 -16 -10
right_child=1 -3 3 4 24 12 7 22 9 14 -12 25 13 -15 28 16 -18 -19 26 -21 21 -23 -24 -25 -26 -27 -28 -29 -30 -31
leaf_value=0.0097335791819876116 0.0097735308164921368 0.018864849963530331 0.017181406376624915 0.012810265029998255 0.0096977394057499253 0.0096143574810151847 0.011041363257218339 0.0098983525772680589 0.011290210248556518 0.011358041307557134 0.013883406630372946 0.011306510857941187 0.011627000701102886 0.0099268313353957933 0.0097010255661494418 0.011690833111789173 0.010213413285743076 0.010155862789154082 0.011218289050074557 0.011391567669922125 0.0098695539807512923 0.011071548472071525 0.010783116310539829 0.0099944214543863201 0.010544546263266534 0.012362995575701934 0.01005125650295074 0.010570541453218127 0.010362198397938342 0.010139522077223675
leaf_weight=4886.4352105855942 124.86735582351685 150.64352643489838 192 246 287.89617466926575 9523.2316414117813 188.28905773162842 516.88183403015137 111.90381228923798 97.576905012130737 127.44056951999664 162.31657063961029 83.313599586486816 885.26528203487396 487.89853298664093 92.010962247848511 897.37336087226868 1598.0325953960419 109.49263870716095 69.816175580024719 313.6163409948349 154.29168426990509 187.74925327301025 107.68579721450806 183.99721193313599 197.99284279346466 100.20139145851135 99.525748372077942 204.57800436019897 100.83989155292511
leaf_count=4239 108 55 64 82 251 9173 71 382 47 62 47 63 39 692 433 47 557 984 53 34 241 72 74 68 74 70 66 75 128 62
internal_value=0.0100569 0.0140835 0.00999373 0.0123037 0.0109841 0.00989441 0.010126 0.0107196 0.0100404 0.0106502 0.0119595 0.0113463 0.00965684 0.0100694 0.0100784 0.00995615 0.0103574 0.00990076 0.00982789 0.0103321 0.00979567 0.0102566 0.0101277 0.0106447 0.0100388 0.0119057 0.0106395 0.00975139 0.00990372 0.0107711
internal_weight=22489.2 345.327 22143.8 909.893 717.893 21233.9 10742.1 1360.92 9381.22 1130.24 340.184 656.284 10491.8 968.579 790.053 8250.98 989.384 7261.6 5663.56 194.684 5453.87 467.908 704.631 295.975 471.893 360.309 209.694 4985.96 692.477 212.744
internal_count=18413 197 18216 471 407 17745 7841 728 7113 779 156 272 9904 731 623 6334 604 5730 4746 142 4627 313 456 139 325 133 119 4314 561 109
is_linear=0
shrinkage=1


Tree=1
num_leaves=31
num_cat=0
split_feature=133 84 0 126 126 104 169 177 62 61 84 136 180 84 84 136 189 89 126 104 101 1 138 126 172 4 75 19 6 160
split_gain=2.06028 2.23173 1.83153 2.10237 0.428245 0.422879 0.198368 0.206189 0.228559 0.18011 0.123718 0.174317 0.088394 0.079645 0.0671945 0.0804752 0.0478718 0.0465802 0.0562915 0.0669701 0.0688174 0.0583518 0.0571175 0.0474906 0.0393778 0.038843 0.0345006 0.0335036 0.0294565 0.0253735
threshold=88.200000000000003 8.8500000000000032 0.20185000000000003 19.500000000000004 41.500000000000007 5.7500000000000018 0.006154154770833334 -0.0001209874360869566 34.550000000000004 365.4500000000001 19.850000000000005 0.05000000000000001 0.27083333333333343 1.0500000000000005 7.5500000000000016 0.025000000000000005 27.800000000000004 38.050000000000004 34.500000000000007 5.3500000000000014 7.5977940500000054 0.072925425000000016 4.6100000000000003 11.500000000000002 5.5000000000000009 0.021025441500000002 5.8500000000000005 -2.5714285714285711e-05 0.013558333333333335 0.18265306122448982
decision_type=2 2 2 2 2 2 2 2 2 2 2 2 2 2 2 2 8 2 2 2 2 2 2 2 10 2 2 2 2 2
left_child=2 13 5 -4 -5 6 7 8 -1 12 17 -12 28 -2 -7 -16 27 -9 19 20 21 23 -22 -19 -11 26 -25 -13 -8 -14
right_child=1 -3 3 4 -6 14 9 10 -10 24 11 16 29 -15 15 -17 -18 18 -20 -21 22 -23 -24 25 -26 -27 -28 -29 -30 -31
leaf_value=3.4911759770300051e-05 -0.00026033468468299328 0.0086216179787095542 0.0066357887860867054 0.002476142315863399 -7.1110189003571612e-05 -0.000423712650442259 0.00093220432816470326 -0.00032694858732204454 0.0035820496835689375 -0.00015393060126323369 0.0025592525193454257 0 0.0021565104235619476 0.0017762342575092756 0.0014892298163558027 -0.0001268676672660758 -0.00016440359639970816 -0.00039578023964522042 -0.00027647181106307014 0.0013865168327277136 0.001723811689834471 0.00034978975797056862 0.00014874361651401248 0.00090990172162879661 0.00068680206654138192 0.00097963765052348425 -7.3842917284479997e-05 0.0011410291728609794 -6.2679864040789858e-05 0.0011852667992972581
leaf_weight=106.83265435695648 132.07850241661072 141.64352643489838 201 255 453.89338660240173 9523.2316414117813 188.28905773162842 1855.1960244178772 81.944313526153564 516.88183403015137 96.509261727333069 96.690667271614075 204.28331804275513 71.605028986930847 83.313599586486816 885.26528203487396 301.48625993728638 1048.6156342029572 1858.2226407527924 90.645706295967102 103.60508739948273 839.26572632789612 145.98308515548706 91.173290133476257 187.74925327301025 96.963766813278198 2389.7545144557953 178.32901585102081 107.68579721450806 156.02609539031982
leaf_count=75 112 52 67 85 319 9173 71 1657 28 382 40 67 74 33 39 692 224 951 1548 54 48 403 86 57 74 53 1744 78 68 59
internal_value=-3.0593e-06 0.00382337 -6.31272e-05 0.00213194 0.00084033 -0.000157519 6.2598e-05 -1.87455e-05 0.00161176 0.000626597 -5.29453e-05 0.000598068 0.00122239 0.000436374 -0.000383349 8.37881e-06 0.000257237 -0.000105025 -4.24555e-05 4.70245e-05 1.99261e-05 -2.42241e-05 0.000826784 -0.000112231 6.3653e-05 1.27859e-06 -3.5324e-05 0.00073649 0.000554403 0.00175421
internal_weight=22489.2 345.327 22143.8 909.893 708.893 21233.9 10742.1 9381.22 188.777 1360.92 9192.44 673.015 656.284 203.684 10491.8 968.579 576.506 8519.43 6664.23 4806.01 4715.36 4465.77 249.588 3626.51 704.631 2577.89 2480.93 275.02 295.975 360.309
internal_count=18413 197 18216 471 404 17745 7841 7113 103 728 7010 409 272 145 9904 731 369 6601 4944 3396 3342 3208 134 2805 456 1854 1801 145 139 133
is_linear=0
shrinkage=0.05


Tree=2
num_leaves=31
num_cat=0
split_feature=133 155 0 126 126 103 180 91 137 1 99 74 86 43 100 170 22 0 170 169 58 74 36 92 83 28 92 137 137 2
split_gain=1.86073 2.01793 1.65354 1.9022 0.409765 0.387451 0.228675 0.334673 0.301195 0.227404 0.143214 0.0614586 0.0882634 0.0721523 0.0799094 0.0658354 0.0526296 0.0518089 0.0421589 0.0491201 0.0716324 0.0408886 0.0312185 0.0307617 0.0286755 0.0257562 0.0373956 0.0205603 0.0190272 0.0695034
threshold=88.200000000000003 0.31000000000000011 0.20185000000000003 18.500000000000004 39.500000000000007 2023.7500000000002 0.25694444444444448 16.050000000000004 1.0000000180025095e-35 0.13643709050000002 0.64999999999997737 24.021428571428579 1.5000000000000002 0.37850000000000006 1.5499999999999547 0.99761568644753729 8.5000000000000018 0.078550000000000009 0.58754946947026276 4.2604166666522076e-08 0.84999999999999976 20.657142857142862 283.3821838500001 15.650000000000004 18.350000000000005 36.250000000000007 13.350000000000003 0.025000000000000005 0.055000000000000007 0.0014317860000000002
decision_type=2 2 2 2 2 2 2 2 2 2 2 2 2 2 2 2 2 2 2 2 2 2 2 2 2 2 2 2 2 2
left_child=2 21 5 -4 -5 6 11 8 -8 18 23 12 17 15 -15 -14 -17 -1 -9 20 -20 -2 -10 -11 -6 -21 -27 -13 29 -7
right_child=1 -3 3 4 24 28 7 9 22 10 -12 27 13 14 -16 16 -18 -19 19 25 -22 -23 -24 -25 -26 26 -28 -29 -30 -31
leaf_value=-0.00038772129986344511 -0.00027597542753870049 0.007959235889651143 0.0064367606371177905 0.0024820743998897224 -0.00034511967641303888 -0.00032660954538157351 0.0038247185724167459 0.00038258118353253374 4.974653410290594e-05 0.00079039126951510608 0.0019666217852295637 4.5786444719235462e-05 -0.00016785298104166936 0.00021087842450873761 0.0015581606672733078 0.0013180295143854145 0.00021920128171382401 0.00046293755232647266 -2.3472236384547107e-05 -0.00019276795448520425 0.0017858721507579894 0.0012053103803725666 0.0012873264852884697 -4.9896276854425193e-05 0.00044920399773974685 -9.5527996112367702e-05 0.00099084778677035286 -0.00032275423480993372 -0.00042798470518422413 0.00094044370415700485
leaf_weight=1444.9776723384857 124.29296469688416 150.64352643489838 192 246 285.92892944812775 1345.9762471914291 121.3729772567749 662.54211223125458 110.94900393486023 261.15251183509827 255.41315758228302 403.0365184545517 1242.4877856969833 297.17564451694489 184.60417079925537 134.88665175437927 653.34366858005524 198.33985304832458 137.97433602809906 2138.4590888023376 84.238554358482361 70.39056670665741 109.79604065418243 167.99888491630554 185.96445715427399 217.08400535583496 117.79343390464783 3169.8853675127029 7659.3812643289566 115.07457625865936
leaf_count=1361 108 55 64 82 250 1232 41 305 70 104 91 285 934 188 90 80 403 90 93 1714 33 34 42 106 75 137 51 2775 7432 88
internal_value=-2.72825e-06 0.00363367 -5.98241e-05 0.00202584 0.00083188 -0.000149523 3.54267e-05 0.000324129 0.00182515 0.000195445 0.00102549 -0.000127738 1.81339e-06 0.000189335 0.000739633 5.60178e-05 0.000415006 -0.000281791 2.44935e-05 -6.17763e-05 0.000644959 0.000237475 0.000690882 0.000450471 -2.12302e-05 -0.000127528 0.000273532 -0.000279782 -0.000395694 -0.00022282
internal_weight=22489.2 345.327 22143.8 909.893 717.893 21233.9 12113.5 4384.77 342.118 4042.66 684.565 7728.74 4155.82 2512.5 481.78 2030.72 788.23 1643.32 3358.09 2695.55 222.213 194.684 220.745 429.151 471.893 2473.34 334.877 3572.92 9120.43 1461.05
internal_count=18413 197 18216 471 407 17745 8993 2787 153 2634 301 6206 3146 1695 278 1417 483 1451 2333 2028 126 142 112 210 325 1902 188 3060 8752 1320
is_linear=0
shrinkage=0.05


Tree=3
num_leaves=31
num_cat=0
split_feature=133 84 0 126 126 103 180 131 94 0 99 84 74 156 43 93 29 170 170 22 84 0 83 92 5 24 105 41 137 137
split_gain=1.68039 1.83002 1.49327 1.71731 0.373048 0.350008 0.206526 0.287404 0.371982 0.188461 0.122455 0.0649887 0.0555284 0.0796971 0.0652161 0.0697151 0.0633039 0.0595178 0.0485008 0.0474629 0.0473377 0.0468257 0.0343933 0.0304244 0.0259108 0.0252138 0.0280284 0.0190379 0.0188079 0.0171343
threshold=88.200000000000003 8.8500000000000032 0.20185000000000003 18.500000000000004 37.500000000000007 2023.7500000000002 0.25694444444444448 30.210440651388549 10.500000000000002 0.11260000000000002 0.64999999999997737 1.0500000000000005 24.021428571428579 0.060000000000000005 0.37850000000000006 270.63751745000008 32.650000000000013 0.99761568644753729 0.7254595751840679 8.5000000000000018 16.950000000000006 0.078550000000000009 18.650000000000002 15.650000000000004 8.2900000000000009 46.750000000000007 11.500000000000002 41.500000000000007 1.0000000180025095e-35 0.055000000000000007
decision_type=2 2 2 2 2 2 2 2 2 2 2 2 2 2 2 2 2 2 2 2 2 2 2 2 2 2 2 2 2 2
left_child=2 11 5 -4 -5 6 12 8 -8 18 23 -2 13 21 17 -16 -17 -15 20 -19 24 -1 -6 -11 -9 26 -20 -10 -14 -7
right_child=1 -3 3 4 22 29 7 9 27 10 -12 -13 28 14 15 16 -18 19 25 -21 -22 -23 -24 -25 -26 -27 -28 -29 -30 -31
leaf_value=-0.0003683486405733048 -0.00024246098099510124 0.0077983873075545794 0.006116590149353205 0.0025059248341078111 -0.00031023530108610739 -0.00021148669385606187 0.0036194739894106474 -1.6931025662455187e-05 -5.3783535931173182e-05 0.00081613088478186429 0.0019212557487182412 0.0015954282248052153 0.00017962130008161351 -0.00015946707849336193 0.00017068592994524869 0.0023053995805054979 0.00045674290809955237 0.0012526129587938839 -0.0001851493593711399 0.0002082579697729644 0.0011819552484808628 0.00043990677568669489 0.00053106384071158793 -4.7416229360652102e-05 0.00045501669085876422 -0.00020952707269125808 0.00057638229060905381 0.0008051432357130472 -0.00029487276201109214 -0.00040658826551772807
leaf_weight=1444.9776723384857 132.07850241661072 141.64352643489838 192 219 295.02953791618347 1461.0508234500885 144 705.45395147800446 113.51029276847839 223.22354125976562 224.43683385848999 71.605028986930847 208.61659836769104 1242.4877856969833 279.91074287891388 100.9665447473526 100.90252768993378 134.88665175437927 223.22055530548096 653.34366858005524 129.98020756244659 198.33985304832458 203.86384868621826 167.99888491630554 471.99826169013977 1612.9686198234558 245.03789973258972 122.94505846500397 3364.3052875995636 7659.3812643289566
leaf_count=1361 112 52 64 73 254 1320 48 457 75 87 75 33 138 934 178 43 57 80 189 403 63 90 80 106 209 1298 115 65 2922 7432
internal_value=-2.41009e-06 0.00345327 -5.66797e-05 0.00192532 0.000790466 -0.000141932 3.38355e-05 0.000308216 0.00162131 0.000181835 0.000986127 0.00038386 -0.000121203 1.88167e-06 0.000180129 0.000703353 0.00141282 5.32506e-05 3.39861e-05 0.00039467 0.000273666 -0.000267547 2.3919e-05 0.000433383 0.000168239 -0.000114239 0.000203081 0.000373269 -0.000265726 -0.000375909
internal_weight=22489.2 345.327 22143.8 909.893 717.893 21233.9 12113.5 4384.77 380.455 4004.32 615.659 203.684 7728.74 4155.82 2512.5 481.78 201.869 2030.72 3388.66 788.23 1307.43 1643.32 498.893 391.222 1177.45 2081.23 468.258 236.455 3572.92 9120.43
internal_count=18413 197 18216 471 407 17745 8993 2787 188 2599 268 145 6206 3146 1695 278 100 1417 2331 483 729 1451 334 193 666 1602 304 140 3060 8752
is_linear=0
shrinkage=0.05


Tree=4
num_leaves=31
num_cat=0
split_feature=0 126 139 128 50 126 126 169 84 135 120 169 84 114 85 116 184 49 2 189 29 187 41 33 124 84 176 88 83 141
split_gain=1.27473 1.55037 0.639107 1.05828 1.80325 0.337141 0.246975 0.170126 0.160215 0.230696 0.14658 0.0881264 0.0791672 0.0647032 0.0818098 0.0546071 0.0599991 0.0487362 0.0382093 0.0423163 0.0323803 0.0313041 0.0305183 0.0281102 0.0388451 0.0472627 0.0570107 0.0230466 0.0214174 0.0205361
threshold=0.20185000000000003 18.500000000000004 87.760506709764101 8.3844366951598737 1008.35 40.500000000000007 59.500000000000007 0.006154154770833334 10.350000000000003 5.1500000000000012 272.53864985000007 -5.1577708333332841e-06 1.0500000000000005 31.950000000000003 273.9036059500001 293.38661675000009 9.2000000000000046 978.35000000000002 0.00020991850000000003 21.000000000000004 52.70000000000001 0.56090863899570798 49.500000000000007 0.56920280085035257 0.91597561503675351 7.1500000000000021 8.5000000000000018 34.162500000000016 18.350000000000005 38.590000000000011
decision_type=2 2 2 2 2 2 2 2 2 2 10 2 2 2 2 2 2 2 2 10 2 2 2 2 2 2 10 2 2 2
left_child=2 -2 6 4 -4 -3 7 11 13 -10 21 -1 -6 -5 -15 18 -17 -12 20 22 23 -9 -20 -13 -25 -26 -27 -22 -7 -18
right_child=1 5 3 8 12 28 -8 10 9 -11 17 15 -14 14 -16 16 29 -19 19 -21 27 -23 -24 24 25 26 -28 -29 -30 -31
leaf_value=0.0014487538970080083 0.0058123453934266775 0.0022075645322911443 0.0080261338478702267 -0.00022081974281328403 -0.00023042904250707022 -0.00032381054818516502 -0.0003665901382188234 0.00045490477510748802 0.00034422484005770337 0.0028371667164052627 0.0016982024266143599 -0.00029762665867261135 0.001676684433757203 0.0018674031548854908 -0.0002160824227717598 0.0014654085284910609 2.4029078702199708e-05 0.00064043787100754375 6.7850499713499065e-05 -2.4424687159619355e-05 0.00095017350412425873 -0.00018425480335291998 0.0012764511335759589 -0.00018396898422844501 -0.00012197277830155026 -9.9518066642370487e-05 0.0014712700006585756 0 0.00036905799904647218 0.00073729551276490368
leaf_weight=91.95296847820282 192 255 126 1022.4192805290222 132.07850241661072 282.92892944812775 8679.5336385965347 345.8293137550354 361.62938392162323 126.93859934806824 259.92218494415283 4041.746369600296 87.248555421829224 89.883960962295532 89.678207874298096 92.010962247848511 800.22716677188873 224.85169219970703 112.77134370803833 1605.9115467071533 93.640385389328003 414.6475270986557 114.32375276088715 1837.2629864215851 267.70575559139252 88.292072653770447 139.56851148605347 215.63741338253021 179.96445715427399 117.55850291252136
leaf_count=42 64 85 42 886 112 249 8365 162 199 60 88 3547 43 37 74 47 516 97 74 1133 35 313 55 1474 207 67 75 133 73 59
internal_value=-2.133e-06 0.00182981 -7.96903e-05 0.000762717 0.00328192 0.000751132 -0.000167736 -8.38481e-06 0.000243529 0.00100662 0.000540768 -8.00481e-05 0.000509696 -6.30668e-05 0.000803729 -9.54797e-05 0.000250262 0.0012202 -0.000137084 6.3073e-05 -0.000192725 0.000100055 0.000701131 -0.000217433 -7.62824e-05 0.000312452 0.000842994 0.000299476 -4.34427e-05 0.000121536
internal_weight=22489.2 909.893 21579.3 2035.88 345.327 717.893 19543.4 10863.9 1690.55 488.568 1245.25 9618.61 219.327 1201.98 179.562 9526.66 1009.8 484.774 8516.86 1833.01 6683.85 760.477 227.095 6374.58 2332.83 495.566 227.861 309.278 462.893 917.786
internal_count=18413 471 17942 1453 197 407 16489 8124 1256 259 660 7464 155 997 111 7422 622 185 6800 1262 5538 475 129 5370 1823 349 142 168 322 575
is_linear=0
shrinkage=0.05


Tree=5
num_leaves=31
num_cat=0
split_feature=0 126 133 36 126 126 180 91 1 138 49 61 85 119 92 84 175 170 29 34 45 96 138 74 88 81 104 63 45 84
split_gain=1.41166 1.67527 1.23134 1.4371 0.290593 0.275484 0.188399 0.363706 0.168731 0.155576 0.151776 0.114719 0.062581 0.0760018 0.0402448 0.0397225 0.0815229 0.0393913 0.0332306 0.0359629 0.0287852 0.0252111 0.0230916 0.0267526 0.0544135 0.0259056 0.0207361 0.0198556 0.0196952 0.0150293
threshold=0.20185000000000003 19.500000000000004 88.200000000000003 277.66645610000006 63.500000000000007 39.500000000000007 0.25694444444444448 16.050000000000004 0.13643709050000002 5.9500000000000002 978.85000000000002 345.05000000000007 281.04897725000006 7.5500000000000007 12.150000000000004 17.050000000000004 19.500000000000004 0.58754946947026276 52.000000000000007 0.0074243643310596104 87.500000000000014 52.287500000000009 10.875000000000002 22.507142857142863 32.562500000000007 53.850000000000001 12.150000000000004 7.9737 96.500000000000014 9.3500000000000032
decision_type=2 2 2 2 2 2 2 2 2 2 2 2 2 10 2 2 10 2 2 2 2 2 2 2 2 2 2 2 2 2
left_child=2 -2 4 10 6 -3 12 9 15 -8 -4 28 18 -14 20 17 -17 27 22 -20 -15 -19 25 24 -24 -1 -7 -9 -10 -13
right_child=1 5 3 -5 -6 26 7 8 11 -11 -12 29 13 14 -16 16 -18 21 19 -21 -22 -23 23 -25 -26 -27 -28 -29 -30 -31
leaf_value=-0.00024892011553290857 0.0055843528379397149 0.0020396065935190874 0.0025088025108252958 0.0077275484140764536 -0.00035042400313841016 0.00035822444447897758 0.0028017270073313776 0.00047384614946374844 0.0018229561013344269 0.00066985512232185177 -0.00015723391912732051 0.00047316603750108461 0.0019241893634134467 0.00014035187682744031 -0.00019425844607355775 1.2508659832916232e-05 0.0016365798263986908 -0.00017188624618365785 -0.00021865238382567226 0.00068409765503933901 0.0013301205312230098 0.00069900246799704802 -0.00030602861974662752 -0.00020840807386746831 0.00090317487313969008 0.00039920916534623538 -0.00030767485418246507 -0.00010133989308202119 0.00096205396883173016 -0.00014064214782407564
leaf_weight=5746.1926472187042 231 246 76.896050214767456 105.21023941040039 8764.3463442325592 203.93868339061737 187.6459584236145 457.74051511287689 206.29405379295349 171.93928670883179 159.68451309204102 235.63329946994781 67.806311011314392 132.29872894287109 330.12606966495514 282.04753994941711 108.87576150894165 2498.4292670488358 200.0207611322403 228.88721513748169 94.765782952308655 82.976876616477966 158.41992270946503 434.28400254249573 208.70671319961548 151.73892164230347 269.31719148159027 203.49768304824829 155.09890842437744 154.75389015674591
leaf_count=4912 77 82 30 38 8456 86 69 188 71 76 127 99 40 75 263 187 53 1990 155 88 45 39 139 348 99 97 236 134 63 104
internal_value=1.25309e-06 0.00188656 -8.15231e-05 0.0028907 -0.00012967 0.000685905 2.47496e-05 0.000273201 0.000146413 0.0018009 0.000695178 0.000827765 -0.000126672 0.000350099 0.000146482 3.87727e-06 0.000480607 -5.21848e-05 -0.000169219 0.000251941 0.000662483 -0.000141696 -0.000196963 4.97228e-05 0.000368392 -0.000231333 -1.00278e-05 0.000289395 0.00147095 0.000217333
internal_weight=22554.6 950.256 21604.3 341.791 21262.5 719.256 12498.2 4744.93 4385.35 359.585 236.581 751.78 7753.25 624.997 557.191 3633.57 390.923 3242.64 7128.25 428.908 227.065 2581.41 6699.34 801.411 367.127 5897.93 473.256 661.238 361.393 390.387
internal_count=18466 481 17985 195 17790 404 9334 3073 2928 145 157 337 6261 423 383 2591 240 2351 5838 243 120 2029 5595 586 238 5009 322 322 134 203
is_linear=0
shrinkage=0.05


Tree=6
num_leaves=31
num_cat=0
split_feature=0 126 133 84 103 126 133 118 166 169 100 15 116 103 49 137 84 4 83 84 29 28 97 22 2 104 23 108 2 120
split_gain=1.27474 1.51226 1.11235 1.30245 0.267025 0.249071 0.164107 0.223099 0.269369 0.177962 0.111057 0.0496248 0.0486204 0.0609896 0.0475236 0.0441962 0.0436616 0.0404751 0.0343934 0.0275363 0.0337318 0.0269732 0.0234907 0.0221638 0.0220706 0.0215402 0.0210105 0.0188965 0.0177395 0.088214
threshold=0.20185000000000003 19.500000000000004 88.200000000000003 8.8500000000000032 2011.5500000000002 38.500000000000007 79.305000000000021 16.150000000000002 0.008135649083333335 0.006154154770833334 0.19999999999998866 0.0006895833333333335 293.38661675000009 602.95000000000016 969.1500000000002 1.4200000000000002 1.0500000000000005 0.0019396380000000003 35.800000000000004 19.250000000000007 30.150000000000002 44.050000000000004 4.9000000000000021 5.5000000000000009 0.010714564500000001 11.850000000000003 24.534722222222225 281.95671020000003 0.0053583815000000012 282.97450380000004
decision_type=2 2 2 2 2 2 2 10 2 2 2 2 2 2 2 2 2 2 2 2 2 2 2 2 2 2 2 2 2 10
left_child=2 -2 4 16 6 -3 9 8 14 12 23 26 17 -14 -8 22 -4 18 19 24 27 -19 -9 -11 -1 -7 -12 -21 -6 -30
right_child=1 5 3 -5 28 25 7 15 -10 10 11 -13 13 -15 -16 -17 -18 21 -20 20 -22 -23 -24 -25 -26 -27 -28 -29 29 -31
leaf_value=-0.00027881598600244692 0.005306338875650846 0.0019878677828831875 -0.00019544156929191686 0.0067122440020078418 -0.00034236516809277133 0.00038521690384479634 0.00022746576542201905 -0.00026571116001418063 0.0029691091716258933 -8.3838875347345599e-05 0.0010501452222103547 0.0015848433377330471 0.0014620366351840994 9.350865597520486e-05 0.0014028344890863679 0.00088725914940440394 0.0012534522453367752 -1.7834033568223009e-05 0.00079848530511110168 0.0010393923903283617 -0.00022733890627624328 0.00061864804251294723 0.00076687661277161697 0.0006621918643096099 0.00049368912047761243 -0.00028568818707431105 0.00022200739634934481 0.0001446743229031891 -0.00026337946692260318 0.0017843669095774139
leaf_weight=5298.8503129482269 231 234 134.03156888484955 128.21023941040039 8705.1210134029388 209.88606595993042 302.84032022953033 609.19227290153503 168.15555548667908 490.62428736686707 156.47799277305603 244.78237783908844 90.869719505310059 826.15213668346405 127.83771252632141 115.44660139083862 79.548994421958923 2194.2122436761856 79.732906103134155 102.49659371376038 376.07807445526123 178.27346360683441 57.637963533401489 122.11372327804565 88.618199825286865 275.36980891227722 188.30000174045563 176.33594739437103 504.81899607181549 57.558044195175171
leaf_count=4661 77 78 112 47 8382 87 169 518 60 340 55 85 47 518 64 68 36 1527 49 43 307 77 41 44 32 239 92 103 459 49
internal_value=1.34726e-06 0.00179289 -7.7301e-05 0.00274764 -0.000123074 0.000651755 3.22965e-05 0.000544996 0.00127051 -3.39913e-05 0.000537884 0.00102771 -0.000107627 0.00023601 0.000590373 -4.91333e-06 0.00032423 -0.000145336 -0.000213367 -0.000227676 7.2426e-05 2.81264e-05 -0.000167957 5.75289e-05 -0.000265092 0 0.000614269 0.000493972 -0.000324692 -4.21269e-05
internal_weight=22554.6 950.256 21604.3 341.791 21262.5 719.256 11995 1381.11 598.834 10613.9 1202.3 589.56 9411.62 917.022 430.678 782.277 213.581 8494.6 6122.11 6042.38 654.911 2372.49 666.83 612.738 5387.47 485.256 344.778 278.833 9267.5 562.377
internal_count=18466 481 17985 195 17790 404 8900 920 293 7980 616 232 7364 565 233 627 148 6799 5195 5146 453 1604 559 384 4693 326 147 146 8890 508
is_linear=0
shrinkage=0.05


Tree=7
num_leaves=31
num_cat=0
split_feature=0 126 133 50 103 126 180 91 137 1 100 85 119 84 132 53 29 84 176 170 34 91 96 176 86 75 29 131 185 88
split_gain=1.15105 1.36509 1.00462 1.23516 0.241379 0.225251 0.168455 0.266888 0.177918 0.147297 0.0843208 0.0518078 0.0663237 0.0442151 0.0403597 0.0362068 0.0331872 0.0322095 0.0668264 0.038606 0.0242837 0.0224119 0.0211588 0.019379 0.0238311 0.0461511 0.0305233 0.0611346 0.0200809 0.016873
threshold=0.20185000000000003 19.500000000000004 88.200000000000003 1009.1500000000002 2011.5500000000002 37.500000000000007 0.25694444444444448 16.050000000000004 1.0000000180025095e-35 0.13643709050000002 0.85000000000002285 281.04897725000006 7.5500000000000007 1.0500000000000005 1.5000000000000002 202.50000000000003 52.000000000000007 17.050000000000004 23.500000000000004 0.58754946947026276 0.020150104459095163 18.550000000000004 52.287500000000009 55.500000000000007 1.5000000000000002 14.950000000000001 36.20000000000001 40.688861512415954 0.0012158859048034272 49.875000000000007
decision_type=2 2 2 2 2 2 2 2 2 2 2 2 10 2 2 2 2 2 10 2 2 2 2 8 2 2 2 2 8 2
left_child=2 -2 4 -4 6 -3 11 8 -8 17 -11 16 -13 -5 -10 -14 23 19 -19 -9 -18 -7 -21 24 -1 26 27 -26 -29 -25
right_child=1 5 3 13 -6 21 7 9 14 10 -12 12 15 -15 -16 -17 20 18 -20 22 -22 -23 -24 29 25 -27 -28 28 -30 -31
leaf_value=-0.00029786516543492262 0.0050421653479209233 0.0019399460508684409 0.006646184160131444 -0.00018574185137563526 -0.00030845090753043669 -0.00026516531022935922 0.0031655529366175009 0.00032024385754478757 0.0014619583233476405 0.00031300581553887693 0.0014477562992731207 0.0017960206024329373 -9.4599678598783198e-05 0.0012339087551766835 0.00010855857984069046 0.0008137655646808349 -0.00015011596830781705 7.6773052556261838e-05 0.0016675853517295058 -0.0001647218549505117 0.00063618036366981353 0.00040963212196184259 0.00063390448138215128 -0.00028247183257716434 0.0014671334471281616 -0.00019099806186645261 -0.000100656228034596 -5.1203210885218167e-05 0.00054204455809158118 0.00041903988582504196
leaf_weight=985.97115433216095 231 222 121.20678079128265 134.03156888484955 9267.4980536699295 282.13109040260315 120 589.04167532920837 110.34963309764862 383.14241361618042 305.92751431465149 67.806311011314392 411.8520416021347 86.55245304107666 126.74481439590454 145.33853995800018 157.91667151451111 302.23649907112122 86.373660326004028 2179.6968584060669 225.53120863437653 215.12478446960449 82.976876616477966 3134.7867575883865 121.28834855556488 1443.9794212579727 384.24535810947418 296.72889792919159 251.47432768344879 81.619423627853394
leaf_count=898 77 74 41 112 8890 245 40 270 46 187 111 40 304 42 69 79 115 202 37 1708 86 85 39 2755 55 1179 275 221 126 58
internal_value=1.47917e-06 0.0017039 -7.3245e-05 0.00261139 -0.000116756 0.000619312 3.09465e-05 0.000282508 0.00159089 0.000161958 0.000825416 -0.000108309 0.000325253 0.000351789 0.000762959 0.000134416 -0.00014731 1.91173e-05 0.000446558 -3.75144e-05 0.000299803 1.69694e-05 -0.000132959 -0.000173685 -8.97438e-05 -5.50068e-06 0.000243894 0.000448956 0.000212322 -0.000262992
internal_weight=22554.6 950.256 21604.3 341.791 21262.5 719.256 11995 4286.49 357.094 3929.4 689.07 7708.54 624.997 220.584 237.094 557.191 7083.54 3240.33 388.61 2851.72 383.448 497.256 2262.67 6700.09 3483.69 2497.72 1053.74 669.492 548.203 3216.41
internal_count=18466 481 17985 195 17790 404 8900 2709 155 2554 298 6191 423 154 115 383 5768 2256 239 2017 201 330 1747 5567 2754 1856 677 402 347 2813
is_linear=0
shrinkage=0.05


Tree=8
num_leaves=31
num_cat=0
split_feature=0 61 133 36 103 94 180 91 138 5 49 77 85 119 160 53 29 84 176 170 160 81 83 138 81 110 25 137 2 84
split_gain=1.03943 1.23234 0.907393 1.1244 0.218142 0.183911 0.146287 0.235424 0.143483 0.133901 0.102991 0.0774716 0.0456916 0.0599268 0.0342802 0.0307479 0.0303643 0.0289279 0.0576618 0.0349078 0.0208128 0.0202479 0.0183741 0.0201865 0.0271908 0.0617321 0.0174215 0.0169416 0.0780854 0.023617
threshold=0.20185000000000003 193.10000000000005 88.200000000000003 277.66645610000006 1959.8000000000002 16.500000000000004 0.25694444444444448 16.050000000000004 5.9500000000000002 13.645000000000001 978.85000000000002 277.60907575000004 281.04897725000006 7.5500000000000007 0.24795918367346945 198.50000000000003 52.000000000000007 17.050000000000004 23.500000000000004 0.58754946947026276 0.19634628044766297 57.400000000000013 35.800000000000004 10.875000000000002 35.150000000000013 14.65 15.500000000000002 0.055000000000000007 0.0053583815000000012 9.3500000000000032
decision_type=2 2 2 2 2 2 2 2 2 2 2 2 2 10 2 2 2 2 10 2 2 2 2 2 2 2 2 2 2 2
left_child=2 -2 4 10 6 -3 12 8 -8 17 -4 -11 16 -14 15 -15 22 19 26 -9 -18 -21 23 -1 -25 -26 -19 28 29 -6
right_child=1 5 3 -5 27 -7 7 9 -10 11 -12 -13 13 14 -16 -17 20 18 -20 21 -22 -23 -24 24 25 -27 -28 -29 -30 -31
leaf_value=-0.00020596982397525106 0.0046862063413394281 -6.9277780396711277e-05 0.0020335296223917033 0.0067602150588482891 -0.0002753615025428802 0.0015785591047367282 0.0026058320413897061 0.00031222286606001544 0.00043456945046400078 0.0012976163258068257 -0.00015945346773325219 0.0002054968162731203 0.0017075246817265955 0.00014093850641694889 -0.00018639807578457434 0.0014069288081490485 0.00065665891653082006 0.00055995220337521831 0.0015908290120767667 -0.00015682460561835024 -6.3537923056946537e-05 0.00057091567690160158 0.00052328019567534061 -0.00028346848593939847 0.0014396188968368332 8.4366486152782576e-06 -0.00021114222351825674 -0.00031699170412179275 0.0016123150911801377 0.0003613424274580502
leaf_weight=5579.6082285642624 243 437.53075814247131 76.896050214767456 105.21023941040039 1333.518010020256 269.72511672973633 164.67593419551849 580.17665219306946 153.46307897567749 363.95430326461792 159.68451309204102 315.74755048751831 67.806311011314392 148.67896974086761 330.12606966495514 78.385542154312134 194.73325395584106 119.91584825515747 83.373660326004028 2112.1414650678635 182.33729362487793 96.582279682159424 92.16818630695343 336.48224973678589 94.346019387245178 394.18987584114075 175.00196433067322 8048.7738472223282 60.11869215965271 156.22117447853088
leaf_count=4712 81 310 30 38 1235 90 58 264 77 131 127 161 40 86 263 34 71 60 36 1655 124 45 64 292 40 267 136 7787 52 100
internal_value=1.55606e-06 0.00161934 -6.94418e-05 0.00248194 -0.000110805 0.000553437 3.40968e-05 0.000271975 0.00157877 0.00016222 0.000537848 0.000798678 -9.73778e-05 0.000309191 0.000127311 0.000604151 -0.000135111 2.38448e-05 0.000434415 -3.01891e-05 0.000295927 -0.000122496 -0.00016094 -0.000171647 5.4394e-05 0.000297416 8.63268e-05 -0.000287389 -0.000130329 -0.000205042
internal_weight=22554.6 950.256 21604.3 341.791 21262.5 707.256 11663.9 4165.03 318.139 3846.89 236.581 679.702 7498.86 624.997 557.191 227.065 6873.87 3167.19 378.291 2788.9 377.071 2208.72 6496.79 6404.63 825.018 488.536 294.918 9598.63 1549.86 1489.74
internal_count=18466 481 17985 195 17790 400 8616 2623 135 2488 157 292 5993 423 383 120 5570 2196 232 1964 195 1700 5375 5311 599 307 196 9174 1387 1335
is_linear=0
shrinkage=0.05


Tree=9
num_leaves=31
num_cat=0
split_feature=0 126 133 50 126 126 133 50 18 169 126 21 133 180 99 33 0 101 118 82 75 76 89 187 163 92 69 63 128 129
split_gain=0.93826 1.11637 0.819673 1.04201 0.199621 0.186158 0.1336 0.1852 0.154178 0.119681 0.100355 0.0907786 0.0509355 0.0482084 0.0444382 0.0408229 0.0382751 0.0373838 0.0365259 0.0302984 0.030245 0.0260594 0.0228352 0.0195809 0.0188238 0.0180614 0.0164318 0.0154459 0.0150991 0.0149646
threshold=0.20185000000000003 19.500000000000004 88.200000000000003 1009.1500000000002 63.500000000000007 39.500000000000007 79.305000000000021 1008.35 0.0042979166666666678 0.006154154770833334 19.500000000000004 0.36805555555555564 80.530000000000015 0.27083333333333343 -0.1999999999999886 0.6167783273187587 0.028450000000000003 6.9329251500000177 20.450000000000003 26.174000000000007 8.3500000000000032 2.9500000000000006 54.95000000000001 0.56090863899570798 0.43750000000000006 12.450000000000005 277.33695290000009 10.481900000000001 9.8644867814012631 7.5000000000000009
decision_type=2 2 2 2 2 2 2 2 2 2 2 2 2 2 2 2 2 2 8 2 2 2 2 2 2 2 2 2 2 2
left_child=2 -2 4 -4 6 -3 9 8 24 15 13 -10 14 -11 -9 16 -1 21 -5 28 -19 22 25 27 -8 26 -17 -12 -18 -28
right_child=1 5 3 18 -6 -7 7 12 11 10 23 -13 -14 -15 -16 17 19 20 -20 -21 -22 -23 -24 -25 -26 -27 29 -29 -30 -31
leaf_value=-0.00024034864410781159 0.0045578434327938431 0.0016700251792606557 0.0060649064928892295 0.00091600889502952267 -0.00028809076660010416 -1.3109158700329963e-05 -0.00028202036717448912 0 0.0028350340359163061 0.00041544060646591855 0.00062403498586938915 0.0010705445738385239 -0.00017265986244362143 0.0013799104783467767 0.0016495697181602995 -0.00017018534817717855 -0.00012226621151534552 0.0012780237560672727 -0.00034543016843256925 -0.0001736299097842454 0.00012098687766763735 0.00068769287019878114 0.00053858988700286776 -0.00020415542329587063 0.00061104083359140703 -0.00019352850865292368 9.7764805131796297e-05 0 0.00038754343587948286 0.00071334086756036266
leaf_weight=4803.9178005456924 231 246 121.20678079128265 113.46703493595123 8764.3463442325592 473.25587487220764 104.81462156772614 80.176304459571838 147.89958345890045 273.31581354141235 183.37506413459778 172.53319454193115 674.18991100788116 286.12707591056824 79.268563508987427 506.30800914764404 173.34410572052002 104.98902952671051 107.11698698997498 777.76853144168854 144.89644706249237 129.58676171302795 162.2535947561264 397.03736698627472 121.22500836849213 1440.5693895816803 827.5532261133194 189.89673447608948 599.86953496932983 117.26444387435913
leaf_count=4232 77 82 41 64 8456 322 87 61 50 123 73 74 545 98 52 394 124 46 90 605 81 67 95 309 47 1178 528 111 277 77
internal_value=1.65242e-06 0.0015387 -6.57906e-05 0.0023591 -0.000105115 0.000557134 2.28102e-05 0.000486853 0.00120144 -3.43813e-05 0.00040981 0.00190681 1.15546e-05 0.000919222 0.000817864 -9.52715e-05 -0.000170476 4.24769e-05 0.000282087 4.27383e-05 0.0006302 -2.26866e-06 -3.33977e-05 3.26504e-05 0.000175487 -6.73956e-05 5.44235e-05 0.000297765 0.000266783 0.000180126
internal_weight=22554.6 950.256 21604.3 341.791 21262.5 719.256 12498.2 1380.11 546.472 11118.1 1329.75 320.433 833.635 559.443 159.445 9788.32 6354.9 3433.42 220.584 1550.98 249.885 3183.54 3053.95 770.309 226.04 2891.7 1451.13 373.272 773.214 944.818
internal_count=18466 481 17985 195 17790 404 9334 916 258 8418 714 124 658 221 113 7704 5238 2466 154 1006 127 2339 2272 493 134 2177 999 184 401 605
is_linear=0
shrinkage=0.05


Tree=10
num_leaves=31
num_cat=0
split_feature=133 84 1 103 120 103 177 84 169 100 139 85 24 121 33 1 118 141 128 128 74 81 185 44 36 22 138 108 175 137
split_gain=0.866315 0.964362 0.844512 0.92052 0.318176 0.18018 0.122842 0.133874 0.115362 0.0831072 0.0647473 0.0891685 0.103902 0.060862 0.0428377 0.0405813 0.0386605 0.0344549 0.0360576 0.0341164 0.0305382 0.0293781 0.028877 0.0250484 0.0223768 0.0196405 0.018138 0.0177197 0.0173811 0.0169631
threshold=88.200000000000003 8.8500000000000032 0.30954854950000005 1328.45 276.13854995000003 1986.4500000000003 -0.0001209874360869566 13.350000000000003 0.006154154770833334 -0.19999999999987492 84.467414954242443 272.92869220000006 47.750000000000007 0.15000000000000005 0.66735264478138345 0.039655072500000006 19.350000000000005 38.860000000000007 8.3170333571082846 10.282506010043578 20.657142857142862 54.95000000000001 0.0028185082343234317 417.50000000000006 271.65474735000004 5.5000000000000009 14.535000000000002 286.12379770000007 15.500000000000002 0.055000000000000007
decision_type=2 2 2 2 10 2 2 2 2 2 2 2 2 10 2 2 10 2 2 2 2 2 10 2 2 2 2 2 8 2
left_child=2 20 5 4 -4 6 7 -1 10 25 14 12 13 27 15 -8 -5 18 -16 -11 -2 22 28 -19 -24 -10 -13 -12 -20 -7
right_child=1 -3 3 16 -6 29 8 -9 9 19 11 26 -14 -15 17 -17 -18 23 21 -21 -22 -23 24 -25 -26 -27 -28 -29 -30 -31
leaf_value=0 -0.00026932312043919537 0.00557633479164092 0.0020919540712312492 -0.00011061456091023183 0.0050874709483090938 -0.00010120298017448776 -0.00024042116589142144 0.0024612496318269978 -0.00012401962414817773 0.00028401807412833897 -0.00020569370512070538 -0.00027621190165200626 0.0018574764108094913 0.0016046333665828379 0.00094947218611456715 6.8681866548043243e-05 0.0008001594343697414 5.112721178491039e-05 8.4578656986816284e-06 0.0011060091476645 0.00093056066139525625 0.00069736762922320171 0 0.0010457809764178219 0.00091227519229214883 0.00049745629215939961 0.00048876336323087856 0.00044260855828137853 -0.00025234548019985342 -0.00028841174863801657
leaf_weight=107.44747912883759 114.83156216144562 145.31340301036835 237 414.67050814628601 153 1537.2420217990875 4545.4332166910172 107.02316558361053 450.81043457984924 202.61935806274414 222.70241725444794 480.65595674514771 150.48251283168793 79.066069722175598 97.026560664176941 1354.9551149606705 157.77239501476288 132.3998612165451 1268.0281623601913 446.47798120975494 91.173702597618103 132.07077014446259 150.95728373527527 144.04928934574127 124.53576374053955 173.65349972248077 87.71131443977356 191.02414441108704 1217.5932340621948 7823.4011533260345
leaf_count=77 101 52 79 303 51 1373 4003 38 321 103 174 420 57 33 68 830 56 92 879 156 42 69 103 70 58 65 59 92 1012 7572
internal_value=1.06152e-05 0.00247069 -2.8218e-05 0.00141931 0.00328991 -9.41476e-05 3.48614e-05 0.00121807 1.25516e-05 0.000461802 -4.21331e-05 0.000300294 0.000704403 0.000339118 -8.79661e-05 -0.000168592 0.000132644 5.61417e-05 4.99528e-06 0.000857943 0.000239497 -2.52684e-05 -6.1884e-05 0.000589334 0.00041897 4.13279e-05 -0.000148727 8.19271e-05 -0.000117337 -0.000258216
internal_weight=22541.1 351.319 22189.8 962.443 390 21227.4 11866.7 214.471 11652.3 1273.56 10378.7 1211.64 643.275 492.793 9167.05 5900.39 572.443 3266.66 2990.21 649.097 206.005 2893.19 2761.11 276.449 275.493 624.464 568.367 413.727 2485.62 9360.64
internal_count=18408 195 18213 489 130 17724 8779 115 8664 645 8019 835 356 299 7184 4833 359 2351 2189 259 143 2121 2052 162 161 386 479 266 1891 8945
is_linear=0
shrinkage=0.05


Tree=11
num_leaves=31
num_cat=0
split_feature=133 50 0 126 126 126 139 118 165 1 93 93 131 33 4 112 141 169 88 185 44 0 64 115 62 189 187 88 1 30
split_gain=0.782329 0.887688 0.76275 0.885253 0.218146 0.165068 0.117037 0.133396 0.197402 0.100841 0.101411 0.0528362 0.0473595 0.0461278 0.0471919 0.0386865 0.0372949 0.0311485 0.0275196 0.0278183 0.0225112 0.0213146 0.0194754 0.0164323 0.0161305 0.0159174 0.0153191 0.0138122 0.0134098 0.0203667
threshold=88.200000000000003 1008.0500000000001 0.20185000000000003 15.500000000000002 37.500000000000007 65.500000000000014 84.467414954242443 15.050000000000002 0.0068132461666666677 0.082906605000000008 270.57654955000004 267.50534780000004 100.14236344882157 0.66735264478138345 0.021025441500000002 274.83887175000001 38.860000000000007 0.006154154770833334 49.875000000000007 0.0028185082343234317 417.50000000000006 0.00075000000000000012 148.19999999999993 12.350000000000003 32.45000000000001 29.750000000000004 0.56090863899570798 36.912500000000009 0.039655072500000006 -2.1457142857142872
decision_type=2 2 2 2 2 2 2 10 2 2 2 2 2 2 2 2 2 2 2 10 2 2 2 2 2 10 2 2 2 2
left_child=2 -2 5 -4 -5 6 9 8 21 13 24 -3 -12 28 16 -9 18 -14 19 -15 -18 -8 -6 -21 26 -19 -11 -17 -1 -30
right_child=1 11 3 4 22 -7 7 15 -10 10 12 -13 17 14 -16 27 20 25 -20 23 -22 -23 -24 -25 -26 -27 -28 -29 29 -31
leaf_value=-0.00023027608216862831 0.0055158399283776393 0.0010577186482421559 0.0045709171640021459 0.0017765745269031543 -0.00022690089848729323 -0.00026185900545182907 0.00050308293071900075 0.00073497973512723315 0.0020694306591864456 0.00038905783856565197 -1.6345197506788909e-05 -0.00048408174592449115 0.00042177017376119041 -0.00014335534185375972 0.0012777198079375945 -0.00028120999715890963 4.8590010947440444e-05 0.00077731460253040554 0.00059305842790513964 3.3066297272929503e-05 0.00099385240703504405 -0.00027903572303189392 0.00039451495771042604 0.00099320749002572667 -0.00019256708598082854 0.0014517994895577432 -4.8344973977517361e-05 0.0001349638066174367 0.00072288341470605542 -9.6213356322767904e-05
leaf_weight=4909.2971134185791 135 117.55484199523926 174 270 307.95995163917542 8387.4974544048309 295.74573659896851 165.43353164196014 251.49872183799744 336.80419373512268 221.68207013607025 98.76382577419281 378.77967250347137 2248.8576593399048 74.408786535263062 463.02790904045105 132.3998612165451 278.74884736537933 154.15219604969025 116.99015378952026 144.04928934574127 113.59492528438568 210.48295152187347 84.784113883972168 728.98242616653442 189 450.16977250576019 330.57059025764465 84.255914092063904 686.635826587677
leaf_count=4359 45 68 58 90 257 8114 135 98 91 166 137 82 161 1766 42 405 92 100 87 77 70 99 84 43 579 63 298 218 43 481
internal_value=1.02464e-05 0.00234804 -2.66454e-05 0.00134901 0.000626748 -8.93132e-05 2.30225e-05 0.000420407 0.000966761 -3.39361e-05 0.000239396 0.000331788 0.000612447 -0.000116324 4.24735e-05 3.81092e-05 8.40585e-06 0.000782834 -4.8512e-05 -9.11337e-05 0.000560966 0.000273703 1.60362e-05 0.000464077 -2.04073e-05 0.00106303 0.000132763 -0.00010161 -0.000199827 0
internal_weight=22541.1 351.319 22189.8 962.443 788.443 21227.4 12839.9 1619.87 660.839 11220 2584.17 216.319 1068.21 8635.83 2955.64 959.032 2881.23 846.529 2604.78 2450.63 276.449 409.341 518.443 201.774 1515.96 467.749 786.974 793.598 5680.19 770.892
internal_count=18408 195 18213 489 431 17724 9610 1046 325 8564 1504 150 461 7060 2177 721 2135 324 1973 1886 162 234 341 120 1043 163 464 623 4883 524
is_linear=0
shrinkage=0.05


Tree=12
num_leaves=31
num_cat=0
split_feature=0 126 139 36 84 19 126 126 1 163 84 131 139 85 169 114 4 85 48 81 82 22 170 189 116 174 90 22 120 81
split_gain=0.651475 0.799191 0.335802 0.542753 0.230172 0.348092 0.196948 0.118606 0.123921 0.0766283 0.0615195 0.0492411 0.0447396 0.0398706 0.0464706 0.038779 0.0383704 0.0331116 0.0459027 0.035461 0.0285888 0.025451 0.0202203 0.0187126 0.0294855 0.0186924 0.0177218 0.016177 0.0699064 0.0131989
threshold=0.20185000000000003 15.500000000000002 87.760506709764101 284.84880925000004 7.7500000000000018 -0.0021257142857142846 37.500000000000007 35.500000000000007 0.082906605000000008 0.46527777777777785 16.050000000000008 100.14236344882157 84.467414954242443 276.74513940000003 0.006154154770833334 36.650000000000013 0.021025441500000002 280.62044095000005 99.500000000000014 53.850000000000001 25.538000000000007 8.5000000000000018 1.0000443552787726 36.150000000000013 270.33410990000004 7.5000000000000009 20.454081632653068 1.0000000180025095e-35 282.97450380000004 45.650000000000013
decision_type=2 2 2 2 2 2 2 2 2 2 2 2 2 2 2 2 2 2 2 2 2 2 2 10 2 10 2 2 10 2
left_child=2 -2 7 4 15 -6 -3 8 16 22 27 -10 20 14 -13 23 17 19 29 -1 25 -21 -7 -4 -25 -12 -8 28 -9 -19
right_child=1 6 3 -5 5 9 26 10 11 -11 12 13 -14 -15 -16 -17 -18 18 -20 21 -22 -23 -24 24 -26 -27 -28 -29 -30 -31
leaf_value=-0.0001650345530571766 0.0043436773200120245 0.00168807356099416 -0.00020424699035786182 0.0035678071172404306 0.003379897581228935 -0.00032162719758402954 -0.00025188009873059885 -0.00018364023592067316 -6.997113246486568e-05 0.0015142402272319113 -3.3517916131745862e-05 0.0003572048859471208 0.00084909399794613847 0.00023104161628211681 0.0011624425013312403 0.0010102963242369226 0.00073206779169359033 -0.00023973871769997912 0.0011073562200680257 0.001117112429617385 -0.00017211877328931937 -7.6449503361375767e-06 0.00046634978593655408 0.0009637212007002475 -6.5688546601738872e-05 0.00066157944481431844 0.00033117247726746526 -0.00025173745688417305 0.0015638654931462879 0.00034235001802081894
leaf_weight=4248.2221537828445 174 270 951.58005261421204 139.02458071708679 135.82754600048065 163.89909684658051 272.87681555747986 457.2465934753418 369.99856805801392 126.69717025756836 150.14386868476868 351.59446835517883 180.77965188026428 548.36896312236786 423 84.135137319564819 144.21545112133026 219.86761355400085 126.95282363891602 92.767831802368164 756.58557283878326 89.989147424697876 156.37854719161987 96.223386168479919 217.88509881496429 217.39752078056335 245.56608760356903 10893.363785862923 64.271094083786011 172.26970911026001
leaf_count=3472 58 90 832 49 56 136 240 406 246 52 108 156 89 272 141 49 82 167 68 48 614 54 71 42 176 108 101 10279 56 90
internal_value=9.87205e-06 0.00128216 -4.66988e-05 0.000557997 0.000337166 0.00116681 0.000595534 -0.000111199 5.70018e-05 0.000477084 -0.000201341 0.000427868 0.000121276 0.000570825 0.000804317 -1.79386e-05 -6.5325e-05 -8.97093e-05 0.000284677 -0.000134751 0 0.000539047 4.78011e-05 -9.09802e-05 0.000235849 0.000364739 1.47693e-05 -0.000238667 2.47316e-05 3.48064e-06
internal_weight=22541.1 962.443 21578.7 2071.65 1932.63 582.802 788.443 19507 6787.25 446.975 12719.8 1692.96 1304.91 1322.96 774.594 1349.82 5094.28 4950.07 519.09 4430.98 1124.13 182.757 320.278 1265.69 314.108 367.541 518.443 11414.9 521.518 392.137
internal_count=18408 489 17919 1463 1414 315 431 16456 4796 259 11660 815 919 569 297 1099 3981 3899 325 3574 830 102 207 1050 218 216 341 10741 462 257
is_linear=0
shrinkage=0.05


Tree=13
num_leaves=31
num_cat=0
split_feature=133 84 3 61 85 103 59 177 84 5 33 139 85 135 121 33 4 77 75 45 167 170 28 91 49 12 180 138 141 84
split_gain=0.656104 0.791155 0.622665 0.700975 0.136643 0.134967 0.119051 0.0980797 0.106445 0.0818539 0.0584341 0.0535237 0.0668771 0.0865579 0.0576947 0.038907 0.0396774 0.0361455 0.0436796 0.0399363 0.0307166 0.0254972 0.0212851 0.0185341 0.0185085 0.0163574 0.0161543 0.0160288 0.014714 0.012447
threshold=88.200000000000003 15.150000000000004 0.33723639700000002 163.65000000000003 276.21434325000001 1986.4500000000003 9.2553500000000017 -0.0001209874360869566 13.350000000000003 8.2900000000000009 -0.81456906447770361 84.467414954242443 272.92869220000006 7.0550000000000006 0.15000000000000005 0.70282379717059051 0.021025441500000002 278.36411040000002 8.0500000000000025 95.500000000000014 0.0075767022916666668 0.49709084925939828 44.050000000000004 18.350000000000005 978.35000000000002 0.10129067350000001 0.25694444444444448 14.535000000000002 38.860000000000007 7.5500000000000016
decision_type=2 2 2 2 2 2 2 2 2 2 2 2 2 2 10 2 2 2 2 2 2 2 2 2 2 2 2 2 2 2
left_child=2 6 5 -4 23 7 -2 8 -1 11 20 15 13 14 26 -9 17 22 19 -19 -11 -12 -17 -5 -22 -23 -13 -14 -20 -7
right_child=1 -3 3 4 -6 29 -8 9 -10 10 21 12 27 -15 -16 16 -18 18 28 -21 24 25 -24 -25 -26 -27 -28 -29 -30 -31
leaf_value=0 0 0.0060150644619954043 0.0036796458453073628 -0.00022727790692389234 0.0015468550152123259 -0.00023917050008476337 0.0023505772435895543 -0.00018224049317807457 0.0021964699158236361 8.4520170499612052e-05 -7.3085925571200936e-05 -0.00029665279313417255 -0.00025468461556776189 0.001622707415983346 0.0014864058853815275 -0.00020659324979481171 0.0011785631464651016 9.8887091746774976e-05 -3.1720950377744439e-05 0.0012552680986600635 0.0010982785730349321 0.00050729869902655148 0.00062788180661076923 0.00036269684838571782 0.00048503052467066267 -2.8096757793362081e-05 0.00033154219730465806 0.0004641061643526079 0.00054042928944180205 -1.0161181144537363e-05
leaf_weight=107.44747912883759 182.06217288970947 95.507353544235229 222 288.82279396057129 210 8674.4768699407578 73.749141335487366 5277.6151094436646 107.02316558361053 214.06749153137207 908.07254266738892 203.24790644645691 480.65595674514771 157.98199915885925 79.066069722175598 1362.4181069135666 74.408786535263062 154.7464519739151 874.79684209823608 164.75730741024017 302.53762245178223 435.80302453041077 77.428622841835022 241.6201092004776 281.2441041469574 186.34196245670319 202.97916889190674 87.71131443977356 126.37255549430847 686.16630518436432
leaf_count=77 131 33 74 250 70 8403 31 4487 38 112 627 169 420 64 33 1142 42 96 618 89 105 169 35 95 113 130 90 59 64 542
internal_value=9.49694e-06 0.00215042 -2.42691e-05 0.00121862 0.000470048 -8.09118e-05 0.000670273 3.06947e-05 0.00108796 1.0714e-05 0.000276217 -5.50634e-05 0.000253603 0.000603824 0.000259201 -0.000101806 4.61827e-05 1.34335e-05 0.000203928 0.00071285 0.000623952 9.13557e-05 -0.000157844 3.22278e-05 0.000812724 0.000339128 5.0021e-06 -0.000134358 3.59767e-05 -0.00022292
internal_weight=22541.1 351.319 22189.8 962.443 740.443 21227.4 255.811 11866.7 214.471 11652.3 2328.07 9324.19 1211.64 643.275 485.293 8112.54 2834.93 2760.52 1320.67 319.504 797.849 1530.22 1439.85 530.443 583.782 622.145 406.227 568.367 1001.17 9360.64
internal_count=18408 195 18213 489 415 17724 162 8779 115 8664 1256 7408 835 356 292 6573 2086 2044 867 185 330 926 1177 345 218 299 259 479 682 8945
is_linear=0
shrinkage=0.05


Tree=14
num_leaves=31
num_cat=0
split_feature=133 36 0 61 104 94 177 85 116 1 93 131 120 170 30 128 92 137 116 24 104 138 24 30 189 141 24 171 124 186
split_gain=0.592865 0.70133 0.562367 0.632775 0.121577 0.1156 0.0934304 0.103994 0.0891714 0.0650776 0.0571287 0.0425547 0.0380305 0.0653597 0.0556717 0.0484262 0.0313116 0.0405526 0.0283411 0.0444748 0.0296822 0.0274881 0.0241749 0.0222409 0.0173554 0.0130055 0.0129284 0.0126361 0.0638664 0.0122728
threshold=88.200000000000003 278.57922185000007 0.20185000000000003 184.90000000000003 5.7500000000000018 16.500000000000004 -0.0001209874360869566 271.27671010000006 272.33340910000004 0.082906605000000008 270.57654955000004 100.14236344882157 267.11041520000009 1.0001594398457441 -1.9042857142857137 8.6589468063719668 7.6500000000000021 0.045000000000000005 293.38661675000009 35.050000000000004 5.3500000000000014 6.1450000000000005 58.350000000000009 0.74857142857142944 23.650000000000002 37.500000000000007 31.950000000000006 0.0054968320000000018 -0.9159756150367534 -8.5419213384087726e-06
decision_type=2 2 2 2 2 2 2 2 2 2 2 2 8 2 2 2 2 2 2 2 2 2 2 2 8 2 2 2 2 10
left_child=2 8 4 -4 6 -5 7 -1 -2 12 23 -12 13 15 -15 -8 27 21 20 -20 -14 -18 -13 -11 -17 -21 -19 -6 -29 -26
right_child=1 -3 3 5 16 -7 9 -9 -10 10 11 22 18 14 -16 24 17 26 19 25 -22 -23 -24 -25 29 -27 -28 28 -30 -31
leaf_value=0.002230763838338542 0.001643326182460784 0.0053260516142908422 0.0034174268242130254 -5.1398622317410336e-05 -0.0002428659641494482 0.0012415246303902209 0.00097245988496234273 -3.7319772504262449e-05 -0.00028014204862773757 -3.8453974422683065e-05 -0.0001051398259270081 0.0010198211494831849 -0.00017320848778257803 0.00012580430247375395 0.0018918132205759085 0.00031372821261893037 0.00099369797161299989 0.00024710887383303485 0.001168741445028363 -7.899736174430716e-05 0.00058008650410274973 -2.2525309841817329e-05 0.00044392334427914744 0.0005676394059180406 0.00015718041602729934 0.00040826482850026989 -0.000218363091223572 0.0012948580324025852 -0.00021006415256372715 -0.00019073257077534256
leaf_weight=100.90013539791107 99.838051557540894 110.58025479316711 234 458.47750413417816 8782.4347977638245 269.96539902687073 129.86292994022369 91.827919960021973 140.90036141872406 1214.0941939353943 201.43759822845459 340.69184267520905 5118.3632373809814 97.42936110496521 93.357654690742493 300.98425531387329 163.05076324939728 182.33311903476715 94.634092807769775 626.75901806354523 130.38683080673218 96.159895777702332 505.83667719364166 170.66785776615143 320.23288667201996 172.54598248004913 668.25405585765839 80.606453537940979 516.596928358078 1027.9182777404785
leaf_count=35 40 39 78 321 8515 90 80 69 116 829 131 117 4305 65 37 178 75 99 48 448 93 66 207 65 182 89 587 67 477 860
internal_value=9.15066e-06 0.00204428 -2.29358e-05 0.00115823 -7.67771e-05 0.000421957 4.1104e-05 0.00112968 0.000500365 2.06294e-05 0.000247726 0.000526401 -4.6877e-05 0.000143158 0.00102139 4.56423e-05 -0.00019792 4.9506e-05 -0.000108643 0.00014865 -0.000153436 0.000598855 0.000682527 3.29929e-05 -2.4856e-05 2.0319e-05 -0.000112539 -0.00022773 0 -0.00010433
internal_weight=22541.1 351.319 22189.8 962.443 21227.4 728.443 10737.9 192.728 240.738 10545.2 2432.73 1047.97 8112.47 1969.79 190.787 1779 10489.4 1109.8 6142.69 893.939 5248.75 259.211 846.529 1384.76 1649.14 799.305 850.587 9379.64 597.203 1348.15
internal_count=18408 195 18213 489 17724 411 7838 104 156 7734 1349 455 6385 1402 102 1300 9886 827 4983 585 4398 141 324 894 1220 537 686 9059 544 1042
is_linear=0
shrinkage=0.05


Tree=15
num_leaves=31
num_cat=0
split_feature=0 126 133 84 85 126 133 118 142 169 93 63 132 81 99 49 33 77 28 128 29 167 161 115 170 1 104 76 22 140
split_gain=0.532324 0.601704 0.494035 0.686397 0.183887 0.113658 0.0967639 0.11997 0.105531 0.0693204 0.0640622 0.0617797 0.0449576 0.0351353 0.0599611 0.0295878 0.0288098 0.0229621 0.0226873 0.0194423 0.0191573 0.0183039 0.0178582 0.0350356 0.0172887 0.0164198 0.0157284 0.0156752 0.0140618 0.0124302
threshold=0.20185000000000003 12.500000000000002 88.200000000000003 14.350000000000003 276.74513940000003 63.500000000000007 79.305000000000021 14.850000000000003 779.97322007526816 0.006154154770833334 270.57654955000004 10.067850000000002 1.5000000000000002 40.350000000000001 -0.1999999999999886 978.35000000000002 0.8303213832943418 278.17390095000007 44.050000000000004 9.8644867814012631 18.500000000000004 0.010460072770833335 0.27551020408163268 14.550000000000002 1.0002094856409747 0.039655072500000006 11.850000000000003 1.3500000000000005 5.5000000000000009 73.145000000000024
decision_type=2 2 2 2 2 2 2 10 2 2 2 2 2 2 2 2 2 2 2 2 2 2 2 2 2 2 2 2 2 2
left_child=2 -2 5 11 26 6 9 8 12 16 28 -4 -8 -9 -15 -12 25 18 -18 20 -19 -17 23 -22 -10 29 -3 -21 -11 -1
right_child=1 4 3 -5 -6 -7 7 13 24 10 15 -13 -14 14 -16 21 17 19 -20 27 22 -23 -24 -25 -26 -27 -28 -29 -30 -31
leaf_value=-0.00018429110015974004 0.0040280579920713008 0.00032668415028296266 -0.00038407064974365295 0.0058032713691934384 0.0016089638715214415 -0.00021254880870413622 0.0023447115380329231 -0.00017465148391725257 -0.0001658529407374749 -0.00010272797532633123 0.0010703413069726628 0.0011763425262997797 0.00095865114307822237 0 0.001449226770400985 0.0007587662518701117 -0.00012013644933076978 -0.00020013165012311548 0.0006286185961700691 -0.00012428854321524973 0.00023538897514509716 -4.4308745560721298e-05 0.00021858985148657408 0.0013924938688536857 0.00065648840229954892 6.816613937643475e-06 -0.0002205013124289414 0.00059584087171011581 0.00042100035075055494 0.00019035479295834178
leaf_weight=5197.4135921001434 153 247.53096604347229 100.6013650894165 82.185694456100464 291 8722.7587953805923 140.47008109092712 566.40476906299591 118.34048962593079 585.0990983247757 294.50663471221924 153.5511382818222 132.71044385433197 217.14638912677765 105.28805828094482 121.35225820541382 1391.6775013208389 99.300334572792053 106.76061010360718 436.42409932613373 150.3273857831955 143.32916986942291 294.52165937423706 135.71727764606476 121.4585999250412 1706.3563815355301 272.24031496047974 90.347981572151184 162.54622745513916 217.38371777534485
leaf_count=4576 51 99 83 28 97 8410 47 477 81 420 99 78 60 144 56 41 1085 73 45 319 81 80 184 64 52 1122 236 47 66 137
internal_value=7.55194e-06 0.00115683 -4.35619e-05 0.00185432 0.000604553 -7.39111e-05 2.21744e-05 0.000413734 0.00102239 -2.67125e-05 0.00031455 0.000540002 0.00169556 5.60846e-05 0.000476153 0.000718928 -7.26347e-05 6.50442e-05 -6.3071e-05 0.000228202 0.000404666 0.000306539 0.000516875 0.000804749 0.000230897 -0.000125638 3.06109e-05 0 4.86779e-06 -0.000168295
internal_weight=22557.8 963.771 21594 336.338 810.771 21257.6 12534.9 1401.82 512.98 11133.1 1306.83 254.153 273.181 888.839 322.434 559.188 9826.23 2705.08 1498.44 1206.64 679.867 264.681 580.566 286.045 239.799 7121.15 519.771 526.772 747.645 5414.8
internal_count=18438 483 17955 189 432 17766 9356 917 240 8439 706 161 107 677 200 220 7733 1898 1130 768 402 121 329 145 133 5835 335 366 486 4713
is_linear=0
shrinkage=0.05


Tree=16
num_leaves=31
num_cat=0
split_feature=0 126 139 50 128 103 166 103 1 81 128 33 120 22 172 107 3 24 34 4 61 75 83 16 43 174 9 16 29 43
split_gain=0.480794 0.545258 0.210812 0.382592 0.632533 0.179928 0.12597 0.0902494 0.0788455 0.049508 0.0484394 0.0450856 0.0305605 0.0261392 0.0587239 0.0685672 0.0260338 0.022329 0.0349896 0.0220962 0.020167 0.0195931 0.0172245 0.0153129 0.0191421 0.0272994 0.013843 0.0134372 0.0109032 0.0312456
threshold=0.20185000000000003 11.500000000000002 86.716077848590643 1007.5500000000001 8.3844366951598737 1366.3000000000004 0.008135649083333335 1504.3500000000001 0.082906605000000008 39.150000000000013 10.133735740856517 0.1719917248290625 271.84779945000008 1.0000000180025095e-35 3.5000000000000004 9.7500000000000018 0.18851152100000004 32.300000000000004 -0.091001541513876696 0.021025441500000002 177.70000000000002 5.9500000000000011 18.350000000000005 0.74500000000000011 0.35550000000000004 8.5000000000000018 0.12513888888888891 1.2050000000000003 52.250000000000007 0.31150000000000005
decision_type=2 2 2 2 2 2 2 2 2 2 2 2 10 2 10 2 2 2 2 2 2 2 2 2 2 10 2 2 2 2
left_child=2 -2 7 4 -4 -3 26 8 12 -5 -10 -11 17 14 -9 -16 -12 18 -1 21 -18 -19 -7 -23 -25 -26 -6 -13 -15 -30
right_child=1 5 3 9 6 22 -8 13 10 11 16 27 -14 28 15 -17 20 19 -20 -21 -22 23 -24 24 25 -27 -28 -29 29 -31
leaf_value=0.0001277693137523836 0.0040036047861087233 0.0016271428650741996 0.0046979298442602164 -0.000149710695253693 -0.00029077700777483436 -0.00019870876745344988 0.0016439557278814681 -0.00018609303117448489 -3.8302183310403051e-05 0.0014834742581345292 0.00028735462643331389 -0.0002506968701207501 -0.00020246608152835427 -0.00022233977239153894 -0.0001267365179606214 0.0017525047304197284 0.0012142974606195863 0.0006956299867662345 0.0013376337966583241 0.00080051756967068968 0.00051488431340176381 -0.00015354724389675335 0.00035903084222469437 -4.4162752711519607e-05 0.00095646138440605541 7.3602205065741708e-05 0.00034468205756473246 0.00041885398250783188 0.00077156974759256711 -0.00019466819874410619
leaf_weight=301.28114569187164 138 282 117 1417.053907752037 110.4246141910553 280.70564532279968 226.44425106048584 445.18928730487823 596.13474059104919 87.448775410652161 667.68145179748535 105.60175049304962 2252.1448864936829 9905.6341784000397 84.462966680526733 99.883053541183472 186.64971995353699 88.666590213775635 77.77554726600647 80.740963816642761 332.41872596740723 1771.6122802495956 263.06563568115234 1199.2286247014999 127.22508454322815 323.73085248470306 303.77712225914001 210.23072612285614 106.81432545185089 368.72418141365051
leaf_count=185 46 94 39 1222 102 242 85 395 402 45 295 88 1963 9424 69 55 63 54 42 46 125 1433 101 882 73 223 148 110 51 336
internal_value=7.30047e-06 0.00109955 -4.12653e-05 0.000382546 0.00132594 0.00060393 0.00069596 -9.9001e-05 2.82015e-05 -7.87129e-06 0.000321664 0.000477295 -5.51181e-05 -0.000191931 0.00011567 0.000868466 0.000506574 2.72365e-05 0.000392034 -9.97494e-06 0.000777849 -3.02629e-05 6.21001e-05 -5.0731e-05 5.66489e-05 0.000335305 0.000162936 0.000179117 -0.000211076 1.30372e-05
internal_weight=22557.8 963.771 21594 2577.98 757.646 825.771 640.646 19016 8005.29 1820.34 1782.88 403.281 6222.41 11010.7 629.535 184.346 1186.75 3970.26 379.057 3591.2 519.068 3510.46 543.771 3421.8 1650.18 450.956 414.202 315.832 10381.2 475.539
internal_count=18438 483 17955 1839 374 437 335 16116 5786 1465 885 243 4901 10330 519 124 483 2938 227 2711 188 2665 343 2611 1178 296 250 198 9811 387
is_linear=0
shrinkage=0.05


end of trees

feature_importances:
hours_since_obs=33
total_tp_next_24h=31
last_osi=20
pct_forest=19
last_P_t=12
flow_balance_last24_obs=12
min_t2m_next_24h=11
cumul_gust_since_onset=11
restoration_ratio_obs=11
pct_wetland=10
gust_max_last6h_obs=9
P_active_frac_obs=9
hours_since_peak=8
wind_sin_t=8
gust_max_next_24h=8
cumul_tp_since_onset=8
log_customers=8
pct_unmapped=8
last_R_t=7
mslma_t=7
gust_x_hso=7
wind_speed_max_next_24h=7
gust_peak4h_mean_next_24h=7
pct_forest_classified=7
gust_max_obs=6
d2m_t=6
sp_t=6
wind_speed_max_next_48h=6
total_tp_next_48h=6
t2m_at_t24h=6
t2m_at_t48h=6
last_N_t=5
gust_mean_next_6h=5
wind_speed_max_next_6h=5
min_t2m_next_48h=5
pressure_change_3h=5
gust_at_t48h=5
pop_density=5
tree_canopy_std=5
gust_at_first_material_N_obs=5
gust_last_obs=4
soil_moist_t=4
min_t2m_next_6h=4
pressure_change_6h=4
first_material_R_hour_obs=4
P_trend_last24_obs=4
last_outage_pct=3
osi_mean_72h=3
gust_trend_last6h_obs=3
wind_cos_t=3
tcc_t=3
soil_gust_x_phase=3
gust_gt30_next_48h=3
wind_speed_at_t48h=3
pct_water=3
tp_rate_next_48h=3
D_mean_last24_obs=3
hours_since_P_peak_obs=3
hours_since_R_peak_obs=3
N_per_gust_excess_obs=3
gust_to_N_best_corr_obs=3
last_D_t=2
pre_event_max_outage_pct=2
osi_trend_last6h=2
r2_t=2
blh_t=2
diffuse_rad_t=2
gust_x_phase=2
total_tp_next_6h=2
gust_mean_next_24h=2
gust_gt30_next_24h=2
gust_max_next_48h=2
gust_peak4h_mean_next_48h=2
temp_change_6h=2
t2m_at_t1h=2
gust_at_t24h=2
wind_speed_at_t24h=2
tp_at_t48h=2
hour_cos=2
rural_urban_code=2
n_utilities=2
pct_agriculture=2
N_nonzero_frac_obs=2
N_mean_last24_obs=2
first_material_N_hour_obs=2
gust_excess30_sum_obs=2
outage_pct_mean_72h=1
N_t_max_72h=1
pre_event_mean_osi=1
storm_onset_mean_osi=1
frac_zero_72h=1
gust_mean_obs=1
gust_gt30_obs=1
hcc_t=1
gust_exceed_30=1
soil_moist_x_gust=1
gust_exceed30_x_hso=1
min_t2m_next_1h=1
gust_mean_next_48h=1
gust_change_1h=1
gust_gt30_since_onset=1
wind_speed_at_t1h=1
gust_at_t6h=1
t2m_at_t6h=1
tree_canopy_pct=1
forest_x_customers=1
tp_rate_next_24h=1
gust_gt30_frac_next_24h=1
gust_gt30_frac_next_48h=1
P_mean_last24_obs=1
P_D_gap_last_obs=1
P_change_per_gust_excess_obs=1

parameters:
[boosting: gbdt]
[objective: regression]
[metric: rmse]
[tree_learner: serial]
[device_type: cpu]
[data_sample_strategy: bagging]
[data: ]
[valid: ]
[num_iterations: 2000]
[learning_rate: 0.05]
[num_leaves: 31]
[num_threads: -1]
[seed: 42]
[deterministic: 0]
[force_col_wise: 0]
[force_row_wise: 0]
[histogram_pool_size: -1]
[max_depth: -1]
[min_data_in_leaf: 50]
[min_sum_hessian_in_leaf: 0.001]
[bagging_fraction: 0.8]
[pos_bagging_fraction: 1]
[neg_bagging_fraction: 1]
[bagging_freq: 5]
[bagging_seed: 42]
[bagging_by_query: 0]
[feature_fraction: 0.8]
[feature_fraction_bynode: 1]
[feature_fraction_seed: 42]
[extra_trees: 0]
[extra_seed: 12879]
[early_stopping_round: 0]
[early_stopping_min_delta: 0]
[first_metric_only: 0]
[max_delta_step: 0]
[lambda_l1: 0.1]
[lambda_l2: 1]
[linear_lambda: 0]
[min_gain_to_split: 0]
[drop_rate: 0.1]
[max_drop: 50]
[skip_drop: 0.5]
[xgboost_dart_mode: 0]
[uniform_drop: 0]
[drop_seed: 42]
[top_rate: 0.2]
[other_rate: 0.1]
[min_data_per_group: 100]
[max_cat_threshold: 32]
[cat_l2: 10]
[cat_smooth: 10]
[max_cat_to_onehot: 4]
[top_k: 20]
[monotone_constraints: ]
[monotone_constraints_method: basic]
[monotone_penalty: 0]
[feature_contri: ]
[forcedsplits_filename: ]
[refit_decay_rate: 0.9]
[cegb_tradeoff: 1]
[cegb_penalty_split: 0]
[cegb_penalty_feature_lazy: ]
[cegb_penalty_feature_coupled: ]
[path_smooth: 0]
[interaction_constraints: ]
[verbosity: -1]
[saved_feature_importance_type: 0]
[use_quantized_grad: 0]
[num_grad_quant_bins: 4]
[quant_train_renew_leaf: 0]
[stochastic_rounding: 1]
[linear_tree: 0]
[max_bin: 255]
[max_bin_by_feature: ]
[min_data_in_bin: 3]
[bin_construct_sample_cnt: 200000]
[data_random_seed: 42]
[is_enable_sparse: 1]
[enable_bundle: 1]
[use_missing: 1]
[zero_as_missing: 0]
[feature_pre_filter: 1]
[pre_partition: 0]
[two_round: 0]
[header: 0]
[label_column: ]
[weight_column: ]
[group_column: ]
[ignore_column: ]
[categorical_feature: ]
[forcedbins_filename: ]
[precise_float_parser: 0]
[parser_config_file: ]
[objective_seed: 16083]
[num_class: 1]
[is_unbalance: 0]
[scale_pos_weight: 1]
[sigmoid: 1]
[boost_from_average: 1]
[reg_sqrt: 0]
[alpha: 0.9]
[fair_c: 1]
[poisson_max_delta_step: 0.7]
[tweedie_variance_power: 1.5]
[lambdarank_truncation_level: 30]
[lambdarank_norm: 1]
[label_gain: ]
[lambdarank_position_bias_regularization: 0]
[eval_at: ]
[multi_error_top_k: 1]
[auc_mu_weights: ]
[num_machines: 1]
[local_listen_port: 12400]
[time_out: 120]
[machine_list_filename: ]
[machines: ]
[gpu_platform_id: -1]
[gpu_device_id: -1]
[gpu_device_id_list: ]
[gpu_use_dp: 0]
[num_gpu: 1]

end of parameters

pandas_categorical:[]
