tree
version=v4
num_class=1
num_tree_per_iteration=1
label_index=0
max_feature_idx=162
objective=gamma
feature_names=last_osi last_P_t last_N_t last_D_t last_R_t last_outage_pct osi_mean_72h osi_max_72h osi_std_72h outage_pct_mean_72h outage_pct_max_72h N_t_mean_72h N_t_max_72h R_t_mean_72h R_t_max_72h pre_event_mean_osi pre_event_max_outage_pct storm_onset_max_osi storm_onset_mean_osi osi_trend_last6h is_worsening frac_zero_72h hours_since_peak gust_mean_obs gust_max_obs gust_gt30_obs gust_gt40_obs cumul_gust_obs gust_last_obs gust_max_last6h_obs gust_trend_last6h_obs gust_t wind_speed_t wind_sin_t wind_cos_t t2m_t d2m_t tp_t rain_t csnow_t sdwe_t r2_t vpd_t soil_moist_t blh_t tcc_t lcc_t mcc_t hcc_t sp_t mslma_t sdswrf_t direct_rad_t diffuse_rad_t et0_t temp_c_t dewpoint_c_t icing_risk_t gust_exceed_30 soil_moist_x_gust is_snowing gust_x_hso gust_x_phase soil_gust_x_phase gust_exceed30_x_hso gust_max_next_1h gust_mean_next_1h wind_speed_max_next_1h total_tp_next_1h min_t2m_next_1h gust_gt30_next_1h gust_gt40_next_1h gust_peak4h_mean_next_1h gust_max_next_6h gust_mean_next_6h wind_speed_max_next_6h total_tp_next_6h min_t2m_next_6h gust_gt30_next_6h gust_gt40_next_6h gust_peak4h_mean_next_6h gust_max_next_24h gust_mean_next_24h wind_speed_max_next_24h total_tp_next_24h min_t2m_next_24h gust_gt30_next_24h gust_gt40_next_24h gust_peak4h_mean_next_24h gust_max_next_48h gust_mean_next_48h wind_speed_max_next_48h total_tp_next_48h min_t2m_next_48h gust_gt30_next_48h gust_gt40_next_48h gust_peak4h_mean_next_48h gust_change_1h gust_change_3h pressure_change_3h pressure_change_6h temp_change_6h wind_change_1h cumul_gust_since_onset cumul_tp_since_onset gust_gt30_since_onset gust_at_t1h wind_speed_at_t1h t2m_at_t1h tp_at_t1h gust_at_t6h wind_speed_at_t6h t2m_at_t6h tp_at_t6h gust_at_t24h wind_speed_at_t24h t2m_at_t24h tp_at_t24h gust_at_t48h wind_speed_at_t48h t2m_at_t48h tp_at_t48h hour_of_day hour_sin hour_cos days_since_onset hours_since_obs storm_phase log_customers rural_urban_code is_metro pop_density n_utilities pct_forest pct_developed pct_agriculture pct_water pct_wetland pct_unmapped pct_forest_classified tree_canopy_pct tree_canopy_std forest_x_customers window_len_next_1h is_full_next_1h tp_rate_next_1h gust_gt30_frac_next_1h has_weather_at_t1h window_len_next_6h is_full_next_6h tp_rate_next_6h gust_gt30_frac_next_6h has_weather_at_t6h window_len_next_24h is_full_next_24h tp_rate_next_24h gust_gt30_frac_next_24h has_weather_at_t24h window_len_next_48h is_full_next_48h tp_rate_next_48h gust_gt30_frac_next_48h has_weather_at_t48h
feature_infos=[0:0.55230000000000001] [0:0.82424180700000005] [0:0.065400654000000003] [0:0.90465771100000003] [0:0.058582058999999999] [0:82.420000000000002] [4.1666666666666669e-06:0.26529999999999998] [0.0001:0.65049999999999997] [1.9982631347136334e-05:0.22470370552747407] [0.00083333333333333328:39.644861111111112] [0.02:100] [3.1208333333333337e-06:0.018623942125000001] [7.4900000000000005e-05:0.37916412199999999] [3.1208333333333337e-06:0.017093115180555556] [7.4900000000000005e-05:0.18675781699999999] [0:0.38653749999999998] [0:100] [0:0.59799999999999998] [0:0.20940416666666664] [-0.055854285714285697:0.019237142857142855] [0:1] [0:0.95833333333333337] [0:71] [13.03611111111111:31.258333333333326] [29.100000000000001:70] [0:35] [0:17] [938.59999999999991:2250.5999999999995] [3.8999999999999999:47.5] [15.4:64.5] [-6.477142857142856:3.3114285714285714] [0.80000000000000004:57.799999999999997] [0:38] [-0.99999999952007834:0.99999999987412524] [-0.99999999369183823:1] [262.81924839999999:298.3466019] [257.71271739999997:289.62757579999999] [0:8.5999999999999996] [0:8.5999999999999996] [0:2.52] [0:0.089999999999999997] [17:100] [0:2.3700000000000001] [0.16700000000000001:0.52100000000000002] [10:3015] [0:100] [0:100] [0:100] [0:100] [886.29999999999995:1027] [986.70000000000005:1031.8] [0:837] [0:714] [0:463] [0:0.58999999999999997] [-10.330751599999985:25.196601900000019] [-15.437282600000003:16.477575800000011] [0:1] [0:27.799999999999997] [0.25680000000000003:20.589099999999998] [0:1] [0.80000000000000004:3663.5999999999999] [0:103.2] [0:40.375] [0:1533.6000000000001] [1.2:57.799999999999997] [1:52.349999999999994] [0.40000000000000002:38] [0:14.699999999999999] [262.68647060000001:298.20713590000003] [0:2] [0:2] [1:52.349999999999994] [5.9000000000000004:57.799999999999997] [3.8142857142857141:49.214285714285715] [1.2:38] [0:26.699999999999999] [261.0733333:296.34512319999999] [0:7] [0:7] [4.625:52.550000000000004] [12.800000000000001:58.299999999999997] [8.2680000000000007:43.052] [6:38] [0:33] [259.42265909999998:286.57337899999999] [0:25] [0:19] [12.450000000000001:52.550000000000004] [12.800000000000001:58.299999999999997] [8.7265306122448987:37.816326530612244] [6.0999999999999996:38] [0:37.399999999999999] [259.42265909999998:282.77648069999998] [0:40] [0:22] [12.625:52.550000000000004] [-22.399999999999999:28.199999999999999] [-32:33.299999999999997] [-6.1000000000000227:8.1999999999999318] [-10.899999999999977:13.5] [-17.698856200000023:21.845291299999985] [-12.499999999999998:20.799999999999997] [348.89999999999998:3711] [0:39.20000000000001] [0:61] [1.2:57.799999999999997] [0:36.899999999999999] [262.68647060000001:298.3466019] [0:9.0999999999999996] [2.2000000000000002:57.799999999999997] [0:34.799999999999997] [261.0733333:298.36374050000001] [0:8.0999999999999996] [2.1000000000000001:57.100000000000001] [0:38] [260.64059090000001:298.36374050000001] [0:11.300000000000001] [1.3:51.200000000000003] [0.10000000000000001:33.5] [261.39601499999998:296.39282830000002] [0:11.300000000000001] [0:23] [-1:1] [-1:1] [1:4] [1:96] [0:2] [7.1180162044653335:13.453719692845613] [1:9] [0:1] [8.3691524328166658:11939.655837338518] [1:11] [0.96999999999999997:88.719999999999999] [2.21:86.629999999999995] [0.080000000000000002:87.469999999999999] [0.01:5.5099999999999998] [0:16.82] [1.8899999999999999:17.02] [0.98868616858628067:95.299005138296707] [2.2000000000000002:81.680000000000007] [12.65:40.350000000000001] [8.0679963363985543:931.73249595386176] none none [0:7.3499999999999996] [0:1] none none none [0:3.8142857142857141] [0:1] none none none [0:1.3200000000000001] [0:1] none none none [0:0.76326530612244892] [0:0.81632653061224492] none
tree_sizes=3325 3384 3409 3422 3431 3437 3421 3429 3468 3426 3414 3426 3456 3437 3443 3441 3437 3422 3439 3450

Tree=0
num_leaves=31
num_cat=0
split_feature=85 134 128 86 141 128 104 0 81 43 61 134 133 84 19 115 128 49 83 94 120 43 80 128 141 104 84 80 19 100
split_gain=5302.29 2803.1 1548.03 1749.73 1439.95 1801.35 1693.92 1160.22 2053.43 1129.79 1079.46 1611.8 1846.14 1092.98 958.809 755.244 570.764 432.006 428.534 556.252 378.066 369.994 357.785 333.399 319.674 315.441 296.153 287.767 446.687 287.204
threshold=266.96571425000008 7.3800000000000017 9.5871465020954059 16.500000000000004 33.615000000000009 10.628332990791533 8.5500000000000025 0.055000000000000007 52.70000000000001 0.34850000000000003 317.10000000000008 16.315000000000005 28.005000000000006 0.35000000000000009 -0.0011228571428571444 1.6500000000000001 8.8531289158052093 959.6500000000002 16.550000000000004 17.500000000000004 270.01529625000006 0.30050000000000004 37.82500000000001 10.516876461040033 33.750000000000007 0.75000000000000011 3.350000000000001 33.362500000000004 0.0015442857142857142 -3.7499999999999996
decision_type=2 2 2 2 2 2 2 2 2 2 2 2 2 2 2 2 2 2 2 2 2 2 2 2 2 2 2 2 2 2
left_child=1 17 -2 10 5 16 -7 8 24 -8 -4 27 13 -13 -6 -16 -3 20 -14 25 -1 -15 26 -17 -5 -20 -18 -12 29 -29
right_child=2 4 3 7 14 6 9 -9 -10 -11 11 12 18 21 15 23 22 -19 19 -21 -22 -23 -24 -25 -26 -27 -28 28 -30 -31
leaf_value=-6.8168618066418505 -6.7010865006441325 -6.7934685907253574 -6.7285707102224466 -8.3284252387698565 -6.8333962230916905 -7.0679388361477864 -7.2895827998501082 -6.8866467075626243 -6.8276480476651482 -9.0469002499822437 -6.7681592329778351 -7.0558227089416246 -6.7402063244779873 -7.2924232387383574 -6.7835972372790145 -7.1199521275689133 -7.4569957967910323 -6.7674410200136403 -6.974099612940396 -6.7993504394283493 -7.1893757740068684 -8.2514625273931248 -6.9510137878837792 -7.5668920352599685 -7.1760159888605539 -7.6180284498691115 -6.9357038418331083 -7.4031528657945547 -6.776647149506549 -6.9048048723837692
leaf_weight=16.33568801172078 3093.718812584877 8.5878029838204366 1381.3636259895866 3.924117793212643 46.642940938705578 4.2025894435355422 2.296938328887336 26.179993370547891 6.648138016462326 2.7863647140329704 401.05160032305866 8.6809783283970336 24.928408269770443 3.5974380016559726 8.5337740766117367 12.65172245912254 17.633825309574611 135.14162289816886 4.8524222143460083 11.143687709234653 11.467819645069538 3.8468826093012467 8.548362657427786 9.5902420704951492 1.8380190338939426 3.9220584670547396 4.3537048352882257 5.1154044128488732 22.271910365670919 7.3738436950370669
leaf_count=45 1027 20 1218 161 141 39 39 109 21 178 672 71 28 55 18 118 287 225 33 27 125 151 50 186 27 91 26 87 42 36
internal_value=-6.73498 -6.94294 -6.72296 -6.75826 -7.11928 -7.33202 -7.93327 -7.08723 -7.46708 -8.47544 -6.75131 -6.81444 -7.05311 -7.49585 -6.98026 -7.19257 -7.16287 -6.80522 -6.88067 -7.04756 -6.98114 -7.90956 -7.26144 -7.3404 -8.08122 -7.32338 -7.36724 -6.78039 -6.91643 -7.14373
internal_weight=5299.23 288.773 5010.46 1916.74 125.828 48.4096 9.28589 38.5903 12.4103 5.0833 1878.15 496.785 60.9719 16.1253 77.4187 30.7757 39.1237 162.945 44.8466 19.9182 27.8035 7.44432 30.5359 22.242 5.76214 8.77448 21.9875 435.813 34.7612 12.4892
internal_count=5353 1497 3856 2829 1102 639 256 318 209 217 2511 1293 456 277 463 322 383 395 179 151 170 206 363 304 188 124 313 837 165 123
is_linear=0
shrinkage=1


Tree=1
num_leaves=31
num_cat=0
split_feature=85 133 131 63 76 29 138 15 16 137 88 135 14 75 118 75 50 136 22 21 131 85 81 32 29 83 4 124 115 65
split_gain=3620.77 1123.49 1064.93 1650.42 548.894 625.174 415.459 384.132 407.064 370.445 353.075 376.501 355.94 429.237 341.806 394.624 378.503 301.204 297.922 240.054 220.004 210.775 425.006 206.116 199.963 225.176 181.394 179.181 172.378 161.73
threshold=267.42482855000009 26.470000000000002 121.07560815808249 8.7946500000000025 0.35000000000000009 24.550000000000004 4.245000000000001 0.00031979166666666674 0.045000000000000005 0.070000000000000021 41.237500000000004 21.465000000000003 0.0013540990000000003 9.0500000000000025 17.250000000000004 13.65 1003.5500000000001 0.38500000000000006 5.5000000000000009 0.31250000000000006 77.137993348743365 267.99176450000004 45.45000000000001 13.65 40.550000000000004 15.250000000000002 3.6100000000000003e-05 -0.37940952255126015 8.2500000000000018 21.550000000000004
decision_type=2 2 2 2 2 2 2 2 2 2 2 2 2 2 2 2 2 2 2 2 2 2 2 2 2 2 2 2 2 2
left_child=1 20 9 10 19 -6 -3 8 -8 -2 12 -12 13 -4 15 -11 -17 -7 -13 -5 -1 -21 -23 -15 -16 -26 -20 -22 -10 -27
right_child=2 6 3 4 5 17 7 -9 28 14 11 18 -14 23 24 16 -18 -19 26 21 27 22 -24 -25 25 29 -28 -29 -30 -31
leaf_value=-0.15432586607261115 0.037084125152581332 -0.0031790722396670603 -0.023754368401573647 -0.06744722223419862 -0.17690439194902297 -0.27344824677208185 0.014655971186354068 -0.095648846092463949 -0.24759525791490913 -0.024613304128940475 -0.032406365450548612 -0.088738254719066989 0.00058247542546512791 -0.47730063561535224 0.017157686852562536 -0.58600487912909383 -0.10371023402767605 -1.0979504704067522 -0.2040810688147886 -0.031132373645885447 -0.26814116485113365 -0.55084275213903799 -0.14857750631203681 -0.15695009766869228 0.0149007484006981 -0.20709099213639137 -0.7321875425814337 -0.45900145339533982 -0.51434843709285905 -0.054103822696346143
leaf_weight=29.56392278522253 2302.7541182106361 96.688804712146521 42.319468144443817 25.777985312975943 7.3515351070091111 2.5399789828807116 10.45879554748535 208.03014911536593 24.017199743073434 38.470172403380275 24.422793174628168 7.2529508662410072 813.58956670155749 8.3779519090894627 1338.8873479142785 6.3820188683457699 10.35252972319722 4.0045713218860328 3.9000108493491989 7.5662475952412924 55.091452387627214 11.723794995807113 15.84480818826705 14.438504410441963 104.5578064257279 21.929624835029244 4.3631639196537435 19.913496265071444 10.065858588088302 75.798332853242755
leaf_count=124 594 103 63 62 37 22 7 608 148 58 41 22 804 98 879 93 34 114 24 13 356 152 66 63 73 117 83 212 124 159
internal_value=-6.04498e-05 -0.135003 0.0124806 -0.0337076 -0.257945 -0.53371 -0.0914517 -0.125078 -0.2573 0.024256 -0.0151814 -0.158726 -0.00847847 -0.120029 0.00573683 -0.115378 -0.310596 -0.857277 -0.343252 -0.18735 -0.278174 -0.270881 -0.333113 -0.289891 0.0101504 -0.0360611 -0.532414 -0.324252 -0.338934 -0.0902338
internal_weight=5346.43 453.83 4892.61 993.473 74.8089 13.8961 349.261 252.572 44.5419 3899.13 918.664 39.9389 878.725 65.1359 1596.38 55.2047 16.7345 6.54455 15.5161 60.9128 104.569 35.1349 27.5686 22.8165 1541.17 202.286 8.26317 75.0049 34.0831 97.728
internal_count=5353 1682 3671 1664 466 173 990 887 279 2007 1198 170 1028 224 1413 185 127 136 129 293 692 231 218 161 1228 349 107 568 272 276
is_linear=0
shrinkage=0.05


Tree=2
num_leaves=31
num_cat=0
split_feature=85 128 126 133 139 30 138 13 99 22 138 16 107 120 75 4 138 83 31 133 136 43 65 128 59 53 100 83 7 92
split_gain=2855.74 1228.55 1030.79 587.04 582.957 433.445 296.901 291.699 332.169 273.491 268.286 378.62 372.181 241.597 240.957 341.494 232 194.622 186.479 176.716 312.884 319.826 268.284 175.665 159.588 221.851 202.183 158.522 157.793 153.026
threshold=267.42482855000009 9.5871465020954059 25.500000000000004 26.470000000000002 33.334427712442256 -0.12857142857142917 4.245000000000001 0.0008805914375 2.2500000000000004 6.5000000000000009 9.6350000000000033 0.60000000000000009 7.3500000000000005 267.17131490000003 12.450000000000001 0.00036689650000000003 6.9750000000000005 25.650000000000002 20.950000000000003 26.200000000000003 0.54500000000000015 0.34750000000000003 19.150000000000002 9.0704834205748828 11.919350000000003 91.500000000000014 6.0999999999999668 31.400000000000002 0.0065500000000000011 24.650000000000006
decision_type=2 2 2 2 2 2 2 2 2 2 2 2 2 2 2 2 2 2 2 2 2 2 2 2 2 2 2 2 2 2
left_child=3 -2 14 23 10 13 -5 8 16 -7 17 -12 -13 -6 19 24 -8 -4 -18 20 -3 22 -22 -1 25 26 -16 -19 -10 -15
right_child=1 2 4 6 5 9 7 -9 28 -11 11 12 -14 29 15 -17 18 27 -20 -21 21 -23 -24 -25 -26 -27 -28 -29 -30 -31
leaf_value=-0.068760151713426379 0.032745067702345934 -0.00016670395457519109 -0.081605313808965685 -0.0030120028918528162 -0.16769291969335615 -0.42876869979034793 -0.18726325518819883 -0.060460249933933931 -0.035569269884341802 -0.12036308094537587 -0.1832380151560776 -0.12063417291960775 -0.86032019210401389 -0.0083095980925262016 -0.6026796710338862 -0.011913044991401072 -0.24352899077773268 -0.38292491333206513 -0.67191681467381448 0.020969000167168309 -0.54100847744604141 -0.053979906300650138 -0.075161864715365512 -0.2243172183169044 -0.041650745198250697 -0.11316463319496449 -0.16152441256275521 -0.12574649732790252 -0.179953605524379 -0.1130815988070677
leaf_weight=22.955846890807152 2891.2165020443499 195.24570054397918 58.230131151387468 96.996674804016948 29.984011833555996 9.8507511406205577 31.010856470558792 165.53049448272213 44.518677146174014 25.384824547916651 18.915278345346454 3.0730411376571274 4.3223031512461603 281.88653049897403 5.1975271567935142 183.85603494639508 7.8406940121203643 11.230758356861772 5.0186989805661142 980.88143926975317 6.8594473270932195 29.246228440664709 5.7512576496228576 115.08822885481641 19.130769295617938 19.194327174685895 6.3041214793920517 14.903588606044648 32.898142092861235 38.826688401866704
leaf_count=56 997 196 155 103 134 103 151 367 77 89 92 13 96 329 80 228 51 105 86 569 92 62 16 636 36 65 30 55 155 129
internal_value=7.69213e-05 0.0120689 -0.0186127 -0.110933 -0.0807154 -0.0514259 -0.0787504 -0.104247 -0.162982 -0.216175 -0.18143 -0.319636 -0.604529 -0.0342913 0.00266981 -0.0437223 -0.271928 -0.13503 -0.447497 0.0116033 -0.0270466 -0.149384 -0.350053 -0.199166 -0.158453 -0.22748 -0.393542 -0.246488 -0.0985013 -0.0213213
internal_weight=5361.35 4839.49 1948.27 521.858 496.608 385.933 383.814 286.818 121.287 35.2356 110.675 26.3106 7.39534 350.697 1451.67 233.683 43.8702 84.3645 12.8594 1217.98 237.103 41.8569 12.6107 138.044 49.8267 30.696 11.5016 26.1343 77.4168 320.713
internal_count=5353 3671 2674 1682 1300 784 990 887 520 192 516 201 109 592 1374 439 288 315 137 935 366 170 108 692 211 175 110 160 232 458
is_linear=0
shrinkage=0.05


Tree=3
num_leaves=31
num_cat=0
split_feature=85 128 93 136 134 128 9 14 28 29 73 25 94 49 133 136 59 13 105 16 82 105 36 19 124 50 106 99 56 16
split_gain=2316.89 1134.47 848.441 505.046 406.785 342.259 320.461 298.774 287.969 256.628 251.706 223.625 204.995 204.709 181.674 280.397 205.337 180.385 177.412 162.479 208.012 158.096 152.924 167.742 143.008 236.896 206.128 142.833 206.284 134.888
threshold=267.42482855000009 9.5871465020954059 266.81298430000004 0.93000000000000005 7.3800000000000017 10.581287651958503 0.02777777777777778 0.00034771400000000005 26.400000000000002 52.000000000000007 19.650000000000002 13.500000000000002 22.500000000000004 959.6500000000002 26.200000000000003 0.54500000000000015 4.8029000000000002 0.0008805914375 8.5000000000000018 1.0350000000000004 25.790000000000006 10.500000000000002 278.31565525000008 -0.002018571428571429 -0.60355339059327384 1022.6500000000002 29.150000000000002 0.85000000000002285 0.67697630000003539 0.94500000000000006
decision_type=2 2 2 2 2 2 2 2 2 2 2 2 2 2 2 2 2 2 2 2 2 2 2 2 2 2 2 2 2 2
left_child=4 22 3 8 13 -5 7 -4 -3 21 14 18 -7 -1 15 -8 -17 -11 -12 20 -10 -6 -2 -24 -23 26 -26 28 -20 -13
right_child=1 2 6 5 9 12 10 -9 19 17 11 29 -14 -15 -16 16 -18 -19 27 -21 -22 24 23 -25 25 -27 -28 -29 -30 -31
leaf_value=-0.13177412916605027 0.03495454980269274 -0.03272688351407723 -0.275862942463378 -0.16312507723653277 -0.020054000188537372 -0.78994358103261164 -0.0037207406287406704 -0.045180718350341098 -0.036257193779037675 -0.16631555671147105 -0.042576020141240817 -0.037852989838340519 -0.26827300661449865 -0.017496134157144339 0.023262366714335597 -0.33071250490056081 -0.059350996616705787 -0.010294404570531993 -0.43590630167764921 -0.07138363158367142 -0.30880084565881766 -0.13107161291483851 0.0161133169939317 -0.10069635410025042 -0.37165122644827403 -0.095988217911559731 -0.18083185168180119 -0.084179178334039872 -0.090084709174924671 0.012379289848516214
leaf_weight=49.034622898325324 2647.9735732581466 111.96206995332614 18.778253835625947 17.744861247949306 21.054415252991021 3.9943830785341543 142.24076506588608 50.428483374416828 9.9556079655885679 24.864991365931928 107.50542019167915 239.68617414677283 5.7394970152527094 183.38093032408506 853.78770213224925 11.200807579210961 17.701247138204053 66.087484543211758 8.3536551580764371 27.793008891865611 25.602501467335969 144.77105465834029 108.334986243397 41.768121831119061 27.566263383254409 31.50262267049402 36.234895986039191 27.655712815001607 9.3151871031150204 299.49937853356823
leaf_count=181 796 186 128 79 30 83 153 97 18 111 200 422 42 248 456 92 40 80 90 69 190 527 73 128 240 94 171 76 28 225
internal_value=0.000171416 0.0116533 -0.0172104 -0.113868 -0.0937154 -0.309742 -0.00617595 -0.110882 -0.0815557 -0.127565 -0.00189045 -0.0251715 -0.536461 -0.042089 0.0138328 -0.0330415 -0.172226 -0.0543474 -0.078356 -0.165925 -0.23571 -0.152743 0.0321709 -0.0168087 -0.164228 -0.212658 -0.267818 -0.160364 -0.268445 -0.00997013
internal_weight=5371.52 4787.02 1988.94 202.792 584.497 27.4787 1786.15 69.2067 175.313 352.082 1716.95 692.016 9.73388 232.416 1024.93 171.143 28.9021 90.9525 152.83 63.3511 35.5581 261.129 2798.08 150.103 240.075 95.3038 63.8012 45.3246 17.6688 539.186
internal_count=5353 3671 2674 667 1682 204 2007 225 463 1253 1782 1041 125 429 741 285 132 191 394 277 208 1062 997 201 1032 505 411 194 118 647
is_linear=0
shrinkage=0.05


Tree=4
num_leaves=31
num_cat=0
split_feature=126 128 61 15 90 87 131 26 103 84 116 121 136 47 42 89 36 141 117 106 106 15 2 15 49 131 136 35 1 91
split_gain=1928.2 1102.33 765.251 332.17 420.075 320.692 296.417 280.289 220.545 254.716 208.431 198.745 195 270.202 261.825 194.912 194.65 319.895 173.601 149.849 147.468 144.602 137.245 167.663 178.107 221.381 126.502 118.953 113.084 109.26
threshold=60.500000000000007 9.5871465020954059 329.7000000000001 0.00024687500000000008 21.241836734693884 8.5000000000000018 50.315893384814146 11.500000000000002 1111.8499999999999 10.150000000000004 266.42888910000005 0.25000000000000006 0.75000000000000011 16.500000000000004 0.17500000000000002 43.350000000000001 279.12355140000005 25.640000000000004 1.0000000180025095e-35 11.450000000000001 23.550000000000004 0.0012729166666666668 0.00015343650000000002 0.0016145833333333335 969.35000000000002 70.419982385672299 0.40500000000000008 276.67312985000007 0.082906605000000008 28.550000000000004
decision_type=2 2 2 2 2 2 2 2 2 2 2 2 2 2 2 2 2 2 2 2 2 2 2 2 2 2 2 2 2 2
left_child=1 16 11 4 -4 8 20 18 -6 15 -8 12 -3 -14 -15 -10 27 -18 21 -12 -2 -5 23 24 25 -21 -20 -1 -24 -16
right_child=6 2 3 7 5 -7 10 -9 9 -11 19 -13 13 14 29 -17 17 -19 26 22 -22 -23 28 -25 -26 -27 -28 -29 -30 -31
leaf_value=0.005373360541086925 -0.0062903176169617492 -0.0062114335931899127 -0.0050946169442112454 -0.11190409370405437 -0.10992292532871151 -0.013917869734954878 -0.03333533962871401 -0.1868616175935463 -0.59706983296897309 -0.18620524787196874 -0.027751989768438252 0.019412410385716027 -0.037917576767273781 -0.049301490536729942 -0.57068496175663375 -0.25721563023071292 0.017049781331725612 -0.15850550224480189 -0.082169746983899408 -0.097291961538875163 -0.1240627724675125 -0.022542947000506176 -0.048304010741969876 -0.33774697093286293 -0.1275539602884965 -0.38612198089329913 0.0019318534746551579 0.038283782756209972 -0.16322043257986607 -0.18989001566826466
leaf_weight=312.82600600086153 128.59599994495511 440.99192885286175 49.730908937752247 99.64600370451808 28.045241766842082 22.389390487223864 70.938268424477428 30.220761183649302 9.0375565392896551 30.307517684996128 33.661492520244792 860.62395887612365 64.345295232953504 9.5235077175311762 4.9531005347962473 12.329399900976567 103.85514560155571 33.507482619956136 51.924365514423698 12.544527318328621 32.579839795827866 83.708441851194948 62.018792047863826 12.784762712195514 151.03828708687797 15.726971626281737 287.23661736445501 2286.8544517047703 32.978919892571867 5.0235937461256981
leaf_count=279 145 496 55 325 92 29 119 147 129 147 53 526 114 20 73 81 68 143 139 39 116 122 123 106 539 145 276 535 144 28
internal_value=0.000249478 0.010387 -0.01695 -0.0593362 -0.12466 -0.18223 -0.0881106 -0.0411896 -0.22868 -0.289728 -0.111564 0.0046291 -0.0195938 -0.0890174 -0.247314 -0.421454 0.0312622 -0.0265741 -0.032414 -0.128693 -0.0307457 -0.0714779 -0.140373 -0.164895 -0.150738 -0.265836 -0.0111328 0.0343291 -0.0895346 -0.414165
internal_weight=5379.95 4827.08 2090.04 704.576 151.84 102.109 552.868 552.736 79.7197 51.6745 391.692 1385.46 524.837 83.8455 19.5002 21.367 2737.04 137.363 522.515 320.754 161.176 183.354 287.092 192.095 179.31 28.2715 339.161 2599.68 94.9977 9.97669
internal_count=5353 3824 2799 1542 533 478 1529 1009 449 357 1268 1257 731 235 121 210 1025 211 862 1149 261 447 1096 829 723 184 415 814 267 101
is_linear=0
shrinkage=0.05


Tree=5
num_leaves=31
num_cat=0
split_feature=126 131 140 54 112 21 107 141 80 66 112 138 128 33 77 77 115 21 13 53 18 111 73 31 111 96 150 120 25 121
split_gain=1666.77 777.106 569.193 258.208 218.277 462.73 233.345 213.585 197.876 179.966 198.714 306.691 231.327 206.817 195.984 180.58 169.776 147.657 116.478 115.662 274.504 197.033 132.129 172.444 110.011 107.307 104.192 102.9 98.8826 96.4755
threshold=39.500000000000007 52.500362958644175 68.935000000000016 0.045000000000000005 281.38990805000009 0.20138888888888892 8.3500000000000032 32.160000000000004 31.762500000000003 28.425000000000004 271.04034960000007 7.3800000000000008 10.100143380802356 -0.99536542789798055 277.37170405000006 287.27628505000007 15.850000000000003 0.50694444444444453 0.00092221797222222246 179.50000000000003 0.00031041666666666669 8.1500000000000004 25.750000000000004 24.050000000000004 16.450000000000003 43.975000000000001 1.0000000180025095e-35 268.46673595000004 13.500000000000002 1.0000000180025095e-35
decision_type=2 2 2 2 2 2 2 2 2 2 2 2 2 2 2 2 2 2 2 2 2 2 2 2 2 2 2 2 2 2
left_child=2 3 4 -2 19 -6 -7 29 25 10 11 -9 -13 -14 -12 16 -16 28 -10 22 -21 -22 -1 -24 27 -8 -19 -11 -5 -3
right_child=1 7 -4 17 5 6 8 9 18 24 14 12 13 -15 15 -17 -18 26 -20 20 21 -23 23 -25 -26 -27 -28 -29 -30 -31
leaf_value=0.015314082329484113 0.023507383053983286 -0.13059660073458687 0.036282780728597454 0.004906638545203919 0.037719482883829647 -0.020996619227708554 -0.235556558062475 -0.098775914959084735 -0.1309798174075571 -0.099572573336063064 -0.01204481746246925 -0.075510194970863143 -0.18245769796354819 -0.59436745167559224 -0.41493844330677976 -0.029837778528576289 -0.097205316781526024 -0.058110923051590983 -0.037172859615304248 0.027542979942469428 -0.059555328238443575 -0.30260327595479897 -0.13343311723271151 -0.0080840972828133302 -0.11375330642224767 -0.054524438786348377 -0.23741037689028441 -0.0019611184333421065 -0.097908585048807409 -0.045312158260438183
leaf_weight=1433.4438101962442 321.9201558791101 236.24145326577127 1668.7990641789511 72.292385146021843 178.55270067928359 198.93909777991939 32.776146035175771 103.48599833482876 50.083044163882732 31.058016318362206 98.041310381144285 8.1227648817002791 6.9369279220700264 7.2173610902391356 8.0226997938007134 17.099201114848256 9.4955448331311327 17.453269520774484 98.170774846337736 48.205103609710932 22.686661638785154 12.882457555737345 30.864475093781948 199.48516910907347 33.777923725545406 11.867804184556006 15.857428916729985 172.11020713113248 33.446952361613512 40.390312444418669
leaf_count=994 170 856 457 65 43 283 192 310 184 95 122 22 36 105 83 28 30 39 172 21 51 97 116 232 113 26 96 179 101 78
internal_value=-0.00168725 -0.0524701 0.0140261 -0.00107472 -0.00200398 -0.0288341 -0.0591929 -0.0831113 -0.0982482 -0.0632124 -0.0920274 -0.136924 -0.302063 -0.418184 -0.0487216 -0.1492 -0.257535 -0.0577829 -0.0695614 0.00676175 -0.0502073 -0.153587 0.00966166 -0.0254053 -0.03151 -0.189791 -0.148043 -0.0173219 -0.0281811 -0.118371
internal_weight=5219.73 1232.97 3986.76 460.97 2317.96 570.39 391.837 772 192.898 495.368 258.422 125.763 22.2771 14.1543 132.659 34.6174 17.5182 139.05 148.254 1747.57 83.7742 35.5691 1663.79 230.35 236.946 44.644 33.3107 203.168 105.739 276.632
internal_count=5396 2528 2868 471 2411 900 857 2057 574 1123 736 473 163 141 263 141 113 301 356 1511 169 148 1342 348 387 218 135 274 166 934
is_linear=0
shrinkage=0.05


Tree=6
num_leaves=31
num_cat=0
split_feature=126 128 134 110 42 141 26 150 112 15 91 101 49 126 138 105 135 20 33 128 89 93 74 90 77 92 51 56 33 92
split_gain=1437.71 528.759 528.471 443.674 320.329 194.703 182.395 166.073 169.275 204.599 174.524 138.302 161.116 240.99 128.21 126.722 123.757 111.978 118.807 109.407 105.931 105.642 102.028 135.528 124.655 99.7649 98.6359 91.2858 90.2146 106.045
threshold=39.500000000000007 9.5871465020954059 7.3800000000000017 19.950000000000003 0.115 31.995000000000001 4.5000000000000009 0.96428571428571452 271.21845815000006 0.00016562500000000003 22.350000000000005 -4.221301049999993 988.55000000000007 17.500000000000004 4.245000000000001 18.500000000000004 20.430000000000003 1.0000000180025095e-35 0.3213046900650402 11.245261682810849 47.650000000000013 263.50812270000006 13.250000000000002 25.856122448979594 281.80172285000009 0.8500000000000002 1.5000000000000002 4.5334846000000093 0.74963115914025547 0.95000000000000029
decision_type=2 2 2 2 2 2 2 2 2 2 2 2 2 2 2 2 2 2 2 2 2 2 2 2 2 2 2 2 2 2
left_child=1 5 4 11 16 -1 -6 8 15 -10 26 -3 -13 22 -7 -4 25 19 -19 27 -21 -17 23 24 -14 -2 -11 -5 29 -16
right_child=2 3 7 17 6 14 -8 -9 9 10 -12 12 13 -15 28 21 -18 18 -20 20 -22 -23 -24 -25 -26 -27 -28 -29 -30 -31
leaf_value=0.035124643381294805 0.034705394742563699 0.025067608532854453 -0.21598080252477778 -0.017234220674726644 -0.039991170313411512 0.011264537169067479 -0.18442849698478425 -0.17412401890858745 -0.1512084859518813 -0.074096481141337794 -0.11046526049442118 0.0072914475300138257 -0.36439730675483983 -0.0012345069861856666 -0.026021851249257745 -0.15519538080865711 0.042753038294131074 -0.061144751576907921 -0.22853546409594261 -0.13384515959799628 -0.018029210586283591 -0.073610049888655993 -0.059091220721170339 -0.06140871805981625 -0.091862691769540247 -0.06119084007316871 0.0060005744247430756 -0.10217383103151684 -0.023144675496541828 -0.22865076359064368
leaf_weight=1938.7854372449219 45.094684422016144 630.9089016802609 18.907451753504574 282.26349041145295 201.7421117471531 119.17411585524678 23.719691000878811 39.134029606822878 37.243913782760501 46.906273774802685 51.628213611897081 538.82162122440059 11.294964109547438 119.91460180655122 11.430636378005149 46.003981983289123 220.47212531603873 31.345206914935261 16.035532573238015 52.550498783355579 32.000529881101102 312.4453877764754 41.120713126263581 15.560642837546764 7.7760917274281374 65.05759968329221 193.43435628665611 34.78144795447588 35.161210585385561 14.951867293566464
leaf_count=576 13 314 105 380 364 92 115 179 153 118 168 460 101 123 18 192 31 71 94 196 44 774 91 36 24 146 170 108 52 88
internal_value=-0.00152991 0.0135427 -0.0470571 -0.00626664 -0.0101253 0.0304976 -0.0559561 -0.0745407 -0.0687798 -0.0423496 -0.0279776 0.00791488 -0.00682617 -0.0455676 -0.0190356 -0.091652 0.0211873 -0.0493274 -0.121453 -0.040525 -0.0907932 -0.0844974 -0.114751 -0.177185 -0.263636 -0.0219283 -0.00985316 -0.0268602 -0.0770312 -0.145198
internal_weight=5235.67 3933.88 1301.79 1814.37 556.086 2119.5 225.462 745.704 706.57 329.213 291.969 1365.4 734.489 195.667 180.718 377.357 330.624 448.977 47.3807 401.596 84.551 358.449 75.7524 34.6317 19.0711 110.152 240.341 317.045 61.5437 26.3825
internal_count=5396 2868 2528 2042 669 826 479 1859 1680 609 456 1149 835 375 250 1071 190 893 165 728 240 966 252 161 125 159 288 488 158 106
is_linear=0
shrinkage=0.05


Tree=7
num_leaves=31
num_cat=0
split_feature=126 139 131 41 75 24 105 28 106 84 76 15 11 14 28 142 91 104 93 15 100 138 139 106 32 135 30 112 4 13
split_gain=1248.04 532.854 493.317 222 198.038 377.894 140.432 149.988 147.957 129.345 185.337 123.887 149.704 120.096 176.171 114.494 152.166 125.1 122.711 118.778 151.387 153.259 124.142 109.907 121.407 162.028 94.7471 85.5813 91.2276 77.581
threshold=39.500000000000007 83.777273392101407 52.500362958644175 89.500000000000014 7.1500000000000012 53.850000000000001 3.5000000000000004 10.150000000000002 15.250000000000002 20.150000000000002 0.8500000000000002 0.00025937500000000006 0.00018508042361111118 0.0082561165000000023 12.250000000000002 288.87566732956026 12.350000000000003 22.550000000000008 266.99259440000009 0.0003927083333333334 -4.599999999999965 11.905000000000001 68.337932145285137 11.250000000000002 4.9500000000000011 38.740000000000009 -3.1042857142857136 293.73093045000002 0.0112925035 6.5153812500000024e-05
decision_type=2 2 2 2 2 2 2 2 2 2 2 2 2 2 2 2 2 2 2 2 2 2 2 2 2 2 2 2 2 2
left_child=1 4 3 13 -1 6 7 -6 -8 15 -11 12 -10 14 -2 -4 17 -17 19 22 21 -21 -18 24 -7 -26 -25 -28 -29 -16
right_child=2 -3 9 -5 5 23 8 -9 11 10 -12 -13 -14 -15 29 16 18 -19 -20 20 -22 -23 -24 26 25 -27 27 28 -30 -31
leaf_value=0.020175734597740538 -0.0014648284593573788 0.03602259697920096 -0.085242258465118501 0.031940474058837896 -0.2417484753090284 -0.0049446810025443435 -0.0077409024317375355 -0.04840535369080648 -0.059183418824095904 -0.033964596484879934 -0.30450083586054966 -0.039790888098460077 -0.19846232441406597 -0.015965883851437643 -0.083993894168009231 -0.2519451887084897 -0.12934002362253491 -0.063722842907960736 0.0097289917111544281 -0.23295278371876704 -0.021105255393005881 -0.029535770229505678 -0.026018164028724308 -0.034353843835377117 -0.014425442807973324 -0.23524270430319763 0.021823432676353172 -0.09968306316648079 0.010809769313378055 -0.25689406386343877
leaf_weight=709.99823272915091 24.162815671414137 1530.4003671202809 308.7774359472096 245.6842162841931 16.977814610581845 69.889482485596091 241.37584451807197 24.354311695322394 53.449659943580627 12.636699866503479 12.385017826221882 212.21762660646345 30.574203480035067 166.43503355793655 13.142435491085054 14.88036567578092 80.660522294230759 22.258300021290779 99.692785417661071 17.183245741762221 266.8423680504784 19.682517947629094 46.291328731924295 99.706732597667724 17.548572429455817 15.10908858804032 785.2916619151365 30.032234957907349 46.333224727306515 15.601819984614847
leaf_count=423 25 427 837 88 104 77 279 49 118 22 94 382 156 220 37 95 292 52 80 102 380 32 71 169 23 91 442 92 36 101
internal_value=-0.00139341 0.0130676 -0.0424767 -0.000630187 -0.00187015 -0.0114073 -0.0438789 -0.131777 -0.0368799 -0.0640375 -0.17462 -0.0604994 -0.11166 -0.0371145 -0.102021 -0.0606787 -0.0471782 -0.143898 -0.0401379 -0.0516888 -0.0344907 -0.128129 -0.0922019 0.00628273 -0.0426631 -0.120689 0.0115478 0.0168988 -0.0333059 -0.18349
internal_weight=5249.58 3883.26 1366.32 465.026 2352.86 1642.86 578.949 41.3321 537.617 901.291 25.0217 296.241 84.0239 219.342 52.9071 876.269 567.491 37.1387 530.353 430.66 303.708 36.8658 126.952 1063.91 102.547 32.6577 961.364 861.657 76.3655 28.7443
internal_count=5396 2868 2528 471 2441 2018 1088 153 935 2057 116 656 274 383 163 1941 1104 147 957 877 514 134 363 930 191 114 739 570 128 138
is_linear=0
shrinkage=0.05


Tree=8
num_leaves=31
num_cat=0
split_feature=126 139 131 136 114 73 19 13 15 85 124 121 133 14 15 91 120 50 124 1 82 116 132 58 120 140 89 19 66 43
split_gain=1092.75 491.889 354.158 199.546 175.823 168.458 240.016 149.065 135.109 176.67 127.306 181.401 118.74 114.011 103.191 111.723 127.915 116.192 101.792 146.049 165.718 173.668 168.626 101.307 100.788 158.771 93.1194 142.065 84.995 81.5175
threshold=37.500000000000007 83.777273392101407 46.914709146432635 0.59000000000000008 41.350000000000001 26.950000000000003 -0.0014714285714285721 0.01072105507638889 0.0017718750000000002 266.27395845000007 1.0000000180025095e-35 0.15000000000000005 86.820000000000007 0.0082561165000000023 0.00091145833333333346 22.550000000000004 272.06801175000004 1024.2500000000002 0.78656609248549303 0.0031113485000000001 14.052000000000003 279.02186020000005 4.5000000000000009 8.7500000000000018 274.18450000000001 15.325000000000001 33.750000000000007 -0.0002757142857142856 28.075000000000006 0.42050000000000004
decision_type=2 2 2 2 2 2 2 2 2 2 2 2 2 2 2 2 2 2 2 2 2 2 2 2 2 2 2 2 2 2
left_child=1 4 3 12 5 18 -7 8 14 -10 11 -6 13 -2 15 16 26 29 19 20 21 -1 -23 -8 25 -17 -4 -28 -16 -18
right_child=2 -3 7 -5 10 6 23 -9 9 -11 -12 -13 -14 -15 28 24 17 -19 -20 -21 -22 22 -24 -25 -26 -27 27 -29 -30 -31
leaf_value=-0.014862336963867072 -0.18555960605916855 0.035994157339815668 0.013008432018841568 0.024340956935840735 -0.27916167127948777 0.011100594840974941 -0.073196309909014032 0.035081814872807197 -0.075557124860839875 -0.26093060339611318 -0.013183569313848646 -0.012031998207234808 0.0036573680512239667 -0.05080262602383389 -0.058614398770394316 -0.092659846432277149 -0.08040605780968911 -0.017958935186303027 0.025271573190370523 0.010602347343010354 -0.015302746871972375 -0.37520251739574106 -0.085200143597936151 0.00023949738663217379 -0.022546929228367162 -0.25805550082655221 -0.015351355362234857 -0.12012844151561389 -0.004763510787442686 -0.18422438647861025
leaf_weight=19.736224801279604 19.992563605308533 1463.031865535304 95.102982273325324 299.28399772755802 14.478715906850995 252.34577586734667 207.97541542327963 46.257758870720863 53.11879275739193 16.67275383323431 26.617939724586904 11.009930759668348 70.316623736172915 68.393033757805824 122.7865343876183 55.392882747575641 233.99675188632682 73.971745087299496 593.65974643616937 796.12870780820958 249.29575067677069 8.8658870477229375 11.906790986657141 60.394074581097811 25.12102298438549 19.921554618515074 97.620754657313228 47.757279670797288 180.59902284806594 20.539174772799015
leaf_count=26 98 409 70 153 101 196 514 13 135 109 34 14 65 139 268 160 612 101 293 627 326 83 34 60 37 128 128 165 198 100
internal_value=-0.00126924 0.0134315 -0.0365687 0.000314412 -0.00123113 0.000935997 -0.0238813 -0.0520728 -0.0559744 -0.122973 -0.0911313 -0.168773 -0.0448327 -0.0830751 -0.0510413 -0.0620112 -0.0532389 -0.0735024 0.00864258 -0.000458475 -0.0307931 -0.123336 -0.220752 -0.0567122 -0.110644 -0.139283 -0.0253475 -0.0503907 -0.0266955 -0.0894911
internal_weight=5262.29 3715.45 1546.85 457.986 2252.41 2200.31 520.715 1088.86 1042.6 69.7915 52.1066 25.4886 158.702 88.3856 972.81 669.424 568.989 328.508 1679.59 1085.93 289.805 40.5089 20.7727 268.369 100.435 75.3144 240.481 145.378 303.386 254.536
internal_count=5396 2717 2679 455 2308 2159 770 2224 2211 244 149 115 302 237 1967 1501 1176 813 1389 1096 469 143 117 574 325 288 363 293 466 712
is_linear=0
shrinkage=0.05


Tree=9
num_leaves=31
num_cat=0
split_feature=105 139 99 23 124 49 101 134 100 64 25 121 80 50 139 41 41 128 41 82 18 22 36 41 136 142 16 136 49 93
split_gain=887.325 481.909 343.039 256.942 364.528 270.302 173.522 152.993 152.29 146.839 138.146 132.254 126.876 116.498 120.26 92.4388 119.705 91.1217 71.993 78.8116 113.545 112.002 83.2149 74.8486 72.5977 70.2318 69.2301 77.82 68.4781 88.48
threshold=17.500000000000004 83.777273392101407 4.2500000000000009 26.068055555555556 0.37940952255126048 962.85000000000002 -2.4419807999999814 13.385000000000002 4.8500000000000236 85.049999999999969 15.500000000000002 0.25000000000000006 29.662500000000005 1018.2500000000001 14.262495023041225 35.500000000000007 64.500000000000014 10.628332990791533 44.500000000000007 10.910000000000002 0.033262500000000007 7.5000000000000009 267.78443895000004 50.500000000000007 1.8400000000000001 781.43734036482431 1.6200000000000003 0.63500000000000012 992.55000000000007 267.20654945000007
decision_type=2 2 2 2 2 2 2 2 2 2 2 2 2 2 2 2 2 2 2 2 2 2 2 2 2 2 2 2 2 2
left_child=1 3 11 4 5 8 -6 9 12 18 -9 13 -1 14 -2 -12 -17 -8 -7 -20 21 23 24 -21 -23 -3 -16 -28 29 -15
right_child=2 25 -4 -5 6 7 17 10 -10 -11 15 -13 -14 28 26 16 -18 -19 19 20 -22 22 -24 -25 -26 -27 27 -29 -30 -31
leaf_value=-0.39932355684454302 -0.080089895527934496 0.038454990545794231 0.026618753075729248 0.026511875567369142 0.021513140423066665 0.0053412163936372194 -0.011297809779947359 -0.045280033595986216 -0.054124052331628161 -0.10536112209122189 -0.042392740007237646 0.0015907570086186745 -0.10994931388868714 -0.078871283674975479 -0.042369403520985088 -0.29255923743515705 -0.069821621143304077 -0.099464173894841218 0.016376943772655018 -0.051502648938931798 0.013496538612332902 -0.19329133382036576 -0.027241917908955627 -0.21729213731038458 -0.037499947300628465 0.0073891142981252411 0.0077454179243471978 -0.060441217720051704 -0.044341858136097027 -0.1731411332478362
leaf_weight=8.6700916886329704 150.39530976023525 1255.3870238084346 198.09117810893804 573.97140779532492 715.29517261777073 315.95892329514027 88.644312410615385 140.63513068202883 15.278659665025769 44.024134011939168 14.098588922992347 140.605187704321 8.0341119430959207 162.6904622442089 429.28317237319425 15.041021209210159 11.059593240730463 43.124286353820935 79.45074687898159 12.743483701720836 73.102561588399112 14.80409775208682 146.52352438680828 16.190928467083722 15.51429573073983 213.85120265092701 176.61387374345213 53.734999505337328 111.3043389772065 29.899726541247219
leaf_count=86 393 289 92 269 407 282 109 269 33 139 27 136 28 421 794 109 28 131 53 27 53 76 227 91 28 182 149 120 211 137
internal_value=-0.00115524 0.0114889 -0.0344066 -0.00254413 -0.0119354 -0.033513 0.0117894 -0.028315 -0.174207 -0.0179051 -0.0693119 -0.0440601 -0.274499 -0.0498231 -0.0398182 -0.150125 -0.204422 -0.0407218 -0.0120401 -0.0273524 -0.0398424 -0.058789 -0.0433132 -0.148601 -0.117473 0.0339448 -0.0305214 -0.00833182 -0.0762568 -0.0943513
internal_weight=5274.02 3821.4 1452.62 2352.17 1778.19 931.13 847.064 899.147 31.9829 718.313 180.834 1254.53 16.7042 1113.92 810.027 40.1992 26.1006 131.769 674.289 358.33 278.879 205.776 176.842 28.9344 30.3184 1469.24 659.632 230.349 303.895 192.59
internal_count=5396 2943 2453 2472 2203 1556 647 1409 147 976 433 2361 114 2225 1456 164 137 240 837 555 502 449 331 118 104 471 1063 269 769 558
is_linear=0
shrinkage=0.05


Tree=10
num_leaves=31
num_cat=0
split_feature=131 126 55 36 101 15 141 93 124 132 14 50 21 49 84 140 115 41 82 21 120 161 64 81 141 105 82 0 49 14
split_gain=958.453 442.509 273.425 162.344 150.721 163.279 159.066 122.363 119.897 142.6 134.355 104.381 103.976 239.429 120.674 99.3373 110.099 95.6894 102.27 94.1522 84.702 72.9519 67.7472 86.1647 83.2477 156.326 66.9888 63.312 62.034 68.5586
threshold=63.778943440450405 25.500000000000004 3.2507802000000372 280.51883465000009 3.9793033500000097 0.00025312500000000004 38.505000000000003 263.50812270000006 -0.37940952255126015 7.5000000000000009 0.020297361000000003 1026.2500000000002 0.56250000000000011 977.75000000000011 5.0500000000000016 6.4900000000000011 10.350000000000003 80.500000000000014 26.488000000000003 0.50694444444444453 269.16220880000009 0.11224489795918369 440.40000000000009 43.150000000000013 36.125000000000007 20.500000000000004 10.910000000000002 0.1072 996.05000000000007 0.034794985500000007
decision_type=2 2 2 2 2 2 2 2 2 2 2 2 2 2 2 2 2 2 2 2 2 2 2 2 2 2 2 2 2 2
left_child=2 4 -1 12 11 6 -6 -5 15 10 17 28 -4 14 21 -3 -17 22 -19 27 -9 -14 23 24 -10 -26 -18 -12 29 -2
right_child=1 8 3 7 5 -7 -8 20 9 -11 19 -13 13 -15 -16 16 26 18 -20 -21 -22 -23 -24 -25 25 -27 -28 -29 -30 -31
leaf_value=-0.013708542911902766 0.0074398265542924254 -0.10308395581620594 0.038070149750449887 0.018145423708325996 -0.27327592406617429 -0.020485507053340832 -0.027230545444648865 -0.12877561625201123 -0.054385585360030492 0.0052265700327280649 -0.29014098353000478 0.039486061716355048 -0.0577650538482153 0.027224923754654268 -0.0077038653798625709 -0.057083094289025763 0.045357092739455852 -0.070982785345950053 -0.22185700844664036 -0.065463420849240686 -0.020196211278138858 -0.22127147534118749 0.0039430459869404721 -0.0094491588746612246 -0.24838358792649085 -0.068399811969063126 -0.018332097445952891 -0.11379105751733837 -0.037598976845024376 -0.045528104478614523
leaf_weight=430.5747729819268 929.56481444439851 40.447844535112381 1830.9592897696421 110.60091934911907 13.523197173140945 92.565334018319845 12.530915800482033 29.457173604518175 155.58292265515774 76.16630199085921 12.950097822584214 199.2104200203903 12.872771793045105 260.47003756649792 26.641129460185766 191.79420454986393 43.153374671936035 36.567328240722418 16.454028621315956 20.175537651404738 45.227566264569759 16.491702673956752 51.217955447733402 68.723442286369391 17.080753158312291 40.342970837373286 638.4505895129405 11.485419146716593 97.688366875983775 64.373431625775993
leaf_count=549 791 126 436 70 93 131 20 108 326 68 94 41 29 118 31 412 3 90 94 48 64 94 47 82 107 97 873 40 172 124
internal_value=0.00192377 -0.0185241 0.0228665 0.0296227 0.00132427 -0.0523663 -0.160504 -0.0151956 -0.0382074 -0.057721 -0.0688539 0.00629867 0.0334973 0.00698883 -0.0858638 -0.02733 -0.0237021 -0.0590396 -0.121136 -0.1505 -0.0642238 -0.154021 -0.0488028 -0.0583896 -0.0740382 -0.125357 -0.014232 -0.21518 0.000207144 0.00396197
internal_weight=5593.34 2830.05 2763.3 2332.72 1409.46 118.619 26.0541 185.286 1420.59 506.747 430.58 1290.84 2147.43 316.476 56.0056 913.846 873.398 385.969 53.0214 44.6111 74.6847 29.3645 332.948 281.73 213.007 57.4237 681.604 24.4355 1091.63 993.938
internal_count=5378 3879 1499 950 1372 244 113 242 2507 1093 1025 1128 708 272 154 1414 1288 843 184 182 172 123 659 612 530 204 876 134 1087 915
is_linear=0
shrinkage=0.05


Tree=11
num_leaves=31
num_cat=0
split_feature=131 61 55 56 93 114 44 21 49 123 21 54 3 133 29 112 49 49 94 83 82 45 42 22 49 120 0 21 56 114
split_gain=870.11 413.176 256.931 153.755 103.831 103.679 113.614 101.544 205.187 91.9051 95.1212 90.5716 90.0096 84.5956 90.1594 75.6348 103.905 78.0348 74.5181 69.6804 98.5014 66.7873 63.1595 62.1429 72.4138 61.5795 61.1136 70.8617 118.538 129.957
threshold=63.778943440450405 317.10000000000008 3.2507802000000372 7.3688346500000259 263.50812270000006 39.550000000000004 422.50000000000006 0.56250000000000011 977.75000000000011 0.91597561503675362 0.46527777777777785 0.015000000000000001 0.016140869000000006 7.4400000000000004 37.550000000000004 274.94097485000003 995.85000000000002 973.6500000000002 22.500000000000004 20.350000000000005 10.674000000000001 99.500000000000014 0.20500000000000004 40.500000000000007 1003.0500000000001 269.16220880000009 0.12360000000000002 0.43750000000000006 -8.5141187499999926 22.350000000000005
decision_type=2 2 2 2 2 2 2 2 2 2 2 2 2 2 2 2 2 2 2 2 2 2 2 2 2 2 2 2 2 2
left_child=2 5 -1 7 -5 15 -7 -4 12 11 21 -3 -9 14 22 -2 17 18 -17 20 -15 -11 -13 24 -18 -6 27 -22 -29 -30
right_child=1 9 3 4 25 6 -8 8 -10 10 -12 13 -14 19 -16 16 23 -19 -20 -21 26 -23 -24 -25 -26 -27 -28 28 29 -31
leaf_value=-0.012843132853484276 0.0216918015989877 -0.090613322771651988 0.037607485211293618 0.017567454336883725 -0.10780039701807631 0.010746981099001483 -0.13030378750338686 -0.15921273877092368 0.026598826678367205 -0.0046267526735005917 -0.17477404104975811 -0.055927487869213977 -0.030729205211696156 0.033527812551280553 -0.040797487794306392 -0.1177346135683526 -0.17955427756418524 0.0082016521879193418 0.0024100838534253932 -0.01119093414586249 -0.022059344171048673 -0.094289129444351902 -0.1857811960394273 -0.017123140374397071 -0.039201469395863386 -0.018822500462401002 -0.088607483832344583 -0.027652706616707892 -0.21654477154938223 -0.06736684397142563
leaf_weight=436.51797215640545 493.73300215881318 60.836245776154101 1762.5645547751337 108.61211770400405 33.505616504698992 27.150700998492539 28.644413404166698 20.007325137034059 253.4744175337255 37.351172105409205 20.332534573040903 18.777680434286594 41.054173529148102 47.870253331959248 126.15109548904002 24.00974553078413 15.967664693482218 623.54621826088987 26.421775674913079 570.08132893801667 368.07080287439749 46.439471089281142 20.821078580338508 51.068481307476759 21.92563134804368 46.150278270244598 58.845253339037299 119.34351878985763 19.428087843116373 57.747426381334662
leaf_count=549 279 173 436 70 108 21 106 87 118 41 95 41 67 15 230 83 77 521 25 698 531 136 102 69 40 64 165 186 108 137
internal_value=0.00186445 -0.0172295 0.02225 0.0290171 -0.0141683 0.00347811 -0.0625977 0.0329387 0.00672442 -0.0345117 -0.0798001 -0.0312438 -0.0747956 -0.028611 -0.062114 0.00646323 -0.00340082 0.00332439 -0.0558689 -0.0240872 -0.0349986 -0.0549054 -0.127222 -0.0538774 -0.101569 -0.0571837 -0.0403136 -0.0351235 -0.0593312 -0.107274
internal_weight=5586.45 2884.56 2701.89 2265.37 188.268 1312.47 55.7951 2077.1 314.536 1572.1 104.123 1467.97 61.0615 1407.14 165.75 1256.67 762.94 673.978 50.4315 1241.39 671.305 83.7906 39.5988 88.9618 37.8933 79.6559 623.435 564.59 196.519 77.1755
internal_count=5378 3879 1499 950 242 1221 127 708 272 2658 272 2386 154 2213 373 1094 815 629 108 1840 1142 177 143 186 117 172 1127 962 431 245
is_linear=0
shrinkage=0.05


Tree=12
num_leaves=31
num_cat=0
split_feature=131 61 55 111 100 128 36 54 3 128 2 118 121 134 13 107 15 76 15 74 100 2 24 112 136 82 96 116 65 116
split_gain=790.609 354.771 241.334 151.526 94.0098 122.329 176.773 111.567 89.3583 94.4102 86.8762 123.913 82.7019 100.997 114.869 82.0418 74.8446 91.5924 93.8607 161.594 111.782 72.3314 71.9713 68.3574 57.5897 64.9047 54.6362 53.4599 52.1638 51.5358
threshold=63.778943440450405 317.10000000000008 3.2507802000000372 7.5500000000000007 4.5999999999999668 10.110034132736219 268.98573445000005 0.27500000000000008 0.0027129590000000005 9.986477217735418 1.5300000000000003e-05 30.950000000000003 1.0000000180025095e-35 7.1050000000000013 0.00036290932638888897 4.1500000000000012 0.00029375000000000007 5.2500000000000009 0.0017718750000000002 39.007142857142867 2.1499999999999777 0.00018973850000000004 60.70000000000001 270.80277565000006 0.41500000000000004 29.526000000000007 35.487500000000004 292.69260905000004 26.950000000000003 266.92176575000002
decision_type=2 2 2 2 2 2 2 2 2 2 2 2 2 2 2 2 2 2 2 2 2 2 2 2 2 2 2 2 2 2
left_child=2 4 -1 -4 5 27 -7 10 -6 15 11 -8 13 14 -5 -10 21 18 23 20 -20 -3 -11 29 26 -26 -25 -2 -16 -18
right_child=1 16 3 12 8 6 7 -9 9 22 -12 -13 -14 -15 28 -17 17 -19 19 -21 -22 -23 -24 24 25 -27 -28 -29 -30 -31
leaf_value=-0.012043000506738273 0.021004533441459784 -0.060912883890781588 0.038384409336192221 -0.10861381124511689 0.035325297751903344 -0.015508984107903703 -0.37054950957725502 -0.012395086205362433 -0.0012728887283589103 -0.014007693415829164 -0.069845456560171812 -0.11506120057441363 0.027479735375530424 0.02417656722374173 -0.057291548799417558 -0.12380616807885823 -0.0074770724714864501 -0.080176042833609559 -0.18347745906551938 0.034203048559691043 -0.058789862251708451 -0.019780961183356205 0.029826018675930262 -0.092901243401779729 0.011464634039487404 -0.028064106721244493 -0.016911306294843453 -0.029779062833929379 0.0027157511691176745 -0.050840371521011056
leaf_weight=442.16038683708757 235.41627057921141 337.50891556637362 1394.1076984852552 34.589586713351309 312.80534593202174 211.87156587955542 8.3805839857086557 18.152149154804647 28.157709740102291 176.24431895045564 16.063642339897342 12.601015876978634 394.42163799144328 175.39018172211945 46.021410826593637 25.725173516198993 107.65202034218237 68.482830845750868 25.74776410125196 30.96819207444787 60.540660779923201 158.71405171975493 197.5230326699093 31.504965584725142 384.49004413653165 141.126778755337 90.090733732562512 65.370797028765082 156.6634966544807 190.83784911921248
leaf_count=549 136 750 323 112 91 278 78 23 29 226 40 44 177 90 100 92 124 180 124 9 133 222 79 92 296 221 121 105 148 386
internal_value=0.00180304 -0.0160526 0.0216358 0.0284056 0.00333044 -0.0119577 -0.0365262 -0.115399 0.015062 0.000180828 -0.164087 -0.229552 0.0111366 -0.00450067 -0.025732 -0.0610547 -0.0316282 -0.0244806 -0.0208157 -0.0628478 -0.0977286 -0.0478334 0.00916133 -0.015538 -0.00637811 0.000808636 -0.037238 0.00988894 -0.0110993 -0.035295
internal_weight=5579.33 2935.98 2643.35 2201.19 1308.31 567.856 267.069 55.1974 740.456 427.65 37.0452 20.9816 807.086 412.665 237.274 53.8829 1627.66 1131.44 1062.96 117.257 86.2884 496.223 373.767 945.702 647.213 525.617 121.596 300.787 202.685 298.49
internal_count=5378 3879 1499 950 1221 704 463 185 517 426 162 122 627 450 360 121 2658 1686 1506 266 257 972 305 1240 730 517 213 241 248 510
is_linear=0
shrinkage=0.05


Tree=13
num_leaves=31
num_cat=0
split_feature=128 121 118 123 44 103 136 137 92 99 106 116 32 25 25 15 69 136 11 95 81 104 98 83 43 75 103 142 107 91
split_gain=718.592 287.988 238.77 146.17 135.874 129.295 128.889 106.314 90.692 89.8449 101.527 78.4237 78.1002 76.9636 114.349 75.9736 79.7977 73.2031 63.0021 65.5739 74.4741 61.9243 60.0715 54.5582 70.7779 53.955 53.1769 121.181 98.2087 51.584
threshold=9.293439940087163 0.25000000000000006 15.350000000000003 0.91597561503675362 1197.5000000000002 2309.6000000000004 1.3200000000000003 0.27500000000000008 1.4500000000000004 2.0999999999999663 20.550000000000004 273.77046520000005 12.850000000000003 3.5000000000000004 8.5000000000000018 0.00018958333333333338 289.03901675000003 0.34500000000000003 0.0028941207569444447 1.0000000180025095e-35 34.95000000000001 2.0500000000000012 -5.9999999999999973 15.250000000000002 0.31050000000000005 14.250000000000002 1033.1500000000003 104.82745528853738 16.350000000000005 21.150000000000002
decision_type=2 2 2 2 2 2 2 2 2 2 2 2 2 2 2 2 2 2 2 2 2 2 2 2 2 2 2 2 2 2
left_child=2 3 25 5 -3 6 13 -4 17 10 29 -9 -10 -2 22 16 -8 -7 26 20 -20 23 -15 -13 -25 -1 -16 28 -28 -5
right_child=1 4 7 9 -6 8 15 11 12 -11 -12 21 -14 14 18 -17 -18 -19 19 -21 -22 -23 -24 24 -26 -27 27 -29 -30 -31
leaf_value=-0.01313462917642326 0.021462247198061939 0.017431971095093014 0.037253287613783402 -0.029438419176605335 -0.05197407649955621 -0.077240979659707124 -0.15822783566019971 -0.039984604158715624 -0.1718802404406029 -0.023658743366459473 -0.16430757247319125 0.015723656407594162 -0.060299873976873447 0.0042537891044262706 0.0018284143862867417 -0.03185458989075661 -0.024808803001459618 -0.017522332550831545 0.01215281087008421 0.020505000302304843 -0.087076737201354976 0.036069812399604238 -0.078822965808827722 0.011450668458245571 -0.092376122256952159 -0.076585318690244181 -0.18078254644596164 -0.014358250074712262 -0.047064620803974284 -0.11214445830392489
leaf_weight=166.81598507985473 209.42301578912884 845.0751516809687 1411.5210806429386 53.696456102654338 75.931317009031773 62.226485773921013 26.830092811957002 66.178158529102802 18.80798279074952 91.249741407576948 32.573242059908807 137.72541517205536 90.0699138850905 28.619939442723989 349.93301985727157 174.86063296115026 19.652649838477373 280.3143332307227 42.728478515520692 309.39159590564668 32.521369699388742 225.48654216527939 87.066595487296581 32.852727346122265 31.273669999092817 41.224485855549574 18.260555282467976 528.76891032932326 52.521045781672001 29.189129256876186
leaf_count=211 119 550 359 86 156 160 115 120 87 135 143 94 200 26 337 287 30 379 32 182 91 62 226 25 91 106 88 681 103 97
internal_value=0.00174648 -0.0122834 0.0247147 -0.0209708 0.0116543 -0.017379 -0.0115946 0.0302706 -0.0413866 -0.0611894 -0.09035 0.0102541 -0.0810091 -0.00679619 -0.0108935 -0.0473494 -0.103635 -0.0285787 -0.00673252 0.0103129 -0.0312461 0.018121 -0.0583673 -0.00198376 -0.0397486 -0.0260379 -0.0136466 -0.022675 -0.0836694 -0.0596136
internal_weight=5572.79 3459.71 2113.08 2538.71 921.006 2332 1880.58 1905.04 451.419 206.709 115.459 493.517 108.878 1659.23 1449.81 221.343 46.4827 342.541 1334.12 384.641 75.2498 427.338 115.687 201.852 64.1264 208.04 949.484 599.551 70.7816 82.8856
internal_count=5378 4310 1068 3604 706 3143 2317 751 826 461 326 392 287 1885 1766 432 145 539 1514 305 123 272 252 210 116 317 1209 872 191 183
is_linear=0
shrinkage=0.05


Tree=14
num_leaves=31
num_cat=0
split_feature=128 121 118 61 123 103 136 111 132 7 93 92 25 25 32 136 135 100 141 32 82 104 20 16 90 58 98 141 101 34
split_gain=657.93 253.984 222.112 144.441 118.989 108.623 108.728 106.522 92.3829 76.3228 72.4266 70.1103 69.7148 95.2969 63.4132 58.2203 53.106 72.0018 53.0888 51.3203 51.151 51.0076 116.179 77.0983 73.4379 75.0907 88.8493 65.8492 49.1115 48.5288
threshold=9.293439940087163 0.25000000000000006 15.350000000000003 282.55000000000001 0.91597561503675362 2309.6000000000004 1.3200000000000003 7.5500000000000007 4.5000000000000009 0.15855000000000002 264.45271315000008 1.4500000000000004 3.5000000000000004 8.5000000000000018 8.9500000000000011 0.34500000000000003 25.070000000000004 -0.35000000000002268 28.475000000000005 12.850000000000003 21.782000000000004 8.6500000000000021 1.0000000180025095e-35 0.095000000000000015 28.032653061224494 8.1500000000000039 5.3000000000000034 26.390000000000004 -2.1407351500000114 -0.021957941836297758
decision_type=2 2 2 2 2 2 2 2 2 2 2 2 2 2 2 2 2 2 2 2 2 2 2 2 2 2 2 2 2 2
left_child=2 4 -1 -3 5 6 12 20 18 -10 -6 15 -2 28 -8 -7 17 -5 -9 -13 -4 22 24 -23 -15 26 27 -26 -14 -25
right_child=1 3 7 16 10 11 14 8 9 -11 -12 19 13 21 -16 -17 -18 -19 -20 -21 -22 23 -24 29 25 -27 -28 -29 -30 -31
leaf_value=-0.024093160389941484 0.020846148632951006 0.017747789570947189 0.02492931632738573 -0.020645299887735086 -0.13082072676721518 -0.067921382546600337 -0.10547872553588196 0.026763920462622472 -0.10509099151607443 0.0018610329159858446 -0.043456653570044218 -0.13834248337189919 -0.0071058678973893834 0.00929042732140406 -0.031721350553536969 -0.016353586725487947 -0.016806076213900779 -0.16339217826470964 -0.014938257238647246 -0.053912133868838634 0.045612616839023137 0.024911075864162829 -0.05226023245029679 -0.096631824081428244 -0.1801436108812261 0.0039191823659740109 -0.0096872075039370203 -0.058495697482370317 -0.074386865310345163 -0.028593519189893196
leaf_weight=213.52722343802452 204.9762172056362 822.3544205755461 491.80666440911591 17.331014365889132 26.62404568027705 67.223420041613281 33.699280930217355 410.21394855715334 27.660594444721937 39.611590053886175 193.1541810282506 22.335149423219264 40.939648110419512 830.62258432875387 198.39709594473243 285.26937914500013 52.812470718286932 17.95570888184011 92.858385292813182 95.668210311792791 786.48536710627377 41.050429001450539 107.00875126186293 41.930653357878327 15.92421526648104 134.73977927863598 62.581463906913996 38.125975614413619 81.765973386354744 71.461445547640324
leaf_count=317 119 530 246 25 99 160 107 190 88 38 362 87 47 676 325 379 71 80 121 200 68 20 220 125 77 124 75 84 205 113
internal_value=0.00168862 -0.0114973 0.0240908 0.0112103 -0.019472 -0.0161952 -0.0108621 0.029669 0.0116606 -0.0429368 -0.0546072 -0.0376889 -0.00639224 -0.0102153 -0.0428586 -0.0263665 -0.0492714 -0.0959211 0.0190421 -0.070963 0.0376846 -0.00633922 -0.0028108 -0.0332784 0.00211885 -0.0215018 -0.0506957 -0.0970476 -0.0522185 -0.0544215
internal_weight=5566.12 3503.95 2062.16 910.454 2593.5 2373.72 1903.22 1848.64 570.345 67.2722 219.778 470.496 1671.13 1466.15 232.096 352.493 88.0992 35.2867 503.072 118.003 1278.29 1343.45 1189 154.443 1081.99 251.371 116.632 54.0502 122.706 113.392
internal_count=5378 4310 1068 706 3604 3143 2317 751 437 126 461 826 1885 1766 432 539 176 105 311 287 314 1514 1256 258 1036 360 236 161 252 238
is_linear=0
shrinkage=0.05


Tree=15
num_leaves=31
num_cat=0
split_feature=137 121 69 99 92 84 76 73 49 22 33 133 129 123 43 111 136 1 53 8 111 50 111 91 83 133 104 14 137 30
split_gain=589.137 223.128 210.258 164.322 102.926 114.95 98.0269 91.4986 79.9518 75.8998 72.4563 71.4316 67.885 65.6957 77.0889 62.1492 61.7903 61.2836 107.653 99.4529 71.5534 66.924 128.803 58.5949 61.4631 56.1318 56.0966 53.4144 51.8823 50.7581
threshold=0.055000000000000007 0.35000000000000003 275.9079655000001 -0.95000000000004536 23.150000000000006 15.150000000000004 3.5500000000000012 16.550000000000004 961.95000000000016 9.5000000000000018 -0.90714149522883669 86.820000000000007 5.5000000000000009 0.91597561503675362 0.34450000000000003 12.950000000000001 0.31500000000000006 0.094390193500000011 115.50000000000001 0.00091773172571983305 16.850000000000005 1021.85 6.5500000000000007 13.250000000000002 9.7500000000000018 5.1550000000000011 19.050000000000008 0.007689160500000001 0.32500000000000007 -1.5699999999999987
decision_type=2 2 2 2 2 2 2 2 2 2 2 2 2 2 2 2 2 2 2 2 2 2 2 2 2 2 2 2 2 2
left_child=2 4 -1 11 5 6 10 -3 15 -6 23 -4 28 17 -15 -8 -16 18 20 -20 -12 -21 -23 24 -2 -25 -26 -5 -7 -19
right_child=1 7 3 27 9 12 8 -9 -10 -11 13 -13 -14 14 16 -17 -18 29 19 21 -22 22 -24 25 26 -27 -28 -29 -30 -31
leaf_value=-0.029694798656391172 -0.0057578658166636439 0.027817226172733547 -0.029140128216236984 0.010926235573671528 -0.12264204949569524 0.016120062706909143 -0.056392032803349826 -0.0065324921325629354 -0.034871967949204191 -0.035948299771999523 0.0055213238189339821 0.023491768205560419 0.033565211146795892 -0.013651742696535147 -0.024859753166120754 -0.21484558591012648 -0.15256927179524357 -0.011348541561287923 0.0029026235005019125 -0.041943606848704296 -0.051573942017021049 -0.032562110435288762 -0.21156244847300532 -0.077350911370393793 -0.15824146258672853 -0.018185977325885321 -0.052885124646116055 0.039020027469890098 -0.058874654176881827 0.026225134045653287
leaf_weight=160.80478826444596 29.399298533797264 504.12168237892911 151.83017955813557 193.63187333196402 31.98732849676162 49.324768677353859 13.051804140210153 313.77473114058375 56.675109365954995 115.87258543074131 589.2828572683502 110.47480610385537 197.05548098869622 77.473892823560163 16.966930681839585 12.951525758951901 22.17725662374869 139.91614500712603 101.02266801893711 139.79282336402684 59.497799867764115 22.558021787554026 17.905619082041085 41.363261759281158 21.065730552654713 816.54346192069352 33.941883133724332 1424.7776986919343 41.663740591146052 247.37153808586299
leaf_count=257 33 223 241 151 113 33 29 355 97 200 524 58 64 99 26 73 93 172 95 258 122 38 98 107 91 1114 71 312 92 117
internal_value=0.00345924 -0.00840311 0.0250284 0.0297233 -0.0149185 -0.0127165 -0.0162186 0.0146414 -0.0694453 -0.0554347 -0.0143362 -0.00694917 0.0171157 -0.00724528 -0.0430554 -0.140532 -0.0993367 -0.00404114 -0.0110004 -0.0367758 0.000206274 -0.058934 -0.115084 -0.0251023 -0.0646863 -0.0211311 -0.0954267 0.0356707 -0.0184325 0.0126437
internal_weight=5754.28 3712.76 2041.52 1880.71 2894.86 2747 2458.96 817.896 82.6784 147.86 2376.28 262.305 288.044 1433.97 116.618 26.0033 39.1442 1317.35 930.06 281.279 648.781 180.256 40.4636 942.314 84.4069 857.907 55.0076 1618.41 90.9885 387.288
internal_count=5356 4337 1019 762 3759 3446 3257 578 199 313 3058 299 189 1642 218 102 119 1424 1135 489 646 394 136 1416 195 1221 162 463 125 289
is_linear=0
shrinkage=0.05


Tree=16
num_leaves=31
num_cat=0
split_feature=128 61 35 21 115 80 76 73 89 89 11 56 52 16 54 44 14 96 13 12 133 135 43 1 22 141 117 108 141 86
split_gain=597.087 232.025 210.118 147.144 101.965 93.9031 85.8776 77.4464 99.6226 108.247 84.8914 63.8708 77.2876 59.1358 57.7806 57.4782 67.4241 67.1554 73.4402 62.9551 56.247 77.6613 52.1313 70.2229 52.4898 51.0172 49.7888 48.9124 55.4959 65.3541
threshold=9.5184498758180087 294.2000000000001 276.37571840000004 0.56250000000000011 21.250000000000004 21.037500000000005 17.350000000000001 21.450000000000003 41.95000000000001 35.250000000000007 0.00014805228472222225 4.93008070000002 154.50000000000003 0.25500000000000006 1.0000000180025095e-35 1197.5000000000002 0.010116063000000002 40.500000000000007 0.0012306986319444446 0.004461984500000001 26.200000000000003 73.085000000000022 0.47850000000000004 0.00071905550000000019 12.500000000000002 28.240000000000006 0.8500000000000002 275.80253630000004 37.035000000000004 11.500000000000002
decision_type=2 2 2 2 2 2 2 2 2 2 2 2 2 2 2 2 2 2 2 2 2 2 2 2 2 2 2 2 2 2
left_child=2 4 22 11 7 -5 14 20 9 -9 -11 -4 13 -13 -3 16 19 -18 -19 -16 21 -2 23 24 -1 -6 -17 -21 29 -29
right_child=1 6 3 5 25 -7 -8 8 -10 10 -12 12 -14 -15 15 26 17 18 -20 27 -22 -23 -24 -25 -26 -27 -28 28 -30 -31
leaf_value=-0.11588502153978052 -0.042271285016112867 -0.084805978160091403 0.03836473893909409 0.010240544726331936 -0.11639206215419878 -0.069948884176975451 0.03278731594445463 -0.0096163035170552871 0.0031285174800259074 -0.049059108146437394 -0.21634456633086085 0.013109169714994377 0.027900546004366873 -0.088584029161334399 -0.014432956793464327 -0.033467040538501476 0.0091540130494178404 -0.0045061309382034703 -0.084070140413118957 -0.020343899696918986 0.020721103612620265 0.019264216260348833 0.032775069399614082 -0.0029518581677020774 -0.029547811316532682 -0.020232890618894772 0.013259811225815682 -0.20241384853069624 -0.039419255723491392 -0.06670768842781126
leaf_weight=23.685773128643632 92.14923904882744 35.682349540293217 1494.8839258272201 123.6244444437325 22.108073475770652 50.64699973538518 71.911348141729832 39.17357446718961 198.58831025823019 16.11099594831467 14.938001102767883 26.242542177438736 137.23871095478535 29.631235230714083 342.69057450466789 859.75892473896965 405.52708652755246 83.302442857064307 43.715400248300284 66.4543213006109 842.78180628595874 113.03646040894091 66.053971782326698 288.79153018258512 66.192294586449862 35.948500772938132 60.376929191872478 14.629094947129486 46.472996478900313 24.662405334413052
leaf_count=81 171 98 347 98 76 123 24 47 186 33 84 19 60 84 442 1436 331 91 119 94 493 69 22 306 106 51 44 78 84 59
internal_value=0.00331918 -0.00990786 0.022983 0.0303544 0.00598673 -0.0133018 -0.0205409 0.00886638 -0.015027 -0.0657639 -0.133937 0.0348697 0.00773069 -0.0413426 -0.0224926 -0.0213054 -0.0131482 -0.000782977 -0.0323713 -0.0264152 0.0150084 -0.00841821 -0.00787219 -0.0150434 -0.0533803 -0.058286 -0.0303845 -0.0530879 -0.0778749 -0.121128
internal_weight=5737.01 3430.02 2306.99 1862.27 1374.83 174.271 2055.18 1316.78 268.811 70.2226 31.049 1688 193.112 55.8738 1983.27 1947.59 1027.45 532.545 127.018 494.909 1047.97 205.186 444.724 378.67 89.8781 58.0566 920.136 152.219 85.7645 39.2915
internal_count=5356 4110 1246 731 1210 221 2900 1083 350 164 117 510 163 103 2876 2778 1298 541 210 757 733 240 515 493 187 127 1480 315 221 137
is_linear=0
shrinkage=0.05


Tree=17
num_leaves=31
num_cat=0
split_feature=131 75 93 93 126 129 99 28 28 6 28 120 15 24 80 19 21 25 3 141 91 43 126 118 107 89 119 103 9 6
split_gain=549.276 241.861 191.908 100.493 123.504 124.083 116.904 97.7386 96.9559 95.0261 112.343 107.142 84.8554 78.0985 84.9439 93.293 71.9193 60.021 56.9932 118.837 56.0646 72.5518 71.7019 54.4733 61.1526 78.0874 53.5993 65.5498 74.1836 85.6288
threshold=33.205449859187688 8.5500000000000025 264.73261560000003 272.55459760000002 26.500000000000004 3.5000000000000004 -2.950000000000045 34.95000000000001 29.250000000000004 0.00060347222222222237 28.150000000000002 286.30973665000005 0.00028958333333333337 58.750000000000007 14.162500000000003 -0.0061371428571428506 0.4513888888888889 13.500000000000002 0.008539529500000002 32.995000000000012 21.150000000000002 0.34950000000000003 3.5000000000000004 7.5500000000000007 13.65 36.850000000000001 18.950000000000003 1033.1500000000003 1.862638888888889 0.0030138888888888893
decision_type=2 2 2 2 2 2 2 2 2 2 2 2 2 2 2 2 2 2 2 2 2 2 2 2 2 2 2 2 2 2
left_child=2 8 -1 4 17 12 -7 9 20 -5 11 -11 23 14 15 -10 -4 -3 19 -8 -2 -22 -23 -6 25 -25 -19 -28 29 -29
right_child=1 3 16 7 5 6 18 -9 13 10 -12 -13 -14 -15 -16 -17 -18 26 -20 -21 21 22 -24 24 -26 -27 27 28 -30 -31
leaf_value=-0.031825393228633418 0.025930498784664247 -0.027895498862700804 0.041164945437515456 -0.031582090648379066 -0.011190645117212366 0.019206628435610384 -0.080464494192551417 -0.0043337593395608269 -0.029539706449036918 -0.30187222619306475 -0.043739417702690686 -0.10666747741347493 -0.020652283306504232 0.0023313690890739282 -0.0029696330224162591 -0.20914827765223321 0.0074105501896338305 0.020477033881308792 -0.0058812396734470159 -0.010389385802111285 0.016105922315211383 -0.0013625383337448756 -0.10903976494638319 -0.18923566262596891 -0.04971755335859937 -0.059393438561194424 0.010944053513784356 -0.023327484401010675 0.011433982385268255 -0.17689960405344896
leaf_weight=111.98448627069592 790.66575693245977 107.41447981167585 1080.4873834382743 73.097145326901227 58.56792876124382 345.01602341048419 90.940723469480872 90.931794565636665 14.023942802101375 10.921941252425311 30.416879527270794 22.265837129205465 765.35881412983872 120.77819869853556 26.279781128279865 14.994704037904738 185.78334814310074 503.86119536357 514.28921284759417 178.58453909121454 145.19073044054676 35.894593954086304 26.320211390964687 19.878994166851044 148.87331185583025 29.577702455222607 115.62756627704948 19.387989714276046 26.35568936355412 16.827267748769373
leaf_count=184 380 168 190 120 72 212 239 99 23 83 58 72 1082 115 28 82 158 297 575 216 98 37 86 99 298 66 90 29 20 80
internal_value=0.00318528 -0.00554362 0.0306744 -0.0127273 -0.0102384 -0.0164448 -0.00500383 -0.0446711 0.0138301 -0.0712402 -0.115545 -0.178005 -0.0290564 -0.0202803 -0.0689198 -0.12639 0.0362263 0.00666525 -0.0156779 -0.034262 0.019867 -0.00323755 -0.0479992 -0.0538977 -0.0663648 -0.114398 0.0121483 -0.0113565 -0.0521693 -0.0976545
internal_weight=5720.6 4342.34 1378.26 3168.2 2940.56 2151.09 1128.83 227.634 1174.15 136.702 63.6047 33.1878 1022.26 176.077 55.2984 29.0186 1266.27 789.474 783.814 269.525 998.071 207.406 62.2148 256.898 198.33 49.4567 682.06 178.199 62.5709 36.2153
internal_count=5356 4824 532 3975 3543 2859 1242 432 849 333 213 155 1617 248 133 105 348 684 1030 455 601 221 123 535 463 165 516 219 129 109
is_linear=0
shrinkage=0.05


Tree=18
num_leaves=31
num_cat=0
split_feature=131 75 118 26 89 134 120 50 85 120 76 96 140 44 3 30 135 33 8 91 112 90 83 111 1 103 132 92 140 120
split_gain=510.346 217.298 172.638 96.003 86.9743 99.6507 113.435 88.9017 78.2792 70.4082 94.7903 69.5844 103.65 72.7626 68.4891 68.0306 67.1727 67.0606 63.4518 62.2157 62.9326 61.7248 54.488 53.9668 72.1979 53.7347 53.0423 56.003 94.562 65.2939
threshold=33.205449859187688 8.5500000000000025 16.450000000000003 3.5000000000000004 39.150000000000013 13.385000000000002 268.28188070000004 991.35000000000002 278.00944455000007 276.22271795000006 5.2500000000000009 47.57500000000001 15.325000000000001 662.50000000000011 3.7150000000000002e-05 -1.4371428571428584 20.560000000000006 0.87325807890117602 0.011650954212309031 18.550000000000004 281.13258610000008 28.58775510204082 16.150000000000002 7.3500000000000005 0.00046649400000000008 1082.7500000000002 4.5000000000000009 6.7500000000000018 13.205000000000002 267.23166665000002
decision_type=2 2 2 2 2 2 2 2 2 2 2 2 2 2 2 2 2 2 2 2 2 2 2 2 2 2 2 2 2 2
left_child=2 3 -1 -2 7 15 21 -3 9 10 14 12 13 -5 22 23 -14 -8 -17 -4 -21 -7 -9 24 -6 -19 -25 -28 29 -29
right_child=1 4 19 11 5 6 17 8 -10 -11 -12 -13 16 -15 -16 18 -18 25 -20 20 -22 -23 -24 26 -26 -27 27 28 -30 -31
leaf_value=-0.027027261676307025 0.023264193227811862 0.035895096170317047 0.041630811239746102 -0.1675716774591377 0.0055951357694665272 -0.14169547257437606 -0.00029843438624231345 -0.0099341928032460093 -0.077237770213946053 -0.033285065067204536 -0.064759658816098062 0.026836587710780707 -0.054241687400815614 -0.034843547166978323 -0.0019315669915348195 -0.0075696082999720821 0.0084226640265426794 -0.11746508502199522 0.028412260775759923 0.030263081014024425 -0.022669309110331725 -0.048117548195691376 -0.11409020819434523 0.010781852894358434 -0.11690136836027205 -0.015180254041336307 4.2047928292244986e-05 -0.045190172255832634 -0.015741031962035093 -0.1849534703658729
leaf_weight=119.67156181484461 784.6504994109273 66.706948883831501 955.48457671515644 17.361765034962445 22.758659046143293 22.970310519216582 276.24520928831771 25.612521380186081 62.228080781176686 609.49360966263339 73.895656681619585 104.98611090518534 56.030926183564588 25.460468242876232 730.63592334021814 182.16956345178187 169.88636864349246 22.855718976352364 369.81233556801453 181.65262121148407 80.120903788134456 75.89755946630612 24.260495628230274 314.03273067111149 24.134605160914361 28.840325010940433 160.23559271078557 18.38225295394659 82.58554470911622 16.003366604447365
leaf_count=185 419 18 159 79 20 91 278 31 160 1016 171 48 118 44 759 210 141 79 159 71 117 150 82 246 83 38 160 36 109 79
internal_value=0.00305782 -0.00521576 0.0300774 0.013338 -0.0119153 -0.00373863 -0.0244374 -0.020205 -0.0226823 -0.0203086 -0.0110179 -0.0074954 -0.0209759 -0.0913666 -0.00584709 0.00369463 -0.00726756 -0.0101779 0.016536 0.0357132 0.0140184 -0.07111 -0.0619454 -0.00741374 -0.0584704 -0.061868 -0.00326393 -0.0191752 -0.0453199 -0.113767
internal_weight=5705.06 4368.13 1336.93 1158.38 3209.76 1616.92 426.809 1592.83 1526.13 1463.9 854.405 373.726 268.74 42.8222 780.509 1190.11 225.917 327.941 551.982 1217.26 261.774 98.8679 49.873 638.133 46.8933 51.696 591.239 277.207 116.971 34.3856
internal_count=5356 4824 532 849 3975 1738 636 2237 2219 2059 1043 430 382 123 872 1102 259 395 369 347 188 241 113 733 103 117 630 384 224 115
is_linear=0
shrinkage=0.05


Tree=19
num_leaves=31
num_cat=0
split_feature=128 121 55 49 141 65 21 135 93 43 45 15 19 23 51 13 84 13 107 74 105 43 30 8 136 93 53 12 112 99
split_gain=470.196 208.133 179.307 138.445 83.2092 83.0344 81.7368 73.577 52.3528 71.8963 60.4275 63.521 57.5682 51.3589 50.4031 49.3445 48.5931 47.8595 58.1406 45.9496 44.5653 43.0927 46.3973 44.5234 53.0309 86.1173 51.7156 42.3315 41.9244 40.5638
threshold=9.5184498758180087 0.35000000000000003 3.1744258000000234 964.85000000000002 25.640000000000004 16.550000000000004 0.47916666666666669 22.650000000000002 262.09149890000009 0.42950000000000005 35.500000000000007 0.0027375000000000003 -2.8571428571428623e-06 22.013194444444444 178.50000000000003 0.00023208320138888889 13.250000000000002 0.0007805626666666668 3.9500000000000006 29.650000000000002 14.500000000000002 0.47850000000000004 -2.355714285714285 0.010995983907760735 0.88500000000000012 262.75309680000004 159.50000000000003 0.0078138470000000022 282.50350480000003 -0.54999999999995441
decision_type=2 2 2 2 2 2 2 2 2 2 2 2 2 2 2 2 2 2 2 2 2 2 2 2 2 2 2 2 2 2
left_child=2 8 21 4 -4 -3 29 -7 13 10 15 17 -11 -2 -13 -10 -15 18 -12 20 -20 22 -1 24 25 -24 -27 -22 -8 -5
right_child=1 5 3 6 -6 7 28 -9 9 12 11 14 -14 16 -16 -17 -18 -19 19 -21 27 -23 23 -25 -26 26 -28 -29 -30 -31
leaf_value=0.007194193476533055 0.030384966046278074 0.02341819710478275 0.0043137770556540616 0.022478319830431078 -0.085888317154731858 -0.062527855343163685 0.020858730162507458 0.0040898310718587268 -0.028640583070112399 -0.12094949973533356 -0.088061209126071863 -0.12970494510350852 -0.034314093675593932 -0.058499043968997702 -0.021911837043291381 0.016081905806907 0.015928130506326625 -0.0092830310418343456 -0.0071535711014377923 -0.044614216001644925 -0.019604969353685976 0.031617745333903026 -0.0087313359693472776 -0.010791711657268437 -0.015927207124807836 -0.22374577931067982 -0.068541444159082671 -0.058417694020985324 -0.02253323572972054 0.042393336095279788
leaf_weight=163.81408883631229 119.06097017601132 597.34166193311103 83.379923464730382 349.81433722935617 35.758126899600029 54.053035167511553 158.73909172974527 166.8277423644904 81.590943918097764 26.4642513403669 34.093130276538432 21.787352920509875 68.91713644284755 41.350603491067886 21.875232558697462 242.38042038457934 44.638822391629219 996.67165973270312 470.44910517847165 188.66494393628091 247.47363838460296 61.832335263490677 16.792886320501566 143.6743278093636 40.636831186711788 12.497924998402597 11.189829625189303 98.568618049845099 84.409122006967664 1005.3544404599816
leaf_count=140 46 317 76 192 99 123 92 153 129 93 96 81 117 91 32 164 30 1182 538 358 345 22 20 175 54 73 28 215 123 152
internal_value=0.00293443 -0.00834028 0.0212503 0.0286116 -0.0232074 0.01374 0.0324894 -0.0123984 -0.0150262 -0.0170197 -0.0153115 -0.0184399 -0.0594091 0.00920901 -0.0775117 0.00474986 -0.020066 -0.0171332 -0.0246408 -0.0223993 -0.0172117 -0.00680733 -0.0129996 -0.0277043 -0.0571027 -0.096936 -0.156378 -0.0308115 0.0057441 0.0372767
internal_weight=5690.1 3522.21 2167.89 1717.46 119.138 818.222 1598.32 220.881 2703.99 2498.94 2403.56 2079.58 95.3814 205.05 43.6626 323.971 85.9894 2035.92 1039.25 1005.16 816.491 450.438 388.606 224.792 81.1175 40.4806 23.6878 346.042 243.148 1355.17
internal_count=5356 4110 1246 734 175 593 559 276 3517 3350 3140 2847 210 167 113 293 121 2734 1552 1456 1098 512 490 350 175 121 101 560 215 344
is_linear=0
shrinkage=0.05


end of trees

feature_importances:
log_customers=19
pct_water=16
pre_event_mean_osi=15
sp_t=14
tree_canopy_std=13
pop_density=12
frac_zero_72h=11
min_t2m_next_48h=11
t2m_at_t48h=11
soil_moist_t=10
hours_since_obs=10
pct_forest=10
R_t_mean_72h=9
tp_at_t48h=9
R_t_max_72h=8
gust_gt30_obs=8
gust_mean_next_24h=8
wind_speed_max_next_24h=8
wind_speed_max_next_48h=8
wind_speed_at_t6h=8
t2m_at_t6h=8
pre_event_max_outage_pct=7
osi_trend_last6h=7
mslma_t=7
wind_speed_max_next_6h=7
total_tp_next_24h=7
min_t2m_next_24h=7
gust_max_next_48h=7
total_tp_next_48h=7
pressure_change_3h=7
pressure_change_6h=7
gust_gt30_since_onset=7
pct_developed=7
pct_agriculture=7
pct_unmapped=7
hours_since_peak=6
gust_last_obs=6
r2_t=6
gust_x_hso=6
total_tp_next_6h=6
gust_peak4h_mean_next_6h=6
cumul_gust_since_onset=6
cumul_tp_since_onset=6
gust_at_t1h=6
wind_speed_at_t1h=6
gust_at_t48h=6
hour_cos=6
pct_forest_classified=6
last_P_t=5
gust_trend_last6h_obs=5
wind_speed_t=5
wind_sin_t=5
d2m_t=5
dewpoint_c_t=5
gust_max_next_6h=5
wind_speed_at_t24h=5
t2m_at_t24h=5
tree_canopy_pct=5
last_D_t=4
gust_max_last6h_obs=4
blh_t=4
diffuse_rad_t=4
et0_t=4
temp_c_t=4
gust_max_next_1h=4
gust_max_next_24h=4
gust_mean_next_48h=4
gust_peak4h_mean_next_48h=4
temp_change_6h=4
hour_sin=4
n_utilities=4
pct_wetland=4
last_osi=3
last_N_t=3
last_R_t=3
osi_std_72h=3
N_t_mean_72h=3
gust_max_obs=3
gust_gt40_obs=3
vpd_t=3
gust_mean_next_6h=3
min_t2m_next_6h=3
gust_gt30_next_48h=3
gust_at_t24h=3
forest_x_customers=3
osi_mean_72h=2
osi_max_72h=2
outage_pct_mean_72h=2
N_t_max_72h=2
storm_onset_mean_osi=2
is_worsening=2
gust_mean_obs=2
gust_t=2
t2m_t=2
tcc_t=2
sdswrf_t=2
gust_exceed_30=2
soil_moist_x_gust=2
gust_exceed30_x_hso=2
gust_mean_next_1h=2
min_t2m_next_1h=2
gust_gt30_next_24h=2
gust_change_3h=2
tp_at_t24h=2
rural_urban_code=2
tp_rate_next_6h=2
wind_cos_t=1
mcc_t=1
direct_rad_t=1
soil_gust_x_phase=1
gust_gt40_next_24h=1
gust_peak4h_mean_next_24h=1
gust_gt40_next_48h=1
t2m_at_t1h=1
gust_at_t6h=1
wind_speed_at_t48h=1
gust_gt30_frac_next_48h=1

parameters:
[boosting: gbdt]
[objective: gamma]
[metric: rmse]
[tree_learner: serial]
[device_type: cpu]
[data_sample_strategy: bagging]
[data: ]
[valid: ]
[num_iterations: 2000]
[learning_rate: 0.05]
[num_leaves: 31]
[num_threads: -1]
[seed: 42]
[deterministic: 0]
[force_col_wise: 0]
[force_row_wise: 0]
[histogram_pool_size: -1]
[max_depth: -1]
[min_data_in_leaf: 50]
[min_sum_hessian_in_leaf: 0.001]
[bagging_fraction: 0.8]
[pos_bagging_fraction: 1]
[neg_bagging_fraction: 1]
[bagging_freq: 5]
[bagging_seed: 42]
[bagging_by_query: 0]
[feature_fraction: 0.8]
[feature_fraction_bynode: 1]
[feature_fraction_seed: 42]
[extra_trees: 0]
[extra_seed: 12879]
[early_stopping_round: 0]
[early_stopping_min_delta: 0]
[first_metric_only: 0]
[max_delta_step: 0]
[lambda_l1: 0.1]
[lambda_l2: 1]
[linear_lambda: 0]
[min_gain_to_split: 0]
[drop_rate: 0.1]
[max_drop: 50]
[skip_drop: 0.5]
[xgboost_dart_mode: 0]
[uniform_drop: 0]
[drop_seed: 42]
[top_rate: 0.2]
[other_rate: 0.1]
[min_data_per_group: 100]
[max_cat_threshold: 32]
[cat_l2: 10]
[cat_smooth: 10]
[max_cat_to_onehot: 4]
[top_k: 20]
[monotone_constraints: ]
[monotone_constraints_method: basic]
[monotone_penalty: 0]
[feature_contri: ]
[forcedsplits_filename: ]
[refit_decay_rate: 0.9]
[cegb_tradeoff: 1]
[cegb_penalty_split: 0]
[cegb_penalty_feature_lazy: ]
[cegb_penalty_feature_coupled: ]
[path_smooth: 0]
[interaction_constraints: ]
[verbosity: -1]
[saved_feature_importance_type: 0]
[use_quantized_grad: 0]
[num_grad_quant_bins: 4]
[quant_train_renew_leaf: 0]
[stochastic_rounding: 1]
[linear_tree: 0]
[max_bin: 255]
[max_bin_by_feature: ]
[min_data_in_bin: 3]
[bin_construct_sample_cnt: 200000]
[data_random_seed: 42]
[is_enable_sparse: 1]
[enable_bundle: 1]
[use_missing: 1]
[zero_as_missing: 0]
[feature_pre_filter: 1]
[pre_partition: 0]
[two_round: 0]
[header: 0]
[label_column: ]
[weight_column: ]
[group_column: ]
[ignore_column: ]
[categorical_feature: ]
[forcedbins_filename: ]
[precise_float_parser: 0]
[parser_config_file: ]
[objective_seed: 16083]
[num_class: 1]
[is_unbalance: 0]
[scale_pos_weight: 1]
[sigmoid: 1]
[boost_from_average: 1]
[reg_sqrt: 0]
[alpha: 0.9]
[fair_c: 1]
[poisson_max_delta_step: 0.7]
[tweedie_variance_power: 1.5]
[lambdarank_truncation_level: 30]
[lambdarank_norm: 1]
[label_gain: ]
[lambdarank_position_bias_regularization: 0]
[eval_at: ]
[multi_error_top_k: 1]
[auc_mu_weights: ]
[num_machines: 1]
[local_listen_port: 12400]
[time_out: 120]
[machine_list_filename: ]
[machines: ]
[gpu_platform_id: -1]
[gpu_device_id: -1]
[gpu_device_id_list: ]
[gpu_use_dp: 0]
[num_gpu: 1]

end of parameters

pandas_categorical:[]
