tree
version=v4
num_class=1
num_tree_per_iteration=1
label_index=0
max_feature_idx=162
objective=gamma
feature_names=last_osi last_P_t last_N_t last_D_t last_R_t last_outage_pct osi_mean_72h osi_max_72h osi_std_72h outage_pct_mean_72h outage_pct_max_72h N_t_mean_72h N_t_max_72h R_t_mean_72h R_t_max_72h pre_event_mean_osi pre_event_max_outage_pct storm_onset_max_osi storm_onset_mean_osi osi_trend_last6h is_worsening frac_zero_72h hours_since_peak gust_mean_obs gust_max_obs gust_gt30_obs gust_gt40_obs cumul_gust_obs gust_last_obs gust_max_last6h_obs gust_trend_last6h_obs gust_t wind_speed_t wind_sin_t wind_cos_t t2m_t d2m_t tp_t rain_t csnow_t sdwe_t r2_t vpd_t soil_moist_t blh_t tcc_t lcc_t mcc_t hcc_t sp_t mslma_t sdswrf_t direct_rad_t diffuse_rad_t et0_t temp_c_t dewpoint_c_t icing_risk_t gust_exceed_30 soil_moist_x_gust is_snowing gust_x_hso gust_x_phase soil_gust_x_phase gust_exceed30_x_hso gust_max_next_1h gust_mean_next_1h wind_speed_max_next_1h total_tp_next_1h min_t2m_next_1h gust_gt30_next_1h gust_gt40_next_1h gust_peak4h_mean_next_1h gust_max_next_6h gust_mean_next_6h wind_speed_max_next_6h total_tp_next_6h min_t2m_next_6h gust_gt30_next_6h gust_gt40_next_6h gust_peak4h_mean_next_6h gust_max_next_24h gust_mean_next_24h wind_speed_max_next_24h total_tp_next_24h min_t2m_next_24h gust_gt30_next_24h gust_gt40_next_24h gust_peak4h_mean_next_24h gust_max_next_48h gust_mean_next_48h wind_speed_max_next_48h total_tp_next_48h min_t2m_next_48h gust_gt30_next_48h gust_gt40_next_48h gust_peak4h_mean_next_48h gust_change_1h gust_change_3h pressure_change_3h pressure_change_6h temp_change_6h wind_change_1h cumul_gust_since_onset cumul_tp_since_onset gust_gt30_since_onset gust_at_t1h wind_speed_at_t1h t2m_at_t1h tp_at_t1h gust_at_t6h wind_speed_at_t6h t2m_at_t6h tp_at_t6h gust_at_t24h wind_speed_at_t24h t2m_at_t24h tp_at_t24h gust_at_t48h wind_speed_at_t48h t2m_at_t48h tp_at_t48h hour_of_day hour_sin hour_cos days_since_onset hours_since_obs storm_phase log_customers rural_urban_code is_metro pop_density n_utilities pct_forest pct_developed pct_agriculture pct_water pct_wetland pct_unmapped pct_forest_classified tree_canopy_pct tree_canopy_std forest_x_customers window_len_next_1h is_full_next_1h tp_rate_next_1h gust_gt30_frac_next_1h has_weather_at_t1h window_len_next_6h is_full_next_6h tp_rate_next_6h gust_gt30_frac_next_6h has_weather_at_t6h window_len_next_24h is_full_next_24h tp_rate_next_24h gust_gt30_frac_next_24h has_weather_at_t24h window_len_next_48h is_full_next_48h tp_rate_next_48h gust_gt30_frac_next_48h has_weather_at_t48h
feature_infos=[0:0.55230000000000001] [0:0.82424180700000005] [0:0.021710291] [0:0.90465771100000003] [0:0.039181763000000001] [0:82.420000000000002] [4.1666666666666669e-06:0.26529999999999998] [0.0001:0.65049999999999997] [1.9982631347136334e-05:0.22470370552747407] [0.00083333333333333328:39.644861111111112] [0.02:100] [3.1208333333333337e-06:0.018623942125000001] [7.4900000000000005e-05:0.37916412199999999] [3.1208333333333337e-06:0.017093115180555556] [7.4900000000000005e-05:0.119716399] [0:0.38653749999999998] [0:100] [0:0.59799999999999998] [0:0.20940416666666664] [-0.022628571428571428:0.017611428571428573] [0:1] [0:0.95833333333333337] [0:71] [13.03611111111111:31.258333333333326] [29.300000000000001:70] [0:35] [0:18] [938.59999999999991:2250.5999999999995] [3.5:47.5] [15.4:64.5] [-6.477142857142856:3.3114285714285714] [0.80000000000000004:57.700000000000003] [0:36.600000000000001] [-0.99999999953664132:0.99999997476699998] [-0.99999999329043221:0.99876820410701517] [262.07798279999997:298.2982313] [257.71271739999997:289.8677619] [0:9.6999999999999993] [0:9.6999999999999993] [0:2.1699999999999999] [0:0.089999999999999997] [15:100] [0:2.5] [0.16700000000000001:0.52000000000000002] [15:3090] [0:100] [0:100] [0:100] [0:100] [885.39999999999998:1027] [986.79999999999995:1031.8] [0:840] [0:731] [0:428] [0:0.60999999999999999] [-11.072017200000005:25.14823130000002] [-15.437282600000003:16.717761900000028] [0:1] [0:27.700000000000003] [0.25680000000000003:20.919599999999999] [0:1] [0.80000000000000004:3394.5] [0:106.59999999999999] [0:41.839199999999998] [0:1218.8000000000002] [1.2:57.700000000000003] [0.89999999999999991:54.5] [0.29999999999999999:36.600000000000001] [0:14.699999999999999] [261.26364810000001:298.21776599999998] [0:2] [0:2] [0.89999999999999991:54.5] [5.7000000000000002:57.799999999999997] [3.5714285714285716:48.385714285714286] [0.40000000000000002:36.600000000000001] [0:25.200000000000003] [260.21536479999997:295.74558510000003] [0:7] [0:7] [4.3499999999999996:52.550000000000004] [13.199999999999999:57.799999999999997] [8.4559999999999995:42.796000000000006] [6:38] [0:51.199999999999996] [259.42265909999998:286.57337899999999] [0:25] [0:19] [12.5:52.550000000000004] [13.300000000000001:57.799999999999997] [7.961224489795919:37.651020408163269] [6:38] [0:52.900000000000006] [259.42265909999998:281.94003939999999] [0:40] [0:22] [12.75:52.550000000000004] [-19.800000000000001:26.299999999999997] [-27.399999999999999:35.700000000000003] [-6.1999999999999318:10.599999999999909] [-10.699999999999932:14.599999999999909] [-20.027499999999975:20.117393600000014] [-15.1:20.799999999999997] [348.89999999999998:3614.6999999999998] [0:53.200000000000003] [0:61] [0.59999999999999998:57.700000000000003] [0:36.600000000000001] [261.26364810000001:298.2982313] [0:9.6999999999999993] [1.5:57.799999999999997] [0:36.399999999999999] [260.21536479999997:298.3466019] [0:10.6] [2.1000000000000001:57.799999999999997] [0:38] [260.0631818:298.3466019] [0:11.300000000000001] [1.3:52.899999999999999] [0:33.799999999999997] [260.70757930000002:296.58327589999999] [0:11.300000000000001] [0:23] [-1:1] [-1:1] [1:4] [1:96] [0:2] [7.1180162044653335:13.453719692845613] [1:9] [0:1] [8.3691524328166658:11939.655837338518] [1:14] [0.96999999999999997:88.719999999999999] [2.21:86.629999999999995] [0.040000000000000001:87.469999999999999] [0.01:5.5099999999999998] [0:19.780000000000001] [1.8899999999999999:18.32] [0.98868616858628067:95.815074496056084] [2.2000000000000002:80.340000000000003] [12.65:40.140000000000001] [8.0679963363985543:851.54750536995925] none none [0:7.3499999999999996] [0:1] none none none [0:3.6000000000000005] [0:1] none none none [0:2.048] [0:1] none none none [0:1.0795918367346939] [0:0.81632653061224492] none
tree_sizes=3321 3432 3433 3428 3425 3441 3437 3436 3434 3420 3441

Tree=0
num_leaves=31
num_cat=0
split_feature=112 134 0 128 103 133 138 93 36 46 15 129 15 91 11 50 133 77 104 50 99 9 141 15 50 137 43 138 16 84
split_gain=5916.6 6316.45 3998.2 2304.74 3181.16 2033.72 2538.62 1864.66 2634.71 1071.57 769.835 679.097 884.798 913.616 671.317 643.605 629.844 734.213 572.923 506.224 506.038 414.212 364.633 364.242 585.16 362.89 348.627 343.226 285.092 268.42
threshold=269.59083740000011 16.450000000000006 0.071750000000000022 9.5352820484881331 1259.0500000000004 26.470000000000002 6.8750000000000009 266.43851960000001 272.46931715000005 90.500000000000014 0.00093958333333333339 3.5000000000000004 0.00023854166666666669 23.550000000000004 0.0016467502708333334 1000.5500000000001 24.840000000000007 278.92257015000001 1.0500000000000003 1021.35 -3.9000000000000337 0.045486111111111123 31.350000000000005 0.00066562500000000009 1022.0500000000001 0.78000000000000014 0.26650000000000007 6.535000000000001 4.4750000000000005 0.45000000000000007
decision_type=2 2 2 2 2 2 2 2 2 2 2 2 2 2 2 2 2 2 2 2 2 2 2 2 2 2 2 2 2 2
left_child=1 9 -3 -2 16 6 15 8 -8 10 14 12 13 18 -1 -6 17 -5 -7 22 -9 -11 -19 24 25 -17 -10 29 -29 -23
right_child=3 2 -4 4 5 11 7 20 26 21 -12 -13 -14 -15 -16 23 -18 19 -20 -21 -22 27 -24 -25 -26 -27 -28 28 -30 -31
leaf_value=-6.8879249257149162 -6.6972137974056061 -9.0296091788971626 -7.1950355452730586 -6.7712647061496627 -7.2390543084443228 -7.1355654767709717 -7.1942529079141631 -6.82390065851322 -7.5223447297639252 -6.8044945169549536 -6.7758175701793339 -6.7669799837744788 -6.8554751397205305 -6.9066180640204236 -7.3266385855262515 -6.9599944476461406 -6.7215687432809093 -7.6592728526997469 -8.1047698468423679 -6.8657806981548539 -7.4076007565579562 -7.2746610197670671 -6.9888320250034353 -6.779594310489629 -6.7845706712262572 -7.5863625712590634 -9.8065505588303647 -7.6188070359463307 -6.9831040960799866 -6.9737497207390238
leaf_weight=29.704399601556361 3585.3577804397792 4.8743819205556047 7.3599585403571837 404.55547016605851 13.692243803991003 4.7122295917943147 3.9612467805855003 6.3269759314134708 1.19364026398398 10.727230138145385 111.59718252019957 214.80349507555366 109.764683186193 11.18153559649363 12.085687750717623 5.7990006292238849 1843.1750971612055 3.647259049786955 2.7899734335951507 17.942711340961978 9.5256094243377429 11.462418822105972 5.649217015132308 42.685091591905802 12.505185680463908 4.5188152929767966 1.2382040946395134 6.0877730348147434 3.7875094595365226 27.874489289475605
leaf_count=126 1142 275 85 729 163 51 50 20 36 28 212 369 385 54 168 37 1485 90 107 69 152 147 40 85 27 99 139 132 28 168
internal_value=-6.73256 -6.9836 -8.04478 -6.72354 -6.75824 -6.88039 -7.07607 -7.53714 -8.20905 -6.91688 -6.84544 -6.82171 -6.91222 -7.22208 -7.02587 -6.93807 -6.73431 -6.78859 -7.61574 -7.03522 -7.19425 -7.09472 -7.31693 -6.8684 -7.02527 -7.28608 -9.24404 -7.15517 -7.42103 -7.07285
internal_weight=6530.59 225.561 12.2343 6305.03 2719.67 444.698 101.446 22.2457 6.39309 213.327 153.387 343.252 128.448 18.6837 41.7901 79.2003 2274.97 431.795 7.5022 27.2392 15.8526 59.9394 9.29648 65.5081 22.823 10.3178 2.43184 49.2122 9.87528 39.3369
internal_count=6698 1369 360 5329 4187 1774 808 397 225 1009 506 966 597 212 294 411 2413 928 158 199 172 503 130 248 163 136 175 475 160 315
is_linear=0
shrinkage=1


Tree=1
num_leaves=31
num_cat=0
split_feature=85 131 62 140 100 160 49 15 28 136 131 30 76 133 134 136 69 108 88 74 90 136 39 105 28 141 104 52 83 55
split_gain=3727.59 1936.56 2045.47 959.317 758.311 586.589 618.818 536.993 535.644 483.406 458.07 451.046 398.009 359.558 335.661 382.456 307.666 269.872 244.744 233.56 269.697 230.292 335.001 217.022 207.507 205.639 204.797 211.784 199.602 281.041
threshold=266.90739995000007 86.399070695009968 30.650000000000002 15.350000000000001 0.64999999999997737 0.18469387755102043 972.6500000000002 0.0001604166666666667 34.350000000000009 1.0650000000000002 120.04961739150816 -3.0657142857142849 4.2500000000000009 43.770000000000003 29.840000000000003 0.51500000000000012 268.37431430000009 278.22913740000007 32.312500000000007 35.735714285714295 14.737755102040817 0.59000000000000008 1.0000000180025095e-35 17.500000000000004 27.700000000000003 33.775000000000013 0.8500000000000002 1.0000000180025095e-35 21.050000000000004 8.4098737500000329
decision_type=2 2 2 2 2 2 2 2 2 2 2 2 2 2 2 2 2 2 2 2 2 2 2 2 2 2 2 2 2 2
left_child=3 28 4 8 7 6 18 17 19 26 -5 -11 -8 21 23 -16 -15 -3 -4 20 -1 22 -12 -9 -22 -6 -7 -28 -2 -30
right_child=1 2 5 10 25 9 12 14 -10 11 13 -13 -14 16 15 -17 -18 -19 -20 -21 24 -23 -24 -25 -26 -27 27 -29 29 -31
leaf_value=-0.15402314225648878 0.032163803146803616 -0.42340128455856185 -0.23907714998676607 -0.064428917136369376 -0.019692166467737832 -0.21438334135680495 -0.34630755209240854 -0.021365467783430559 -0.60576919273206098 -0.13836252855450504 -0.48958622055190731 -0.6255906054138477 -0.010194092562780727 -0.61192552781191811 -0.077620861082666359 -0.44312092125061009 -0.23233968113654233 -0.14965724387739318 -0.83419670711429128 -0.047102599837836309 -0.27038996440009516 -0.075556044055110613 -0.12470387041858638 -0.1332097107368401 -0.59729271591249333 0.019951386330995653 -0.20410716756956804 -0.031422047546242886 0.011739713760614376 -0.11941413831390575
leaf_weight=22.502235909923911 3800.5391208338551 11.029963121283798 3.6527371481060964 213.06302421074361 515.48559440189274 28.672822726890445 23.589488555444404 364.65303638903424 12.106745660072191 11.714842945337297 8.7204113013576734 8.0217358912341279 13.868568623438476 6.6972405095584682 22.467950166203082 9.9405214232392591 27.494046505307779 46.556501497630961 6.5718445125967264 12.851328312419353 16.931273278314624 63.871428878512233 21.008671028539538 48.369653868488967 8.8023658284218964 891.05446459492669 21.215036416659132 91.665319287450984 225.21367403119802 48.848259982652962
leaf_count=95 1355 113 26 489 719 156 194 521 171 47 104 121 17 101 59 107 160 189 133 26 114 162 76 180 126 535 112 150 172 168
internal_value=-0.000686423 0.009033 -0.0297323 -0.145748 -0.0134344 -0.177863 -0.330937 -0.0660574 -0.309126 -0.130819 -0.109849 -0.357251 -0.225495 -0.184448 -0.0472042 -0.199787 -0.322109 -0.208507 -0.662276 -0.241445 -0.291113 -0.131236 -0.244347 -0.0347659 -0.400556 0.00541512 -0.0969276 -0.0654282 0.029192 -0.0119679
internal_weight=6607.18 6193.13 2118.53 414.049 1909.56 208.972 47.6826 503.018 73.1939 161.29 340.855 19.7366 37.4581 127.792 445.431 32.4085 34.1913 57.5865 10.2246 61.0872 48.2359 93.6005 29.7291 413.023 25.7336 1406.54 141.553 112.88 4074.6 274.062
internal_count=6698 5074 3379 1624 2423 956 370 1169 532 586 1092 168 211 603 867 166 261 302 159 361 335 342 180 701 240 1254 418 262 1695 340
is_linear=0
shrinkage=0.05


Tree=2
num_leaves=31
num_cat=0
split_feature=126 128 100 50 133 104 23 108 128 120 133 138 19 14 30 92 83 89 136 77 16 128 135 138 16 138 89 16 24 120
split_gain=2987.97 1813.7 1420.33 735.016 601.703 558.009 407.187 426.558 360.918 377.75 330.213 295.552 293.251 274.82 237.93 229.23 207.436 196.978 193.06 188.155 185.326 203.033 178.594 168.483 159.981 150.433 149.666 146.642 160.572 143.681
threshold=64.500000000000014 9.5352820484881331 -2.5999999999999654 994.95000000000016 6.4900000000000011 6.2500000000000018 21.731250000000006 271.23069915000002 11.064164397429368 268.34708315000006 25.590000000000007 6.6400000000000015 -0.004302857142857143 0.0016335845000000004 -3.1228571428571423 21.150000000000006 21.050000000000004 38.850000000000001 0.65500000000000014 273.01982005000008 0.94500000000000006 9.0256801407013683 29.925000000000004 4.3400000000000007 1.2350000000000001 5.5000000000000009 41.050000000000004 0.85000000000000009 60.100000000000001 287.08462885
decision_type=2 2 2 2 2 2 2 2 2 2 2 2 2 2 2 2 2 2 2 2 2 2 2 2 2 2 2 2 2 2
left_child=1 16 3 -3 14 10 7 -2 15 24 18 20 -13 19 -5 17 -1 -6 -4 -9 21 -8 -7 -22 -10 -23 -19 28 -28 -12
right_child=6 2 5 4 8 22 11 13 9 -11 29 12 -14 -15 -16 -17 -18 26 -20 -21 23 25 -24 -25 -26 -27 27 -29 -30 -31
leaf_value=0.03695855139978152 -0.026735421741679141 -0.39615567188019063 -0.019278934664507433 -0.14185753050090352 -0.20457766776302086 -0.073985385999394152 -0.043004328683270254 -0.59582135100574551 -0.31523475894538039 -0.076156044834738035 0.016433630409380028 -0.099458818806529473 -0.30146815098825325 -0.10307930551929285 -0.50156061879510871 0.0043556876570719884 -0.0060942373903497852 -0.0064312754482730994 -0.10153133784374664 -0.20612923004169162 -0.19949013633128643 -0.36210184377193699 -0.2237143534335751 -0.052507314757358647 -0.14188619094604865 -0.15276438668008532 -0.34348007132743386 -0.060765342745372847 -0.089483874349505443 -0.042290469426912725
leaf_weight=3070.3612624108791 137.72341805079486 18.040439317934215 358.34444009570871 9.6589508662000316 24.905650197993964 67.919412911636755 15.074520654976366 5.3407627940177909 28.830129102745559 121.03140990249813 1573.6415440374985 27.067932344041765 62.291652298299596 25.750839933287352 10.322418274823574 157.94641983136535 307.32044048979878 83.970611853525043 88.387450615759008 9.7172461326699686 25.033093320205808 19.007190278731287 28.391955159371719 83.335445278789848 29.72133531072177 19.689037447795272 10.169561919290574 82.464735175017267 16.528908064588904 110.54997962445486
leaf_count=800 212 169 497 40 131 170 29 81 217 307 1056 83 444 81 124 144 345 95 270 54 129 164 160 172 117 83 87 184 48 205
internal_value=-0.000523127 0.00832653 -0.0212642 -0.0899198 -0.0796418 -0.00293203 -0.127818 -0.0694493 -0.0695629 -0.12773 0.00241152 -0.168793 -0.242111 -0.209395 -0.342968 -0.0415021 0.0330392 -0.0746122 -0.0357544 -0.373153 -0.127119 -0.202781 -0.120021 -0.0880196 -0.231185 -0.262246 -0.0568593 -0.0951937 -0.19532 0.0125532
internal_weight=6628.54 6198.51 2820.83 593.591 575.55 2227.23 430.031 178.532 555.569 179.583 2130.92 251.499 89.3596 40.8088 19.9814 375.986 3377.68 218.039 446.732 15.058 162.139 53.7707 96.3114 108.369 58.5515 38.6962 193.134 109.163 26.6985 1684.19
internal_count=6698 5166 4021 1663 1494 2358 1532 428 1330 641 2028 1104 527 216 164 689 1145 545 767 135 577 276 330 301 334 247 414 319 135 1261
is_linear=0
shrinkage=0.05


Tree=3
num_leaves=31
num_cat=0
split_feature=85 128 103 27 129 133 132 136 138 77 6 110 75 89 29 123 83 12 93 103 49 112 89 128 103 81 138 19 119 89
split_gain=2417.46 1565.1 1193.56 517.388 407.906 370.965 469.08 278.381 258.966 221.049 194.3 187.803 158.706 218.553 196.296 156.218 146.466 143.62 142.387 185.438 141.184 185.101 134.861 128.427 135.179 124.963 262.965 121.916 121.138 127.039
threshold=267.53416410000005 9.5352820484881331 1226.5500000000002 1564.6500000000003 2.5000000000000004 24.840000000000007 2.5000000000000004 2.0500000000000003 8.5650000000000013 276.70972775000001 0.011453472222222223 9.3500000000000032 12.550000000000002 42.350000000000001 52.000000000000007 -0.78656609248549292 21.050000000000004 0.041986284000000006 268.68666670000005 1053.6000000000004 974.1500000000002 289.60391585000008 26.550000000000004 10.667291219939363 2017.4000000000003 45.45000000000001 4.4850000000000003 -3.8571428571427147e-05 13.850000000000003 26.750000000000004
decision_type=2 2 2 2 2 2 2 2 2 2 2 2 2 2 2 2 2 2 2 2 2 2 2 2 2 2 2 2 2 2
left_child=3 16 5 23 10 6 9 11 20 -3 17 -5 22 14 28 -15 -2 -4 19 -7 21 -6 -13 -1 -25 -8 -27 -28 29 -14
right_child=1 2 4 7 8 18 25 -9 -10 -11 -12 12 13 15 -16 -17 -18 -19 -20 -21 -22 -23 -24 24 -26 26 27 -29 -30 -31
leaf_value=-0.0089596364281375827 0.036993232017240141 -0.11121690284325636 -0.14938221613552485 -0.28916776730831806 -0.21792069115835347 0.0082998644702445886 -0.015909841898323521 -0.014346003193626351 0.0074370903367421831 -0.373655059988248 -0.044381809987057673 -0.16263335133854631 -0.095550251377066478 -0.10916051928607542 -0.054633366034468028 -0.45600974006446449 -0.0011102116690380043 -0.32804250946263236 0.013245362608716791 -0.11202118664665875 -0.048648394326133756 -0.06873277791449757 -0.016258071719950994 -0.013027176322222481 -0.18337975689040137 -0.018544861691351409 -0.3786941592674502 -0.10953866664913724 -0.044024704590027441 -0.19006771148397228
leaf_weight=182.93939688056707 2913.2520223483443 22.849856528220698 149.43969607329927 18.444654292427003 35.932571158744395 78.256337324157357 388.85072960075922 54.869825779460371 123.63903504423797 12.678580899140796 43.44712398853153 21.55055463174358 51.181290956446901 6.1939951484091571 65.374621007358655 8.5749145043082518 275.75487106479704 12.212799858301876 1620.7001274207141 52.974422339815646 124.6482689846307 51.175988301169127 53.257540814578533 22.719926252961159 23.402287786244415 38.317316041328013 8.318997982656585 9.9377872440963966 23.408478663302958 150.8113360342104
leaf_count=216 757 76 599 131 197 65 513 71 105 115 83 95 151 22 138 96 282 99 1191 174 247 123 71 29 113 53 79 34 45 728
internal_value=-0.000397109 0.00981226 -0.017653 -0.0894486 -0.0842486 -0.00149998 -0.0403511 -0.120333 -0.0500161 -0.212672 -0.13969 -0.134831 -0.126595 -0.142615 -0.132143 -0.327008 0.0336975 -0.164845 0.00917979 -0.0407126 -0.0834622 -0.132105 -0.0600806 -0.0280008 -0.101627 -0.0261494 -0.0949436 -0.24574 -0.154261 -0.166732
internal_weight=6645.12 5962.39 2773.38 682.729 540.495 2232.88 480.953 453.667 335.396 35.5284 205.1 398.797 380.353 305.545 290.776 14.7689 3189.01 161.652 1751.93 131.231 211.757 87.1086 74.8081 229.062 46.1222 445.425 56.5741 18.2568 225.401 201.993
internal_count=6698 4792 3753 1906 1453 2300 870 1548 672 191 781 1477 1346 1180 1062 118 1039 698 1430 239 567 320 166 358 142 679 166 113 924 879
is_linear=0
shrinkage=0.05


Tree=4
num_leaves=31
num_cat=0
split_feature=128 103 77 160 133 35 91 140 15 15 15 30 83 83 141 101 43 26 93 103 120 93 89 84 160 36 91 103 136 1
split_gain=2167.91 1976.2 420.446 364.073 322.662 324.634 242.901 222.21 207.327 230.094 210.102 174.858 165.254 164.498 158.61 184.846 127.488 127.398 125.728 144.61 122.491 247.247 267.055 121.434 149.101 115.535 114.668 113.416 190.409 112.115
threshold=9.5352820484881331 1226.5500000000002 270.08647245000003 0.24285714285714291 24.840000000000007 281.30322675000008 21.150000000000002 34.790000000000006 0.00089270833333333335 0.00050000000000000012 0.0013666666666666669 -3.1228571428571423 20.550000000000004 21.050000000000004 33.750000000000007 -4.1596166500000029 0.32550000000000007 12.500000000000002 268.68666670000005 1053.6000000000004 287.08462885 272.13078665000006 39.850000000000001 1.0500000000000005 0.15816326530612249 272.95496810000003 17.550000000000004 1325.8500000000001 0.51500000000000012 0.61966513750000007
decision_type=2 2 2 2 2 2 2 2 2 2 2 2 2 2 2 2 2 2 2 2 2 2 2 2 2 2 2 2 2 2
left_child=2 4 -1 8 5 11 12 -8 9 14 -10 17 26 -4 15 -3 -9 -2 19 -6 -20 -22 -23 -12 -25 -15 -5 -17 -29 -27
right_child=1 3 13 6 18 -7 7 16 10 -11 23 -13 -14 25 -16 27 -18 -19 20 -21 21 22 -24 24 -26 29 -28 28 -30 -31
leaf_value=-0.049944653944156897 -0.22197051118089789 -0.30970446560391607 0.036292625909021513 -0.011416913505210739 0.007956739891261529 -0.19703486474549051 -0.064704806131019726 -0.36493387392633547 -0.044796685406784623 -0.26320117315955366 -0.096005340859659907 -0.017684145477405697 0.021307673734574345 0.011678294778107352 -0.08033518204846378 -0.047392323928891922 -0.14462722342691817 -0.032716685049295272 0.016803702672347671 -0.095136004731092308 0.016414941721396206 -0.27033873366362376 -0.021070489957341055 -0.3483161683694147 -0.088503226277559424 -0.13664223815040588 -0.088165064891258055 -0.24557595562782664 -0.11550516950250458 0.0085851369841566834
leaf_weight=161.53995953500271 17.917492094100453 15.94446576409973 2833.6056429557502 91.726900515146554 77.609508384019136 28.732645228505135 114.03441289160401 8.8690424049273116 193.5743143488653 29.794903784058988 48.27901921980083 436.99031152506359 122.90072537306696 250.9459913764149 158.55016670236364 33.345622586552054 29.288671296555549 17.678214644081891 1473.7126619538758 59.25382880680263 82.519283442525193 18.182819121982902 24.960141548421234 12.670045101549478 10.876979634165762 27.637676283717155 103.91074569104239 39.412624090909958 109.23824869655073 24.473946429789066
leaf_count=324 102 121 776 113 65 146 263 81 368 192 143 592 70 192 415 66 117 30 978 174 55 122 36 108 32 106 289 238 364 20
internal_value=-0.000298257 -0.0285621 0.0284933 -0.0826711 -0.00139248 -0.036688 -0.0489866 -0.100758 -0.106882 -0.130345 -0.0723534 -0.0265331 -0.0239974 0.0325491 -0.118522 -0.148526 -0.203973 -0.131579 0.00881106 -0.0370065 0.0127556 -0.0344372 -0.129983 -0.144917 -0.237 -0.00244072 -0.0524473 -0.132763 -0.151436 -0.0694654
internal_weight=6658.18 3359.97 3298.2 1122.42 2237.56 501.319 470.73 152.192 651.686 386.286 265.4 472.586 318.538 3136.66 356.491 197.941 38.1577 35.5957 1736.24 136.863 1599.37 125.662 43.143 71.826 23.547 303.058 195.638 181.996 148.651 52.1116
internal_count=6698 5280 1418 2980 2300 870 933 461 2047 1396 651 724 472 1094 1204 789 198 132 1430 239 1191 213 158 283 140 318 402 668 602 126
is_linear=0
shrinkage=0.05


Tree=5
num_leaves=31
num_cat=0
split_feature=128 93 77 133 1 133 54 123 43 44 83 93 140 120 2 35 0 129 133 95 46 131 36 134 75 36 142 83 59 124
split_gain=1840.68 1267.13 395.288 339.541 352.304 333.533 239.999 210.394 209.909 213.113 169.797 167.647 139.331 137.918 135.91 127.757 134.67 126.199 120.095 117.985 249.851 114.876 111.348 99.8504 99.1269 115.804 96.4013 86.646 84.1468 123.288
threshold=9.5352820484881331 266.85745830000002 270.22535540000007 24.840000000000007 0.07713479500000002 65.175000000000011 0.03500000000000001 -0.78656609248549292 0.39550000000000007 782.50000000000011 21.050000000000004 263.13800205000001 6.4900000000000011 270.15380325000007 0.00077482300000000011 281.55911235000008 0.023400000000000004 1.5000000000000002 48.760000000000012 4.5000000000000009 38.500000000000007 1911.1493582236167 265.06731710000003 8.9950000000000028 18.650000000000002 262.94548765000008 605.45119427073234 12.550000000000002 10.821500000000002 0.25881904510252057
decision_type=2 2 2 2 2 2 2 2 2 2 2 2 2 2 2 2 2 2 2 2 2 2 2 2 2 2 2 2 2 2
left_child=2 5 -1 4 7 6 14 19 28 -10 -4 -8 -13 17 22 -12 23 -5 24 20 -3 27 -2 -17 25 -14 -15 -9 29 -7
right_child=1 3 10 13 -6 8 11 21 9 -11 15 12 18 26 -16 16 -18 -19 -20 -21 -22 -23 -24 -25 -26 -27 -28 -29 -30 -31
leaf_value=-0.042605186412192297 -0.079970981990401674 -0.46619174361713722 0.035943128084268409 -0.11114272934740342 0.010825685535291044 -0.089588673503184335 -0.013596575903451348 0.0037011147143094186 -0.022002976803235218 -0.24126806160574066 0.012205397088257089 -0.19836660288789526 -0.10920461979898849 0.020130093241537146 -0.30128648070767899 -0.24436968701878278 -0.00082893095682809264 -0.011919298743054666 -0.13943726979846169 -0.085676758612881418 -0.10240362279782643 -0.14194207826570729 -0.18608981254453533 -0.042956886178830728 -0.089432500981392327 -0.019096287994605381 -0.0081682166703223487 -0.0572470403156672 0.017171644034538979 0.0085238521852983879
leaf_weight=185.76059751957655 55.512614594306797 7.51427798671648 2887.6227426640689 35.27219193871133 250.56789709144505 60.215568517334759 97.197110055480152 76.863645736128092 23.929524729028344 20.097404079511762 237.26153100468218 25.352174241095781 46.705902016256005 1165.8934977699537 13.219163756351916 13.250788018107416 31.363458715379238 279.93018469633535 71.556999875465408 23.285662619862705 12.418316145427525 31.275361791311298 48.324449370382354 11.855422019958494 260.38095275964588 144.37683995068073 404.63389137643389 237.18839111574925 145.36736666690558 66.629231754690409
leaf_count=345 146 87 811 116 196 170 124 71 35 122 179 130 151 696 99 83 32 347 274 65 40 123 232 23 728 200 471 510 95 55
internal_value=0.00153994 -0.0232916 0.0281168 -0.00390081 -0.0353677 -0.0686213 -0.0865131 -0.0651213 -0.0253217 -0.12534 0.03226 -0.0743408 -0.085054 0.00677441 -0.152404 -0.0039305 -0.0708464 -0.0233549 -0.0791838 -0.168123 -0.255504 -0.0517679 -0.130709 -0.154741 -0.0693355 -0.0416011 0.0128355 -0.0423498 -0.00872725 -0.0383493
internal_weight=6970.82 3603.71 3367.11 2524.84 639.114 1078.87 762.626 388.546 316.239 44.0269 3181.35 645.57 548.373 1885.73 117.056 293.731 56.4697 315.202 523.021 43.2183 19.9326 345.327 103.837 25.1062 451.464 191.083 1570.53 314.052 272.212 126.845
internal_count=6756 5283 1473 2722 1092 2561 2084 896 477 157 1128 1607 1483 1630 477 317 138 463 1353 192 127 704 378 106 1079 351 1167 581 320 225
is_linear=0
shrinkage=0.05


Tree=6
num_leaves=31
num_cat=0
split_feature=128 93 77 141 92 49 134 56 88 3 83 128 53 21 124 75 128 134 91 128 31 88 126 61 22 103 92 14 114 15
split_gain=1668.82 1033.08 363.559 250.893 238.467 202.149 172.437 234.992 193.412 166.509 163.523 161.106 160.282 159.632 134.95 120.108 119.265 116.958 108.197 103.046 102.295 120.299 102.23 109.442 104.616 100.934 97.8136 191.909 103.875 90.2829
threshold=9.5352820484881331 267.9393022000001 270.22535540000007 33.245000000000012 11.950000000000005 1000.4500000000002 11.165000000000001 -3.1623735999999663 32.612500000000011 3.8500000000000007e-05 21.050000000000004 10.845785704635569 15.500000000000002 0.54861111111111127 -0.12940952255126037 16.450000000000003 8.3844366951598737 13.125000000000002 15.850000000000003 12.445343909849091 26.950000000000003 33.912500000000016 27.500000000000004 1944.4000000000003 6.5000000000000009 2381.4000000000005 19.550000000000008 0.014873782000000002 26.050000000000004 0.00024375000000000002
decision_type=2 2 2 2 2 2 2 2 2 2 2 2 2 2 2 2 2 2 2 2 2 2 2 2 2 2 2 2 2 2
left_child=2 4 -1 6 5 9 -3 -8 -9 25 -4 26 20 -5 15 18 -12 -15 29 -10 -13 -22 -16 24 -24 -2 27 28 -6 -11
right_child=1 3 10 13 11 -7 7 8 19 14 16 12 -14 17 22 -17 -18 -19 -20 -21 21 -23 23 -25 -26 -27 -28 -29 -30 -31
leaf_value=-0.03876241670607114 -0.3326787262106507 -0.0012931382716896902 0.035428874894189777 0.019614282275714084 -0.19567402800275224 0.019918814585964791 -0.029097614230851217 -0.060547682643156166 -0.36208823299373499 -0.15794062384872509 0.037015314930741366 -0.091890947108240029 -0.037673850634904874 -0.07000298794949926 -0.01989421152772081 -0.086242517937144048 -0.028346160429151741 0.010799751460433223 -0.0021267577618912315 -0.13562248271927893 -0.077347404480763812 -0.35644209265549187 -0.22318031388956691 -0.079196607672694638 -0.11661956927371767 -0.096717396011588283 0.018094831035264058 -0.0042979774043615223 -0.061214987442944915 -0.047697289380446733
leaf_weight=193.8459795974195 9.4395664697513002 513.59124787338078 2785.6756707150489 1177.3496558223851 19.942384645342827 54.017778607085347 359.88319750264054 36.042839001398534 10.150524646509441 22.059467179700732 111.05508523434401 44.774590592365712 138.66536107682623 91.872687449213117 31.119970325380564 227.59970954293385 184.01225830055773 85.861693575978279 122.64091486879624 12.979987565428017 7.5985262144822654 8.8291984526440483 35.770585133926943 104.22722108755261 78.79254803666845 10.212031099945305 154.30398747697473 176.63092549657449 51.55586610455066 106.93544101156294
leaf_count=345 79 527 811 715 102 32 570 81 91 95 28 129 244 222 44 622 289 67 128 51 21 79 200 271 265 32 98 192 116 210
internal_value=0.00151639 -0.021523 0.0274987 -0.000790136 -0.0552509 -0.0730942 -0.0207387 -0.0444992 -0.136046 -0.0798284 0.0316808 -0.0313773 -0.0679632 0.0129411 -0.0757215 -0.0599356 -0.00368711 -0.031098 -0.0358746 -0.246098 -0.1348 -0.239481 -0.105613 -0.117637 -0.151578 -0.220923 -0.0130712 -0.0324673 -0.100969 -0.0676585
internal_weight=6967.44 3692.85 3274.59 2287.73 1405.12 802.815 932.648 419.057 59.1734 748.797 3080.74 602.301 199.868 1355.08 729.146 479.236 295.067 177.734 251.636 23.1305 61.2023 16.4277 249.91 218.79 114.563 19.6516 402.433 248.129 71.4983 128.995
internal_count=6756 5283 1473 2324 2959 1978 1320 793 223 1946 1128 981 473 1004 1835 1055 317 289 433 142 229 100 780 736 465 111 508 410 218 305
is_linear=0
shrinkage=0.05


Tree=7
num_leaves=31
num_cat=0
split_feature=128 93 85 139 1 92 49 123 13 83 92 21 21 28 61 104 104 124 140 16 105 131 131 67 14 104 116 126 131 16
split_gain=1515.6 858.53 368.962 220.098 245.265 181.846 159.527 154.576 135.652 127.961 125.066 123.894 115.52 122.113 174.738 213.307 102.85 96.3273 103.185 97.3237 90.2712 89.4857 86.0835 84.2515 184.564 158.503 81.1949 80.6426 78.4553 84.0593
threshold=9.5352820484881331 267.9393022000001 267.53416410000005 26.745158291020591 0.074620640500000016 11.950000000000005 1000.4500000000002 -0.78656609248549292 0.00086154718750000006 21.050000000000004 18.250000000000007 0.54861111111111127 0.54861111111111127 7.0500000000000007 266.10000000000008 5.7500000000000018 2.5500000000000012 -0.12940952255126037 6.7950000000000008 1.6850000000000003 45.500000000000007 92.407009987871433 98.313795275432085 8.3500000000000032 0.03786909850000001 1.5500000000000005 293.99695760000003 27.500000000000004 1911.1493582236167 1.405
decision_type=2 2 2 2 2 2 2 2 2 2 2 2 2 2 2 2 2 2 2 2 2 2 2 2 2 2 2 2 2 2
left_child=2 5 11 4 7 6 17 22 10 -4 -7 -1 -5 -14 -15 -16 23 18 -2 27 -20 -12 -3 -11 25 -25 -24 -19 29 -9
right_child=1 3 9 12 -6 8 -8 28 -10 16 21 -13 13 14 15 -17 -18 19 20 -21 -22 -23 26 24 -26 -27 -28 -29 -30 -31
leaf_value=-0.019713004392414687 -0.1538084174024692 -0.028691189304732214 0.03489963059981032 0.014468854320255659 0.011783211555280095 -0.097965121761085155 0.019324843134789896 -0.021190182962733926 -0.0070989511365969378 0.0075333016819194507 0.0094357380597995706 -0.12661856436696969 0.018498997117503774 -0.021632531047203283 -0.28815004317250886 -0.03517892275679084 0.033102935628681211 -0.0075690550871248697 -0.063474878314305247 -0.18583754676458353 -0.013235414650101597 -0.060208105047411836 -0.27786128119090153 -0.24310465903691486 0.0040660578625627613 -0.018950757955732908 -0.10244634769969214 -0.093906083959324912 -0.10955911059159147 -0.10685171297297334
leaf_weight=193.29660400561988 25.470938168466091 12.279758460819719 2684.6958858873695 1396.5063033171464 238.55440453637857 102.70687265973538 52.952454086393118 236.32204796234146 334.29512693779543 80.357866995036602 82.940883790142834 30.678436482325196 126.13880945835263 149.69968604948372 14.067275883164255 19.486288796178997 123.57785274460912 31.04846749920398 384.94445401523262 25.692102659959346 117.52535466477275 101.94161210604943 13.320080717094244 18.941682297736406 41.561119265854359 13.430588232353328 16.022382210940123 226.54423659387976 36.258919234620407 31.801681980025023
leaf_count=270 107 20 810 992 182 306 32 337 382 68 67 111 79 215 101 34 41 36 875 125 149 226 93 116 38 19 51 654 118 102
internal_value=0.00148592 -0.0199387 0.0268772 -0.000729718 -0.0271826 -0.0495217 -0.0643637 -0.0540187 -0.0288188 0.0315577 -0.0539366 -0.0348761 0.00834257 -0.0192511 -0.0452222 -0.146651 -0.000722721 -0.0698497 -0.0569969 -0.0935005 -0.0517837 -0.0290553 -0.143444 -0.0278859 -0.0660364 -0.153612 -0.188774 -0.0835885 -0.0413444 -0.0317282
internal_weight=6963.06 3776.52 3186.54 2290.46 584.559 1486.06 864.178 346.005 621.884 2962.56 287.589 223.975 1705.9 309.392 183.253 33.5536 277.869 811.226 527.941 283.285 502.47 184.882 41.6222 154.291 73.9334 32.3723 29.3425 257.593 304.383 268.124
internal_count=6756 5283 1473 2324 903 2959 1978 721 981 1092 599 381 1421 429 350 135 282 1946 1131 815 1024 293 164 241 173 135 144 690 557 439
is_linear=0
shrinkage=0.05


Tree=8
num_leaves=31
num_cat=0
split_feature=128 93 85 133 1 92 128 83 123 49 124 13 138 136 141 34 105 135 128 82 19 120 1 1 142 120 105 120 114 14
split_gain=1378.36 719.621 341.241 219.252 215.112 142.581 125.093 123.208 110.935 105.642 113.472 153.054 118.661 117.24 109.135 126.639 96.2216 93.8559 89.2728 85.0799 82.0748 81.6107 81.0197 82.1583 80.6395 80.3501 76.5226 76.3646 117.044 73.2543
threshold=9.5352820484881331 267.9393022000001 267.53416410000005 24.840000000000007 0.07713479500000002 20.150000000000006 10.628332990791533 20.750000000000004 -0.78656609248549292 1000.4500000000002 -0.5 0.00086154718750000006 5.54 0.57500000000000007 36.510000000000012 -0.90859717856412781 17.500000000000004 29.925000000000004 8.3844366951598737 26.278000000000006 -0.002442857142857142 266.51184210000002 0.0012741645000000003 0.0070739805000000011 605.45119427073234 270.15380325000007 12.500000000000002 271.31209490000009 35.250000000000007 0.0072760080000000005
decision_type=2 2 2 2 2 2 2 2 2 2 2 2 2 2 2 2 2 2 2 2 2 2 2 2 2 2 2 2 2 2
left_child=2 5 20 4 8 9 -7 29 -3 10 11 13 -13 -2 16 -16 21 -15 -9 -17 -1 -12 -18 -24 25 -5 -26 28 -23 -4
right_child=1 3 7 24 -6 6 -8 18 -10 -11 14 12 -14 17 15 19 22 -19 -20 -21 -22 27 23 -25 26 -27 -28 -29 -30 -31
leaf_value=-0.10208701209148204 -0.11204607921691188 -0.11600868686359617 0.0067336956560621261 -0.026961372905060888 0.013119838347743355 0.020019283519027407 -0.058543154498266671 0.036561704199153035 -0.037703775828251088 0.018737591720522726 0.0029307158644783973 -0.072039216364966518 -0.0064838219664528785 -0.018369140213374571 -0.045983604009345765 -0.13067601867670739 -0.16725686752765723 -0.091424577583857539 -0.021413277927722171 -0.28990830552463559 -0.019247371956783763 -0.23354210126473657 -0.012198159214746531 -0.080585756659069405 -0.00022375355515635289 0.020079333816704049 -0.057303567816805269 -0.026647567782708294 -0.028273457370332107 0.036968904394649116
leaf_weight=34.473114542663097 98.3236004980281 51.677966103889048 219.84160414338112 98.335545812966302 222.83307582471753 144.26003694627434 76.803155860397965 103.55194799602032 343.28392275131773 51.93897975422442 90.460919672623277 86.635764356702566 327.32409931765869 123.98328878777102 35.412469188682735 41.590046517550945 22.221360214054585 67.905986376106739 180.96896057762206 11.341563696041701 197.49128691293299 13.265959004405888 53.583609029185027 257.79545282945037 451.87335989449639 1058.6354966619983 66.518724230118096 45.250652263406664 14.266988854855297 2366.7978718951344
leaf_count=107 321 174 190 152 164 86 168 27 603 32 85 213 370 170 69 153 100 194 259 83 274 80 67 675 454 633 144 70 23 616
internal_value=0.00145515 -0.018506 0.0262558 -0.000670004 -0.0261076 -0.0446645 -0.00739357 0.0309708 -0.0482292 -0.0507934 -0.0536105 -0.0399709 -0.0203562 -0.0677661 -0.0699187 -0.121192 -0.0605666 -0.0445879 -0.000241504 -0.16963 -0.0319653 -0.0288154 -0.0759562 -0.06891 0.00871718 0.016057 -0.00765394 -0.0678446 -0.13207 0.0344047
internal_weight=6958.65 3855.52 3103.12 2293.16 617.795 1562.36 221.063 2871.16 394.962 1341.3 1289.36 704.173 413.96 290.213 585.189 88.3441 496.845 191.889 284.521 52.9316 231.964 163.245 333.6 311.379 1675.36 1156.97 518.392 72.7836 27.5329 2586.64
internal_count=6756 5283 1473 2324 941 2959 254 1092 777 2705 2673 1268 583 685 1405 305 1100 364 286 236 381 258 842 742 1383 785 598 173 103 806
is_linear=0
shrinkage=0.05


Tree=9
num_leaves=31
num_cat=0
split_feature=128 93 85 139 1 92 136 29 99 4 100 91 111 104 122 16 128 82 55 75 49 15 112 49 42 17 7 75 114 13
split_gain=1254.61 606.878 316.197 171.641 175.645 118.096 121.71 115.469 106.435 97.7604 135.512 83.7168 83.6829 80.9887 126.087 90.9036 124.046 79.9614 83.7477 78.439 77.4261 107.296 145.478 111.648 104.253 75.2548 100.311 174.542 98.8893 74.7702
threshold=9.5352820484881331 267.9393022000001 267.53416410000005 26.745158291020591 0.07713479500000002 11.950000000000005 1.0650000000000002 46.650000000000013 3.4500000000000459 0.016550226000000005 5.4500000000000464 20.050000000000004 13.850000000000003 1.0000000180025095e-35 13.500000000000002 0.97000000000000008 12.445343909849091 32.670000000000009 16.453915850000019 13.65 1006.2500000000001 0.00021875000000000006 280.20646645000005 985.85000000000002 0.33500000000000008 0.023850000000000007 0.013450000000000002 6.9500000000000011 31.650000000000002 0.0008805914375
decision_type=2 2 2 2 2 2 2 2 2 2 2 2 2 2 2 2 2 2 2 2 2 2 2 2 2 2 2 2 2 2
left_child=2 5 -1 4 11 8 29 25 -2 10 -9 -3 -10 -13 -15 16 -16 18 19 -8 21 22 23 24 -5 26 -4 -28 -29 -7
right_child=1 3 7 20 -6 6 17 9 12 -11 -12 13 -14 14 15 -17 -18 -19 -20 -21 -22 -23 -24 -25 -26 -27 27 28 -30 -31
leaf_value=-0.029394589832715458 -0.05930672907322191 -0.10874504505437191 0.025543408203589663 -0.015271492225124023 0.01263499302051399 -0.035976523554505521 -0.080748007434765234 -0.17162805370634754 0.0066197258189838711 0.014237222579186299 0.0077641500242456949 0.0027824523666360049 -0.068171485630775283 -0.030544042217519624 -0.30123056086858196 -0.062522248536748135 -0.057434187566431871 -0.0071803852145418071 -0.05210172547396457 -0.27736196135622493 0.035029199199093121 0.0094571910973805032 -0.11879335600115254 0.012582518799136994 -0.15447805957368979 0.037428064968197713 0.027154243553558673 -0.20262237286613757 -0.036147987129382518 -0.00050539849701849787
leaf_weight=239.50757141411304 798.08163747377694 42.434426557272673 569.60281168483198 34.926863631699234 219.92863554373616 276.34315159916878 10.434208746766673 19.281728390604258 122.44320325972512 85.822116952389479 21.611122818663716 101.82194315665402 52.693156108260155 195.7246690033935 11.370791409164669 35.392802622634917 10.12308871001005 20.773200605064631 21.477582965046167 11.814561561681328 223.10290791466832 1217.5884829527931 35.701681568752974 146.12374679045752 21.227323626866564 1999.8853170517832 51.745024362578988 16.199585041031241 19.836238443851471 320.64878442045301
leaf_count=381 1746 137 278 46 164 476 29 89 106 61 18 96 126 316 86 81 23 24 45 83 66 987 123 109 90 502 23 86 35 324
internal_value=0.0014204 -0.0172051 0.0256306 -0.000619052 -0.0231552 -0.0404776 -0.0241066 0.0303751 -0.0515635 -0.0161238 -0.0787809 -0.0429832 -0.0161136 -0.034812 -0.0499364 -0.114891 -0.194289 -0.0888559 -0.126518 -0.192809 0.00766731 0.0034488 -0.0271823 -0.0104837 -0.0697638 0.0325996 0.0178683 -0.0316054 -0.11457 -0.0169658
internal_weight=6953.67 3930.18 3023.49 2295.47 616.796 1634.71 661.491 2783.98 973.218 126.715 40.8929 396.868 175.136 354.433 252.611 56.8867 21.4939 64.4996 43.7264 22.2488 1678.67 1455.57 237.98 202.278 56.1542 2657.27 657.384 87.7808 36.0358 596.992
internal_count=6756 5283 1473 2324 903 2959 981 1092 1978 168 107 739 232 602 506 190 109 181 157 112 1421 1355 368 245 136 924 422 144 121 800
is_linear=0
shrinkage=0.05


Tree=10
num_leaves=31
num_cat=0
split_feature=131 93 69 105 14 136 93 126 82 120 15 140 4 89 135 29 18 116 49 119 131 120 24 18 17 8 1 4 93 41
split_gain=985.27 692.887 316.814 163.868 154.404 245.867 122.496 116.451 113.224 113.588 111.94 106.956 103.501 100.928 98.134 93.645 91.9241 110.326 81.7265 121.037 81.1612 91.0379 95.5708 78.6677 76.0514 79.0089 130.367 75.0264 87.3749 72.6097
threshold=61.386811297304639 268.74064830000003 271.05099605000004 3.5000000000000004 0.0049286780000000014 0.29500000000000004 264.73373110000006 8.5000000000000018 26.702000000000005 288.10570405000004 0.00017187500000000007 13.655000000000001 2.9100000000000006e-05 44.750000000000007 8.2150000000000016 20.250000000000004 0.063537500000000011 293.82621250000005 1000.4500000000002 6.3500000000000005 122.07720712360991 271.46349625000011 54.45000000000001 0.0113875 0.051050000000000005 0.0012146982535547123 0.016009472000000004 1.0000000180025095e-35 275.1098338000001 34.500000000000007
decision_type=2 2 2 2 2 2 2 2 2 2 2 2 2 2 2 2 2 2 2 2 2 2 2 2 2 2 2 2 2 2
left_child=2 10 -1 15 5 7 14 -4 9 16 -2 -12 -13 27 -6 -3 17 20 19 -14 -5 22 -22 -16 25 -19 -27 -11 -29 -9
right_child=1 3 4 8 6 -7 -8 29 -10 13 11 12 18 -15 23 -17 -18 24 -20 -21 21 -23 -24 -25 -26 26 -28 28 -30 -31
leaf_value=-0.049050738155341597 -0.063416700591934425 -0.029697935899206052 -0.0038685582616604396 0.02290013255599245 0.015796041241901173 0.01411969707345667 0.034833321768292763 -0.055816951151523998 -0.061118223786598827 -0.017803330113476221 -0.061168066443878746 -0.05773891483018867 -0.055943032603515699 0.0069441610357948271 -0.13531266918414075 -0.16803583682465151 0.038061830743541233 -0.0080602228641891305 0.038794705941242097 -0.012650295270401289 -0.01554938157177947 0.0070488598618398297 -0.12280164912446233 -0.0092671565231139588 -0.0049331666646977119 -0.20191731794193468 -0.029126256307144872 -0.21150816604968772 -0.045692762801832397 -0.22061036508168841
leaf_weight=140.29122413881123 339.73465193604352 32.815179420635104 17.470886070281267 761.18085006671026 110.24443327821791 237.43165431171656 2267.4598017130047 11.238114781677725 60.151085509685799 23.261345146223903 250.82591471727937 203.15093333902769 206.13962452672422 54.857696650549769 22.446858840063214 19.157236789586022 263.27837536856532 34.222049133852124 57.45451270416379 738.741128123831 90.457765882834792 697.58448058937211 26.16987960669212 26.755675937980413 149.09147398825735 19.621845446527004 24.212869802489877 16.953550213365816 15.667927164584396 19.860250503756106
leaf_count=279 772 53 19 412 75 170 687 25 135 32 559 439 438 47 86 87 62 40 12 926 119 599 93 32 164 103 39 93 31 112
internal_value=0.0014255 -0.0143202 0.0239664 0.00392158 0.0277609 -0.00695104 0.0318547 -0.108263 0.00597957 0.00786339 -0.0375575 -0.0314822 -0.0252557 -0.0412382 -0.0104249 -0.0829937 0.0105166 0.00647175 -0.0186161 -0.0221497 0.011174 0.000190878 -0.0404974 -0.0684203 -0.0260251 -0.0656764 -0.109363 -0.0879151 -0.135744 -0.164808
internal_weight=6937.93 4084.73 2853.2 2288.68 2712.91 286.001 2426.91 48.5693 2236.71 2176.56 1796.05 1456.31 1205.49 110.741 159.447 51.9724 2065.82 1802.54 1002.34 944.881 1575.39 814.212 116.628 49.2025 227.148 78.0568 43.8347 55.8828 32.6215 31.0984
internal_count=6740 5255 1485 2109 1206 326 880 156 1969 1834 3146 2374 1815 203 193 140 1631 1569 1376 1364 1223 811 212 118 346 182 142 156 124 137
is_linear=0
shrinkage=0.05


end of trees

feature_importances:
log_customers=18
min_t2m_next_48h=13
pct_forest=11
pre_event_mean_osi=10
wind_speed_max_next_24h=10
t2m_at_t48h=9
pct_water=9
last_P_t=8
sp_t=8
cumul_gust_since_onset=8
pop_density=8
pct_unmapped=8
pre_event_max_outage_pct=7
gust_max_next_48h=7
total_tp_next_48h=7
cumul_tp_since_onset=7
min_t2m_next_6h=6
R_t_max_72h=5
wind_speed_max_next_6h=5
min_t2m_next_24h=5
wind_speed_max_next_48h=5
gust_gt30_since_onset=5
pct_developed=5
tree_canopy_pct=5
tree_canopy_std=5
d2m_t=4
mslma_t=4
hour_sin=4
hour_cos=4
hours_since_obs=4
last_R_t=3
R_t_mean_72h=3
osi_trend_last6h=3
frac_zero_72h=3
gust_last_obs=3
gust_max_last6h_obs=3
gust_trend_last6h_obs=3
soil_moist_t=3
gust_mean_next_24h=3
gust_peak4h_mean_next_24h=3
pressure_change_6h=3
t2m_at_t6h=3
gust_at_t24h=3
rural_urban_code=3
pct_agriculture=3
tp_rate_next_48h=3
last_osi=2
storm_onset_max_osi=2
storm_onset_mean_osi=2
gust_max_obs=2
t2m_t=2
lcc_t=2
temp_c_t=2
gust_x_hso=2
min_t2m_next_1h=2
total_tp_next_24h=2
pressure_change_3h=2
t2m_at_t1h=2
t2m_at_t24h=2
wind_speed_at_t48h=2
pct_forest_classified=2
forest_x_customers=2
last_N_t=1
last_D_t=1
osi_mean_72h=1
osi_max_72h=1
osi_std_72h=1
outage_pct_mean_72h=1
N_t_mean_72h=1
N_t_max_72h=1
hours_since_peak=1
gust_mean_obs=1
gust_gt40_obs=1
cumul_gust_obs=1
gust_t=1
wind_cos_t=1
csnow_t=1
r2_t=1
vpd_t=1
blh_t=1
direct_rad_t=1
diffuse_rad_t=1
et0_t=1
dewpoint_c_t=1
soil_moist_x_gust=1
gust_x_phase=1
wind_speed_max_next_1h=1
gust_mean_next_6h=1
total_tp_next_6h=1
gust_max_next_24h=1
gust_mean_next_48h=1
gust_gt40_next_48h=1
temp_change_6h=1
gust_at_t6h=1
wind_speed_at_t6h=1
hour_of_day=1
n_utilities=1
pct_wetland=1

parameters:
[boosting: gbdt]
[objective: gamma]
[metric: rmse]
[tree_learner: serial]
[device_type: cpu]
[data_sample_strategy: bagging]
[data: ]
[valid: ]
[num_iterations: 2000]
[learning_rate: 0.05]
[num_leaves: 31]
[num_threads: -1]
[seed: 42]
[deterministic: 0]
[force_col_wise: 0]
[force_row_wise: 0]
[histogram_pool_size: -1]
[max_depth: -1]
[min_data_in_leaf: 50]
[min_sum_hessian_in_leaf: 0.001]
[bagging_fraction: 0.8]
[pos_bagging_fraction: 1]
[neg_bagging_fraction: 1]
[bagging_freq: 5]
[bagging_seed: 42]
[bagging_by_query: 0]
[feature_fraction: 0.8]
[feature_fraction_bynode: 1]
[feature_fraction_seed: 42]
[extra_trees: 0]
[extra_seed: 12879]
[early_stopping_round: 0]
[early_stopping_min_delta: 0]
[first_metric_only: 0]
[max_delta_step: 0]
[lambda_l1: 0.1]
[lambda_l2: 1]
[linear_lambda: 0]
[min_gain_to_split: 0]
[drop_rate: 0.1]
[max_drop: 50]
[skip_drop: 0.5]
[xgboost_dart_mode: 0]
[uniform_drop: 0]
[drop_seed: 42]
[top_rate: 0.2]
[other_rate: 0.1]
[min_data_per_group: 100]
[max_cat_threshold: 32]
[cat_l2: 10]
[cat_smooth: 10]
[max_cat_to_onehot: 4]
[top_k: 20]
[monotone_constraints: ]
[monotone_constraints_method: basic]
[monotone_penalty: 0]
[feature_contri: ]
[forcedsplits_filename: ]
[refit_decay_rate: 0.9]
[cegb_tradeoff: 1]
[cegb_penalty_split: 0]
[cegb_penalty_feature_lazy: ]
[cegb_penalty_feature_coupled: ]
[path_smooth: 0]
[interaction_constraints: ]
[verbosity: -1]
[saved_feature_importance_type: 0]
[use_quantized_grad: 0]
[num_grad_quant_bins: 4]
[quant_train_renew_leaf: 0]
[stochastic_rounding: 1]
[linear_tree: 0]
[max_bin: 255]
[max_bin_by_feature: ]
[min_data_in_bin: 3]
[bin_construct_sample_cnt: 200000]
[data_random_seed: 42]
[is_enable_sparse: 1]
[enable_bundle: 1]
[use_missing: 1]
[zero_as_missing: 0]
[feature_pre_filter: 1]
[pre_partition: 0]
[two_round: 0]
[header: 0]
[label_column: ]
[weight_column: ]
[group_column: ]
[ignore_column: ]
[categorical_feature: ]
[forcedbins_filename: ]
[precise_float_parser: 0]
[parser_config_file: ]
[objective_seed: 16083]
[num_class: 1]
[is_unbalance: 0]
[scale_pos_weight: 1]
[sigmoid: 1]
[boost_from_average: 1]
[reg_sqrt: 0]
[alpha: 0.9]
[fair_c: 1]
[poisson_max_delta_step: 0.7]
[tweedie_variance_power: 1.5]
[lambdarank_truncation_level: 30]
[lambdarank_norm: 1]
[label_gain: ]
[lambdarank_position_bias_regularization: 0]
[eval_at: ]
[multi_error_top_k: 1]
[auc_mu_weights: ]
[num_machines: 1]
[local_listen_port: 12400]
[time_out: 120]
[machine_list_filename: ]
[machines: ]
[gpu_platform_id: -1]
[gpu_device_id: -1]
[gpu_device_id_list: ]
[gpu_use_dp: 0]
[num_gpu: 1]

end of parameters

pandas_categorical:[]
