tree
version=v4
num_class=1
num_tree_per_iteration=1
label_index=0
max_feature_idx=189
objective=huber
feature_names=last_osi last_P_t last_N_t last_D_t last_R_t last_outage_pct osi_mean_72h osi_max_72h osi_std_72h outage_pct_mean_72h outage_pct_max_72h N_t_mean_72h N_t_max_72h R_t_mean_72h R_t_max_72h pre_event_mean_osi pre_event_max_outage_pct storm_onset_max_osi storm_onset_mean_osi osi_trend_last6h is_worsening frac_zero_72h hours_since_peak gust_mean_obs gust_max_obs gust_gt30_obs gust_gt40_obs cumul_gust_obs gust_last_obs gust_max_last6h_obs gust_trend_last6h_obs gust_t wind_speed_t wind_sin_t wind_cos_t t2m_t d2m_t tp_t rain_t csnow_t sdwe_t r2_t vpd_t soil_moist_t blh_t tcc_t lcc_t mcc_t hcc_t sp_t mslma_t sdswrf_t direct_rad_t diffuse_rad_t et0_t temp_c_t dewpoint_c_t icing_risk_t gust_exceed_30 soil_moist_x_gust is_snowing gust_x_hso gust_x_phase soil_gust_x_phase gust_exceed30_x_hso gust_max_next_1h gust_mean_next_1h wind_speed_max_next_1h total_tp_next_1h min_t2m_next_1h gust_gt30_next_1h gust_gt40_next_1h gust_peak4h_mean_next_1h gust_max_next_6h gust_mean_next_6h wind_speed_max_next_6h total_tp_next_6h min_t2m_next_6h gust_gt30_next_6h gust_gt40_next_6h gust_peak4h_mean_next_6h gust_max_next_24h gust_mean_next_24h wind_speed_max_next_24h total_tp_next_24h min_t2m_next_24h gust_gt30_next_24h gust_gt40_next_24h gust_peak4h_mean_next_24h gust_max_next_48h gust_mean_next_48h wind_speed_max_next_48h total_tp_next_48h min_t2m_next_48h gust_gt30_next_48h gust_gt40_next_48h gust_peak4h_mean_next_48h gust_change_1h gust_change_3h pressure_change_3h pressure_change_6h temp_change_6h wind_change_1h cumul_gust_since_onset cumul_tp_since_onset gust_gt30_since_onset gust_at_t1h wind_speed_at_t1h t2m_at_t1h tp_at_t1h gust_at_t6h wind_speed_at_t6h t2m_at_t6h tp_at_t6h gust_at_t24h wind_speed_at_t24h t2m_at_t24h tp_at_t24h gust_at_t48h wind_speed_at_t48h t2m_at_t48h tp_at_t48h hour_of_day hour_sin hour_cos days_since_onset hours_since_obs storm_phase log_customers rural_urban_code is_metro pop_density n_utilities pct_forest pct_developed pct_agriculture pct_water pct_wetland pct_unmapped pct_forest_classified tree_canopy_pct tree_canopy_std forest_x_customers window_len_next_1h is_full_next_1h tp_rate_next_1h gust_gt30_frac_next_1h has_weather_at_t1h window_len_next_6h is_full_next_6h tp_rate_next_6h gust_gt30_frac_next_6h has_weather_at_t6h window_len_next_24h is_full_next_24h tp_rate_next_24h gust_gt30_frac_next_24h has_weather_at_t24h window_len_next_48h is_full_next_48h tp_rate_next_48h gust_gt30_frac_next_48h has_weather_at_t48h N_nonzero_frac_obs R_nonzero_frac_obs P_mean_last24_obs D_mean_last24_obs N_mean_last24_obs R_mean_last24_obs flow_balance_last24_obs restoration_ratio_obs P_D_gap_last_obs hours_since_P_peak_obs hours_since_N_peak_obs hours_since_R_peak_obs first_material_N_hour_obs first_material_R_hour_obs P_trend_last24_obs D_trend_last24_obs P_post_peak_slope_obs P_active_frac_obs has_material_P_obs has_material_N_obs has_material_R_obs gust_excess30_sum_obs N_per_gust_excess_obs P_change_per_gust_excess_obs gust_to_N_best_corr_obs gust_to_N_best_lag_obs gust_at_first_material_N_obs
feature_infos=[0:0.55230000000000001] [0:0.82424180700000005] [0:0.065400654000000003] [0:0.90465771100000003] [0:0.058582058999999999] [0:82.420000000000002] [4.1666666666666669e-06:0.26529999999999998] [0.0001:0.65049999999999997] [1.9982631347136334e-05:0.22470370552747407] [0.00083333333333333328:39.644861111111112] [0.02:100] [3.1208333333333337e-06:0.018623942125000001] [7.4900000000000005e-05:0.37916412199999999] [3.1208333333333337e-06:0.017093115180555556] [7.4900000000000005e-05:0.18675781699999999] [0:0.38653749999999998] [0:100] [0:0.59799999999999998] [0:0.20940416666666664] [-0.055854285714285697:0.019237142857142855] [0:1] [0:0.95833333333333337] [0:71] [13.769444444444444:31.258333333333326] [29.100000000000001:70] [0:35] [0:18] [991.39999999999998:2250.5999999999995] [3.5:47.5] [15.6:64.5] [-6.477142857142856:3.3114285714285714] [0.90000000000000002:58.299999999999997] [0:38] [-0.99999999953664132:0.99999999987412524] [-0.99999999369183823:1] [259.85092730000002:298.4303941] [257.33913039999999:289.8677619] [0:11.300000000000001] [0:11.300000000000001] [0:2.6600000000000001] [0:0.080000000000000002] [15:100] [0:2.5] [0.17000000000000001:0.52300000000000002] [10:3090] [0:100] [0:100] [0:100] [0:100] [884.60000000000002:1022.4] [986.70000000000005:1031.5999999999999] [0:863] [0:731] [0:454] [0:0.60999999999999999] [-13.299072699999954:25.280394100000024] [-15.81086959999999:16.717761900000028] [0:1] [0:28.299999999999997] [0.24840000000000004:23.550000000000001] [0:1] [1.6000000000000001:3819.7999999999997] [0:107.59999999999999] [0:47.100000000000001] [0:1689.7999999999997] [1.3999999999999999:58.299999999999997] [1.2999999999999998:54.400000000000006] [0:38] [0:14.699999999999999] [259.85092730000002:298.21776599999998] [0:2] [0:2] [1.2999999999999998:54.400000000000006] [2.7999999999999998:58.299999999999997] [2.0571428571428569:49.328571428571429] [0.40000000000000002:38] [0:25.200000000000003] [259.85092730000002:296.40927479999999] [0:7] [0:7] [2.5999999999999996:52.024999999999999] [5.9000000000000004:58.299999999999997] [4.25:42.796000000000006] [2.6000000000000001:38] [0:51.199999999999996] [259.85092730000002:288.3249495] [0:25] [0:19] [4.9250000000000007:52.024999999999999] [5.9000000000000004:58.299999999999997] [4.25:37.651020408163269] [2.6000000000000001:38] [0:52.900000000000006] [259.85092730000002:288.3249495] [0:42] [0:22] [4.9250000000000007:52.024999999999999] [-24.299999999999997:23.800000000000001] [-32:35.700000000000003] [-6.1000000000000227:9.3000000000000682] [-10.600000000000023:13.700000000000045] [-20.027499999999975:21.845291299999985] [-15.300000000000001:28.000000000000004] [348.89999999999998:4391.1000000000004] [0:53.200000000000003] [0:61] [0.90000000000000002:58.299999999999997] [0:38] [259.85092730000002:298.4303941] [0:11.300000000000001] [0.90000000000000002:58.299999999999997] [0:38] [259.85092730000002:298.4303941] [0:11.300000000000001] [0.90000000000000002:58.299999999999997] [0:38] [259.85092730000002:298.4303941] [0:11.300000000000001] [0.90000000000000002:53.799999999999997] [0:34.299999999999997] [259.85092730000002:296.58327589999999] [0:11.300000000000001] [0:23] [-1:1] [-1:1] [1:6] [1:138] [0:3] [7.9247959139564355:13.272345954174847] [1:9] [0:1] [8.3691524328166658:3138.2235042681623] [1:14] [2.4399999999999999:88.719999999999999] [2.21:77.180000000000007] [0.040000000000000001:85.829999999999998] [0.01:5.5099999999999998] [0:19.780000000000001] [1.9299999999999999:18.32] [2.5641025641025643:95.815074496056084] [2.71:81.680000000000007] [13.6:40.350000000000001] [23.724227923039628:931.74929212165569] none none [0:7.3499999999999996] [0:1] none none none [0:3.6000000000000005] [0:1] none [7:25] [0:1] [0:2.048] [0:1] [0:1] [7:49] [0:1] [0:1.0795918367346939] [0:0.8571428571428571] [0:1] [0.041666666666666664:0.83333333333333337] [0.041666666666666664:0.88888888888888884] [0:0.33157778683333333] [0:0.2415728110416667] [0:0.05185222787499999] [0:0.036813731041666665] [-5.9704624999999938e-05:0.03421760770833332] [0.015212270003215447:6.5416667824977583] [-0.14113178900000001:0.088746481000000002] [0:71] [0:67] [0:70] [0:68] [0:71] [-0.00035191936000000026:0.052080195401739138] [-0.0001288437365217392:0.043438201510000003] [-0.12208507408333331:0.00066816548250572968] [0:0.98611111111111116] [0:1] [0:1] [0:1] [0:446.30000000000001] [1.2346153846153842e-05:0.024848555909090915] [-0.0026323566314935061:0.0091683099305555574] [-0.25886629144625328:0.75281650661316302] [0:3] [3.2000000000000002:56.399999999999999]
tree_sizes=3039 2749 2883 2818 2825 2788 2796 2795 2756 2761 2830 2826 2785 2762 2767 2807 2858 2760 2799 2802 2783 2715 2749 2765 2748 2797 2791 2870 2794 2737 2743

Tree=0
num_leaves=31
num_cat=0
split_feature=84 91 93 138 66 174 82 184 29 124 101 84 50 133 83 75 123 2 115 61 138 15 184 34 185 80 88 77 156 88
split_gain=0.00730842 0.00438482 0.00343288 0.00314236 0.0038911 0.00176255 0.00119726 0.00227701 0.000706126 0.00101351 0.00125728 0.00122599 0.000557552 0.00111003 0.000781271 0.000381681 0.000376776 0.000344205 0.00196983 0.00027581 0.000775041 0.000221839 0.0001658 0.000340004 0.000225521 0.000347271 0.000122327 0.000120281 0.000161658 0.000139593
threshold=7.1500000000000012 14.15 263.75733265000002 3.7550000000000003 17.525000000000002 2.5000000000000004 32.862000000000009 51.850000000000001 24.350000000000005 0.37940952255126048 3.5271318499999897 12.150000000000004 1017.7500000000001 80.210000000000022 13.050000000000002 16.250000000000004 1.0000000180025095e-35 0.0059917800000000012 2.8500000000000001 100.90000000000002 4.3750000000000009 0.0020656250000000002 103.90000000000001 -0.91917676117609459 0.00051026946866382936 30.312500000000007 36.01250000000001 278.88039580000003 0.8600000000000001 45.63750000000001
decision_type=2 2 2 2 2 8 2 2 2 2 2 2 2 2 2 2 2 2 8 2 2 2 2 2 10 2 2 2 2 2
left_child=6 2 -2 4 -3 -6 12 -8 9 10 11 -5 13 19 16 -10 -15 -14 -19 20 -1 -7 23 24 -17 -26 -24 -9 29 -29
right_child=1 3 -4 8 5 21 7 27 15 -11 -12 -13 17 14 -16 22 -18 18 -20 -21 -22 -23 26 -25 25 -27 -28 28 -30 -31
leaf_value=0.00081183442116754105 0.0013032269116493699 0.0012297982587366422 0.00063643833685596729 0.001074391864269737 0.00094664652671909194 0.00061514537697090869 0.00098446694930530952 0.00061514537697090869 0.00061514537697090869 0.00061514537697090869 0.00061514537697090869 0.00068288745635633886 0.0005903400079788993 0.00061514537697090869 0.00061514537697090869 0.00061514537697090869 0.00084398617380167294 0.0009026958851112662 0.0006025225034992478 0.00060119496690748766 0.00061514537697090869 0.00073196017699194002 0.00061514537697090869 0.00061514537697090869 0.00061514537697090869 0.00082999971378739344 0.00064579612993861685 0.0007283575136487364 0.00061514537697090869 0.00061514537697090869
leaf_weight=57 51 50 58 57 78 240 52 280 1053 154 133 92 11554 64 216 83 100 58 549 3959 244 72 356 163 57 91 824 90 165 64
leaf_count=57 51 50 58 57 78 240 52 280 1053 154 133 92 11554 64 216 83 100 58 549 3959 244 72 356 163 57 91 824 90 165 64
internal_value=0.000614499 0.000678976 0.000997296 0.000667538 0.000794945 0.000724978 0.000600865 0.000665437 0.000647551 0.000709826 0.000766128 0.000868054 0.000598062 0.000613976 0.000694415 0.000635281 0.000777463 0.000592402 0.000623407 0.000605611 0.000646988 0.000652704 0.000650955 0.000685676 0.000725297 0.000765732 0.000635078 0.000628839 0.00065108 0.000687763
internal_weight=21064 3612 109 3503 440 390 17452 651 3063 436 282 149 16801 4640 380 2627 164 12161 607 4260 301 312 1574 394 231 148 1180 599 319 154
internal_count=21064 3612 109 3503 440 390 17452 651 3063 436 282 149 16801 4640 380 2627 164 12161 607 4260 301 312 1574 394 231 148 1180 599 319 154
is_linear=0
shrinkage=1


Tree=1
num_leaves=31
num_cat=0
split_feature=73 92 66 76 83 131 92 137 163 137 49 85 116 75 23 101 43 42 172 115 32 65 80 168 92 77 67 73 19 185
split_gain=0.00459679 0.00367078 0.00364688 0.0025624 0.00309937 0.00119369 0.00298728 0.00233762 0.000828781 0.000459189 0.000718821 0.00110703 0.00060476 0.000673284 0.000419192 0.000502119 0.000285337 0.000334287 0.000514102 0.00043143 0.000482944 0.000213422 0.00034852 0.000175414 0.000147117 0.000146506 0.000211693 0.000151152 0.000167714 0.00018703
threshold=31.650000000000002 8.2500000000000018 13.975000000000003 6.3500000000000023 14.250000000000002 60.631396245768578 13.150000000000004 1.7350000000000001 0.3263888888888889 0.055000000000000007 994.55000000000007 274.50169295000006 270.78910820000004 10.65 19.578472222222228 3.2526120500000109 0.31450000000000006 0.21500000000000002 5.5000000000000009 10.850000000000003 13.65 28.050000000000004 34.787500000000016 0.0087242572500000008 22.950000000000006 277.87847115000005 23.150000000000002 37.550000000000004 -0.0030385714285714282 0.00013605497775621593
decision_type=2 2 2 2 2 2 2 2 2 2 2 2 8 2 2 2 2 2 8 10 2 2 2 2 2 2 2 2 2 10
left_child=3 21 -3 9 -5 6 7 8 -4 10 12 -12 13 -1 15 -7 -8 -18 -19 20 -20 22 -2 -11 25 -16 27 -27 -29 -30
right_child=1 2 5 4 -6 14 16 -9 -10 23 11 -13 -14 -15 24 -17 17 18 19 -21 -22 -23 -24 -25 -26 26 -28 28 29 -31
leaf_value=0.00016630946740574991 0 0.00050085315545907682 0 0.00046781225653447971 2.9321129402046698e-05 0.00020452493423069219 0 0.00054055802412875272 0.00024097041018622165 -2.2611307287398195e-05 0.00029817924001619369 0 -1.6063404390285423e-05 0 0 0 0 0 0.0003186551082919603 4.5483568475382109e-06 4.1543295250090984e-06 -1.0384536004326945e-05 0.00015026871594032718 0 0 1.618449738482643e-05 0 0 0 0.00010802683143366611
leaf_weight=96 231 53 97 56 252 98 199 70 100 12162 50 55 2101 306 353 104 125 65 64 104 60 2162 52 711 182 441 224 92 66 333
leaf_count=96 231 53 97 56 252 98 199 70 100 12162 50 55 2101 306 353 104 125 65 64 104 60 2162 52 711 182 441 224 92 66 333
internal_value=-4.32744e-07 3.97262e-05 7.85739e-05 -1.41679e-05 0.000126484 6.85373e-05 0.00011984 0.000264117 0.000138403 -1.72972e-05 0 0.000129107 -3.47183e-06 4.9806e-05 4.18891e-05 0.000119232 4.89889e-05 7.24031e-05 0.000101556 0.000137308 0.000207728 -3.20827e-06 3.38533e-05 -2.11889e-05 2.96299e-05 3.50331e-05 4.37988e-05 5.42784e-05 7.8228e-05 9.26032e-05
internal_weight=21064 5275 2830 15789 308 2777 884 267 197 15481 2608 105 2503 402 1893 202 617 418 293 228 124 2445 283 12873 1691 1509 1156 932 491 399
internal_count=21064 5275 2830 15789 308 2777 884 267 197 15481 2608 105 2503 402 1893 202 617 418 293 228 124 2445 283 12873 1691 1509 1156 932 491 399
is_linear=0
shrinkage=0.05


Tree=2
num_leaves=31
num_cat=0
split_feature=73 101 31 133 50 131 92 88 88 76 120 76 31 73 140 2 115 68 129 43 128 170 112 50 168 137 24 104 131 136
split_gain=0.00421676 0.00342441 0.00284035 0.00245469 0.00586093 0.00137271 0.00165616 0.00271141 0.00306732 0.000751118 0.000424083 0.000419077 0.000382917 0.000443358 0.000682464 0.000348342 0.00181555 0.000282209 0.000360853 0.00026023 0.000229053 0.00034436 0.000455074 0.000162533 0.000157558 0.000111045 0.00010903 8.97066e-05 8.58759e-05 5.99785e-05
threshold=31.650000000000002 -0.79963029999998969 12.850000000000003 88.200000000000003 1017.85 66.097061926189738 13.550000000000002 35.38750000000001 42.612500000000004 3.6500000000000008 274.53088135000007 6.450000000000002 30.550000000000004 37.550000000000004 33.835000000000001 0.0059917800000000012 2.8500000000000001 3.4500000000000006 6.5000000000000009 0.31450000000000006 9.608896471458312 0.72782108631120435 288.01114955000008 1017.7500000000001 0.0087242572500000008 0.25500000000000006 56.350000000000001 2.6500000000000008 62.530080527030343 3.9100000000000006
decision_type=2 2 2 2 2 2 2 2 2 2 10 2 2 2 2 2 8 2 2 2 2 2 2 2 2 2 2 2 2 2
left_child=3 11 -3 9 -5 6 7 -4 -9 15 -11 27 13 -7 -15 23 -17 18 -13 -8 21 -21 -23 24 25 -1 -26 -2 -12 -25
right_child=1 2 5 4 -6 12 19 8 -10 10 28 17 -14 14 -16 16 -18 -19 -20 20 -22 22 -24 29 26 -27 -28 -29 -30 -31
leaf_value=5.1694182449441278e-08 5.3600829763153129e-06 0.00045386779455319423 0 0.00062187342336127431 0 1.2297031432189585e-05 0 0.00054402679826973783 6.9555482858352959e-05 3.5370944528710275e-06 0.00019078104825047344 1.4784741970455329e-05 6.9198286611679894e-06 5.0114288070442759e-05 0.00026751372701022089 0.00024573141623190361 -7.9006602001960653e-06 0 0.0001811343571778282 0 0 0.00029496282807991124 1.0767471043436668e-05 -2.3284931209909722e-05 0 -1.7415896988242345e-05 7.8033241280584328e-05 -1.272598987604702e-05 0 0
leaf_weight=696 642 55 102 50 129 370 140 99 95 417 57 217 761 273 73 75 675 249 76 77 117 53 79 11328 99 2006 75 1797 55 127
leaf_count=696 642 55 102 50 129 370 140 99 95 417 57 217 761 273 73 75 675 249 76 77 117 53 79 11328 99 2006 75 1797 55 127
internal_value=-2.28204e-07 3.82277e-05 8.41906e-05 -1.33943e-05 0.000167841 7.2679e-05 0.000130326 0.000229288 0.000338872 -1.58035e-05 3.98436e-05 1.16433e-06 3.94874e-05 6.70705e-05 0.00011103 -1.80895e-05 1.10982e-05 4.21857e-05 7.54096e-05 5.64026e-05 8.08257e-05 0.000113575 0.00016383 -1.99665e-05 -6.65566e-06 -1.10683e-05 3.29677e-05 -5.9159e-06 0.000129545 -2.28711e-05
internal_weight=21064 5275 2294 15789 179 2239 762 296 194 15610 529 2981 1477 716 346 15081 750 542 293 466 326 209 132 14331 2876 2702 174 2439 112 11455
internal_count=21064 5275 2294 15789 179 2239 762 296 194 15610 529 2981 1477 716 346 15081 750 542 293 466 326 209 132 14331 2876 2702 174 2439 112 11455
is_linear=0
shrinkage=0.05


Tree=3
num_leaves=31
num_cat=0
split_feature=84 91 138 32 93 174 82 184 29 50 106 170 50 139 75 35 187 4 170 136 177 75 163 185 137 67 163 16 81 77
split_gain=0.00581826 0.00362521 0.00266383 0.00397184 0.000952082 0.00135336 0.000930878 0.00180364 0.00070951 0.000864729 0.000621047 0.000824064 0.000434695 0.000819316 0.000708075 0.000284465 0.00182954 0.000278997 0.000334501 0.000385053 0.000255158 0.000180965 0.000135583 0.000120366 9.72238e-05 9.53316e-05 0.000129919 0.00013568 0.000109047 9.49662e-05
threshold=7.1500000000000012 13.850000000000003 3.7550000000000003 7.7500000000000009 265.47502930000002 2.5000000000000004 32.862000000000009 51.850000000000001 29.600000000000005 1009.6500000000002 32.550000000000004 1.000020441006378 1017.7500000000001 90.516136166816025 10.65 265.24849055000004 0.63958091350322488 0.00044032750000000008 0.99999951598035375 0.39500000000000007 -5.2822924130434838e-05 17.950000000000003 0.43750000000000006 0.0010207139031082988 0.25500000000000006 15.350000000000003 0.56250000000000011 0.13500000000000004 38.150000000000013 278.88039580000003
decision_type=2 2 2 2 2 10 2 2 2 2 2 2 2 2 2 2 2 2 2 2 2 2 2 10 2 2 2 2 2 2
left_child=6 -2 3 -3 5 -5 12 -8 9 10 11 17 13 20 -15 16 -14 18 19 -4 -1 -10 -7 24 -22 26 27 -23 -29 -9
right_child=1 2 8 4 -6 22 7 29 21 -11 -12 -13 15 14 -16 -17 -18 -19 -20 -21 23 25 -24 -25 -26 -27 -28 28 -30 -31
leaf_value=8.366047554933603e-05 0.00044374236288791829 0.00056620933835185535 0.00026524262085502788 0.0003734785893867098 0 0 0.00032882119568211979 0 0 0 0 0.0003036999515461503 -1.0237829767924896e-05 0.00025535048706972575 2.899111662396821e-06 -2.1706811756696857e-05 0.0002844856464876752 0 0 5.4024937896845247e-05 0 0 0.00011488910758163074 5.7511967471193205e-07 -1.9099719091935948e-05 8.9236562716172728e-06 0 0 0.00014849627456507214 3.1153840855949964e-05
leaf_weight=67 62 58 68 60 130 134 52 280 1104 278 179 78 647 55 151 11459 55 100 85 176 639 58 73 1337 2391 756 70 60 83 319
leaf_count=67 62 58 68 60 130 134 52 280 1104 278 179 78 647 55 151 11459 55 100 85 176 639 58 73 1337 2391 756 70 60 83 319
internal_value=-5.57419e-09 5.75079e-05 4.92313e-05 0.000164692 9.21936e-05 0.000146642 -1.21981e-05 4.456e-05 3.05946e-05 6.7421e-05 9.76307e-05 0.00012628 -1.46974e-05 -5.35124e-07 9.53637e-05 -1.96894e-05 6.11249e-06 8.1763e-05 0.000104041 0.000134139 -6.1384e-06 1.15664e-05 5.53749e-05 -8.67965e-06 -1.44118e-05 2.6787e-05 5.80213e-05 7.83644e-05 0.000104738 1.10427e-05
internal_weight=21064 3612 3550 455 397 267 17452 651 3095 964 686 507 16801 4640 206 12161 702 429 329 244 4434 2131 207 4367 3030 1027 271 201 143 599
internal_count=21064 3612 3550 455 397 267 17452 651 3095 964 686 507 16801 4640 206 12161 702 429 329 244 4434 2131 207 4367 3030 1027 271 201 143 599
is_linear=0
shrinkage=0.05


Tree=4
num_leaves=31
num_cat=0
split_feature=155 138 32 61 92 120 49 82 83 42 93 23 50 133 83 17 22 59 61 138 75 31 166 110 92 21 75 112 96 56
split_gain=0.00533405 0.00326704 0.00278502 0.00155443 0.00184539 0.00147728 0.00109168 0.000891653 0.00165661 0.000542309 0.000691941 0.00183996 0.000413904 0.000950516 0.000820359 0.000274368 0.000264217 0.00147849 0.000231214 0.000694659 0.000171192 0.000200369 0.000280151 0.000181051 0.000135857 7.37391e-05 7.31769e-05 6.75524e-05 8.55793e-05 8.59383e-05
threshold=0.3020000000000001 3.8700000000000006 7.7500000000000009 1435.3500000000001 11.950000000000005 274.65472475000007 966.05000000000007 32.862000000000009 20.150000000000002 0.51500000000000012 264.33531805000007 22.144444444444449 1017.7500000000001 80.390000000000015 13.050000000000002 0.046300000000000008 1.0000000180025095e-35 2.6006500000000004 100.90000000000002 4.3750000000000009 16.050000000000004 29.550000000000004 0.024692847125000004 28.650000000000002 22.950000000000006 0.20138888888888892 10.350000000000003 280.24830495000009 45.712500000000006 8.1524504000000508
decision_type=2 2 2 2 2 10 2 2 2 2 2 2 2 2 2 2 2 2 2 2 2 2 2 2 2 2 2 2 2 2
left_child=7 2 -2 -4 -5 9 -7 12 -9 -3 11 -11 13 18 15 26 17 -14 19 -1 -12 22 23 -22 -25 -20 -15 -10 29 -29
right_child=1 5 3 4 -6 6 -8 8 27 10 20 -13 16 14 -16 -17 -18 -19 25 -21 21 -23 -24 24 -26 -27 -28 28 -30 -31
leaf_value=0.00018633616232669926 0.00052799907990313351 4.7073642250190798e-07 1.6093183600522806e-05 0.00048856813133808612 3.3561827832121103e-05 1.4338292721151174e-05 0.00034994710737774388 0.00027826633900037014 0 0.0003698900747962574 0 0 0.00026775701291066633 0.00031311312601353756 0 0 -2.039140686807233e-05 -7.5541452570968942e-06 4.462355750950363e-07 0 0 1.0275280976970436e-05 0 0.0001448347272153443 0 -1.4063218646947023e-05 2.7997740025629923e-05 7.804355284895551e-05 0 0
leaf_weight=57 60 1442 236 56 83 93 68 68 233 61 272 112 51 50 203 55 11653 459 315 245 80 599 98 165 56 3735 53 105 228 73
leaf_count=57 60 1442 236 56 83 93 68 68 233 61 272 112 51 50 203 55 11653 459 315 245 80 599 98 165 56 3735 53 105 228 73
internal_value=0 5.64769e-05 0.000187361 0.000118302 0.000254768 3.60889e-05 0.000188235 -1.12584e-05 4.20057e-05 2.58035e-05 4.76382e-05 0.000149383 -1.37885e-05 -1.09276e-07 7.65737e-05 0.000162014 -1.86775e-05 1.06623e-05 -7.63492e-06 3.02454e-05 2.97379e-05 3.94149e-05 7.05257e-05 9.43772e-05 0.000118978 -1.17006e-05 0.00021616 8.65569e-06 2.30814e-05 4.90569e-05
internal_weight=21064 3481 435 375 139 3046 161 17583 707 2885 1443 173 16876 4713 361 158 12163 510 4352 302 1270 998 399 301 221 4050 103 639 406 178
internal_count=21064 3481 435 375 139 3046 161 17583 707 2885 1443 173 16876 4713 361 158 12163 510 4352 302 1270 998 399 301 221 4050 103 639 406 178
is_linear=0
shrinkage=0.05


Tree=5
num_leaves=31
num_cat=0
split_feature=84 91 138 112 55 110 187 22 116 91 75 43 101 141 102 94 65 113 96 164 108 187 126 7 49 74 112 171 76 106
split_gain=0.00513578 0.00345834 0.00148044 0.00176978 0.00217538 0.000693604 0.00123376 0.0015936 0.000552056 0.00129883 0.000550481 0.00095499 0.00168124 0.00138352 0.0017716 0.000505878 0.00113834 0.000488299 0.000498748 0.000428397 0.000287393 0.00191808 0.00012337 0.00022047 0.000142294 0.000200271 0.000119102 8.75337e-05 6.90979e-05 6.33274e-05
threshold=6.450000000000002 13.850000000000003 3.7550000000000003 292.50441215000006 14.423655400000031 30.750000000000004 0.25055200184800802 34.000000000000007 264.05288220000006 13.050000000000002 18.850000000000005 0.34750000000000003 -1.8502969500000004 29.910000000000004 0.99999999999999989 8.5000000000000018 28.550000000000004 0.8500000000000002 32.187500000000007 0.54861111111111127 265.57324210000007 0.63958091350322488 9.5000000000000018 0.089400000000000021 986.05000000000007 19.992857142857151 280.24830495000009 0.026404281500000005 2.2500000000000009 32.150000000000013
decision_type=2 2 2 2 2 2 2 2 8 2 2 2 2 2 2 2 2 2 2 2 2 2 2 2 2 2 2 2 2 2
left_child=5 -2 3 15 -5 8 7 -7 9 -1 17 29 -13 -14 -15 16 -3 -4 19 -19 21 -10 23 -22 25 -25 -8 28 -24 -12
right_child=1 2 10 4 -6 6 26 -9 20 -11 11 12 13 14 -16 -17 -18 18 -20 -21 22 -23 27 24 -26 -27 -28 -29 -30 -31
leaf_value=0.00026059966458163574 0.00041769202100764614 0 0 0.00057215558330747575 6.2056918669397759e-05 0.00034653615452270972 -8.0370759115284512e-06 0 -1.1598896432420981e-05 0 3.3993462624990079e-05 0 0 0.00045734727355502611 4.6543067877835363e-05 0 0.00030206487235805157 0.00019386382353818278 4.5727952546286657e-06 0 -1.3100452483685857e-05 0.00022137363723775651 -2.0077151701523713e-05 0.00011856944715790716 0 0 2.4167837485348487e-05 0 0 0
leaf_weight=58 66 76 1544 50 83 63 847 129 778 191 450 161 94 86 83 239 56 100 350 60 992 96 12889 87 87 89 415 238 236 429
leaf_count=58 66 76 1544 50 83 63 847 129 778 191 450 161 94 86 83 239 56 100 350 60 992 96 12889 87 87 89 415 238 236 429
internal_value=4.83897e-07 5.22922e-05 4.46449e-05 0.000127787 0.000293975 -1.10597e-05 2.05957e-05 0.000138489 -1.43025e-05 5.51266e-05 3.06391e-05 5.71828e-05 0.000121641 0.000199352 0.000286464 5.41386e-05 0.000133067 1.13478e-05 5.39148e-05 0.000130096 -1.57446e-05 8.50023e-06 -1.75367e-05 0 3.7977e-05 6.45055e-05 0 -1.89603e-05 -1.95623e-05 2.03055e-05
internal_weight=21122 3927 3861 504 133 17195 1454 192 15741 249 3357 1303 424 263 169 371 132 2054 510 160 15492 874 14618 1255 263 176 1262 13363 13125 879
internal_count=21122 3927 3861 504 133 17195 1454 192 15741 249 3357 1303 424 263 169 371 132 2054 510 160 15492 874 14618 1255 263 176 1262 13363 13125 879
is_linear=0
shrinkage=0.05


Tree=6
num_leaves=31
num_cat=0
split_feature=84 133 138 112 36 110 105 104 122 80 28 138 93 114 90 116 133 171 49 168 13 67 10 136 77 160 50 80 167 59
split_gain=0.00472115 0.00327406 0.00148117 0.00160478 0.0020366 0.000632885 0.00113619 0.00247508 0.000587259 0.000600727 0.000746232 0.000741225 0.000562547 0.000705526 0.000550254 0.000497144 0.00122045 0.000262239 0.00139097 0.0002483 0.0002086 0.000206499 0.000205834 0.000190595 0.000506976 0.000172898 0.000168411 0.000346307 0.00011307 9.76881e-05
threshold=6.450000000000002 88.200000000000003 3.7550000000000003 292.50441215000006 278.65122025000005 30.750000000000004 13.500000000000002 4.1500000000000012 18.500000000000004 29.762500000000006 20.650000000000002 4.745000000000001 265.09898585000008 27.050000000000004 20.680612244897965 264.05288220000006 80.660000000000011 0.003949861500000003 991.25000000000011 0.001051639229166667 0.0028292562638888891 21.450000000000003 15.295000000000002 1.3350000000000002 281.77563365000009 0.41734693877551027 1017.7500000000001 23.537500000000005 0.00040301429166666677 6.9599000000000011
decision_type=2 2 2 2 2 2 2 2 2 2 2 2 2 10 2 8 2 2 2 2 2 2 2 2 2 2 2 2 2 2
left_child=5 2 3 12 -5 15 7 -7 9 14 11 -11 13 -2 22 16 -1 20 -19 -12 -17 25 29 -21 -25 28 27 -22 -13 -4
right_child=1 -3 8 4 -6 6 -8 -9 -10 10 19 21 -14 -15 -16 17 -18 18 -20 23 26 -23 -24 24 -26 -27 -28 -29 -30 -31
leaf_value=0 0.00021099451208168548 0.0004330755300232905 0 0.00051189812830387859 2.0820681814387037e-05 0 0 0.00033209256412082425 -3.5342460192123085e-06 0.00027892990012159794 0 0.00014859869860741392 0 0 -9.2041475768617183e-06 -1.8767459682285958e-05 0.00024331774111083687 -2.2595101903371738e-06 0.00026219723713652725 2.4008915422735327e-05 0.00012134010015870444 0 0 0 0.00019455225420310081 0 -7.9443193568050445e-06 0 0 0.00010983475654039799
leaf_weight=187 94 57 54 60 69 231 1137 86 755 83 362 145 152 107 795 13063 62 1027 50 567 82 102 68 54 81 97 1025 245 50 175
leaf_count=187 94 57 54 60 69 231 1137 86 755 83 362 145 152 107 795 13063 62 1027 50 567 82 102 68 54 81 97 1025 245 50 175
internal_value=6.05416e-07 5.02846e-05 4.32445e-05 0.00012846 0.000289871 -1.04518e-05 1.97347e-05 0.00010351 2.96115e-05 4.10119e-05 6.173e-05 0.000118172 5.46972e-05 0.000110477 7.17074e-06 -1.35589e-05 5.21036e-05 -1.49403e-05 5.61158e-06 3.16448e-05 -1.68229e-05 7.10275e-05 6.76648e-05 4.89903e-05 0.000116199 9.2537e-05 0 3.29576e-05 0.0001225 9.03853e-05
internal_weight=21122 3927 3870 482 129 17195 1454 317 3388 2633 1541 477 353 201 1092 15741 249 15492 1077 1064 14415 394 297 702 135 292 1352 327 195 229
internal_count=21122 3927 3870 482 129 17195 1454 317 3388 2633 1541 477 353 201 1092 15741 249 15492 1077 1064 14415 394 297 702 135 292 1352 327 195 229
is_linear=0
shrinkage=0.05


Tree=7
num_leaves=31
num_cat=0
split_feature=155 133 138 25 123 93 122 43 42 131 120 110 187 67 131 115 122 98 80 73 67 141 16 119 168 101 80 66 112 186
split_gain=0.0043188 0.00292449 0.00123429 0.0015142 0.00264036 0.00127413 0.000569173 0.000656231 0.00104093 0.000980213 0.000625279 0.000556856 0.00112502 0.0014888 0.000346495 0.00130901 0.00261626 0.000250198 0.000239779 0.000229861 0.000303327 0.000211881 0.000302936 0.000132933 0.000122285 0.00011232 0.000131142 0.000269978 8.78616e-05 8.45626e-05
threshold=0.23800000000000004 88.200000000000003 3.7550000000000003 17.500000000000004 0.78656609248549325 264.40368030000008 18.500000000000004 0.34750000000000003 0.54500000000000015 102.00208775980865 274.24461810000008 30.750000000000004 0.25055200184800802 13.65 33.15434016127945 2.6500000000000008 6.5000000000000009 -0.29999999999999799 43.13750000000001 37.250000000000007 18.550000000000004 28.840000000000003 0.25500000000000006 9.9500000000000011 0.0087242572500000008 -1.7367991000000129 21.537500000000005 24.975000000000005 280.24830495000009 0.0024317888631738538
decision_type=2 2 2 2 2 2 2 2 2 2 10 2 2 2 2 8 2 2 2 2 2 2 2 10 2 2 2 2 2 10
left_child=11 2 3 4 5 -2 7 19 10 -10 -9 14 13 -13 15 16 -1 -12 -5 -4 21 -21 -23 -24 29 26 -26 -28 -14 -16
right_child=1 -3 6 18 -6 -7 -8 8 9 -11 17 12 28 -15 24 -17 -18 -19 -20 20 -22 22 23 -25 25 -27 27 -29 -30 -31
leaf_value=0.0003435664318052418 0.00024633600868616701 0.00040593308869636344 0 -1.2006401408967632e-06 0.00053646677650923027 0 -3.9379361424718084e-06 9.940518776726719e-06 0.00033490594225947431 5.0213682733440903e-05 0.0001811603532816592 0.00030406423699069394 -8.2665815548235951e-06 0 -1.7551540417492229e-05 -8.0355536922275333e-06 0 0 9.9353454000369995e-05 0 0 0 0.0001964682160546179 0 0 -9.4551165344347578e-06 0.00015544827675530184 0 2.1604005800129062e-05 0
leaf_weight=82 80 58 1012 180 53 130 791 705 78 141 103 75 816 113 12947 1392 143 63 60 118 358 64 86 50 126 572 50 95 350 231
leaf_count=82 80 58 1012 180 53 130 791 705 78 141 103 75 816 113 12947 1392 143 63 60 118 358 64 86 50 126 572 50 95 350 231
internal_value=6.73927e-07 4.67471e-05 4.0305e-05 0.0001169 0.000201039 9.05452e-05 2.80797e-05 3.89937e-05 7.07446e-05 0.0001754 3.85258e-05 -1.02323e-05 1.90557e-05 0.000132229 -1.30889e-05 6.75845e-06 0.000120039 0.0001292 3.49894e-06 1.5501e-05 3.80563e-05 7.38295e-05 0.000106236 0.000148615 -1.57347e-05 0 2.9052e-05 6.179e-05 0 -1.69297e-05
internal_weight=21122 4130 4072 503 263 210 3569 2778 1090 219 871 16992 1354 188 15638 1617 225 166 240 1688 676 318 200 136 14021 843 271 145 1166 13178
internal_count=21122 4130 4072 503 263 210 3569 2778 1090 219 871 16992 1354 188 15638 1617 225 166 240 1688 676 318 200 136 14021 843 271 145 1166 13178
is_linear=0
shrinkage=0.05


Tree=8
num_leaves=31
num_cat=0
split_feature=84 120 83 128 117 25 123 105 69 110 187 22 116 75 110 141 134 170 29 120 29 113 2 67 13 49 101 82 141 33
split_gain=0.00398569 0.00193144 0.00249944 0.00107448 0.00123338 0.0015427 0.00164915 0.00101211 0.00313117 0.000519176 0.000982112 0.00137403 0.000417764 0.00109528 0.000331836 0.000642658 0.000311289 0.000264477 0.000251157 0.000339601 0.000248484 0.000236831 0.000235399 0.00167637 0.000170061 0.000178193 0.000266874 0.000661903 0.000107381 0.000108587
threshold=6.450000000000002 275.26735470000006 14.450000000000001 9.5821574907389007 0.25000000000000006 17.500000000000004 0.91597561503675362 17.500000000000004 288.39239190000006 30.750000000000004 0.25055200184800802 34.000000000000007 264.05288220000006 11.050000000000002 35.750000000000007 32.360000000000007 8.0800000000000018 0.99999951598035375 31.750000000000004 268.38302540000001 43.250000000000007 1.3500000000000003 0.0059917800000000012 2.8500000000000001 0.0028292562638888891 985.85000000000002 -1.7367991000000129 17.478000000000005 32.930000000000007 0.195071508304868
decision_type=2 10 2 2 10 2 2 2 2 2 2 2 8 2 2 2 2 2 2 10 2 2 2 2 2 2 2 2 2 2
left_child=9 3 -3 4 5 6 7 17 -9 12 11 -11 13 -1 21 -16 -7 18 19 -2 -18 -5 24 -24 -14 26 27 -26 -23 -30
right_child=1 2 -4 14 -6 16 -8 8 -10 10 -12 -13 22 -15 15 -17 20 -19 -20 -21 -22 28 23 -25 25 -27 -28 -29 29 -31
leaf_value=0.00025215873836994157 0.00017695552188767277 0.00052033100039037747 2.3578300713026434e-05 -7.8004731492970183e-07 0 0 0.00040003585843575675 0 0.00053974744331968265 0.00031506716081139533 0 0 -1.6724802608512012e-05 0 0 0.00014322285685794769 0 0 0 0 0.00015453556383010383 0 0.00028078912494324703 -3.6809354715140141e-06 0.00019973497125862872 -1.3541856452068766e-05 0 0 0.00010376682502114649 0
leaf_weight=51 89 51 98 1679 356 326 78 83 52 63 1262 129 13453 198 263 143 63 150 51 51 66 158 53 701 65 732 306 182 107 63
leaf_count=51 89 51 98 1679 356 326 78 83 52 63 1262 129 13453 198 263 143 63 150 51 51 66 158 53 701 65 732 306 182 107 63
internal_value=7.54851e-07 4.64141e-05 0.000229276 3.78203e-05 7.43053e-05 0.000102569 0.000160414 0.00010991 0.000236588 -9.38414e-06 1.78336e-05 0.000122961 -1.22168e-05 4.76723e-05 1.50878e-05 5.75332e-05 2.09746e-05 4.45939e-05 8.35819e-05 0.000118177 8.67726e-05 3.98701e-06 -1.35052e-05 1.00379e-05 -1.50495e-05 0 2.36957e-05 6.28057e-05 4.35149e-05 7.22013e-05
internal_weight=21122 3927 149 3778 1365 1009 554 476 135 17195 1454 192 15741 249 2413 406 455 341 191 140 129 2007 15492 754 14738 1285 553 247 328 170
internal_count=21122 3927 149 3778 1365 1009 554 476 135 17195 1454 192 15741 249 2413 406 455 341 191 140 129 2007 15492 754 14738 1285 553 247 328 170
is_linear=0
shrinkage=0.05


Tree=9
num_leaves=31
num_cat=0
split_feature=84 133 128 117 25 128 43 122 110 105 104 116 133 75 141 110 108 116 134 34 29 75 122 22 100 19 16 185 126 7
split_gain=0.00366006 0.00254173 0.00108529 0.00115213 0.00138988 0.00119579 0.00196697 0.0015111 0.000464183 0.000946781 0.00219164 0.000378631 0.0010145 0.000335683 0.000471704 0.000512014 0.000238207 0.00138485 0.000231918 0.000230096 0.000227728 0.000125985 0.000120141 0.00015163 0.000131599 0.000124936 0.000156251 0.000218871 0.00011261 0.000174508
threshold=5.950000000000002 88.200000000000003 9.5821574907389007 0.25000000000000006 17.500000000000004 8.9219246949451669 0.34150000000000008 8.5000000000000018 30.750000000000004 13.500000000000002 4.1500000000000012 264.05288220000006 80.660000000000011 15.350000000000003 32.475000000000001 35.550000000000004 265.57324210000007 275.92282900000004 8.0800000000000018 -0.98450351369395028 43.250000000000007 18.250000000000004 18.500000000000004 3.5000000000000004 -6.7499999999999991 -0.0030385714285714282 2.2100000000000004 0.00021361727863109271 9.5000000000000018 0.089400000000000021
decision_type=2 2 2 10 2 2 2 2 2 2 2 8 2 2 2 2 2 10 2 2 2 2 2 2 2 2 2 10 2 2
left_child=8 2 3 4 5 21 -7 -8 11 10 -10 12 -1 -4 -15 22 17 -13 -6 -9 -20 -2 23 -16 -25 -26 27 -27 29 -18
right_child=1 -3 13 -5 18 6 7 19 9 -11 -12 16 -14 14 15 -17 28 -19 20 -21 -22 -23 -24 24 25 26 -28 -29 -30 -31
leaf_value=0 0 0.0003787077180064536 -6.7569763753129188e-06 0 0 2.9508235540041436e-05 0.00051071859543096957 0 0 0 0.00030988974412964109 -1.6186856209325759e-06 0.0002214909364462778 0 0 0.00014218891591155378 -1.0000385153699535e-05 0.00024887806368305499 0 0.00020318388127762185 0.00014431400077856939 6.7338065512935501e-05 0 0 0 0 0 0.00012073994448429352 -1.6072594595413109e-05 3.5726354670700716e-05
leaf_weight=187 109 58 791 344 354 160 80 50 208 1061 85 818 61 861 169 161 992 56 66 113 67 81 180 79 50 86 67 198 13267 263
leaf_count=187 109 58 791 344 354 160 80 50 208 1061 85 818 61 861 169 161 992 56 66 113 67 81 180 79 50 86 67 198 13267 263
internal_value=8.31966e-07 4.32966e-05 3.71907e-05 7.34278e-05 9.88529e-05 0.000152262 0.000203336 0.000296709 -9.17847e-06 1.74517e-05 9.72344e-05 -1.18039e-05 4.50505e-05 1.57473e-05 2.80624e-05 5.15913e-05 -1.30473e-05 8.98325e-06 2.33948e-05 0.000158712 7.94987e-05 1.72538e-05 2.78222e-05 3.80856e-05 5.24238e-05 6.40838e-05 7.4682e-05 9.08801e-05 -1.4718e-05 0
internal_weight=21122 4124 4066 1424 1080 593 403 243 16998 1354 293 15644 248 2642 1851 990 15396 874 487 163 133 190 829 649 480 401 351 284 14522 1255
internal_count=21122 4124 4066 1424 1080 593 403 243 16998 1354 293 15644 248 2642 1851 990 15396 874 487 163 133 190 829 649 480 401 351 284 14522 1255
is_linear=0
shrinkage=0.05


Tree=10
num_leaves=31
num_cat=0
split_feature=84 91 19 29 123 134 124 122 2 35 75 23 187 73 42 131 189 50 13 88 73 25 137 135 34 91 163 66 187 8
split_gain=0.00316358 0.00142048 0.00193765 0.00116829 0.00345989 0.00360041 0.000684261 0.000859728 0.00064259 0.00427019 0.000499098 0.000475782 0.000415277 0.000257428 0.000245138 0.000220599 0.000470453 0.000206019 0.00029664 0.000577857 0.000137322 0.000104783 9.35221e-05 8.43498e-05 7.69232e-05 7.11379e-05 5.11428e-05 7.94929e-05 0.000104781 5.20301e-05
threshold=6.450000000000002 14.15 -9.8571428571428538e-05 25.400000000000002 0.78656609248549325 7.5650000000000004 0.1294095225512602 15.500000000000002 0.0059917800000000012 265.24849055000004 18.850000000000005 21.75694444444445 -0.22622560806862682 35.250000000000007 0.35500000000000004 87.127452563964752 42.95000000000001 1017.7500000000001 0.0028292562638888891 23.562500000000007 35.550000000000004 17.500000000000004 0.25500000000000006 0.33500000000000008 -0.82473767146512589 11.750000000000002 0.52083333333333337 36.07500000000001 0.64314876042287306 0.0021453617247570323
decision_type=2 2 2 2 2 2 2 2 2 2 2 2 2 2 2 2 10 2 2 2 2 2 2 2 2 2 2 2 2 2
left_child=8 2 -2 4 6 -6 7 -3 12 -10 23 -12 -1 -11 -15 16 21 18 22 -20 -19 -13 25 -5 -24 -14 27 28 29 -17
right_child=1 3 -4 10 5 -7 -8 -9 9 13 11 15 17 14 -16 26 -18 20 19 -21 -22 -23 24 -25 -26 -27 -28 -29 -30 -31
leaf_value=9.0778724313066858e-05 0.0004478191327339205 0 0 6.2498271314594879e-05 0.00067293576252767733 6.8378501791619082e-05 -1.344584616652775e-05 0.00021006029724583307 0.00047222654963451749 -5.9693588939027777e-06 0.00018849117015686692 6.3644053127467895e-05 4.5939672989054372e-05 0 0.00015238951549004272 0 0.00019967960391488091 -1.570783261508115e-05 0.00017277975881691365 0 3.0435374063237537e-05 0 3.1703269563890286e-06 0 -1.4012916949874454e-05 0 0 0 0 7.3316222591614819e-05
leaf_weight=89 52 195 68 53 50 93 272 96 51 718 68 89 90 54 52 58 67 11489 67 359 90 194 278 1794 2909 920 432 135 66 148
leaf_count=89 52 195 68 53 50 93 272 96 51 718 68 89 90 54 52 58 67 11489 67 359 90 194 278 1794 2909 920 432 135 66 148
internal_value=1.07313e-06 4.17404e-05 0.000218647 3.48006e-05 9.47958e-05 0.00031769 2.88534e-05 8.54247e-05 -7.9479e-06 3.24147e-05 1.95184e-05 4.39558e-05 -1.04246e-05 0 7.5995e-05 3.13365e-05 6.83079e-05 -1.12946e-05 -1.14481e-06 3.70249e-05 -1.49148e-05 1.90065e-05 -6.21802e-06 1.66743e-07 -1.09451e-05 3.7486e-06 9.89811e-06 2.26954e-05 3.87008e-05 5.69278e-05
internal_weight=21096 3930 120 3810 706 143 563 291 17166 875 3104 1257 16291 824 106 1189 350 16202 4623 426 11579 283 4197 1847 3187 1010 839 407 272 206
internal_count=21096 3930 120 3810 706 143 563 291 17166 875 3104 1257 16291 824 106 1189 350 16202 4623 426 11579 283 4197 1847 3187 1010 839 407 272 206
is_linear=0
shrinkage=0.05


Tree=11
num_leaves=31
num_cat=0
split_feature=84 128 164 43 134 179 120 171 49 21 187 124 95 115 120 73 141 142 32 89 120 84 13 100 30 101 82 30 28 116
split_gain=0.00290452 0.001316 0.00169611 0.00285319 0.00299036 0.00217004 0.00161059 0.000583255 0.00359418 0.000451105 0.000381 0.00036883 0.000313259 0.000519749 0.000272708 0.000276187 0.000417762 0.000417398 0.000358901 0.000415175 0.000222444 0.000202501 0.000197241 0.00028141 0.000550259 0.000582439 0.00015244 0.000131898 0.000111618 9.44674e-05
threshold=6.450000000000002 9.5821574907389007 0.31250000000000006 0.33750000000000008 6.3850000000000007 -0.0001101248911598804 267.59836755000009 0.003949861500000003 991.35000000000002 0.50694444444444453 -0.22622560806862682 0.37940952255126048 2.5000000000000004 12.350000000000003 274.53088135000007 36.150000000000013 32.475000000000001 568.4478379580122 15.350000000000003 38.95000000000001 275.56405630000006 11.150000000000004 0.0029375659652777783 3.5999999999999663 -1.4871428571428555 -1.6603333499999733 33.146000000000008 -0.50428571428571423 8.9500000000000011 264.69206595000009
decision_type=2 2 2 2 2 10 10 2 2 2 2 2 2 10 10 2 2 2 2 2 10 2 2 2 2 2 2 2 2 8
left_child=7 2 28 9 5 6 -5 10 12 -4 -1 21 -9 -14 15 -3 -17 18 19 -18 -16 -6 26 -24 -25 -26 29 -28 -2 -12
right_child=1 14 3 4 11 -7 -8 8 -10 -11 22 -13 13 -15 20 16 17 -19 -20 -21 -22 -23 23 24 25 -27 27 -29 -30 -31
leaf_value=8.6290222586184336e-05 6.5581114754352784e-05 -2.5469476505455781e-06 0 0.00077731059042978863 0 2.6708321895205426e-05 0.00024988026061818834 -1.6905673801392342e-06 0.0004324365259386608 0.00013001331833388226 1.1962294686925714e-06 0 0.00020025520414072582 0 0.00016711956689787573 0 0 0 3.437263704250248e-06 0.00022858629114493175 0 0.0001880532198617099 -7.4718484929261207e-06 0 0.00021083139555264985 0 0 6.725223233372096e-05 0 -1.4794102464801014e-05
leaf_weight=89 64 1317 402 50 63 62 85 1053 51 90 379 83 51 60 57 585 54 173 143 93 57 59 911 341 78 54 359 82 493 13658
leaf_count=89 64 1317 402 50 63 62 85 1053 51 90 379 83 51 60 57 585 54 173 143 93 57 59 911 341 78 54 359 82 493 13658
internal_value=1.16858e-06 4.014e-05 7.88753e-05 0.00012178 0.000222749 0.000367753 0.000486269 -7.46413e-06 2.47426e-05 2.88542e-05 -1.02322e-05 5.80222e-05 2.23203e-06 8.37694e-05 1.54287e-05 9.3841e-06 2.91322e-05 6.45721e-05 0.000101165 0.000161783 9.61778e-05 0.000114607 -1.10944e-05 4.43051e-06 3.78704e-05 0.000124316 -1.2924e-05 1.01629e-05 9.57176e-07 -1.40061e-05
internal_weight=21096 3930 1451 894 402 197 135 17166 1215 492 15951 205 1164 111 2479 2365 1048 463 290 147 114 122 15862 1384 473 132 14478 441 557 14037
internal_count=21096 3930 1451 894 402 197 135 17166 1215 492 15951 205 1164 111 2479 2365 1048 463 290 147 114 122 15862 1384 473 132 14478 441 557 14037
is_linear=0
shrinkage=0.05


Tree=12
num_leaves=31
num_cat=0
split_feature=155 128 164 43 134 122 166 189 73 131 131 51 73 107 11 65 110 141 34 115 120 49 123 187 34 80 28 108 0 106
split_gain=0.00266254 0.00121753 0.00156667 0.0026079 0.00271193 0.00203998 0.00104804 0.00045091 0.000616205 0.000420544 0.0019763 0.000381525 0.000356892 0.00101444 0.000301665 0.000734684 0.000262623 0.000534162 0.00021884 0.000265222 0.000112827 0.000110565 0.000102396 0.000160992 0.00024026 0.000355597 0.000101008 8.56213e-05 0.000152288 0.000137776
threshold=0.25800000000000006 9.5821574907389007 0.31250000000000006 0.33750000000000008 6.3850000000000007 8.5000000000000018 0.0054731982083333344 36.300000000000004 42.250000000000007 33.15434016127945 32.789184554052362 54.500000000000007 38.050000000000004 11.750000000000002 0.0039587592847222233 23.450000000000003 35.550000000000004 32.360000000000007 -0.85553077424360391 16.250000000000004 274.53088135000007 983.05000000000007 1.0000000180025095e-35 0.66824618439020977 -0.026784121227756284 22.787500000000005 8.9500000000000011 285.90990885000002 1.0000000180025095e-35 32.550000000000004
decision_type=2 2 2 2 2 2 2 10 2 2 2 2 2 2 2 2 2 2 2 10 10 2 2 2 2 2 2 2 2 2
left_child=9 2 26 7 5 -5 -7 -4 -9 10 14 -6 21 -14 -1 -16 20 -18 19 -19 27 22 -11 -24 -25 -26 -2 -3 29 -29
right_child=1 16 3 4 11 6 -8 8 -10 12 -12 -13 13 -15 15 -17 17 18 -20 -21 -22 -23 23 24 25 -27 -28 28 -30 -31
leaf_value=-4.5561313021141459e-06 6.2352508054083533e-05 -9.7851752388059325e-06 0 0.00064552061467912933 0 6.3494416612098024e-06 0.00036404110308122374 0 0.00021985468725601792 -1.2449257339952711e-05 0.00024499344789250389 0.00014534755169030785 0.00023149441383759283 0 0 0.00022189199384648907 0 0.00025036276810184928 0 0 5.621486160767409e-05 -1.586929505087967e-05 -2.2056033196780524e-06 0 0.0001919087834725289 0 0 7.251230658080565e-05 0 0
leaf_weight=1473 64 857 370 58 131 82 57 60 62 2646 88 74 52 882 125 51 264 58 50 54 102 8762 2845 118 50 64 493 162 867 75
leaf_count=1473 64 857 370 58 131 82 57 60 62 2646 88 74 52 882 125 51 264 58 50 54 102 8762 2845 118 50 64 493 162 867 75
internal_value=1.24349e-06 3.85033e-05 7.5819e-05 0.000117056 0.000213709 0.000352157 0.000190296 2.76674e-05 0.000110603 -7.02381e-06 1.51931e-05 5.53292e-05 -9.85169e-06 1.80363e-05 0 6.3937e-05 1.47198e-05 5.19559e-05 0.000123548 0.00016389 4.58679e-06 -1.19962e-05 -5.1912e-06 0 4.08407e-05 9.27495e-05 5.81084e-07 0 1.09255e-05 4.64097e-05
internal_weight=21096 3940 1451 894 402 197 139 492 122 17156 1737 205 15419 934 1649 176 2489 426 162 112 2063 14485 5723 3077 232 114 557 1961 1104 237
internal_count=21096 3940 1451 894 402 197 139 492 122 17156 1737 205 15419 934 1649 176 2489 426 162 112 2063 14485 5723 3077 232 114 557 1961 1104 237
is_linear=0
shrinkage=0.05


Tree=13
num_leaves=31
num_cat=0
split_feature=110 105 92 76 128 43 101 73 90 140 49 35 116 53 105 134 133 116 142 101 43 164 110 128 164 119 126 1 133 104
split_gain=0.00226007 0.00309214 0.00110189 0.00109998 0.000713893 0.000704672 0.000786758 0.000919184 0.00131368 0.000769869 0.000967082 0.000368126 0.00398319 0.000288273 0.000235015 0.000286236 0.000217502 0.000925035 0.000675135 0.000604722 0.000136699 0.000138741 0.000127051 0.000129806 0.000160653 0.000169487 0.000100025 0.000309378 0.000187965 8.06525e-05
threshold=30.150000000000002 2.5000000000000004 8.2500000000000018 3.7500000000000004 8.3844366951598737 0.34050000000000008 -1.3268654499999852 35.050000000000004 30.987755102040822 17.960000000000004 972.1500000000002 265.57324210000007 276.08506775000006 63.500000000000007 26.500000000000004 10.470000000000001 79.980000000000004 268.58997925000006 787.12634431116578 -2.8324888500000323 0.33150000000000007 0.3263888888888889 38.150000000000013 9.168058974278372 0.53472222222222232 13.450000000000001 11.500000000000002 0.14441036650000003 35.070000000000007 11.450000000000005
decision_type=2 2 2 2 2 2 2 2 2 2 2 2 10 2 2 2 2 8 2 2 2 2 2 2 2 10 2 2 2 2
left_child=3 -2 -3 11 -5 22 29 -8 9 -9 -11 12 -1 -6 15 20 26 18 19 -18 -15 -22 -4 -24 25 -25 27 -13 -29 -7
right_child=1 2 5 4 13 6 7 8 -10 10 -12 16 -14 14 -16 -17 17 -19 -20 -21 21 -23 23 24 -26 -27 -28 28 -30 -31
leaf_value=-2.6762804770475675e-07 0.00033638759567724413 -2.5762052067204181e-06 2.0737509819849518e-06 0.0002360427366295847 0 0 0 0 7.5028038590206702e-08 0.00013305880026252766 0.00044491966644006719 -8.2703568040266375e-06 0.00043348945540889301 0 0 0 0 -7.8985450711070831e-06 0 0.00025197844732712503 0 0.00018857619519065116 0 0.00013336053334502075 0 0 -1.4112434645159872e-05 0.00014261327382675452 0 5.947597061254272e-05
leaf_weight=863 88 1256 747 53 601 186 162 56 142 142 81 1228 54 53 85 74 65 1373 88 85 50 97 58 107 91 50 12954 56 95 56
leaf_count=863 88 1256 747 53 601 186 162 56 142 142 81 1228 54 53 85 74 65 1373 88 85 50 97 58 107 91 50 12954 56 95 56
internal_value=1.29032e-06 4.00184e-05 2.99971e-05 -5.413e-06 4.43728e-05 5.44327e-05 9.12153e-05 0.000123028 0.000162456 0.000226948 0.000270138 -8.70308e-06 2.02731e-05 2.83535e-05 6.44043e-05 8.69856e-05 -1.06844e-05 4.58577e-06 9.72588e-05 0.000161709 0.00011795 0.000145614 2.08115e-05 5.01112e-05 6.63274e-05 9.73401e-05 -1.27497e-05 0 6.73455e-05 0
internal_weight=21096 3222 3134 17874 1013 1878 825 583 421 279 223 16861 917 960 359 274 15944 1611 238 150 200 147 1053 306 248 157 14333 1379 151 242
internal_count=21096 3222 3134 17874 1013 1878 825 583 421 279 223 16861 917 960 359 274 15944 1611 238 150 200 147 1053 306 248 157 14333 1379 151 242
is_linear=0
shrinkage=0.05


Tree=14
num_leaves=31
num_cat=0
split_feature=84 91 19 67 75 28 22 172 2 35 33 187 100 116 179 89 14 19 136 65 63 73 90 49 11 29 104 113 35 88
split_gain=0.00232003 0.00110451 0.00150406 0.000874468 0.000744574 0.000735652 0.00127517 0.00239304 0.000480175 0.00384401 0.00035522 0.000328977 0.000256702 0.000357509 0.000241568 0.000226251 0.000275156 0.000532549 0.000455912 0.000309195 0.000283639 0.00020895 0.000200167 0.000177284 0.000205129 0.000513727 0.000156351 0.000150796 0.000112562 0.000111782
threshold=6.450000000000002 14.15 -9.8571428571428538e-05 5.0500000000000007 16.150000000000002 20.650000000000002 8.5000000000000018 7.5000000000000009 0.0059917800000000012 265.24849055000004 0.041805873717629519 -0.22622560806862682 -6.599999999999965 275.38435670000007 -0.00017263515227738434 40.550000000000004 0.0077544960000000005 -0.0030385714285714282 0.23500000000000001 42.45000000000001 7.9391500000000015 35.250000000000007 26.354081632653067 984.45000000000016 0.0029984518125000005 35.250000000000007 7.6500000000000012 0.75000000000000011 288.47806845000008 32.187500000000007
decision_type=2 2 2 2 2 2 2 8 2 2 2 2 2 10 10 2 2 2 2 2 2 2 2 2 2 2 2 2 2 2
left_child=8 2 -2 -3 27 6 7 28 11 -10 -8 -1 -12 14 -14 -7 -17 -18 -19 20 -20 -11 -23 24 -13 -26 -27 -5 -6 -29
right_child=1 3 -4 4 5 15 10 -9 9 21 12 23 13 -15 -16 16 17 18 19 -21 -22 22 -24 -25 25 26 -28 29 -30 -31
leaf_value=8.1331326238190133e-05 0.00039487813826747032 0.00024333602845732496 0 -1.417290659160894e-05 0 0 0 0.00051016700563755321 0.00044545152992213848 -7.5562690142005228e-06 0 -7.3102747660881849e-06 0 0 0.00017438817653395318 0 0 0 0 0 0.00020566884929394295 0 0.00013740312171788761 -1.4363213836459679e-05 0.00014352055765984176 2.9249632558794875e-05 -5.4963787839220617e-06 5.5547176606151526e-05 9.0172205253860312e-05 0
leaf_weight=89 52 52 68 979 61 775 327 51 51 718 69 6123 50 57 135 233 240 88 54 60 135 55 51 8696 73 432 878 148 50 246
leaf_count=89 52 52 68 979 61 775 327 51 51 718 69 6123 50 57 135 233 240 88 54 60 135 55 51 8696 73 432 878 148 50 246
internal_value=1.33765e-06 3.61802e-05 0.000192935 2.98817e-05 2.5534e-05 4.25118e-05 8.36528e-05 0.00021713 -6.34962e-06 2.84326e-05 4.16489e-05 -8.52632e-06 7.99936e-05 0.000104197 0.000137802 1.85544e-05 3.70228e-05 5.57975e-05 9.62445e-05 0.000130701 0.000162928 0 6.70697e-05 -9.3335e-06 -2.83919e-06 1.3334e-05 2.16154e-06 -3.28041e-07 3.44962e-05 2.13638e-05
internal_weight=21096 3930 120 3810 3758 2385 800 162 17166 875 638 16291 311 242 185 1585 810 577 337 249 189 824 106 16202 7506 1383 1310 1373 111 394
internal_count=21096 3930 120 3810 3758 2385 800 162 17166 875 638 16291 311 242 185 1585 810 577 337 249 189 824 106 16202 7506 1383 1310 1373 111 394
is_linear=0
shrinkage=0.05


Tree=15
num_leaves=31
num_cat=0
split_feature=84 91 29 110 92 139 66 49 126 103 93 164 164 36 99 136 116 177 108 187 112 133 75 89 67 15 85 163 141 4
split_gain=0.00237517 0.00134949 0.00108129 0.0031004 0.00281917 0.000505918 0.000907759 0.000978965 0.00106479 0.00059436 0.000474353 0.000402917 0.000443222 0.000956834 0.00164105 0.000396223 0.000369533 0.000308949 0.000171846 0.00171652 0.000154558 0.000113418 0.000245173 0.000320926 0.000396733 8.9701e-05 0.000167881 0.000143139 7.04684e-05 6.81901e-05
threshold=4.450000000000002 13.750000000000002 25.400000000000002 33.550000000000004 12.150000000000004 89.033414029013926 18.525000000000002 954.85000000000002 79.500000000000014 1170.4000000000003 264.52062330000007 0.3263888888888889 0.42361111111111122 283.84809575000003 -2.8000000000000109 1.0650000000000002 268.73120705000002 -7.7303819565217437e-05 265.57324210000007 0.63958091350322488 293.31529970000003 24.405000000000005 18.850000000000005 40.550000000000004 17.650000000000002 0.0010927083333333336 268.52014220000007 0.52083333333333337 38.860000000000007 0.027773778500000002
decision_type=2 2 2 2 2 2 2 2 2 2 2 2 2 2 2 2 10 2 2 2 2 2 2 2 2 2 2 2 2 2
left_child=5 -2 3 10 -5 17 -7 -8 9 -9 15 -4 13 20 -15 16 -3 -1 19 -19 -13 -14 25 -24 -25 -23 27 -27 -12 -20
right_child=1 2 11 4 -6 6 7 8 -10 -11 28 12 21 14 -16 -17 -18 18 29 -21 -22 22 23 24 -26 26 -28 -29 -30 -31
leaf_value=7.7180566908425412e-05 0.00023857516681621136 0 -8.0281948618417182e-06 0.00058220267871014395 3.8927587209422826e-05 -3.926574184518698e-08 0 1.5782463802310538e-05 0 0.00034469268077737074 -7.1749572639284231e-06 0 0 0.00032078533731234675 0 0 0.00026264444242210283 -1.0895822086486597e-05 -1.2337593027454526e-05 0.000213147592136359 8.1031683948822318e-05 -4.0448991234784181e-06 0 0.00022462111460178373 0 0.00010778034000226355 0 0 4.1319529552271454e-05 0
leaf_weight=88 85 50 958 57 80 820 161 60 71 79 370 373 816 87 73 55 51 716 14071 93 75 540 219 59 93 85 251 79 91 375
leaf_count=88 85 50 958 57 80 820 161 60 71 79 370 373 816 87 73 55 51 716 14071 93 75 540 219 59 93 85 251 79 91 375
internal_value=1.79367e-06 3.39787e-05 2.89083e-05 8.51201e-05 0.000303775 -6.75663e-06 2.34512e-05 8.86722e-05 0.000159566 0.000239558 2.80659e-05 1.611e-05 2.63362e-05 6.62558e-05 0.000175394 0.000103218 0.000161586 -9.42875e-06 -1.02611e-05 8.91799e-06 1.58381e-05 1.26464e-05 2.17244e-05 5.75749e-05 0.000115341 2.52135e-06 2.30738e-05 6.23374e-05 0 -1.16818e-05
internal_weight=21081 4547 4462 754 137 16534 1191 371 210 139 617 3708 2750 608 160 156 101 15343 15255 809 448 2142 1326 371 152 955 415 164 461 14446
internal_count=21081 4547 4462 754 137 16534 1191 371 210 139 617 3708 2750 608 160 156 101 15343 15255 809 448 2142 1326 371 152 955 415 164 461 14446
is_linear=0
shrinkage=0.05


Tree=16
num_leaves=31
num_cat=0
split_feature=84 91 110 28 113 186 139 66 49 123 63 173 131 28 74 112 185 43 36 177 85 69 108 187 99 96 186 110 81 86
split_gain=0.00218446 0.00120714 0.000999757 0.0023337 0.000797516 0.00046987 0.000456621 0.000835687 0.000900688 0.00136708 0.000452712 0.000448687 0.000477561 0.000486165 0.000511605 0.000433133 0.00035191 0.000487565 0.000617961 0.000280708 0.000156037 0.000541984 0.000153311 0.00155249 7.44596e-05 6.76521e-05 0.000120066 5.88628e-05 5.8783e-05 9.51511e-05
threshold=4.450000000000002 13.750000000000002 38.150000000000013 12.400000000000002 0.8500000000000002 0.00038453151722868661 89.033414029013926 18.525000000000002 954.85000000000002 -1.0000000180025095e-35 8.7982000000000014 6.5000000000000009 121.07560815808249 26.750000000000004 25.250000000000007 292.50441215000006 0.0008080081819364913 0.30550000000000005 280.30747010000005 -7.7303819565217437e-05 269.05757365000005 289.77933460000003 265.57324210000007 0.63958091350322488 -2.6499999999999768 41.687500000000007 0.00068378018327899001 32.350000000000001 50.350000000000001 12.500000000000002
decision_type=2 2 2 2 2 10 2 2 2 2 2 10 2 2 2 2 10 2 2 2 2 2 2 2 2 2 10 2 2 2
left_child=6 -2 4 -4 15 28 19 -8 -9 -10 -11 -6 13 14 -13 20 -17 -18 -19 -1 21 -3 23 -21 -16 -24 -27 -22 29 -5
right_child=1 2 3 5 11 -7 7 8 9 10 -12 12 -14 -15 24 16 17 18 -20 22 27 -23 25 -25 -26 26 -28 -29 -30 -31
leaf_value=7.3364898425087416e-05 0.00022678510952034211 0 0.00041515639781573562 0 0 0.00016053722209190629 -3.730494338522312e-08 0 0 1.7838834627995803e-05 0.0003461200820209895 2.4096175452302127e-06 3.2908819649680374e-06 0 0.00034045159655405493 0 0 0.00024204350185867457 0 -1.0351790844507382e-05 -2.0342591331186101e-05 0.00012601951706650048 -1.2317401779541965e-05 0.00020260359280113569 4.2718995376644132e-05 -6.3166159667475611e-06 3.5525075559045643e-05 0 0 4.2425431296833271e-05
leaf_weight=88 85 989 54 56 302 87 820 161 78 54 78 75 202 109 68 327 87 80 80 716 1183 89 12806 93 50 1449 191 254 121 249
leaf_count=88 85 989 54 56 302 87 820 161 78 54 78 75 202 109 68 327 87 80 80 716 1183 89 12806 93 50 1449 191 254 121 249
internal_value=1.81511e-06 3.26858e-05 2.78179e-05 9.19631e-05 1.71756e-05 4.74736e-05 -6.37368e-06 2.22706e-05 8.48849e-05 0.000152889 0.000250561 6.19501e-05 9.14009e-05 0.000133628 0.000184809 3.85844e-06 4.37741e-05 8.9388e-05 0.000140992 -8.92435e-06 -3.27804e-06 8.29943e-06 -9.73156e-06 8.17593e-06 0.00025773 -1.1081e-05 0 -1.54399e-05 1.23516e-05 2.63276e-05
internal_weight=21081 4547 4462 567 3895 513 16534 1191 371 210 132 806 504 302 193 3089 574 247 160 15343 2515 1078 15255 809 118 14446 1640 1437 426 305
internal_count=21081 4547 4462 567 3895 513 16534 1191 371 210 132 806 504 302 193 3089 574 247 160 15343 2515 1078 15255 809 118 14446 1640 1437 426 305
is_linear=0
shrinkage=0.05


Tree=17
num_leaves=31
num_cat=0
split_feature=84 138 66 171 84 113 29 9 4 139 59 49 122 92 73 61 112 33 35 187 14 122 80 107 173 141 73 186 120 172
split_gain=0.00204332 0.00150724 0.00222437 0.00100517 0.00195828 0.000651111 0.000690699 0.000794413 0.00121228 0.000454894 0.00085892 0.00106782 0.00136968 0.000423337 0.000316294 0.000653542 0.000176947 0.000142227 0.000140872 0.00149423 0.000138411 0.000122276 0.000143269 0.000299013 0.000374595 0.000269623 0.000543828 0.000114979 0.000108867 9.10335e-05
threshold=7.5500000000000016 3.8700000000000006 17.225000000000005 -0.012485668499999996 11.150000000000004 0.8500000000000002 29.350000000000005 0.051666666666666673 2.7100000000000005e-05 89.033414029013926 7.0067000000000013 954.85000000000002 12.500000000000002 1.0500000000000005 38.050000000000004 138.45000000000002 280.48110395000003 -0.060005173734527649 265.57324210000007 0.63958091350322488 0.0082561165000000023 17.500000000000004 29.762500000000006 14.850000000000003 6.5000000000000009 30.670000000000005 37.550000000000004 0.00013128595710512074 269.80734155000005 3.5000000000000004
decision_type=2 2 2 2 2 2 2 2 2 2 2 2 2 2 2 2 2 2 2 2 2 2 2 2 10 2 2 10 10 10
left_child=9 2 -2 4 -4 21 7 -7 -9 14 -11 -12 13 -13 18 -16 -17 -18 19 -1 -8 22 -3 24 -24 -26 -27 -19 -5 -22
right_child=1 5 3 28 -6 6 20 8 -10 10 11 12 -14 -15 15 16 17 27 -20 -21 29 -23 23 -25 25 26 -28 -29 -30 -31
leaf_value=-1.0412750357774824e-05 0.00045514654151310088 0 0.00034616673071744848 0 0 0 0 0.00033617473567488457 0 -1.4622498645549326e-06 0 1.416702570756623e-05 0 0.00034860822813221254 0.00019269983040290893 -7.0078999060228002e-06 0 0 -1.0756181264256131e-05 0.00020069382906671231 0 -6.4817730833712531e-06 0 0 0 0 0.00024235925450308347 8.6348984784079459e-05 6.572752150301341e-05 6.2379986878839994e-05
leaf_weight=706 50 680 78 225 54 90 233 84 67 802 198 50 108 81 51 664 141 147 14371 91 52 675 165 572 107 82 75 142 62 178
leaf_count=706 50 680 78 225 54 90 233 84 67 802 198 50 108 81 51 664 141 147 14371 91 52 675 165 572 107 82 75 142 62 178
internal_value=1.85167e-06 3.67322e-05 0.00012258 7.00006e-05 0.000185387 2.19053e-05 6.5076e-05 0.000137712 0.000207989 -4.87825e-06 2.33807e-05 8.02883e-05 0.000151286 0.000259912 -7.33235e-06 1.64624e-05 3.51185e-06 3.13358e-05 -9.45915e-06 7.64664e-06 1.62766e-05 6.86192e-06 1.51933e-05 2.72938e-05 5.89437e-05 9.57682e-05 0.000140174 5.18213e-05 0 4.50566e-05
internal_weight=21081 3529 469 419 132 3060 704 241 151 17552 1239 437 239 131 16313 1145 1094 430 15168 797 463 2356 1681 1001 429 264 157 289 287 230
internal_count=21081 3529 469 419 132 3060 704 241 151 17552 1239 437 239 131 16313 1145 1094 430 15168 797 463 2356 1681 1001 429 264 157 289 287 230
is_linear=0
shrinkage=0.05


Tree=18
num_leaves=31
num_cat=0
split_feature=155 138 66 171 155 120 104 139 73 49 93 122 109 42 93 26 73 3 112 33 108 59 186 120 77 73 14 168 99 176
split_gain=0.00186369 0.00136106 0.00199329 0.000895145 0.00178838 0.000599877 0.000708259 0.000411862 0.000802127 0.00106218 0.000614219 0.00116854 0.000325538 0.000320033 0.00122016 0.00262739 0.000287885 0.000654131 0.000153393 0.000135709 0.000126882 0.00136631 0.000102601 9.84164e-05 7.80843e-05 0.000138123 0.00011359 7.40994e-05 7.09367e-05 4.93052e-05
threshold=0.3020000000000001 3.8700000000000006 17.225000000000005 -0.012485668499999996 0.44600000000000006 274.65472475000007 6.8500000000000014 89.033414029013926 24.050000000000004 954.85000000000002 265.54915570000009 12.500000000000002 1.3500000000000003 0.51500000000000012 264.33531805000007 2.5000000000000004 38.050000000000004 4.3950000000000004e-05 280.48110395000003 -0.060005173734527649 265.57324210000007 2.0356500000000004 0.00013128595710512074 269.80734155000005 289.3014948500001 41.850000000000001 0.0040098040000000014 0.0081992233333333334 2.9500000000000459 16.500000000000004
decision_type=2 2 2 2 2 10 2 2 2 2 2 2 2 2 2 2 2 2 2 2 2 2 10 10 2 2 2 2 2 8
left_child=7 2 -2 4 -4 13 -7 16 -9 -10 11 -11 -8 29 15 -15 20 -18 -19 -20 21 -1 -21 -5 25 -16 -27 -23 -22 -3
right_child=1 5 3 23 -6 6 12 8 9 10 -12 -13 -14 14 24 -17 17 18 19 22 28 27 -24 -25 -26 26 -28 -29 -30 -31
leaf_value=0.00025490683794075427 0.00043283543677306651 1.009355237337666e-05 0.00032907748498358546 0 0 0 0.00030710669560273982 0 0 0.00040274244249182328 7.3962681888807695e-07 0 8.5974767946600921e-07 0.00043628482326503703 0 0 0.0001934689059242944 -6.061000709986657e-06 0 0 -1.1668798547956493e-05 -1.3719201665397179e-05 8.2061726739625021e-05 6.2493308653338022e-05 0 0 9.733477348641622e-05 3.4855482680051443e-05 0 -8.7078680646710579e-06
leaf_weight=52 50 446 78 225 54 69 51 868 171 59 90 51 56 56 521 120 50 685 130 138 12318 706 142 62 569 56 96 51 2037 1024
leaf_count=52 50 446 78 225 54 69 51 868 171 59 90 51 56 56 521 120 50 685 130 138 12318 706 142 62 569 56 96 51 2037 1024
internal_value=1.83146e-06 3.51262e-05 0.000116853 6.6301e-05 0.000175236 2.09511e-05 0.000114485 -4.5886e-06 2.22608e-05 8.39193e-05 0.000162003 0.000247706 0.000194616 1.34826e-05 3.05603e-05 0.000155523 -6.93616e-06 1.57016e-05 2.85324e-06 2.98905e-05 -8.97611e-06 6.94206e-06 5.01414e-05 0 8.71885e-06 2.07322e-05 6.44234e-05 -3.80869e-06 -1.02219e-05 0
internal_weight=21081 3533 469 419 132 3064 176 17548 1239 371 200 110 107 2888 1418 176 16309 1145 1095 410 15164 809 280 287 1242 673 152 757 14355 1470
internal_count=21081 3533 469 419 132 3064 176 17548 1239 371 200 110 107 2888 1418 176 16309 1145 1095 410 15164 809 280 287 1242 673 152 757 14355 1470
is_linear=0
shrinkage=0.05


Tree=19
num_leaves=31
num_cat=0
split_feature=113 128 110 28 110 105 173 18 172 137 49 61 116 138 18 102 155 25 112 163 61 93 116 23 30 168 116 21 189 21
split_gain=0.00176766 0.00214898 0.00139121 0.00193583 0.000450851 0.00108555 0.000417294 0.000398776 0.000305383 0.000288005 0.000634373 0.00100121 0.000378251 0.000248459 0.000611767 0.000227638 0.00010617 0.000260688 0.000274014 0.000362893 0.000105971 0.000146003 0.000234456 0.000212143 0.000209331 9.35821e-05 0.000108123 0.000325364 8.49213e-05 0.00010533
threshold=0.8500000000000002 8.6325845804055827 38.150000000000013 14.900000000000002 28.250000000000004 2.5000000000000004 1.0000000180025095e-35 0.06209375000000001 3.5000000000000004 0.055000000000000007 994.6500000000002 957.75000000000023 264.05288220000006 4.785000000000001 0.010606249999999999 0.20000000000000065 0.052190476190476204 15.500000000000002 286.82309070000002 0.40972222222222227 1862.2000000000003 264.41854675000008 268.53009040000006 24.763194444444448 -2.3799999999999986 0.0087242572500000008 271.88302285000003 0.29861111111111122 23.450000000000003 0.5902777777777779
decision_type=2 2 2 2 2 2 8 2 10 2 2 2 8 2 2 2 2 2 2 2 2 2 10 2 2 2 8 2 10 2
left_child=2 -2 4 -4 9 -6 -7 -5 -3 10 12 -12 -1 14 15 -10 -14 18 19 -18 21 22 -8 24 -24 -11 27 -27 -15 -30
right_child=1 8 3 7 5 6 20 -9 13 25 11 -13 16 28 -16 -17 17 -19 -20 -21 -22 -23 23 -25 -26 26 -28 -29 29 -31
leaf_value=0.00010967978740247932 0.00039961853348501671 0 0.00032108544469742307 9.5493987449673829e-06 0.00018274530523619453 0.00013726241068845829 0 0.00016088429520423831 0.00024306358907069366 -1.1596967027969035e-05 0.00028673853290920128 0 -7.5816567634295725e-06 0 0 0 0 -3.3582004172265843e-07 0 0.00016103067893838039 -1.0960104259616089e-05 0 0 0 0.00019386801314387163 0.00013124717472468519 -8.0379856793246482e-07 0 5.4677823067412896e-05 0
leaf_weight=77 50 178 71 605 93 60 283 60 81 12723 50 53 2279 116 58 50 55 223 63 91 821 1638 51 52 57 62 616 103 271 91
leaf_count=77 50 178 71 605 93 60 283 60 81 12723 50 53 2279 116 58 50 55 223 63 91 821 1638 51 52 57 62 616 103 271 91
internal_value=1.83414e-06 7.06395e-05 -9.72187e-07 6.61045e-05 -3.77074e-06 1.32967e-05 6.22902e-06 3.09322e-05 4.48137e-05 -7.2566e-06 6.00252e-06 0.00012748 0 6.0715e-05 0.00012022 0.000179972 -1.64222e-06 1.80889e-05 6.14652e-05 0.000100286 1.75115e-06 9.1704e-06 3.48774e-05 8.36376e-05 0.000123281 -1.04656e-05 1.56177e-06 4.04653e-05 2.65466e-05 3.89202e-05
internal_weight=21081 895 20186 736 19450 3055 2962 665 845 16395 2891 103 2788 667 189 131 2711 432 209 146 2902 2081 443 160 108 13504 781 165 478 362
internal_count=21081 895 20186 736 19450 3055 2962 665 845 16395 2891 103 2788 667 189 131 2711 432 209 146 2902 2081 443 160 108 13504 781 165 478 362
is_linear=0
shrinkage=0.05


Tree=20
num_leaves=31
num_cat=0
split_feature=155 186 67 54 93 138 25 173 119 7 111 43 189 65 139 49 122 61 138 175 35 138 123 187 61 2 36 33 116 185
split_gain=0.00152557 0.00121359 0.00269634 0.000577362 0.000815622 0.00123986 0.00150957 0.00150848 0.000770417 0.000349039 0.000334854 0.000580033 0.000486144 0.000184786 0.000442453 0.000583136 0.000670054 0.000177976 0.000408881 0.000108353 0.000186167 0.000239298 6.69189e-05 0.000167326 5.99603e-05 6.88242e-05 5.225e-05 4.53755e-05 4.36512e-05 4.31817e-05
threshold=0.17609523809523814 -0.0002157097123013799 11.750000000000002 0.03500000000000001 265.47502930000002 4.6950000000000012 17.500000000000004 8.5000000000000018 8.9500000000000011 0.19160000000000002 14.550000000000002 0.34850000000000003 37.45000000000001 21.150000000000002 89.033414029013926 954.85000000000002 11.500000000000002 100.90000000000002 4.3750000000000009 13.500000000000002 287.35601710000009 6.6400000000000015 0.98296291314453421 0.63958091350322488 1713.7500000000002 0.00012382400000000003 275.94157100000007 -0.99873754668345238 269.80794075000006 0.00034378103292512333
decision_type=2 8 2 2 2 2 2 10 10 2 2 2 8 2 2 2 2 2 2 8 2 2 2 2 2 2 2 2 8 10
left_child=13 2 -2 -3 5 6 7 -5 -9 -8 28 -12 26 22 17 -16 -17 18 -15 20 21 -7 27 -24 25 -19 -13 -1 -6 -27
right_child=1 3 -4 4 10 19 9 8 -10 -11 11 12 -14 14 15 16 -18 24 -20 -21 -22 -23 23 -25 -26 29 -28 -29 -30 -31
leaf_value=0 0.0004608252636255482 -8.0735592749988428e-06 0 0 0 0.00015048224216836578 0 0.00038280151268511089 3.0379886252219495e-05 0.00014299388754592324 7.5938833533404239e-07 0 0.00024255313829678674 0.00014542033227826323 0 0.00021155433959644686 0 -3.2612332431629634e-06 0 0 0 0 0 8.4931414916480138e-05 -9.1030038274781217e-06 0 4.2793094847189383e-05 -1.1884817204439342e-05 -1.9619878625776745e-05 2.5541375898862538e-05
leaf_weight=184 51 1049 75 64 122 76 257 116 57 54 769 57 56 63 146 93 68 1424 219 657 197 118 426 57 3568 92 83 9747 728 405
leaf_count=184 51 1049 75 64 122 76 257 116 57 54 769 57 56 63 146 93 68 1424 219 657 197 118 426 57 3568 92 83 9747 728 405
internal_value=6.48006e-07 2.63652e-05 0.000184046 2.07494e-05 3.10787e-05 5.75467e-05 0.000120557 0.000219827 0.000296263 2.842e-05 5.03211e-06 2.71417e-05 0.000104742 -6.20128e-06 0 5.90514e-05 0.000125015 -2.35875e-06 3.42104e-05 1.97485e-05 4.16495e-05 7.66415e-05 -1.02593e-05 3.50923e-07 -5.15415e-06 0 1.28273e-05 -1.12788e-05 -1.41958e-05 1.77502e-05
internal_weight=21078 4586 126 4460 3411 1596 548 237 173 311 1815 965 196 16492 6078 307 161 5771 282 1048 391 194 10414 483 5489 1921 140 9931 850 497
internal_count=21078 4586 126 4460 3411 1596 548 237 173 311 1815 965 196 16492 6078 307 161 5771 282 1048 391 194 10414 483 5489 1921 140 9931 850 497
is_linear=0
shrinkage=0.05


Tree=21
num_leaves=31
num_cat=0
split_feature=73 67 28 150 83 54 101 77 174 128 49 15 128 73 67 21 43 11 53 187 103 1 103 2 92 111 67 2 142 177
split_gain=0.00143688 0.00214478 0.00309511 0.000758115 0.00186453 0.000684299 0.000401997 0.000514853 0.000316914 0.000385975 0.000200481 0.000243732 0.000341372 0.000699676 0.00167636 0.000103896 9.78876e-05 0.000192275 9.12214e-05 0.00019611 8.82491e-05 8.64114e-05 0.000151556 0.000154525 8.51509e-05 6.99658e-05 6.54553e-05 0.00011755 5.55835e-05 0.000134445
threshold=37.650000000000013 13.65 11.250000000000002 0.9214285714285716 14.15 0.075000000000000025 0.92682824999999991 289.3014948500001 55.500000000000007 9.5299570603198287 985.6500000000002 0.0021312500000000003 9.0765803752630614 24.050000000000004 10.15 0.17361111111111113 0.26950000000000007 0.0029237876250000007 28.500000000000004 0.44793118287806394 1302.7000000000005 0.14441036650000003 1036.7500000000002 0.00049126100000000011 16.650000000000006 20.950000000000003 1.8500000000000003 0.00011660550000000001 193.38585785282802 0.00075564418934782624
decision_type=2 2 2 2 2 2 2 2 8 2 2 2 2 2 2 2 2 2 2 2 2 2 2 2 2 2 2 2 2 2
left_child=3 2 -2 10 -5 -4 16 8 9 -8 11 15 13 -13 -15 -1 17 -3 -6 -20 21 -17 23 -23 25 -11 27 -12 -9 -30
right_child=1 6 5 4 18 -7 7 28 -10 24 26 12 -14 14 -16 20 -18 -19 19 -21 -22 22 -24 -25 -26 -27 -28 -29 29 -31
leaf_value=5.8409337101553454e-05 0.00046491030631607701 0 0 0.00026215296506828904 0 0.00018674918115069389 0.00020890997097705046 -6.7811932951321468e-06 0 9.6832313074279294e-05 0 0 7.037390547223365e-07 0.0003769819480499328 0 0 -7.2929290166824903e-06 0.00011320243334921542 0 9.0372442037508059e-05 -8.9309788100427706e-06 0.00012224778568369486 0 0 0 0 -1.2628482929547838e-05 7.3770929330849966e-05 0 7.16339603273405e-05
leaf_weight=51 69 85 186 88 347 70 98 287 107 69 299 125 1186 50 139 1685 1109 51 225 92 5685 65 147 51 81 53 8337 53 99 89
leaf_count=51 69 85 186 88 347 70 98 287 107 69 299 125 1186 50 139 1685 1109 51 225 92 5685 65 147 51 81 53 8337 53 99 89
internal_value=7.07734e-07 3.68675e-05 0.000158187 -3.78795e-06 4.45779e-05 5.45728e-05 1.59248e-05 4.18046e-05 8.32123e-05 0.000109549 -6.10504e-06 -3.76373e-07 1.74097e-05 6.44339e-05 0.000126844 -4.50085e-06 0 3.6815e-05 7.873e-06 2.90993e-05 -5.58374e-06 1.61891e-06 2.8942e-05 7.16131e-05 3.62834e-05 6.25632e-05 -1.1584e-05 0 0 2.57907e-05
internal_weight=21078 2453 325 18625 752 256 2128 883 408 301 17873 9184 1500 314 189 7684 1245 136 664 317 7633 1948 263 116 203 122 8689 352 475 188
internal_count=21078 2453 325 18625 752 256 2128 883 408 301 17873 9184 1500 314 189 7684 1245 136 664 317 7633 1948 263 116 203 122 8689 352 475 188
is_linear=0
shrinkage=0.05


Tree=22
num_leaves=31
num_cat=0
split_feature=73 67 23 133 101 128 170 86 155 49 50 116 128 43 164 73 175 116 96 14 139 94 43 6 180 126 5 133 123 43
split_gain=0.00131571 0.00195459 0.00281111 0.00138482 0.000368554 0.000374867 0.000612714 0.0009993 0.000970296 0.000266614 0.000245803 0.000284914 0.00063351 0.00100359 0.0011152 0.000142586 0.000246561 0.000106129 0.000289569 0.00108274 0.000103089 9.62218e-05 8.73287e-05 0.000147819 6.66191e-05 6.53108e-05 0.000216027 0.000112589 5.44848e-05 0.000121487
threshold=37.650000000000013 13.65 21.731250000000006 88.64500000000001 0.92682824999999991 9.5299570603198287 0.99945892766455524 20.500000000000004 0.4200000000000001 978.6500000000002 1009.6500000000002 269.12730160000007 9.3590620473672761 0.34750000000000003 0.29861111111111122 35.250000000000007 14.500000000000002 268.53009040000006 24.737500000000004 0.018659123000000003 28.213095524463167 15.500000000000002 0.26950000000000007 0.011408333333333335 0.27083333333333343 11.500000000000002 14.445000000000002 35.070000000000007 0.98296291314453421 0.31050000000000005
decision_type=2 2 2 2 2 2 2 2 2 2 2 10 2 2 2 2 8 8 2 2 2 2 2 2 2 2 2 2 2 2
left_child=3 2 -2 10 22 6 7 8 -6 -4 11 -1 13 -13 -15 17 -17 18 19 -12 -7 -22 23 -3 -23 26 -19 -28 -27 -30
right_child=1 4 9 -5 5 20 -8 -9 -10 -11 15 12 -14 14 -16 16 -18 25 -20 -21 21 24 -24 -25 -26 28 27 -29 29 -31
leaf_value=-1.6458859893611525e-06 0.00039291478826350575 0 0 0.00019079957650946101 0.00037623292044313973 0 0 0 0 0.0001133102908037521 0 0 0 0 0.0002933110417286824 8.9015854599243613e-05 0 -5.9726235288053428e-06 -4.7412322045363277e-06 0.00021823725423827359 0 8.2278248556726837e-05 -6.9286111691363251e-06 0.00010043140083995104 0 -1.1583738962547776e-05 0.00011472835721965027 0 7.2937730917801025e-05 -1.1634258997750398e-06
leaf_weight=2153 91 84 161 89 61 361 115 56 58 73 154 119 835 80 89 96 186 1259 787 71 78 102 1109 52 52 12159 58 78 56 356
leaf_count=2153 91 84 161 89 61 361 115 56 58 73 154 119 835 80 89 96 186 1259 787 71 78 102 1109 52 52 12159 58 78 56 356
internal_value=7.45054e-07 3.53511e-05 0.000151262 -3.54594e-06 1.52374e-05 4.00182e-05 8.92966e-05 0.000147944 0.000230044 3.47371e-05 -4.75906e-06 6.89142e-06 2.76943e-05 9.19955e-05 0.000170722 -7.58809e-06 2.31914e-05 -8.5029e-06 3.98882e-06 5.65344e-05 7.3919e-06 3.52902e-05 0 3.47079e-05 5.85156e-05 -9.76628e-06 0 6.01167e-05 -1.09065e-05 0
internal_weight=21078 2453 325 18625 2128 883 290 175 119 234 18536 3276 1123 288 169 15260 282 14978 1012 225 593 232 1245 136 154 13966 1395 136 12571 412
internal_count=21078 2453 325 18625 2128 883 290 175 119 234 18536 3276 1123 288 169 15260 282 14978 1012 225 593 232 1245 136 154 13966 1395 136 12571 412
is_linear=0
shrinkage=0.05


Tree=23
num_leaves=31
num_cat=0
split_feature=73 67 28 133 77 101 77 174 134 137 49 115 29 187 13 29 84 43 137 41 50 138 116 133 55 89 134 120 184 116
split_gain=0.00120386 0.00177787 0.00259568 0.00125155 0.000514582 0.000336705 0.000470911 0.000278086 0.000385056 0.000472753 0.000226122 0.000207332 0.000191834 0.000585227 0.000178306 0.000206128 0.000298103 7.92968e-05 7.67714e-05 0.000356891 0.000374857 0.000495575 6.69892e-05 0.000150417 6.15661e-05 0.000193602 5.41239e-05 4.4615e-05 3.30392e-05 3.19777e-05
threshold=37.650000000000013 13.65 11.250000000000002 88.64500000000001 281.26920920000003 0.92682824999999991 289.3014948500001 55.500000000000007 12.775000000000002 1.7350000000000001 985.6500000000002 7.5500000000000007 23.850000000000005 0.35317054678114984 0.0028292562638888891 43.95000000000001 0.75000000000000011 0.26050000000000006 0.03500000000000001 70.500000000000014 999.95000000000016 6.1450000000000005 264.49889510000008 80.660000000000011 -8.0851254999999735 18.850000000000005 6.7550000000000008 267.59836755000009 7.0000000000000009 273.04723095000003
decision_type=2 2 2 2 2 2 2 8 2 2 2 10 2 2 2 2 2 2 2 2 2 2 8 2 2 2 2 10 2 10
left_child=3 2 -2 10 -4 17 7 8 9 27 11 22 13 -13 18 16 -16 -3 19 -14 -21 -22 23 -1 25 -12 -8 -7 -24 -28
right_child=1 5 4 -5 -6 6 26 -9 -10 -11 24 12 14 -15 15 -17 -18 -19 -20 20 21 -23 28 -25 -26 -27 29 -29 -30 -31
leaf_value=0 0.00042611316934094902 4.5124109723474247e-05 0 0.00018136559916375622 0.00014759391567908056 5.4181383326786202e-05 4.5647178858416737e-05 0 0 0.00024551340787543589 9.7635442058055887e-05 0 0 0.00014881076070674475 0.0001440188681226573 0 5.0127192705779883e-06 -5.5035428114887917e-06 -2.2774030800263458e-06 0 0.00024729229850564948 0 0 7.8123467620641276e-05 -1.1385413742291967e-05 0 -1.716398860454522e-05 0 -1.0858915609044675e-05 0
leaf_weight=259 69 79 171 89 85 80 63 107 80 85 50 175 634 96 85 221 246 1166 3682 60 52 60 353 64 8427 180 277 56 3892 135
leaf_count=259 69 79 171 89 85 80 63 107 80 85 50 175 634 96 85 221 246 1166 3682 60 52 60 353 64 8427 180 277 56 3892 135
internal_value=7.57584e-07 3.38656e-05 0.000144509 -3.33605e-06 4.77903e-05 1.45591e-05 3.82454e-05 7.77168e-05 0.000102381 0.000136365 -4.50235e-06 1.81127e-07 7.37608e-06 5.01821e-05 4.07304e-06 3.09404e-05 5.60957e-05 0 0 1.46342e-05 7.84626e-05 0.000133111 -7.08956e-06 7.98722e-06 -1.04238e-05 3.05902e-06 0 3.03565e-05 -9.41593e-06 -2.1758e-06
internal_weight=21078 2453 325 18625 256 2128 883 408 301 221 18536 9879 5311 271 5040 552 331 1245 4488 806 172 112 4568 323 8657 230 475 136 4245 412
internal_count=21078 2453 325 18625 256 2128 883 408 301 221 18536 9879 5311 271 5040 552 331 1245 4488 806 172 112 4568 323 8657 230 475 136 4245 412
is_linear=0
shrinkage=0.05


Tree=24
num_leaves=31
num_cat=0
split_feature=84 186 67 54 93 138 25 80 97 136 43 1 59 139 122 66 43 128 121 67 97 175 35 138 75 9 111 136 67 98
split_gain=0.00111505 0.000946141 0.00230634 0.000481392 0.000675238 0.000997338 0.00123507 0.00111215 0.000973447 0.000284739 0.000465302 0.000260222 0.000142843 0.000398872 0.000502245 0.000788457 0.000115963 0.0001026 9.33187e-05 0.000129415 0.000453127 8.57927e-05 0.000156593 0.000195553 7.27315e-05 0.000173635 0.000191916 0.000250079 3.99036e-05 0.000153337
threshold=4.450000000000002 -0.0002157097123013799 11.750000000000002 0.03500000000000001 265.47502930000002 4.6950000000000012 17.500000000000004 29.212500000000006 2.7999999999999985 1.8450000000000002 0.34150000000000008 0.17350500900000002 6.8224500000000008 89.033414029013926 7.5000000000000009 25.525000000000002 0.33850000000000008 9.535534966078524 1.0000000180025095e-35 11.550000000000002 -3.1999999999999971 13.500000000000002 287.35601710000009 6.6400000000000015 16.350000000000005 0.14937500000000004 14.750000000000002 0.77000000000000013 1.8500000000000003 1.4000000000000015
decision_type=2 8 2 2 2 2 2 2 2 2 2 2 2 2 2 2 2 2 10 2 2 8 2 2 2 2 2 2 2 2
left_child=12 2 -2 -3 5 6 7 -5 16 17 -11 -8 28 18 15 -15 -9 -6 -14 20 -20 22 23 -7 -19 26 -26 -28 29 -1
right_child=1 3 -4 4 9 21 11 8 -10 10 -12 -13 13 14 -16 -17 -18 24 19 -21 -22 -23 -24 -25 25 -27 27 -29 -30 -31
leaf_value=-3.0283204211174214e-06 0.00041880134324786086 -8.5782117605350984e-06 0 0 -2.2537009771663721e-05 0.00013436206279782874 0 0.00013342065487896039 2.174686975312204e-05 0 0.00018730878992721922 0.00012637169312630945 -5.5845295789485854e-06 0.00023176134801290648 0 0 0.00052102078614624074 -5.7755512155563338e-06 0.00017491220578663428 0 0 0 0 0 0 0 0.00013655916902338973 0 -9.5857288796381629e-06 8.3827892216908775e-05
leaf_weight=422 51 1039 75 70 453 76 261 52 65 99 53 50 5246 77 249 67 50 374 50 688 178 657 197 118 92 586 92 63 9475 53
leaf_count=422 51 1039 75 70 453 76 261 52 65 99 53 50 5246 77 249 67 50 374 50 688 178 657 197 118 92 586 92 63 9475 53
internal_value=7.99167e-07 2.28455e-05 0.000162526 1.77281e-05 2.72149e-05 5.12433e-05 0.000107899 0.000197839 0.000268325 3.27648e-06 6.91362e-05 2.29203e-05 -5.00724e-06 0 4.94355e-05 0.000123693 0.000375178 0 -2.359e-06 1.06473e-05 4.32062e-05 1.67767e-05 3.60601e-05 6.79823e-05 4.63098e-06 1.52998e-05 5.03742e-05 8.43187e-05 -8.80199e-06 0
internal_weight=21078 4573 126 4447 3408 1596 548 237 167 1812 152 311 16505 6555 393 144 102 1660 6162 916 228 1048 391 194 1207 833 247 155 9950 475
internal_count=21078 4573 126 4447 3408 1596 548 237 167 1812 152 311 16505 6555 393 144 102 1660 6162 916 228 1048 391 194 1207 833 247 155 9950 475
is_linear=0
shrinkage=0.05


Tree=25
num_leaves=31
num_cat=0
split_feature=155 138 36 50 66 54 93 138 42 73 189 75 24 44 69 140 29 131 42 136 11 123 150 112 186 61 111 100 1 89
split_gain=0.00121425 0.00122461 0.00223988 0.00589737 0.000893008 0.000259596 0.000360606 0.0010216 0.00199757 0.000246938 0.0010753 0.000156128 0.000170074 0.000177918 0.000186124 0.000266058 0.000245851 0.000155148 0.000641795 0.00193823 0.000121405 0.000290405 0.000108398 0.000104041 0.000193471 0.000216686 7.32588e-05 4.64874e-05 7.53149e-05 0.000119922
threshold=0.3020000000000001 3.8700000000000006 278.65122025000005 1010.4500000000002 39.125000000000007 0.025000000000000005 264.33531805000007 5.6950000000000012 0.52500000000000013 38.050000000000004 10.4 16.050000000000004 50.95000000000001 1662.5000000000002 284.8571209000001 30.730000000000004 30.450000000000003 33.15434016127945 0.10500000000000002 0.64500000000000013 0.0039587592847222233 0.25881904510252091 0.96428571428571452 280.48110395000003 0.00013128595710512074 1397.2 10.550000000000002 4.900000000000035 0.14441036650000003 38.250000000000007
decision_type=2 2 2 2 2 2 2 2 2 2 10 2 2 2 2 2 2 2 2 2 2 2 2 2 10 2 2 2 2 2
left_child=9 2 3 -2 26 -3 7 8 22 17 -11 -8 13 14 -13 -16 -17 18 19 -1 -20 -22 -7 -12 -25 -26 -4 -19 -29 -30
right_child=1 5 4 -5 -6 6 11 -9 -10 10 23 12 -14 -15 15 16 -18 27 20 -21 21 -23 -24 24 25 -27 -28 28 29 -31
leaf_value=0 0.00061212878312824842 -8.3713104171695893e-06 3.9968571472276921e-07 0 0.00020308695080789872 0 -7.6551934465531813e-06 5.9564732785819052e-06 0.00042968678343011286 0.00024433210646783861 -3.6989232234491188e-06 0 0 0 0 0.00015678117468168935 0 -8.6882048290058349e-06 -1.232877818942896e-05 0.00033537607935033584 0 0.00012453596308789982 7.06555129614902e-05 0 0.00011821486107652638 0 -3.0256034994737688e-05 -4.1980737351332076e-06 0 7.3706831923647581e-05
leaf_weight=275 67 621 62 74 55 64 552 443 51 50 678 105 720 175 84 126 120 11618 1221 57 73 55 54 258 91 96 205 2725 244 80
leaf_count=275 67 621 62 74 55 64 552 443 51 50 678 105 720 175 84 126 120 11618 1221 57 73 55 54 258 91 96 205 2725 244 80
internal_value=1.62667e-06 2.83261e-05 0.000106058 0.000274969 1.59917e-05 1.51375e-05 2.29961e-05 5.81414e-05 0.000164682 -3.54163e-06 1.76522e-05 8.88723e-06 1.95101e-05 3.90523e-05 5.61906e-05 7.45972e-05 0.000100748 -5.36915e-06 7.64612e-06 7.09881e-05 -4.28019e-06 3.32365e-05 5.48155e-06 2.90284e-06 2.41578e-05 6.29066e-05 -4.50583e-06 -7.20214e-06 0 2.07731e-05
internal_weight=21099 3578 463 141 322 3115 2494 612 169 17521 1173 1882 1330 610 435 330 246 16348 1681 332 1349 128 118 1123 445 187 267 14667 3049 324
internal_count=21099 3578 463 141 322 3115 2494 612 169 17521 1173 1882 1330 610 435 330 246 16348 1681 332 1349 128 118 1123 445 187 267 14667 3049 324
is_linear=0
shrinkage=0.05


Tree=26
num_leaves=31
num_cat=0
split_feature=155 138 36 116 61 54 93 23 138 73 189 75 107 74 22 140 35 131 59 116 46 1 180 41 120 92 69 100 1 89
split_gain=0.00111059 0.00110502 0.00198813 0.00444119 0.000849896 0.000241244 0.000330158 0.000933941 0.00127361 0.000223194 0.00097203 0.000145136 0.000158552 0.000205271 0.000322601 0.000213356 0.000420595 0.000141945 0.00074215 0.000211371 9.88005e-05 0.000232042 6.85065e-05 0.000177592 5.62326e-05 7.98255e-05 4.29132e-05 4.21881e-05 6.86493e-05 0.000107759
threshold=0.3020000000000001 3.8700000000000006 278.65122025000005 275.77760370000004 1661.5000000000002 0.025000000000000005 264.33531805000007 22.06944444444445 5.8600000000000003 38.050000000000004 10.4 16.050000000000004 15.350000000000003 25.935714285714294 5.5000000000000009 17.960000000000004 290.92483360000006 33.15434016127945 2.0356500000000004 264.69206595000009 1.5000000000000002 0.024989248000000002 0.29861111111111122 43.500000000000007 268.11103515000008 8.2500000000000018 294.14221310000005 4.900000000000035 0.14441036650000003 38.250000000000007
decision_type=2 2 2 10 2 2 2 2 2 2 10 2 2 2 2 2 2 2 2 8 2 2 2 2 10 2 2 2 2 2
left_child=9 2 3 -2 26 -3 7 8 -7 17 -11 -8 13 -13 -15 -16 -17 18 -1 -20 21 -12 -21 -24 25 -23 -4 -19 -29 -30
right_child=1 5 4 -5 -6 6 11 -9 -10 10 20 12 -14 14 15 16 -18 27 19 22 -22 24 23 -25 -26 -27 -28 28 29 -31
leaf_value=0.00015040807175082172 0.00047975416547786968 -7.9534177524958615e-06 -2.6498116784094293e-05 -2.2320137891856912e-05 0.00017121242648942362 0.00029053678531785077 -7.2731258643885659e-06 0 2.93462277640298e-06 0.00023235503459741893 0 0 0 0 0 0.00020697411782252446 0 -8.253831977349495e-06 7.1524588170935501e-05 -1.2556511065741147e-05 -2.512473386415716e-06 0 7.7652685490588806e-05 0 0 0.00013213343510435507 0 -3.988247060650032e-06 0 7.0066988759612695e-05
leaf_weight=85 89 621 195 52 73 87 552 387 138 50 193 165 782 110 105 87 81 11618 95 1193 745 65 76 232 54 66 54 2725 244 80
leaf_count=85 89 621 195 52 73 87 552 387 138 50 193 165 782 110 105 87 81 11618 95 1193 745 65 76 232 54 66 54 2725 244 80
internal_value=1.60393e-06 2.71428e-05 0.0001011 0.000260528 1.52189e-05 1.45165e-05 2.21164e-05 5.58275e-05 0.000137058 -3.32732e-06 1.67806e-05 8.47489e-06 1.8768e-05 3.96986e-05 5.99129e-05 8.92976e-05 0.000126825 -5.07686e-06 7.32173e-06 0 2.53586e-06 2.56586e-05 -4.98422e-06 8.11058e-06 6.67858e-05 8.57324e-05 -1.10161e-05 -6.83916e-06 0 1.98659e-05
internal_weight=21099 3578 463 141 322 3115 2494 612 225 17521 1173 1882 1330 548 383 273 168 16348 1681 1596 1123 378 1501 308 185 131 249 14667 3049 324
internal_count=21099 3578 463 141 322 3115 2494 612 225 17521 1173 1882 1330 548 383 273 168 16348 1681 1596 1123 378 1501 308 185 131 249 14667 3049 324
is_linear=0
shrinkage=0.05


Tree=27
num_leaves=31
num_cat=0
split_feature=84 107 120 164 19 80 104 93 23 81 77 164 171 73 23 131 59 116 185 90 46 169 145 131 11 77 21 47 13 49
split_gain=0.00101942 0.00100928 0.000679092 0.000638165 0.0008071 0.000424144 0.000453113 0.00114728 0.00232757 0.00020999 0.000351684 0.000313898 0.000206002 0.000204173 0.00102881 0.000126842 0.000670684 0.000187764 0.000115839 9.02342e-05 6.73187e-05 0.000132335 6.6732e-05 0.000109821 6.18429e-05 0.000234564 4.16059e-05 5.90998e-05 4.06855e-05 3.91433e-05
threshold=7.5500000000000016 5.1500000000000012 274.59270505000006 0.31250000000000006 -0.00034571428571428562 29.912500000000009 2.350000000000001 264.40368030000008 21.969444444444445 41.650000000000013 289.3014948500001 0.53472222222222232 -0.0018592034999999995 38.850000000000001 21.542361111111113 33.15434016127945 2.0356500000000004 264.69206595000009 0.00085175717129231212 21.072448979591844 1.0000000180025095e-35 0.0011362195624999999 1.0250000000000001 71.308543882435856 0.0039587592847222233 274.97152465000005 0.28472222222222227 5.5000000000000009 0.0021704999652777785 983.05000000000007
decision_type=2 2 10 2 2 2 2 2 2 2 2 2 2 2 2 2 2 8 10 2 2 2 2 2 2 2 2 2 2 2
left_child=13 -2 5 -4 -5 19 7 8 -7 26 11 18 -10 15 -15 16 -1 -18 -11 22 21 -16 23 -3 -19 -26 27 -9 -21 -17
right_child=1 2 3 4 -6 6 -8 9 12 10 -12 -13 -14 14 20 29 17 24 -20 28 -22 -23 -24 -25 25 -27 -28 -29 -30 -31
leaf_value=0.00014297510958280075 0.00019616773273256789 6.7585652378142241e-05 0 0.00034083043131139901 7.0609043563396286e-06 0.00040479025071500944 -2.5756060426181876e-06 4.7889892433591079e-05 0.00010339128551343244 3.1553367561836867e-06 0 0 0 0.00023570493400956575 0 -2.0568160329546854e-06 6.707433936472373e-05 -1.0566546769130099e-05 0.00021369302007951774 -2.0661618894712887e-05 -2.3574728928436315e-06 5.8477630000009506e-05 0 0 0 0.00011043217137579203 -8.6488806360093724e-06 0 0 -8.7405796524198464e-06
leaf_weight=85 91 100 57 52 82 65 561 91 76 73 233 93 165 51 157 6023 96 1361 59 845 645 144 113 100 101 50 544 59 114 8813
leaf_count=85 91 100 57 52 82 65 561 91 76 73 233 93 165 51 157 6023 96 1361 59 845 645 144 113 100 101 50 544 59 114 8813
internal_value=1.57687e-06 2.60699e-05 2.01339e-05 0.000115193 0.000175186 1.30648e-05 2.7865e-05 4.29984e-05 0.000131437 1.50769e-05 4.14094e-05 8.58656e-05 3.56815e-05 -3.13241e-06 1.78286e-05 -4.70023e-06 6.92734e-06 0 0.000135752 -6.50266e-06 5.66347e-07 2.3375e-05 7.97451e-06 3.04851e-05 -4.67095e-06 1.52927e-05 0 2.04659e-05 -1.64395e-05 -6.36448e-06
internal_weight=21099 3573 3482 191 134 3291 2019 1458 306 1152 458 225 241 17526 997 16529 1693 1608 132 1272 946 301 313 200 1512 151 694 150 959 14836
internal_count=21099 3573 3482 191 134 3291 2019 1458 306 1152 458 225 241 17526 997 16529 1693 1608 132 1272 946 301 313 200 1512 151 694 150 959 14836
is_linear=0
shrinkage=0.05


Tree=28
num_leaves=31
num_cat=0
split_feature=84 138 66 171 84 54 96 173 142 101 43 138 73 27 93 33 171 111 185 185 170 30 82 96 30 77 86 5 99 49
split_gain=0.000940339 0.000915146 0.00176984 0.00100249 0.00155987 0.000210628 0.000294972 0.000408422 0.000808088 0.00021308 0.000424462 0.000755423 0.000183844 0.000931285 0.00011705 0.00131929 0.00228736 9.87469e-05 0.000108097 7.86529e-05 0.000162528 0.000187517 0.000484838 0.00182965 6.37536e-05 7.97155e-05 5.41973e-05 5.19476e-05 8.56322e-05 5.33982e-05
threshold=7.5500000000000016 3.8700000000000006 17.625000000000004 -0.012485668499999996 10.850000000000003 0.025000000000000005 32.187500000000007 13.500000000000002 758.82494677108627 -1.3268654499999852 0.34750000000000003 4.7550000000000008 38.850000000000001 1551.0500000000002 265.47502930000002 0.63958744196713624 -0.00078834949999999945 15.65 0.000437270391177633 0.00072430864599890628 0.8995355658945684 -1.3257142857142865 14.578000000000001 25.662500000000005 -1.2885714285714291 281.26920920000003 20.500000000000004 14.445000000000002 2.2500000000000004 985.45000000000016
decision_type=2 2 2 2 2 2 2 10 2 2 2 2 2 2 2 2 2 2 10 10 2 2 2 2 2 2 2 2 2 2
left_child=12 2 -2 4 -4 -3 7 -7 -9 -8 -11 -12 14 -14 15 19 -17 -13 -19 -1 -21 -22 -23 -24 -15 -26 -27 -16 -29 -30
right_child=1 5 3 -5 -6 6 9 8 -10 10 11 17 13 24 27 16 -18 18 -20 20 21 22 23 -25 25 26 -28 28 29 -31
leaf_value=-9.6007981114275442e-06 0.00038260522854845761 -7.3608679356492333e-06 0.00032772736106530086 0 0 0 -6.9169243891185627e-06 0.00029774707975705568 7.1424783369002376e-06 0 0.0002454893630708504 0 0.00022414632299842197 -2.6002968964204787e-06 -8.080744159268048e-06 0 0.00042051935098795957 0 8.712406576624846e-05 -5.4728999808253507e-06 0 0 0.00036106618642852664 0 0 8.8178234027942555e-05 0 -1.6535952640345912e-06 5.1542448616461249e-05 0
leaf_weight=1997 51 616 66 296 50 222 728 51 124 963 57 207 51 643 11291 66 50 53 89 1227 566 160 50 132 180 62 61 809 129 52
leaf_count=1997 51 616 66 296 50 222 728 51 124 963 57 207 51 643 11291 66 50 53 89 1227 566 160 50 132 180 62 61 809 129 52
internal_value=1.55341e-06 2.50813e-05 9.25894e-05 4.37433e-05 0.000167854 1.33973e-05 2.05293e-05 6.29084e-05 0.000121453 1.00968e-05 2.27924e-05 6.59994e-05 -2.95907e-06 1.68807e-05 -4.45919e-06 1.80444e-06 0.00016795 2.1781e-05 5.37354e-05 -1.6896e-06 3.37045e-06 2.08141e-05 5.01483e-05 0.000106476 2.02027e-07 2.25852e-05 5.34576e-05 -7.03286e-06 0 3.41189e-05
internal_weight=21099 3573 463 412 116 3110 2494 397 175 2097 1369 406 17526 997 16529 4248 116 349 142 4132 2135 908 342 182 946 303 123 12281 990 181
internal_count=21099 3573 463 412 116 3110 2494 397 175 2097 1369 406 17526 997 16529 4248 116 349 142 4132 2135 908 342 182 946 303 123 12281 990 181
is_linear=0
shrinkage=0.05


Tree=29
num_leaves=31
num_cat=0
split_feature=84 128 106 164 62 131 138 134 108 73 177 103 117 131 59 116 161 113 114 29 112 186 61 75 67 108 76 173 89 41
split_gain=0.000866183 0.000826533 0.00140857 0.00130726 0.0016564 0.00204062 0.00218474 0.000408001 0.000368059 0.000169188 0.000834092 0.000122433 0.00011647 0.000114199 0.000597034 0.00015893 9.78707e-05 8.90947e-05 0.000145688 0.000218642 7.17749e-05 0.000159695 0.000183978 6.5511e-05 0.000146732 0.000124093 0.000144881 0.000182061 5.62614e-05 0.00017469
threshold=7.5500000000000016 9.5821574907389007 14.450000000000001 0.3263888888888889 41.750000000000007 45.854750180135262 8.7550000000000008 8.0800000000000018 288.47133390000005 38.050000000000004 2.6297828043478256e-05 1191.7000000000003 0.25000000000000006 33.15434016127945 2.0356500000000004 264.69206595000009 0.1326530612244898 1.4500000000000002 26.350000000000005 29.600000000000005 280.48110395000003 0.00013128595710512074 1397.2 16.450000000000003 15.350000000000003 283.73770420000005 9.4500000000000046 6.5000000000000009 41.750000000000007 43.500000000000007
decision_type=2 2 2 2 2 2 2 2 2 2 2 2 10 2 2 8 2 2 10 2 2 10 2 2 2 2 2 10 2 2
left_child=9 2 -2 -4 7 6 -6 11 -9 13 -11 12 -5 14 -1 -16 -13 23 19 -19 -12 -22 -23 -3 25 -25 27 -27 -17 -30
right_child=1 17 3 4 5 -7 -8 8 -10 10 20 16 -14 -15 15 28 -18 18 -20 -21 21 22 -24 24 -26 26 -28 -29 29 -31
leaf_value=0.00013500353337042535 0.0003291045495379698 -1.1999968460719026e-05 -5.7696693663849164e-06 9.3844815389086266e-05 0.00052020604860544687 0 0 0 0.00018615670632481432 0.00019567691693230359 -4.6887434887312392e-06 0 0 -5.953520183426907e-06 6.211947262424171e-05 -1.024873657612264e-05 -4.5909662752043062e-05 0.00013795253078927492 0 0 0 0.00010548145554070209 0 0 0 0 0 0.00011037416033616859 7.9268229912142141e-05 0
leaf_weight=85 50 770 586 52 72 71 55 69 64 60 683 56 52 14672 95 1325 177 60 188 99 243 91 96 126 773 73 54 126 73 103
leaf_count=85 50 770 586 52 72 71 55 69 64 60 683 56 52 14672 95 1325 177 60 188 99 243 91 96 126 773 73 54 126 73 103
internal_value=1.52526e-06 2.41105e-05 5.6165e-05 4.10446e-05 8.95333e-05 0.000214915 0.000334162 2.57533e-05 9.97154e-05 -2.795e-06 1.46063e-05 0 4.08935e-05 -4.34975e-06 6.67071e-06 0 -2.36149e-05 3.46943e-06 2.68061e-05 6.19617e-05 1.89905e-07 1.95328e-05 5.47566e-05 0 6.76415e-06 3.32291e-05 5.36031e-05 7.38925e-05 -4.23012e-06 1.26338e-05
internal_weight=21099 3573 1304 1254 668 198 127 470 133 17526 1173 337 104 16353 1681 1596 233 2269 347 159 1113 430 187 1922 1152 379 253 199 1501 176
internal_count=21099 3573 1304 1254 668 198 127 470 133 17526 1173 337 104 16353 1681 1596 233 2269 347 159 1113 430 187 1922 1152 379 253 199 1501 176
is_linear=0
shrinkage=0.05


Tree=30
num_leaves=31
num_cat=0
split_feature=133 101 120 65 74 134 164 54 23 17 85 49 35 134 105 122 137 174 99 131 15 155 43 49 134 30 141 47 101 92
split_gain=0.00113059 0.00368792 0.000553113 0.0017145 0.000349371 0.000272794 0.000483148 0.000677583 0.000598607 0.000334811 0.000161539 0.000148101 0.000223033 0.00140169 0.000221133 0.000319573 0.000286174 0.000762523 0.00100866 0.00145239 0.000191734 0.000393442 0.000698713 0.00028251 0.000177664 5.89794e-05 5.71728e-05 8.36709e-05 6.78232e-05 9.91654e-05
threshold=88.200000000000003 -3.5434209999999662 267.43379105000002 13.750000000000002 25.935714285714294 6.6700000000000008 0.35416666666666669 0.055000000000000007 22.489583333333336 0.17975000000000002 267.98568230000006 983.05000000000007 264.88571620000005 6.6000000000000005 26.500000000000004 18.500000000000004 2.1000000000000005 30.500000000000004 1.6999999999999889 104.99432709394061 0.0013427083333333336 0.040588235294117654 0.37050000000000005 957.6500000000002 5.79 -2.1142857142857143 36.510000000000012 4.5000000000000009 5.1285167000000067 6.5500000000000016
decision_type=2 2 8 2 2 2 2 2 2 2 2 2 2 2 2 2 2 8 2 2 2 2 2 2 2 2 2 2 2 2
left_child=2 -2 3 -1 -5 6 -6 -8 -9 -7 -11 14 13 -13 15 16 20 18 19 -18 25 -22 -23 -24 -25 26 -4 -28 29 -29
right_child=1 -3 11 4 5 9 7 8 -10 10 -12 12 -14 -15 -16 -17 17 -19 -20 -21 21 22 23 24 -26 -27 27 28 -30 -31
leaf_value=0.00026394631718692444 0.00046062611707480092 0 0 -1.2162848912878799e-05 0 0 0 0.00030926314891985388 0 0 0.00012513000479780255 0.00027412036008529105 -8.5960095127721723e-06 -7.6028816997774105e-07 -6.7370750146665154e-06 -1.4899781187108493e-05 0.00038701977884329612 0 0 1.6149761566018294e-05 0 0 0 0.00028868040994670737 3.625873708551808e-05 -8.2541085118636885e-06 0 0 0 8.268618868205357e-05
leaf_weight=73 56 169 637 677 204 1058 58 63 62 52 86 50 9471 187 3767 922 63 523 140 101 522 228 61 52 79 1216 172 88 60 121
leaf_count=73 56 169 637 677 204 1058 58 63 62 52 86 50 9471 187 3767 922 63 523 140 101 522 228 61 52 79 1216 172 88 60 121
internal_value=1.50883e-06 0.000112774 5.90151e-08 2.32183e-05 1.31179e-05 2.70871e-05 6.66359e-05 0.000126206 0.000191582 1.00679e-05 8.30341e-05 -2.59815e-06 -6.96098e-06 3.71311e-05 1.67026e-06 9.02629e-06 1.56884e-05 4.332e-05 0.000106512 0.000190403 7.07093e-06 2.60756e-05 6.21236e-05 0.000132171 0.000175763 0 7.73363e-06 2.16652e-05 3.92826e-05 5.2834e-05
internal_weight=21018 225 20793 2333 2260 1583 387 183 125 1196 138 18460 9708 237 8752 4985 4063 827 304 164 3236 942 420 192 131 2294 1078 441 269 209
internal_count=21018 225 20793 2333 2260 1583 387 183 125 1196 138 18460 9708 237 8752 4985 4063 827 304 164 3236 942 420 192 131 2294 1078 441 269 209
is_linear=0
shrinkage=0.05


end of trees

feature_importances:
gust_max_next_6h=27
pct_unmapped=25
t2m_at_t24h=23
sp_t=22
total_tp_next_24h=21
soil_moist_t=20
wind_speed_max_next_1h=18
wind_speed_max_next_6h=17
gust_at_t6h=16
t2m_at_t48h=16
pop_density=16
pct_forest=16
gust_to_N_best_corr_obs=16
min_t2m_next_48h=15
temp_change_6h=15
log_customers=15
gust_max_last6h_obs=13
t2m_at_t6h=13
hour_of_day=13
total_tp_next_48h=12
pct_developed=12
R_nonzero_frac_obs=12
mslma_t=11
gust_x_hso=11
gust_mean_next_1h=11
min_t2m_next_6h=11
tp_rate_next_24h=11
t2m_t=10
gust_peak4h_mean_next_6h=10
tree_canopy_std=10
gust_mean_obs=9
gust_last_obs=9
wind_speed_max_next_48h=9
hour_sin=9
pct_wetland=9
N_per_gust_excess_obs=9
P_change_per_gust_excess_obs=9
last_N_t=8
soil_moist_x_gust=8
t2m_at_t1h=8
pct_water=8
pct_forest_classified=8
P_D_gap_last_obs=8
gust_gt30_obs=7
vpd_t=7
et0_t=7
gust_max_next_48h=7
cumul_tp_since_onset=7
gust_gt30_since_onset=7
tp_at_t6h=7
wind_speed_at_t24h=7
last_P_t=6
R_t_mean_72h=6
osi_trend_last6h=6
frac_zero_72h=6
hours_since_peak=6
gust_trend_last6h_obs=6
wind_sin_t=6
d2m_t=6
gust_max_next_1h=6
total_tp_next_6h=6
gust_mean_next_24h=6
wind_speed_max_next_24h=6
gust_peak4h_mean_next_24h=6
gust_peak4h_mean_next_48h=6
N_nonzero_frac_obs=6
R_mean_last24_obs=6
restoration_ratio_obs=6
hours_since_N_peak_obs=6
gust_at_first_material_N_obs=6
N_t_mean_72h=5
wind_cos_t=5
pressure_change_3h=5
pressure_change_6h=5
wind_speed_at_t6h=5
hours_since_obs=5
hours_since_R_peak_obs=5
P_trend_last24_obs=5
R_t_max_72h=4
pre_event_mean_osi=4
wind_speed_t=4
min_t2m_next_1h=4
gust_mean_next_6h=4
min_t2m_next_24h=4
gust_mean_next_48h=4
cumul_gust_since_onset=4
gust_at_t1h=4
wind_speed_at_t1h=4
tree_canopy_pct=4
forest_x_customers=4
hours_since_P_peak_obs=4
gust_excess30_sum_obs=4
last_R_t=3
osi_max_72h=3
pre_event_max_outage_pct=3
gust_t=3
r2_t=3
gust_max_next_24h=3
gust_gt30_next_24h=3
tp_at_t24h=3
wind_speed_at_t48h=3
hour_cos=3
first_material_N_hour_obs=3
last_outage_pct=2
outage_pct_mean_72h=2
storm_onset_max_osi=2
storm_onset_mean_osi=2
gust_max_obs=2
lcc_t=2
mcc_t=2
diffuse_rad_t=2
temp_c_t=2
soil_gust_x_phase=2
gust_gt30_next_48h=2
gust_change_1h=2
gust_change_3h=2
wind_change_1h=2
gust_at_t24h=2
tp_rate_next_6h=2
D_mean_last24_obs=2
P_post_peak_slope_obs=2
P_active_frac_obs=2
last_osi=1
last_D_t=1
osi_mean_72h=1
osi_std_72h=1
outage_pct_max_72h=1
gust_gt40_obs=1
cumul_gust_obs=1
blh_t=1
sdswrf_t=1
dewpoint_c_t=1
gust_x_phase=1
total_tp_next_1h=1
gust_gt40_next_48h=1
tp_at_t1h=1
tp_at_t48h=1
rural_urban_code=1
pct_agriculture=1
tp_rate_next_1h=1
gust_gt30_frac_next_24h=1
tp_rate_next_48h=1
gust_gt30_frac_next_48h=1
N_mean_last24_obs=1
flow_balance_last24_obs=1
first_material_R_hour_obs=1

parameters:
[boosting: gbdt]
[objective: huber]
[metric: rmse]
[tree_learner: serial]
[device_type: cpu]
[data_sample_strategy: bagging]
[data: ]
[valid: ]
[num_iterations: 2000]
[learning_rate: 0.05]
[num_leaves: 31]
[num_threads: -1]
[seed: 42]
[deterministic: 0]
[force_col_wise: 0]
[force_row_wise: 0]
[histogram_pool_size: -1]
[max_depth: -1]
[min_data_in_leaf: 50]
[min_sum_hessian_in_leaf: 0.001]
[bagging_fraction: 0.8]
[pos_bagging_fraction: 1]
[neg_bagging_fraction: 1]
[bagging_freq: 5]
[bagging_seed: 42]
[bagging_by_query: 0]
[feature_fraction: 0.8]
[feature_fraction_bynode: 1]
[feature_fraction_seed: 42]
[extra_trees: 0]
[extra_seed: 12879]
[early_stopping_round: 0]
[early_stopping_min_delta: 0]
[first_metric_only: 0]
[max_delta_step: 0]
[lambda_l1: 0.1]
[lambda_l2: 1]
[linear_lambda: 0]
[min_gain_to_split: 0]
[drop_rate: 0.1]
[max_drop: 50]
[skip_drop: 0.5]
[xgboost_dart_mode: 0]
[uniform_drop: 0]
[drop_seed: 42]
[top_rate: 0.2]
[other_rate: 0.1]
[min_data_per_group: 100]
[max_cat_threshold: 32]
[cat_l2: 10]
[cat_smooth: 10]
[max_cat_to_onehot: 4]
[top_k: 20]
[monotone_constraints: ]
[monotone_constraints_method: basic]
[monotone_penalty: 0]
[feature_contri: ]
[forcedsplits_filename: ]
[refit_decay_rate: 0.9]
[cegb_tradeoff: 1]
[cegb_penalty_split: 0]
[cegb_penalty_feature_lazy: ]
[cegb_penalty_feature_coupled: ]
[path_smooth: 0]
[interaction_constraints: ]
[verbosity: -1]
[saved_feature_importance_type: 0]
[use_quantized_grad: 0]
[num_grad_quant_bins: 4]
[quant_train_renew_leaf: 0]
[stochastic_rounding: 1]
[linear_tree: 0]
[max_bin: 255]
[max_bin_by_feature: ]
[min_data_in_bin: 3]
[bin_construct_sample_cnt: 200000]
[data_random_seed: 42]
[is_enable_sparse: 1]
[enable_bundle: 1]
[use_missing: 1]
[zero_as_missing: 0]
[feature_pre_filter: 1]
[pre_partition: 0]
[two_round: 0]
[header: 0]
[label_column: ]
[weight_column: ]
[group_column: ]
[ignore_column: ]
[categorical_feature: ]
[forcedbins_filename: ]
[precise_float_parser: 0]
[parser_config_file: ]
[objective_seed: 16083]
[num_class: 1]
[is_unbalance: 0]
[scale_pos_weight: 1]
[sigmoid: 1]
[boost_from_average: 1]
[reg_sqrt: 0]
[alpha: 0.9]
[fair_c: 1]
[poisson_max_delta_step: 0.7]
[tweedie_variance_power: 1.5]
[lambdarank_truncation_level: 30]
[lambdarank_norm: 1]
[label_gain: ]
[lambdarank_position_bias_regularization: 0]
[eval_at: ]
[multi_error_top_k: 1]
[auc_mu_weights: ]
[num_machines: 1]
[local_listen_port: 12400]
[time_out: 120]
[machine_list_filename: ]
[machines: ]
[gpu_platform_id: -1]
[gpu_device_id: -1]
[gpu_device_id_list: ]
[gpu_use_dp: 0]
[num_gpu: 1]

end of parameters

pandas_categorical:[]
