tree
version=v4
num_class=1
num_tree_per_iteration=1
label_index=0
max_feature_idx=189
objective=huber
feature_names=last_osi last_P_t last_N_t last_D_t last_R_t last_outage_pct osi_mean_72h osi_max_72h osi_std_72h outage_pct_mean_72h outage_pct_max_72h N_t_mean_72h N_t_max_72h R_t_mean_72h R_t_max_72h pre_event_mean_osi pre_event_max_outage_pct storm_onset_max_osi storm_onset_mean_osi osi_trend_last6h is_worsening frac_zero_72h hours_since_peak gust_mean_obs gust_max_obs gust_gt30_obs gust_gt40_obs cumul_gust_obs gust_last_obs gust_max_last6h_obs gust_trend_last6h_obs gust_t wind_speed_t wind_sin_t wind_cos_t t2m_t d2m_t tp_t rain_t csnow_t sdwe_t r2_t vpd_t soil_moist_t blh_t tcc_t lcc_t mcc_t hcc_t sp_t mslma_t sdswrf_t direct_rad_t diffuse_rad_t et0_t temp_c_t dewpoint_c_t icing_risk_t gust_exceed_30 soil_moist_x_gust is_snowing gust_x_hso gust_x_phase soil_gust_x_phase gust_exceed30_x_hso gust_max_next_1h gust_mean_next_1h wind_speed_max_next_1h total_tp_next_1h min_t2m_next_1h gust_gt30_next_1h gust_gt40_next_1h gust_peak4h_mean_next_1h gust_max_next_6h gust_mean_next_6h wind_speed_max_next_6h total_tp_next_6h min_t2m_next_6h gust_gt30_next_6h gust_gt40_next_6h gust_peak4h_mean_next_6h gust_max_next_24h gust_mean_next_24h wind_speed_max_next_24h total_tp_next_24h min_t2m_next_24h gust_gt30_next_24h gust_gt40_next_24h gust_peak4h_mean_next_24h gust_max_next_48h gust_mean_next_48h wind_speed_max_next_48h total_tp_next_48h min_t2m_next_48h gust_gt30_next_48h gust_gt40_next_48h gust_peak4h_mean_next_48h gust_change_1h gust_change_3h pressure_change_3h pressure_change_6h temp_change_6h wind_change_1h cumul_gust_since_onset cumul_tp_since_onset gust_gt30_since_onset gust_at_t1h wind_speed_at_t1h t2m_at_t1h tp_at_t1h gust_at_t6h wind_speed_at_t6h t2m_at_t6h tp_at_t6h gust_at_t24h wind_speed_at_t24h t2m_at_t24h tp_at_t24h gust_at_t48h wind_speed_at_t48h t2m_at_t48h tp_at_t48h hour_of_day hour_sin hour_cos days_since_onset hours_since_obs storm_phase log_customers rural_urban_code is_metro pop_density n_utilities pct_forest pct_developed pct_agriculture pct_water pct_wetland pct_unmapped pct_forest_classified tree_canopy_pct tree_canopy_std forest_x_customers window_len_next_1h is_full_next_1h tp_rate_next_1h gust_gt30_frac_next_1h has_weather_at_t1h window_len_next_6h is_full_next_6h tp_rate_next_6h gust_gt30_frac_next_6h has_weather_at_t6h window_len_next_24h is_full_next_24h tp_rate_next_24h gust_gt30_frac_next_24h has_weather_at_t24h window_len_next_48h is_full_next_48h tp_rate_next_48h gust_gt30_frac_next_48h has_weather_at_t48h N_nonzero_frac_obs R_nonzero_frac_obs P_mean_last24_obs D_mean_last24_obs N_mean_last24_obs R_mean_last24_obs flow_balance_last24_obs restoration_ratio_obs P_D_gap_last_obs hours_since_P_peak_obs hours_since_N_peak_obs hours_since_R_peak_obs first_material_N_hour_obs first_material_R_hour_obs P_trend_last24_obs D_trend_last24_obs P_post_peak_slope_obs P_active_frac_obs has_material_P_obs has_material_N_obs has_material_R_obs gust_excess30_sum_obs N_per_gust_excess_obs P_change_per_gust_excess_obs gust_to_N_best_corr_obs gust_to_N_best_lag_obs gust_at_first_material_N_obs
feature_infos=[0:0.55230000000000001] [0:0.82424180700000005] [0:0.021710291] [0:0.90465771100000003] [0:0.039181763000000001] [0:82.420000000000002] [4.1666666666666669e-06:0.26529999999999998] [0.0001:0.65049999999999997] [1.9982631347136334e-05:0.22470370552747407] [0.00083333333333333328:39.644861111111112] [0.02:100] [3.1208333333333337e-06:0.018623942125000001] [7.4900000000000005e-05:0.37916412199999999] [3.1208333333333337e-06:0.017093115180555556] [7.4900000000000005e-05:0.119716399] [0:0.38653749999999998] [0:100] [0:0.59799999999999998] [0:0.20940416666666664] [-0.022628571428571428:0.017611428571428573] [0:1] [0:0.95833333333333337] [0:71] [13.03611111111111:31.258333333333326] [29.300000000000001:70] [0:35] [0:18] [938.59999999999991:2250.5999999999995] [3.5:47.5] [15.4:64.5] [-6.477142857142856:3.3114285714285714] [0.59999999999999998:57.799999999999997] [0:38] [-0.99999999953664132:0.99999999913657367] [-0.99999999329043221:1] [261.05202270000001:298.3466019] [257.33913039999999:289.8677619] [0:11.300000000000001] [0:11.300000000000001] [0:2.6600000000000001] [0:0.089999999999999997] [15:100] [0:2.5] [0.16700000000000001:0.52000000000000002] [10:3090] [0:100] [0:100] [0:100] [0:100] [884.60000000000002:1027] [986.70000000000005:1031.8] [0:840] [0:731] [0:463] [0:0.60999999999999999] [-12.097977299999968:25.196601900000019] [-15.81086959999999:16.717761900000028] [0:1] [0:27.799999999999997] [0.19259999999999999:23.550000000000001] [0:1] [0.80000000000000004:3819.7999999999997] [0:107.59999999999999] [0:47.100000000000001] [0:1689.7999999999997] [1.2:57.799999999999997] [0.89999999999999991:54.5] [0:38] [0:14.699999999999999] [260.0631818:298.21776599999998] [0:2] [0:2] [0.89999999999999991:54.5] [5.4000000000000004:57.799999999999997] [3.5714285714285716:49.328571428571429] [0.40000000000000002:38] [0:26.699999999999999] [259.42265909999998:296.22558249999997] [0:7] [0:7] [4.3499999999999996:52.550000000000004] [13.199999999999999:57.799999999999997] [8.2360000000000007:43.052] [6:38] [0:51.199999999999996] [259.42265909999998:286.57337899999999] [0:25] [0:19] [12.25:52.550000000000004] [13.199999999999999:57.799999999999997] [7.961224489795919:37.897959183673471] [6:38] [0:52.900000000000006] [259.42265909999998:281.94003939999999] [0:40] [0:22] [12.75:52.550000000000004] [-24.299999999999997:28.199999999999999] [-32:35.700000000000003] [-6.1999999999999318:10.599999999999909] [-10.899999999999977:14.599999999999909] [-20.027499999999975:21.845291299999985] [-15.300000000000001:28.000000000000004] [347.09999999999997:3733.5999999999999] [0:53.200000000000003] [0:61] [0.59999999999999998:57.799999999999997] [0:38] [260.0631818:298.3466019] [0:11.300000000000001] [1.3999999999999999:57.799999999999997] [0:38] [259.42265909999998:298.3466019] [0:11.300000000000001] [0.90000000000000002:57.799999999999997] [0:38] [259.42265909999998:298.3466019] [0:11.300000000000001] [0.90000000000000002:53.799999999999997] [0:34.299999999999997] [259.42265909999998:296.58327589999999] [0:11.300000000000001] [0:23] [-1:1] [-1:1] [1:4] [1:96] [0:2] [7.1180162044653335:13.453719692845613] [1:9] [0:1] [8.3691524328166658:11939.655837338518] [1:14] [0.96999999999999997:88.719999999999999] [2.21:86.629999999999995] [0.040000000000000001:87.469999999999999] [0.01:5.5099999999999998] [0:19.780000000000001] [1.8899999999999999:18.32] [0.98868616858628067:95.815074496056084] [2.2000000000000002:80.340000000000003] [12.65:40.140000000000001] [8.0679963363985543:851.54750536995925] none none [0:7.3499999999999996] [0:1] none none none [0:3.8142857142857141] [0:1] none none none [0:2.048] [0:1] none none none [0:1.0795918367346939] [0:0.81632653061224492] none [0.041666666666666664:0.83333333333333337] [0.041666666666666664:0.90277777777777779] [0:0.33157778683333333] [0:0.2415728110416667] [0:0.05185222787499999] [0:0.017634620166666667] [-5.9704624999999938e-05:0.03421760770833332] [0.013031417634099374:6.5416667824977583] [-0.094310770000000002:0.045476995000000006] [0:71] [0:71] [0:70] [0:68] [0:71] [-0.00014221094434782621:0.052080195401739138] [-2.8979260869565253e-06:0.043438201510000003] [-0.090709080000000039:0.00060335147105305595] [0:0.98611111111111116] [0:1] [0:1] [0:1] [0:446.30000000000001] [1.2346153846153842e-05:0.024848555909090915] [-0.0026323566314935061:0.0091683099305555574] [-0.13256831251647599:0.75281650661316302] [0:3] [3.2000000000000002:60.600000000000001]
tree_sizes=3084 2712 2718 2716 2709 2729 2712 2679 2762 2657 2726 2651 2705 2701

Tree=0
num_leaves=31
num_cat=0
split_feature=133 90 103 75 91 22 19 185 116 133 118 112 77 139 90 21 56 91 140 19 187 90 166 93 100 126 50 186 98 166
split_gain=0.0039855 0.00577156 0.00221162 0.00109867 0.000775841 0.000617329 0.00446128 0.000443263 0.000629472 0.000415866 0.000851896 0.000295026 0.000160244 0.000372487 0.00015681 0.000145754 0.000101337 9.98252e-05 0.000126189 0.000110572 0.00014466 6.38614e-05 6.59749e-05 6.30884e-05 5.91274e-05 5.77682e-05 5.12664e-05 3.30895e-05 3.28789e-05 6.55202e-05
threshold=88.200000000000003 25.328571428571433 1180.3500000000001 6.8500000000000005 31.000000000000004 1.0000000180025095e-35 0.00035714285714285703 0.0008080081819364913 282.48663990000006 80.210000000000022 22.450000000000003 279.23702120000007 286.32691830000005 86.716077848590643 21.858163265306128 0.24305555555555558 -3.8521779499999691 18.650000000000002 17.375000000000004 0.00097571428571429318 0.63240740162049491 27.482653061224493 0.00057369422916666668 271.47531805000006 4.2500000000000009 27.500000000000004 1021.4500000000002 0.0022346391979782567 -7.3500000000000005 0.012529976458333337
decision_type=2 2 2 2 2 2 2 10 2 2 2 2 2 2 2 2 2 2 2 2 2 2 2 2 2 2 2 10 2 2
left_child=2 -2 3 4 7 6 -4 -1 -9 11 -11 14 25 -14 -5 -10 17 -16 23 20 21 22 -20 -19 -25 -7 -13 -27 -24 -30
right_child=1 -3 5 9 -6 12 -8 8 15 10 -12 26 13 -15 16 -17 -18 18 19 -21 -22 -23 28 24 -26 27 -28 -29 29 -31
leaf_value=0.00054657035177752889 0.00054640517738990325 0.0012372187698857567 0.0010262369067526402 0.00054640517738990325 0.00084380703093485995 0.00054640517738990325 0.00054399856196434687 0.00054640517738990325 0.00054640517738990325 0.00075124167638229006 0.00054640517738990325 0.00053527196723264243 0.000539139932655806 0.00067174794213191045 0.00054640517738990325 0.00075018317345413926 0.00054640517738990325 0.00054640517738990325 0.00054640517738990325 0.00054640517738990325 0.00054640517738990325 0.00054640517738990325 0.00054640517738990325 0.00054640517738990325 0.00060724173074126417 0.00052398849501721144 0.00054947216614827598 0.00054640517738990325 0.00075170241472384775 0.00058070199848405399
leaf_weight=307 101 50 50 368 53 418 511 127 61 88 173 1166 973 55 139 128 304 253 51 123 59 77 56 73 87 7828 583 187 76 113
leaf_count=307 101 50 50 368 53 418 511 127 61 88 173 1166 973 55 139 128 304 253 51 123 59 77 56 73 87 7828 583 187 76 113
internal_value=0.000546766 0.000801736 0.000544436 0.000573299 0.0006336 0.000531077 0.000578859 0.000607256 0.000650254 0.000561202 0.000624662 0.000555069 0.000527712 0.000546405 0.000569875 0.000708503 0.000577583 0.000584712 0.000590399 0.000608889 0.000621583 0.000633067 0.00064638 0.000553383 0.000579644 0.00052544 0.000542862 0.000524486 0.000659265 0.000676498
internal_weight=14638 151 14487 4465 676 10022 561 623 316 3789 261 3528 9461 1028 1779 189 1411 1107 968 555 432 373 296 413 160 8433 1749 8015 245 189
internal_count=14638 151 14487 4465 676 10022 561 623 316 3789 261 3528 9461 1028 1779 189 1411 1107 968 555 432 373 296 413 160 8433 1749 8015 245 189
is_linear=0
shrinkage=1


Tree=1
num_leaves=31
num_cat=0
split_feature=133 90 103 133 33 22 137 189 119 88 50 126 163 93 54 35 120 36 134 129 169 54 12 77 89 91 137 186 133 92
split_gain=0.00363397 0.00518543 0.00205024 0.000748449 0.000747933 0.000689424 0.00059976 0.00171196 0.00447316 0.000596192 0.000456195 0.000705354 0.00121213 0.000251052 0.00017786 0.000165177 0.000107287 0.000158422 0.000176195 0.000100536 0.00011981 9.14081e-05 6.30446e-05 4.8088e-05 3.79356e-05 8.28661e-05 3.40322e-05 3.1283e-05 2.60109e-05 2.62131e-05
threshold=88.200000000000003 25.328571428571433 1074.7500000000002 79.980000000000004 -0.88832180263146499 6.5000000000000009 0.055000000000000007 38.750000000000007 7.3500000000000005 30.737500000000008 1017.9500000000002 4.5000000000000009 0.34027777777777785 270.21090700000008 0.31500000000000006 281.93733125000006 286.14014375000005 268.55963725000009 7.1250000000000009 1.5000000000000002 1.8333333333373535e-09 0.015000000000000001 0.078026077000000013 273.03233755000002 43.150000000000013 26.550000000000004 18.300000000000004 0.0022346391979782567 1.5900000000000001 35.45000000000001
decision_type=2 2 2 2 2 2 2 10 2 2 2 2 2 2 2 2 2 2 2 2 2 2 2 2 2 2 2 10 2 2
left_child=2 -2 3 10 -5 -6 7 14 -9 -7 23 12 -12 26 -4 16 17 18 -13 -20 -21 -22 -15 24 -1 -26 27 28 -8 -30
right_child=1 -3 6 4 5 9 13 8 -10 -11 11 15 -14 22 -16 -17 -18 -19 19 20 21 -23 -24 -25 25 -27 -28 -29 29 -31
leaf_value=0 0 0.00065695020828998715 -1.2808870398065221e-05 0 0 0.00035854556292626793 0 0 0.0004783680998988912 6.7206982963667812e-05 0.00029896364449752947 0 0 0 5.3097685862310979e-05 0 0 7.3669155213919336e-06 0 0 0 0.00010606973755912752 6.502034445920977e-05 -1.0542687661587826e-05 7.0946302933434978e-05 0 0 0 -2.096159564005741e-05 0
leaf_weight=128 101 50 1141 100 57 64 66 151 68 107 70 177 102 464 96 381 240 631 137 56 60 297 50 814 65 68 62 122 8638 75
leaf_count=128 101 50 1141 100 57 64 66 151 68 107 70 177 102 464 96 381 240 631 137 56 60 297 50 814 65 68 62 122 8638 75
internal_value=5.14088e-07 0.000243969 -1.69503e-06 3.08853e-05 0.000106905 0.000156794 -1.27451e-05 1.53453e-05 0.000144706 0.000206766 2.1576e-05 3.50396e-05 0.000138439 -1.75895e-05 -3.61652e-06 2.34623e-05 3.06577e-05 3.61004e-05 5.41272e-05 6.83398e-05 8.2601e-05 9.34177e-05 1.06122e-05 -7.24391e-07 1.07361e-05 3.0547e-05 -1.97656e-05 -2.00738e-05 -2.04319e-05 -2.06902e-05
internal_weight=14638 151 14487 3554 328 228 10933 1456 219 171 3226 2151 172 9477 1237 1979 1598 1358 727 550 413 357 514 1075 261 133 8963 8901 8779 8713
internal_count=14638 151 14487 3554 328 228 10933 1456 219 171 3226 2151 172 9477 1237 1979 1598 1358 727 550 413 357 514 1075 261 133 8963 8901 8779 8713
is_linear=0
shrinkage=0.05


Tree=2
num_leaves=31
num_cat=0
split_feature=133 90 103 75 14 2 101 103 133 112 133 14 112 90 122 92 168 30 91 174 134 19 54 9 126 142 133 50 141 134
split_gain=0.00331513 0.00465687 0.00187712 0.000796085 0.000914724 0.000421256 0.0043566 0.000363559 0.000356264 0.000665232 0.000293884 0.000277966 0.000249166 0.000202347 0.000152466 0.000208319 0.000177486 0.00029042 0.000105211 0.000104636 9.79624e-05 7.41423e-05 9.87994e-05 5.90044e-05 6.87389e-05 5.09662e-05 4.3821e-05 3.64827e-05 2.23256e-05 2.18869e-05
threshold=88.200000000000003 25.328571428571433 1074.7500000000002 6.6500000000000012 0.020547432000000001 0.0059917800000000012 -7.8651292000000117 1327.1000000000004 80.210000000000022 284.07840975000005 80.210000000000022 0.024988164500000003 278.93979140000005 22.051020408163271 14.500000000000002 8.4500000000000046 0.00011103510416666668 -1.267142857142858 18.650000000000002 58.500000000000007 17.455000000000002 -0.004302857142857143 0.015000000000000001 3.3623611111111114 22.500000000000004 678.83562997787612 84.075000000000017 1021.4500000000002 33.610000000000007 7.1250000000000009
decision_type=2 2 2 2 2 2 2 2 2 2 2 2 2 2 2 2 2 2 2 10 2 2 2 2 2 2 2 2 2 2
left_child=2 -2 3 4 14 7 -7 10 12 -10 23 -6 13 -5 15 -1 -17 -18 -15 20 21 -20 -23 -4 -25 -24 -9 -14 -29 -30
right_child=1 -3 5 8 11 6 -8 26 9 -11 -12 -13 27 18 -16 16 17 -19 19 -21 -22 22 25 24 -26 -27 -28 28 29 -31
leaf_value=0 0 0.0006247467657336601 -3.4229226906766301e-06 0 0.00035335543354449335 0.00046098538171686679 -7.2885329226072476e-06 -1.9832748342375188e-05 0 0.00019749496537388268 9.5301453194739468e-05 2.4806453387066503e-05 -8.6827722350783678e-06 0 0 0 0.00017663891511841465 0 0 0 0 0 9.6785638945005048e-05 7.3852350820164826e-05 0 0 0 0 0 2.5728427422085913e-05
leaf_weight=119 101 50 1653 371 50 52 544 8227 139 80 82 53 963 109 131 56 91 53 92 93 146 52 294 54 51 111 270 259 98 194
leaf_count=119 101 50 1653 371 50 52 544 8227 139 80 82 53 963 109 131 56 91 53 92 93 146 52 294 54 51 111 270 259 98 194
internal_value=6.46303e-07 0.000233164 -1.44807e-06 2.97145e-05 8.72583e-05 -1.20372e-05 2.58961e-05 -1.47103e-05 1.74197e-05 8.24694e-05 3.22318e-06 0.000234237 1.04746e-05 2.70457e-05 4.20852e-05 6.07237e-05 9.19863e-05 0.000121612 3.99625e-05 4.63788e-05 5.30496e-05 6.32977e-05 7.22228e-05 0 3.47677e-05 8.05765e-05 -1.9182e-05 -1.12416e-07 5.79689e-06 1.59311e-05
internal_weight=14638 151 14487 3554 553 10933 596 10337 3001 219 1840 103 2782 1268 450 319 200 144 897 788 695 549 457 1758 105 405 8497 1514 551 292
internal_count=14638 151 14487 3554 553 10933 596 10337 3001 219 1840 103 2782 1268 450 319 200 144 897 788 695 549 457 1758 105 405 8497 1514 551 292
is_linear=0
shrinkage=0.05


Tree=3
num_leaves=31
num_cat=0
split_feature=133 88 93 133 33 122 142 51 93 92 122 138 9 2 101 96 91 185 85 35 137 133 81 120 186 36 92 118 85 85
split_gain=0.0030261 0.00428257 0.00164999 0.00148272 0.00103091 0.000812244 0.000621912 0.000571981 0.000491584 0.000657323 0.000963386 0.00102878 0.000508098 0.000491211 0.00390679 9.07384e-05 0.000111766 4.90844e-05 4.66031e-05 3.60638e-05 3.39977e-05 3.54164e-05 3.28244e-05 4.20604e-05 4.17765e-05 4.26636e-05 3.01765e-05 2.79087e-05 3.31028e-05 2.06461e-05
threshold=88.200000000000003 32.112500000000011 267.14417930000008 79.980000000000004 -0.88832180263146499 17.500000000000004 816.03561965110396 4.5000000000000009 271.15961495000005 7.3500000000000023 3.5000000000000004 4.785000000000001 3.4161111111111118 0.0059917800000000012 -7.8651292000000117 41.312500000000007 27.350000000000005 0.00070986130449960294 278.52408990000009 279.89262935000005 18.300000000000004 82.02000000000001 20.750000000000004 272.09639610000005 -4.0888489964059443e-05 265.89346450000005 20.050000000000008 21.150000000000002 276.87651620000003 272.87376790000008
decision_type=2 2 2 2 2 2 2 2 2 2 2 2 2 2 2 2 2 10 2 2 2 2 2 2 8 2 2 2 2 2
left_child=2 -2 13 8 -5 6 7 -6 17 15 11 -11 19 18 -15 -10 29 26 20 22 21 -1 -12 -24 -25 -26 -4 -19 -29 -17
right_child=1 -3 3 4 5 -7 -8 -9 9 10 12 -13 -14 14 -16 16 -18 27 -20 -21 -22 -23 23 24 25 -27 -28 28 -30 -31
leaf_value=-1.961391396920503e-05 0 0.00052998822852252773 -1.1694797811007198e-05 0 5.2514449604542838e-05 0 0 0.00039737465864357092 -8.5423054614985981e-06 0.00032645259349855751 0 1.1482895836118532e-05 0.00018865841019545439 0.00043837097068322731 -7.1511700980807824e-06 8.227237650784003e-05 0 0 0 0 0 0 0 0 0 5.0595873786755251e-05 0 2.2746335458667018e-05 0 0
leaf_weight=7874 87 64 1316 116 61 86 53 79 780 70 144 101 54 52 455 73 235 319 250 322 56 318 115 71 61 296 315 336 425 54
leaf_count=7874 87 64 1316 116 61 86 53 79 780 70 144 101 54 52 455 73 235 319 250 322 56 318 115 71 61 296 315 336 425 54
internal_value=7.48204e-07 0.000222889 -1.23731e-06 2.00053e-05 0.000114712 0.000166778 0.000224972 0.000284013 1.16477e-05 2.8387e-05 5.36803e-05 0.000170636 3.00242e-05 -1.47252e-05 2.94739e-05 0 2.16315e-05 -1.18453e-06 -1.79537e-05 1.64055e-05 -1.86072e-05 -1.89464e-05 2.29379e-05 2.85705e-05 3.57798e-05 4.27296e-05 -8.00898e-06 4.49419e-06 1.09644e-05 5.92447e-05
internal_weight=14638 151 14487 5482 395 279 193 140 5087 2376 1234 171 1063 9005 507 1142 362 2711 8498 1009 8248 8192 687 543 428 357 1631 1080 761 127
internal_count=14638 151 14487 5482 395 279 193 140 5087 2376 1234 171 1063 9005 507 1142 362 2711 8498 1009 8248 8192 687 543 428 357 1631 1080 761 127
is_linear=0
shrinkage=0.05


Tree=4
num_leaves=31
num_cat=0
split_feature=133 90 103 75 171 137 22 124 18 88 90 116 173 93 137 49 17 50 49 24 187 160 96 116 120 29 141 137 186 133
split_gain=0.00272774 0.00389534 0.00161222 0.000692715 0.000562661 0.000499638 0.0014072 0.00452717 0.000339688 0.000333923 0.000314401 0.000280298 0.000319123 0.00020343 0.000185155 0.000108036 0.000115318 6.42049e-05 6.4096e-05 5.8726e-05 6.15891e-05 4.26942e-05 4.67076e-05 5.88637e-05 3.26786e-05 4.60508e-05 2.9793e-05 2.94839e-05 2.81815e-05 2.3389e-05
threshold=88.200000000000003 25.328571428571433 1074.7500000000002 7.1500000000000012 -0.027894394999999985 0.055000000000000007 1.0000000180025095e-35 -0.60355339059327384 0.002954166666666667 39.587500000000013 22.051020408163271 279.68645060000006 39.500000000000007 270.21090700000008 1.0000000180025095e-35 988.35000000000002 0.012300000000000002 1026.0500000000002 996.25000000000011 43.550000000000004 0.62900280298671241 0.13163265306122454 42.625000000000007 292.40005130000003 268.58493120000009 29.750000000000004 28.120000000000001 18.300000000000004 0.0022346391979782567 1.5900000000000001
decision_type=2 2 2 2 2 2 2 2 2 2 2 2 10 2 2 2 2 2 2 2 2 2 2 2 2 2 2 2 10 2
left_child=2 -2 3 4 -1 6 7 -4 17 -8 -10 -6 15 27 -12 -13 -17 26 19 -16 24 -15 -23 -24 -21 -26 -5 28 29 -7
right_child=1 -3 5 8 11 13 9 -9 10 -11 14 12 -14 21 18 16 -18 -19 -20 20 -22 22 23 -25 25 -27 -28 -29 -30 -31
leaf_value=0.0002419637210128243 0 0.00056970088310110583 0.00053465616880100052 0 0 0 -1.0292543635397342e-05 0 0 9.7131032284717843e-05 0.00015007614993533337 0 0.00014213728200901057 0 0 0 0.00010036427384102352 2.9749499190749374e-05 0 0 0 0 6.4989045938155607e-05 0 0 5.9385573137986196e-05 -1.0019265477347706e-05 0 0 -1.8214258325769591e-05
leaf_weight=61 101 50 52 300 164 66 1200 130 309 74 72 149 145 189 62 149 79 141 73 59 171 131 98 96 58 474 1088 62 122 8713
leaf_count=61 101 50 52 300 164 66 1200 130 309 74 72 149 145 189 62 149 79 141 73 59 171 131 98 96 58 474 1088 62 122 8713
internal_value=8.35684e-07 0.000211731 -1.03185e-06 2.78298e-05 7.24086e-05 -1.08729e-05 1.46922e-05 0.000144716 1.41643e-05 -6.00137e-08 3.32332e-05 4.97233e-05 6.77314e-05 -1.53293e-05 4.76087e-05 2.55859e-05 4.75396e-05 0 3.36579e-05 3.778e-05 4.16621e-05 9.60079e-06 2.17491e-05 3.72775e-05 4.99718e-05 5.41007e-05 -5.00809e-06 -1.73177e-05 -1.76145e-05 -1.79612e-05
internal_weight=14638 151 14487 3554 747 10933 1456 182 2807 1274 1278 686 522 9477 969 377 228 1529 897 824 762 514 325 194 591 532 1388 8963 8901 8779
internal_count=14638 151 14487 3554 747 10933 1456 182 2807 1274 1278 686 522 9477 969 377 228 1529 897 824 762 514 325 194 591 532 1388 8963 8901 8779
is_linear=0
shrinkage=0.05


Tree=5
num_leaves=31
num_cat=0
split_feature=103 140 42 75 96 116 137 101 81 80 35 35 90 103 176 189 177 122 89 30 16 103 165 3 138 93 120 176 95 92
split_gain=0.00197364 0.00170565 0.00243888 0.00070317 0.00100333 0.0005786 0.000523934 0.00156093 0.00316029 0.000332533 0.000156961 0.00015232 0.000134201 0.00029533 0.00018755 0.000129809 0.00014387 0.000115367 0.000135712 0.000155643 0.00011409 0.000152137 0.000151157 0.000321972 0.000155184 5.73531e-05 4.95093e-05 5.85555e-05 5.17886e-05 3.89505e-05
threshold=1289.1500000000003 75.820000000000007 1.155 6.6500000000000012 42.837500000000013 287.04833890000003 0.055000000000000007 -8.2842028499999838 34.150000000000013 35.312500000000007 283.33428810000004 281.34104225000004 21.858163265306128 1031.8500000000001 10.500000000000002 44.050000000000004 4.991686956521732e-07 14.500000000000002 41.750000000000007 -0.88285714285714323 1.6700000000000002 712.70000000000016 0.016571224916666672 0.0025226355000000007 5.3600000000000003 274.09852745000006 271.51745795000005 18.500000000000004 9.5000000000000018 21.150000000000006
decision_type=2 2 2 2 2 2 2 2 2 2 2 2 2 2 8 10 2 2 2 2 2 2 2 2 2 2 2 10 2 2
left_child=1 3 5 4 17 -3 7 8 -2 -9 -7 12 -5 14 -14 16 -16 18 19 25 21 -18 23 -23 -25 -1 -15 28 -28 -13
right_child=6 2 -4 11 -6 10 -8 9 -10 -11 -12 29 13 26 15 -17 20 -19 -20 -21 -22 22 -24 24 -26 -27 27 -29 -30 -31
leaf_value=0 0.00048224271190030359 0 0.00043817305782522462 0 0.00022857179904607811 0.00020959271988849941 -1.756658835047877e-05 -1.1780729920912301e-05 0 8.7076940776266085e-05 0 -9.6733800972465227e-06 0 -4.6712843127192966e-07 0 0 0 0 0 0 0 2.1080617276104073e-05 1.677480565425652e-05 0.00027477671988890512 1.0059264814276898e-05 0.00013878354365042008 5.4137725806174087e-05 0 0 7.1378592280446943e-06
leaf_weight=67 51 192 59 613 94 62 8031 1072 88 89 51 1046 264 1027 53 164 61 159 109 51 177 135 185 66 56 78 136 227 52 201
leaf_count=67 51 192 59 613 94 62 8031 1072 88 89 51 1046 264 1027 53 164 61 159 109 51 177 135 185 66 56 78 136 227 52 201
internal_value=1.05069e-06 2.54614e-05 0.000131911 1.6724e-05 7.09806e-05 5.50885e-05 -1.25024e-05 1.4929e-05 0.000173046 0 0.000144342 8.80591e-06 1.49194e-05 2.00955e-05 3.92241e-05 5.01296e-05 5.93008e-05 2.78792e-05 4.60831e-05 7.08584e-05 6.57147e-05 8.00058e-05 9.02269e-05 0.000123451 0.000194987 9.71592e-05 1.21293e-06 1.73809e-05 3.79404e-05 -2.95367e-06
internal_weight=14716 5385 364 5021 558 305 9331 1300 139 1161 113 4463 3216 2603 1161 897 733 464 305 196 680 503 442 257 122 145 1442 415 188 1247
internal_count=14716 5385 364 5021 558 305 9331 1300 139 1161 113 4463 3216 2603 1161 897 733 464 305 196 680 503 442 257 122 145 1442 415 188 1247
is_linear=0
shrinkage=0.05


Tree=6
num_leaves=31
num_cat=0
split_feature=133 86 93 133 33 28 124 89 165 67 2 101 50 135 89 100 140 21 176 135 189 128 85 92 137 133 17 184 105 108
split_gain=0.00207272 0.00320436 0.00135933 0.00121409 0.000891245 0.000697841 0.000782786 0.000441148 0.000465326 0.000705036 0.000417477 0.00336975 0.000176702 0.000143222 0.000123207 0.00020742 8.14944e-05 8.64646e-05 0.000207051 0.00013378 0.000144355 0.000225237 7.04732e-05 4.5518e-05 2.09198e-05 1.67817e-05 1.20364e-05 1.11803e-05 1.08578e-05 1.54681e-05
threshold=88.200000000000003 6.5000000000000009 267.14417930000008 79.980000000000004 -0.90254955239148527 27.700000000000003 -0.5 55.050000000000004 0.099558759562500002 7.0500000000000007 0.0059917800000000012 -8.2842028499999838 1027.1500000000003 29.415000000000003 37.550000000000004 3.7500000000000004 5.6100000000000003 0.46527777777777785 58.500000000000007 21.340000000000003 44.050000000000004 10.770903114643311 277.69687075000007 17.650000000000009 18.300000000000004 82.02000000000001 0.040300000000000009 3.7500000000000022 14.500000000000002 281.40628095000005
decision_type=2 2 2 2 2 2 2 2 2 2 2 2 2 2 2 2 2 2 10 2 8 2 2 2 2 2 2 2 2 2
left_child=2 -2 10 7 -5 6 -6 8 12 -10 22 -12 14 -14 23 28 -17 26 19 -19 21 -21 24 -4 25 27 -18 -1 29 -16
right_child=1 -3 3 4 5 -7 -8 -9 9 -11 11 -13 13 -15 15 16 17 18 -20 20 -22 -23 -24 -25 -26 -27 -28 -29 -30 -31
leaf_value=0 0 0.00049458914132426601 -1.4348280379451666e-05 0 0.00035486578364938187 0 6.8765148105885598e-05 0.00012423862193070438 0.00023170608189795563 0 0.00040767149144194955 -5.2120619495016751e-06 0 0.00010874927925731362 7.5733619018193273e-06 0 0 0 0 0.00017530523509505774 0 0 0 0 0 0 1.1134337454959991e-05 -1.7750050539353187e-05 -5.7313933429607519e-06 0
leaf_weight=203 96 53 1203 114 76 95 124 90 58 115 52 457 159 73 678 101 213 113 153 93 84 50 321 394 56 327 260 7624 817 464
leaf_count=203 96 53 1203 114 76 95 124 90 58 115 52 457 159 73 678 101 213 113 153 93 84 50 321 394 56 327 260 7624 817 464
internal_value=1.14363e-06 0.000186163 -4.18287e-07 1.87534e-05 0.000103098 0.000149165 0.000203584 1.10175e-05 7.97232e-06 8.98589e-05 -1.26936e-05 2.78813e-05 4.00687e-06 4.71095e-05 7.52776e-07 7.63735e-06 2.55119e-05 3.04881e-05 4.74607e-05 6.91458e-05 9.28312e-05 0.000127086 -1.57035e-05 -9.15983e-06 -1.66642e-05 -1.6912e-05 2.18647e-06 -1.74162e-05 0 4.89826e-07
internal_weight=14716 149 14567 5527 409 295 200 5118 5028 173 9040 509 4855 232 4623 3026 1067 966 493 340 227 143 8531 1597 8210 8154 473 7827 1959 1142
internal_count=14716 149 14567 5527 409 295 200 5118 5028 173 9040 509 4855 232 4623 3026 1067 966 493 340 227 143 8531 1597 8210 8154 473 7827 1959 1142
is_linear=0
shrinkage=0.05


Tree=7
num_leaves=31
num_cat=0
split_feature=133 86 103 75 96 137 187 53 54 185 133 112 103 81 91 164 164 112 90 141 189 91 174 18 19 126 116 77 137 12
split_gain=0.00188054 0.00288911 0.00142761 0.00087135 0.000921542 0.000405873 0.00146418 0.00289458 0.000411401 0.000232847 0.000232781 0.000660659 0.000416412 0.000220052 0.000223605 0.000197463 0.000225936 0.000166107 0.000141947 6.89586e-05 7.27064e-05 8.82658e-05 9.33332e-05 0.000156554 7.79543e-05 6.24292e-05 2.88129e-05 2.04939e-05 1.94035e-05 1.65313e-05
threshold=88.200000000000003 6.5000000000000009 1133.2500000000002 6.6500000000000012 42.837500000000013 0.055000000000000007 0.63832623392839738 63.500000000000007 0.34500000000000003 0.00072090837946844346 80.210000000000022 284.07840975000005 977.70000000000027 34.350000000000001 16.650000000000002 0.53472222222222232 0.39583333333333343 279.45212970000006 21.858163265306128 25.350000000000005 44.550000000000004 18.650000000000002 55.500000000000007 0.011572916666666667 7.142857142857142e-05 26.500000000000004 285.19169210000007 289.58432370000008 18.300000000000004 0.12129045050000002
decision_type=2 2 2 2 2 2 2 2 2 8 2 2 2 2 2 2 2 2 2 2 10 2 10 2 2 2 2 2 2 2
left_child=2 -2 3 4 9 6 8 -8 27 -1 17 -12 -13 14 -11 16 -16 18 -5 -20 21 -21 23 24 -23 -7 -19 -4 29 -27
right_child=1 -3 5 10 -6 25 7 -9 -10 13 11 12 -14 -15 15 -17 -18 26 19 20 -22 22 -24 -25 -26 28 -28 -29 -30 -31
leaf_value=0 0 0.00047031764593190967 -1.2897109670848632e-05 0 0.00025761229348592935 0 0 0.00046720159204685885 0.00010605207173648524 0 0 0.00026611787489112153 0 0 0 0 0.00022855352587375572 -1.0341345793511671e-05 0 0 0 0.00010560293942641389 0 1.2532391008485099e-05 0 -1.6125167186587934e-05 2.5844985672821741e-07 0 0 0
leaf_weight=201 96 53 1081 397 78 547 70 50 79 56 146 51 50 71 51 65 72 696 404 139 108 206 82 348 56 8314 846 86 55 162
leaf_count=201 96 53 1081 397 78 547 70 50 79 56 146 51 50 71 51 65 72 696 404 139 108 206 82 348 56 8314 846 86 55 162
internal_value=1.21107e-06 0.000177425 -2.60187e-07 2.42904e-05 8.20169e-05 -1.04322e-05 1.31185e-05 0.000179432 0 4.53553e-05 1.3137e-05 6.31785e-05 0.000160927 7.21645e-05 9.46696e-05 0.000120729 0.000161855 7.82988e-06 1.87792e-05 2.68489e-05 3.48437e-05 3.98767e-05 4.71966e-05 5.39291e-05 8.9646e-05 -1.45277e-05 -1.28905e-06 -1.04987e-05 -1.55846e-05 -1.5817e-05
internal_weight=14716 149 14567 4123 594 10444 1366 120 1246 516 3529 247 101 315 244 188 123 3282 1740 1343 939 831 692 610 262 9078 1542 1167 8531 8476
internal_count=14716 149 14567 4123 594 10444 1366 120 1246 516 3529 247 101 315 244 188 123 3282 1740 1343 939 831 692 610 262 9078 1542 1167 8531 8476
is_linear=0
shrinkage=0.05


Tree=8
num_leaves=31
num_cat=0
split_feature=133 156 103 137 112 81 18 22 101 112 29 137 89 85 133 171 24 44 141 15 50 135 92 18 24 137 110 116 128 103
split_gain=0.00170634 0.00260444 0.00131459 0.000407661 0.000633941 0.000815133 0.000430356 0.000382799 0.00333003 0.000306116 0.000682854 0.000143107 0.000159853 0.000140866 9.75587e-05 9.21878e-05 0.000122123 7.41164e-05 9.41507e-05 3.03814e-05 2.52512e-05 2.39579e-05 3.28196e-05 3.66201e-05 2.32542e-05 1.76518e-05 1.56076e-05 1.52718e-05 1.40859e-05 1.84988e-05
threshold=88.200000000000003 0.26000000000000006 1133.2500000000002 1.0000000180025095e-35 283.25100535000007 32.850000000000001 0.063537500000000011 1.0000000180025095e-35 -8.2842028499999838 276.74944795000005 24.050000000000004 2.6550000000000007 47.95000000000001 271.58490790000008 84.075000000000017 -0.0015670139999999998 47.050000000000004 942.50000000000011 36.930000000000007 0.00023854166666666669 1016.1500000000002 29.415000000000003 8.6500000000000039 2.2916666666666667e-05 53.20000000000001 1.0000000180025095e-35 31.150000000000002 293.15850830000005 9.9638297638160189 947.05000000000018
decision_type=2 2 2 2 2 2 2 2 2 2 2 2 2 2 2 2 2 2 2 2 2 2 2 2 2 2 2 2 2 2
left_child=2 -2 3 4 -1 -6 9 8 -4 10 -5 28 24 25 19 16 17 18 -11 -15 -17 -22 -23 -24 -13 -9 -10 -25 -12 -30
right_child=1 -3 7 6 5 -7 -8 13 26 15 11 12 -14 14 -16 20 -18 -19 -20 -21 21 22 23 27 -26 -27 -28 -29 29 -31
leaf_value=0 0 0.00044723724410249377 0.00041404991766053268 0.00018581836345949769 0 0.00029631623393868269 0.00013213120873763767 0 -9.9368942821557142e-06 8.1452820562033691e-05 0 2.3659578122464199e-05 0.00013646529379315563 -9.9841145616497662e-06 6.5709469037481642e-05 -1.0689308914844004e-05 0 0 0 0 -1.599542016205774e-06 0 0 3.6456198521291255e-05 0 -1.6186319337792233e-05 0 0 0 2.2851493979720916e-05
leaf_weight=78 96 53 50 80 72 63 91 318 397 147 243 157 60 912 52 563 626 63 56 1117 732 210 64 202 127 7455 143 72 262 155
leaf_count=78 96 53 50 80 72 63 91 318 397 147 243 157 60 912 52 563 626 63 56 1117 732 210 64 202 127 7455 143 72 262 155
internal_value=1.2861e-06 0.000169116 -9.88405e-08 2.34508e-05 9.65945e-05 0.000162281 1.81641e-05 -9.87562e-06 2.66112e-05 1.41057e-05 3.71641e-05 2.01709e-05 4.71404e-05 -1.25701e-05 0 3.12886e-06 1.69294e-05 4.58481e-05 6.04938e-05 -2.72344e-06 -8.44586e-07 0 1.02802e-05 2.03269e-05 1.03125e-05 -1.56717e-05 -7.19626e-07 2.90215e-05 0 9.17856e-06
internal_weight=14716 149 14567 4123 213 135 3910 10444 590 3819 1084 1004 344 9854 2081 2735 892 266 203 2029 1843 1280 548 338 284 7773 540 274 660 417
internal_count=14716 149 14567 4123 213 135 3910 10444 590 3819 1084 1004 344 9854 2081 2735 892 266 203 2029 1843 1280 548 338 284 7773 540 274 660 417
is_linear=0
shrinkage=0.05


Tree=9
num_leaves=31
num_cat=0
split_feature=133 99 103 88 120 164 128 175 29 131 131 42 133 185 15 122 180 24 16 85 69 165 104 21 189 99 131 73 105 81
split_gain=0.00154901 0.00240153 0.00120518 0.000391015 0.000496189 0.000469115 0.00116107 0.00159809 0.000394851 0.000347319 0.0032272 0.000428331 0.000310253 0.000221153 0.0002837 0.000192623 0.000178044 0.000143954 8.94121e-05 6.37911e-05 3.46583e-05 2.52719e-05 2.48013e-05 1.76021e-05 1.55518e-05 2.86906e-05 2.88881e-05 1.3707e-05 1.23503e-05 1.0279e-05
threshold=88.200000000000003 -0.64999999999997715 1133.2500000000002 30.737500000000008 286.89331730000009 0.3263888888888889 9.5328200594442709 20.500000000000004 29.350000000000005 33.15434016127945 32.789184554052362 0.97500000000000009 26.335000000000004 0.00044302703842325381 0.0011750000000000005 13.500000000000002 0.28472222222222227 48.350000000000001 4.4350000000000014 271.58490790000008 282.08791840000009 0.0047349198333333335 2.5500000000000012 0.35416666666666669 31.550000000000004 -1.5999999999999657 113.51367412975763 14.250000000000002 6.5000000000000009 40.45000000000001
decision_type=2 2 2 2 2 2 2 10 2 2 2 2 2 8 2 2 2 2 2 2 2 2 2 2 10 2 2 2 2 2
left_child=2 -2 3 4 5 -1 7 8 -7 10 11 23 -8 -14 15 -15 21 18 20 28 -18 22 27 -4 -23 -26 29 -5 -11 -27
right_child=1 -3 9 16 -6 6 12 -9 -10 19 -12 -13 13 14 -16 -17 17 -19 -20 -21 -22 24 -24 -25 25 26 -28 -29 -30 -31
leaf_value=0 0.00043638309256213974 0 0 0 0 0.00019311850917270486 0 0.00042843169861433647 0 0 0.00038875026054765018 0.00011931232571189936 0 0.00013042364161628504 0 0 0.00011903450931330133 0 0 -1.6645616768314584e-06 0 0 0 -1.4322001303038895e-05 0 0 0 -1.2815068119575415e-05 -1.549970826798967e-05 5.179127907511605e-05
leaf_weight=406 51 98 118 120 474 53 377 55 149 140 54 64 143 208 97 51 81 230 84 1976 53 200 164 923 90 54 68 884 7169 82
leaf_count=406 51 98 118 120 474 53 377 55 149 140 54 64 143 208 97 51 81 230 84 1976 53 200 164 923 90 54 68 884 7169 82
internal_value=1.3294e-06 0.000161215 0 2.25639e-05 3.87905e-05 5.26625e-05 6.92854e-05 0.000168332 7.11202e-05 -9.35096e-06 1.45021e-05 0 3.43673e-05 6.01908e-05 8.13808e-05 0.000108727 4.70357e-06 3.30961e-05 6.23622e-05 -1.28681e-05 8.9245e-05 0 -6.47885e-06 -1.18178e-05 5.33909e-06 1.34025e-05 2.46652e-05 -1.05128e-05 -1.52124e-05 3.79143e-05
internal_weight=14716 149 14567 4123 2013 1539 1133 257 202 10444 1159 1105 876 499 356 259 2110 448 218 9285 134 1662 1168 1041 494 294 204 1004 7309 136
internal_count=14716 149 14567 4123 2013 1539 1133 257 202 10444 1159 1105 876 499 356 259 2110 448 218 9285 134 1662 1168 1041 494 294 204 1004 7309 136
is_linear=0
shrinkage=0.05


Tree=10
num_leaves=31
num_cat=0
split_feature=133 86 93 75 137 124 2 122 128 164 88 50 133 137 85 59 99 96 126 179 180 12 50 11 138 184 185 44 177 102
split_gain=0.00121687 0.00202801 0.000836941 0.000561351 0.000434196 0.00119055 0.00337109 0.000430071 0.000773924 0.00114153 0.000276909 0.000174638 0.000185081 0.000152689 0.000112453 9.27267e-05 6.37694e-05 5.64898e-05 4.67e-05 4.37948e-05 3.3337e-05 1.97753e-05 1.9468e-05 1.67765e-05 1.50255e-05 3.52432e-05 1.53765e-05 1.13973e-05 1.12753e-05 1.08082e-05
threshold=88.200000000000003 5.5000000000000009 271.15961495000005 8.3500000000000032 0.055000000000000007 -0.9159756150367534 0.00042908450000000005 11.500000000000002 9.293439940087163 0.3263888888888889 38.687500000000007 1023.6500000000002 26.335000000000004 2.6550000000000007 274.80496440000007 6.8209500000000007 -1.8500000000000225 41.312500000000007 40.500000000000007 2.8500596340768512e-06 0.29861111111111122 0.09273153100000002 1022.6500000000002 0.0022772157361111113 3.0350000000000006 237.35000000000002 0.00072090837946844346 2372.5000000000005 4.5097113043478279e-06 -4.1499999999999986
decision_type=2 2 2 2 2 2 2 2 2 2 2 2 2 2 2 2 2 2 2 10 2 2 2 2 2 2 10 2 2 2
left_child=2 -2 4 7 5 6 -1 8 9 -4 18 -10 -13 22 19 -15 -12 -17 20 21 -7 27 -5 -9 25 -16 28 -6 -26 -20
right_child=1 -3 3 13 14 10 -8 23 11 -11 16 12 -14 15 24 17 -18 -19 29 -21 -22 -23 -24 -25 26 -27 -28 -29 -30 -31
leaf_value=0 0 0.00037041628041691385 0 -7.1468170506346866e-06 -1.5068625452746541e-05 0 0.00047650859208803154 0 0 0.00029835299745479323 0.00012308759246085208 0 0.00013110823077268629 0 3.7990243715712386e-05 0 0 8.8402257151895411e-05 0 0 3.0098448798288818e-05 0 1.8577387687345538e-06 1.8573839742683884e-05 0 0 0 0 -9.1346516331478718e-06 -1.4115964476384738e-05
leaf_weight=141 98 58 75 941 7635 213 51 288 254 94 52 59 70 118 82 58 53 97 73 236 91 326 385 133 127 82 860 67 868 965
leaf_count=141 98 58 75 941 7635 213 51 288 254 94 52 59 70 118 82 58 53 97 73 236 91 326 385 133 127 82 860 67 868 965
internal_value=7.52308e-08 0.000138814 -1.08255e-06 2.43572e-05 -6.99174e-06 1.56765e-05 0.000132325 5.47347e-05 8.49304e-05 0.000181538 0 2.89192e-05 7.63465e-05 2.72467e-06 -1.10922e-05 3.78638e-05 7.79184e-05 6.32781e-05 -6.02285e-06 -1.36787e-05 7.56606e-08 -1.43612e-05 -7.65045e-07 3.18735e-06 0 1.3857e-05 -1.78012e-06 -1.48792e-05 -6.67088e-06 -1.26196e-05
internal_weight=14650 156 14494 2572 11922 1639 192 973 552 169 1447 383 129 1599 10283 273 105 155 1342 8264 304 8028 1326 421 2019 164 1855 7702 995 1038
internal_count=14650 156 14494 2572 11922 1639 192 973 552 169 1447 383 129 1599 10283 273 105 155 1342 8264 304 8028 1326 421 2019 164 1855 7702 995 1038
is_linear=0
shrinkage=0.05


Tree=11
num_leaves=31
num_cat=0
split_feature=133 86 103 133 112 102 124 22 100 120 92 129 83 137 164 164 85 16 28 28 92 164 112 92 133 171 35 189 35 91
split_gain=0.00109805 0.00183386 0.000834884 0.000523933 0.000665272 0.000551101 0.000264018 0.00230279 0.000233642 0.000381574 0.0002257 0.000314982 0.000290266 0.00028181 0.00048552 0.000350829 0.000108623 5.35481e-05 6.89216e-05 0.000110205 0.000111754 2.09179e-05 1.80257e-05 4.19579e-05 2.77921e-05 4.69607e-05 3.7229e-05 3.09626e-05 2.71221e-05 2.07004e-05
threshold=88.200000000000003 5.5000000000000009 1133.2500000000002 80.210000000000022 283.04490645000004 0.19999999999999954 -0.9159756150367534 1.0000000180025095e-35 3.4000000000000346 285.88349985000008 7.3500000000000023 1.5000000000000002 16.550000000000004 3.1100000000000008 0.3263888888888889 0.50694444444444453 271.62912545000006 0.94500000000000006 27.400000000000002 21.250000000000004 12.750000000000002 0.56250000000000011 284.28257030000003 9.8500000000000032 12.020000000000001 0.00048772150000000325 283.12507855000007 39.900000000000006 275.15610765000002 18.650000000000002
decision_type=2 2 2 2 2 2 2 2 2 2 2 2 2 2 2 2 2 2 2 2 2 2 2 2 2 2 2 10 2 2
left_child=2 -2 3 8 -5 -6 7 -4 22 10 21 -12 13 14 -13 -16 -8 -18 19 -19 -21 -10 23 -1 -25 26 27 28 -26 -30
right_child=1 -3 6 4 5 -7 16 -9 9 -11 11 12 -14 -15 15 -17 17 18 -20 20 -22 -23 -24 24 25 -27 -28 -29 29 -31
leaf_value=-1.7231101755824116e-06 0 0.00035220937203552763 0.00028615120163547346 0 0 0.00026323045779790845 -1.4744246663334906e-05 -1.6843237391683861e-06 0 0 0 0 0 0 0.00029683981007011453 0 -7.8359268582539638e-06 0 0 0 0.00010706145590212555 2.2107365527696185e-05 -7.2679873920983004e-06 0 0 0 0 0 0 4.7853064037910273e-05
leaf_weight=562 98 58 71 165 82 74 7267 1220 231 715 160 89 157 72 77 51 1142 63 543 50 68 106 607 192 70 133 125 69 75 258
leaf_count=562 98 58 71 165 82 74 7267 1220 231 715 160 89 157 72 77 51 1142 63 543 50 68 106 607 192 70 133 125 69 75 258
internal_value=1.99116e-07 0.000131972 -8.83221e-07 1.79253e-05 8.18239e-05 0.000155965 -8.70755e-06 1.04848e-05 1.11004e-05 2.51119e-05 4.60301e-05 6.49973e-05 8.65938e-05 0.000118576 0.000148107 0.00021559 -1.19687e-05 0 9.3726e-06 3.60092e-05 6.55618e-05 0 0 2.95277e-06 1.12188e-05 1.59364e-05 2.25117e-05 2.89391e-05 3.42361e-05 4.02588e-05
internal_weight=14650 156 14494 4070 321 156 10424 1291 3749 1658 943 606 446 289 217 128 9133 1866 724 181 118 337 2091 1484 922 730 597 472 403 333
internal_count=14650 156 14494 4070 321 156 10424 1291 3749 1658 943 606 446 289 217 128 9133 1866 724 181 118 337 2091 1484 922 730 597 472 403 333
is_linear=0
shrinkage=0.05


Tree=12
num_leaves=31
num_cat=0
split_feature=133 99 103 133 112 102 124 22 77 49 75 138 137 5 85 49 49 167 171 116 15 28 28 186 91 44 103 136 185 177
split_gain=0.000991426 0.00172115 0.000769026 0.000483726 0.000608743 0.000470883 0.000236572 0.00208324 0.000217981 0.000187654 0.000512421 0.000412171 0.000127675 0.000103133 9.80057e-05 7.64786e-05 7.39259e-05 9.85237e-05 7.00013e-05 4.49066e-05 4.05773e-05 6.43648e-05 0.000142917 7.31674e-05 1.81608e-05 2.69679e-05 3.28874e-05 1.38779e-05 1.02211e-05 9.90245e-06
threshold=88.200000000000003 -0.64999999999997715 1133.2500000000002 80.210000000000022 283.04490645000004 0.09999999999999977 -0.9159756150367534 1.0000000180025095e-35 275.55836775000006 992.05000000000007 7.1500000000000012 4.8100000000000014 2.7100000000000004 13.425000000000002 271.78212965000006 981.95000000000016 987.35000000000002 0.0011220117500000003 -0.0097769094999999983 286.26938360000008 0.00038020833333333336 27.400000000000002 21.250000000000004 2.1428132858591552e-05 19.750000000000004 952.50000000000011 995.55000000000018 1.0350000000000004 0.0008807361500103374 -9.9814117391304407e-06
decision_type=2 2 2 2 2 2 2 2 2 2 2 2 2 2 2 2 2 2 2 2 2 2 2 10 2 2 2 2 8 2
left_child=2 -2 3 8 -5 -6 7 -4 9 12 11 -11 -1 19 29 -15 17 -14 -19 -10 -16 22 -22 -24 25 26 27 -21 -9 -8
right_child=1 -3 6 4 5 -7 14 28 13 10 -12 -13 16 15 20 -17 -18 18 -20 24 21 -23 23 -25 -26 -27 -28 -29 -30 -31
leaf_value=0 0.0003644583553500079 0 0.00027204236652911127 0 0 0.00024702025068203419 0 -5.9911576486012748e-06 -1.111994315309588e-05 0.00024896033869743533 3.7852609333500402e-07 0 0 0 -7.6164135866000936e-06 6.350134134171382e-05 0 0 0.00012832709722128893 4.1392933098029093e-05 0 0 0.00012080332087398526 0 0 0 0 0 0 -1.4159839525949252e-05
leaf_weight=768 50 106 71 165 80 76 78 798 971 58 259 55 134 84 1004 108 59 57 61 134 114 597 50 53 772 96 59 74 422 7237
leaf_count=768 50 106 71 165 80 76 78 798 971 58 259 55 134 84 1004 108 59 57 61 134 114 597 50 53 772 96 59 74 422 7237
internal_value=2.62182e-07 0.000125466 -7.49009e-07 1.7291e-05 7.87992e-05 0.000149761 -8.27324e-06 9.77805e-06 1.06715e-05 2.58733e-05 6.00592e-05 0.000151787 9.41291e-06 0 -1.13731e-05 3.58709e-05 3.64656e-05 4.8686e-05 8.43165e-05 -2.12284e-06 0 7.27577e-06 3.05947e-05 7.34681e-05 1.17585e-06 1.13598e-05 2.066e-05 3.06712e-05 -1.60018e-06 -1.39635e-05
internal_weight=14650 156 14494 4070 321 156 10424 1291 3749 1451 372 113 1079 2298 9133 192 311 252 118 2106 1818 814 217 103 1135 363 267 208 1220 7315
internal_count=14650 156 14494 4070 321 156 10424 1291 3749 1451 372 113 1079 2298 9133 192 311 252 118 2106 1818 814 217 103 1135 363 267 208 1220 7315
is_linear=0
shrinkage=0.05


Tree=13
num_leaves=31
num_cat=0
split_feature=133 112 120 28 119 107 93 160 77 112 2 76 21 49 21 126 96 91 85 142 41 116 136 50 77 54 41 49 16 35
split_gain=0.00090146 0.00190435 0.00164553 0.00138798 0.00109743 0.000518146 0.000514094 0.000318418 0.000231033 0.000236283 0.000230071 0.00273089 0.00020943 0.000320997 0.000586425 9.32872e-05 7.59678e-05 0.000119075 5.25051e-05 5.07761e-05 5.50978e-05 6.76099e-05 8.00663e-05 3.9634e-05 3.02699e-05 1.90663e-05 1.90453e-05 2.06953e-05 2.06118e-05 3.71281e-05
threshold=80.210000000000022 280.29760325000007 268.07400165000007 27.700000000000003 10.950000000000001 5.5500000000000007 271.15961495000005 0.14795918367346941 275.55836775000006 278.44344960000006 0.0059917800000000012 3.6500000000000008 0.72916666666666685 992.45000000000016 0.50694444444444453 27.500000000000004 41.312500000000007 27.750000000000004 273.20296795000007 324.71779607299521 29.500000000000004 287.67292805000005 0.96500000000000008 1027.8500000000001 286.32691830000005 0.43500000000000005 41.500000000000007 983.95000000000016 2.2800000000000007 279.17199365000005
decision_type=2 2 2 2 2 2 2 2 2 2 2 2 2 2 2 2 2 2 2 2 2 2 2 2 2 2 2 2 2 2
left_child=6 -2 24 4 5 -4 10 16 9 12 15 -12 13 -9 -15 26 -8 18 -18 -10 -21 -22 -23 25 -3 -17 28 -28 29 -1
right_child=1 2 3 -5 -6 -7 7 8 19 -11 11 -13 -14 14 -16 23 17 -19 -20 20 21 22 -24 -25 -26 -27 27 -29 -30 -31
leaf_value=0 -6.8966294022598103e-06 0 7.4455923835180249e-05 0 0 0.00044968969189882011 -1.0227683200642905e-05 2.7802947109435359e-05 0 0 -1.1213851290977173e-05 0.00034855003191955022 0 0 0.0003048549999686912 -1.2314996347707508e-05 7.6456981387309499e-05 0 0 0 0 7.2011287638693272e-05 0 0 3.3359601311865525e-05 0 2.295154248571835e-06 -7.9452082051719271e-06 0 3.6887902548858249e-05
leaf_weight=81 643 158 52 89 52 89 774 195 279 153 385 57 62 57 56 8933 91 243 53 119 99 129 71 89 67 177 397 787 73 140
leaf_count=81 643 158 52 89 52 89 774 195 279 153 385 57 62 57 56 8933 91 243 53 119 99 129 71 89 67 177 397 787 73 140
internal_value=3.59711e-07 4.31266e-05 0.000116299 0.000197017 0.000272964 0.000348016 -2.91597e-06 1.75383e-05 3.5384e-05 6.27921e-05 -7.74683e-06 2.45764e-05 8.46232e-05 0.000101451 0.000183325 -9.55536e-06 0 1.67494e-05 5.29501e-05 7.59431e-06 1.99759e-05 3.18821e-05 4.85596e-05 -1.14596e-05 0 -1.19784e-05 0 -2.93125e-07 1.26908e-05 2.11218e-05
internal_weight=14650 1150 507 282 193 141 13500 2381 1220 523 11119 442 370 308 113 10677 1161 387 144 697 418 299 200 9199 225 9110 1478 1184 294 221
internal_count=14650 1150 507 282 193 141 13500 2381 1220 523 11119 442 370 308 113 10677 1161 387 144 697 418 299 200 9199 225 9110 1478 1184 294 221
is_linear=0
shrinkage=0.05


end of trees

feature_importances:
pct_forest=31
pct_wetland=17
cumul_gust_since_onset=16
t2m_at_t6h=12
min_t2m_next_24h=10
gust_mean_next_48h=10
wind_speed_max_next_48h=10
total_tp_next_48h=10
mslma_t=9
min_t2m_next_48h=9
t2m_at_t24h=8
t2m_t=7
sp_t=7
wind_speed_max_next_6h=7
t2m_at_t48h=7
R_nonzero_frac_obs=7
hours_since_peak=6
gust_last_obs=6
min_t2m_next_6h=6
gust_peak4h_mean_next_48h=6
hour_of_day=6
hours_since_obs=6
N_per_gust_excess_obs=6
gust_at_first_material_N_obs=6
last_N_t=5
frac_zero_72h=5
et0_t=5
gust_max_next_24h=5
gust_peak4h_mean_next_24h=5
gust_max_next_48h=5
temp_change_6h=5
hour_cos=5
P_change_per_gust_excess_obs=5
pre_event_max_outage_pct=4
storm_onset_mean_osi=4
osi_trend_last6h=4
gust_max_obs=4
gust_gt30_next_24h=4
pressure_change_3h=4
log_customers=4
pct_unmapped=4
tree_canopy_std=4
P_D_gap_last_obs=4
N_t_max_72h=3
pre_event_mean_osi=3
gust_max_last6h_obs=3
wind_sin_t=3
blh_t=3
pressure_change_6h=3
wind_change_1h=3
pop_density=3
pct_developed=3
pct_agriculture=3
tree_canopy_pct=3
forest_x_customers=3
P_mean_last24_obs=3
first_material_R_hour_obs=3
P_trend_last24_obs=3
gust_to_N_best_corr_obs=3
outage_pct_mean_72h=2
R_t_max_72h=2
storm_onset_max_osi=2
gust_trend_last6h_obs=2
d2m_t=2
r2_t=2
vpd_t=2
gust_gt30_since_onset=2
gust_at_t48h=2
wind_speed_at_t48h=2
rural_urban_code=2
pct_water=2
tp_rate_next_48h=2
D_mean_last24_obs=2
hours_since_R_peak_obs=2
P_active_frac_obs=2
gust_excess30_sum_obs=2
last_D_t=1
last_outage_pct=1
N_t_mean_72h=1
sdswrf_t=1
diffuse_rad_t=1
dewpoint_c_t=1
soil_moist_x_gust=1
wind_speed_max_next_1h=1
min_t2m_next_1h=1
gust_max_next_6h=1
total_tp_next_6h=1
gust_peak4h_mean_next_6h=1
wind_speed_max_next_24h=1
gust_gt40_next_48h=1
gust_change_3h=1
cumul_tp_since_onset=1
wind_speed_at_t1h=1
t2m_at_t1h=1
gust_at_t6h=1
pct_forest_classified=1
gust_gt30_frac_next_24h=1
N_nonzero_frac_obs=1
N_mean_last24_obs=1
R_mean_last24_obs=1
flow_balance_last24_obs=1
hours_since_N_peak_obs=1
first_material_N_hour_obs=1
P_post_peak_slope_obs=1

parameters:
[boosting: gbdt]
[objective: huber]
[metric: rmse]
[tree_learner: serial]
[device_type: cpu]
[data_sample_strategy: bagging]
[data: ]
[valid: ]
[num_iterations: 2000]
[learning_rate: 0.05]
[num_leaves: 31]
[num_threads: -1]
[seed: 42]
[deterministic: 0]
[force_col_wise: 0]
[force_row_wise: 0]
[histogram_pool_size: -1]
[max_depth: -1]
[min_data_in_leaf: 50]
[min_sum_hessian_in_leaf: 0.001]
[bagging_fraction: 0.8]
[pos_bagging_fraction: 1]
[neg_bagging_fraction: 1]
[bagging_freq: 5]
[bagging_seed: 42]
[bagging_by_query: 0]
[feature_fraction: 0.8]
[feature_fraction_bynode: 1]
[feature_fraction_seed: 42]
[extra_trees: 0]
[extra_seed: 12879]
[early_stopping_round: 0]
[early_stopping_min_delta: 0]
[first_metric_only: 0]
[max_delta_step: 0]
[lambda_l1: 0.1]
[lambda_l2: 1]
[linear_lambda: 0]
[min_gain_to_split: 0]
[drop_rate: 0.1]
[max_drop: 50]
[skip_drop: 0.5]
[xgboost_dart_mode: 0]
[uniform_drop: 0]
[drop_seed: 42]
[top_rate: 0.2]
[other_rate: 0.1]
[min_data_per_group: 100]
[max_cat_threshold: 32]
[cat_l2: 10]
[cat_smooth: 10]
[max_cat_to_onehot: 4]
[top_k: 20]
[monotone_constraints: ]
[monotone_constraints_method: basic]
[monotone_penalty: 0]
[feature_contri: ]
[forcedsplits_filename: ]
[refit_decay_rate: 0.9]
[cegb_tradeoff: 1]
[cegb_penalty_split: 0]
[cegb_penalty_feature_lazy: ]
[cegb_penalty_feature_coupled: ]
[path_smooth: 0]
[interaction_constraints: ]
[verbosity: -1]
[saved_feature_importance_type: 0]
[use_quantized_grad: 0]
[num_grad_quant_bins: 4]
[quant_train_renew_leaf: 0]
[stochastic_rounding: 1]
[linear_tree: 0]
[max_bin: 255]
[max_bin_by_feature: ]
[min_data_in_bin: 3]
[bin_construct_sample_cnt: 200000]
[data_random_seed: 42]
[is_enable_sparse: 1]
[enable_bundle: 1]
[use_missing: 1]
[zero_as_missing: 0]
[feature_pre_filter: 1]
[pre_partition: 0]
[two_round: 0]
[header: 0]
[label_column: ]
[weight_column: ]
[group_column: ]
[ignore_column: ]
[categorical_feature: ]
[forcedbins_filename: ]
[precise_float_parser: 0]
[parser_config_file: ]
[objective_seed: 16083]
[num_class: 1]
[is_unbalance: 0]
[scale_pos_weight: 1]
[sigmoid: 1]
[boost_from_average: 1]
[reg_sqrt: 0]
[alpha: 0.9]
[fair_c: 1]
[poisson_max_delta_step: 0.7]
[tweedie_variance_power: 1.5]
[lambdarank_truncation_level: 30]
[lambdarank_norm: 1]
[label_gain: ]
[lambdarank_position_bias_regularization: 0]
[eval_at: ]
[multi_error_top_k: 1]
[auc_mu_weights: ]
[num_machines: 1]
[local_listen_port: 12400]
[time_out: 120]
[machine_list_filename: ]
[machines: ]
[gpu_platform_id: -1]
[gpu_device_id: -1]
[gpu_device_id_list: ]
[gpu_use_dp: 0]
[num_gpu: 1]

end of parameters

pandas_categorical:[]
