tree
version=v4
num_class=1
num_tree_per_iteration=1
label_index=0
max_feature_idx=189
objective=huber
feature_names=last_osi last_P_t last_N_t last_D_t last_R_t last_outage_pct osi_mean_72h osi_max_72h osi_std_72h outage_pct_mean_72h outage_pct_max_72h N_t_mean_72h N_t_max_72h R_t_mean_72h R_t_max_72h pre_event_mean_osi pre_event_max_outage_pct storm_onset_max_osi storm_onset_mean_osi osi_trend_last6h is_worsening frac_zero_72h hours_since_peak gust_mean_obs gust_max_obs gust_gt30_obs gust_gt40_obs cumul_gust_obs gust_last_obs gust_max_last6h_obs gust_trend_last6h_obs gust_t wind_speed_t wind_sin_t wind_cos_t t2m_t d2m_t tp_t rain_t csnow_t sdwe_t r2_t vpd_t soil_moist_t blh_t tcc_t lcc_t mcc_t hcc_t sp_t mslma_t sdswrf_t direct_rad_t diffuse_rad_t et0_t temp_c_t dewpoint_c_t icing_risk_t gust_exceed_30 soil_moist_x_gust is_snowing gust_x_hso gust_x_phase soil_gust_x_phase gust_exceed30_x_hso gust_max_next_1h gust_mean_next_1h wind_speed_max_next_1h total_tp_next_1h min_t2m_next_1h gust_gt30_next_1h gust_gt40_next_1h gust_peak4h_mean_next_1h gust_max_next_6h gust_mean_next_6h wind_speed_max_next_6h total_tp_next_6h min_t2m_next_6h gust_gt30_next_6h gust_gt40_next_6h gust_peak4h_mean_next_6h gust_max_next_24h gust_mean_next_24h wind_speed_max_next_24h total_tp_next_24h min_t2m_next_24h gust_gt30_next_24h gust_gt40_next_24h gust_peak4h_mean_next_24h gust_max_next_48h gust_mean_next_48h wind_speed_max_next_48h total_tp_next_48h min_t2m_next_48h gust_gt30_next_48h gust_gt40_next_48h gust_peak4h_mean_next_48h gust_change_1h gust_change_3h pressure_change_3h pressure_change_6h temp_change_6h wind_change_1h cumul_gust_since_onset cumul_tp_since_onset gust_gt30_since_onset gust_at_t1h wind_speed_at_t1h t2m_at_t1h tp_at_t1h gust_at_t6h wind_speed_at_t6h t2m_at_t6h tp_at_t6h gust_at_t24h wind_speed_at_t24h t2m_at_t24h tp_at_t24h gust_at_t48h wind_speed_at_t48h t2m_at_t48h tp_at_t48h hour_of_day hour_sin hour_cos days_since_onset hours_since_obs storm_phase log_customers rural_urban_code is_metro pop_density n_utilities pct_forest pct_developed pct_agriculture pct_water pct_wetland pct_unmapped pct_forest_classified tree_canopy_pct tree_canopy_std forest_x_customers window_len_next_1h is_full_next_1h tp_rate_next_1h gust_gt30_frac_next_1h has_weather_at_t1h window_len_next_6h is_full_next_6h tp_rate_next_6h gust_gt30_frac_next_6h has_weather_at_t6h window_len_next_24h is_full_next_24h tp_rate_next_24h gust_gt30_frac_next_24h has_weather_at_t24h window_len_next_48h is_full_next_48h tp_rate_next_48h gust_gt30_frac_next_48h has_weather_at_t48h N_nonzero_frac_obs R_nonzero_frac_obs P_mean_last24_obs D_mean_last24_obs N_mean_last24_obs R_mean_last24_obs flow_balance_last24_obs restoration_ratio_obs P_D_gap_last_obs hours_since_P_peak_obs hours_since_N_peak_obs hours_since_R_peak_obs first_material_N_hour_obs first_material_R_hour_obs P_trend_last24_obs D_trend_last24_obs P_post_peak_slope_obs P_active_frac_obs has_material_P_obs has_material_N_obs has_material_R_obs gust_excess30_sum_obs N_per_gust_excess_obs P_change_per_gust_excess_obs gust_to_N_best_corr_obs gust_to_N_best_lag_obs gust_at_first_material_N_obs
feature_infos=[0:0.55230000000000001] [0:0.82424180700000005] [0:0.021710291] [0:0.90465771100000003] [0:0.039181763000000001] [0:82.420000000000002] [4.1666666666666669e-06:0.26529999999999998] [0.0001:0.65049999999999997] [1.9982631347136334e-05:0.22470370552747407] [0.00083333333333333328:39.644861111111112] [0.02:100] [3.1208333333333337e-06:0.018623942125000001] [7.4900000000000005e-05:0.37916412199999999] [3.1208333333333337e-06:0.017093115180555556] [7.4900000000000005e-05:0.119716399] [0:0.38653749999999998] [0:100] [0:0.59799999999999998] [0:0.20940416666666664] [-0.022628571428571428:0.017611428571428573] [0:1] [0:0.95833333333333337] [0:71] [13.03611111111111:31.258333333333326] [29.300000000000001:70] [0:35] [0:18] [938.59999999999991:2250.5999999999995] [3.5:47.5] [15.4:64.5] [-6.477142857142856:3.3114285714285714] [0.59999999999999998:57.799999999999997] [0:38] [-0.99999999953664132:0.99999999913657367] [-0.99999999329043221:1] [261.05202270000001:298.3466019] [257.33913039999999:289.8677619] [0:11.300000000000001] [0:11.300000000000001] [0:2.6600000000000001] [0:0.089999999999999997] [15:100] [0:2.5] [0.16700000000000001:0.52000000000000002] [10:3090] [0:100] [0:100] [0:100] [0:100] [884.60000000000002:1027] [986.70000000000005:1031.8] [0:840] [0:731] [0:463] [0:0.60999999999999999] [-12.097977299999968:25.196601900000019] [-15.81086959999999:16.717761900000028] [0:1] [0:27.799999999999997] [0.19259999999999999:23.550000000000001] [0:1] [0.80000000000000004:3819.7999999999997] [0:107.59999999999999] [0:47.100000000000001] [0:1689.7999999999997] [1.2:57.799999999999997] [0.89999999999999991:54.5] [0:38] [0:14.699999999999999] [260.0631818:298.21776599999998] [0:2] [0:2] [0.89999999999999991:54.5] [5.4000000000000004:57.799999999999997] [3.5714285714285716:49.328571428571429] [0.40000000000000002:38] [0:26.699999999999999] [259.42265909999998:296.22558249999997] [0:7] [0:7] [4.3499999999999996:52.550000000000004] [13.199999999999999:57.799999999999997] [8.2360000000000007:43.052] [6:38] [0:51.199999999999996] [259.42265909999998:286.57337899999999] [0:25] [0:19] [12.25:52.550000000000004] [13.199999999999999:57.799999999999997] [7.961224489795919:37.897959183673471] [6:38] [0:52.900000000000006] [259.42265909999998:281.94003939999999] [0:40] [0:22] [12.75:52.550000000000004] [-24.299999999999997:28.199999999999999] [-32:35.700000000000003] [-6.1999999999999318:10.599999999999909] [-10.899999999999977:14.599999999999909] [-20.027499999999975:21.845291299999985] [-15.300000000000001:28.000000000000004] [347.09999999999997:3733.5999999999999] [0:53.200000000000003] [0:61] [0.59999999999999998:57.799999999999997] [0:38] [260.0631818:298.3466019] [0:11.300000000000001] [1.3999999999999999:57.799999999999997] [0:38] [259.42265909999998:298.3466019] [0:11.300000000000001] [0.90000000000000002:57.799999999999997] [0:38] [259.42265909999998:298.3466019] [0:11.300000000000001] [0.90000000000000002:53.799999999999997] [0:34.299999999999997] [259.42265909999998:296.58327589999999] [0:11.300000000000001] [0:23] [-1:1] [-1:1] [1:4] [1:96] [0:2] [7.1180162044653335:13.453719692845613] [1:9] [0:1] [8.3691524328166658:11939.655837338518] [1:14] [0.96999999999999997:88.719999999999999] [2.21:86.629999999999995] [0.040000000000000001:87.469999999999999] [0.01:5.5099999999999998] [0:19.780000000000001] [1.8899999999999999:18.32] [0.98868616858628067:95.815074496056084] [2.2000000000000002:80.340000000000003] [12.65:40.140000000000001] [8.0679963363985543:851.54750536995925] none none [0:7.3499999999999996] [0:1] none none none [0:3.8142857142857141] [0:1] none none none [0:2.048] [0:1] none none none [0:1.0795918367346939] [0:0.81632653061224492] none [0.041666666666666664:0.83333333333333337] [0.041666666666666664:0.90277777777777779] [0:0.33157778683333333] [0:0.2415728110416667] [0:0.05185222787499999] [0:0.017634620166666667] [-5.9704624999999938e-05:0.03421760770833332] [0.013031417634099374:6.5416667824977583] [-0.094310770000000002:0.045476995000000006] [0:71] [0:71] [0:70] [0:68] [0:71] [-0.00014221094434782621:0.052080195401739138] [-2.8979260869565253e-06:0.043438201510000003] [-0.090709080000000039:0.00060335147105305595] [0:0.98611111111111116] [0:1] [0:1] [0:1] [0:446.30000000000001] [1.2346153846153842e-05:0.024848555909090915] [-0.0026323566314935061:0.0091683099305555574] [-0.13256831251647599:0.75281650661316302] [0:3] [3.2000000000000002:60.600000000000001]
tree_sizes=2947 2904 2935 2995 2967 2963 2902 2920 2906 2893 2969 2943 2926 2989 2859 2904 2944 2956 2947 2942 2938 2922 2954 2914 2965

Tree=0
num_leaves=31
num_cat=0
split_feature=133 90 103 3 133 166 77 85 50 81 28 103 2 75 128 160 3 112 104 85 180 133 50 18 175 2 124 24 177 101
split_gain=0.585735 0.921991 0.102948 0.137302 0.094254 0.0790409 0.0295843 0.0244869 0.0126497 0.0237744 0.0137257 0.00680404 0.00616763 0.00739987 0.00928906 0.00501929 0.00489095 0.00457776 0.00416492 0.00374585 0.00524378 0.00790817 0.00269653 0.00218971 0.00214261 0.00181139 0.0117676 0.00162312 0.00135357 0.00124916
threshold=88.200000000000003 25.328571428571433 1201.1500000000003 0.34168884800000004 80.210000000000022 0.008135649083333335 275.55836775000006 278.86763515000007 1027.3500000000001 28.050000000000004 44.050000000000004 2130.6000000000008 0.0014942165000000002 6.6500000000000012 9.232155983247015 0.37244897959183682 0.66968249400000013 283.45407075000008 2.7500000000000009 272.33746340000005 0.25694444444444448 67.000000000000014 1022.35 0.058093750000000006 11.500000000000002 0.0059917800000000012 -0.9159756150367534 58.550000000000004 -9.9814117391304407e-06 -5.0159615500000134
decision_type=2 2 2 2 2 2 2 2 2 2 2 2 2 2 2 2 2 2 2 2 2 2 2 2 8 2 2 2 2 2
left_child=2 11 3 4 6 7 8 17 10 -10 12 -2 13 14 -1 22 19 -6 -14 25 -21 23 -8 -22 -17 28 -27 -15 -4 -16
right_child=1 -3 16 -5 5 -7 15 -9 9 -11 -12 -13 18 27 29 24 -18 -19 -20 20 21 -23 -24 -25 -26 26 -28 -29 -30 -31
leaf_value=0.0042026584933356698 0.0039594840902031844 0.011843516434502897 0.003279828820165023 0.0054045475219982476 0.0032087247186868913 0.0055335417259070457 0.0031546600519823343 0.004355676075746084 0.0047611758278733839 0.0033773972488986433 0.0040310925752666486 0.0032170496732501423 0.0038012602385157799 0.0032536874698381821 0.0035150055968768365 0.0036314681331870921 0.0035640377175593951 0.0037481495553310876 0.003271540471416558 0.00315467191360386 0.0032412649803590194 0.0039325093534751622 0.003271540471416558 0.0035818924709572209 0.0033094525131947914 0.0039363321822198389 0.0031385988603279875 0.0034056629635171548 0.0031232441986588249 0.003271540471416558
leaf_weight=53 50 50 79 86 121 83 1487 101 56 88 97 51 148 704 78 70 62 51 65 1014 402 51 663 52 408 51 379 221 7753 64
leaf_count=53 50 50 79 86 121 83 1487 101 56 88 97 51 148 704 78 70 62 51 65 1014 402 51 663 52 408 51 379 221 7753 64
internal_value=0.00327183 0.00635985 0.00323977 0.00343333 0.00339459 0.00417549 0.00332704 0.00373761 0.00349893 0.00395658 0.00344891 0.00353871 0.00340226 0.00334951 0.00362978 0.00322594 0.00314794 0.0033416 0.00365458 0.00314476 0.0032222 0.00334786 0.00319207 0.00327154 0.0033677 0.00313113 0.00324614 0.0032847 0.00312546 0.00337598
internal_weight=14638 151 14487 4644 4558 356 4202 273 1574 144 1430 101 1333 1120 195 2628 9843 172 213 9781 1519 505 2150 454 478 8262 430 925 7832 142
internal_count=14638 151 14487 4644 4558 356 4202 273 1574 144 1430 101 1333 1120 195 2628 9843 172 213 9781 1519 505 2150 454 478 8262 430 925 7832 142
is_linear=0
shrinkage=1


Tree=1
num_leaves=31
num_cat=0
split_feature=133 90 103 18 133 166 120 77 137 44 23 81 2 133 91 114 95 92 0 85 139 61 42 50 6 133 2 101 174 189
split_gain=0.529617 0.833766 0.0932961 0.125003 0.0865855 0.0712544 0.0488014 0.0239302 0.0222062 0.0247805 0.0125141 0.0191165 0.0123208 0.00827719 0.00709464 0.00621393 0.00491947 0.0046421 0.00444143 0.00337091 0.00476834 0.00319412 0.00264417 0.00227328 0.00226626 0.00206771 0.0016313 0.0105105 0.00129421 0.0012916
threshold=88.200000000000003 25.328571428571433 1201.1500000000003 0.063537500000000011 80.210000000000022 0.008135649083333335 274.38358365000005 275.55836775000006 0.015000000000000001 742.50000000000011 18.550694444444449 28.850000000000005 0.0006863590000000001 59.215000000000011 19.150000000000002 14.350000000000003 8.5000000000000018 18.250000000000007 0.41135000000000005 272.33746340000005 84.467414954242443 21.500000000000004 0.27500000000000008 1022.35 0.021504166666666668 67.000000000000014 0.0059917800000000012 -7.8651292000000117 3.5000000000000004 33.550000000000004
decision_type=2 2 2 2 2 2 2 2 2 2 2 2 2 2 2 2 2 2 2 2 2 2 2 2 2 2 2 2 8 10
left_child=2 15 3 4 7 8 -5 10 9 -6 11 14 21 16 -1 -2 22 23 19 26 24 -12 -14 -9 -21 -19 -4 -28 -23 -15
right_child=1 -3 18 6 5 -7 -8 17 -10 -11 12 -13 13 29 -16 -17 -18 25 -20 20 -22 28 -24 -25 -26 -27 27 -29 -30 -31
leaf_value=0.0004887276980197028 -5.21939122672148e-05 0.0081517811559652011 -0.00013874274907478651 0.00053849145885140857 0.0015278662181593325 0.0021502475812268953 0.0027616263717232695 -0.00011104032936747255 0 0.00011023245699555221 0.00043248387427481183 0 0.0010641152111379229 0 0.0013870734167163998 0.00065460350013185533 0.00011496113673014667 0 0.00027810453333983344 -8.7227416091912753e-05 0.00032308008960591487 0.00012563696514278287 0.00038635343056215546 0 0.00017669198791457651 0.00021574540714900284 0.00062082968748895068 -0.00012672452217399969 -6.9273243441973044e-06 0.00025141028484655875
leaf_weight=78 51 50 7832 53 72 83 61 1487 133 68 51 80 73 84 59 50 55 281 62 1368 77 224 58 653 74 197 52 378 724 70
leaf_count=78 51 50 7832 53 72 83 61 1487 133 68 51 80 73 84 59 50 55 281 62 1368 77 224 58 653 74 197 52 378 724 70
internal_value=5.3846e-07 0.00293692 -2.99233e-05 0.000154318 0.000111788 0.000859979 0.00178521 4.65862e-05 0.000443036 0.000880427 0.000202396 0.000561698 0.00014006 0.000401598 0.000919086 0.000251673 0.000630894 -4.41516e-05 -0.000117365 -0.000120411 -4.66856e-05 4.57352e-05 0.000807117 -7.69083e-05 -7.01056e-05 9.19159e-05 -0.000133353 -2.3491e-05 1.92266e-05 9.01147e-05
internal_weight=14638 151 14487 4644 4530 356 114 4174 273 140 1556 217 1339 340 137 101 186 2618 9843 9781 1519 999 131 2140 1442 478 8262 430 948 154
internal_count=14638 151 14487 4644 4530 356 114 4174 273 140 1556 217 1339 340 137 101 186 2618 9843 9781 1519 999 131 2140 1442 478 8262 430 948 154
is_linear=0
shrinkage=0.05


Tree=2
num_leaves=31
num_cat=0
split_feature=133 90 103 0 133 166 77 49 116 52 167 103 43 138 100 2 92 0 134 92 100 133 108 42 50 138 82 175 116 180
split_gain=0.478872 0.753981 0.0845702 0.113646 0.0771635 0.0641872 0.0242931 0.0211914 0.0187348 0.0161479 0.00965971 0.00571296 0.00529697 0.00698153 0.00826676 0.00495875 0.00413812 0.0040342 0.00324087 0.00294654 0.012275 0.00410418 0.00662546 0.00248774 0.00219779 0.00196788 0.00374939 0.00191621 0.00166433 0.00243827
threshold=88.200000000000003 25.328571428571433 1201.1500000000003 0.21365000000000003 80.210000000000022 0.008135649083333335 275.55836775000006 1005.9500000000002 285.19169210000007 2.5000000000000004 0.013222974291666668 2130.6000000000008 0.37150000000000005 4.8350000000000009 3.9500000000000459 0.00093457300000000007 18.250000000000007 0.41135000000000005 10.385000000000002 6.3500000000000023 4.9500000000000464 84.075000000000017 288.30867815000005 0.23500000000000001 1022.35 3.9200000000000004 14.314000000000002 11.500000000000002 273.73780455000002 0.27083333333333343
decision_type=2 2 2 2 2 2 2 2 2 2 2 2 2 2 2 2 2 2 2 2 2 2 2 2 2 2 2 8 2 2
left_child=2 11 3 4 6 8 7 10 -6 -10 12 -2 15 14 -14 25 24 19 -15 -4 21 28 -23 -20 -8 26 -1 -18 -21 -30
right_child=1 -3 17 -5 5 -7 16 -9 9 -11 -12 -13 13 18 -16 -17 27 -19 23 20 -22 22 -24 -25 -26 -27 -28 -29 29 -31
leaf_value=0.00049833439724695431 0.00062421129126211301 0.007752183844499729 -0.00013798446764412461 0.0019409172871717433 0 0.002044015144187835 -0.00010549204167120713 0.0011769964313628277 0.0013215370370640552 0.00014722049856297388 0.00076167849523514717 -5.1297985393410695e-05 0.00013109608120657869 0 0.0010740476139873298 0.00040177845189880054 0.0003365632056457017 0.00026442002626098988 0.000607790982878 -0.00012401751241231375 0.00067434425898961947 -2.8246594937113314e-05 0.00062363876093763347 3.1719823506932695e-05 0 -1.4102846509868343e-06 0 3.1801116316776248e-05 -9.7414074908935716e-05 5.282838870253399e-05
leaf_weight=60 50 50 5859 86 132 83 1487 55 76 65 68 51 63 155 57 104 70 62 50 2585 51 114 50 63 663 751 148 408 747 375
leaf_count=60 50 50 5859 86 132 83 1487 55 76 65 68 51 63 155 57 104 70 62 50 2585 51 114 50 63 663 751 148 408 747 375
internal_value=7.74876e-07 0.00279295 -2.8174e-05 0.000147219 0.000111861 0.000818526 5.0621e-05 0.000206433 0.000421594 0.000820246 0.00016725 0.000236934 0.000135443 0.000297675 0.000625495 7.13046e-05 -4.08411e-05 -0.00011144 0.000130523 -0.000114361 -7.77692e-05 -8.91411e-05 0.000142771 0.000333574 -7.1722e-05 2.98764e-05 0.000166229 8.74794e-05 -0.000100785 -4.27447e-05
internal_weight=14638 151 14487 4644 4558 356 4202 1574 273 141 1519 101 1451 388 120 1063 2628 9843 268 9781 3922 3871 164 113 2150 959 208 478 3707 1122
internal_count=14638 151 14487 4644 4558 356 4202 1574 273 141 1519 101 1451 388 120 1063 2628 9843 268 9781 3922 3871 164 113 2150 959 208 478 3707 1122
is_linear=0
shrinkage=0.05


Tree=3
num_leaves=31
num_cat=0
split_feature=133 90 93 0 133 82 138 120 50 44 81 126 28 2 77 111 128 32 180 21 0 172 137 42 175 137 187 24 23 133
split_gain=0.432978 0.681829 0.0704927 0.0906985 0.0894522 0.0800741 0.0776852 0.0568393 0.0210122 0.0179823 0.0135918 0.0130295 0.0102894 0.0083433 0.00525616 0.00401474 0.00603486 0.0033829 0.00335898 0.00282293 0.00226357 0.00208062 0.00182822 0.00493362 0.0124295 0.00172966 0.00154529 0.00141342 0.00125468 0.00122704
threshold=88.200000000000003 25.328571428571433 267.14417930000008 0.21365000000000003 79.980000000000004 24.898000000000003 4.4350000000000014 272.40926080000003 1027.2500000000002 457.50000000000006 28.050000000000004 11.500000000000002 44.050000000000004 0.00093457300000000007 268.94578905000009 3.3500000000000001 9.2641487521873049 3.7500000000000004 0.25694444444444448 0.52083333333333337 0.41135000000000005 7.5000000000000009 0.065000000000000016 0.25500000000000006 10.500000000000002 18.300000000000004 0.56761140914543196 58.550000000000004 18.188888888888894 84.075000000000017
decision_type=2 2 2 2 2 2 2 2 2 2 2 2 2 2 2 2 2 2 2 2 2 10 2 2 8 2 2 2 2 2
left_child=2 14 20 4 8 9 -7 -5 11 -6 -10 12 13 15 -2 16 -4 -11 -13 -15 22 26 23 -1 -25 -24 -20 -17 -12 -26
right_child=1 -3 3 7 5 6 -8 -9 10 17 28 18 -14 19 -16 27 -18 -19 21 -21 -22 -23 25 24 29 -27 -28 -29 -30 -31
leaf_value=-0.00011878030375931043 -5.0485298203196953e-05 0.007372174899221636 0.00071889745155203862 0.00038779660858133207 0.0009367822815171059 0.0031882217003343007 0.00046544740287987358 0.0026998767815530301 0.00095119075530410266 0.00039269875102448021 0.00028190283049432354 -8.5701585565648174e-05 0.00075491082845246648 0.00053131652474177021 0.00059534896815688744 -2.5013055046007624e-05 2.9425170625927419e-05 -6.0675080520389921e-05 0.00021424938936467732 4.0795903828372989e-05 0.00016798784733717249 -4.8729474119433736e-05 -0.00012792257867502718 0.0007435063507835397 -7.7949629591546549e-05 0.00010547652337424408 4.9920250134068856e-06 0.00012502320308105855 0 0.00013904642719257695
leaf_weight=990 51 50 51 65 84 59 56 53 96 52 60 2379 63 134 50 875 127 144 188 68 56 402 7487 60 281 56 266 190 70 75
leaf_count=990 51 50 51 65 84 59 56 53 96 52 60 2379 63 134 50 875 127 144 188 68 56 402 7487 60 281 56 266 190 70 75
internal_value=1.02002e-06 0.00265604 -2.64899e-05 0.000114405 8.31117e-05 0.000806731 0.00192089 0.00148225 2.44323e-05 0.000326127 0.000494434 8.83701e-07 0.000123243 9.17426e-05 0.000222917 3.86793e-05 0.000257816 3.56099e-05 -5.46297e-05 0.000391836 -0.000112821 2.58903e-05 -0.000115156 -5.59855e-05 8.139e-05 -0.000125513 0.000102914 0 0.000114282 -1.79671e-05
internal_weight=14638 151 14487 5482 5364 395 115 118 4969 280 226 4743 1508 1445 101 1243 178 196 3235 202 9005 856 8949 1406 416 7543 454 1065 130 356
internal_count=14638 151 14487 5482 5364 395 115 118 4969 280 226 4743 1508 1445 101 1243 178 196 3235 202 9005 856 8949 1406 416 7543 454 1065 130 356
is_linear=0
shrinkage=0.05


Tree=4
num_leaves=31
num_cat=0
split_feature=133 90 103 18 137 88 120 50 32 2 9 137 75 128 115 25 88 85 180 134 12 173 160 137 24 186 187 49 160 82
split_gain=0.391478 0.61658 0.0705647 0.0977879 0.0638399 0.0706727 0.0286845 0.0175729 0.0124491 0.0120532 0.0107832 0.00749412 0.00703946 0.00889534 0.00662775 0.00640526 0.00486795 0.00439468 0.00719043 0.0112193 0.00786118 0.00387095 0.00266188 0.00390292 0.00302292 0.00178064 0.0015573 0.00152627 0.00151519 0.00149273
threshold=88.200000000000003 25.328571428571433 1173.5500000000002 0.063537500000000011 1.0000000180025095e-35 35.462500000000013 276.21030935000005 1027.3500000000001 4.8500000000000005 0.00036114100000000004 0.042777777777777783 5.580000000000001 7.3500000000000005 9.293439940087163 12.950000000000001 11.500000000000002 25.512500000000006 272.33746340000005 0.25694444444444448 6.6000000000000005 0.096316070500000003 15.500000000000002 0.41326530612244899 0.13500000000000004 58.550000000000004 0.00037268646630277629 0.27376954807010673 974.6500000000002 0.21428571428571433 16.394000000000002
decision_type=2 2 2 2 2 2 2 2 2 2 2 2 2 2 2 2 2 2 2 2 2 10 2 2 2 10 2 2 2 2
left_child=2 16 3 4 5 8 -5 9 -1 12 26 21 13 14 15 -6 -2 -4 -19 -20 -21 25 24 -24 -14 -11 -9 -10 -27 -26
right_child=1 -3 17 6 7 -7 -8 10 27 11 -12 -13 22 -15 -16 -17 -18 18 19 20 -22 -23 23 -25 29 28 -28 -29 -30 -31
leaf_value=0.0010499812587616308 -5.0859096607802293e-05 0.0070107939576401438 -0.00011337703838092536 0.00065093454271275336 0.00023684774498854366 0.0025939513254435915 0.0025193929352428555 0 -6.0134863635509831e-05 -6.4511611809602918e-06 0.0009167195574449811 0.00073567963852310899 -8.9517269578725069e-05 8.7316582500467483e-06 0 0.001114174426914485 0.00056907059057551782 -9.75720326340494e-05 0.00080092951663854458 -2.4271329710526214e-05 0.00056004685707648609 0.00047814690554383727 0.00035294635010434355 -1.7465226054795454e-05 0.00021553744371774152 0.00027262571460437228 0.00032918876121459787 0.00027485872786629073 3.3500397170281195e-05 0
leaf_weight=50 51 50 8346 50 69 50 52 60 60 186 93 68 1939 461 69 50 50 1142 54 472 63 88 96 186 113 176 50 50 197 197
leaf_count=50 51 50 8346 50 69 50 52 60 60 186 93 68 1939 461 69 50 50 1142 54 472 63 88 96 186 113 176 50 50 197 197
internal_value=1.2526e-06 0.00252584 -2.4889e-05 0.000141437 0.000103772 0.000953508 0.00166724 5.87856e-05 0.000396886 3.37078e-05 0.000512924 0.000219272 -6.49889e-06 0.000138407 0.000428205 0.000653352 0.000209588 -9.81811e-05 -2.20041e-05 0.000115956 3.61244e-05 0.000156229 -4.56705e-05 9.17661e-05 -6.51589e-05 9.58598e-05 0.000121306 4.81943e-05 0.000160128 7.09197e-05
internal_weight=14638 151 14487 4410 4308 210 102 4098 160 3895 203 715 3180 649 188 119 101 10077 1731 589 535 647 2531 282 2249 559 110 110 373 310
internal_count=14638 151 14487 4410 4308 210 102 4098 160 3895 203 715 3180 649 188 119 101 10077 1731 589 535 647 2531 282 2249 559 110 110 373 310
is_linear=0
shrinkage=0.05


Tree=5
num_leaves=31
num_cat=0
split_feature=140 85 18 93 18 112 50 9 119 171 28 137 94 15 4 2 2 96 116 50 101 12 96 36 96 137 166 43 81 132
split_gain=0.144622 0.302295 0.474487 0.0511352 0.109227 0.03671 0.0169103 0.0148029 0.0123665 0.0102997 0.00895895 0.0082116 0.0207526 0.0290696 0.00798629 0.00532256 0.00524293 0.00914799 0.00471588 0.00429099 0.00364481 0.00338737 0.00390018 0.00278889 0.00235398 0.002269 0.00220067 0.00216955 0.00250259 0.0018729
threshold=75.820000000000007 277.82451485000007 0.005004166666666668 270.77153565000009 0.06499583333333335 289.01983330000002 1027.2500000000002 0.042777777777777783 8.9500000000000011 -0.044102210999999995 44.050000000000004 0.055000000000000007 15.500000000000002 0.0011052083333333337 0.0021535670000000003 0.0035617145000000003 0.0059917800000000012 29.312500000000007 280.96521910000007 1028.5500000000002 -5.2301700499999972 0.09273153100000002 39.13750000000001 284.24963380000003 37.962500000000013 18.300000000000004 0.0065691332083333345 0.36250000000000004 25.650000000000002 4.5000000000000009
decision_type=2 2 2 2 2 2 2 2 2 2 2 2 2 2 2 2 2 2 2 2 2 2 2 2 2 2 2 2 2 2
left_child=3 5 8 11 6 23 9 -8 -3 -5 15 12 16 -14 -12 20 24 -18 -17 21 27 25 -23 -2 -1 -13 -22 -11 -29 -24
right_child=1 2 -4 4 -6 -7 7 -9 -10 10 14 19 13 -15 -16 18 17 -19 -20 -21 26 22 29 -25 -26 -27 -28 28 -30 -31
leaf_value=-9.6346069845729503e-05 -9.0394306213351065e-05 0.0011707242274424062 0.0055643250621708129 0.00069852788093815511 0.0019913031828524899 0.0012461244269194745 0.00010521432258161334 0.0013214421648321288 0.00016784224648788378 5.5517220028559687e-05 0 -0.00011180281154484406 0 0.0014921960069113993 0.00087912035922779416 0.00062226742976261972 -4.7075142338144356e-05 0.00079073050010301099 7.197560343219048e-06 0.00029777817141844851 -6.7902118344948887e-05 -7.0433870398686958e-05 0 0.00027873001670321594 0.00013854076773126369 0.00015685975172800683 4.3239192723302924e-05 0.00058239036366623104 2.7573668283590052e-06 0.00041307333813538446
leaf_weight=962 524 59 71 64 78 59 67 52 94 349 51 9221 71 55 60 69 63 50 88 60 1096 281 70 51 103 63 697 55 56 77
leaf_count=962 524 59 71 64 78 59 67 52 94 349 51 9221 71 55 60 69 63 50 88 60 1096 281 70 51 103 63 697 55 56 77
internal_value=2.99292e-06 0.000632857 0.00220809 -3.56864e-05 0.000155291 6.58337e-05 9.97638e-05 0.000684925 0.000592133 7.06381e-05 5.24448e-05 -8.41159e-05 3.08205e-05 0.000639994 0.000492609 2.9902e-05 -3.0584e-05 0.00028346 0.000311388 -9.99665e-05 7.93895e-06 -0.000102969 2.53372e-05 -4.8547e-05 -6.88302e-05 -0.000109425 -2.19106e-05 0.000134929 0.000337241 0.000241432
internal_weight=14716 858 224 13858 2782 634 2704 119 153 2585 2521 11076 1304 126 111 2410 1178 113 157 9772 2253 9712 428 575 1065 9284 1793 460 111 147
internal_count=14716 858 224 13858 2782 634 2704 119 153 2585 2521 11076 1304 126 111 2410 1178 113 157 9772 2253 9712 428 575 1065 9284 1793 460 111 147
is_linear=0
shrinkage=0.05


Tree=6
num_leaves=31
num_cat=0
split_feature=133 90 93 165 133 86 120 44 50 119 135 126 2 164 133 4 141 89 173 163 170 50 2 113 43 85 180 0 111 26
split_gain=0.371423 0.635719 0.0539038 0.0637281 0.0703996 0.0705701 0.048662 0.0234222 0.0158721 0.0127344 0.0121075 0.0101717 0.00986485 0.00732984 0.00474535 0.00366664 0.00317866 0.00272308 0.00200365 0.00199079 0.00270137 0.00421048 0.0019115 0.00875332 0.00177577 0.00149737 0.00125438 0.00123157 0.00119889 0.00103207
threshold=88.200000000000003 25.063265306122453 267.14417930000008 0.099558759562500002 79.980000000000004 10.500000000000002 273.46900440000007 592.50000000000011 1027.2500000000002 9.3500000000000032 29.415000000000003 10.500000000000002 0.0006863590000000001 0.35416666666666669 80.660000000000011 0.0050513260000000009 30.810000000000006 38.250000000000007 8.5000000000000018 0.34027777777777785 0.99281822609570081 1019.35 0.0035617145000000003 1.3500000000000003 0.36150000000000004 277.90513685000002 0.25694444444444448 0.018250000000000006 8.5500000000000025 15.500000000000002
decision_type=2 2 2 2 2 2 2 2 2 2 2 2 2 2 2 2 2 2 8 2 2 2 2 2 2 2 2 2 2 2
left_child=2 -2 22 4 8 7 -5 9 11 -6 16 12 17 -14 -9 24 -10 -4 26 20 -19 -22 25 27 -15 29 -13 -24 -28 -1
right_child=1 -3 3 6 5 -7 -8 14 10 -11 -12 18 13 15 -16 -17 -18 19 -20 -21 21 -23 23 -25 -26 -27 28 -29 -30 -31
leaf_value=-0.00011157773539713091 9.0242843628470841e-05 0.0070155992643798105 -8.0271831232506618e-05 0.00029805180193302695 0.0015666365387704561 0.0020453239449707327 0.0020774338471570186 0.00046586184010196193 0.00040972511294967267 0.00033801178757070769 0.00096749460453818205 -3.4635309484875603e-05 0 0.00039159379438338381 -6.9649657758418475e-05 0.00021026433959213392 -3.5296576597145101e-06 0 -8.0782549470747046e-05 3.0769092658609792e-05 0.00071335754286370838 8.0741479200170083e-05 0.00013420415069701432 0.0006013148225611077 0.0010787461086304163 0 0.00016720588817736498 -8.6132291769072859e-05 0 0
leaf_weight=7767 99 50 291 104 50 79 69 51 63 60 72 870 64 54 169 82 92 94 2090 579 54 94 52 51 50 280 181 738 215 152
leaf_count=7767 99 50 291 104 50 79 69 51 63 60 72 870 64 54 169 82 92 94 2090 579 54 94 52 51 50 280 181 738 215 152
internal_value=3.1671e-06 0.0024788 -2.19803e-05 0.000100573 6.89541e-05 0.000698847 0.00104434 0.000356198 1.5714e-05 0.000950605 0.000423339 -2.92429e-06 0.000111131 0.000396806 3.34135e-05 0.00055618 0.000133937 4.21141e-05 -5.07212e-05 9.1621e-05 0.000215911 0.000348356 -9.74643e-05 -1.81361e-05 0.000776702 -0.000104988 0 -6.51567e-05 7.25757e-05 -0.000109018
internal_weight=14716 149 14567 5527 5354 409 173 330 4945 110 227 4718 1362 250 220 186 155 1112 3356 821 242 148 9040 841 104 8199 1266 790 396 7919
internal_count=14716 149 14567 5527 5354 409 173 330 4945 110 227 4718 1362 250 220 186 155 1112 3356 821 242 148 9040 841 104 8199 1266 790 396 7919
is_linear=0
shrinkage=0.05


Tree=7
num_leaves=31
num_cat=0
split_feature=133 90 103 18 137 90 120 81 50 180 67 43 4 120 28 61 166 43 85 180 104 164 1 59 2 113 34 92 77 137
split_gain=0.336286 0.574467 0.0532496 0.0675031 0.0482014 0.0843497 0.036245 0.0140692 0.0147355 0.00978486 0.00941136 0.00820968 0.00777163 0.0125635 0.0104169 0.00517244 0.00389244 0.00363518 0.00249888 0.00376211 0.00245257 0.00376859 0.00214684 0.00232071 0.00139056 0.00946426 0.00136889 0.00128784 0.00124792 0.00124553
threshold=88.200000000000003 25.063265306122453 1209.6500000000003 0.06499583333333335 1.0000000180025095e-35 25.254081632653065 273.78950055000001 28.950000000000003 1027.2500000000002 0.28472222222222227 4.4500000000000011 0.31550000000000006 6.3700000000000017e-05 271.04794080000005 44.050000000000004 21.500000000000004 0.0065691332083333345 0.36250000000000004 273.84030045000003 0.25694444444444448 0.95000000000000018 0.42361111111111122 0.022884034500000004 11.718600000000002 0.0059917800000000012 0.75000000000000011 1.0000000180025095e-35 21.550000000000004 282.98204895000009 1.0000000180025095e-35
decision_type=2 2 2 2 2 2 2 2 2 2 2 2 2 2 2 2 2 2 2 2 2 2 2 2 2 2 2 2 2 2
left_child=2 -2 3 4 5 10 -5 8 15 22 -1 -10 13 -11 26 -6 -17 -18 24 -20 21 -21 27 -24 29 -26 -14 -9 -12 -4
right_child=1 -3 18 6 7 -7 -8 9 11 12 28 -13 14 -15 -16 16 17 -19 19 20 -22 -23 23 -25 25 -27 -28 -29 -30 -31
leaf_value=0.00082910824654676375 8.5775821006973274e-05 0.006671697264354604 0 0.00024703455996453105 0.00055363924211915088 0.0025734222224071766 0.002219946098449672 -9.5990680161949502e-05 0.00010471694757816968 0.0011210963148886211 -8.6516103837365176e-05 0.001035243500734361 -5.6378105902971513e-05 0 0.00074303346129858672 0 0.00011635093887347186 0.00052282883779444333 -7.9221197288792703e-05 0.00059682582279301172 4.3579507640303671e-06 0 0 0.00034727456978383574 -0.00010017736738447524 0.00057940655060396615 9.3616108734547549e-05 1.7648865401436534e-05 0.00022067468198513904 -0.00010506900416492414
leaf_weight=50 99 50 285 50 70 51 57 1700 53 50 84 78 305 53 53 498 439 77 768 56 250 60 498 50 383 58 282 208 50 7951
leaf_count=50 99 50 285 50 70 51 57 1700 53 50 84 78 305 53 53 498 439 77 768 56 250 60 498 50 383 58 282 208 50 7951
internal_value=3.25874e-06 0.00235889 -2.06532e-05 0.000116184 8.63074e-05 0.000783911 0.00135514 4.78656e-05 0.000192768 -5.64986e-06 0.000249649 0.000700295 0.000151443 0.000560657 7.70132e-05 0.000126237 9.12895e-05 0.000187573 -8.75011e-05 -1.24629e-05 0.00011383 0.000304973 -5.52517e-05 2.52062e-05 -9.67291e-05 0 7.2137e-06 -8.09804e-05 0 -0.000101388
internal_weight=14716 149 14567 4756 4649 235 107 4414 1215 3199 184 131 743 103 640 1084 1014 516 9811 1134 366 116 2456 548 8677 441 587 1908 134 8236
internal_count=14716 149 14567 4756 4649 235 107 4414 1215 3199 184 131 743 103 640 1084 1014 516 9811 1134 366 116 2456 548 8677 441 587 1908 134 8236
is_linear=0
shrinkage=0.05


Tree=8
num_leaves=31
num_cat=0
split_feature=133 90 103 18 137 82 82 81 30 116 67 180 134 30 124 44 114 92 100 12 83 180 133 14 1 59 42 142 112 92
split_gain=0.304487 0.519538 0.0483458 0.0611991 0.0436643 0.0773936 0.0279477 0.0127664 0.0172476 0.0119851 0.0111468 0.00886779 0.00707583 0.00685463 0.00528767 0.00811898 0.00253991 0.00235293 0.0108512 0.00318066 0.00290659 0.00205981 0.00202252 0.00358181 0.00193244 0.00210238 0.00185821 0.00162008 0.00193308 0.00117777
threshold=88.200000000000003 24.854081632653067 1209.6500000000003 0.06499583333333335 1.0000000180025095e-35 24.898000000000003 16.394000000000002 28.950000000000003 -3.5399999999999996 278.43080485000002 4.1500000000000012 0.28472222222222227 5.245000000000001 0.31428571428571334 0.91597561503675351 692.50000000000011 20.050000000000004 6.3500000000000023 5.0999999999999668 0.096316070500000003 21.050000000000004 0.31250000000000006 84.075000000000017 0.020693614500000002 0.022884034500000004 11.718600000000002 0.42500000000000004 127.74809539787391 276.56221820000002 21.550000000000004
decision_type=2 2 2 2 2 2 2 2 2 2 2 2 2 2 2 2 2 2 2 2 2 2 2 2 2 2 2 2 2 2
left_child=2 -2 3 4 5 10 -5 8 9 -6 -1 24 -13 21 26 -16 -11 -4 19 22 -21 -14 -19 -24 29 -26 27 -10 -29 -9
right_child=1 -3 17 6 7 -7 -8 11 14 16 -12 12 13 -15 15 -17 -18 18 -20 20 -22 -23 23 -25 25 -27 -28 28 -30 -31
leaf_value=0.00080894380100824705 4.9233175090230733e-05 0.0062856966572312212 -0.00010400198652119305 0.0020875656512466126 0 0.0022879881206346432 0.00033033072956143621 -9.1193967000446506e-05 0 0.0013458376606314572 -3.6854823811154347e-05 0.00072845361677144533 0.00028792723143801789 0.00061584615596260294 0.00080616373069138851 0 0.00054743243236391045 -8.0729884631008155e-05 0.00066586540017833976 0 0.00039169499481642454 0 -8.046690207955084e-05 0.00035607839377092512 0 0.00033025130527105425 -5.1735185590780718e-05 0.0004025460799123351 8.9505907835434083e-05 1.6770642540998663e-05
leaf_weight=50 98 51 5871 55 54 60 52 1700 272 50 125 50 72 58 64 67 54 3549 50 105 68 563 94 74 498 50 234 80 340 208
leaf_count=50 98 51 5871 55 54 60 52 1700 272 50 125 50 72 58 64 67 54 3549 50 105 68 563 94 74 498 50 234 80 340 208
internal_value=3.36129e-06 0.00224487 -1.93755e-05 0.000110989 8.24865e-05 0.000746524 0.00129084 4.58398e-05 0.000183871 0.00067547 0.000179616 -5.06377e-06 0.000144411 9.40788e-05 0.000105092 0.000407747 0.000988062 -8.30856e-05 -5.06308e-05 -6.12941e-05 0.000138129 3.76663e-05 -7.19552e-05 8.32043e-05 -5.23589e-05 2.36248e-05 5.64879e-05 0.00010032 0.000161824 -7.68024e-05
internal_weight=14716 149 14567 4756 4649 235 107 4414 1215 158 175 3199 743 693 1057 131 104 9811 3940 3890 173 635 3717 168 2456 548 926 692 420 1908
internal_count=14716 149 14567 4756 4649 235 107 4414 1215 158 175 3199 743 693 1057 131 104 9811 3940 3890 173 635 3717 168 2456 548 926 692 420 1908
is_linear=0
shrinkage=0.05


Tree=9
num_leaves=31
num_cat=0
split_feature=133 83 103 18 133 119 138 120 77 50 103 2 133 33 165 82 164 170 103 15 15 85 104 131 50 85 21 164 180 131
split_gain=0.275703 0.411227 0.0439558 0.0554858 0.0393841 0.0456184 0.0346441 0.0298786 0.0142629 0.00686608 0.0140155 0.00601049 0.00602394 0.00457236 0.00498428 0.00345391 0.0040518 0.00391151 0.00329269 0.00226273 0.00848183 0.00385271 0.00253648 0.00188131 0.00171659 0.00108044 0.00105659 0.00155858 0.00126143 0.000675618
threshold=88.200000000000003 14.450000000000001 1209.6500000000003 0.06499583333333335 79.980000000000004 8.8500000000000032 4.4350000000000014 273.78950055000001 275.55836775000006 1027.2500000000002 965.6500000000002 0.0006863590000000001 59.215000000000011 -0.87919917663988723 0.0044531571041666685 14.314000000000002 0.43750000000000006 0.99761568644753729 1037.7 0.00092500000000000015 0.00093958333333333339 272.96546835000009 0.65000000000000024 29.116437666821316 1018.35 277.90513685000002 0.4513888888888889 0.49305555555555564 0.28472222222222227 110.55122614849988
decision_type=2 2 2 2 2 2 2 2 2 2 2 2 2 2 2 2 2 2 2 2 2 2 2 2 2 2 2 2 2 2
left_child=2 -2 3 4 8 6 -6 -5 9 11 -11 15 18 -7 -15 16 17 -1 -13 25 -21 23 -23 -22 -10 -4 27 28 -26 -24
right_child=1 -3 19 7 5 13 -8 -9 24 10 -12 12 -14 14 -16 -17 -18 -19 -20 20 21 22 29 -25 26 -27 -28 -29 -30 -31
leaf_value=7.6613221951346428e-05 8.9708088960757478e-05 0.005579064794985409 -9.9074255567867847e-05 0.00021356399666390145 0.0021041986970196185 -0.00010233203491913407 0.00050589573535351291 0.0020158581753614651 -8.9738183005628935e-05 0.0011072737923333127 4.9066837327891811e-05 0.00072598952354799924 3.311038209110943e-05 0 0.00057484423768190218 0 0 0.00065553676943333515 0.00018416054319459363 0.00058682580138198466 0.00013909574983526476 0.00043960858521481554 -3.3381195073752288e-05 -8.2076069280437986e-05 0 0 -3.9731289737632564e-05 0 0.00035510966839053887 0.00011861012875715844
leaf_weight=89 95 54 6650 50 66 110 93 57 1001 56 94 95 152 70 77 786 169 71 85 51 83 51 116 2428 60 314 956 555 64 118
leaf_count=89 95 54 6650 50 66 110 93 57 1001 56 94 95 152 70 77 786 169 71 85 51 83 51 116 2428 60 314 956 555 64 118
internal_value=3.46682e-06 0.0021364 -1.81521e-05 0.000106133 7.89388e-05 0.000543326 0.0012096 0.00122974 3.20025e-05 0.00015051 0.00048196 0.000112389 0.000302098 0.000108648 0.000299933 5.12013e-05 0.000187167 0.000367042 0.000500181 -7.89152e-05 -3.83059e-05 -5.17019e-05 0.000115625 -7.27224e-05 -3.79283e-05 -9.47912e-05 -3.11686e-06 4.10642e-05 0.00020086 2.2166e-05
internal_weight=14716 149 14567 4756 4649 416 159 107 4233 1597 150 1447 332 257 147 1115 329 160 180 9811 2847 2796 285 2511 2636 6964 1635 679 124 234
internal_count=14716 149 14567 4756 4649 416 159 107 4233 1597 150 1447 332 257 147 1115 329 160 180 9811 2847 2796 285 2511 2636 6964 1635 679 124 234
is_linear=0
shrinkage=0.05


Tree=10
num_leaves=31
num_cat=0
split_feature=133 83 93 133 18 86 120 44 128 50 135 2 126 29 28 101 28 43 121 0 2 113 137 114 0 173 15 91 16 43
split_gain=0.223158 0.365923 0.036062 0.0483284 0.0517674 0.0376024 0.0349138 0.0215912 0.0103571 0.00941741 0.0100664 0.00649864 0.00598704 0.00419565 0.00373717 0.00224217 0.00226849 0.00190674 0.00185674 0.00165315 0.00167433 0.00701017 0.00131996 0.00114479 0.00114117 0.000906774 0.00109954 0.00115483 0.00105352 0.000941726
threshold=88.200000000000003 14.450000000000001 267.19406150000003 79.980000000000004 0.063537500000000011 10.500000000000002 273.46900440000007 592.50000000000011 9.293439940087163 1027.2500000000002 29.415000000000003 0.00093457300000000007 10.500000000000002 46.650000000000013 21.250000000000004 -6.3432540499999837 44.750000000000007 0.33450000000000008 0.15000000000000005 0.41135000000000005 0.0035617145000000003 1.2500000000000002 1.4400000000000002 16.950000000000003 0.018250000000000006 8.5000000000000018 0.00023854166666666669 24.150000000000002 0.095000000000000015 0.35450000000000004
decision_type=2 2 2 2 2 2 2 2 2 2 2 2 2 2 2 2 2 2 2 2 2 2 2 2 2 8 2 2 2 2
left_child=2 23 19 4 9 7 -6 8 -5 11 17 15 13 22 -9 18 25 -11 -4 20 -1 24 -13 -2 -22 26 28 -28 -17 -29
right_child=1 -3 3 5 6 -7 -8 14 -10 10 -12 12 -14 -15 -16 16 -18 -19 -20 -21 21 -23 -24 -25 -26 -27 27 29 -30 -31
leaf_value=-8.8672453903290992e-05 -7.1555056448022894e-05 0.0051196447898733573 0 0.0014359746708661285 0.00020093101418582551 0.0016832492464963135 0.0018026227474568742 0.00036796733704801284 0.00029945352319373343 -5.4021601109652007e-05 0.00085223665487007313 0.00024747274957560736 2.8746393986893331e-05 8.1590367578596179e-05 -7.322599511098815e-05 4.7869880287946315e-05 0.00025030616097316698 0.00027209269625304197 0.00031092109321616593 0.00016121105091051983 0.00014541182231578902 0.00052516925431924787 0.00085297254535432259 0.00022934480047172423 -7.2424946409083314e-05 -5.8912674651601648e-05 0 0 -8.6505594429011628e-05 0.00033930510448824085
leaf_weight=8167 51 55 81 56 85 70 67 65 53 78 66 50 455 102 143 151 62 69 84 56 51 55 51 50 740 2601 420 50 511 55
leaf_count=8167 51 55 81 56 85 70 67 65 53 78 66 50 455 102 143 151 62 69 84 56 51 55 51 50 740 2601 420 50 511 55
internal_value=1.6654e-06 0.00187692 -1.83012e-05 8.32119e-05 4.07292e-05 0.000621838 0.000946787 0.000367177 0.000936555 1.13313e-05 0.000335881 -2.46096e-06 0.000141863 0.000369507 4.18244e-05 -2.7388e-05 -3.6186e-05 6.60729e-05 0.000146757 -7.95792e-05 -8.16477e-05 -7.90554e-06 0.000607605 2.91737e-05 -5.19008e-05 -4.22595e-05 -1.54093e-06 4.78784e-05 -4.82875e-05 0.000196499
internal_weight=14650 156 14494 5425 5038 387 152 317 109 4886 213 4673 658 203 208 4015 3850 147 165 9069 9013 846 101 101 791 3788 1187 525 662 105
internal_count=14650 156 14494 5425 5038 387 152 317 109 4886 213 4673 658 203 208 4015 3850 147 165 9069 9013 846 101 101 791 3788 1187 525 662 105
is_linear=0
shrinkage=0.05


Tree=11
num_leaves=31
num_cat=0
split_feature=133 90 103 18 133 166 77 49 112 91 2 0 2 15 131 82 96 92 187 28 83 66 103 84 93 134 73 14 4 103
split_gain=0.201714 0.391336 0.036678 0.052983 0.0343968 0.0314501 0.0100079 0.0121574 0.00948046 0.0104784 0.00553257 0.00411725 0.00408742 0.00256666 0.0085899 0.0306485 0.00306675 0.00240038 0.00235815 0.00199312 0.00233389 0.00296977 0.00198157 0.00189908 0.00158595 0.00134415 0.00110699 0.000951617 0.000929676 0.00089754
threshold=88.200000000000003 25.063265306122453 1146.8500000000004 0.06499583333333335 80.210000000000022 0.008135649083333335 275.55836775000006 1005.9500000000002 283.68809900000002 19.450000000000003 0.0035617145000000003 0.41135000000000005 0.0049793635000000011 0.00092500000000000015 33.845472724088289 26.214000000000002 44.26250000000001 19.550000000000008 0.27266551746379503 44.050000000000004 13.65 7.4250000000000016 995.55000000000018 1.2500000000000004 272.22771490000008 10.385000000000002 13.250000000000002 0.021183272000000003 0.00055744050000000004 933.25000000000011
decision_type=2 2 2 2 2 2 2 2 2 2 2 2 2 2 2 2 2 2 2 2 2 2 2 2 2 2 2 2 2 2
left_child=2 23 3 4 6 8 7 10 24 -10 19 13 -12 -4 15 -15 -16 26 -19 20 21 -1 -20 -2 -6 -18 -8 -27 -22 -30
right_child=1 -3 11 -5 5 -7 17 -9 9 -11 12 -13 -14 14 16 -17 25 18 22 -21 28 -23 -24 -25 -26 27 -28 -29 29 -31
leaf_value=0.00044184147379143583 -0.00014021491635950252 0.0053841330134766366 -8.714458970007148e-05 0.0013856661666741274 0.00021322624785277772 0.0014148557294743917 2.3732302002536445e-05 0.00089781350137683449 7.1138971879218105e-07 0.0011075872645004117 0.00077313869528006771 0.00030626050984103456 0.00012956932038318684 -5.9870776261151242e-06 -7.7413112638648096e-05 0.0012903998385564509 0 -5.107303562936343e-05 0.00036839540802804775 0.0003415335891742351 -5.6613119003852814e-05 6.190964772939362e-05 1.9651627071792833e-05 0.00026681147936923321 -0.0001337642083450666 0 -6.6323833955307868e-05 0.00032885506003998066 0.00013497817395118596 0
leaf_weight=75 56 50 7332 79 50 84 337 52 51 53 54 67 91 224 2368 54 127 131 97 69 384 318 129 50 91 66 1640 74 182 215
leaf_count=75 56 50 7332 79 50 84 337 52 51 53 54 67 91 224 2368 54 127 131 97 69 384 318 129 50 91 66 1640 74 182 215
internal_value=1.86834e-06 0.00178475 -1.70978e-05 0.000107322 8.11588e-05 0.000571751 3.69267e-05 0.000141081 0.000257784 0.000617588 0.000108505 -6.80463e-05 0.000407144 -7.10119e-05 -2.86741e-05 0.00023163 -5.81113e-05 -2.52249e-05 8.91503e-05 6.93498e-05 4.88202e-05 0.000148043 0.000192324 5.74893e-06 0 9.40686e-05 -4.84408e-05 0.000201623 0 5.23384e-05
internal_weight=14650 156 14494 4182 4103 329 3774 1440 245 104 1388 10312 145 10245 2913 278 2635 2334 357 1243 1174 393 226 106 141 267 1977 140 781 397
internal_count=14650 156 14494 4182 4103 329 3774 1440 245 104 1388 10312 145 10245 2913 278 2635 2334 357 1243 1174 393 226 106 141 267 1977 140 781 397
is_linear=0
shrinkage=0.05


Tree=12
num_leaves=31
num_cat=0
split_feature=133 90 103 18 137 81 112 77 49 11 92 176 0 2 138 167 15 131 88 96 138 83 116 107 134 77 28 45 171 3
split_gain=0.182373 0.353908 0.0333426 0.0478175 0.0314817 0.0280181 0.00797324 0.00794109 0.0121525 0.00624417 0.00595113 0.0110244 0.00373287 0.00296288 0.00483792 0.00281908 0.00231439 0.00771464 0.0268402 0.00280174 0.00222883 0.00279093 0.00239183 0.00178309 0.00124997 0.00105519 0.00097517 0.00206181 0.000966578 0.000822386
threshold=88.200000000000003 25.063265306122453 1146.8500000000004 0.06499583333333335 1.0000000180025095e-35 37.150000000000013 283.68809900000002 276.46267095000002 1005.9500000000002 0.0044062812152777788 19.550000000000008 13.500000000000002 0.41135000000000005 0.0006863590000000001 6.7500000000000009 0.0039468399166666676 0.00092500000000000015 33.845472724088289 32.987500000000004 42.912500000000009 3.9200000000000004 15.15 277.95943815000004 7.1500000000000012 10.385000000000002 278.10786840000009 7.0500000000000007 65.500000000000014 -0.0046702699999999998 0.057744021000000006
decision_type=2 2 2 2 2 2 2 2 2 2 2 8 2 2 2 2 2 2 2 2 2 2 2 2 2 2 2 2 2 2
left_child=2 23 3 4 5 6 -1 8 9 13 29 -12 16 20 15 -15 -4 18 -18 -19 21 22 -6 -2 -21 -26 27 -22 -28 -9
right_child=1 -3 12 -5 7 -7 -8 10 -10 -11 11 -13 -14 14 -16 -17 17 19 -20 24 26 -23 -24 -25 25 -27 28 -29 -30 -31
leaf_value=-6.9798295993560687e-05 -0.0001440111252225258 0.0051202049785677127 -8.2787954474129215e-05 0.0013172489525859418 0 0.0017229099544313023 0.00060155419026788415 -7.4858773070418641e-05 0.00083952856177101076 0.00057958335868995594 0.00070350668804797657 2.3183504593815291e-06 0.00029117266946687942 0.00072572873042545181 0 0.00016373606382780461 -2.2898115136409565e-05 -7.554205249164195e-05 0.001129789933733668 -2.1142365835810564e-06 0 0 0.00048056051452228783 0.00025021357272635218 0.00029517817798059912 0 5.3109365340117767e-05 0.0003780038344288747 -5.1185612996980892e-05 5.0270530361255235e-07
leaf_weight=61 54 50 7332 79 50 50 93 1450 58 66 74 282 67 58 156 89 216 2310 62 148 66 142 87 52 86 91 303 51 656 311
leaf_count=61 54 50 7332 79 50 50 93 1450 58 66 74 282 67 58 156 89 216 2310 62 148 66 142 87 52 86 91 303 51 656 311
internal_value=1.99999e-06 0.00169727 -1.60172e-05 0.000102591 7.76705e-05 0.000683351 0.000304636 4.45314e-05 0.000122668 9.51795e-05 -1.89066e-05 0.000163639 -6.46086e-05 7.25452e-05 0.000217224 0.000422664 -6.74515e-05 -2.71189e-05 0.000219383 -5.50957e-05 3.6369e-05 0.000162191 0.000322389 3.18418e-06 7.4679e-05 0.000166631 0 0.000138869 -1.30039e-05 -5.87192e-05
internal_weight=14650 156 14494 4182 4103 204 154 3899 1782 1724 2117 356 10312 1658 303 147 10245 2913 278 2635 1355 279 137 106 325 177 1076 117 959 1761
internal_count=14650 156 14494 4182 4103 204 154 3899 1782 1724 2117 356 10312 1658 303 147 10245 2913 278 2635 1355 279 137 106 325 177 1076 117 959 1761
is_linear=0
shrinkage=0.05


Tree=13
num_leaves=31
num_cat=0
split_feature=133 90 103 18 133 44 141 77 49 2 105 0 2 137 124 82 160 187 103 49 138 83 116 28 137 74 112 28 185 187
split_gain=0.164884 0.320061 0.0303467 0.0424793 0.0292584 0.0282695 0.0326209 0.00805335 0.010048 0.00433916 0.00306601 0.00302984 0.00266707 0.00189109 0.00480457 0.0109996 0.0018757 0.00226042 0.00182896 0.00166761 0.00145392 0.00238186 0.0020362 0.00169105 0.00136711 0.00100678 0.000993568 0.00153401 0.00084064 0.000953915
threshold=88.200000000000003 25.063265306122453 1160.3000000000004 0.063537500000000011 80.210000000000022 782.50000000000011 25.640000000000004 275.55836775000006 1005.9500000000002 0.0035617145000000003 8.5000000000000018 0.41135000000000005 0.0049793635000000011 0.055000000000000007 -0.78656609248549325 25.900000000000006 0.39897959183673476 0.27266551746379503 995.55000000000018 977.55000000000007 3.9200000000000004 15.15 278.19181530000009 44.050000000000004 18.300000000000004 11.064285714285718 289.01983330000002 27.100000000000005 0.00062160438096293491 0.37564283052292169
decision_type=2 2 2 2 2 2 2 2 2 2 2 2 2 2 2 2 2 2 2 2 2 2 2 2 2 2 2 2 10 2
left_child=2 19 3 4 7 6 -6 8 9 20 -7 13 -11 14 15 -4 25 -18 -19 -2 21 22 -1 28 -15 -9 -16 -28 -22 -30
right_child=1 -3 11 -5 5 10 -8 16 -10 12 -12 -13 -14 24 26 -17 17 18 -20 -21 23 -23 -24 -25 -26 -27 27 -29 29 -31
leaf_value=0 0.00024870138148852517 0.0048692142788672316 -2.593476292308971e-05 0.0011338746577402884 0.00021266209960348563 0.00031933522111715076 0.0016282929746408222 8.8545577753191338e-06 0.00081258539650764952 0.00064396408674175475 -0.0001426900904003236 0.00025831377172170193 0.00011234200607641073 -7.5495688574952463e-05 -7.9968842797201918e-05 0.00059783270374755369 -6.1051184733933441e-05 0.00034591722039907356 1.7104914146849686e-05 -0.00013341732838733535 -4.0410399986218193e-05 0 0.00046804317878489945 0.00027617310710638778 0.00013337742145531887 -6.4894774177144598e-05 0.00025243683814998624 -5.201673066174542e-05 -2.4151640597286906e-05 0.00010488851381341556
leaf_weight=52 50 50 195 96 92 54 89 503 52 58 100 66 91 8710 921 99 138 97 139 56 445 121 83 63 61 1536 60 80 160 333
leaf_count=52 50 50 195 96 92 54 89 503 52 58 100 66 91 8710 921 99 138 97 139 56 445 121 83 63 61 1536 60 80 160 333
internal_value=2.12676e-06 0.00161407 -1.49879e-05 9.59012e-05 7.07575e-05 0.000519273 0.00094134 3.05272e-05 0.000123834 9.42475e-05 0 -6.22891e-05 0.000355529 -6.48977e-05 -5.78608e-06 0.000168475 -2.38078e-05 7.41559e-05 0.000174239 7.38156e-07 5.90437e-05 0.000169185 0.000312849 2.57449e-05 -7.3458e-05 -4.42552e-05 -5.88945e-05 4.38673e-05 3.32408e-06 5.29238e-05
internal_weight=14650 156 14494 4302 4206 335 181 3871 1458 1406 154 10192 149 10126 1355 294 2413 374 236 106 1257 256 135 1001 8771 2039 1061 140 938 493
internal_count=14650 156 14494 4302 4206 335 181 3871 1458 1406 154 10192 149 10126 1355 294 2413 374 236 106 1257 256 135 1001 8771 2039 1061 140 938 493
is_linear=0
shrinkage=0.05


Tree=14
num_leaves=31
num_cat=0
split_feature=133 83 177 93 6 50 9 45 92 133 155 177 142 119 2 167 155 0 82 175 2 113 174 25 77 128 173 16 132 114
split_gain=0.149077 0.251496 0.0267323 0.0245575 0.049473 0.00803045 0.00993615 0.00729391 0.00688343 0.0155527 0.0326598 0.00558256 0.0127998 0.0139991 0.00416853 0.00439992 0.00261998 0.00196125 0.00170554 0.00170459 0.00165681 0.00729121 0.00137977 0.00134232 0.00130569 0.00164593 0.00103168 0.000798553 0.00111057 0.00105087
threshold=88.200000000000003 14.450000000000001 -7.8140403478260928e-05 270.8449276500001 0.021504166666666668 1026.8500000000001 0.042777777777777783 94.500000000000014 20.050000000000008 80.660000000000011 0.51000000000000012 0.00052065196239130457 737.56509152187925 11.15 0.00064742850000000008 0.0039468399166666676 0.066000000000000031 0.41135000000000005 11.732000000000001 12.500000000000002 0.0035617145000000003 1.0500000000000003 6.5000000000000009 6.5000000000000009 274.02124170000008 9.8178751949767609 57.500000000000007 1.8050000000000004 4.5000000000000009 29.750000000000004
decision_type=2 2 2 2 2 2 2 2 2 2 2 2 2 2 2 2 2 2 2 10 2 2 8 2 2 2 10 2 2 2
left_child=2 -2 -1 8 5 11 -7 -6 17 16 -11 18 14 -14 22 -16 19 20 23 -10 -4 26 24 -5 25 -13 -22 28 29 -17
right_child=1 -3 3 4 7 6 -8 -9 9 10 -12 12 13 -15 15 27 -18 -19 -20 -21 21 -23 -24 -25 -26 -27 -28 -29 -30 -31
leaf_value=0.00093249887626813219 0 0.0042229070323810455 -7.4247730353301785e-05 0.00032961307483184594 0.0016141165016022954 6.1104948524319128e-06 0.001006855762896913 0.00055458813984241376 0.00040654137104610802 0.0015465526657219295 0 0.00041392444623852506 0.001238179456447072 0 0.00053602576608389573 0.00033664064270606418 -3.7369282442147918e-05 0.00019059539601357756 -5.1471616861179062e-05 8.6873816541844471e-06 -6.3721223581397681e-05 0.00054344038414184763 -7.0881896400402095e-05 0 0 4.3297680431877864e-05 8.7063163896177517e-05 0 0 0
leaf_weight=73 101 55 9283 51 56 69 50 52 56 51 94 51 51 50 86 88 995 63 1081 107 776 56 321 84 360 176 107 68 85 54
leaf_count=73 101 55 9283 51 56 69 50 52 56 51 94 51 51 50 86 88 995 63 1081 107 776 56 321 84 360 176 107 68 85 54
internal_value=2.21123e-06 0.00153495 -1.40456e-05 -1.92481e-05 0.000112132 6.8373e-05 0.000473145 0.00115961 -5.18059e-05 5.43495e-05 0.000540962 4.77973e-05 0.000116921 0.000662162 6.98428e-05 0.000208983 -2.68223e-06 -6.57447e-05 -2.71407e-05 0.000177507 -6.78322e-05 0 5.79277e-06 0.000129868 5.62748e-05 0.000149946 -3.97156e-05 9.52613e-05 0.000143308 0.000228386
internal_weight=14650 156 14494 14421 2833 2725 119 108 11588 1303 145 2606 1390 101 1289 381 1158 10285 1216 163 10222 939 908 135 587 227 883 295 227 142
internal_count=14650 156 14494 14421 2833 2725 119 108 11588 1303 145 2606 1390 101 1289 381 1158 10285 1216 163 10222 939 908 135 587 227 883 295 227 142
is_linear=0
shrinkage=0.05


Tree=15
num_leaves=31
num_cat=0
split_feature=133 82 103 0 133 166 30 77 49 100 30 75 47 83 92 49 133 29 2 185 81 12 83 28 99 139 50 112 117 133
split_gain=0.119645 0.220339 0.0287558 0.0310561 0.0258998 0.0259839 0.0114152 0.00897472 0.013048 0.00448686 0.00552251 0.00341687 0.00572888 0.0032146 0.00249521 0.00241484 0.00227798 0.00208133 0.00170191 0.00169531 0.00166512 0.0013542 0.00280013 0.0012237 0.00110408 0.00407487 0.0010484 0.000805553 0.000764297 0.00121924
threshold=88.200000000000003 24.716000000000005 1240.1000000000001 0.21365000000000003 79.980000000000004 0.008135649083333335 -1.9257142857142837 275.55836775000006 1005.9500000000002 4.4500000000000464 0.31428571428571334 6.5500000000000007 18.500000000000004 19.350000000000005 19.550000000000008 979.75000000000011 67.000000000000014 44.350000000000009 0.00093457300000000007 0.001288918891509434 31.250000000000004 0.096316070500000003 21.050000000000004 36.150000000000013 4.4500000000000464 69.145222415553789 1022.35 292.16485500000005 1.1500000000000001 78.110000000000014
decision_type=2 2 2 2 2 2 2 2 2 2 2 2 2 2 2 2 2 2 2 10 2 2 2 2 2 2 2 2 2 2
left_child=2 -2 3 4 7 6 13 8 9 19 11 12 -11 -6 26 -8 -16 -12 -13 -1 -21 24 -23 -20 28 -26 -9 -18 -4 -30
right_child=1 -3 21 -5 5 -7 15 14 -10 10 17 18 -14 -15 16 -17 27 -19 23 20 -22 22 -24 -25 25 -27 -28 -29 29 -31
leaf_value=-3.7117494483693369e-05 -2.6553488677348338e-06 0.0038927273447292732 -7.1222571144612443e-05 0.00097688450908874048 0.00022280676088904817 0.0011780805863539476 -0.00010351935984314577 -6.6903466619695661e-05 0.0009070024931943923 0.00077944687619510306 0.00016001955837447325 4.4818355812761863e-06 1.2005886801125594e-05 0.00097748255110905054 0 0.00023530997970192406 0.00032260757529355355 0.00080320000926982255 0.00033112958345920835 0.00037908763106350067 3.8578315117932915e-06 -3.4399961038114161e-05 0.00030037991487856806 0 -5.3530214071672943e-05 0.00043668176122831515 0 0 -3.4311502887171471e-05 0.00022680527873140258
leaf_weight=567 96 55 8607 96 51 95 149 1617 52 50 50 482 74 50 286 79 102 50 86 52 137 258 76 53 209 50 705 54 316 51
leaf_count=567 96 55 8607 96 51 95 149 1617 52 50 50 482 74 50 286 79 102 50 86 52 137 258 76 53 209 50 705 54 316 51
internal_value=3.82028e-06 0.00139957 -1.04616e-05 8.71147e-05 6.82393e-05 0.000441953 0.000211317 3.11418e-05 0.000123744 9.46331e-05 0.000173831 0.000117878 0.000365218 0.000651349 -2.24553e-05 0 8.24425e-05 0.000535883 5.9943e-05 0 0.000134863 -6.13417e-05 2.75214e-05 0.000215141 -6.51004e-05 2.31901e-05 -4.46022e-05 0.000235482 -6.8208e-05 0
internal_weight=14655 151 14504 4937 4841 424 329 4417 1653 1601 845 745 124 101 2764 228 442 100 621 756 189 9567 334 139 9233 259 2322 156 8974 367
internal_count=14655 151 14504 4937 4841 424 329 4417 1653 1601 845 745 124 101 2764 228 442 100 621 756 189 9567 334 139 9233 259 2322 156 8974 367
is_linear=0
shrinkage=0.05


Tree=16
num_leaves=31
num_cat=0
split_feature=93 13 137 94 95 6 120 142 50 135 180 180 85 126 92 42 2 6 104 2 137 86 83 141 89 141 23 35 174 99
split_gain=0.0389287 0.0698082 0.0695228 0.157872 0.0440926 0.0219701 0.0256717 0.0095012 0.00582566 0.00820199 0.00392441 0.00467741 0.00543561 0.00281053 0.00390424 0.00275123 0.00372944 0.0014324 0.00140289 0.00134278 0.00130777 0.00434448 0.0124345 0.00168142 0.000883892 0.00147898 0.00227042 0.00144348 0.000844238 0.000804514
threshold=267.14417930000008 0.0039296913055555565 1.0000000180025095e-35 16.500000000000004 4.5000000000000009 0.021504166666666668 274.80093255000003 760.84012673920699 1027.2500000000002 29.415000000000003 0.27083333333333343 0.4513888888888889 279.26549370000004 3.5000000000000004 7.3500000000000023 0.28500000000000009 0.0006863590000000001 0.023315277777777779 0.75000000000000011 0.00014858300000000001 0.065000000000000016 4.5000000000000009 15.15 28.365000000000006 38.350000000000001 34.190000000000005 17.618750000000006 274.75645275000005 5.5000000000000009 -1.6999999999999884
decision_type=2 2 2 2 2 2 2 2 2 2 2 2 2 2 2 2 2 2 2 2 2 2 2 2 2 2 2 2 10 2
left_child=20 2 3 7 -3 8 17 19 10 18 13 12 15 14 -4 16 -12 -7 -10 -2 21 -1 -23 -24 -15 -26 -27 -28 29 -17
right_child=1 4 5 -5 -6 6 -8 -9 9 -11 11 -13 -14 24 -16 28 -18 -19 -20 -21 -22 22 23 -25 25 26 27 -29 -30 -31
leaf_value=-7.1746714744450597e-05 -0.00015657583436650278 0.00028264216736291324 0 0.0032093159619334824 0.0023699922340085985 0.00029806490297005443 0.0014280525945340756 0.0006756871841557473 0.00020735498964352022 0.00071410198747697798 1.2778802486552414e-05 -4.8997004077808219e-05 0.00061531001008916072 -6.4973091283151302e-05 0.0004452156189674423 0 0.00047013742291276246 0 -8.2293513844958329e-05 0.0001496963516454621 -6.7902065973735794e-05 0.000700865954416804 0.00019980106879665985 -5.7924248437100153e-05 -4.5013765215530078e-05 0.00036613934230654896 0.00024269472733096109 -2.442259033478734e-06 -1.1421176571897792e-05 0.0001602845028888643
leaf_weight=1034 82 59 225 56 54 51 60 72 70 71 115 381 63 1312 72 83 110 61 77 58 7622 74 79 300 1199 51 62 651 266 185
leaf_count=1034 82 59 225 56 54 51 60 72 70 71 115 381 63 1312 72 83 110 61 77 58 7622 74 79 300 1199 51 62 651 266 185
internal_value=3.87145e-06 0.000108618 8.19274e-05 0.000866515 0.00133604 4.00892e-05 0.000595062 0.000212026 1.98549e-05 0.000272688 7.21033e-06 8.60172e-05 0.000154656 -1.7948e-05 0.000125709 0.000109081 0.000259591 9.58801e-05 2.23197e-05 0 -5.93591e-05 -1.21936e-05 0.000112586 0 -3.25365e-05 -8.28913e-06 4.2793e-05 1.21813e-05 3.59517e-05 0.000101426
internal_weight=14655 5546 5433 268 113 5165 172 212 4993 218 4775 1203 822 3572 297 759 225 112 147 140 9109 1487 453 379 3275 1963 764 713 534 268
internal_count=14655 5546 5433 268 113 5165 172 212 4993 218 4775 1203 822 3572 297 759 225 112 147 140 9109 1487 453 379 3275 1963 764 713 534 268
is_linear=0
shrinkage=0.05


Tree=17
num_leaves=31
num_cat=0
split_feature=133 82 103 0 137 88 85 32 81 30 77 180 134 49 112 67 15 30 137 164 1 12 91 99 186 85 137 8 187 15
split_gain=0.101029 0.191973 0.0237903 0.0252819 0.0221169 0.035927 0.0210074 0.0123333 0.00796431 0.0128695 0.0107776 0.0059923 0.00764034 0.00468455 0.00422633 0.00342866 0.00512369 0.00231707 0.00132119 0.00128413 0.00107549 0.000961612 0.00196075 0.00102211 0.00390931 0.000956871 0.000925067 0.000857971 0.000818376 0.000687262
threshold=88.200000000000003 24.716000000000005 1272.5500000000004 0.21365000000000003 1.0000000180025095e-35 36.312500000000007 277.27119520000002 4.0500000000000007 28.950000000000003 -3.5399999999999996 274.71475915000002 0.28472222222222227 5.245000000000001 963.45000000000016 276.56221820000002 6.5500000000000007 0.00012708333333333335 0.31428571428571334 0.7350000000000001 0.49305555555555564 0.022884034500000004 0.096316070500000003 21.050000000000004 4.4500000000000464 0.00019503218916616457 272.96546835000009 18.300000000000004 0.014827087462371482 0.45409440693244146 0.00024375000000000002
decision_type=2 2 2 2 2 2 2 2 2 2 2 2 2 2 2 2 2 2 2 2 2 2 2 2 8 2 2 2 2 2
left_child=2 -2 3 4 5 7 -5 -1 9 10 -6 20 -13 -14 15 16 -11 19 -18 27 -10 23 -23 26 -25 -22 -4 -15 -16 -30
right_child=1 -3 21 6 8 -7 -8 -9 11 14 -12 12 13 17 28 -17 18 -19 -20 -21 25 22 -24 24 -26 -27 -28 -29 29 -31
leaf_value=0.00081283308183827281 -1.9080404971711835e-05 0.0036140565241553958 -6.5262622724408985e-05 0.0015829658990397172 0.0001775070055404324 0.0017054902046752082 4.5005695003124374e-05 -4.9245624193699495e-05 -5.6881594272536576e-05 0.0008273258020786811 0.0011300784595689531 0.00069748234838092082 0.00051834090134467593 0.00022612358915733289 -4.7974208800047278e-05 5.1848748206095986e-05 0.00033309627818653106 0.00030686991418192258 0 -3.759622540440127e-05 0.00017141792827899175 -3.2393539842137132e-05 0.00025593495828919309 -5.026534598298548e-05 0.00042925153505148409 -3.6846486113587063e-06 0.00010256870438024633 0 0 0.00012992212057787194
leaf_weight=54 96 55 8686 50 93 51 52 133 2083 51 58 53 54 89 351 214 51 67 64 532 83 254 71 209 50 559 59 89 170 174
leaf_count=54 96 55 8686 50 93 51 52 133 2083 51 58 53 54 89 351 214 51 67 64 532 83 254 71 209 50 559 59 89 170 174
internal_value=3.83039e-06 0.00128642 -9.26564e-06 7.62908e-05 5.94727e-05 0.000530512 0.000855501 0.000176101 3.51473e-05 0.000145237 0.000581318 -8.95609e-07 0.000110703 6.64764e-05 7.88522e-05 0.000212818 0.000388839 2.802e-05 0.000145821 0 -3.89602e-05 -5.72647e-05 1.58496e-05 -6.04604e-05 2.43696e-05 1.14086e-05 -6.3547e-05 0.000117158 0 5.98501e-05
internal_weight=14655 151 14504 5175 5073 238 102 187 4835 1226 151 3609 884 831 1075 380 166 777 115 710 2725 9329 325 9004 259 642 8745 178 695 344
internal_count=14655 151 14504 5175 5073 238 102 187 4835 1226 151 3609 884 831 1075 380 166 777 115 710 2725 9329 325 9004 259 642 8745 178 695 344
is_linear=0
shrinkage=0.05


Tree=18
num_leaves=31
num_cat=0
split_feature=133 86 93 133 36 94 11 99 35 93 112 23 174 69 101 155 160 85 169 160 140 164 176 91 99 29 105 6 101 186
split_gain=0.0910801 0.173225 0.0206023 0.0250934 0.028545 0.0486831 0.0237234 0.018868 0.0127152 0.00386349 0.00523893 0.00659477 0.00300726 0.00298948 0.00616841 0.00217676 0.00288725 0.00214963 0.00118975 0.00113496 0.00109893 0.00104264 0.00115044 0.00100848 0.000975447 0.00371447 0.000904465 0.000835866 0.00081043 0.000688346
threshold=88.200000000000003 4.5000000000000009 267.14417930000008 79.980000000000004 268.08106340000001 15.500000000000002 0.0056461346597222236 1.850000000000023 281.20417655000006 270.77153565000009 276.01681990000003 18.550694444444449 5.5000000000000009 274.30108975000007 -5.6984662499999947 0.034000000000000009 0.5112244897959185 278.86763515000007 0.0011362195624999999 0.42142857142857149 61.045000000000009 0.43750000000000006 24.500000000000004 32.70000000000001 4.4500000000000464 41.70000000000001 9.5000000000000018 0.00031944444444444452 1.0321560999999806 -6.8023289306229137e-06
decision_type=2 2 2 2 2 2 2 2 2 2 2 2 8 2 2 2 2 2 2 2 2 2 10 2 2 2 2 2 2 8
left_child=2 -2 24 6 17 8 9 28 -6 20 11 -11 13 14 -13 18 -17 -5 29 -10 -4 -20 -23 -14 -1 -26 27 -22 -8 -12
right_child=1 -3 3 4 5 -7 7 -9 19 10 15 12 23 -15 -16 16 -18 -19 21 -21 26 22 -24 -25 25 -27 -28 -29 -30 -31
leaf_value=-5.8255390878314014e-05 -6.9796406228016036e-05 0.003343222965367959 -4.5449531016870474e-05 -0.00013000109424280334 0.00097206998895853756 0.0021887500551327744 0 0.0013007014309987426 -9.3514163998166487e-05 0.00057608150802196986 1.0458709671732329e-06 0 -1.5479244510335668e-06 4.7228235682960746e-05 0.00067143411002710792 0.00035463700713172342 -3.8850935856245603e-05 0.00024783416462014434 -1.4160367337695481e-05 0.0001990195577225856 0 0.00020479984033714598 0 0.00019985879194185448 -4.7567001907117761e-05 0.00042249957432824317 -3.0549733508248903e-06 0.00023396412480211948 0.00028257094422359861 -7.0011379421330445e-05
leaf_weight=8787 93 58 1992 128 59 51 52 64 52 89 397 52 423 162 84 98 50 51 188 60 56 160 103 65 187 50 179 92 50 723
leaf_count=8787 93 58 1992 128 59 51 52 64 52 89 397 52 423 162 84 98 50 51 188 60 56 160 103 65 187 50 179 92 50 723
internal_value=3.82952e-06 0.00122164 -8.58765e-06 6.74657e-05 0.000448857 0.000826561 3.62872e-05 0.00062313 0.000380861 1.53188e-05 5.79041e-05 0.000157637 0.000103231 0.000229795 0.000408835 4.16911e-06 0.000188776 0 -1.01506e-05 1.93269e-05 -3.01658e-05 5.37947e-05 0.00012118 1.54077e-05 -5.53289e-05 3.19533e-05 4.75497e-05 0.000141921 0.000140943 -4.03854e-05
internal_weight=14655 151 14504 5480 401 222 5079 166 171 4913 2594 875 786 298 136 1719 148 179 1571 112 2319 451 263 488 9024 237 327 148 102 1120
internal_count=14655 151 14504 5480 401 222 5079 166 171 4913 2594 875 786 298 136 1719 148 179 1571 112 2319 451 263 488 9024 237 327 148 102 1120
is_linear=0
shrinkage=0.05


Tree=19
num_leaves=31
num_cat=0
split_feature=133 90 103 18 133 44 85 77 28 126 2 35 85 133 18 4 92 133 133 96 138 133 28 85 113 99 141 77 140 169
split_gain=0.0821042 0.160054 0.0198539 0.0269989 0.0130864 0.0255544 0.0118733 0.00671183 0.00483505 0.01013 0.00399113 0.00354291 0.00276141 0.00561527 0.00254955 0.00206225 0.00191389 0.00187047 0.00415526 0.00250485 0.00171063 0.00190355 0.00167752 0.001112 0.000839268 0.00955954 0.000765651 0.000601453 0.0011784 0.000578009
threshold=88.200000000000003 24.10510204081633 1120.4000000000003 0.06499583333333335 79.980000000000004 322.50000000000006 281.62169450000005 275.55836775000006 7.0500000000000007 22.500000000000004 0.0035617145000000003 280.64667220000007 276.14923485000003 80.210000000000022 0.063537500000000011 0.004290368000000001 15.650000000000004 55.255000000000003 13.645000000000001 43.112500000000004 6.6100000000000003 26.335000000000004 24.600000000000005 274.35109570000003 1.3500000000000003 1.5999999999999661 25.640000000000004 286.32691830000005 71.610000000000014 0.00020272681249999984
decision_type=2 2 2 2 2 2 2 2 2 2 2 2 2 2 2 2 2 2 2 2 2 2 2 2 2 2 2 2 2 2
left_child=2 -2 3 4 7 -6 11 8 9 -1 17 -7 24 14 -14 -12 -9 18 29 23 -18 -22 -23 -20 27 -26 -13 -4 -29 -10
right_child=1 -3 12 -5 5 6 -8 16 10 -11 15 26 13 -15 -16 -17 20 -19 19 -21 21 22 -24 -25 25 -27 -28 28 -30 -31
leaf_value=1.580907285378705e-05 0 0.0034100071832430193 -6.1253703139982414e-05 0.0010125094682772238 0.0010744843635378252 0.00017195459636314321 0.00078385082487026627 -4.6111676185940133e-05 7.5218386358031353e-05 0.00092124030145551553 0.00054401720843290813 -4.0987560677882518e-05 -2.2141235623083104e-05 0.00049627290008070536 0.00028530166544915619 3.7159117126418185e-05 -8.4756656888955214e-06 -3.3678477723927554e-05 0.00020042041620127384 0.00050344765025813528 0 0.00040870650624888336 1.215556470302959e-05 0 -5.6254989125604279e-05 0.00065240682835932462 -0.00038438574669898715 -3.0590627156947018e-05 0.00020070787700076059 -5.0647875413430566e-05
leaf_weight=92 100 51 8010 77 92 86 50 1626 127 57 71 80 880 60 72 61 265 374 166 76 77 90 78 88 557 51 57 849 55 280
leaf_count=92 100 51 8010 77 92 86 50 1626 127 57 71 80 880 60 72 61 265 374 166 76 77 90 78 88 557 51 57 849 55 280
internal_value=3.73399e-06 0.00115999 -8.03814e-06 8.68155e-05 6.69668e-05 0.00035314 8.87667e-05 3.58514e-05 0.00012172 0.000399348 8.41272e-05 -4.75639e-05 -4.42656e-05 3.11878e-05 0 0.000349422 -1.77991e-05 4.78247e-05 9.59492e-05 0.000227839 6.25968e-05 0.000159518 0.000255341 0.000124114 -5.28122e-05 0 -0.000221843 -5.66984e-05 -1.07872e-05 0
internal_weight=14655 151 14504 3970 3893 365 273 3528 1392 149 1243 223 10534 1012 952 132 2136 1111 737 330 510 245 168 254 9522 608 137 8914 904 407
internal_count=14655 151 14504 3970 3893 365 273 3528 1392 149 1243 223 10534 1012 952 132 2136 1111 737 330 510 245 168 254 9522 608 137 8914 904 407
is_linear=0
shrinkage=0.05


Tree=20
num_leaves=31
num_cat=0
split_feature=133 90 103 18 137 44 19 112 96 133 138 50 88 92 176 15 131 82 96 170 81 43 174 15 92 185 189 110 116 187
split_gain=0.104729 0.241776 0.0174376 0.0259633 0.0161661 0.0230952 0.0132416 0.00525072 0.00435125 0.00797592 0.00576562 0.00327465 0.0052116 0.00326549 0.00896695 0.00298547 0.00720133 0.0275153 0.00436584 0.00510028 0.00201782 0.00193669 0.00180421 0.00182478 0.00218819 0.000871713 0.000937406 0.00084027 0.000814254 0.000788606
threshold=88.200000000000003 25.328571428571433 1113.7500000000002 0.06499583333333335 1.0000000180025095e-35 802.50000000000011 -6.5714285714285064e-05 277.25485630000009 42.625000000000007 13.645000000000001 6.7200000000000015 1026.7500000000002 27.112500000000008 19.550000000000008 13.500000000000002 0.00092500000000000015 33.845472724088289 26.214000000000002 44.337500000000013 0.51844524234903833 28.650000000000002 0.32750000000000007 5.5000000000000009 0.00023854166666666669 7.8500000000000014 0.0005219586619252686 26.500000000000004 10.850000000000003 270.15380325000007 0.28207409468225952
decision_type=2 2 2 2 2 2 2 2 2 2 2 2 2 2 8 2 2 2 2 2 2 2 8 2 2 10 8 2 2 2
left_child=2 28 3 4 5 6 -1 8 11 21 -11 25 -13 20 -15 -4 17 -17 -18 -20 22 -10 23 -9 -25 -6 -27 -28 -2 -16
right_child=1 -3 15 -5 7 -7 -8 13 9 10 -12 12 -14 14 29 16 18 -19 19 -21 -22 -23 -24 24 -26 26 27 -29 -30 -31
leaf_value=0.0016330124731928877 8.5685040748242078e-05 0.0041212830930838695 -5.766120427295714e-05 0.0010214523418905367 -6.4734198732252423e-05 -2.8131171908777685e-06 0.00032397883687246162 0 0.00033031643545192082 0.00097373741346346509 0.0001872380473832891 0.00063670109333229614 0 0.00062310530336884165 -0.00011466640269314997 -1.6405962189619834e-06 -4.7668887531976709e-05 0.0011272132128508372 0.00050773464461886569 1.1183038571952067e-05 -5.5502970268269861e-05 0 -8.1287886866369415e-06 1.5940420944389185e-05 0.00055562175064831256 -1.4790769161343672e-05 0 0.00017226562789349052 -0.00017226495291753155 6.2878283009463443e-05
leaf_weight=50 58 50 7499 72 235 95 51 100 53 60 71 57 59 74 87 234 2509 66 75 235 1609 172 310 63 51 178 84 188 53 205
leaf_count=50 58 50 7499 72 235 95 51 100 53 60 71 57 59 74 87 234 2509 66 75 235 1609 172 310 63 51 178 84 188 53 205
internal_value=6.77947e-06 0.00127123 -6.96234e-06 8.26726e-05 6.35671e-05 0.000506906 0.00103069 3.83001e-05 0.000126363 0.000275307 0.000589993 5.36709e-05 0.000299337 -5.06159e-07 0.000135137 -4.05634e-05 0 0.000233016 -2.42631e-05 0.00014864 -2.61765e-05 6.81665e-05 5.42842e-05 0.000167569 0.000303587 4.40464e-06 5.16604e-05 0.000113357 0 0
internal_weight=14703 161 14542 3924 3852 196 101 3656 1157 356 131 801 116 2499 366 10618 3119 300 2819 310 2133 225 524 214 114 685 450 272 111 292
internal_count=14703 161 14542 3924 3852 196 101 3656 1157 356 131 801 116 2499 366 10618 3119 300 2819 310 2133 225 524 214 114 685 450 272 111 292
is_linear=0
shrinkage=0.05


Tree=21
num_leaves=31
num_cat=0
split_feature=133 90 177 61 171 186 92 133 50 99 54 23 101 59 44 2 101 187 126 172 42 16 163 3 133 116 186 29 41 93
split_gain=0.0946937 0.218653 0.0150801 0.0150315 0.033062 0.0111487 0.00634673 0.0137286 0.0272412 0.00373133 0.00318521 0.00424817 0.00420967 0.00373792 0.00185275 0.00177919 0.00611225 0.00135239 0.0010844 0.00102426 0.00114832 0.00102209 0.000992633 0.000918825 0.000840823 0.000736272 0.000712919 0.000639823 0.000714727 0.000615613
threshold=88.200000000000003 25.328571428571433 -7.8140403478260928e-05 187.40000000000003 -0.044102210999999995 0.0016418114156527908 20.050000000000008 80.390000000000015 1014.4500000000002 1.6999999999999889 0.055000000000000007 21.881250000000001 -4.0106901999999982 10.565150000000001 367.50000000000006 0.0035617145000000003 -7.8651292000000117 0.27266551746379503 32.500000000000007 7.5000000000000009 0.17500000000000002 1.2550000000000001 0.34027777777777785 0.66968249400000013 80.210000000000022 270.15380325000007 -3.1113644199356035e-05 24.550000000000004 65.500000000000014 271.47531805000006
decision_type=2 2 2 2 2 10 2 2 2 2 2 2 2 2 2 2 2 2 2 10 2 2 2 2 2 2 8 2 2 2
left_child=2 25 -1 4 -4 9 15 14 -9 24 11 12 -11 19 17 23 -17 -8 21 20 -13 -18 -19 -5 26 -2 29 28 -16 -6
right_child=1 -3 3 6 5 -7 7 8 -10 10 -12 13 -14 -15 27 16 18 22 -20 -21 -22 -23 -24 -25 -26 -27 -28 -29 -30 -31
leaf_value=0.00068591741262561973 8.1473404866686655e-05 0.0039192593290456844 0.0010908160414280236 -5.4126376123146215e-05 0.00019318514285857907 0.00070774738469644137 0 0 0.0013018644450585272 0.00068819577199053135 0 0.00033971405319409157 5.6183143272143959e-06 0.00050510427491760564 0.00021900450193617656 0.0004174978119232853 -7.9548859898357358e-06 0 -5.3310427599506899e-05 -5.7093337198944106e-06 3.4105808304751182e-05 0.00018127028472254345 0.0003346229101278757 0.00011967538254161886 -0.00019983443227359994 -0.000163811212384004 -2.7538599222763151e-05 -4.047626955953345e-05 0 0
leaf_weight=77 58 50 82 9778 72 66 87 114 63 76 404 54 54 54 50 86 80 54 683 248 193 110 88 58 61 53 794 899 53 104
leaf_count=77 58 50 82 9778 72 66 87 114 63 76 404 54 54 54 50 86 80 54 683 248 193 110 88 58 61 53 794 899 53 104
internal_value=6.56636e-06 0.00120891 -6.48364e-06 -1.05622e-05 0.00010728 6.75091e-05 -3.28227e-05 6.55345e-05 0.000476218 4.48313e-05 0.000110347 0.000176412 0.000445039 0.000103018 2.08718e-06 -4.61195e-05 1.49319e-05 0.000133563 -1.94367e-05 4.81435e-05 0.000122181 7.5794e-05 0.000228769 -5.25812e-05 -1.91842e-05 0 -2.48032e-06 -2.30789e-05 7.96202e-05 8.1835e-05
internal_weight=14703 161 14542 14465 2262 2180 12203 1408 177 2114 1083 679 130 549 1231 10795 959 229 873 495 247 190 142 9836 1031 111 970 1002 103 176
internal_count=14703 161 14542 14465 2262 2180 12203 1408 177 2114 1083 679 130 549 1231 10795 959 229 873 495 247 190 142 9836 1031 111 970 1002 103 176
is_linear=0
shrinkage=0.05


Tree=22
num_leaves=31
num_cat=0
split_feature=133 83 103 0 133 44 141 42 77 22 75 124 28 179 43 189 142 94 2 101 36 13 77 140 83 116 185 44 28 169
split_gain=0.0856124 0.170602 0.0145931 0.0177179 0.0161294 0.0178065 0.0212337 0.00499478 0.00487767 0.004754 0.00396577 0.0082001 0.00292303 0.00147789 0.00172094 0.00150899 0.00129267 0.00111324 0.000955202 0.00589325 0.000951993 0.00184247 0.000950383 0.00251138 0.000910081 0.000901523 0.00084556 0.0009429 0.000760495 0.000849338
threshold=88.200000000000003 15.050000000000002 1272.5500000000004 0.21365000000000003 79.980000000000004 782.50000000000011 25.640000000000004 1.3050000000000004 275.70111860000003 36.500000000000007 6.7500000000000009 0.91597561503675351 44.050000000000004 2.8500596340768512e-06 0.39750000000000008 32.45000000000001 786.39888458605481 3.5000000000000004 0.0035617145000000003 -7.8651292000000117 266.94897045000005 0.00067930297916666681 286.32691830000005 71.610000000000014 13.850000000000003 287.96029095000006 0.00062160438096293491 882.50000000000011 7.0500000000000007 1.2291666666663975e-09
decision_type=2 2 2 2 2 2 2 2 2 2 2 2 2 8 2 10 2 2 2 2 2 2 2 2 2 2 8 2 2 2
left_child=2 17 3 4 8 6 9 -7 10 -6 11 20 13 14 24 -16 25 -2 22 -20 -1 -22 -4 -24 26 -10 -12 -28 29 -27
right_child=1 -3 18 -5 5 7 -8 -9 16 -11 12 -13 -14 -15 15 -17 -18 -19 19 -21 21 -23 23 -25 -26 28 27 -29 -30 -31
leaf_value=-7.8577202954657434e-06 -8.9246164329853835e-05 0.0035441633940254355 -5.4495926766943365e-05 0.00073041781446034067 -6.0452986279469502e-05 -0.00015791763406716578 0.0012043124754064142 0.00041706115162050281 -5.2332700589806891e-05 0.00049250655363721309 -3.9094026256016516e-06 0.00077843505276149023 0.00031209403233677807 0.00022367714548992177 0 0.00036580815945645094 0.00018617089659370405 0.00021028293931382136 0.00039686284172341991 -3.7104123165119775e-05 0.00034181950459011642 0 -2.0709000287409159e-05 0.00034002148185619251 -3.6207851484202781e-05 0 0.00022889647373193402 0 -7.7814190165114928e-06 0.00025249544436284794
leaf_weight=70 60 50 7584 97 66 144 98 50 1521 63 141 62 102 91 57 60 68 51 86 750 70 56 890 50 847 64 107 92 1195 61
leaf_count=70 60 50 7584 97 66 144 98 50 1521 63 141 62 102 91 57 60 68 51 86 750 70 56 890 50 847 64 107 92 1195 61
internal_value=6.40741e-06 0.00114965 -5.98422e-06 6.09245e-05 4.70293e-05 0.000343766 0.000643408 0 1.91044e-05 0.000172847 8.54503e-05 0.000270772 5.00138e-05 2.70595e-05 9.34615e-06 0.000192888 -1.92195e-05 4.38122e-06 -4.35638e-05 1.98551e-06 8.16677e-05 0.000170444 -4.86173e-05 0 -4.68353e-06 -2.59587e-05 5.90622e-05 0.000128477 6.62974e-07 0.000120495
internal_weight=14703 161 14542 5182 5085 421 227 194 4664 129 1755 258 1497 1395 1304 117 2909 111 9360 836 196 126 8524 940 1187 2841 340 199 1320 125
internal_count=14703 161 14542 5182 5085 421 227 194 4664 129 1755 258 1497 1395 1304 117 2909 111 9360 836 196 126 8524 940 1187 2841 340 199 1320 125
is_linear=0
shrinkage=0.05


Tree=23
num_leaves=31
num_cat=0
split_feature=133 90 177 93 0 54 133 92 133 50 100 124 92 50 42 169 167 93 135 172 2 113 84 188 96 15 135 126 136 134
split_gain=0.077412 0.182504 0.0129425 0.0128765 0.0270993 0.00638774 0.00859166 0.00416057 0.0106036 0.0219805 0.00397607 0.00405975 0.00541486 0.00209969 0.00184917 0.00172639 0.00185571 0.0015754 0.00160984 0.00142347 0.00131678 0.00467897 0.0012747 0.00128496 0.00101186 0.0029112 0.000789869 0.00165052 0.000739435 0.000767236
threshold=88.200000000000003 25.328571428571433 -7.8140403478260928e-05 270.77153565000009 0.21365000000000003 0.055000000000000007 79.980000000000004 20.050000000000008 80.660000000000011 1014.2500000000001 4.400000000000035 0.91597561503675351 7.450000000000002 1027.4500000000003 0.17500000000000002 0.00079369131249999974 0.0035578985000000005 271.91319415000004 35.415000000000006 6.5000000000000009 0.00097368600000000008 1.3500000000000003 0.65000000000000024 1.5000000000000002 42.175000000000011 0.0019656250000000008 7.1850000000000014 40.500000000000007 0.33500000000000008 9.2150000000000016
decision_type=2 2 2 2 2 2 2 2 2 2 2 2 2 2 2 2 2 2 2 10 2 2 2 2 2 2 2 2 2 2
left_child=2 -2 -1 7 5 6 10 20 22 -10 13 14 -13 -5 19 17 -17 18 -7 -12 -4 24 23 -9 -22 -26 27 -24 29 -16
right_child=1 -3 3 4 -6 15 -8 8 9 -11 11 12 -14 -15 28 16 -18 -19 -20 -21 21 -23 26 -25 25 -27 -28 -29 -30 -31
leaf_value=0.00063583969259455519 0 0.0035697477786144349 -5.191167193013205e-05 -8.9764882358528666e-06 0.0011063199978525518 0.00018505305992346082 0.00074893815966110421 0.00028150388371820252 0 0.0012401971644616094 0.00051764519094985929 4.2833142690404321e-05 0.00083159128365662338 0.00031857918413991755 0 0.00030166254235664382 1.6675639902727061e-05 -8.0981147824240902e-05 -4.4351043433152883e-05 1.6472820357543799e-05 -4.3843062469113649e-05 0.00040029825964112484 0.00030354249617304516 0 -2.608216010926995e-05 0.00029312790881811713 -4.4164007551724077e-05 0 0 0.00030223865032055004
leaf_weight=77 111 50 8683 550 63 130 58 74 95 54 52 58 58 51 65 74 467 799 127 51 1199 68 52 55 221 92 857 115 246 51
leaf_count=77 111 50 8683 550 63 130 58 74 95 54 52 58 58 51 65 74 467 799 127 51 1199 68 52 55 221 92 857 115 246 51
internal_value=6.18165e-06 0.0010933 -5.58476e-06 -9.38854e-06 8.4315e-05 5.94761e-05 0.000144709 -3.33229e-05 4.90476e-05 0.000444549 0.000110226 0.000204084 0.000483684 1.09968e-05 0.000122716 -3.62391e-06 6.5367e-05 -4.37274e-05 5.25776e-05 0.000320113 -4.42636e-05 0 0 0.000144938 -2.05823e-05 5.24543e-05 -2.10882e-05 6.71268e-05 5.20497e-05 0.00015558
internal_weight=14703 161 14542 14465 2900 2837 1240 11565 1302 149 1182 581 116 601 465 1597 541 1056 257 103 10263 1580 1153 129 1512 313 1024 167 362 116
internal_count=14703 161 14542 14465 2900 2837 1240 11565 1302 149 1182 581 116 601 465 1597 541 1056 257 103 10263 1580 1153 129 1512 313 1024 167 362 116
is_linear=0
shrinkage=0.05


Tree=24
num_leaves=31
num_cat=0
split_feature=133 94 103 165 120 133 56 94 99 112 93 50 138 175 180 2 164 88 104 1 134 116 15 15 118 88 140 187 164 43
split_gain=0.0697835 0.14775 0.012137 0.0145904 0.0154643 0.0134005 0.0153251 0.0203182 0.0138949 0.00372613 0.00497962 0.00260819 0.00468299 0.00205011 0.00173463 0.00156423 0.00233897 0.00116914 0.00201198 0.00113687 0.00135521 0.00101336 0.00094537 0.00381406 0.00739036 0.00143695 0.00259844 0.000873827 0.00072637 0.000672242
threshold=88.200000000000003 15.500000000000002 1272.5500000000004 0.099558759562500002 273.38882665000006 79.980000000000004 -5.0540500499999714 15.500000000000002 0.25000000000000006 272.23603120000007 271.39758525000008 1026.7500000000002 13.125000000000002 14.500000000000002 0.25694444444444448 0.0006863590000000001 0.39583333333333343 20.287500000000005 0.45000000000000007 0.23460493450000003 10.800000000000002 270.00482955000007 0.00092500000000000015 0.00094270833333333348 14.15 40.187500000000007 17.375000000000004 0.28207409468225952 0.49305555555555564 0.32650000000000007
decision_type=2 2 2 2 2 2 2 2 2 2 2 2 2 8 2 2 2 2 2 2 2 2 2 2 2 2 2 2 2 2
left_child=2 21 3 5 -5 9 13 8 -8 10 -1 14 27 -7 17 16 -16 18 -11 20 -17 -2 -4 24 -24 -25 -27 29 -28 -13
right_child=1 -3 22 4 -6 6 7 -9 -10 11 -12 12 -14 -15 15 19 -18 -19 -20 -21 -22 -23 23 25 -26 26 28 -29 -30 -31
leaf_value=0 6.0244193054545157e-05 0.00308906249812265 -5.0032755509922959e-05 0 0.0010954347180012374 0.00019793368951771603 -2.9105506477446666e-05 0.0012881938173642186 0.0008666294854313795 -4.8844040257565824e-06 0.00062046623918446387 -0.00017292236853529052 0.00056589272500755141 -0.00016414283123564877 0.00026419327579603734 6.0400785075177303e-05 -2.2101716924644095e-05 -3.4337606781694267e-05 0.00025148230642839739 0 0.00033410249574327794 -0.0002153888253311519 -4.8933581094553864e-05 -4.182589722762969e-05 0.00071420924378449296 -1.0833345881238187e-05 0.00038481221210139878 0.00016726999362180761 1.6404502191737493e-06 2.0921594550332776e-05
leaf_weight=105 54 56 6578 66 68 50 121 71 59 185 58 58 56 120 78 183 683 2792 99 79 108 51 54 2307 51 255 64 76 51 67
leaf_count=105 54 56 6578 66 68 50 121 71 59 185 58 58 56 120 78 183 683 2792 99 79 108 51 54 2307 51 255 64 76 51 67
internal_value=6.04407e-06 0.00103821 -5.1102e-06 5.58768e-05 0.000571791 4.1081e-05 0.000311446 0.000560305 0.000240038 1.53387e-05 0.000250179 5.58977e-06 0.000160294 -2.78752e-05 -2.70856e-06 4.8823e-05 9.891e-07 -2.32906e-05 6.75078e-05 0.000133461 0.0001799 -2.72339e-05 -3.94111e-05 -1.24908e-05 0.000277807 -2.58437e-05 6.01746e-05 2.02972e-05 0.000259466 -2.9998e-05
internal_weight=14703 161 14542 5182 134 5048 421 251 180 4627 163 4464 257 170 4207 1131 761 3076 284 370 291 105 9360 2782 105 2677 370 201 115 125
internal_count=14703 161 14542 5182 134 5048 421 251 180 4627 163 4464 257 170 4207 1131 761 3076 284 370 291 105 9360 2782 105 2677 370 201 115 125
is_linear=0
shrinkage=0.05


end of trees

feature_importances:
pct_forest=57
last_N_t=30
cumul_gust_since_onset=23
mslma_t=22
pct_wetland=21
min_t2m_next_6h=17
total_tp_next_48h=17
last_osi=16
min_t2m_next_24h=16
gust_mean_next_48h=16
storm_onset_mean_osi=15
gust_last_obs=15
P_active_frac_obs=14
pre_event_mean_osi=13
min_t2m_next_48h=13
gust_mean_next_24h=12
wind_speed_max_next_24h=12
blh_t=11
t2m_at_t6h=11
soil_moist_t=10
gust_max_next_24h=10
t2m_at_t24h=10
t2m_at_t48h=10
pct_unmapped=10
sp_t=9
gust_peak4h_mean_next_48h=9
temp_change_6h=9
gust_to_N_best_corr_obs=9
vpd_t=8
pressure_change_3h=8
pct_developed=8
R_nonzero_frac_obs=8
gust_peak4h_mean_next_24h=7
hours_since_obs=7
D_mean_last24_obs=7
gust_trend_last6h_obs=6
gust_gt30_next_48h=6
tp_at_t6h=6
tree_canopy_std=6
tp_rate_next_48h=6
last_R_t=5
osi_mean_72h=5
N_t_max_72h=5
gust_mean_obs=5
wind_speed_max_next_48h=5
pressure_change_6h=5
cumul_tp_since_onset=5
hour_cos=5
log_customers=5
pop_density=5
pct_agriculture=5
tree_canopy_pct=5
hours_since_R_peak_obs=5
first_material_N_hour_obs=5
P_trend_last24_obs=5
P_change_per_gust_excess_obs=5
last_P_t=4
last_D_t=4
gust_max_last6h_obs=4
wind_speed_max_next_6h=4
gust_gt30_next_24h=4
gust_at_t24h=4
wind_speed_at_t48h=4
forest_x_customers=4
N_mean_last24_obs=4
flow_balance_last24_obs=4
hours_since_N_peak_obs=4
N_per_gust_excess_obs=4
outage_pct_mean_72h=3
pre_event_max_outage_pct=3
gust_max_obs=3
wind_speed_t=3
t2m_t=3
d2m_t=3
soil_moist_x_gust=3
gust_x_hso=3
wind_speed_max_next_1h=3
tp_rate_next_24h=3
P_mean_last24_obs=3
restoration_ratio_obs=3
P_D_gap_last_obs=3
hours_since_P_peak_obs=3
first_material_R_hour_obs=3
gust_at_first_material_N_obs=3
N_t_mean_72h=2
R_t_mean_72h=2
R_t_max_72h=2
frac_zero_72h=2
gust_gt30_obs=2
tcc_t=2
et0_t=2
total_tp_next_24h=2
gust_max_next_48h=2
gust_gt40_next_48h=2
gust_gt30_since_onset=2
wind_speed_at_t6h=2
n_utilities=2
pct_forest_classified=2
N_nonzero_frac_obs=2
osi_std_72h=1
osi_trend_last6h=1
hours_since_peak=1
gust_gt40_obs=1
wind_sin_t=1
wind_cos_t=1
r2_t=1
mcc_t=1
direct_rad_t=1
dewpoint_c_t=1
gust_mean_next_1h=1
min_t2m_next_1h=1
gust_max_next_6h=1
gust_mean_next_6h=1
wind_speed_at_t1h=1
t2m_at_t1h=1
gust_at_t6h=1
wind_speed_at_t24h=1
tp_at_t24h=1
gust_at_t48h=1
tp_at_t48h=1
pct_water=1
P_post_peak_slope_obs=1
gust_to_N_best_lag_obs=1

parameters:
[boosting: gbdt]
[objective: huber]
[metric: rmse]
[tree_learner: serial]
[device_type: cpu]
[data_sample_strategy: bagging]
[data: ]
[valid: ]
[num_iterations: 2000]
[learning_rate: 0.05]
[num_leaves: 31]
[num_threads: -1]
[seed: 42]
[deterministic: 0]
[force_col_wise: 0]
[force_row_wise: 0]
[histogram_pool_size: -1]
[max_depth: -1]
[min_data_in_leaf: 50]
[min_sum_hessian_in_leaf: 0.001]
[bagging_fraction: 0.8]
[pos_bagging_fraction: 1]
[neg_bagging_fraction: 1]
[bagging_freq: 5]
[bagging_seed: 42]
[bagging_by_query: 0]
[feature_fraction: 0.8]
[feature_fraction_bynode: 1]
[feature_fraction_seed: 42]
[extra_trees: 0]
[extra_seed: 12879]
[early_stopping_round: 0]
[early_stopping_min_delta: 0]
[first_metric_only: 0]
[max_delta_step: 0]
[lambda_l1: 0.1]
[lambda_l2: 1]
[linear_lambda: 0]
[min_gain_to_split: 0]
[drop_rate: 0.1]
[max_drop: 50]
[skip_drop: 0.5]
[xgboost_dart_mode: 0]
[uniform_drop: 0]
[drop_seed: 42]
[top_rate: 0.2]
[other_rate: 0.1]
[min_data_per_group: 100]
[max_cat_threshold: 32]
[cat_l2: 10]
[cat_smooth: 10]
[max_cat_to_onehot: 4]
[top_k: 20]
[monotone_constraints: ]
[monotone_constraints_method: basic]
[monotone_penalty: 0]
[feature_contri: ]
[forcedsplits_filename: ]
[refit_decay_rate: 0.9]
[cegb_tradeoff: 1]
[cegb_penalty_split: 0]
[cegb_penalty_feature_lazy: ]
[cegb_penalty_feature_coupled: ]
[path_smooth: 0]
[interaction_constraints: ]
[verbosity: -1]
[saved_feature_importance_type: 0]
[use_quantized_grad: 0]
[num_grad_quant_bins: 4]
[quant_train_renew_leaf: 0]
[stochastic_rounding: 1]
[linear_tree: 0]
[max_bin: 255]
[max_bin_by_feature: ]
[min_data_in_bin: 3]
[bin_construct_sample_cnt: 200000]
[data_random_seed: 42]
[is_enable_sparse: 1]
[enable_bundle: 1]
[use_missing: 1]
[zero_as_missing: 0]
[feature_pre_filter: 1]
[pre_partition: 0]
[two_round: 0]
[header: 0]
[label_column: ]
[weight_column: ]
[group_column: ]
[ignore_column: ]
[categorical_feature: ]
[forcedbins_filename: ]
[precise_float_parser: 0]
[parser_config_file: ]
[objective_seed: 16083]
[num_class: 1]
[is_unbalance: 0]
[scale_pos_weight: 1]
[sigmoid: 1]
[boost_from_average: 1]
[reg_sqrt: 0]
[alpha: 0.9]
[fair_c: 1]
[poisson_max_delta_step: 0.7]
[tweedie_variance_power: 1.5]
[lambdarank_truncation_level: 30]
[lambdarank_norm: 1]
[label_gain: ]
[lambdarank_position_bias_regularization: 0]
[eval_at: ]
[multi_error_top_k: 1]
[auc_mu_weights: ]
[num_machines: 1]
[local_listen_port: 12400]
[time_out: 120]
[machine_list_filename: ]
[machines: ]
[gpu_platform_id: -1]
[gpu_device_id: -1]
[gpu_device_id_list: ]
[gpu_use_dp: 0]
[num_gpu: 1]

end of parameters

pandas_categorical:[]
