tree
version=v4
num_class=1
num_tree_per_iteration=1
label_index=0
max_feature_idx=189
objective=huber
feature_names=last_osi last_P_t last_N_t last_D_t last_R_t last_outage_pct osi_mean_72h osi_max_72h osi_std_72h outage_pct_mean_72h outage_pct_max_72h N_t_mean_72h N_t_max_72h R_t_mean_72h R_t_max_72h pre_event_mean_osi pre_event_max_outage_pct storm_onset_max_osi storm_onset_mean_osi osi_trend_last6h is_worsening frac_zero_72h hours_since_peak gust_mean_obs gust_max_obs gust_gt30_obs gust_gt40_obs cumul_gust_obs gust_last_obs gust_max_last6h_obs gust_trend_last6h_obs gust_t wind_speed_t wind_sin_t wind_cos_t t2m_t d2m_t tp_t rain_t csnow_t sdwe_t r2_t vpd_t soil_moist_t blh_t tcc_t lcc_t mcc_t hcc_t sp_t mslma_t sdswrf_t direct_rad_t diffuse_rad_t et0_t temp_c_t dewpoint_c_t icing_risk_t gust_exceed_30 soil_moist_x_gust is_snowing gust_x_hso gust_x_phase soil_gust_x_phase gust_exceed30_x_hso gust_max_next_1h gust_mean_next_1h wind_speed_max_next_1h total_tp_next_1h min_t2m_next_1h gust_gt30_next_1h gust_gt40_next_1h gust_peak4h_mean_next_1h gust_max_next_6h gust_mean_next_6h wind_speed_max_next_6h total_tp_next_6h min_t2m_next_6h gust_gt30_next_6h gust_gt40_next_6h gust_peak4h_mean_next_6h gust_max_next_24h gust_mean_next_24h wind_speed_max_next_24h total_tp_next_24h min_t2m_next_24h gust_gt30_next_24h gust_gt40_next_24h gust_peak4h_mean_next_24h gust_max_next_48h gust_mean_next_48h wind_speed_max_next_48h total_tp_next_48h min_t2m_next_48h gust_gt30_next_48h gust_gt40_next_48h gust_peak4h_mean_next_48h gust_change_1h gust_change_3h pressure_change_3h pressure_change_6h temp_change_6h wind_change_1h cumul_gust_since_onset cumul_tp_since_onset gust_gt30_since_onset gust_at_t1h wind_speed_at_t1h t2m_at_t1h tp_at_t1h gust_at_t6h wind_speed_at_t6h t2m_at_t6h tp_at_t6h gust_at_t24h wind_speed_at_t24h t2m_at_t24h tp_at_t24h gust_at_t48h wind_speed_at_t48h t2m_at_t48h tp_at_t48h hour_of_day hour_sin hour_cos days_since_onset hours_since_obs storm_phase log_customers rural_urban_code is_metro pop_density n_utilities pct_forest pct_developed pct_agriculture pct_water pct_wetland pct_unmapped pct_forest_classified tree_canopy_pct tree_canopy_std forest_x_customers window_len_next_1h is_full_next_1h tp_rate_next_1h gust_gt30_frac_next_1h has_weather_at_t1h window_len_next_6h is_full_next_6h tp_rate_next_6h gust_gt30_frac_next_6h has_weather_at_t6h window_len_next_24h is_full_next_24h tp_rate_next_24h gust_gt30_frac_next_24h has_weather_at_t24h window_len_next_48h is_full_next_48h tp_rate_next_48h gust_gt30_frac_next_48h has_weather_at_t48h N_nonzero_frac_obs R_nonzero_frac_obs P_mean_last24_obs D_mean_last24_obs N_mean_last24_obs R_mean_last24_obs flow_balance_last24_obs restoration_ratio_obs P_D_gap_last_obs hours_since_P_peak_obs hours_since_N_peak_obs hours_since_R_peak_obs first_material_N_hour_obs first_material_R_hour_obs P_trend_last24_obs D_trend_last24_obs P_post_peak_slope_obs P_active_frac_obs has_material_P_obs has_material_N_obs has_material_R_obs gust_excess30_sum_obs N_per_gust_excess_obs P_change_per_gust_excess_obs gust_to_N_best_corr_obs gust_to_N_best_lag_obs gust_at_first_material_N_obs
feature_infos=[0:0.55230000000000001] [0:0.82424180700000005] [0:0.065400654000000003] [0:0.90465771100000003] [0:0.058582058999999999] [0:82.420000000000002] [4.1666666666666669e-06:0.26529999999999998] [0.0001:0.65049999999999997] [1.9982631347136334e-05:0.22470370552747407] [0.00083333333333333328:39.644861111111112] [0.02:100] [3.1208333333333337e-06:0.018623942125000001] [7.4900000000000005e-05:0.37916412199999999] [3.1208333333333337e-06:0.017093115180555556] [7.4900000000000005e-05:0.18675781699999999] [0:0.38653749999999998] [0:100] [0:0.59799999999999998] [0:0.20940416666666664] [-0.055854285714285697:0.019237142857142855] [0:1] [0:0.95833333333333337] [0:71] [13.03611111111111:31.258333333333326] [29.100000000000001:70] [0:35] [0:17] [938.59999999999991:2250.5999999999995] [3.8999999999999999:47.5] [15.4:64.5] [-6.477142857142856:3.3114285714285714] [0.59999999999999998:58.299999999999997] [0:38] [-0.99999999953664132:0.99999999987412524] [-0.99999999369183823:1] [261.05202270000001:298.4303941] [257.33913039999999:289.74666669999999] [0:11.300000000000001] [0:11.300000000000001] [0:2.52] [0:0.089999999999999997] [15:100] [0:2.5] [0.16700000000000001:0.52300000000000002] [10:3015] [0:100] [0:100] [0:100] [0:100] [884.60000000000002:1027] [986.70000000000005:1031.8] [0:840] [0:731] [0:463] [0:0.59999999999999998] [-12.097977299999968:25.280394100000024] [-15.81086959999999:16.596666700000014] [0:1] [0:28.299999999999997] [0.19259999999999999:23.550000000000001] [0:1] [0.80000000000000004:3819.7999999999997] [0:107.59999999999999] [0:47.100000000000001] [0:1689.7999999999997] [1.2:58.299999999999997] [0.89999999999999991:54.5] [0:38] [0:14.699999999999999] [260.0631818:298.21689659999998] [0:2] [0:2] [0.89999999999999991:54.5] [5.0999999999999996:58.299999999999997] [3.657142857142857:49.328571428571429] [0.40000000000000002:38] [0:26.699999999999999] [259.42265909999998:296.40927479999999] [0:7] [0:7] [4.3500000000000005:52.550000000000004] [12.800000000000001:58.299999999999997] [8.2360000000000007:43.052] [5.7999999999999998:38] [0:34.399999999999999] [259.42265909999998:286.57337899999999] [0:25] [0:19] [12.450000000000001:52.550000000000004] [12.800000000000001:58.299999999999997] [7.8571428571428568:37.897959183673471] [5.7999999999999998:38] [0:37.399999999999999] [259.42265909999998:282.77648069999998] [0:42] [0:22] [12.625:52.550000000000004] [-24.299999999999997:28.199999999999999] [-32:33.399999999999999] [-6.1999999999999318:10.599999999999909] [-10.899999999999977:14.599999999999909] [-20.027499999999975:21.845291299999985] [-15.300000000000001:28.000000000000004] [347.09999999999997:3733.5999999999999] [0:39.20000000000001] [0:61] [0.59999999999999998:58.299999999999997] [0:38] [260.0631818:298.4303941] [0:11.300000000000001] [1.5:58.299999999999997] [0:38] [259.42265909999998:298.4303941] [0:11.300000000000001] [0.90000000000000002:58.299999999999997] [0:38] [259.42265909999998:298.4303941] [0:11.300000000000001] [0.90000000000000002:53.799999999999997] [0:33.799999999999997] [259.42265909999998:296.58327589999999] [0:11.300000000000001] [0:23] [-1:1] [-1:1] [1:4] [1:96] [0:2] [7.1180162044653335:13.453719692845613] [1:9] [0:1] [8.3691524328166658:11939.655837338518] [1:11] [0.96999999999999997:88.719999999999999] [2.21:86.629999999999995] [0.080000000000000002:87.469999999999999] [0.01:5.5099999999999998] [0:16.82] [1.8899999999999999:17.02] [0.98868616858628067:95.299005138296707] [2.2000000000000002:81.680000000000007] [12.65:40.350000000000001] [8.0679963363985543:931.73249595386176] none none [0:7.3499999999999996] [0:1] none none none [0:3.8142857142857141] [0:1] none none none [0:1.3759999999999999] [0:1] none none none [0:0.76326530612244892] [0:0.8571428571428571] none [0.041666666666666664:0.80555555555555558] [0.041666666666666664:0.90277777777777779] [0:0.33157778683333333] [0:0.2415728110416667] [0:0.05185222787499999] [0:0.036813731041666665] [-2.7300916666667119e-05:0.03421760770833332] [0.013031417634099374:6.5416667824977583] [-0.14113178900000001:0.088746481000000002] [0:71] [0:71] [0:70] [0:68] [0:71] [-0.00035191936000000026:0.052080195401739138] [-0.0001288437365217392:0.043438201510000003] [-0.12208507408333331:0.00066816548250572968] [0:0.98611111111111116] [0:1] [0:1] [0:1] [0:446.30000000000001] [1.2346153846153842e-05:0.021449622666666654] [-0.0026323566314935061:0.0032034721433531746] [-0.25886629144625328:0.74936202470774849] [0:3] [3.2000000000000002:60.600000000000001]
tree_sizes=2954 2946 2945 2922 2944 2977 2849 2918 2925 2926 2904 2950 2977 2963

Tree=0
num_leaves=31
num_cat=0
split_feature=133 90 103 3 177 93 180 136 28 19 88 103 160 50 77 133 96 29 75 128 164 100 77 185 189 2 21 135 2 128
split_gain=0.591653 0.880156 0.0944928 0.159147 0.080018 0.0583466 0.0358367 0.046156 0.0164511 0.0197126 0.012147 0.00952007 0.00892429 0.00880408 0.00842001 0.012581 0.00653435 0.00597755 0.00553598 0.00924833 0.00762164 0.00527664 0.00422394 0.0038554 0.00350364 0.00251933 0.00222408 0.00210866 0.00201608 0.00521333
threshold=88.200000000000003 25.359183673469392 1310.5500000000002 0.33723639700000002 -0.0001209874360869566 271.49011265000007 0.25694444444444448 0.05000000000000001 44.050000000000004 -0.00025000000000000006 27.237500000000004 2136.3500000000008 0.44183673469387763 1028.2500000000002 287.81460540000006 80.210000000000022 36.38750000000001 51.350000000000009 8.3500000000000032 9.2173545129383765 0.31250000000000006 3.6999999999999891 276.55382925000009 0.0010006141162022554 40.250000000000007 0.00022182550000000002 0.52083333333333337 38.740000000000009 0.0053583815000000012 9.5871465020954059
decision_type=2 2 2 2 2 2 2 2 2 2 2 2 2 2 2 2 2 2 2 2 2 2 2 10 8 2 2 2 2 2
left_child=2 11 3 4 -1 -5 10 -8 9 17 13 -2 16 18 28 23 -11 27 19 20 -6 -10 -18 -16 -25 -12 -27 -9 -4 -30
right_child=1 -3 14 5 6 -7 7 8 21 12 25 -13 -14 -15 15 -17 22 -19 -20 -21 -22 -23 -24 24 -26 26 -28 -29 29 -31
leaf_value=0.0052169904175385137 0.0043179347064252679 0.011942675806542791 0.0033292231838540276 0.004122937748729706 0.0036389016302899495 0.0064444779428524251 0.0048178413661416159 0.0035478431722708761 0.0037406671256644645 0.0034742646871619392 0.0033879968130778389 0.0034306326849928553 0.0045438754679525536 0.0042075675432270672 0.0033695077147010014 0.0042586254570201217 0.0042093761102439606 0.0039841823196983192 0.0034607118238068032 0.0035265065728508935 0.0045360138087626092 0.0046002508274188888 0.0037215583114471877 0.0034811108285790235 0.0039416779681261584 0.0037732374912428025 0.003475880619785036 0.0033944816511910559 0.0037760705088306537 0.0033556992356118219
leaf_weight=72 50 50 7956 59 72 64 95 360 52 88 2368 51 54 60 473 51 98 57 472 286 53 62 173 159 60 71 285 530 90 343
leaf_count=72 50 50 7956 59 72 64 95 360 52 88 2368 51 54 60 473 51 98 57 472 286 53 62 173 159 60 71 285 530 90 343
internal_value=0.00348072 0.0065837 0.00344799 0.00361267 0.0035703 0.00538537 0.00354637 0.00374648 0.00367319 0.00362001 0.00346206 0.00382477 0.00390811 0.00361477 0.0033495 0.00350511 0.00379591 0.00348878 0.00356806 0.00370323 0.00406431 0.0042573 0.00391838 0.00345575 0.00361896 0.00340733 0.00352183 0.00346213 0.00333512 0.00345507
internal_weight=14714 151 14563 5431 5308 123 5236 1569 1474 1360 3667 101 413 943 9132 743 359 947 883 411 125 114 271 692 219 2724 356 890 8389 433
internal_count=14714 151 14563 5431 5308 123 5236 1569 1474 1360 3667 101 413 943 9132 743 359 947 883 411 125 114 271 692 219 2724 356 890 8389 433
is_linear=0
shrinkage=1


Tree=1
num_leaves=31
num_cat=0
split_feature=133 90 103 0 133 82 6 93 77 103 77 133 4 174 104 29 116 163 140 1 104 174 82 185 81 189 93 92 2 101
split_gain=0.534964 0.795918 0.0856475 0.144106 0.0723494 0.101937 0.109631 0.0525848 0.0186185 0.00867344 0.00764392 0.0113671 0.00726386 0.00821171 0.0109941 0.00710183 0.0077478 0.00685862 0.00587221 0.0051578 0.00462747 0.00433351 0.00431573 0.00350133 0.0033571 0.00315596 0.00295802 0.00220647 0.00181544 0.0049198
threshold=88.200000000000003 25.359183673469392 1310.5500000000002 0.20185000000000003 80.210000000000022 26.346000000000007 0.0022361111111111115 271.07534405000007 275.50346450000001 2136.3500000000008 287.81460540000006 80.210000000000022 0.0022618450000000006 7.5000000000000009 1.8500000000000005 29.600000000000005 279.01361690000005 0.43750000000000006 73.50500000000001 0.036738039000000007 0.45000000000000007 7.5000000000000009 19.950000000000006 0.0010006141162022554 32.850000000000001 40.250000000000007 269.19410535000003 21.550000000000004 0.0053583815000000012 -6.0235075000000213
decision_type=2 2 2 2 2 2 2 2 2 2 2 2 2 10 2 2 2 2 2 2 2 10 2 10 2 8 2 2 2 2
left_child=2 9 3 4 8 17 -7 -5 12 -2 28 23 15 14 20 16 -1 26 19 27 -14 -18 -16 -12 -19 -25 -6 -10 -4 -30
right_child=1 -3 10 7 5 6 -8 -9 18 -11 11 -13 13 -15 22 -17 21 24 -20 -21 -22 -23 -24 25 -26 -27 -28 -29 29 -31
leaf_value=0 0.00079580312321423654 0.0080467824213316351 -0.00014429421898681596 0.00055159850737382247 0.00034867061445873013 0.00043403883310384121 0.0032768573438915526 0.0027692824736347092 -0.00010665834283517727 -4.8002772821816435e-05 -0.00010603473023166398 0.00073938652685543414 0.00058850638361182062 2.959238770279635e-06 0.0012400237271972632 0 0.00011925699510827364 6.1241584575887268e-05 0.00033193281304081713 7.1930009547163323e-05 7.5027986768265242e-05 0.00067695110090179524 0.00038018223048899981 0 0.00073358892366279672 0.00043791631572559237 -8.2397629939288738e-05 1.588193214683997e-05 0.00035370336765590222 -0.0001064535148671429
leaf_weight=126 50 50 7956 56 50 79 66 67 2182 51 473 51 74 170 58 722 86 51 97 600 180 117 50 159 66 60 175 359 66 367
leaf_count=126 50 50 7956 56 50 79 66 67 2182 51 473 51 74 170 58 722 86 51 97 600 180 117 50 159 66 60 175 359 66 367
internal_value=-6.80683e-08 0.0029505 -3.12055e-05 0.000125555 8.51882e-05 0.000665754 0.00177584 0.00181252 2.53787e-05 0.00032441 -0.000124986 2.30271e-05 0.000166499 0.000320403 0.000455286 8.3612e-05 0.000275841 0.000176721 -4.20989e-05 -5.5343e-05 0.000245953 0.000466939 0.00089496 -2.35439e-05 0.00048589 0.000131566 0 -8.73791e-05 -0.000138692 -2.414e-05
internal_weight=14714 151 14563 5431 5308 487 145 123 4821 101 9132 743 1583 532 362 1051 329 342 3238 3141 254 203 108 692 117 219 225 2541 8389 433
internal_count=14714 151 14563 5431 5308 487 145 123 4821 101 9132 743 1583 532 362 1051 329 342 3238 3141 254 203 108 692 117 219 225 2541 8389 433
is_linear=0
shrinkage=0.05


Tree=2
num_leaves=31
num_cat=0
split_feature=133 90 103 0 177 120 180 134 92 170 187 88 88 77 104 11 135 170 105 92 77 49 140 120 88 100 92 24 18 2
split_gain=0.483688 0.719739 0.0777446 0.129891 0.0676027 0.0488187 0.0303597 0.0506524 0.0628153 0.0130942 0.0113279 0.0105882 0.00798452 0.00636787 0.00941737 0.00820753 0.00593352 0.00536861 0.00947765 0.00446078 0.00559428 0.00409373 0.00409273 0.00360515 0.0031301 0.0029371 0.00268241 0.00270493 0.00262531 0.00239715
threshold=88.200000000000003 25.359183673469392 1330.2500000000002 0.20185000000000003 -0.0001209874360869566 271.5741706500001 0.25694444444444448 4.7450000000000001 21.050000000000008 0.52486599134029055 0.58426287333064419 25.862500000000004 25.587500000000006 287.81460540000006 0.25000000000000006 0.0015354947013888891 38.740000000000009 0.99761568644753729 10.500000000000002 17.450000000000006 273.04020895000008 979.55000000000007 35.260000000000005 283.00630035000006 37.112500000000004 2.8500000000000232 20.450000000000006 32.300000000000004 0.063537500000000011 0.00026399350000000003
decision_type=2 2 2 2 2 2 2 2 2 2 2 2 2 2 2 2 2 2 2 2 2 2 2 2 2 2 2 2 2 2
left_child=2 12 3 4 -1 -5 11 8 21 10 25 17 -2 -4 15 -15 19 -6 22 20 -11 -8 -19 -24 -21 -9 29 -28 -16 -13
right_child=1 -3 13 5 6 -7 7 9 -10 16 -12 26 -14 14 28 -17 -18 18 -20 24 -22 -23 23 -25 -26 -27 27 -29 -30 -31
leaf_value=0.0015828379351109645 -4.8048180716040614e-05 0.0076523319984484906 -0.00013256845843516459 0.00058637798656945971 1.2824467399096809e-05 0.0026811444398302299 0.00056008027035108843 0.00035789857466275309 0.002228090906898707 0.000491951579353414 0.00012772508924139046 -0.0001021825370434468 0.00075923959173522634 0 -0.00010315526158690117 0.00089325920955436126 -4.7070715868047873e-05 -2.5794646655061029e-05 0.00092186963305317083 0.00015358911594192233 -3.0991714446042022e-06 0 0.0004805099168847766 0 0.00070557576535065899 0.0010942047123578102 0.00028104536256061391 -7.9949464658733788e-06 0.00020530185732612564 3.6219373588667868e-05
leaf_weight=73 51 50 8307 63 424 64 56 51 68 64 157 2231 50 69 521 52 600 123 53 98 321 59 113 53 63 67 95 343 70 305
leaf_count=73 51 50 8307 63 424 64 56 51 68 64 157 2231 50 69 521 52 600 123 53 98 321 59 113 53 63 67 95 343 70 305
internal_value=0 0.00280587 -2.93445e-05 0.000117536 7.93534e-05 0.00169377 5.75878e-05 0.000239731 0.00102456 0.000134493 0.000446367 -1.9236e-05 0.000306105 -0.00012019 1.72031e-05 0.00042243 5.49709e-05 0.000144454 0.000292554 0.000176126 6.73029e-05 0.000256737 0.000157121 0.000321938 0.00040347 0.000823669 -6.3112e-05 4.38043e-05 -5.78896e-05 -8.35586e-05
internal_weight=14714 151 14563 5544 5417 127 5344 1604 183 1421 275 3740 101 9019 712 121 1146 766 342 546 385 115 289 166 161 118 2974 438 591 2536
internal_count=14714 151 14563 5544 5417 127 5344 1604 183 1421 275 3740 101 9019 712 121 1146 766 342 546 385 115 289 166 161 118 2974 438 591 2536
is_linear=0
shrinkage=0.05


Tree=3
num_leaves=31
num_cat=0
split_feature=133 90 85 0 133 81 166 92 21 77 28 35 4 180 104 81 131 115 185 128 134 170 138 175 175 61 133 18 24 35
split_gain=0.437338 0.650849 0.0707843 0.110715 0.067285 0.0845715 0.126669 0.0567619 0.0182721 0.0168 0.0112592 0.00743694 0.00637828 0.0061696 0.00757464 0.010477 0.00594301 0.00553033 0.00464918 0.00494118 0.00793933 0.00334086 0.00244815 0.00241421 0.00245643 0.0019516 0.00183225 0.00211406 0.00167502 0.00187367
threshold=88.200000000000003 25.359183673469392 271.01637660000006 0.20185000000000003 79.980000000000004 37.550000000000004 0.008135649083333335 12.250000000000004 0.56250000000000011 275.50346450000001 44.050000000000004 271.21976805000003 0.0022618450000000006 0.25694444444444448 1.0000000180025095e-35 39.150000000000013 43.993537203986527 12.950000000000001 0.0028185082343234317 9.1197746952926142 6.8100000000000014 0.52486599134029055 6.4150000000000009 26.500000000000004 7.5000000000000009 266.90000000000003 84.075000000000017 0.0058562500000000012 32.300000000000004 279.39570690000005
decision_type=2 2 2 2 2 2 2 2 2 2 2 2 2 2 2 2 2 2 10 2 2 2 2 8 10 2 2 2 2 2
left_child=2 11 25 4 9 16 8 -5 -7 10 17 -2 -12 28 15 -15 -6 18 19 20 -4 22 -16 24 -21 -1 -27 -28 29 -11
right_child=1 -3 3 7 5 6 -8 -9 -10 13 12 -13 -14 14 21 -17 -18 -19 -20 23 -22 -23 -24 -25 -26 26 27 -29 -30 -31
leaf_value=5.9043293258242712e-05 -5.0644530534695011e-05 0.0072772178923090312 0 0.0025215093140949062 -4.1228086057846976e-06 0.00097871399239865043 0.0032833087858633071 0.00054148207202088083 -5.6963054144556531e-05 0.00024491874029967248 7.7816387477339184e-05 0.00072707165107096768 0.0009003459932398236 0 0.00031003685643605426 0.00082981016352174004 0.00043300865975633856 -9.0041386846369917e-06 0.00050158921274793351 0 0.00084813300343551516 -5.9332181510743095e-05 0 -3.8233889532392818e-05 0.00025627008481878449 -0.00013183264724741931 -0.00010748540736388367 0.00015062253393349239 -9.5229437149633298e-05 -4.5394096160722159e-05
leaf_weight=106 51 50 53 66 276 97 61 99 60 76 55 50 77 102 124 69 97 559 112 125 57 697 127 257 214 7838 211 124 2679 145
leaf_count=106 51 50 53 66 276 97 61 99 60 76 55 50 77 102 124 69 97 559 112 125 57 697 127 257 214 7838 211 124 2679 145
internal_value=0 0.00266832 -2.76232e-05 9.84524e-05 6.30203e-05 0.000569759 0.00135162 0.00137403 0.000553413 7.84716e-06 0.000150805 0.000288697 0.000598381 -4.46092e-05 5.23702e-05 0.000357709 9.70397e-05 0.000103869 0.000187025 0.000129412 0.000443906 0 0.000152947 6.23458e-05 0.000153191 -0.000123922 -0.000126914 0 -8.37586e-05 3.2573e-05
internal_weight=14714 151 14563 6284 6119 591 218 165 157 5528 1509 101 132 4019 1119 171 373 1377 818 706 110 948 251 596 339 8279 8173 335 2900 221
internal_count=14714 151 14563 6284 6119 591 218 165 157 5528 1509 101 132 4019 1119 171 373 1377 818 706 110 948 251 596 339 8279 8173 335 2900 221
is_linear=0
shrinkage=0.05


Tree=4
num_leaves=31
num_cat=0
split_feature=133 90 103 1 177 126 180 134 160 28 88 50 88 19 77 142 13 29 170 105 135 77 43 18 175 107 2 103 2 128
split_gain=0.395456 0.58855 0.0642949 0.10684 0.0572222 0.0387114 0.0247529 0.0404392 0.0541956 0.0133473 0.00901344 0.0071851 0.00685725 0.0063706 0.00577703 0.00869967 0.00926224 0.00482668 0.0044872 0.00669808 0.00404418 0.00390534 0.0032866 0.00242809 0.00202932 0.00198636 0.00184613 0.00172325 0.0016484 0.00454856
threshold=88.200000000000003 25.359183673469392 1310.5500000000002 0.30954854950000005 -0.0001209874360869566 17.500000000000004 0.25694444444444448 4.7450000000000001 0.42857142857142866 44.050000000000004 27.237500000000004 1028.2500000000002 25.587500000000006 -0.00025000000000000006 287.81460540000006 653.80315475003079 0.0011774856111111114 51.350000000000009 0.99761568644753729 10.500000000000002 21.465000000000003 274.54209880000002 0.37050000000000005 0.063537500000000011 13.500000000000002 2.7500000000000004 0.00022182550000000002 856.6500000000002 0.0053583815000000012 9.5871465020954059
decision_type=2 2 2 2 2 2 2 2 2 2 2 2 2 2 2 2 2 2 2 2 2 2 2 2 10 2 2 2 2 2
left_child=2 12 3 4 -1 -5 10 8 22 13 11 18 -2 17 28 23 -17 -9 -6 25 -11 -15 -8 -16 -23 -20 -12 -28 -4 -30
right_child=1 -3 14 5 6 -7 7 9 -10 20 26 -13 -14 21 15 16 -18 -19 19 -21 -22 24 -24 -25 -26 -27 27 -29 29 -31
leaf_value=0.0014676866938929355 -5.0686484363933018e-05 0.0069204914074062433 -0.00012457958794660681 0.0024149637553615103 -1.0542831679422151e-05 0.00049778737553239454 0 -2.0848695440046696e-05 0.0020667464026065765 0.00016935813459841644 -7.9420108312791524e-05 0.00065175455436683038 0.00069400587645242358 0.00061124465195462119 -9.4865790026637514e-05 0 0.00089825654688023928 0.0004488643226494756 0.00028943550136099509 0.00066160411863321706 0.00093426444187599171 0.00024706928190638722 0.00051347772342006813 0.00019795071262133083 -1.3299613043461125e-06 0 0.00029025596419419996 0 0.00028976262708905841 -0.00010484918756806428
leaf_weight=72 51 50 7956 65 528 58 64 890 66 50 2368 60 50 72 539 79 53 57 82 69 64 170 50 72 86 204 55 301 90 343
leaf_count=72 51 50 7956 65 528 58 64 890 66 50 2368 60 50 72 539 79 53 57 82 69 64 170 50 72 86 204 55 301 90 343
internal_value=5.76956e-08 0.00253752 -2.60818e-05 0.000109682 7.47857e-05 0.00156256 5.44006e-05 0.000220747 0.000928159 0.000124875 -1.54518e-05 0.000115862 0.000272143 7.38338e-05 -0.000107374 2.06056e-05 0.000391787 2.59277e-06 7.30961e-05 0.000211219 0.000646647 0.00026369 0.000213259 -5.19234e-05 0.000144487 8.32119e-05 -6.2771e-05 3.38801e-05 -0.000119306 -1.08289e-05
internal_weight=14714 151 14563 5431 5308 123 5236 1569 180 1389 3667 943 101 1275 9132 743 132 947 883 355 114 328 114 611 256 286 2724 356 8389 433
internal_count=14714 151 14563 5431 5308 123 5236 1569 180 1389 3667 943 101 1275 9132 743 132 947 883 355 114 328 114 611 256 286 2724 356 8389 433
is_linear=0
shrinkage=0.05


Tree=5
num_leaves=31
num_cat=0
split_feature=140 86 175 85 0 93 90 21 140 83 100 28 137 180 81 85 86 4 91 24 83 29 15 15 0 1 138 81 61 104
split_gain=0.128241 0.374935 0.527997 0.0452523 0.0890068 0.0457256 0.0425848 0.0708374 0.029299 0.0585027 0.00963103 0.0089052 0.00661003 0.0109728 0.0156994 0.00437654 0.00699885 0.00422875 0.00343297 0.00313444 0.00319639 0.00297993 0.00289761 0.00229229 0.00332264 0.00217583 0.0018204 0.00179286 0.00176164 0.00154473
threshold=74.425000000000011 12.500000000000002 17.500000000000004 271.01637660000006 0.20185000000000003 270.88311825000005 24.242857142857147 0.39583333333333343 71.610000000000014 18.750000000000004 3.4000000000000346 44.050000000000004 0.045000000000000005 0.27083333333333343 37.550000000000004 267.36448625000008 4.5000000000000009 0.021025441500000002 34.300000000000004 32.300000000000004 17.550000000000004 31.350000000000005 0.0015885416666666669 0.00027708333333333334 0.12160000000000001 0.072925425000000016 3.6800000000000006 22.450000000000003 258.45000000000005 1.0000000180025095e-35
decision_type=2 2 10 2 2 2 2 2 2 2 2 2 2 2 2 2 2 2 2 2 2 2 2 2 2 2 2 2 2 2
left_child=3 6 -3 28 8 -6 15 -8 10 21 12 17 13 -5 -15 -2 -17 18 23 20 26 -10 -9 -12 29 27 -14 -21 -1 -25
right_child=1 2 -4 4 5 -7 7 22 9 -11 11 -13 19 14 -16 16 -18 -19 -20 25 -22 -23 -24 24 -26 -27 -28 -29 -30 -31
leaf_value=4.9016605301473576e-05 -9.8105837546540338e-05 0.00017896295469532265 0.0070367775899449403 0 0.00045205762677293635 0.0022600754965661149 0.0022470545762427073 -2.7177419283164094e-05 0.00028873056791626177 0.0018582317888414343 -2.881739492894682e-05 0.00060093784792115913 1.6776635737793788e-05 0 0.001138408786991623 9.6250896702823114e-06 0.00064504473951351206 0.00049651299123539623 0.00040015505722082825 9.5152869345802892e-05 -2.8031877315250253e-05 -8.8722992662547371e-05 0.00040089587614006476 0.0002032461457633569 0.00049379687470752962 1.1469383966398755e-05 0.00052500933195655578 -9.6482624182448514e-05 -0.00011904104662649261 8.3910460005203567e-06
leaf_weight=116 401 66 50 301 95 65 61 68 93 64 609 91 59 66 58 231 58 61 72 101 125 89 57 149 52 589 55 2625 7746 520
leaf_count=116 401 66 50 301 95 65 61 68 93 64 609 91 59 66 58 231 58 61 72 101 125 89 57 149 52 589 55 2625 7746 520
internal_value=2.14345e-06 0.000551271 0.00321253 -3.7002e-05 6.66286e-05 0.0012271 0.000189904 0.000859327 3.34276e-05 0.000566561 8.72255e-06 0.000114941 -3.15231e-05 0.000151534 0.000545631 1.23316e-06 0.000156175 8.0906e-05 5.89185e-05 -5.48567e-05 0.00011198 7.7353e-05 0.000129974 3.64022e-05 9.83794e-05 -6.84231e-05 0.000307888 -8.75166e-05 -0.00011592 5.94905e-05
internal_weight=14793 992 116 13801 5939 160 876 186 5779 246 5533 1554 3979 425 124 690 289 1463 1402 3554 239 182 125 1330 721 3315 114 2726 7862 669
internal_count=14793 992 116 13801 5939 160 876 186 5779 246 5533 1554 3979 425 124 690 289 1463 1402 3554 239 182 125 1330 721 3315 114 2726 7862 669
is_linear=0
shrinkage=0.05


Tree=6
num_leaves=31
num_cat=0
split_feature=133 88 85 0 133 88 166 100 189 100 28 4 164 83 123 185 16 137 172 89 90 4 180 189 122 28 24 50 170 170
split_gain=0.377112 0.587596 0.0550958 0.0768573 0.0632021 0.0758972 0.107513 0.0413219 0.0153036 0.00882302 0.00922313 0.00945982 0.00607833 0.00532761 0.00873607 0.00389946 0.00392386 0.00375881 0.0059757 0.00366664 0.00594375 0.00252059 0.0029858 0.00194952 0.00161559 0.00153123 0.00170341 0.00198272 0.00149844 0.00175375
threshold=88.200000000000003 35.987500000000004 271.01637660000006 0.20185000000000003 79.980000000000004 36.087500000000013 0.008135649083333335 0.80000000000001148 20.850000000000005 0.80000000000001148 44.050000000000004 0.0022618450000000006 0.38194444444444448 12.350000000000003 -0.37940952255126059 0.0028185082343234317 2.5650000000000004 0.070000000000000021 9.5000000000000018 47.95000000000001 23.113265306122454 0.0032169865000000004 0.21527777777777782 27.800000000000004 9.5000000000000018 44.050000000000004 32.300000000000004 1021.0500000000001 0.9985878441954007 0.99999180358503115
decision_type=2 2 2 2 2 2 2 2 8 2 2 2 2 2 2 10 2 2 10 2 2 2 2 8 2 2 2 2 2 2
left_child=2 -2 -1 4 9 12 8 -5 -7 17 15 -12 -6 -14 -15 19 24 18 -4 21 -21 28 -23 -22 -17 26 27 -19 -11 -30
right_child=1 -3 3 7 5 6 -8 -9 -10 10 11 -13 13 14 -16 16 -18 25 -20 20 23 22 -24 -25 -26 -27 -28 -29 29 -31
leaf_value=-0.00010761806368924666 0.00019657968153769618 0.0068604009523622559 0 0.00048930120618801418 -1.3849014719719722e-05 0.0010920877344424611 0.0031256507214570996 0.0022486775036964376 0 -7.602184173682939e-05 0 0.00099101162453215296 0 0 0.00079062474274571885 0.00066710055729697257 0 -3.6364612845345895e-05 0.00046287709679399133 0.00063870802775636555 0.0003360635141328782 -3.9589591070479301e-05 0.00023455362528081595 0 0.00012447965536954475 7.3283515228237295e-05 -9.1148267599931731e-05 0.00027452566096368517 0.00028743596579800597 0
leaf_weight=8327 99 50 359 102 205 57 60 58 68 842 58 55 56 69 97 61 99 131 83 59 54 134 216 257 54 141 2467 68 58 349
leaf_count=8327 99 50 359 102 205 57 60 58 68 842 58 55 56 69 97 61 99 131 83 59 54 134 216 257 54 141 2467 68 58 349
internal_value=2.328e-06 0.00249692 -2.28814e-05 8.80255e-05 5.89599e-05 0.000540806 0.00138751 0.00116814 0.000495336 4.78925e-06 8.06092e-05 0.00052439 0.0001599 0.000342108 0.000485838 5.51186e-05 0.000260545 -4.7261e-05 8.30865e-05 3.01328e-05 0.000171841 0 0.000115537 6.5482e-05 0.000458678 -6.95889e-05 -7.90445e-05 4.57107e-05 -3.59558e-05 3.4661e-05
internal_weight=14793 149 14644 6317 6157 612 185 160 125 5545 2296 113 427 222 166 2183 214 3249 442 1969 370 1599 350 311 115 2807 2666 199 1249 407
internal_count=14793 149 14644 6317 6157 612 185 160 125 5545 2296 113 427 222 166 2183 214 3249 442 1969 370 1599 350 311 115 2807 2666 199 1249 407
is_linear=0
shrinkage=0.05


Tree=7
num_leaves=31
num_cat=0
split_feature=133 88 85 0 133 81 166 92 189 77 163 28 180 104 81 103 4 170 137 112 170 185 29 61 180 19 177 50 24 172
split_gain=0.341427 0.530952 0.0499759 0.0696141 0.0571049 0.0725935 0.0952159 0.0373472 0.0157247 0.0111814 0.00787803 0.00639882 0.0046825 0.00444615 0.00772367 0.00425985 0.00365127 0.00332808 0.00629656 0.00315322 0.00293667 0.00219304 0.0020385 0.0015426 0.0013917 0.00139374 0.00131205 0.00125165 0.00149332 0.00106106
threshold=88.200000000000003 35.987500000000004 271.01637660000006 0.20185000000000003 79.980000000000004 37.550000000000004 0.008135649083333335 12.250000000000004 20.850000000000005 275.50346450000001 0.42361111111111122 44.050000000000004 0.25694444444444448 1.0000000180025095e-35 39.150000000000013 974.45000000000016 0.0022618450000000006 0.99288856842270945 2.1000000000000005 283.64612510000001 0.52486599134029055 0.0028185082343234317 55.850000000000001 258.45000000000005 0.22916666666666669 -0.0011528571428571428 -0.0001209874360869566 1021.85 32.300000000000004 50.500000000000007
decision_type=2 2 2 2 2 2 2 2 8 2 2 2 2 2 2 2 2 2 2 2 2 10 2 2 2 2 2 2 2 10
left_child=2 -2 23 4 9 10 8 -5 -7 11 -6 15 27 14 -14 17 -13 21 29 -12 22 24 -15 -1 -4 -26 -25 -11 -29 -19
right_child=1 -3 3 7 5 6 -8 -9 -10 12 19 16 13 20 -16 -17 -18 18 -20 -21 -22 -23 -24 26 25 -27 -28 28 -30 -31
leaf_value=5.1921636846118497e-05 0.00018684898350438745 0.0065241066653135369 -5.3066429357256444e-05 0.0020602035519595332 -7.8781390811546797e-05 0.00099452515666052939 0.0027950481873805352 0.00041381610810820296 0 -9.4919820799793452e-05 5.7368735997682196e-05 4.2693063240019706e-05 0 0.00025959734028150754 0.00068373365882143855 -5.3019459547907608e-06 0.00070792916528188404 0 0.00074337219266611923 0.00060308207757218415 -5.0284593038980548e-05 0.00033403729144420018 0 5.3906589677897232e-05 0 0.00028166609790698604 -0.00010733462490750011 0.00018719059362192641 -4.059303163261046e-05 0.00025613782604946524
leaf_weight=116 99 50 223 64 235 79 68 96 77 2010 75 53 104 157 69 614 73 104 68 78 707 72 112 86 135 81 8125 74 789 100
leaf_count=116 99 50 223 64 235 79 68 96 77 2010 75 53 104 157 69 614 73 104 68 78 707 72 112 86 135 81 8125 74 789 100
internal_value=2.45007e-06 0.0023761 -2.15205e-05 8.40881e-05 5.63844e-05 0.000514408 0.00123076 0.00111213 0.000503584 4.84727e-06 8.58897e-05 0.000120976 -3.79032e-05 4.47202e-05 0.000277667 8.56048e-05 0.000470017 0.000163184 0.000310746 0.000370153 0 7.44188e-05 0.000143391 -0.000102238 1.9813e-05 0.000117994 -0.000105031 -7.26907e-05 -1.50801e-05 0.000139225
internal_weight=14793 149 14644 6317 6157 612 224 160 156 5545 388 1523 4022 1149 173 1397 126 783 272 153 976 511 269 8327 439 216 8211 2873 863 204
internal_count=14793 149 14644 6317 6157 612 224 160 156 5545 388 1523 4022 1149 173 1397 126 783 272 153 976 511 269 8327 439 216 8211 2873 863 204
is_linear=0
shrinkage=0.05


Tree=8
num_leaves=31
num_cat=0
split_feature=133 88 85 0 133 81 166 93 189 77 163 89 180 104 81 133 138 3 128 189 112 170 138 29 43 126 177 116 24 0
split_gain=0.309134 0.479745 0.0452892 0.0630603 0.0517257 0.0656341 0.0858507 0.0338947 0.0142196 0.0101849 0.00718808 0.00508629 0.00423008 0.00402627 0.00697638 0.00387513 0.00466289 0.00568134 0.00545521 0.00383567 0.00277991 0.00263934 0.00201606 0.00137978 0.00357635 0.00123032 0.00120581 0.00119592 0.00115068 0.000992007
threshold=88.200000000000003 35.987500000000004 271.01637660000006 0.20185000000000003 79.980000000000004 37.550000000000004 0.008135649083333335 270.88311825000005 20.850000000000005 275.50346450000001 0.42361111111111122 53.850000000000001 0.25694444444444448 1.0000000180025095e-35 39.150000000000013 6.4900000000000011 3.9200000000000004 0.10352158800000001 10.515540806382498 40.650000000000013 283.64612510000001 0.52486599134029055 6.4150000000000009 29.350000000000005 0.34550000000000003 31.500000000000004 -0.0001209874360869566 288.13052690000001 32.300000000000004 0.013000000000000003
decision_type=2 2 2 2 2 2 2 2 8 2 2 2 2 2 2 2 2 2 2 8 2 2 2 2 2 2 2 2 2 2
left_child=2 -2 25 4 9 10 8 -5 -7 11 -6 15 27 14 -14 -4 19 23 -19 -17 -12 22 -15 24 -18 -1 -27 -11 -29 -25
right_child=1 -3 3 7 5 6 -8 -9 -10 12 20 -13 13 21 -16 16 17 18 -20 -21 -22 -23 -24 29 -26 26 -28 28 -30 -31
leaf_value=1.8357142133074327e-05 0.00017759995895785325 0.00620429729458456 -5.2969104131006227e-05 0.00038243221669745256 -7.4859011969916333e-05 0.00094542047636787167 0.0026573211944449452 0.0019509233390404418 0 -9.3727529244043724e-05 5.4538040669860111e-05 0.0005876702544135358 0 0.00027660139493928832 0.00065003534165069665 0.00056577248015206088 0.00043627070986655209 0 0.0005141627536622064 4.5917903216309498e-05 0.00057330965466393584 -4.777391424006754e-05 0 -6.7703861979690125e-05 0 5.1242242014101151e-05 -0.00010207068485484641 0.00015373980008007493 -3.8569708742101591e-05 5.9445720709470162e-05
leaf_weight=153 99 50 308 95 235 79 68 65 77 1858 75 58 104 130 69 111 65 56 129 86 78 707 139 372 103 86 8088 77 938 235
leaf_count=153 99 50 308 95 235 79 68 65 77 1858 75 58 104 130 69 111 65 56 129 86 78 707 139 372 103 86 8088 77 938 235
internal_value=2.57983e-06 0.00226119 -2.02126e-05 8.03026e-05 5.38937e-05 0.000489819 0.00117106 0.00105885 0.000478563 4.79949e-06 8.167e-05 0.000115665 -3.59572e-05 4.24427e-05 0.000264111 9.31795e-05 0.000136415 8.38784e-05 0.000333837 0.000365461 0.000353483 0 0.000135844 1.74142e-05 0.000146377 -9.70659e-05 -9.984e-05 -6.90552e-05 -1.89225e-05 -1.02374e-05
internal_weight=14793 149 14644 6317 6157 612 224 160 156 5545 388 1523 4022 1149 173 1465 1157 960 185 197 153 976 269 775 168 8327 8174 2873 1015 607
internal_count=14793 149 14644 6317 6157 612 224 160 156 5545 388 1523 4022 1149 173 1465 1157 960 185 197 153 976 269 775 168 8327 8174 2873 1015 607
is_linear=0
shrinkage=0.05


Tree=9
num_leaves=31
num_cat=0
split_feature=133 88 103 0 133 82 6 100 77 104 185 81 89 163 142 185 50 4 174 93 0 180 93 168 4 142 2 187 81 4
split_gain=0.279923 0.433456 0.0411132 0.0643294 0.0362076 0.0670347 0.0631511 0.0200272 0.00937304 0.0060673 0.0111571 0.0122717 0.00475634 0.00360538 0.0037963 0.0032305 0.00301506 0.00364131 0.00375527 0.0031996 0.002932 0.00286257 0.00224046 0.00214047 0.00329361 0.00188213 0.00151561 0.00311497 0.00147109 0.00167528
threshold=88.200000000000003 35.987500000000004 1273.4500000000005 0.20185000000000003 79.980000000000004 26.346000000000007 0.0022361111111111115 0.80000000000001148 275.57644110000007 0.25000000000000006 0.0011153091904873866 38.45000000000001 53.850000000000001 0.42361111111111122 781.43734036482431 0.00043058174995046873 1028.4500000000003 0.0022618450000000006 7.5000000000000009 271.58968570000008 0.44465000000000005 0.25694444444444448 269.19410535000003 0.0042119398125000018 0.0055734105000000006 615.8110207943779 0.0039957775000000013 0.63958091350322488 27.950000000000003 0.00016509350000000003
decision_type=2 2 2 2 2 2 2 2 2 2 10 2 2 2 2 8 2 2 10 2 2 2 2 2 2 2 2 2 2 2
left_child=2 -2 3 4 8 13 -7 -5 12 10 -4 -12 15 22 -15 -1 17 28 19 -19 26 -10 -6 24 -21 -23 -11 -28 29 -17
right_child=1 -3 9 7 5 6 -8 -9 21 20 11 -13 -14 14 -16 16 -18 18 -20 23 -22 25 -24 -25 -26 -27 27 -29 -30 -31
leaf_value=-7.0166129354507383e-06 0.00016880876465365875 0.005900165183542699 -2.7314392284346377e-05 0.00044943078382077929 0.00024546655490537112 0.00033819670940671742 0.002590595493846137 0.0019423875260024756 -6.1156635940545689e-05 -9.9496739860421813e-05 0 0.0010694544216730045 0.00053633659779110795 0.00051339462612692811 0 0.0002326844541671092 0.00052654072268653966 0 0 0.00051794996531105339 0.00024244787136635038 -1.0507032719864657e-05 -0.00011619624024906169 0.00077623456452406486 4.4329131059236877e-06 0.0001400217560196435 -5.114513324134939e-05 0.00035461167894447086 -3.1798015708253454e-05 0
leaf_weight=455 99 50 386 55 55 74 62 58 2240 8328 50 53 69 88 88 144 55 81 151 80 56 418 164 52 85 329 477 51 342 98
leaf_count=455 99 50 386 55 55 74 62 58 2240 8328 50 53 69 88 88 144 55 81 151 80 56 418 164 52 85 329 477 51 342 98
internal_value=2.6618e-06 0.00215193 -1.90106e-05 9.27156e-05 6.55685e-05 0.000456518 0.00141294 0.0012699 1.92531e-05 -8.18561e-05 8.42551e-05 0.000546689 0.000117056 0.000111856 0.000280912 9.47332e-05 0.000141844 0.000116036 0.000224569 0.000327564 -9.154e-05 -3.18766e-05 -1.93751e-06 0.000428787 0.000285152 4.92042e-05 -9.42436e-05 -1.90466e-06 2.38044e-05 0.000122767
internal_weight=14793 149 14644 5243 5130 531 136 113 4599 9401 489 103 1612 395 176 1543 1088 1033 449 298 8912 2987 219 217 165 747 8856 528 584 242
internal_count=14793 149 14644 5243 5130 531 136 113 4599 9401 489 103 1612 395 176 1543 1088 1033 449 298 8912 2987 219 217 165 747 8856 528 584 242
is_linear=0
shrinkage=0.05


Tree=10
num_leaves=31
num_cat=0
split_feature=133 88 126 0 133 112 131 93 163 93 77 28 180 104 81 170 46 141 29 177 75 43 112 120 86 135 61 117 11 24
split_gain=0.210487 0.344947 0.0370884 0.0585403 0.0377688 0.0507427 0.0480507 0.0306246 0.0111536 0.0116678 0.00862725 0.00691262 0.00389655 0.0038016 0.00516992 0.0036082 0.00277761 0.00252174 0.00221818 0.00174327 0.00160662 0.00158972 0.00148562 0.0012236 0.00153928 0.00139338 0.000933466 0.000901669 0.000888964 0.000776232
threshold=88.200000000000003 32.63750000000001 41.500000000000007 0.20185000000000003 79.980000000000004 290.32811795000003 39.184882750482181 270.62322035000005 0.43750000000000006 271.02330720000003 274.34757110000004 44.050000000000004 0.25694444444444448 1.0000000180025095e-35 39.150000000000013 0.52486599134029055 1.5000000000000002 33.920000000000009 55.850000000000001 -0.0001209874360869566 12.950000000000001 0.29750000000000004 284.98289300000005 286.97437570000005 4.5000000000000009 29.415000000000003 47.300000000000011 1.5500000000000003 0.01171224859027778 32.300000000000004
decision_type=2 2 2 2 2 2 2 2 2 2 2 2 2 2 2 2 2 2 2 2 2 2 2 2 2 2 2 2 2 2
left_child=2 -2 3 4 10 8 -7 -5 22 -10 11 17 20 14 -14 18 -13 21 -15 -4 26 -1 -6 24 25 -19 -12 28 -21 -28
right_child=1 -3 19 7 5 6 -8 -9 9 -11 12 16 13 15 -16 -17 -18 23 -20 27 -22 -23 -24 -25 -26 -27 29 -29 -30 -31
leaf_value=0.00028175833575395313 0 0.0048419801673508581 0.00011361485246890794 0.00027542254937173684 -5.9859649506407341e-05 0.0024804841413128154 0.0003541776207903376 0.0016969489522005729 0.0011574779096511466 0.00014693096495757346 0.00011407409052012358 0.00014073096590642685 2.8922187604557438e-06 0.00027668627959397162 0.00060172877790519398 -3.9601157265435066e-05 0.00082684013049812155 0.00015234563628565548 0 -9.5426892624085044e-05 -9.1829012405682592e-05 0 0.00023234895634781217 0 0 0.00060285470955531609 8.7270126357627591e-05 0 2.7852651911353161e-05 -4.3151777413599784e-05
leaf_weight=55 98 58 83 90 237 53 66 81 50 99 114 52 113 172 68 868 50 86 105 7992 1619 661 52 88 63 58 103 187 85 1225
leaf_count=55 98 58 83 90 237 53 66 81 50 99 114 52 113 172 68 868 50 86 105 7992 1619 661 52 88 63 58 103 187 85 1225
internal_value=1.27524e-07 0.00182145 -1.91471e-05 7.27438e-05 4.60396e-05 0.000438115 0.00135563 0.000983798 0.000174926 0.00052483 5.3517e-06 0.000130354 -2.52448e-05 4.42337e-05 0.000257412 5.97651e-06 0.000530365 8.45717e-05 0.000166412 -8.83098e-05 -5.69799e-05 2.56413e-05 0 0.000210141 0.000278476 0.00037119 -1.43517e-05 -9.09563e-05 -9.35073e-05 -2.92159e-05
internal_weight=14731 156 14575 6228 6057 557 119 171 438 149 5500 1113 4387 1326 181 1145 102 1011 277 8347 3061 716 289 295 207 144 1442 8264 8077 1328
internal_count=14731 156 14575 6228 6057 557 119 171 438 149 5500 1113 4387 1326 181 1145 102 1011 277 8347 3061 716 289 295 207 144 1442 8264 8077 1328
is_linear=0
shrinkage=0.05


Tree=11
num_leaves=31
num_cat=0
split_feature=133 90 126 0 133 112 131 92 163 110 77 28 180 104 92 94 46 174 25 62 5 160 61 23 104 165 92 15 164 15
split_gain=0.190249 0.332331 0.0337148 0.0529926 0.0343002 0.0459203 0.0432003 0.0278471 0.010149 0.0126727 0.00792789 0.00626611 0.00352649 0.00347739 0.00501693 0.00260898 0.00241292 0.00238147 0.00357131 0.0024952 0.00227289 0.00167811 0.00170274 0.00163995 0.001633 0.00153154 0.00136961 0.00117212 0.00112379 0.00279809
threshold=88.200000000000003 24.866326530612252 41.500000000000007 0.20185000000000003 79.980000000000004 290.32811795000003 39.184882750482181 13.050000000000002 0.43750000000000006 16.050000000000004 274.34757110000004 44.050000000000004 0.25694444444444448 1.0000000180025095e-35 16.750000000000007 2.5000000000000004 1.5000000000000002 2.5000000000000004 17.500000000000004 1.0000000180025095e-35 7.2950000000000008 0.44183673469387763 159.40000000000001 29.267361111111118 0.25000000000000006 0.0082344463333333361 20.050000000000008 0.00025937500000000006 0.4513888888888889 0.00092500000000000015
decision_type=2 2 2 2 2 2 2 2 2 2 2 2 2 2 2 2 2 8 2 2 2 2 2 2 2 2 2 2 2 2
left_child=2 15 3 4 10 8 -7 -5 26 -10 11 17 21 14 -14 -2 -13 18 -1 28 -15 22 -12 -22 25 -4 -6 -23 29 -19
right_child=1 -3 24 7 5 6 -8 -9 9 -11 12 16 13 20 -16 -17 -18 19 -20 -21 23 27 -24 -25 -26 -27 -28 -29 -30 -31
leaf_value=0.00062440473928718893 -0.00010928262946046223 0.0050026359829980025 -3.6706682698962911e-05 0.001633942401735112 -6.8943066398120272e-05 0.0023587566607252315 0.00033673304897798625 0.00027296590265944368 5.8174303807997303e-05 0.0010634062094919262 0 0.0001338271811571003 4.5902845158707117e-07 -3.9165971224054402e-05 0.00059303779087523296 0.00035114402635942914 0.00078630875885103116 0 4.2147315272697538e-05 0.00028258795684057086 4.8036882897607995e-05 0 -9.054532540498381e-05 0.00037873014731501997 -8.9093566547416479e-05 0.00019180582482227035 0.00018085911212575127 0.00019720118917724034 -4.8415373100810097e-05 0.00032802849534284661
leaf_weight=50 55 51 356 79 217 53 66 92 89 60 696 52 115 769 66 50 50 302 101 96 322 232 2042 54 7901 90 72 91 380 82
leaf_count=50 55 51 356 79 217 53 66 92 89 60 696 52 115 769 66 50 50 302 101 96 322 232 2042 54 7901 90 72 91 380 82
internal_value=4.51567e-07 0.00173201 -1.78563e-05 6.97374e-05 4.42874e-05 0.00041794 0.00129112 0.000936635 0.000166917 0.00050069 5.46854e-06 0.000125317 -2.38196e-05 4.21817e-05 0.000246081 6.40426e-05 0.000506744 8.14311e-05 0.000270682 4.21192e-05 5.39989e-06 -5.40482e-05 -6.75352e-05 0.000109671 -8.38126e-05 0 0 4.47018e-05 5.0374e-06 7.09088e-05
internal_weight=14731 156 14575 6228 6057 557 119 171 438 149 5500 1113 4387 1326 181 105 102 1011 151 860 1145 3061 2738 376 8347 446 289 323 764 384
internal_count=14731 156 14575 6228 6057 557 119 171 438 149 5500 1113 4387 1326 181 105 102 1011 151 860 1145 3061 2738 376 8347 446 289 323 764 384
is_linear=0
shrinkage=0.05


Tree=12
num_leaves=31
num_cat=0
split_feature=133 90 126 0 133 112 131 61 163 110 77 28 180 104 92 170 85 92 46 185 115 6 120 88 89 177 92 61 112 163
split_gain=0.171992 0.300829 0.0306659 0.0479835 0.0311655 0.0415595 0.0388261 0.0252913 0.00923654 0.0114338 0.00723805 0.00569834 0.00321307 0.00317321 0.00448867 0.00302 0.00298708 0.00222424 0.00208751 0.0020725 0.00230614 0.00229064 0.0020301 0.0030179 0.00235201 0.00155054 0.00149217 0.00153574 0.0013147 0.00120994
threshold=88.200000000000003 25.08061224489796 41.500000000000007 0.20185000000000003 79.980000000000004 290.32811795000003 39.184882750482181 221.70000000000002 0.43750000000000006 14.850000000000003 274.34757110000004 44.050000000000004 0.25694444444444448 1.0000000180025095e-35 16.750000000000007 0.52486599134029055 267.44930320000003 13.150000000000004 1.5000000000000002 0.00043058174995046873 12.950000000000001 0.012020833333333335 278.36684325000004 26.312500000000007 37.750000000000007 -0.0001209874360869566 21.550000000000004 86.250000000000014 284.98289300000005 0.29861111111111122
decision_type=2 2 2 2 2 2 2 2 2 2 2 2 2 2 2 2 2 2 2 8 2 2 2 2 2 2 2 2 2 2
left_child=2 16 3 4 10 8 -7 -5 28 -10 11 19 26 14 -14 17 -2 -15 -13 -1 21 22 23 -21 -24 -4 27 29 -6 -12
right_child=1 -3 25 7 5 6 -8 -9 9 -11 12 18 13 15 -16 -17 -18 -19 -20 20 -22 -23 24 -25 -26 -27 -28 -29 -30 -31
leaf_value=-2.0350527359558501e-05 -0.0001056584762205092 0.0048046352351814809 0.00011041953468347423 0.0015024517575043372 -5.6018066936930226e-05 0.0022430028521490319 0.00032014768686913975 0.00020556050987791024 2.7049474602630225e-05 0.00097507827152378121 0.00019169364249763831 0.00012726207992736304 4.3627402317661808e-07 0.00029601305719527437 0.00056382846889093026 -3.6164058120001943e-05 0.00038387591448411641 0 0.00074776420899605217 0.00060577617618751644 0 -2.3221534581406394e-05 -3.2628449945756678e-05 2.1710552524350447e-05 0.00023614824828014285 -8.214832339770388e-05 4.0890341065222543e-05 -7.7715953695523863e-05 0.00021891257409632363 -1.2992948712304371e-05
leaf_weight=292 56 50 83 86 237 53 66 85 84 65 89 52 115 136 66 868 50 141 50 83 236 67 95 56 182 8264 325 2445 52 202
leaf_count=292 56 50 83 86 237 53 66 85 84 65 89 52 115 136 66 868 50 141 50 83 236 67 95 56 182 8264 325 2445 52 202
internal_value=6.86261e-07 0.00164708 -1.67043e-05 6.68164e-05 4.25566e-05 0.000398739 0.00122977 0.000891811 0.000159281 0.000477696 5.51011e-06 0.000120048 -2.243e-05 4.04863e-05 0.000235314 5.14681e-06 7.99546e-05 0.000152248 0.00048428 7.7918e-05 0.000124744 0.000187245 0.000233107 0.000408019 0.000126197 -7.96215e-05 -5.1322e-05 -6.41134e-05 0 3.29276e-05
internal_weight=14731 156 14575 6228 6057 557 119 171 438 149 5500 1113 4387 1326 181 1145 106 277 102 1011 719 483 416 139 277 8347 3061 2736 289 291
internal_count=14731 156 14575 6228 6057 557 119 171 438 149 5500 1113 4387 1326 181 1145 106 277 102 1011 719 483 416 139 277 8347 3061 2736 289 291
is_linear=0
shrinkage=0.05


Tree=13
num_leaves=31
num_cat=0
split_feature=133 82 126 0 133 112 131 33 163 80 77 28 140 1 8 85 141 160 41 98 138 138 160 160 61 185 15 112 15 93
split_gain=0.155499 0.275648 0.0279327 0.0425144 0.029512 0.0382855 0.0401096 0.024557 0.00848244 0.00996545 0.00671912 0.00521585 0.00271374 0.0029152 0.0033579 0.00248728 0.00208677 0.00194601 0.00179304 0.00155431 0.00148492 0.00251663 0.00388783 0.00147663 0.00204011 0.0019884 0.00243798 0.00121178 0.00106541 0.000986549
threshold=88.200000000000003 25.710000000000004 43.500000000000007 0.20185000000000003 79.980000000000004 290.32811795000003 35.133458222840027 -0.14700696400438582 0.43750000000000006 16.037500000000005 274.34757110000004 44.050000000000004 73.145000000000024 0.041204277500000004 0.012361670566801151 267.44930320000003 33.920000000000009 0.32653061224489804 64.500000000000014 -0.90000000000000113 3.8850000000000002 2.9800000000000004 0.13163265306122454 0.41734693877551027 144.10000000000005 0.0008807361500103374 0.00025937500000000006 284.98289300000005 0.0016302083333333336 267.63084315000003
decision_type=2 2 2 2 2 2 2 2 2 2 2 2 2 2 2 2 2 2 2 2 2 2 2 2 2 8 2 2 2 2
left_child=2 15 3 4 10 8 -7 -5 27 -10 11 16 13 23 -15 -2 20 -9 -13 -18 21 -1 -23 24 -12 -25 -27 -6 -28 -16
right_child=1 -3 -4 7 5 6 -8 17 9 -11 12 18 -14 14 29 -17 19 -19 -20 -21 -22 22 -24 25 -26 26 28 -29 -30 -31
leaf_value=-2.0460279729040513e-05 -0.00010046823404672181 0.0045887027174124828 -7.8235526331920795e-05 0.0015797633971964967 -5.5712895737235711e-05 0.0022350834714821898 0.00034456632338697094 0.00049356972586059376 0 0.00084136906597922449 4.4890436183260257e-06 0.00012119331017119002 0.00024843550114069489 0.00032990985629787194 -3.7442915378297763e-05 0.00034546955781943148 5.3712305274655533e-05 0 0.00071092798399702457 0.00033515066588231238 -2.4247611148874716e-05 0 0.00053398366194375309 -3.9948851289071697e-05 -8.8145345240332786e-05 -4.6294763204579275e-05 0.00047006481739502972 0.00019765402659937411 5.3902105240406701e-05 6.0718371335769646e-05
leaf_weight=107 56 50 8050 68 245 51 79 61 75 78 667 52 86 92 471 50 173 51 50 122 469 73 68 349 2295 55 58 57 66 507
leaf_count=107 56 50 8050 68 245 51 79 61 75 78 667 52 86 92 471 50 173 51 50 122 469 73 68 349 2295 55 58 57 66 507
internal_value=8.69622e-07 0.00156634 -1.56493e-05 6.07983e-05 3.84102e-05 0.000376543 0.0011358 0.00081778 0.000146633 0.00044874 3.14128e-06 0.000114118 -2.24112e-05 -2.86689e-05 4.09463e-05 6.44136e-05 7.36045e-05 0.000301014 0.000462918 0.000187735 1.94873e-05 0.000122041 0.000264774 -5.14501e-05 -6.56035e-05 1.84701e-05 0.000159738 0 0.000290762 8.34717e-06
internal_weight=14731 156 14575 6525 6345 585 130 180 455 153 5760 1114 4646 4560 1070 106 1012 112 102 295 717 248 141 3490 2962 528 179 302 124 978
internal_count=14731 156 14575 6525 6345 585 130 180 455 153 5760 1114 4646 4560 1070 106 1012 112 102 295 717 248 141 3490 2962 528 179 302 124 978
is_linear=0
shrinkage=0.05


end of trees

feature_importances:
pct_forest=27
min_t2m_next_6h=16
last_osi=15
gust_peak4h_mean_next_24h=13
P_active_frac_obs=13
gust_max_next_24h=12
total_tp_next_48h=12
cumul_tp_since_onset=12
gust_last_obs=11
restoration_ratio_obs=11
min_t2m_next_48h=10
last_R_t=9
gust_mean_next_48h=9
cumul_gust_since_onset=9
t2m_at_t6h=9
N_nonzero_frac_obs=9
N_per_gust_excess_obs=9
gust_x_hso=8
min_t2m_next_24h=8
last_N_t=7
gust_max_obs=7
gust_max_last6h_obs=7
P_trend_last24_obs=7
gust_at_first_material_N_obs=7
pre_event_mean_osi=6
pressure_change_6h=6
hours_since_obs=6
pct_unmapped=6
tp_rate_next_48h=6
mslma_t=5
log_customers=5
pop_density=5
tree_canopy_pct=5
last_P_t=4
gust_mean_next_24h=4
gust_max_next_48h=4
t2m_at_t48h=4
pct_agriculture=4
D_mean_last24_obs=4
hours_since_R_peak_obs=4
first_material_N_hour_obs=4
osi_mean_72h=3
storm_onset_mean_osi=3
osi_trend_last6h=3
frac_zero_72h=3
soil_moist_t=3
lcc_t=3
wind_speed_max_next_24h=3
gust_gt30_next_24h=3
pct_developed=3
pct_wetland=3
forest_x_customers=3
R_nonzero_frac_obs=3
last_D_t=2
N_t_mean_72h=2
t2m_t=2
wind_speed_max_next_6h=2
gust_gt30_since_onset=2
gust_at_t6h=2
wind_speed_at_t24h=2
t2m_at_t24h=2
tree_canopy_std=2
hours_since_P_peak_obs=2
gust_to_N_best_corr_obs=2
last_outage_pct=1
osi_std_72h=1
R_t_mean_72h=1
pre_event_max_outage_pct=1
gust_mean_obs=1
gust_gt30_obs=1
wind_sin_t=1
r2_t=1
sp_t=1
gust_x_phase=1
gust_peak4h_mean_next_6h=1
wind_speed_max_next_48h=1
gust_gt30_next_48h=1
gust_peak4h_mean_next_48h=1
gust_change_3h=1
temp_change_6h=1
wind_speed_at_t1h=1
tp_at_t24h=1
hour_of_day=1
hour_sin=1
pct_water=1
P_mean_last24_obs=1
R_mean_last24_obs=1

parameters:
[boosting: gbdt]
[objective: huber]
[metric: rmse]
[tree_learner: serial]
[device_type: cpu]
[data_sample_strategy: bagging]
[data: ]
[valid: ]
[num_iterations: 2000]
[learning_rate: 0.05]
[num_leaves: 31]
[num_threads: -1]
[seed: 42]
[deterministic: 0]
[force_col_wise: 0]
[force_row_wise: 0]
[histogram_pool_size: -1]
[max_depth: -1]
[min_data_in_leaf: 50]
[min_sum_hessian_in_leaf: 0.001]
[bagging_fraction: 0.8]
[pos_bagging_fraction: 1]
[neg_bagging_fraction: 1]
[bagging_freq: 5]
[bagging_seed: 42]
[bagging_by_query: 0]
[feature_fraction: 0.8]
[feature_fraction_bynode: 1]
[feature_fraction_seed: 42]
[extra_trees: 0]
[extra_seed: 12879]
[early_stopping_round: 0]
[early_stopping_min_delta: 0]
[first_metric_only: 0]
[max_delta_step: 0]
[lambda_l1: 0.1]
[lambda_l2: 1]
[linear_lambda: 0]
[min_gain_to_split: 0]
[drop_rate: 0.1]
[max_drop: 50]
[skip_drop: 0.5]
[xgboost_dart_mode: 0]
[uniform_drop: 0]
[drop_seed: 42]
[top_rate: 0.2]
[other_rate: 0.1]
[min_data_per_group: 100]
[max_cat_threshold: 32]
[cat_l2: 10]
[cat_smooth: 10]
[max_cat_to_onehot: 4]
[top_k: 20]
[monotone_constraints: ]
[monotone_constraints_method: basic]
[monotone_penalty: 0]
[feature_contri: ]
[forcedsplits_filename: ]
[refit_decay_rate: 0.9]
[cegb_tradeoff: 1]
[cegb_penalty_split: 0]
[cegb_penalty_feature_lazy: ]
[cegb_penalty_feature_coupled: ]
[path_smooth: 0]
[interaction_constraints: ]
[verbosity: -1]
[saved_feature_importance_type: 0]
[use_quantized_grad: 0]
[num_grad_quant_bins: 4]
[quant_train_renew_leaf: 0]
[stochastic_rounding: 1]
[linear_tree: 0]
[max_bin: 255]
[max_bin_by_feature: ]
[min_data_in_bin: 3]
[bin_construct_sample_cnt: 200000]
[data_random_seed: 42]
[is_enable_sparse: 1]
[enable_bundle: 1]
[use_missing: 1]
[zero_as_missing: 0]
[feature_pre_filter: 1]
[pre_partition: 0]
[two_round: 0]
[header: 0]
[label_column: ]
[weight_column: ]
[group_column: ]
[ignore_column: ]
[categorical_feature: ]
[forcedbins_filename: ]
[precise_float_parser: 0]
[parser_config_file: ]
[objective_seed: 16083]
[num_class: 1]
[is_unbalance: 0]
[scale_pos_weight: 1]
[sigmoid: 1]
[boost_from_average: 1]
[reg_sqrt: 0]
[alpha: 0.9]
[fair_c: 1]
[poisson_max_delta_step: 0.7]
[tweedie_variance_power: 1.5]
[lambdarank_truncation_level: 30]
[lambdarank_norm: 1]
[label_gain: ]
[lambdarank_position_bias_regularization: 0]
[eval_at: ]
[multi_error_top_k: 1]
[auc_mu_weights: ]
[num_machines: 1]
[local_listen_port: 12400]
[time_out: 120]
[machine_list_filename: ]
[machines: ]
[gpu_platform_id: -1]
[gpu_device_id: -1]
[gpu_device_id_list: ]
[gpu_use_dp: 0]
[num_gpu: 1]

end of parameters

pandas_categorical:[]
