tree
version=v4
num_class=1
num_tree_per_iteration=1
label_index=0
max_feature_idx=189
objective=huber
feature_names=last_osi last_P_t last_N_t last_D_t last_R_t last_outage_pct osi_mean_72h osi_max_72h osi_std_72h outage_pct_mean_72h outage_pct_max_72h N_t_mean_72h N_t_max_72h R_t_mean_72h R_t_max_72h pre_event_mean_osi pre_event_max_outage_pct storm_onset_max_osi storm_onset_mean_osi osi_trend_last6h is_worsening frac_zero_72h hours_since_peak gust_mean_obs gust_max_obs gust_gt30_obs gust_gt40_obs cumul_gust_obs gust_last_obs gust_max_last6h_obs gust_trend_last6h_obs gust_t wind_speed_t wind_sin_t wind_cos_t t2m_t d2m_t tp_t rain_t csnow_t sdwe_t r2_t vpd_t soil_moist_t blh_t tcc_t lcc_t mcc_t hcc_t sp_t mslma_t sdswrf_t direct_rad_t diffuse_rad_t et0_t temp_c_t dewpoint_c_t icing_risk_t gust_exceed_30 soil_moist_x_gust is_snowing gust_x_hso gust_x_phase soil_gust_x_phase gust_exceed30_x_hso gust_max_next_1h gust_mean_next_1h wind_speed_max_next_1h total_tp_next_1h min_t2m_next_1h gust_gt30_next_1h gust_gt40_next_1h gust_peak4h_mean_next_1h gust_max_next_6h gust_mean_next_6h wind_speed_max_next_6h total_tp_next_6h min_t2m_next_6h gust_gt30_next_6h gust_gt40_next_6h gust_peak4h_mean_next_6h gust_max_next_24h gust_mean_next_24h wind_speed_max_next_24h total_tp_next_24h min_t2m_next_24h gust_gt30_next_24h gust_gt40_next_24h gust_peak4h_mean_next_24h gust_max_next_48h gust_mean_next_48h wind_speed_max_next_48h total_tp_next_48h min_t2m_next_48h gust_gt30_next_48h gust_gt40_next_48h gust_peak4h_mean_next_48h gust_change_1h gust_change_3h pressure_change_3h pressure_change_6h temp_change_6h wind_change_1h cumul_gust_since_onset cumul_tp_since_onset gust_gt30_since_onset gust_at_t1h wind_speed_at_t1h t2m_at_t1h tp_at_t1h gust_at_t6h wind_speed_at_t6h t2m_at_t6h tp_at_t6h gust_at_t24h wind_speed_at_t24h t2m_at_t24h tp_at_t24h gust_at_t48h wind_speed_at_t48h t2m_at_t48h tp_at_t48h hour_of_day hour_sin hour_cos days_since_onset hours_since_obs storm_phase log_customers rural_urban_code is_metro pop_density n_utilities pct_forest pct_developed pct_agriculture pct_water pct_wetland pct_unmapped pct_forest_classified tree_canopy_pct tree_canopy_std forest_x_customers window_len_next_1h is_full_next_1h tp_rate_next_1h gust_gt30_frac_next_1h has_weather_at_t1h window_len_next_6h is_full_next_6h tp_rate_next_6h gust_gt30_frac_next_6h has_weather_at_t6h window_len_next_24h is_full_next_24h tp_rate_next_24h gust_gt30_frac_next_24h has_weather_at_t24h window_len_next_48h is_full_next_48h tp_rate_next_48h gust_gt30_frac_next_48h has_weather_at_t48h N_nonzero_frac_obs R_nonzero_frac_obs P_mean_last24_obs D_mean_last24_obs N_mean_last24_obs R_mean_last24_obs flow_balance_last24_obs restoration_ratio_obs P_D_gap_last_obs hours_since_P_peak_obs hours_since_N_peak_obs hours_since_R_peak_obs first_material_N_hour_obs first_material_R_hour_obs P_trend_last24_obs D_trend_last24_obs P_post_peak_slope_obs P_active_frac_obs has_material_P_obs has_material_N_obs has_material_R_obs gust_excess30_sum_obs N_per_gust_excess_obs P_change_per_gust_excess_obs gust_to_N_best_corr_obs gust_to_N_best_lag_obs gust_at_first_material_N_obs
feature_infos=[0:0.55230000000000001] [0:0.82424180700000005] [0:0.021710291] [0:0.90465771100000003] [0:0.039181763000000001] [0:82.420000000000002] [4.1666666666666669e-06:0.26529999999999998] [0.0001:0.65049999999999997] [1.9982631347136334e-05:0.22470370552747407] [0.00083333333333333328:39.644861111111112] [0.02:100] [3.1208333333333337e-06:0.018623942125000001] [7.4900000000000005e-05:0.37916412199999999] [3.1208333333333337e-06:0.017093115180555556] [7.4900000000000005e-05:0.119716399] [0:0.38653749999999998] [0:100] [0:0.59799999999999998] [0:0.20940416666666664] [-0.022628571428571428:0.017611428571428573] [0:1] [0:0.95833333333333337] [0:71] [13.03611111111111:31.258333333333326] [29.300000000000001:70] [0:35] [0:18] [938.59999999999991:2250.5999999999995] [3.5:47.5] [15.4:64.5] [-6.477142857142856:3.3114285714285714] [0.59999999999999998:57.799999999999997] [0:38] [-0.99999999953664132:0.99999999913657367] [-0.99999999329043221:1] [259.42265909999998:298.3466019] [257.33913039999999:289.8677619] [0:11.300000000000001] [0:11.300000000000001] [0:2.6600000000000001] [0:0.089999999999999997] [15:100] [0:2.5] [0.16700000000000001:0.52000000000000002] [10:3090] [0:100] [0:100] [0:100] [0:100] [884.60000000000002:1027.2] [986.70000000000005:1031.8] [0:863] [0:737] [0:463] [0:0.60999999999999999] [-13.727340900000002:25.196601900000019] [-15.81086959999999:16.717761900000028] [0:1] [0:27.799999999999997] [0.19259999999999999:23.550000000000001] [0:1] [0.80000000000000004:3819.7999999999997] [0:107.59999999999999] [0:47.100000000000001] [0:1689.7999999999997] [1.2:57.799999999999997] [0.89999999999999991:54.5] [0:38] [0:14.699999999999999] [259.42265909999998:298.21776599999998] [0:2] [0:2] [0.89999999999999991:54.5] [2.7999999999999998:57.799999999999997] [2.0571428571428569:49.328571428571429] [0.40000000000000002:38] [0:26.699999999999999] [259.42265909999998:296.22558249999997] [0:7] [0:7] [2.5999999999999996:52.550000000000004] [5.9000000000000004:57.799999999999997] [4.25:43.052] [2.6000000000000001:38] [0:51.199999999999996] [259.42265909999998:288.3249495] [0:25] [0:19] [4.9250000000000007:52.550000000000004] [5.9000000000000004:57.799999999999997] [4.25:37.897959183673471] [2.6000000000000001:38] [0:52.900000000000006] [259.42265909999998:288.3249495] [0:40] [0:22] [4.9250000000000007:52.550000000000004] [-24.299999999999997:28.199999999999999] [-32:35.700000000000003] [-6.1999999999999318:10.599999999999909] [-10.899999999999977:14.599999999999909] [-20.027499999999975:21.845291299999985] [-15.300000000000001:28.000000000000004] [347.09999999999997:4391.1000000000004] [0:53.200000000000003] [0:61] [0.59999999999999998:57.799999999999997] [0:38] [259.42265909999998:298.3466019] [0:11.300000000000001] [0.90000000000000002:57.799999999999997] [0:38] [259.42265909999998:298.3466019] [0:11.300000000000001] [0.90000000000000002:57.799999999999997] [0:38] [259.42265909999998:298.3466019] [0:11.300000000000001] [0.90000000000000002:53.799999999999997] [0:34.299999999999997] [259.42265909999998:296.58327589999999] [0:11.300000000000001] [0:23] [-1:1] [-1:1] [1:6] [1:138] [0:3] [7.1180162044653335:13.453719692845613] [1:9] [0:1] [8.3691524328166658:11939.655837338518] [1:14] [0.96999999999999997:88.719999999999999] [2.21:86.629999999999995] [0.040000000000000001:87.469999999999999] [0.01:5.5099999999999998] [0:19.780000000000001] [1.8899999999999999:18.32] [0.98868616858628067:95.815074496056084] [2.2000000000000002:80.340000000000003] [12.65:40.140000000000001] [8.0679963363985543:851.59337963521523] none none [0:7.3499999999999996] [0:1] none none none [0:3.8142857142857141] [0:1] none [7:25] [0:1] [0:2.048] [0:1] [0:1] [7:49] [0:1] [0:1.0795918367346939] [0:0.81632653061224492] [0:1] [0.041666666666666664:0.83333333333333337] [0.041666666666666664:0.90277777777777779] [0:0.33157778683333333] [0:0.2415728110416667] [0:0.05185222787499999] [0:0.017634620166666667] [-5.9704624999999938e-05:0.03421760770833332] [0.013031417634099374:6.5416667824977583] [-0.094310770000000002:0.045476995000000006] [0:71] [0:71] [0:70] [0:68] [0:71] [-0.00014221094434782621:0.052080195401739138] [-2.8979260869565253e-06:0.043438201510000003] [-0.090709080000000039:0.00060335147105305595] [0:0.98611111111111116] [0:1] [0:1] [0:1] [0:446.30000000000001] [1.2346153846153842e-05:0.024848555909090915] [-0.0026323566314935061:0.0091683099305555574] [-0.13256831251647599:0.75281650661316302] [0:3] [3.2000000000000002:60.600000000000001]
tree_sizes=3039 2769 2796 2668 2788 2746 2745 2839 2767 2794 2818 2841 2764 2768 2734 2755 2809 2702 2717 2730 2764 2763 2773 2712 2734

Tree=0
num_leaves=31
num_cat=0
split_feature=84 91 185 73 67 23 2 67 55 28 101 122 133 84 174 73 73 50 105 93 160 101 100 77 138 101 187 94 94 189
split_gain=0.0072657 0.00834938 0.00225533 0.0018886 0.00167196 0.00216167 0.000694134 0.00458063 0.000451294 0.000505319 0.000605921 0.000945623 0.000422828 0.000517653 0.000422731 0.000923259 0.000273267 0.000259141 0.000258429 0.000448637 0.000174168 0.000134475 0.000134244 0.000191 0.000124764 0.000109707 0.000130981 0.000109251 0.00019944 0.000190515
threshold=6.450000000000002 14.15 0.018454898484848471 37.250000000000007 13.450000000000001 22.612500000000004 0.0031384280000000004 2.5500000000000003 15.791074650000015 22.850000000000005 1.6464063500000068 18.500000000000004 85.89500000000001 1.0500000000000005 4.5000000000000009 47.750000000000007 36.350000000000001 1014.7500000000001 21.500000000000004 266.2719419500001 0.18172541743970319 0.34881254999999106 -4.8500000000000218 286.25016720000002 7.3250000000000011 0.94163180000001045 0.52477210426961818 14.500000000000002 26.500000000000004 30.850000000000005
decision_type=2 2 10 2 2 2 2 2 2 2 2 2 2 2 8 2 2 2 2 2 2 2 2 2 2 2 2 2 2 10
left_child=6 -2 3 8 5 -5 12 -8 -3 10 11 -10 16 -14 15 22 -1 -15 19 -9 -18 -7 23 24 -6 -16 27 -27 29 -29
right_child=1 2 -4 4 14 21 7 18 9 -11 -12 -13 13 17 25 -17 20 -19 -20 -21 -22 -23 -24 -25 -26 26 -28 28 -30 -31
leaf_value=0.00054302461267179928 0.0010895119192264741 0.00056314944807248155 0.00090875098602588729 0.00097086248967068862 0.00074288239192567664 0.00056404705126957423 0.0010330716312610055 0.00069246525175991952 0.00090799406382379344 0.00056404705126957423 0.00056404705126957423 0.00056404705126957423 0.00056404705126957423 0.00056404705126957423 0.00056404705126957423 0.00085137635035901224 0.00056185335985895878 0.00075978453209578443 0.00054816835776601855 0.00056404705126957423 0.0006234211125489132 0.00066801203022588424 0.00056404705126957423 0.00056404705126957423 0.00056404705126957423 0.00056404705126957423 0.00056404705126957423 0.00056404705126957423 0.00056404705126957423 0.00075763008851271909
leaf_weight=13858 96 1594 67 97 59 78 53 92 54 401 128 51 498 50 310 68 1108 56 927 444 121 99 120 104 54 97 169 74 76 61
leaf_count=13858 96 1594 67 97 59 78 53 92 54 401 128 51 498 50 310 68 1108 56 927 444 121 99 120 104 54 97 169 74 76 61
internal_value=0.000564047 0.000626079 0.000612784 0.000605971 0.000650555 0.000769069 0.00055016 0.000580835 0.000574366 0.000610399 0.000670015 0.000761732 0.000546876 0.000584041 0.000618973 0.000665542 0.000545056 0.00068386 0.000564047 0.000591749 0.000564047 0.000628728 0.000612512 0.000636028 0.000682776 0.000588565 0.000603604 0.000623041 0.000643803 0.000680588
internal_weight=21064 3857 3761 3694 1466 274 17207 1516 2228 634 233 105 15691 604 1192 405 15087 106 1463 536 1229 177 337 217 113 787 477 308 211 135
internal_count=21064 3857 3761 3694 1466 274 17207 1516 2228 634 233 105 15691 604 1192 405 15087 106 1463 536 1229 177 337 217 113 787 477 308 211 135
is_linear=0
shrinkage=1


Tree=1
num_leaves=31
num_cat=0
split_feature=76 83 120 103 80 103 85 139 85 176 101 138 135 137 55 174 73 92 59 139 122 77 108 163 122 122 11 11 61 59
split_gain=0.00448143 0.0115232 0.00333724 0.00458829 0.00123135 0.00134675 0.000839688 0.00137397 0.000682201 0.000852595 0.000554243 0.000883127 0.00154204 0.000504651 0.00156655 0.00401426 0.000587337 0.000523708 0.000301439 0.000371978 0.000768533 0.000257979 0.000440572 0.000198249 0.000161921 0.000256002 9.9906e-05 9.95498e-05 8.74541e-05 7.44564e-05
threshold=6.3500000000000023 14.15 267.53021145000008 827.35000000000002 28.762500000000006 1239.7500000000002 276.12202470000005 33.845354341507935 268.8653619000001 47.000000000000007 -1.3461422999999966 4.6350000000000007 67.780000000000015 0.055000000000000007 -8.151067799999991 5.5000000000000009 36.050000000000004 7.9500000000000011 6.7162500000000014 89.033414029013926 7.5000000000000009 288.07000490000001 281.75213310000009 0.53472222222222232 14.500000000000002 18.500000000000004 0.0062478009513888891 0.0022207533611111117 322.7000000000001 9.7816000000000027
decision_type=2 2 8 2 2 2 2 2 2 10 2 2 2 2 2 8 2 2 2 2 2 2 2 2 2 2 2 2 2 2
left_child=2 -2 3 -1 -5 6 7 -6 27 24 -7 12 -12 14 15 -4 26 -18 -16 -20 -21 22 -19 -24 -10 -26 -15 -3 -28 -29
right_child=1 8 13 4 5 10 -8 -9 9 -11 11 -13 -14 16 18 -17 17 21 19 20 -22 -23 23 -25 25 -27 28 29 -30 -31
leaf_value=0.00053083923373824476 0.0007682243852304378 0 0.00052494394950746727 -9.8929499151788558e-06 0 0 0 0.00038970974095803307 0 0.00032361659609065371 0.00033672338906099624 1.1837936083650799e-05 3.1965452479409616e-05 -2.0039627221057914e-05 -1.6893701533888217e-05 0 -4.2377492453869855e-06 0 0 0.00024219781900076975 0 6.6721265875457899e-06 0.00022745550259716969 0 0.00015294797282487191 0 6.54749297702402e-05 6.2409035428159828e-05 0 0
leaf_weight=50 61 433 50 665 54 525 53 85 89 53 81 407 180 13441 1547 109 1019 64 786 53 156 297 71 50 83 109 50 151 211 81
leaf_count=50 61 433 50 665 54 525 53 85 89 53 81 407 180 13441 1547 109 1019 64 786 53 156 297 71 50 83 109 50 151 211 81
internal_value=0 0.00010032 -5.12515e-06 5.40528e-05 3.97328e-05 6.71578e-05 0.000197484 0.000262219 5.38101e-05 0.000115177 4.18478e-05 7.20881e-05 0.000146554 -1.23481e-05 6.27497e-06 0.000158474 -1.59858e-05 1.16914e-05 -1.33732e-06 1.78219e-05 7.70373e-05 5.56583e-05 0.00010696 0.000162697 5.71241e-05 8.28574e-05 -1.93833e-05 1.53541e-05 0 4.17371e-05
internal_weight=21064 1060 20004 2100 2050 1385 192 139 999 334 1193 668 261 17904 2701 159 15203 1501 2542 995 209 482 185 121 281 192 13702 665 261 232
internal_count=21064 1060 20004 2100 2050 1385 192 139 999 334 1193 668 261 17904 2701 159 15203 1501 2542 995 209 482 185 121 281 192 13702 665 261 232
is_linear=0
shrinkage=0.05


Tree=2
num_leaves=31
num_cat=0
split_feature=76 83 120 103 80 103 134 85 176 108 42 2 50 50 133 81 108 151 122 185 90 137 92 73 82 104 177 126 176 21
split_gain=0.0041134 0.0103742 0.00305888 0.00413088 0.00114211 0.00121563 0.00115993 0.000624684 0.00074243 0.000542937 0.00101457 0.000520053 0.00415739 0.000495737 0.000614807 0.00112688 0.000211342 0.000186472 0.000151788 0.00029867 0.00014243 9.02594e-05 0.00010925 8.37692e-05 0.00016262 0.000158618 8.24246e-05 0.000103996 6.77954e-05 8.64117e-05
threshold=6.3500000000000023 14.15 267.53021145000008 827.35000000000002 28.762500000000006 1239.7500000000002 6.5150000000000015 268.8653619000001 47.000000000000007 290.00720085000006 0.69500000000000006 0.0059917800000000012 1027.9500000000003 1017.6500000000002 82.02000000000001 28.250000000000004 287.26048210000005 0.6428571428571429 15.500000000000002 0.00057413784903973062 30.426530612244903 0.60500000000000009 9.0500000000000025 37.250000000000007 34.086000000000006 0.35000000000000009 0.013237638701086961 17.500000000000004 62.500000000000007 0.4513888888888889
decision_type=2 2 8 2 2 2 2 2 10 2 2 2 2 2 2 2 2 2 2 8 2 2 2 2 2 2 2 2 8 2
left_child=2 -2 3 -1 -5 6 -6 -3 18 20 -11 13 -13 14 16 -16 -4 26 -9 -20 -7 -12 -23 -18 25 -25 -15 -28 29 -27
right_child=1 7 11 4 5 9 -8 8 -10 10 21 12 -14 17 15 -17 23 -19 19 -21 -22 22 -24 24 -26 28 27 -29 -30 -31
leaf_value=0.00050481768416776667 0.00073043272198241715 1.4646560709473528e-05 -1.0421504748364952e-05 -9.3990443846186028e-06 0.00041564490456468504 0 6.6872126973382837e-05 0 0.00030773541367428461 0.00031416153488828934 0 0 0.00043315286419940476 -2.1415321778444097e-05 0.0002880803345675197 0 0 5.2288674949736826e-05 0 0.00014496031959816585 4.5681184836398403e-05 0 9.1151421203154747e-05 0 0 0 4.2274358622015434e-05 -1.1510668914491699e-05 0 0.00015431256260609502
leaf_weight=50 61 665 4170 665 52 635 140 104 53 53 99 850 57 10958 50 194 433 50 84 93 242 63 101 117 179 66 104 545 65 66
leaf_count=50 61 665 4170 665 52 635 140 104 53 53 99 850 57 10958 50 194 433 50 84 93 242 63 101 117 179 66 104 545 65 66
internal_value=9.60823e-08 9.62615e-05 -4.75428e-06 5.18887e-05 3.8163e-05 6.45975e-05 0.000188902 5.18466e-05 0.000110722 4.0263e-05 9.95564e-05 -1.16798e-05 2.3196e-05 -1.38363e-05 -2.4709e-07 7.60049e-05 -4.89325e-06 -1.9632e-05 5.48732e-05 8.30795e-05 1.31146e-05 3.63434e-05 5.89992e-05 1.45924e-05 2.8697e-05 5.08145e-05 -2.0377e-05 0 7.81707e-05 0.00010184
internal_weight=21064 1060 20004 2100 2050 1385 192 999 334 1193 316 17904 907 16997 5340 244 5096 11657 281 177 877 263 164 926 493 314 11607 649 197 132
internal_count=21064 1060 20004 2100 2050 1385 192 999 334 1193 316 17904 907 16997 5340 244 5096 11657 281 177 877 263 164 926 493 314 11607 649 197 132
is_linear=0
shrinkage=0.05


Tree=3
num_leaves=31
num_cat=0
split_feature=84 91 138 67 189 93 34 2 67 75 27 124 138 137 140 126 115 103 61 107 108 42 110 140 187 135 116 112 4 86
split_gain=0.00576062 0.0060654 0.0019533 0.00498177 0.00131877 0.00138754 0.000657169 0.000571867 0.00399015 0.000472664 0.000734006 0.000695862 0.00123528 0.000342082 0.000309815 0.000328271 0.00065918 0.000287728 0.000333444 0.000370325 0.000213481 0.000421005 0.00019506 0.000178541 0.000150029 0.000218038 0.000109305 9.1233e-05 8.46892e-05 7.81355e-05
threshold=6.450000000000002 14.15 3.7550000000000003 8.0500000000000025 34.550000000000004 265.46194255000006 -0.84395962687749959 0.0031384280000000004 2.5500000000000003 15.250000000000002 1580.2500000000002 -0.78656609248549325 4.8100000000000014 0.75500000000000012 78.385000000000019 79.500000000000014 11.050000000000002 1891.45 691.25000000000011 15.350000000000003 287.46900055000003 0.7350000000000001 34.550000000000004 17.960000000000004 0.59972712125785854 27.540000000000003 264.62236675000003 280.29115790000009 0.027597018500000004 22.500000000000004
decision_type=2 2 2 2 10 2 2 2 2 2 2 2 2 2 2 2 10 2 2 2 2 2 2 2 2 2 8 2 2 2
left_child=7 -2 3 -3 -5 -6 9 14 -9 -4 11 -11 -13 -12 22 16 -16 18 -10 -20 -14 -22 26 -15 25 -25 -1 -24 -28 -29
right_child=1 2 6 4 5 -7 -8 8 17 10 13 12 20 23 15 -17 -18 -19 19 -21 21 -23 27 24 -26 -27 28 29 -30 -31
leaf_value=0 0.00045180920681053344 0.00061946881852254247 0 0 0.00029315366817106475 0 0 0.00043793842652424552 0 0 0 0.00035583027626402285 0 4.1439445330607737e-06 0.00021248682384421196 0 0 -1.5217219017724516e-05 0.00020416431246471974 0 0.00018586157968820776 0 0 0 0 0.00014657155410862868 -1.865418777021048e-05 5.1760888067927958e-05 0 0
leaf_weight=375 96 50 386 327 109 57 1200 53 374 136 600 75 77 268 60 146 60 983 53 53 79 73 394 94 77 153 14165 165 251 75
leaf_count=375 96 50 386 327 109 57 1200 53 374 136 600 75 77 268 60 146 60 983 53 53 79 73 394 94 77 153 14165 165 251 75
internal_value=2.31723e-07 5.56825e-05 4.41248e-05 0.000134246 7.37586e-05 0.000189301 2.73277e-05 -1.19097e-05 1.58537e-05 4.47706e-05 5.65845e-05 0.000116372 0.000159012 3.0245e-05 -1.49115e-05 3.27035e-05 9.56163e-05 0 3.19648e-05 0.000111283 7.15465e-05 0.000105751 -1.60588e-05 5.7293e-05 8.57231e-05 0.000105558 -1.73339e-05 5.79496e-06 -1.80896e-05 3.21696e-05
internal_weight=21064 3857 3761 543 493 166 3218 17207 1516 2018 1632 440 304 1192 15691 266 120 1463 480 106 229 152 15425 592 324 247 14791 634 14416 240
internal_count=21064 3857 3761 543 493 166 3218 17207 1516 2018 1632 440 304 1192 15691 266 120 1463 480 106 229 152 15425 592 324 247 14791 634 14416 240
is_linear=0
shrinkage=0.05


Tree=4
num_leaves=31
num_cat=0
split_feature=155 133 138 186 171 155 80 2 50 101 138 93 133 155 103 104 22 49 73 77 137 140 75 22 92 140 59 30 176 171
split_gain=0.00525984 0.0058856 0.00234926 0.00384067 0.00098722 0.000844881 0.000621343 0.000522369 0.0028234 0.000431484 0.000528703 0.00289558 0.000303321 0.000408689 0.000252343 0.00031521 0.000373165 0.000246921 0.000192644 0.000172693 0.000132474 0.000204788 0.000238413 0.000175212 0.000128771 0.000113436 0.000113034 0.000103817 0.000143084 0.000125429
threshold=0.25800000000000006 88.200000000000003 3.7550000000000003 -3.9973939293775523e-05 -0.011840032999999996 0.43000000000000005 29.737500000000008 0.0031384280000000004 1027.9500000000003 -1.3461422999999966 4.785000000000001 264.40128965000002 85.89500000000001 0.040454545454545465 1985.8500000000001 1.3500000000000005 5.5000000000000009 962.35000000000002 36.350000000000001 289.05144865000005 0.72500000000000009 17.960000000000004 16.850000000000005 5.5000000000000009 8.9500000000000046 76.225000000000009 10.341800000000003 -1.3257142857142865 59.500000000000007 0.0016996420000000006
decision_type=2 2 2 8 2 2 2 2 2 2 2 2 2 2 2 2 2 2 2 2 2 2 2 2 2 2 2 2 8 2
left_child=7 2 3 -2 5 -5 25 12 14 26 11 -11 18 -14 15 -9 -17 -15 -1 -13 -12 -22 -23 -24 -20 -4 27 28 29 -8
right_child=1 -3 6 4 -6 -7 9 8 -10 10 20 19 13 17 -16 16 -18 -19 24 -21 21 22 23 -25 -26 -27 -28 -29 -30 -31
leaf_value=-1.741561662716599e-05 0.00044046638483450804 0.00056526290346243374 -5.4815510328029936e-06 0.00031668760896454021 7.3706677443907552e-06 0 0.00010134914269279185 0 0.00031644429432187306 0.00046252180194122569 0 7.167947052470892e-05 0 0 -1.5489238941974612e-05 0 0.00015038218601426574 0.00018309776736983891 -1.6636373288193991e-06 0 0 0 0 0.00013862635119626766 5.1123267302068221e-05 5.4082251820706433e-05 -8.1697117488706967e-07 0 0 0
leaf_weight=13848 95 56 1163 65 333 51 122 301 73 55 388 136 498 53 941 108 93 53 1108 114 170 83 102 157 121 84 402 155 82 54
leaf_count=13848 95 56 1163 65 333 51 122 301 73 55 388 136 498 53 941 108 93 53 1108 114 170 83 102 157 121 84 402 155 82 54
internal_value=3.56733e-07 5.32664e-05 4.4285e-05 0.000142587 6.76117e-05 0.000196269 2.63477e-05 -1.12525e-05 1.5225e-05 4.34874e-05 6.34187e-05 0.000127995 -1.41319e-05 1.68274e-05 0 2.83705e-05 7.68463e-05 0.000105593 -1.57048e-05 3.29291e-05 3.58674e-05 5.38986e-05 7.64036e-05 9.99673e-05 0 0 7.84925e-06 2.83436e-05 4.78145e-05 7.32553e-05
internal_weight=21064 3867 3811 544 449 116 3267 17197 1516 2020 1205 305 15681 604 1443 502 201 106 15077 250 900 512 342 259 1229 1247 815 413 258 176
internal_count=21064 3867 3811 544 449 116 3267 17197 1516 2020 1205 305 15681 604 1443 502 201 106 15077 250 900 512 342 259 1229 1247 815 413 258 176
is_linear=0
shrinkage=0.05


Tree=5
num_leaves=31
num_cat=0
split_feature=84 91 138 11 12 42 81 101 101 77 133 2 128 82 160 75 23 160 124 36 116 75 101 187 14 99 101 111 76 13
split_gain=0.00464007 0.00411176 0.00150156 0.0020127 0.00121235 0.00217057 0.00239675 0.0027858 0.0054956 0.000581731 0.000432726 0.000398609 0.00418952 0.000318528 0.000394552 0.000314333 0.000313085 0.000282722 0.000247368 0.000226685 0.000206543 0.000632295 0.000136636 0.00023139 0.000175927 0.000151471 0.000100676 7.09319e-05 6.07785e-05 6.04608e-05
threshold=6.1500000000000012 14.15 4.6950000000000012 0.0044062812152777788 0.018911317000000004 0.51500000000000012 38.350000000000001 -1.3461422999999966 2.154478350000034 288.07000490000001 88.64500000000001 0.0059917800000000012 9.0639842339397667 32.714000000000006 0.23093112244897965 16.250000000000004 19.578472222222228 0.31918367346938786 -0.78656609248549325 283.04048305000009 264.40128965000002 10.950000000000001 0.75275574999997741 0.53533604624852826 0.0042713965000000008 -3.6999999999999882 -5.284839199999964 18.050000000000004 3.850000000000001 0.0029774413125000006
decision_type=2 2 2 2 2 2 2 2 2 2 2 2 2 2 2 2 2 2 2 2 8 2 2 2 2 2 2 2 2 2
left_child=10 -2 3 4 5 -3 -7 -8 -9 -10 11 13 -13 20 -15 28 18 -16 -17 -20 21 -1 -18 24 -24 -26 -22 29 -4 -28
right_child=1 2 15 -5 -6 6 7 8 9 -11 -12 12 -14 14 17 16 22 -19 19 -21 26 -23 23 -25 25 -27 27 -29 -30 -31
leaf_value=0.00017801466238419176 0.00038046649396710565 0 -1.4919979171363209e-05 0.00038962456135777763 0 0 0 0.00082566844410562413 0.00030651425081437499 1.5530187058055279e-05 9.9437353168468703e-05 0.0004557214315550832 -2.1576309321962633e-06 0 0.00018957005872868683 0 0 0 0 0.00019804707529194853 0 0 0 0 0 0.00012188863618636892 -1.8484079009499777e-05 0 6.733604995832717e-06 0
leaf_weight=52 94 330 613 58 512 118 60 53 54 90 79 51 818 395 53 55 792 54 57 75 1320 308 133 365 55 148 12795 532 388 615
leaf_count=52 94 330 613 58 512 118 60 53 54 90 79 51 818 395 53 55 792 54 57 75 1320 308 133 365 55 148 12795 532 388 615
internal_value=7.15731e-07 4.90432e-05 3.98104e-05 8.54661e-05 6.65574e-05 0.00010925 0.000191945 0.00027734 0.000367968 0.000160493 -1.04584e-05 -1.12693e-05 1.94602e-05 -1.32366e-05 2.21778e-05 1.62099e-05 2.97539e-05 0.000106883 9.77347e-05 0.000134729 -1.46961e-05 1.65427e-05 1.78328e-05 3.41085e-05 6.43427e-05 9.48423e-05 -1.57615e-05 -1.70293e-05 -1.53842e-06 -1.77404e-05
internal_weight=21122 4050 3956 1275 1217 705 375 257 197 144 17072 16993 869 16124 502 2681 1680 107 187 132 15622 360 1493 701 336 203 15262 13942 1001 13410
internal_count=21122 4050 3956 1275 1217 705 375 257 197 144 17072 16993 869 16124 502 2681 1680 107 187 132 15622 360 1493 701 336 203 15262 13942 1001 13410
is_linear=0
shrinkage=0.05


Tree=6
num_leaves=31
num_cat=0
split_feature=84 91 138 11 12 47 111 108 84 34 137 55 88 116 82 83 34 120 50 81 133 126 169 185 22 131 14 80 13 14
split_gain=0.00428031 0.00368978 0.00137521 0.00179065 0.00110924 0.00191326 0.0010383 0.000819469 0.00129337 0.00169119 0.000447769 0.00138557 0.00372939 0.000876267 0.000367609 0.000519781 0.000289255 0.000472378 0.000168248 0.000302714 0.000294584 0.000129563 0.000158219 0.000113414 0.000138795 0.00011583 0.000178339 5.85145e-05 6.13218e-05 4.7099e-05
threshold=6.1500000000000012 14.15 4.6950000000000012 0.0044062812152777788 0.018911317000000004 1.0000000180025095e-35 12.65 282.43671675000002 11.250000000000002 -0.96836603086603545 0.055000000000000007 -8.151067799999991 15.337500000000004 263.92378905000004 32.714000000000006 21.750000000000004 -0.85517333063993017 273.87464160000007 1017.9500000000002 27.950000000000003 80.390000000000015 9.5000000000000018 0.0016587474166666666 0.00081871489720394721 3.5000000000000004 359.05615439764136 0.024047289000000003 34.337500000000013 0.0029774413125000006 0.016254121000000003
decision_type=2 2 2 2 2 2 2 2 2 2 2 2 2 8 2 2 2 10 2 2 2 2 2 10 2 2 2 2 2 2
left_child=10 -2 3 4 5 -3 -7 -8 9 -9 11 12 -1 -13 21 -16 17 23 19 20 -15 22 -12 -4 -25 26 -26 28 -23 -24
right_child=1 2 16 -5 -6 6 7 8 -10 -11 14 13 -14 18 15 -17 -18 -19 -20 -21 -22 27 29 24 25 -27 -28 -29 -30 -31
leaf_value=0 0.00036164341623034016 0.00035316314120538233 1.4666454470719043e-06 0.00037047353161466105 0 0 0 3.223632590890431e-05 0 0.00041591691617235061 -9.8305683553067022e-06 0.00017703437063451631 0.00050432859929381213 0 0.0001342119610048582 0 0 0.00019282667836010019 -1.5272298884158141e-05 0 0.00016328729444042741 -1.8132312756790801e-05 0 0 8.3760168651020528e-05 0 0 0 0 4.9350231228221337e-05
leaf_weight=102 94 78 838 58 512 250 99 93 101 84 875 66 50 76 88 449 1086 50 1735 361 59 11709 119 199 289 57 162 597 611 175
leaf_count=102 94 78 838 58 512 250 99 93 101 84 875 66 50 76 88 449 1086 50 1735 361 59 11709 119 199 289 57 162 597 611 175
internal_value=8.13813e-07 4.72358e-05 3.8412e-05 8.21625e-05 6.40241e-05 0.000104879 6.55175e-05 0.000118316 0.0001622 0.000243726 -9.90817e-06 8.67364e-06 0.000154417 0 -1.33625e-05 2.37588e-05 1.57185e-05 2.94666e-05 -6.37846e-06 1.46398e-05 7.96732e-05 -1.51342e-05 0 2.08244e-05 3.66724e-05 5.05209e-05 5.92864e-05 -1.65784e-05 -1.73215e-05 3.24633e-05
internal_weight=21122 4050 3956 1275 1217 705 627 377 278 177 17072 2449 152 2297 14623 537 2681 1595 2231 496 135 14086 1169 1545 707 508 451 12917 12320 294
internal_count=21122 4050 3956 1275 1217 705 627 377 278 177 17072 2449 152 2297 14623 537 2681 1595 2231 496 135 14086 1169 1545 707 508 451 12917 12320 294
is_linear=0
shrinkage=0.05


Tree=7
num_leaves=31
num_cat=0
split_feature=155 133 138 186 137 108 43 19 141 102 137 42 22 114 73 92 19 15 184 126 0 124 105 92 173 43 133 65 73 178
split_gain=0.0039043 0.00341645 0.00150483 0.00212155 0.000973219 0.000622022 0.00125337 0.00122184 0.00177682 0.000590286 0.000405934 0.00151336 0.00402758 0.000925434 0.000287948 0.000414452 0.00020008 0.000160233 0.000157043 0.000111868 0.000139069 8.24326e-05 8.90503e-05 0.000137678 0.000143965 8.5957e-05 7.8958e-05 0.000134802 7.50539e-05 9.48065e-05
threshold=0.24533333333333338 88.200000000000003 3.7550000000000003 -3.9973939293775523e-05 1.7550000000000001 287.05516050000006 0.34750000000000003 -0.00034714285714285701 31.090000000000003 0.59999999999999887 0.055000000000000007 0.10500000000000002 1.0000000180025095e-35 6.6500000000000012 36.350000000000001 11.350000000000003 0.00014714285714285705 0.0010302083333333335 17.450000000000006 9.5000000000000018 0.028050000000000002 0.1294095225512602 25.500000000000004 20.850000000000005 5.5000000000000009 0.30050000000000004 87.760000000000005 16.650000000000002 33.050000000000004 0.00011209474695652177
decision_type=2 2 2 8 2 2 2 2 2 2 2 2 2 8 2 2 2 2 2 2 2 2 2 2 10 2 2 2 2 2
left_child=10 2 3 -2 17 21 18 8 -8 -10 11 12 -1 -14 19 -16 -17 -5 -7 20 -12 22 23 24 -4 -26 -13 -28 -9 -30
right_child=1 -3 5 4 -6 6 7 28 9 -11 14 26 13 -15 15 16 -18 -19 -20 -21 -22 -23 -24 -25 25 -27 27 -29 29 -31
leaf_value=0.00051141602766130326 0.00034445257505438733 0.00043821304196107878 0 0 0.00025373139217751284 8.4572917100127884e-05 0 0 0.00049966292259464901 8.305772309815335e-05 -9.4517846781706725e-06 -1.3451626509726375e-05 0.00020591164252541382 0 0 0.00014819866135415037 0 7.0278357588146424e-05 6.2824222221548441e-06 -1.6361876663162783e-05 3.348867315182189e-05 -6.1542268776605073e-06 0 0 0 7.3374607244152347e-05 0 7.8515917396951662e-05 8.4800709407323495e-05 0
leaf_weight=51 94 56 104 307 61 94 51 85 58 52 790 1786 60 358 1190 72 67 110 1126 12248 246 933 307 170 54 243 137 57 85 70
leaf_count=51 94 56 104 307 61 94 51 85 58 52 790 1786 60 358 1190 72 67 110 1126 12248 246 933 307 170 54 243 137 57 85 70
internal_value=8.71541e-07 4.51479e-05 3.8294e-05 0.000115725 5.96815e-05 2.39024e-05 4.65525e-05 0.000125357 0.000238021 0.00035029 -9.37327e-06 8.26472e-06 8.99675e-05 2.55157e-05 -1.26717e-05 7.09525e-06 8.87648e-05 1.87945e-05 1.6474e-05 -1.50261e-05 0 8.54802e-07 1.39897e-05 2.62671e-05 4.28712e-05 6.07217e-05 -8.59978e-06 1.02661e-05 2.83567e-05 4.94472e-05
internal_weight=21122 4060 4004 572 478 3432 1621 401 161 110 17062 2449 469 418 14613 1329 139 417 1220 13284 1036 1811 878 571 401 297 1980 194 240 155
internal_count=21122 4060 4004 572 478 3432 1621 401 161 110 17062 2449 469 418 14613 1329 139 417 1220 13284 1036 1811 878 571 401 297 1980 194 240 155
is_linear=0
shrinkage=0.05


Tree=8
num_leaves=31
num_cat=0
split_feature=84 13 128 117 142 84 41 77 34 15 141 73 141 67 137 55 111 116 82 83 105 50 75 126 0 120 34 135 13 134
split_gain=0.00359601 0.00300241 0.00142081 0.00125589 0.00207443 0.00137935 0.0010416 0.00075925 0.00110869 0.00186421 0.000424063 0.000391293 0.000647499 0.000702218 0.000368838 0.00118942 0.00356324 0.000744054 0.000315994 0.000445418 0.00029725 0.000143306 0.000327732 0.000106509 0.000131524 8.59138e-05 0.000162263 4.83271e-05 4.78837e-05 4.21831e-05
threshold=6.1500000000000012 0.0039296913055555565 9.5929120760367841 0.25000000000000006 737.56509152187925 16.950000000000006 65.500000000000014 289.93183420000008 -0.62883204127908321 0.00012708333333333335 31.090000000000003 37.45000000000001 33.775000000000013 15.250000000000002 0.055000000000000007 -8.151067799999991 5.8500000000000005 263.92378905000004 32.714000000000006 21.750000000000004 22.500000000000004 1018.2500000000001 9.4500000000000011 9.5000000000000018 0.028050000000000002 273.46900440000007 -0.91368187043955162 85.145000000000024 0.0029774413125000006 10.265000000000002
decision_type=2 2 2 10 2 2 2 2 2 2 2 2 2 2 2 2 2 8 2 2 2 2 2 2 2 10 2 2 2 2
left_child=14 2 3 4 6 -6 7 8 9 -2 -11 25 -13 20 15 16 -1 -17 23 -20 -14 22 -19 24 -16 -4 -27 28 -25 -15
right_child=1 -3 11 -5 5 -7 -8 -9 -10 10 -12 12 13 29 18 17 -18 21 19 -21 -22 -23 -24 27 -26 26 -28 -29 -30 -31
leaf_value=0 0.00041548966589247853 0.00033588353911424449 -5.3646306802899612e-06 0 0.00053499450083692424 6.076103948544187e-05 0 0 0 0 0.00015208422737598493 0 0.00026850970645921882 0 -8.8045526701819588e-06 0.00016293541054410662 0.00048575290282743114 0.00012539681389809405 0.00012447678991949859 0 0 -1.4590008300310645e-05 0 -1.6128186407120576e-05 3.0019396288411261e-05 0.0001063195008407324 0 0 0 3.4960155525988312e-05
leaf_weight=102 87 89 1526 290 52 63 309 168 85 87 97 642 75 99 881 66 50 56 88 449 51 1703 472 12102 288 50 124 171 644 156
leaf_count=102 87 89 1526 290 52 63 309 168 85 87 97 642 75 99 881 66 50 56 88 449 51 1703 472 12102 288 50 124 171 644 156
internal_value=9.24386e-07 4.34877e-05 3.55728e-05 8.08323e-05 0.000108807 0.000321064 7.31588e-05 0.000116027 0.000158475 0.000207733 8.07581e-05 1.31381e-05 3.76095e-05 8.9606e-05 -8.88204e-06 7.87925e-06 0.00014293 0 -1.20314e-05 2.22132e-05 0.000193115 -6.0398e-06 1.20615e-05 -1.36933e-05 0 0 3.12445e-05 -1.50029e-05 -1.54138e-05 1.83743e-05
internal_weight=21122 4050 3961 1238 948 115 833 524 356 271 184 2723 1023 381 17072 2449 152 2297 14623 537 126 2231 528 14086 1169 1700 174 12917 12746 255
internal_count=21122 4050 3961 1238 948 115 833 524 356 271 184 2723 1023 381 17072 2449 152 2297 14623 537 126 2231 528 14086 1169 1700 174 12917 12746 255
is_linear=0
shrinkage=0.05


Tree=9
num_leaves=31
num_cat=0
split_feature=84 133 128 164 93 23 50 105 19 73 67 141 133 2 67 108 82 26 117 185 116 75 43 120 99 1 126 49 141 109
split_gain=0.00331037 0.00277052 0.00150049 0.00185162 0.00180351 0.0016663 0.00135225 0.000848401 0.000498556 0.000390663 0.000552651 0.000708005 0.000357583 0.000327438 0.00389643 0.000254324 0.000207483 0.000300516 0.000200833 0.000308329 0.00014337 0.000472624 8.11161e-05 7.17432e-05 0.000165459 7.0758e-05 0.000262284 0.000185171 0.000229592 5.68303e-05
threshold=5.6500000000000012 88.200000000000003 9.5929120760367841 0.3263888888888889 265.13972495000007 22.612500000000004 1000.85 4.5000000000000009 -0.0012528571428571424 37.45000000000001 15.250000000000002 35.010000000000012 88.64500000000001 0.0059917800000000012 2.9500000000000006 285.86758070000002 32.714000000000006 8.5000000000000018 0.15000000000000005 0.0010218704420673068 264.40128965000002 10.950000000000001 0.37650000000000006 273.46900440000007 -2.6499999999999768 0.14340941100000001 15.500000000000002 980.6500000000002 37.125000000000007 0.15000000000000005
decision_type=2 2 2 2 2 2 2 2 2 2 2 2 2 2 2 2 2 2 10 10 8 2 2 10 2 2 2 2 2 2
left_child=12 2 3 7 5 6 -5 -2 -7 23 11 -11 13 16 -15 -13 20 22 19 -6 21 -1 -18 -4 -25 29 27 28 -27 -22
right_child=1 -3 9 4 18 8 -8 -9 -10 10 -12 15 -14 14 -16 -17 17 -19 -20 -21 25 -23 -24 24 -26 26 -28 -29 -30 -31
leaf_value=0.00015279785119502159 0.00018833640407220546 0.00038681581602334827 -5.3873930638538475e-06 0.00011790380911098524 0 0.00018685747153700933 0.0006342543851328978 0 0 0 7.8478391055891346e-06 0 9.2536872402072346e-05 0.00044354789470911363 -1.9860092312043495e-06 0.00026379521255114161 0 0 0 0.00015653979919366784 -1.5240392265995691e-05 0 0.00014659825114672547 0.00010155894535204905 0 0.00014531832584301204 -1.1049958000054591e-05 0 0 0
leaf_weight=52 65 59 1596 58 73 118 51 643 105 152 788 51 77 50 815 73 55 367 120 56 12929 306 50 52 135 71 1409 98 60 588
leaf_count=52 65 59 1596 58 73 118 51 643 105 152 788 51 77 50 815 73 55 367 120 56 12929 306 50 52 135 71 1409 98 60 588
internal_value=9.97674e-07 4.09637e-05 3.47292e-05 8.02465e-05 0.000147813 0.000226614 0.000408523 1.76175e-05 0.000113951 1.23444e-05 3.63944e-05 9.95238e-05 -8.61354e-06 -9.37795e-06 1.84762e-05 0.000190025 -1.11991e-05 1.73244e-05 2.22588e-05 6.93899e-05 -1.23903e-05 1.24716e-05 9.17982e-05 0 2.65985e-05 -1.33083e-05 -2.10746e-08 4.58517e-05 8.46774e-05 -1.45484e-05
internal_weight=21122 4195 4136 1289 581 332 109 708 223 2847 1064 276 16927 16850 865 124 15985 472 249 129 15513 358 105 1783 187 15155 1638 229 131 13517
internal_count=21122 4195 4136 1289 581 332 109 708 223 2847 1064 276 16927 16850 865 124 15985 472 249 129 15513 358 105 1783 187 15155 1638 229 131 13517
is_linear=0
shrinkage=0.05


Tree=10
num_leaves=31
num_cat=0
split_feature=84 13 105 75 43 101 141 108 15 177 100 186 131 131 50 75 43 67 126 186 100 23 126 180 133 172 21 110 126 6
split_gain=0.0027834 0.00258982 0.00165107 0.000771354 0.000776233 0.00124997 0.00169885 0.00152113 0.00150708 0.000478852 0.000395685 0.000468424 0.000304881 0.00199859 0.000336994 0.00145542 0.000217077 0.000510405 0.000181276 0.000165953 0.000135503 0.000236032 8.08454e-05 6.77202e-05 6.25595e-05 6.19101e-05 6.12771e-05 4.20534e-05 3.41756e-05 3.10809e-05
threshold=5.6500000000000012 0.0039296913055555565 2.5000000000000004 19.050000000000004 0.33950000000000008 -1.8493074999999803 31.090000000000003 292.65824715000002 0.00086145833333333354 -3.4659245652173984e-06 2.5999999999999663 0.00013530692566337738 33.15434016127945 32.789184554052362 1017.6500000000002 10.350000000000003 0.27350000000000008 24.050000000000004 68.500000000000014 0.00068378018327899001 4.6499999999999782 26.194444444444446 30.500000000000004 0.27083333333333343 75.060000000000016 38.500000000000007 0.31250000000000006 29.950000000000003 36.500000000000007 6.9444444444444448e-06
decision_type=2 2 2 2 2 2 2 2 2 2 2 10 2 2 2 2 2 2 2 10 2 2 2 2 2 10 2 2 2 2
left_child=12 2 -2 9 16 -6 -7 8 -8 -4 23 -12 13 14 15 -1 17 -5 19 22 -21 -22 -14 27 -24 -25 -27 -11 -18 -16
right_child=1 -3 3 4 5 6 7 -9 -10 10 11 -13 18 -15 29 -17 28 -19 -20 20 21 -23 24 25 -26 26 -28 -29 -30 -31
leaf_value=0.00027511839862719563 0.00031613709071606077 0.00031368016493479975 0.00011662673718679036 0 0 9.8817493923850326e-06 0.0004996403929417503 0 6.4313510209852685e-05 -1.5664152978346182e-05 0.00018679381806518383 0 -1.1931244088867841e-05 0.00024780534692191787 0 0 1.8449780071030515e-05 0.00019403140578345447 -1.5091722329672857e-05 0 0 0.00012931894007150717 -2.0276148532419359e-07 0 4.4484460415816688e-05 0 8.0216698629288554e-05 0 0 -1.5077595182217155e-05
leaf_weight=55 52 86 92 144 224 188 82 71 67 1165 60 54 2986 83 58 364 250 56 9355 556 226 68 1658 519 78 68 50 439 535 1407
leaf_count=55 52 86 92 144 224 188 82 71 67 1165 60 54 2986 83 58 364 250 56 9355 556 226 68 1658 519 78 68 50 439 535 1407
internal_value=7.08175e-07 3.73348e-05 3.02716e-05 2.5307e-05 5.25255e-05 9.79836e-05 0.000149998 0.000246522 0.000338956 5.26414e-06 0 9.12402e-05 -8.1076e-06 9.06563e-06 0 3.77996e-05 1.82178e-05 6.57878e-05 -1.0706e-05 -2.4441e-06 1.62629e-05 4.37184e-05 -6.87291e-06 -3.76998e-06 0 5.62721e-06 3.83458e-05 -1.06184e-05 0 -1.28583e-05
internal_weight=21096 4202 4116 4064 1617 632 408 220 149 2447 2355 114 16894 1967 1884 419 985 200 14927 5572 850 294 4722 2241 1736 637 118 1604 785 1465
internal_count=21096 4202 4116 4064 1617 632 408 220 149 2447 2355 114 16894 1967 1884 419 985 200 14927 5572 850 294 4722 2241 1736 637 118 1604 785 1465
is_linear=0
shrinkage=0.05


Tree=11
num_leaves=31
num_cat=0
split_feature=84 13 105 73 120 141 43 171 133 108 116 33 77 174 188 110 112 104 100 55 28 116 36 0 141 101 24 14 102 89
split_gain=0.0025681 0.00232326 0.00148154 0.000554038 0.000957529 0.000528629 0.000511164 0.000418954 0.000279455 0.00027031 0.00412724 0.000242461 0.000288796 0.000442508 0.000958347 0.000239843 0.000207027 0.000269663 0.000136912 0.000127819 0.000233068 0.000368953 0.000115547 0.000178302 0.00014654 0.000113263 0.000175271 8.42374e-05 0.000185624 8.26108e-05
threshold=5.6500000000000012 0.0039296913055555565 2.5000000000000004 37.45000000000001 274.59349355000006 38.660000000000004 0.35250000000000004 -2.1749999999999997e-05 88.64500000000001 265.29655310000004 275.91498960000007 -0.32129562324171651 289.51336990000004 4.5000000000000009 1.0000000180025095e-35 30.850000000000005 280.38652970000004 4.7500000000000009 4.3500000000000236 15.532209450000012 20.850000000000005 270.02577435000006 266.38789255 0.087350000000000011 37.125000000000007 -1.3911030500000263 53.400000000000006 0.0042713965000000008 -1.0000000180025095e-35 27.950000000000003
decision_type=2 2 2 2 10 2 2 2 2 2 10 2 2 8 2 2 2 2 2 2 2 10 2 2 2 2 2 2 2 2
left_child=8 2 -2 4 19 11 -6 -8 9 10 -1 -5 13 14 -13 18 -17 -18 -11 -4 21 -21 -20 29 -25 -15 27 -27 -29 -24
right_child=1 -3 3 5 6 -7 7 -9 -10 15 -12 12 -14 25 -16 16 17 -19 22 20 -22 -23 23 24 -26 26 -28 28 -30 -31
leaf_value=-6.3447905823434877e-06 0.00030062846630758981 0.00029817643376159613 -9.2538056405939822e-06 0 0 0.00018218630953591251 0.00024788211952978559 0 7.6773947023887795e-05 -1.5064706286201441e-05 0.00043374996243853413 0.00028531314929101172 0 0 2.2974552879037935e-05 0 6.2763468079643771e-06 0.00014789467950196986 -1.0713918345286774e-05 0.00014347309180515723 0 0 3.9031517920702141e-05 8.7564327304950887e-05 0 0 0 0.00017299878541731262 0 -4.4837825741275215e-06
leaf_weight=774 52 86 1595 235 56 89 78 51 85 10746 55 76 412 203 161 900 352 57 2240 81 481 153 117 112 126 102 179 62 50 1330
leaf_count=774 52 86 1595 235 56 89 78 51 85 10746 55 76 412 203 161 900 352 57 2240 81 481 153 117 112 126 102 179 62 50 1330
internal_value=7.95076e-07 3.59819e-05 2.9218e-05 2.44421e-05 7.35658e-06 4.84046e-05 0.000116603 0.000171123 -7.66251e-06 -8.39147e-06 1.73166e-05 3.68659e-05 4.58465e-05 6.32926e-05 0.000128954 -1.0039e-05 8.32563e-06 3.85206e-05 -1.20188e-05 0 1.59817e-05 5.70758e-05 -2.40439e-06 5.67631e-06 4.57425e-05 2.86349e-05 4.42842e-05 7.50456e-05 0.000112157 0
internal_weight=21096 4202 4116 4064 2495 1569 185 129 16894 16809 829 1480 1245 833 237 15980 1309 409 14671 2310 715 234 3925 1685 238 596 393 214 112 1447
internal_count=21096 4202 4116 4064 2495 1569 185 129 16894 16809 829 1480 1245 833 237 15980 1309 409 14671 2310 715 234 3925 1685 238 596 393 214 112 1447
is_linear=0
shrinkage=0.05


Tree=12
num_leaves=31
num_cat=0
split_feature=155 14 105 75 43 138 24 102 116 96 163 164 131 131 50 75 67 43 67 96 186 14 81 78 107 59 137 69 50 76
split_gain=0.00236109 0.00211532 0.00132935 0.0006866 0.000698261 0.00114951 0.00130297 0.000855444 0.000632093 0.000499115 0.000583702 0.000695108 0.000270766 0.00179871 0.000299393 0.00131245 0.00024504 0.000201095 0.000537233 0.000167048 0.000151096 0.000115833 0.000128433 8.98944e-05 9.94622e-05 6.71408e-05 5.77554e-05 7.19085e-05 4.19506e-05 3.95518e-05
threshold=0.22600000000000006 0.061309237500000009 2.5000000000000004 19.050000000000004 0.33950000000000008 4.7650000000000015 52.95000000000001 0.4000000000000013 271.48624230000001 32.13750000000001 0.50694444444444453 0.39583333333333343 33.15434016127945 32.789184554052362 1017.6500000000002 10.550000000000002 15.350000000000003 0.27350000000000008 24.050000000000004 35.237500000000004 0.00068378018327899001 0.016563573000000002 32.850000000000001 1.5000000000000002 8.8500000000000032 6.5312500000000009 0.8600000000000001 287.76109280000009 1000.4500000000002 1.9500000000000006
decision_type=2 2 2 2 2 2 2 2 10 2 2 2 2 2 2 2 2 2 2 2 10 2 2 2 2 2 2 2 2 2
left_child=12 2 -2 9 17 6 7 -6 -7 10 11 -4 13 14 15 -1 -10 18 -5 29 25 -22 -23 -11 -25 -21 -26 -28 -29 -14
right_child=1 -3 3 4 5 8 -8 -9 16 23 -12 -13 19 -15 -16 -17 -18 -19 -20 20 21 22 -24 24 26 -27 27 28 -30 -31
leaf_value=0.00024257631095567309 0.00028588066507819474 0.00028965665592208792 0 0 0.00045793531029302676 0 0 7.9695804538991446e-05 0.00019073857733890463 -1.4757568115192307e-05 0 0.00022679784748838393 -1.3304192152423198e-05 0.00023536562049966529 -1.1819590288718741e-05 0 0 0 0.00018658016677721611 -1.1732405523533301e-05 0 0.0001182412157073626 0 6.2939552976854087e-05 -7.6501542090645255e-06 0 0 7.1500566066932047e-05 0 0
leaf_weight=64 52 83 80 154 60 289 72 76 70 1041 219 86 10856 83 1465 355 65 786 60 1797 324 64 202 66 691 1488 130 75 55 188
leaf_count=64 52 83 80 154 60 289 72 76 70 1041 219 86 10856 83 1465 355 65 786 60 1797 324 64 202 66 691 1488 130 75 55 188
internal_value=8.69893e-07 3.45745e-05 2.81642e-05 2.35796e-05 4.90795e-05 9.23751e-05 0.000194235 0.000285187 3.03017e-05 4.4859e-06 5.75406e-05 0.000128027 -7.23876e-06 8.91987e-06 0 3.59788e-05 0.000120369 1.66567e-05 6.02498e-05 -9.70478e-06 0 2.24588e-05 4.69154e-05 -3.03406e-06 4.05723e-06 -4.92307e-06 0 1.9951e-05 4.65333e-05 -1.28466e-05
internal_weight=21096 4210 4127 4075 1632 632 208 136 424 2443 385 166 16886 1967 1884 419 135 1000 214 14919 3875 590 266 2058 1017 3285 951 260 130 11044
internal_count=21096 4210 4127 4075 1632 632 208 136 424 2443 385 166 16886 1967 1884 419 135 1000 214 14919 3875 590 266 2058 1017 3285 951 260 130 11044
is_linear=0
shrinkage=0.05


Tree=13
num_leaves=31
num_cat=0
split_feature=110 29 100 142 133 50 50 133 85 43 141 103 33 108 33 81 134 49 123 171 100 14 103 85 50 137 49 73 67 76
split_gain=0.00176644 0.00296214 0.00273296 0.00359555 0.00192147 0.00247393 0.000661146 0.000581587 0.000562744 0.00144347 0.000418804 0.000516528 0.000328899 0.000299561 0.00395366 0.000204498 0.000241145 0.000699709 0.000527912 0.000269943 0.000108276 0.00010927 9.52537e-05 0.00013126 0.000134931 0.00025056 0.000124156 8.4316e-05 6.78159e-05 6.7272e-05
threshold=33.050000000000004 26.350000000000005 -3.9000000000000337 331.33182725521624 88.64500000000001 1021.0500000000001 1009.5500000000001 79.980000000000004 266.87784610000006 0.35450000000000004 38.660000000000004 1166.7500000000002 -0.30841377116617602 265.29655310000004 0.62842398229205787 38.050000000000004 8.7650000000000023 969.95000000000016 -0.70710678118654735 -0.0014861089999999998 4.3500000000000236 0.015902186500000002 2443.8000000000006 273.78611720000009 1014.7500000000001 0.65500000000000014 979.45000000000016 32.250000000000007 23.250000000000004 2.1500000000000008
decision_type=2 2 2 2 2 2 2 2 2 2 2 2 2 2 2 2 2 2 2 2 2 2 2 2 2 2 2 2 2 2
left_child=4 2 3 -2 6 -6 7 10 -9 -10 29 -12 -3 14 -8 -14 17 18 -17 -20 27 -22 23 24 -23 26 -26 -15 -18 -1
right_child=1 12 -4 -5 5 -7 13 8 9 -11 11 -13 15 20 -16 16 28 -19 19 -21 21 22 -24 -25 25 -27 -28 -29 -30 -31
leaf_value=-6.1538540083807766e-06 1.5251363977488155e-06 0 0 0.00070400552188797485 0.00045916750711958408 0 -5.2807409770436036e-06 0 0 0.00030399886690582597 0.00019220160106973104 6.4958404367236756e-06 0 -1.5139810249429227e-05 0.00043666343993775306 0 3.0170063672355553e-05 0 0.00034795917432785039 5.2589201215006463e-05 -9.6738463994865822e-06 0 0 0 0.00018524467060988822 0 0 0 0 9.1722530599019752e-06
leaf_weight=1803 51 686 65 52 50 53 765 118 115 75 65 258 155 10693 52 67 538 182 51 73 2183 122 487 230 55 202 55 405 204 1186
leaf_count=1803 51 686 65 52 50 53 765 118 115 75 65 258 155 10693 52 67 538 182 51 73 2183 122 487 230 55 202 55 405 204 1186
internal_value=9.5247e-07 4.43672e-05 0.000248628 0.000407612 -3.64656e-06 0.000209573 -5.08647e-06 1.35496e-05 8.06129e-05 0.000133712 5.78136e-06 5.97769e-05 2.41503e-05 -9.839e-06 1.72349e-05 3.9306e-05 4.70918e-05 8.58533e-05 0.000153194 0.000215884 -1.17192e-05 -1.93457e-06 8.39921e-06 2.19159e-05 3.85828e-05 5.60945e-05 0.000120483 -1.42077e-05 2.07878e-05 0
internal_weight=21096 2124 168 103 18972 103 18869 3620 308 190 3312 323 1956 15249 817 1270 1115 373 191 124 14432 3334 1151 664 434 312 110 11098 742 2989
internal_count=21096 2124 168 103 18972 103 18869 3620 308 190 3312 323 1956 15249 817 1270 1115 373 191 124 14432 3334 1151 664 434 312 110 11098 742 2989
is_linear=0
shrinkage=0.05


Tree=14
num_leaves=31
num_cat=0
split_feature=84 14 67 75 43 138 24 175 116 96 163 113 164 67 131 131 50 75 43 67 96 186 14 77 65 110 59 113 179 180
split_gain=0.00202603 0.00173624 0.00134317 0.00062963 0.000608553 0.00101607 0.00110433 0.00111029 0.000553399 0.000476449 0.000477406 0.000691525 0.000357188 0.000236965 0.000228712 0.00162492 0.000254684 0.0011459 0.000187198 0.000475214 0.00014777 0.0001323 0.000102994 0.000116602 0.000146085 9.11286e-05 5.59022e-05 4.82893e-05 3.78332e-05 5.35635e-05
threshold=5.6500000000000012 0.061309237500000009 5.0500000000000007 19.050000000000004 0.33950000000000008 4.7650000000000015 52.95000000000001 11.500000000000002 271.48624230000001 32.13750000000001 0.50694444444444453 1.0000000180025095e-35 0.40972222222222227 15.350000000000003 33.15434016127945 32.789184554052362 1017.6500000000002 10.350000000000003 0.27350000000000008 24.050000000000004 35.237500000000004 0.00068378018327899001 0.016563573000000002 276.21428745000009 32.250000000000007 28.050000000000004 6.5312500000000009 1.9500000000000002 -0.00010986266344735105 0.076388888888888909
decision_type=2 2 2 2 2 2 2 10 10 2 2 2 2 2 2 2 2 2 2 2 2 10 2 2 2 2 2 2 10 2
left_child=14 2 -2 9 18 6 7 -6 -7 10 11 -4 -13 -10 15 16 17 -1 19 -5 -16 26 -23 24 -24 27 -22 -11 -27 -30
right_child=1 -3 3 4 5 8 -8 -9 13 25 -12 12 -14 -15 20 -17 -18 -19 -20 -21 21 22 23 -25 -26 28 -28 -29 29 -31
leaf_value=0.00024349483897432431 0.00027087219794339038 0.00026419679484769452 0 0 6.3029989508223998e-05 0 0 0.0004541567254760224 0.00017935579049611683 -1.8386971215173104e-05 0 0 0.00030137750394748186 0 -1.1711948107259018e-05 0.00022353857859603264 -1.1119050385691438e-05 0 0 0.00017558023742911575 -1.0538900018116378e-05 0 0.00011538932029725912 0 0 0 0 0 0 4.0436031449651941e-05
leaf_weight=55 58 83 62 154 82 289 72 58 70 1081 202 50 54 67 11052 83 1465 364 783 60 1797 324 88 128 50 626 1488 120 82 149
leaf_count=55 58 83 62 154 82 289 72 58 70 1081 202 50 54 67 11052 83 1465 364 783 60 1797 324 88 128 50 626 1488 120 82 149
internal_value=9.99728e-07 3.22674e-05 2.63173e-05 2.15278e-05 4.58112e-05 8.60387e-05 0.000180797 0.000262601 2.68595e-05 3.08969e-06 5.65557e-05 0.000119224 0.000197667 0.000110714 -6.4829e-06 8.2864e-06 0 3.29308e-05 1.49984e-05 5.67532e-05 -8.76448e-06 0 2.1406e-05 4.44816e-05 7.67972e-05 -4.06526e-06 -4.27114e-06 -1.42791e-05 4.42091e-06 2.19081e-05
internal_weight=21096 4202 4119 4061 1635 638 212 140 426 2426 368 166 104 137 16894 1967 1884 419 997 214 14927 3875 590 266 138 2058 3285 1201 857 231
internal_count=21096 4202 4119 4061 1635 638 212 140 426 2426 368 166 104 137 16894 1967 1884 419 997 214 14927 3875 590 266 138 2058 3285 1201 857 231
is_linear=0
shrinkage=0.05


Tree=15
num_leaves=31
num_cat=0
split_feature=84 91 92 101 119 108 75 67 43 68 82 83 94 187 137 35 189 84 75 179 126 169 62 108 86 166 84 101 64 95
split_gain=0.00198161 0.00239761 0.000977885 0.00167932 0.00186413 0.00478947 0.000375283 0.00064562 0.000691607 0.000470335 0.00032121 0.000712195 0.000247562 0.00050187 0.000226331 0.00101696 0.00326145 0.000499615 0.00102502 0.000171127 6.50079e-05 7.52601e-05 5.21695e-05 5.03835e-05 4.56856e-05 4.10769e-05 3.77892e-05 4.20762e-05 5.04856e-05 3.31998e-05
threshold=7.5500000000000016 13.950000000000001 11.350000000000003 -0.82068440000000453 10.15 292.65824715000002 18.850000000000005 15.350000000000003 0.34850000000000003 1.8500000000000003 32.96200000000001 20.950000000000003 3.5000000000000004 0.36094845619736632 0.055000000000000007 264.98807590000007 32.70000000000001 1.0500000000000005 10.65 -0.012774111999999989 9.5000000000000018 0.0016587474166666666 55.300000000000004 294.86329175000009 12.500000000000002 0.0095038051458333338 11.450000000000005 3.7835881499999862 392.00000000000006 3.5000000000000004
decision_type=2 2 2 2 10 2 2 2 2 2 2 2 2 2 2 2 10 2 2 8 2 2 2 2 2 2 2 2 2 2
left_child=10 -2 3 19 5 -5 12 8 -8 -10 14 -12 13 -4 15 16 -1 29 -19 -3 21 -16 25 -7 -22 -14 27 -9 -29 -17
right_child=1 2 6 4 -6 23 7 26 9 -11 11 -13 22 -15 20 17 -18 18 -20 -21 24 -23 -24 -25 -26 -27 -28 28 -30 -31
leaf_value=0 0.00036756682361426235 7.8524020546223369e-05 0.00017691834136106385 0.00057309218431328196 0 0 5.0704989098448986e-06 0 0.00033859614238905376 0 0.00017670610341560355 4.9614799552389881e-07 -1.8755979831789235e-05 0 -5.7449366845179652e-06 -1.349451105784101e-05 0.0004593508428689686 0.00025340884044073225 0 -5.0602665790423115e-06 -1.1661089566329099e-05 2.3581096630183757e-05 0 5.3455574952749882e-05 0 0 0 6.5558912183638681e-05 0 0
leaf_weight=96 55 67 56 77 158 59 156 80 50 50 71 623 916 137 898 1997 50 54 259 332 12547 284 319 63 605 378 448 77 51 68
leaf_count=96 55 67 56 77 158 59 156 80 50 50 71 623 916 137 898 1997 50 54 259 332 12547 284 319 63 605 378 448 77 51 68
internal_value=8.0926e-07 3.51967e-05 2.83915e-05 7.99813e-05 0.000158914 0.000261736 1.2179e-05 3.8332e-05 0.000107069 0.000215056 -5.82142e-06 2.5946e-05 0 5.22401e-05 -7.42724e-06 5.12348e-06 0.000133185 -6.89986e-07 5.55611e-05 0 -9.98623e-06 0 -7.44548e-06 2.15122e-05 -1.10019e-05 -1.30309e-05 3.77528e-06 2.22897e-05 4.02538e-05 -1.16591e-05
internal_weight=21081 3529 3474 756 357 199 2718 912 256 100 17552 694 1806 193 16858 2524 146 2378 313 399 14334 1182 1613 122 13152 1294 656 208 128 2065
internal_count=21081 3529 3474 756 357 199 2718 912 256 100 17552 694 1806 193 16858 2524 146 2378 313 399 14334 1182 1613 122 13152 1294 656 208 128 2065
is_linear=0
shrinkage=0.05


Tree=16
num_leaves=31
num_cat=0
split_feature=84 91 92 101 94 108 75 67 140 170 90 43 94 187 2 50 50 133 81 178 7 28 186 126 4 19 84 63 84 13
split_gain=0.00183275 0.00215341 0.000884792 0.00154367 0.00175997 0.00458372 0.0003484 0.000604568 0.000771696 0.00116483 0.000288285 0.000525723 0.000222431 0.000453676 0.000221574 0.00340987 0.000143164 0.000513162 0.00126737 0.000139988 5.40019e-05 0.000115328 4.85944e-05 4.69573e-05 8.54937e-05 0.000106875 4.27071e-05 3.51769e-05 3.41339e-05 5.35365e-05
threshold=7.5500000000000016 13.950000000000001 11.350000000000003 -0.82068440000000453 21.500000000000004 292.65824715000002 18.850000000000005 15.350000000000003 29.125000000000004 0.58010408294652482 30.647959183673475 0.37550000000000006 3.5000000000000004 0.36094845619736632 0.0059917800000000012 1027.9500000000003 1017.6500000000002 85.89500000000001 28.950000000000003 0.0072180799143478289 0.013450000000000002 29.700000000000003 0.00015982831616201103 31.500000000000004 0.0016345230000000004 -0.0028999999999999985 1.7500000000000007 23.033400000000004 11.450000000000005 0.0005910410972222224
decision_type=2 2 2 2 2 2 2 2 2 2 2 2 2 2 2 2 2 2 2 2 2 2 10 2 2 2 2 2 2 2
left_child=10 -2 3 19 5 -5 12 8 -8 -10 14 23 13 -4 16 26 17 -1 -19 -3 -6 -22 27 -12 -25 -26 -16 -14 29 -9
right_child=1 2 6 4 20 -7 7 28 9 -11 11 -13 22 -15 15 -17 -18 18 -20 -21 21 -23 -24 24 25 -27 -28 -29 -30 -31
leaf_value=-4.122648572593348e-06 0.00034951666543617781 -2.2344394306741305e-06 0.00016822761424057384 0.00058287933758627232 0 1.6007830640733802e-05 0 0 0 0.00032491119466814987 -2.7257996650756486e-07 0.00014202495342041242 -1.6615517524723531e-05 0 -1.3295113509555719e-05 0.00039824158893051473 -1.1659457831670128e-05 0.00029292458345926388 0 8.1833246339416436e-05 8.6430464177502815e-05 0 0 0 0 7.74148878073902e-05 5.1431472820695466e-06 0 0 4.1762273939989078e-05
leaf_weight=4429 55 348 56 70 66 112 133 79 52 71 416 84 1037 137 680 54 11348 50 94 51 57 52 474 151 50 99 97 102 448 129
leaf_count=4429 55 348 56 70 66 112 133 79 52 71 416 84 1037 137 680 54 11348 50 94 51 57 52 474 151 50 99 97 102 448 129
internal_value=8.93281e-07 3.39674e-05 2.74336e-05 7.66076e-05 0.000152281 0.000263351 1.1894e-05 3.70851e-05 0.000103622 0.000194455 -5.47329e-06 2.23818e-05 0 4.96866e-05 -7.10324e-06 1.60497e-05 -8.62667e-06 -6.7025e-09 9.12598e-05 0 7.51785e-06 3.63007e-05 -6.91325e-06 1.19346e-06 1.98318e-05 4.70544e-05 -4.56291e-06 -1.31997e-05 3.39111e-06 2.1082e-05
internal_weight=21081 3529 3474 756 357 182 2718 912 256 123 17552 800 1806 193 16752 831 15921 4573 144 399 175 109 1613 716 300 149 777 1139 656 208
internal_count=21081 3529 3474 756 357 182 2718 912 256 123 17552 800 1806 193 16752 831 15921 4573 144 399 175 109 1613 716 300 149 777 1139 656 208
is_linear=0
shrinkage=0.05


Tree=17
num_leaves=31
num_cat=0
split_feature=84 13 128 164 175 118 84 82 83 137 49 106 84 83 135 133 34 106 73 81 92 99 126 0 141 80 118 137 112 4
split_gain=0.00168922 0.00205562 0.000696736 0.0016728 0.0021705 0.00318576 0.00367765 0.000270358 0.000611666 0.000195994 0.000988231 0.00338656 0.000464501 0.000816884 0.000177495 0.000294781 0.000376904 0.000392543 0.000693629 0.000109208 6.59354e-05 6.95531e-05 5.8223e-05 6.85779e-05 4.54713e-05 4.12324e-05 3.69431e-05 2.6546e-05 2.34907e-05 3.08398e-05
threshold=7.5500000000000016 0.0039296913055555565 9.4838347729937542 0.31250000000000006 12.500000000000002 15.950000000000001 16.950000000000006 32.96200000000001 20.950000000000003 0.055000000000000007 994.55000000000007 9.2500000000000018 1.0500000000000005 12.65 26.005000000000003 26.335000000000004 -0.73502910319649584 26.250000000000004 35.250000000000007 41.650000000000013 10.550000000000002 -2.1500000000000337 9.5000000000000018 0.028050000000000002 31.090000000000003 34.337500000000013 29.450000000000003 18.300000000000004 283.56656775000005 0.0020139710000000003
decision_type=2 2 2 2 10 10 2 2 2 2 2 2 2 2 2 2 2 2 2 2 2 2 2 2 2 2 10 2 2 2
left_child=7 2 3 -2 19 6 -6 9 -9 10 12 -12 26 -14 -4 -16 17 18 -17 -5 -19 -22 23 -11 -21 27 -1 -24 -10 -30
right_child=1 -3 14 4 5 -7 -8 8 28 22 11 -13 13 -15 15 16 -18 20 -20 24 21 -23 25 -25 -26 -27 -28 -29 29 -31
leaf_value=-1.4540236159479243e-05 0 0.00028470025111707942 -2.0011806014240309e-06 0 0.00057907652397701454 0 0 0.0001635207607847003 0 -4.9196309606676195e-06 0.00046428352233716377 0 0.0001795925763985401 0 0 0 0 0 0.00026969746845707327 0 5.0898795572425226e-05 0 -1.0978071330512708e-05 2.3191176799991153e-05 8.5430477167768731e-05 0 0 0 0 2.8266199948923128e-05
leaf_weight=1883 567 82 1241 158 90 83 52 71 271 905 50 124 89 224 513 59 170 54 65 59 196 83 12393 277 57 677 154 82 183 169
leaf_count=1883 567 82 1241 158 90 83 52 71 271 905 50 124 89 224 513 59 170 54 65 59 196 83 12393 277 57 677 154 82 183 169
internal_value=9.23387e-07 3.26814e-05 2.51553e-05 5.95581e-05 0.000126229 0.000243104 0.000386131 -5.17852e-06 2.38715e-05 -6.67236e-06 4.94956e-06 0.00012017 -1.50235e-06 5.23524e-05 7.63511e-06 2.24998e-05 4.57523e-05 7.01968e-05 0.000156628 1.15377e-05 2.26695e-05 3.46659e-05 -9.06781e-06 0 5.1443e-05 -1.0034e-05 -1.22525e-05 -1.06961e-05 0 1.28983e-05
internal_weight=21081 3529 3447 1066 499 225 142 17552 694 16858 2524 174 2350 313 2381 1140 627 457 124 274 333 279 14334 1182 116 13152 2037 12475 623 352
internal_count=21081 3529 3447 1066 499 225 142 17552 694 16858 2524 174 2350 313 2381 1140 627 457 124 274 333 279 14334 1182 116 13152 2037 12475 623 352
is_linear=0
shrinkage=0.05


Tree=18
num_leaves=31
num_cat=0
split_feature=155 13 120 28 32 75 128 176 185 141 82 83 22 64 30 186 2 67 50 139 81 75 103 25 179 168 175 137 166 112
split_gain=0.00152743 0.00185194 0.000653252 0.000821622 0.0012648 0.000693355 0.000600835 0.00246261 0.000475682 0.000268574 0.000244518 0.00055286 0.000219112 0.000244576 0.000234444 0.00019245 0.000187642 0.00319154 0.000132613 0.000272876 0.00100527 7.6715e-05 4.53004e-05 3.95415e-05 3.91474e-05 6.08446e-05 3.16143e-05 2.20003e-05 2.30126e-05 2.10908e-05
threshold=0.3020000000000001 0.0039296913055555565 274.59349355000006 27.100000000000005 11.450000000000001 19.050000000000004 9.232155983247015 31.500000000000004 0.018454898484848471 33.775000000000013 32.96200000000001 20.950000000000003 3.5000000000000004 445.7000000000001 -2.1814285714285697 0.00043618588130985665 0.0059917800000000012 2.8500000000000001 1017.6500000000002 89.033414029013926 28.250000000000004 15.250000000000002 2061.2000000000003 3.5000000000000004 -6.2501524291497983e-05 2.8841375000000006e-05 14.500000000000002 18.300000000000004 0.060969673229166674 283.56656775000005
decision_type=2 2 10 2 2 2 2 10 10 2 2 2 2 2 2 10 2 2 2 2 2 2 2 2 10 2 8 2 2 2
left_child=10 2 5 4 -4 8 7 -7 21 -8 16 -12 -11 14 -14 -16 18 -18 19 26 -21 23 -19 -2 -23 -26 -1 28 -20 -13
right_child=1 -3 3 -5 -6 6 9 -9 -10 12 11 29 13 -15 15 -17 17 22 27 20 -22 24 -24 -25 25 -27 -28 -29 -30 -31
leaf_value=0 0 0.00027063674532600782 0 0 0.00039306267474945771 0 0 0.00036824289811392358 0.00014861300207625249 0 0.00015545827684137396 0 0 0 0.00018826105972077634 0 0.00039208251135758754 0 -1.1344945461120237e-05 0.00023138895113380248 0 0 -1.5448021071812459e-05 -2.0263080131908344e-05 0 4.7971356958742287e-05 -6.8008338394182172e-06 0 0 1.2221624410542562e-05
leaf_weight=1748 167 82 60 71 50 194 596 72 51 79 71 271 63 58 93 51 52 268 10879 58 123 870 531 804 65 108 2496 69 629 352
leaf_count=1748 167 82 60 71 50 194 596 72 51 79 71 271 63 58 93 51 52 268 10879 58 123 870 531 804 65 108 2496 69 629 352
internal_value=9.24618e-07 3.11057e-05 2.38911e-05 0.00012097 0.000206153 1.69558e-05 4.70689e-05 0.000118393 0 2.14679e-05 -4.87041e-06 2.26926e-05 5.65971e-05 7.88282e-05 0.000104337 0.000140208 -6.30339e-06 1.4635e-05 -7.7302e-06 0 5.9565e-05 -4.49661e-06 -4.13917e-06 -1.54385e-05 9.05701e-07 2.38198e-05 -2.93044e-06 -1.05465e-05 -1.08016e-05 0
internal_weight=21081 3534 3452 181 110 3271 1206 266 2065 940 17547 694 344 265 207 144 16853 851 16002 4425 181 2014 799 971 1043 173 4244 11577 11508 623
internal_count=21081 3534 3452 181 110 3271 1206 266 2065 940 17547 694 344 265 207 144 16853 851 16002 4425 181 2014 799 971 1043 173 4244 11577 11508 623
is_linear=0
shrinkage=0.05


Tree=19
num_leaves=31
num_cat=0
split_feature=113 128 110 65 116 19 43 22 118 101 43 81 76 100 55 187 100 133 122 75 129 169 126 58 176 187 101 142 93 175
split_gain=0.00143349 0.00266349 0.00131648 0.00140106 0.000529276 0.000381862 0.00038942 0.000265001 0.000275903 0.000266699 0.000379862 0.00022601 0.000201928 0.000679626 0.000194865 0.00405548 0.000122652 0.000266055 0.000474616 0.000125345 0.00011389 0.000210445 0.000110923 0.000131413 0.000104306 8.63499e-05 6.13037e-05 0.000137592 9.24285e-05 6.7947e-05
threshold=0.8500000000000002 8.5053493765388222 33.050000000000004 15.450000000000001 272.19266755000007 -0.0036971428571428541 0.37550000000000006 5.5000000000000009 15.950000000000001 3.5150133500000043 0.34850000000000003 41.750000000000007 8.9500000000000011 -4.099999999999965 -8.151067799999991 0.63832623392839738 4.0999999999999668 85.89500000000001 6.5000000000000009 18.050000000000004 7.5000000000000009 9.83116875000001e-05 30.500000000000004 12.35 38.500000000000007 0.60380899986589542 -1.9268051000000239 325.96598140156283 266.53093915000005 31.500000000000004
decision_type=2 2 2 2 10 2 2 2 8 2 2 2 2 2 2 2 2 2 2 2 2 2 2 2 8 2 2 2 2 8
left_child=2 -2 12 -4 20 -6 11 -3 9 10 -9 -7 14 -14 15 -1 19 -18 -19 -16 -5 -22 -13 25 -12 -24 -21 -28 29 -29
right_child=1 7 3 4 5 6 -8 8 -10 -11 24 22 13 -15 16 -17 17 18 -20 26 21 -23 23 -25 -26 -27 27 28 -30 -31
leaf_value=-1.076194450242941e-05 0.00041618106291763362 0 0.0002805005157020905 -1.2690780889944364e-06 0 0 0.00019037525358538748 1.6066911978024716e-05 0 0 0.00022133400978672463 0 0 0.00019708196563162627 -1.2307515295451976e-05 0.00044023125422821944 -3.1395264172246079e-06 0.00018825932014413982 0 -6.1627246808953901e-06 0 0.00010990274524482996 0.00011783968442242358 0 0 0 0 8.8888128617933652e-05 0 0
leaf_weight=616 52 288 61 974 156 166 96 191 135 96 85 53 186 51 11414 52 4479 50 96 585 57 66 175 60 59 54 399 110 159 60
leaf_count=616 52 288 61 974 156 166 96 191 135 96 85 53 186 51 11414 52 4479 50 96 585 57 66 175 60 59 54 399 110 159 60
internal_value=9.6521e-07 6.26008e-05 -1.55781e-06 3.74884e-05 2.6668e-05 5.89502e-05 7.71306e-05 3.47618e-05 5.46864e-05 7.4309e-05 9.53093e-05 4.55749e-05 -5.93552e-06 3.6707e-05 -6.77581e-06 1.7477e-05 -7.99856e-06 0 6.4995e-05 -1.05506e-05 0 4.77861e-05 6.87721e-05 8.09334e-05 0.000165097 9.84244e-05 9.14811e-07 1.34615e-05 3.79826e-05 6.43071e-05
internal_weight=21081 906 20175 1918 1857 760 604 854 566 431 335 508 18257 237 18020 668 17352 4625 146 12727 1097 123 342 289 144 229 1313 728 329 170
internal_count=21081 906 20175 1918 1857 760 604 854 566 431 335 508 18257 237 18020 668 17352 4625 146 12727 1097 123 342 289 144 229 1313 728 329 170
is_linear=0
shrinkage=0.05


Tree=20
num_leaves=31
num_cat=0
split_feature=133 62 110 29 138 113 116 49 175 185 185 164 93 2 33 133 50 22 50 177 100 137 174 150 163 108 138 75 107 27
split_gain=0.00199554 0.00532236 0.00156258 0.00291945 0.00440963 0.000624254 0.000386734 0.000329737 0.000644499 0.00028074 0.000306868 0.000277508 0.000168223 0.00059415 0.00392595 0.000333018 0.000472079 0.000503812 0.000123662 0.000112299 0.000110134 9.72139e-05 0.000200121 0.000336918 0.000793291 9.37807e-05 0.000125365 0.000114696 0.000259798 0.00010407
threshold=88.200000000000003 41.45000000000001 32.850000000000001 26.350000000000005 4.6100000000000003 0.8500000000000002 273.08413555000004 968.75000000000011 14.500000000000002 0.00044302703842325381 0.00085175717129231212 0.49305555555555564 266.40703705000004 0.0059917800000000012 0.41089958393633069 82.02000000000001 1017.1500000000002 7.5000000000000009 1007.1500000000002 0.0074036218102173932 3.1999999999999891 0.81000000000000016 4.5000000000000009 0.078571428571428584 0.4513888888888889 288.41012880000005 4.4350000000000014 16.250000000000004 20.950000000000003 1610.0000000000002
decision_type=2 2 2 2 2 2 10 2 10 8 8 2 2 2 2 2 2 2 2 2 2 2 10 2 2 2 2 2 2 2
left_child=2 -2 5 4 -4 12 21 8 -8 -7 11 -11 13 15 -15 25 17 -17 -6 -14 -21 -5 23 -23 -25 -1 -27 -28 29 -29
right_child=1 -3 3 6 18 9 7 -9 -10 10 -12 -13 19 14 -16 16 -18 -19 -20 20 -22 22 -24 24 -26 26 27 28 -30 -31
leaf_value=-8.8557085615779016e-06 0 0.00059486968075921499 0.0006349890639446061 -7.3489083300443265e-06 7.6538408890971163e-05 0 0.00022930614349044736 1.6011545538086442e-05 0 0.00018223521678752447 1.7818436885676271e-05 0 -1.1597712570145219e-05 0 0.00046937383278775231 0 0 0.00019509967932578921 0 -3.121809086544264e-06 2.8944497457721039e-05 0 0 0.00024956528860217844 0 0 0 0.00017034980526659638 0 0
leaf_weight=5491 167 51 51 581 61 199 79 420 107 97 356 55 9997 310 50 70 142 80 51 1117 315 150 512 56 91 170 71 53 77 51
leaf_count=5491 167 51 51 581 61 199 79 420 107 97 356 55 9997 310 50 70 142 80 51 1117 315 150 512 56 91 170 71 53 77 51
internal_value=2.2982e-06 0.000152533 4.81228e-07 4.09552e-05 0.000246895 -3.92601e-06 2.15185e-05 5.56354e-05 0.000117807 4.12568e-05 6.12084e-05 0.000129372 -5.98134e-06 0 6.27402e-05 -3.22038e-06 4.68622e-05 0.000109896 2.18701e-05 -9.64984e-06 4.57975e-07 3.02068e-06 1.66405e-05 4.93106e-05 0.000102894 -6.54655e-06 1.16294e-05 3.8274e-05 6.00988e-05 0.000111563
internal_weight=21078 218 20860 2159 163 18701 1996 606 186 707 508 152 17994 6565 360 6205 292 150 112 11429 1432 1390 809 297 147 5913 422 252 181 104
internal_count=21078 218 20860 2159 163 18701 1996 606 186 707 508 152 17994 6565 360 6205 292 150 112 11429 1432 1390 809 297 147 5913 422 252 181 104
is_linear=0
shrinkage=0.05


Tree=21
num_leaves=31
num_cat=0
split_feature=84 91 92 66 34 30 11 180 75 111 86 184 137 35 45 116 116 73 50 180 120 67 96 1 120 91 50 43 36 75
split_gain=0.00155397 0.00278755 0.00103829 0.00180148 0.000712594 0.00104427 0.00138637 0.00178152 0.000233134 0.000211419 0.000209028 0.00042488 0.000209032 0.000782272 0.00299605 0.000550816 0.000176641 0.000322353 6.93337e-05 0.000154906 0.000186206 7.53298e-05 5.44517e-05 8.3436e-05 6.6383e-05 7.06869e-05 4.51381e-05 4.00523e-05 4.94389e-05 2.9104e-05
threshold=7.5500000000000016 14.15 11.350000000000003 14.375000000000002 -0.84941254758232621 -1.4871428571428555 0.0001953163888888889 0.22916666666666669 16.250000000000004 9.8500000000000032 17.500000000000004 54.050000000000011 0.055000000000000007 264.98807590000007 69.500000000000014 263.92378905000004 273.2800395000001 42.550000000000004 1017.6500000000002 0.29861111111111122 275.27703590000004 10.550000000000002 35.237500000000004 0.13423565300000004 272.93601625000002 21.650000000000002 1001.0500000000001 0.31650000000000006 275.83122375000005 19.550000000000004
decision_type=2 2 2 2 2 2 2 2 2 2 2 2 2 2 2 8 10 2 2 2 10 2 2 2 10 2 2 2 2 2
left_child=10 -2 3 -3 5 6 -5 -8 26 -10 12 -12 13 14 -1 -15 -11 27 19 -17 -21 -22 -14 29 -25 -26 -4 -18 -29 -24
right_child=1 2 8 4 -6 -7 7 -9 9 16 11 -13 22 15 -16 18 17 -19 -20 20 21 -23 23 24 25 -27 -28 28 -30 -31
leaf_value=0.00043353900027475053 0.00032591467051732744 0.00038018569395895687 0 0 0 0 0.00040675181325631072 9.2835960450154417e-06 0.00010870787498985799 0 0.00015700380731958145 1.4740629134153037e-06 -9.2770592833445005e-06 0.0001375452697523632 0 0 0 0.00014641710366708718 -1.0061068117650347e-05 0 0.00014482515450343306 0 -7.2937906904583086e-06 0 0 6.6043770709874085e-05 -1.481199575714477e-05 0 5.4893804376948951e-05 0
leaf_weight=50 81 50 398 107 262 158 83 85 82 1058 56 580 10688 70 101 350 197 68 1763 84 50 54 2569 195 74 111 727 97 78 752
leaf_count=50 81 50 398 107 262 158 83 85 82 1058 56 580 10688 70 101 350 197 68 1763 84 50 54 2569 195 74 111 727 97 78 752
internal_value=2.26232e-06 3.26659e-05 2.42396e-05 7.73297e-05 4.78427e-05 8.81789e-05 0.00014726 0.000236482 7.74686e-06 2.10171e-05 -3.5724e-06 2.32428e-05 -4.87785e-06 7.4478e-06 0.000117418 0 1.28121e-05 3.94883e-05 -3.83253e-06 7.28247e-06 4.6907e-05 9.16186e-05 -7.38603e-06 -5.73332e-07 1.95651e-05 4.09433e-05 -6.45207e-06 6.19719e-06 2.55013e-05 -4.38796e-06
internal_weight=21078 3531 3450 745 695 433 275 168 2705 1580 17547 636 16911 2522 151 2371 1498 440 2301 538 188 104 14389 3701 380 185 1125 372 175 3321
internal_count=21078 3531 3450 745 695 433 275 168 2705 1580 17547 636 16911 2522 151 2371 1498 440 2301 538 188 104 14389 3701 380 185 1125 372 175 3321
is_linear=0
shrinkage=0.05


Tree=22
num_leaves=31
num_cat=0
split_feature=133 63 73 66 33 137 131 98 171 140 89 64 50 43 138 137 55 105 116 140 44 82 108 100 120 126 177 128 19 49
split_gain=0.00173881 0.00487052 0.00118172 0.00270204 0.000907045 0.00041266 0.00053849 0.000935451 0.0010787 0.00050145 0.000530192 0.00088811 0.00084076 0.000219732 0.000254627 0.000179228 0.000737286 0.00330726 0.000298966 0.000575029 0.000389386 0.000132915 0.000128479 8.19114e-05 6.24904e-05 6.13714e-05 5.53852e-05 3.76578e-05 3.52814e-05 3.10588e-05
threshold=88.200000000000003 15.874900000000002 33.050000000000004 13.225000000000003 -0.45752752748854414 0.43500000000000005 49.891498158895921 -1.0999999999999985 -0.0024584454999999994 17.375000000000004 38.95000000000001 419.4500000000001 1000.4500000000002 0.30650000000000005 8.8150000000000031 0.065000000000000016 -8.151067799999991 30.500000000000004 271.48624230000001 75.820000000000007 1242.5000000000002 30.882000000000005 284.07840975000005 2.1499999999999777 263.92654780000004 11.500000000000002 0.0074235484163043498 8.6589468063719668 -0.0034499999999999952 970.55000000000007
decision_type=2 2 2 2 2 2 2 2 2 2 2 2 2 2 2 2 2 2 8 2 2 2 2 2 10 2 2 2 2 2
left_child=2 23 15 -4 27 24 7 -7 -9 -8 -11 12 -12 -14 22 16 17 -1 19 -18 -21 -10 -15 -2 -6 26 -17 29 -28 -5
right_child=1 -3 3 4 5 6 9 8 21 10 11 -13 13 14 -16 25 18 -19 -20 20 -22 -23 -24 -25 -26 -27 28 -29 -30 -31
leaf_value=-7.8298222601565942e-06 -9.5570448792985283e-06 0.00057090914210443865 0.00038917758125285671 0 4.2441532294271217e-05 0 0 0.00041268167945935269 0 0 0.00030784682586422208 0 0 0 0 -7.6499320475155963e-07 0 0.00044213860534700181 -1.0704374088823347e-05 0.00017278091364218831 0 0.00011291569179685583 0.00019679430395165543 6.0515413626387074e-05 0 -9.4062507247648949e-06 0 -7.9508144740679506e-06 5.0124946359169872e-05 4.2071896291328778e-05
leaf_weight=103 116 50 50 51 87 95 737 50 64 324 78 134 82 50 56 923 443 51 2031 97 56 70 70 52 752 12159 63 2045 89 50
leaf_count=103 116 50 50 51 87 95 737 50 64 324 78 134 82 50 56 923 443 51 2031 97 56 70 70 52 752 12159 63 2045 89 50
internal_value=2.23329e-06 0.000142491 5.21072e-07 2.23711e-05 1.74233e-05 3.72433e-05 5.09712e-05 0.000122812 0.000188333 3.4544e-05 6.22608e-05 9.67324e-05 0.000140236 6.92651e-05 0.000100617 -5.77799e-06 4.65596e-06 0.000110819 0 2.93589e-05 0.000112589 6.5147e-05 0.000141669 0 1.65006e-06 -8.34856e-06 0 -4.7194e-06 3.00242e-05 1.11256e-05
internal_weight=21078 218 20860 4845 4795 2649 1810 279 184 1531 794 470 336 258 176 16015 2781 154 2627 596 153 134 120 168 839 13234 1075 2146 152 101
internal_count=21078 218 20860 4845 4795 2649 1810 279 184 1531 794 470 336 258 176 16015 2781 154 2627 596 153 134 120 168 839 13234 1075 2146 152 101
is_linear=0
shrinkage=0.05


Tree=23
num_leaves=31
num_cat=0
split_feature=133 33 110 29 138 113 90 49 29 92 92 14 84 178 180 55 77 134 116 84 172 98 122 74 112 11 126 137 36 170
split_gain=0.00157024 0.00403299 0.00127728 0.00248483 0.00380966 0.000519128 0.000386904 0.000387341 0.000485458 0.000525413 0.00111967 0.000186293 0.000251557 0.000294288 0.00016767 0.000673284 0.00368239 0.000205064 0.000926178 0.000207671 0.000122345 0.000118217 0.0001179 6.29507e-05 4.63034e-05 4.51013e-05 4.32745e-05 3.94653e-05 3.70373e-05 2.8064e-05
threshold=88.200000000000003 -0.94921003353588629 32.850000000000001 26.350000000000005 4.6100000000000003 0.8500000000000002 29.077551020408169 968.75000000000011 49.050000000000004 14.650000000000004 9.5500000000000025 0.018475221000000003 15.550000000000002 0.0035553993658695659 0.25694444444444448 -8.151067799999991 264.47960070000005 5.4450000000000012 271.27923265000004 1.0500000000000005 49.500000000000007 1.7999999999999983 16.500000000000004 28.37857142857143 293.90915270000005 0.0030176637500000008 13.500000000000002 0.99500000000000011 277.13617390000007 0.23936245337140513
decision_type=2 2 2 2 2 2 2 2 2 2 2 2 2 2 2 2 2 2 8 2 10 2 2 2 2 2 2 2 2 2
left_child=2 -2 5 4 -4 14 -5 8 9 10 -8 20 13 -13 23 16 -16 18 19 -17 -7 -6 -21 26 -9 -19 29 -26 -29 -1
right_child=1 -3 3 6 21 11 7 24 -10 -11 -12 12 -14 -15 15 17 -18 25 -20 22 -22 -23 -24 -25 27 -27 -28 28 -30 -31
leaf_value=2.8903795123608832e-05 0.00048084385217869751 0 0.00058787832685853721 0 7.6435249256478111e-05 0 0 0 0 0 0.00035259288922119937 0.00020352845365045172 0 0 0 0 0.00046189138194855408 -9.0639481635560425e-06 -3.6503744582518514e-06 0.00020440519183173556 6.2761903008844882e-05 0 0 0 0 0 -1.1104560040647782e-05 6.3614885632021649e-05 0 -2.6395070420054335e-06
leaf_weight=75 60 158 51 1218 54 436 52 237 98 74 63 66 61 51 172 58 50 3574 532 82 93 58 55 1553 121 1291 9596 82 51 956
leaf_count=75 60 158 51 1218 54 436 52 237 98 74 63 66 61 51 172 58 50 3574 532 82 93 58 55 1553 121 1291 9596 82 51 956
internal_value=2.20471e-06 0.000135508 5.65491e-07 3.71703e-05 0.000227297 -3.39488e-06 1.90341e-05 4.65879e-05 9.55657e-05 0.000142236 0.000210857 3.77596e-05 8.87776e-05 0.000131474 -5.29174e-06 9.47969e-07 8.66556e-05 -1.5755e-06 2.17879e-05 0.000116364 1.10238e-05 1.51064e-05 0.000151636 -8.68052e-06 7.66073e-06 -6.0981e-06 -1.00583e-05 2.38157e-05 4.26103e-05 0
internal_weight=21078 218 20860 2159 163 18701 1996 778 287 189 115 707 178 117 17994 5814 222 5592 727 195 529 112 137 12180 491 4865 10627 254 133 1031
internal_count=21078 218 20860 2159 163 18701 1996 778 287 189 115 707 178 117 17994 5814 222 5592 727 195 529 112 137 12180 491 4865 10627 254 133 1031
is_linear=0
shrinkage=0.05


Tree=24
num_leaves=31
num_cat=0
split_feature=133 63 80 33 128 75 23 77 107 189 64 92 24 89 141 89 15 35 15 84 134 66 116 44 134 136 135 33 119 12
split_gain=0.00141887 0.00419731 0.000897284 0.00118628 0.000767373 0.000872377 0.00146437 0.00389501 0.00045478 0.000672113 0.000307868 0.000324028 0.000362158 0.000194391 0.000214121 0.000181479 0.000174509 0.000793824 0.00345605 0.000198105 0.000706753 0.000716157 0.000943849 0.00121636 5.81278e-05 5.05622e-05 5.53676e-05 4.35298e-05 4.33322e-05 3.88493e-05
threshold=88.200000000000003 15.874900000000002 30.037500000000005 -0.30841377116617602 9.3590620473672761 16.350000000000005 22.725694444444446 287.30240380000004 21.250000000000004 36.300000000000004 108.65000000000002 18.050000000000008 38.550000000000004 40.550000000000004 32.475000000000001 45.550000000000004 0.00090416666666666673 264.98807590000007 0.0010833333333333335 1.0500000000000005 6.3850000000000007 25.325000000000006 276.06270670000004 1212.5000000000002 10.200000000000001 0.70500000000000007 50.795000000000009 -0.77300472212495575 5.6500000000000012 0.039556996000000004
decision_type=2 2 2 2 2 2 2 2 2 10 2 2 2 2 2 2 2 2 2 2 2 2 10 2 2 2 2 2 10 2
left_child=2 27 16 -4 5 -5 7 -7 -8 -10 11 12 -6 -14 -15 -16 -1 18 -18 29 21 22 23 -21 -12 26 28 -2 -26 -19
right_child=1 -3 3 4 10 6 8 -9 9 -11 24 -13 13 14 15 -17 17 19 -20 20 -22 -23 -24 -25 25 -27 -28 -29 -30 -31
leaf_value=-8.4717784527745186e-06 4.4739933288713239e-05 0.00052642385089569086 -3.750105170324128e-06 0 0.00019750274723416322 0.00059988986957640539 0 0 0 0.00026124548679370881 -4.1894548117845244e-06 0 0 0 0.00020498312290380093 0 0.00045686272438900895 -9.6207366161701629e-06 0 0.00032828901138182756 -2.5824881560682184e-06 0 0 0 0 0 0 -7.5256967939829694e-06 5.7183806968435411e-05 0
leaf_weight=11009 50 50 2373 138 71 55 244 78 56 56 498 226 217 155 52 53 50 3017 131 85 717 96 50 62 64 226 142 118 156 783
leaf_count=11009 50 50 2373 138 71 55 244 78 56 56 498 226 217 155 52 53 50 3017 131 85 717 96 50 62 64 226 142 118 156 783
internal_value=2.18511e-06 0.000128921 6.14834e-07 1.96371e-05 4.39544e-05 9.48194e-05 0.000126387 0.000278791 5.48226e-05 0.000139846 2.40795e-05 4.87925e-05 6.95433e-05 3.96634e-05 6.88704e-05 0.00012934 -4.85155e-06 2.13233e-06 0.000104954 -7.18554e-07 1.76662e-05 8.40639e-05 0.000139769 0.000205131 1.83787e-06 1.54301e-05 2.71024e-05 0 4.28117e-05 -6.92384e-06
internal_weight=21078 218 20860 4860 2487 627 489 133 356 112 1860 774 548 477 260 105 16000 4991 181 4810 1010 293 197 147 1086 588 362 168 220 3800
internal_count=21078 218 20860 4860 2487 627 489 133 356 112 1860 774 548 477 260 105 16000 4991 181 4810 1010 293 197 147 1086 588 362 168 220 3800
is_linear=0
shrinkage=0.05


end of trees

feature_importances:
total_tp_next_24h=25
mslma_t=22
wind_speed_max_next_6h=22
pct_forest=22
pct_wetland=19
wind_speed_max_next_1h=18
soil_moist_t=17
temp_change_6h=16
t2m_at_t24h=16
gust_max_next_6h=15
t2m_at_t1h=15
hours_since_obs=15
pct_unmapped=15
total_tp_next_48h=12
tree_canopy_std=12
R_t_max_72h=10
pressure_change_6h=10
t2m_at_t48h=10
last_N_t=9
R_t_mean_72h=9
min_t2m_next_6h=9
gust_max_next_24h=9
gust_mean_next_24h=9
cumul_gust_since_onset=9
wind_sin_t=8
sp_t=8
temp_c_t=8
wind_speed_max_next_24h=8
wind_speed_max_next_48h=8
gust_gt30_since_onset=8
gust_at_t6h=8
log_customers=8
pop_density=8
P_change_per_gust_excess_obs=8
hours_since_peak=7
wind_cos_t=7
hour_of_day=7
tree_canopy_pct=7
N_per_gust_excess_obs=7
gust_to_N_best_corr_obs=7
N_t_mean_72h=6
osi_trend_last6h=6
total_tp_next_6h=6
gust_peak4h_mean_next_6h=6
min_t2m_next_48h=6
pct_developed=6
tp_rate_next_24h=6
first_material_R_hour_obs=6
pre_event_mean_osi=5
gust_mean_obs=5
soil_moist_x_gust=5
min_t2m_next_24h=5
gust_gt30_next_48h=5
gust_peak4h_mean_next_48h=5
t2m_at_t6h=5
tp_at_t6h=5
pct_agriculture=5
R_nonzero_frac_obs=5
P_D_gap_last_obs=5
first_material_N_hour_obs=5
P_active_frac_obs=5
last_osi=4
gust_max_obs=4
gust_last_obs=4
gust_max_last6h_obs=4
d2m_t=4
vpd_t=4
gust_exceed30_x_hso=4
gust_max_next_48h=4
wind_speed_at_t1h=4
wind_speed_at_t6h=4
N_nonzero_frac_obs=4
hours_since_R_peak_obs=4
P_trend_last24_obs=4
gust_at_first_material_N_obs=4
last_R_t=3
N_t_max_72h=3
gust_trend_last6h_obs=3
t2m_t=3
soil_gust_x_phase=3
gust_max_next_1h=3
gust_mean_next_1h=3
gust_gt30_next_24h=3
gust_mean_next_48h=3
pressure_change_3h=3
wind_change_1h=3
cumul_tp_since_onset=3
gust_at_t48h=3
hour_cos=3
pct_forest_classified=3
forest_x_customers=3
tp_rate_next_48h=3
flow_balance_last24_obs=3
D_trend_last24_obs=3
P_post_peak_slope_obs=3
last_P_t=2
frac_zero_72h=2
cumul_gust_obs=2
blh_t=2
gust_x_hso=2
gust_x_phase=2
gust_change_3h=2
gust_at_t1h=2
tp_at_t24h=2
wind_speed_at_t48h=2
D_mean_last24_obs=2
restoration_ratio_obs=2
hours_since_P_peak_obs=2
gust_excess30_sum_obs=2
osi_mean_72h=1
osi_max_72h=1
gust_gt30_obs=1
gust_gt40_obs=1
wind_speed_t=1
r2_t=1
tcc_t=1
mcc_t=1
gust_exceed_30=1
total_tp_next_1h=1
min_t2m_next_1h=1
gust_mean_next_6h=1
gust_gt30_next_6h=1
gust_peak4h_mean_next_24h=1
gust_gt40_next_48h=1
tp_at_t1h=1
gust_at_t24h=1
wind_speed_at_t24h=1
hour_sin=1
rural_urban_code=1
pct_water=1
tp_rate_next_6h=1
gust_gt30_frac_next_6h=1
R_mean_last24_obs=1
hours_since_N_peak_obs=1
gust_to_N_best_lag_obs=1

parameters:
[boosting: gbdt]
[objective: huber]
[metric: rmse]
[tree_learner: serial]
[device_type: cpu]
[data_sample_strategy: bagging]
[data: ]
[valid: ]
[num_iterations: 2000]
[learning_rate: 0.05]
[num_leaves: 31]
[num_threads: -1]
[seed: 42]
[deterministic: 0]
[force_col_wise: 0]
[force_row_wise: 0]
[histogram_pool_size: -1]
[max_depth: -1]
[min_data_in_leaf: 50]
[min_sum_hessian_in_leaf: 0.001]
[bagging_fraction: 0.8]
[pos_bagging_fraction: 1]
[neg_bagging_fraction: 1]
[bagging_freq: 5]
[bagging_seed: 42]
[bagging_by_query: 0]
[feature_fraction: 0.8]
[feature_fraction_bynode: 1]
[feature_fraction_seed: 42]
[extra_trees: 0]
[extra_seed: 12879]
[early_stopping_round: 0]
[early_stopping_min_delta: 0]
[first_metric_only: 0]
[max_delta_step: 0]
[lambda_l1: 0.1]
[lambda_l2: 1]
[linear_lambda: 0]
[min_gain_to_split: 0]
[drop_rate: 0.1]
[max_drop: 50]
[skip_drop: 0.5]
[xgboost_dart_mode: 0]
[uniform_drop: 0]
[drop_seed: 42]
[top_rate: 0.2]
[other_rate: 0.1]
[min_data_per_group: 100]
[max_cat_threshold: 32]
[cat_l2: 10]
[cat_smooth: 10]
[max_cat_to_onehot: 4]
[top_k: 20]
[monotone_constraints: ]
[monotone_constraints_method: basic]
[monotone_penalty: 0]
[feature_contri: ]
[forcedsplits_filename: ]
[refit_decay_rate: 0.9]
[cegb_tradeoff: 1]
[cegb_penalty_split: 0]
[cegb_penalty_feature_lazy: ]
[cegb_penalty_feature_coupled: ]
[path_smooth: 0]
[interaction_constraints: ]
[verbosity: -1]
[saved_feature_importance_type: 0]
[use_quantized_grad: 0]
[num_grad_quant_bins: 4]
[quant_train_renew_leaf: 0]
[stochastic_rounding: 1]
[linear_tree: 0]
[max_bin: 255]
[max_bin_by_feature: ]
[min_data_in_bin: 3]
[bin_construct_sample_cnt: 200000]
[data_random_seed: 42]
[is_enable_sparse: 1]
[enable_bundle: 1]
[use_missing: 1]
[zero_as_missing: 0]
[feature_pre_filter: 1]
[pre_partition: 0]
[two_round: 0]
[header: 0]
[label_column: ]
[weight_column: ]
[group_column: ]
[ignore_column: ]
[categorical_feature: ]
[forcedbins_filename: ]
[precise_float_parser: 0]
[parser_config_file: ]
[objective_seed: 16083]
[num_class: 1]
[is_unbalance: 0]
[scale_pos_weight: 1]
[sigmoid: 1]
[boost_from_average: 1]
[reg_sqrt: 0]
[alpha: 0.9]
[fair_c: 1]
[poisson_max_delta_step: 0.7]
[tweedie_variance_power: 1.5]
[lambdarank_truncation_level: 30]
[lambdarank_norm: 1]
[label_gain: ]
[lambdarank_position_bias_regularization: 0]
[eval_at: ]
[multi_error_top_k: 1]
[auc_mu_weights: ]
[num_machines: 1]
[local_listen_port: 12400]
[time_out: 120]
[machine_list_filename: ]
[machines: ]
[gpu_platform_id: -1]
[gpu_device_id: -1]
[gpu_device_id_list: ]
[gpu_use_dp: 0]
[num_gpu: 1]

end of parameters

pandas_categorical:[]
