tree
version=v4
num_class=1
num_tree_per_iteration=1
label_index=0
max_feature_idx=190
objective=huber
feature_names=last_osi last_P_t last_N_t last_D_t last_R_t last_outage_pct osi_mean_72h osi_max_72h osi_std_72h outage_pct_mean_72h outage_pct_max_72h N_t_mean_72h N_t_max_72h R_t_mean_72h R_t_max_72h pre_event_mean_osi pre_event_max_outage_pct storm_onset_max_osi storm_onset_mean_osi osi_trend_last6h is_worsening frac_zero_72h hours_since_peak gust_mean_obs gust_max_obs gust_gt30_obs gust_gt40_obs cumul_gust_obs gust_last_obs gust_max_last6h_obs gust_trend_last6h_obs gust_t wind_speed_t wind_sin_t wind_cos_t t2m_t d2m_t tp_t rain_t csnow_t sdwe_t r2_t vpd_t soil_moist_t blh_t tcc_t lcc_t mcc_t hcc_t sp_t mslma_t sdswrf_t direct_rad_t diffuse_rad_t et0_t temp_c_t dewpoint_c_t icing_risk_t gust_exceed_30 soil_moist_x_gust is_snowing gust_x_hso gust_x_phase soil_gust_x_phase gust_exceed30_x_hso gust_max_next_1h gust_mean_next_1h wind_speed_max_next_1h total_tp_next_1h min_t2m_next_1h gust_gt30_next_1h gust_gt40_next_1h gust_peak4h_mean_next_1h gust_max_next_6h gust_mean_next_6h wind_speed_max_next_6h total_tp_next_6h min_t2m_next_6h gust_gt30_next_6h gust_gt40_next_6h gust_peak4h_mean_next_6h gust_max_next_24h gust_mean_next_24h wind_speed_max_next_24h total_tp_next_24h min_t2m_next_24h gust_gt30_next_24h gust_gt40_next_24h gust_peak4h_mean_next_24h gust_max_next_48h gust_mean_next_48h wind_speed_max_next_48h total_tp_next_48h min_t2m_next_48h gust_gt30_next_48h gust_gt40_next_48h gust_peak4h_mean_next_48h gust_change_1h gust_change_3h pressure_change_3h pressure_change_6h temp_change_6h wind_change_1h cumul_gust_since_onset cumul_tp_since_onset gust_gt30_since_onset gust_at_t1h wind_speed_at_t1h t2m_at_t1h tp_at_t1h gust_at_t6h wind_speed_at_t6h t2m_at_t6h tp_at_t6h gust_at_t24h wind_speed_at_t24h t2m_at_t24h tp_at_t24h gust_at_t48h wind_speed_at_t48h t2m_at_t48h tp_at_t48h hour_of_day hour_sin hour_cos days_since_onset hours_since_obs storm_phase log_customers rural_urban_code is_metro pop_density n_utilities pct_forest pct_developed pct_agriculture pct_water pct_wetland pct_unmapped pct_forest_classified tree_canopy_pct tree_canopy_std forest_x_customers window_len_next_1h is_full_next_1h tp_rate_next_1h gust_gt30_frac_next_1h has_weather_at_t1h window_len_next_6h is_full_next_6h tp_rate_next_6h gust_gt30_frac_next_6h has_weather_at_t6h window_len_next_24h is_full_next_24h tp_rate_next_24h gust_gt30_frac_next_24h has_weather_at_t24h window_len_next_48h is_full_next_48h tp_rate_next_48h gust_gt30_frac_next_48h has_weather_at_t48h nbr8_mean_last_P_t nbr8_max_last_P_t nbr8_mean_last_N_t nbr8_max_last_N_t nbr8_mean_last_D_t nbr8_max_last_D_t nbr8_mean_last_R_t nbr8_max_last_R_t nbr8_mean_osi_trend_last6h nbr8_max_osi_trend_last6h nbr8_mean_gust_t nbr8_max_gust_t nbr8_mean_gust_at_t24h nbr8_max_gust_at_t24h nbr8_mean_gust_max_next_6h nbr8_max_gust_max_next_6h nbr8_mean_gust_mean_next_6h nbr8_max_gust_mean_next_6h self_minus_nbr8_mean_last_P_t self_minus_nbr8_mean_gust_at_t24h exposure_decay_6h exposure_decay_24h hours_since_last_high_gust has_high_gust_48h high_gust_episode_count_48h max_lull_between_episodes_48h exposure_weighted_age_48h recent6_exposure_fraction
feature_infos=[0:0.55230000000000001] [0:0.82424180700000005] [0:0.021710291] [0:0.90465771100000003] [0:0.039181763000000001] [0:82.420000000000002] [4.1666666666666669e-06:0.26529999999999998] [0.0001:0.65049999999999997] [1.9982631347136334e-05:0.22470370552747407] [0.00083333333333333328:39.644861111111112] [0.02:100] [3.1208333333333337e-06:0.018623942125000001] [7.4900000000000005e-05:0.37916412199999999] [3.1208333333333337e-06:0.017093115180555556] [7.4900000000000005e-05:0.119716399] [0:0.38653749999999998] [0:100] [0:0.59799999999999998] [0:0.20940416666666664] [-0.022628571428571428:0.015342857142857132] [0:1] [0:0.95833333333333337] [0:71] [13.769444444444444:31.258333333333326] [29.300000000000001:70] [0:35] [0:18] [991.39999999999998:2250.5999999999995] [3.5:47.5] [16.600000000000001:64.5] [-6.477142857142856:3.3114285714285714] [0.90000000000000002:57.799999999999997] [0:38] [-0.99999999953664132:0.99999999913657367] [-0.99999999329043221:1] [259.85092730000002:298.3466019] [257.33913039999999:289.8677619] [0:10.6] [0:10.199999999999999] [0:2.6600000000000001] [0:0.070000000000000007] [15:100] [0:2.5] [0.17000000000000001:0.52000000000000002] [10:3090] [0:100] [0:100] [0:100] [0:100] [884.60000000000002:1022.4] [986.70000000000005:1031.5999999999999] [0:863] [0:731] [0:451] [0:0.60999999999999999] [-13.299072699999954:25.196601900000019] [-15.81086959999999:16.717761900000028] [0:1] [0:27.799999999999997] [0.24840000000000004:23.550000000000001] [0:1] [1.6000000000000001:3819.7999999999997] [0:107.59999999999999] [0:47.100000000000001] [0:1689.7999999999997] [1.3999999999999999:57.799999999999997] [1.2999999999999998:54.400000000000006] [0.10000000000000001:38] [0:14.699999999999999] [259.85092730000002:298.21776599999998] [0:2] [0:2] [1.2999999999999998:54.400000000000006] [2.7999999999999998:57.799999999999997] [2.0571428571428569:49.328571428571429] [0.40000000000000002:38] [0:25.200000000000003] [259.85092730000002:296.22558249999997] [0:7] [0:7] [2.5999999999999996:52.024999999999999] [8.3000000000000007:57.799999999999997] [4.5520000000000005:42.796000000000006] [5.0999999999999996:38] [0:51.199999999999996] [259.85092730000002:286.57337899999999] [0:25] [0:19] [7.5:52.024999999999999] [10.1:57.799999999999997] [5.3392857142857135:37.651020408163269] [5.0999999999999996:38] [0:52.900000000000006] [259.85092730000002:281.94003939999999] [0:40] [0:22] [9.375:52.024999999999999] [-24.299999999999997:23.800000000000001] [-32:35.700000000000003] [-6.1000000000000227:9.3000000000000682] [-10.600000000000023:13.700000000000045] [-20.027499999999975:21.845291299999985] [-15.300000000000001:28.000000000000004] [348.89999999999998:4155.3000000000002] [0:53.200000000000003] [0:61] [0.90000000000000002:57.799999999999997] [0:38] [259.85092730000002:298.3466019] [0:10.6] [0.90000000000000002:57.799999999999997] [0:38] [259.85092730000002:298.3466019] [0:10.6] [0.90000000000000002:57.799999999999997] [0:38] [259.85092730000002:298.3466019] [0:10.6] [0.90000000000000002:53.799999999999997] [0:34.299999999999997] [259.85092730000002:296.58327589999999] [0:10.6] [0:23] [-1:1] [-1:1] [1:5] [1:120] [0:3] [7.9247959139564355:13.272327018090158] [1:9] [0:1] [8.3691524328166658:3138.2235042681623] [1:14] [2.4399999999999999:88.719999999999999] [2.21:77.180000000000007] [0.040000000000000001:85.170000000000002] [0.02:5.5099999999999998] [0:19.780000000000001] [2.0800000000000001:18.32] [2.5641025641025643:95.815074496056084] [3.9900000000000002:80.340000000000003] [15.890000000000001:40.140000000000001] [23.724227923039628:851.59337963521523] none none [0:7.3499999999999996] [0:1] none none none [0:3.6000000000000005] [0:1] none none none [0:2.048] [0:1] none [25:49] [0:1] [0:1.0795918367346939] [0:0.81632653061224492] [0:1] [0:0.34418174637499999] [0:0.82424180700000005] [0:0.019879203625000001] [0:0.065400654000000003] [4.6157625000000002e-05:0.34561596100000003] [0.00013324699999999999:0.90465771100000003] [0:0.017697321749999995] [0:0.044721005000000001] [-0.01180535714285714:0.0081267857142857166] [-0.0015314285714285714:0.019237142857142855] [2.7249999999999996:53.399999999999999] [4.0999999999999996:58.299999999999997] [2.4750000000000001:53.399999999999999] [3.7000000000000002:58.299999999999997] [5.1749999999999998:54.875] [6.7000000000000002:58.299999999999997] [3.2303571428571427:44.942857142857136] [4.6857142857142851:49.328571428571429] [-0.15383922875:0.69092961062500002] [-14.425000000000001:17.137499999999999] [0:15.256536949437969] [0:9.9452174789949126] [0:49] [0:1] [0:11] [0:46] [0:49] [0:1]
tree_sizes=2937 2970 2987 2946 2960 2981 2974 2912 2892 3016 2952 2944 2917 2980 2952 3023 3018 2971 2963 2966 2998 2998 3017 2891 2997 2984

Tree=0
num_leaves=31
num_cat=0
split_feature=0 126 92 91 93 19 140 69 126 0 189 83 164 62 184 28 188 104 2 94 92 94 49 92 84 168 181 103 141 190
split_gain=0.300259 0.552081 0.165825 0.526405 0.566854 0.108045 0.0544067 0.126866 0.0387865 0.111048 0.0308204 0.0350198 0.0242777 0.0352208 0.0237027 0.0221507 0.0227494 0.0145665 0.0145544 0.0116177 0.00915801 0.00819733 0.00726631 0.00692078 0.00504871 0.00385647 0.00369885 0.0103761 0.0035044 0.00336373
threshold=0.21365000000000003 35.500000000000007 7.450000000000002 14.15 263.75719270000008 -0.0083285714285714265 75.820000000000007 290.15894425000005 31.500000000000004 0.071450000000000014 12.712082614394575 33.500000000000007 0.14758823300000004 14.350000000000003 0.81188425283028109 6.7500000000000009 4.5000000000000009 5.3500000000000014 0.0011514315000000002 6.5000000000000009 13.950000000000005 10.500000000000002 977.6500000000002 11.350000000000003 20.250000000000004 0.090750741500000023 -0.078182855937500004 2685.0000000000005 37.415000000000006 0.28016709075974894
decision_type=2 2 2 2 2 2 2 2 2 2 2 2 2 2 2 2 2 2 2 2 2 2 2 2 2 2 2 2 2 2
left_child=2 -2 8 4 -4 -5 10 19 9 17 11 15 29 18 -3 16 -7 25 23 -8 21 -17 -11 -14 -15 -1 27 -10 -20 -12
right_child=1 14 3 5 -6 6 7 -9 26 22 12 -13 13 24 -16 20 -18 -19 28 -21 -22 -23 -24 -25 -26 -27 -28 -29 -30 -31
leaf_value=0.0048966464164739631 0.010076632862954425 0.0049605932099428263 0.012428100585712545 0.0071355204594702815 0.0050971682224422374 0.0053150660125395686 0.0057402873321239578 0.0074610234572140954 0.0056733993845033692 0.0071491012754071118 0.0049294353608184639 0.0063066295159874631 0.0055777514962102297 0.0050075173169704936 0.0061321758915669896 0.0058776549170442968 0.0067172307670851118 0.0056929287675767815 0.0057116119822752526 0.0050788069369691879 0.0050641111892973725 0.0052437648322461077 0.0060137995219486894 0.0050971682224422374 0.0055051104691478132 0.0050971682224422374 0.0048709425018983654 0.0049044961121827357 0.0064677251639178156 0.0051786138594774721
leaf_weight=594 84 150 52 71 52 92 87 84 54 60 1951 88 155 778 57 68 50 74 86 217 625 347 51 108 51 390 6846 207 52 117
leaf_count=594 84 150 52 71 52 92 87 84 54 60 1951 88 155 778 57 68 50 74 86 217 625 347 51 108 51 390 6846 207 52 117
internal_value=0.00509584 0.00668163 0.00506093 0.00528377 0.00878914 0.00520953 0.00518053 0.00574889 0.00492217 0.00518597 0.00513102 0.00534084 0.00505169 0.00522535 0.00526259 0.00526375 0.00585163 0.00503208 0.00561063 0.00525321 0.00517803 0.00536128 0.00668496 0.00536351 0.00504461 0.00497675 0.00487807 0.00508426 0.00604031 0.00494598
internal_weight=13698 291 13407 5131 104 5027 4956 388 8276 1169 4568 1270 3298 1230 207 1182 142 1058 401 304 1040 415 111 263 829 984 7107 261 138 2068
internal_count=13698 291 13407 5131 104 5027 4956 388 8276 1169 4568 1270 3298 1230 207 1182 142 1058 401 304 1040 415 111 263 829 984 7107 261 138 2068
is_linear=0
shrinkage=1


Tree=1
num_leaves=31
num_cat=0
split_feature=133 84 1 126 103 19 190 2 141 160 1 190 23 160 160 133 50 112 7 83 128 25 120 168 135 184 45 83 181 43
split_gain=0.438759 0.988764 0.284069 0.504704 0.115782 0.122147 0.0814814 0.068803 0.0320434 0.0401847 0.0265424 0.0259432 0.0316986 0.0184989 0.0160374 0.0137388 0.0458832 0.0132269 0.0120011 0.011087 0.00889625 0.00882566 0.00996356 0.0356404 0.00675561 0.00658718 0.00624527 0.00620655 0.00493341 0.00791567
threshold=88.200000000000003 7.950000000000002 0.32127834050000009 20.500000000000004 1625.6500000000003 -0.0089014285714285688 0.052176454673700898 0.00097368600000000008 37.405000000000008 0.27448979591836747 0.11517102900000002 0.037123169681309201 18.584722222222226 0.18673469387755107 0.31734693877551029 80.210000000000022 1002.5500000000001 276.20208995000002 0.042550000000000011 19.150000000000002 9.8638367465680457 17.500000000000004 267.5628655000001 0.026806593000000004 2.2700000000000005 0.55354850669859157 95.500000000000014 11.250000000000002 -0.078182855937500004 0.33150000000000007
decision_type=2 2 2 2 2 2 2 2 2 2 2 2 2 2 2 2 2 2 2 2 2 2 10 2 2 2 2 2 2 2
left_child=2 27 4 -4 5 -1 25 10 17 26 11 -7 14 -12 -13 28 -17 18 -9 -16 21 22 23 -14 -19 -5 -10 -2 29 -6
right_child=1 -3 3 6 15 7 -8 8 9 -11 13 12 20 -15 19 16 -18 24 -20 -21 -22 -23 -24 -25 -26 -27 -28 -29 -30 -31
leaf_value=0.0022696267239219968 -0.00014143137867358746 0.0080340968340487148 0.005981826497098575 -0.00014063034012464675 0.00039483242992414594 -0.000146154557421621 0.0022891230329725085 0.001333650534355771 0.0021999532536460275 0.00024527184911527335 0.00098071110501717941 0.001358050613425268 0 9.0458564408860801e-05 -3.9877673411475764e-05 0.0011194321539189653 -0.00014188438067040329 0.00060883435747590353 0.0002996186640540635 0.00083346938430252718 -5.5494568846615544e-05 -2.4001204185862086e-05 0.00013459381110719518 0.0015748965229073798 0 0.00051367098100644614 0.0011579123908027943 0.000489711924124724 -0.00021630190653398261 -0.00016375834713227135
leaf_weight=64 79 54 51 139 85 2102 50 51 50 109 113 67 79 149 69 84 461 55 103 58 1047 321 335 60 302 51 80 64 7129 237
leaf_count=64 79 54 51 139 85 2102 50 51 50 109 113 67 79 149 69 84 461 55 103 58 1047 321 335 60 302 51 80 64 7129 237
internal_value=-9.36206e-07 0.00233531 -3.55664e-05 0.00150624 -7.00204e-05 0.000112677 0.00051356 8.4466e-05 0.000526892 0.00101237 7.81389e-06 -2.19814e-05 0.000103771 0.000495703 0.000711439 -0.000189777 4.5057e-05 0.00028853 0.000680711 0.000323307 3.67072e-05 0.000164334 0.000302185 0.000666533 0.000103958 1.05898e-05 0.0016106 0.000107755 -0.000207629 -5.85066e-08
internal_weight=13698 197 13501 291 13210 5214 240 5150 750 239 4400 4138 2036 262 194 7996 545 511 154 127 1842 795 474 139 357 190 130 143 7451 322
internal_count=13698 197 13501 291 13210 5214 240 5150 750 239 4400 4138 2036 262 194 7996 545 511 154 127 1842 795 474 139 357 190 130 143 7451 322
is_linear=0
shrinkage=0.05


Tree=2
num_leaves=31
num_cat=0
split_feature=133 155 3 61 103 19 190 2 141 92 3 190 23 93 92 137 112 110 83 133 76 184 45 135 110 167 155 75 97 181
split_gain=0.396622 0.894051 0.257101 0.45785 0.104922 0.105697 0.0757803 0.0600251 0.0271854 0.0382969 0.0226809 0.0241109 0.0291494 0.0189513 0.0147505 0.0119583 0.0113456 0.0116163 0.0101688 0.010078 0.0343266 0.00651722 0.00642355 0.00612518 0.00573898 0.00562219 0.00612274 0.00539139 0.00692154 0.00424221
threshold=88.200000000000003 0.31800000000000012 0.34168884800000004 182.20000000000002 1684.1500000000003 -0.0089014285714285688 0.055796026692813354 0.00097368600000000008 37.405000000000008 13.450000000000005 0.15259067450000002 0.037123169681309201 18.584722222222226 271.34112890000006 15.550000000000002 1.0000000180025095e-35 276.20208995000002 14.450000000000001 19.150000000000002 80.210000000000022 4.0500000000000016 0.58634201169880151 95.500000000000014 2.2700000000000005 16.350000000000005 0.078938351687500005 0.32200000000000012 17.250000000000004 -4.6999999999999966 -0.078182855937500004
decision_type=2 2 2 2 2 2 2 2 2 2 2 2 2 2 2 2 2 2 2 2 2 2 2 2 2 2 2 2 2 2
left_child=2 24 4 -4 5 -1 21 10 16 22 11 25 14 -12 -13 -14 17 -9 -16 29 -21 -5 -10 -18 -2 26 -7 28 -17 -6
right_child=1 -3 3 6 19 7 -8 8 9 -11 13 12 15 -15 18 27 23 -19 -20 20 -22 -23 -24 -25 -26 -27 -28 -29 -30 -31
leaf_value=0.0020492393920194707 -9.4331708836683037e-05 0.0076396957366642636 0.0057472237418679639 -0.00013309608318951165 -3.5648073702048041e-06 -0.00020611820032820856 0.0022110300865389554 0.0012676138946363397 0.0020921124189672079 0.00020997693501104711 0.0001199655495955411 0.0012814519269036088 0.00060252114063607425 0.0011759013296368847 -3.9872026069312765e-05 0.00059287412225873402 0.00057503025509057597 0.00026395616374819749 0.00079250222872113973 -0.00013664760983518357 0.0010097756639247803 0.0005204440953721311 0.0010687705715529126 0 0.00053182750153421196 0.00014811638946810816 0 -0.00010699900565519277 4.0058541182029456e-05 -0.00020773204232526853
leaf_weight=68 91 54 50 141 316 1559 50 51 50 118 133 70 89 72 70 61 56 108 58 454 75 50 82 318 52 145 501 631 1183 6942
leaf_count=68 91 54 50 141 316 1559 50 51 50 118 133 70 89 72 70 61 56 108 58 454 75 50 82 318 52 145 501 631 1183 6942
internal_value=-5.56499e-07 0.00222066 -3.34999e-05 0.00143327 -6.62954e-05 0.000101957 0.000497544 7.59184e-05 0.000480214 0.0009179 5.49559e-06 -1.75789e-05 9.9723e-05 0.000519011 0.000677939 3.85705e-05 0.000264222 0.000623045 0.000301758 -0.00018411 1.80534e-05 1.37657e-05 0.00150681 9.70863e-05 0.000100752 -0.000134853 -0.000157259 8.8295e-06 7.16366e-05 -0.000199533
internal_weight=13698 197 13501 291 13210 5423 241 5355 783 250 4572 4367 2162 205 198 1964 533 159 128 7787 529 191 132 374 143 2205 2060 1875 1244 7258
internal_count=13698 197 13501 291 13210 5423 241 5355 783 250 4572 4367 2162 205 198 1964 533 159 128 7787 529 191 132 374 143 2205 2060 1875 1244 7258
is_linear=0
shrinkage=0.05


Tree=3
num_leaves=31
num_cat=0
split_feature=133 50 0 61 103 19 94 2 1 189 180 136 138 28 92 85 69 133 50 123 110 155 83 0 128 28 181 28 0 181
split_gain=0.358525 0.838303 0.232699 0.413787 0.0954441 0.10238 0.0688967 0.0587952 0.0227861 0.0214691 0.0210031 0.0212344 0.0274589 0.0198362 0.0148509 0.0140342 0.015056 0.0124338 0.0418212 0.0117698 0.00919582 0.00877515 0.0126307 0.00841318 0.00778692 0.00985574 0.0123323 0.00751384 0.00584885 0.00403984
threshold=88.200000000000003 1010.1500000000002 0.21365000000000003 182.20000000000002 1595.8 -0.0089014285714285688 14.500000000000002 0.00097368600000000008 0.11517102900000002 13.424354412735676 31.864285714285721 1.0650000000000002 6.6400000000000015 7.0500000000000007 9.9500000000000046 274.80606800000004 273.57305785000005 80.210000000000022 1002.5500000000001 -0.60355339059327362 17.750000000000004 0.68200000000000016 17.450000000000003 0.025450000000000004 9.8638367465680457 21.250000000000004 -0.0028953067499999994 38.20000000000001 0.071450000000000014 -0.078182855937500004
decision_type=2 2 2 2 2 2 2 2 2 2 2 2 2 2 2 2 2 2 2 2 2 2 2 2 2 2 2 2 2 2
left_child=2 -2 4 -4 5 -1 -5 8 9 13 11 12 -9 19 27 16 -14 29 -19 -7 -3 23 -23 -11 25 26 -15 -10 -17 -6
right_child=1 20 3 6 17 7 -8 10 14 21 -12 -13 15 24 -16 28 -18 18 -20 -21 -22 22 -24 -25 -26 -27 -28 -29 -30 -31
leaf_value=0.0020962527597293956 0.0076375081070114443 -8.8755435842055412e-05 0.0054654970560588101 0 0 0 0.0019931050439022089 2.2485972910130388e-05 0.00041445187193882727 -0.00015322786150229336 9.1057594715706751e-06 0.0015270707409076546 0.00052811086246525583 0.0011028167374477888 5.2150026281299484e-05 7.1524940676307819e-05 0.0019121295334199413 0.0010581363760006339 -0.00012674462096436042 0.00097135845026329016 0.00070034901406201388 0.00088906143246136849 -4.2399849172490691e-07 0.00014605825490553932 -4.3613979446935568e-05 1.9290448336553375e-05 0.00018343975803140206 0.0013634908688254655 0.00074260939139110798 -0.00019440437751022221
leaf_weight=63 50 95 50 185 324 54 56 190 73 2357 187 66 51 60 132 72 56 87 467 107 52 51 126 243 620 303 138 52 109 7222
leaf_count=63 50 95 50 185 324 54 56 190 73 2357 187 66 51 60 132 72 56 87 467 107 52 51 126 243 620 303 138 52 109 7222
internal_value=-1.63401e-07 0.00211167 -3.15027e-05 0.00136389 -6.27208e-05 0.000105874 0.000473203 7.96284e-05 8.17284e-06 -1.9603e-05 0.000494101 0.000651321 0.000517028 0.000148018 0.000464614 0.00082478 0.00130975 -0.000169699 5.1891e-05 0.000668873 0.000159446 -9.88106e-05 0.000231333 -0.000123288 6.82263e-05 0.000216403 0.000491306 0.000856623 0.000504991 -0.000186634
internal_weight=13698 197 13501 291 13210 5110 241 5047 4316 4059 731 544 478 1282 257 288 107 8100 554 161 147 2777 177 2600 1121 501 198 125 181 7546
internal_count=13698 197 13501 291 13210 5110 241 5047 4316 4059 731 544 478 1282 257 288 107 8100 554 161 147 2777 177 2600 1121 501 198 125 181 7546
is_linear=0
shrinkage=0.05


Tree=4
num_leaves=31
num_cat=0
split_feature=11 184 83 105 16 137 187 103 2 9 141 178 179 8 189 28 0 188 22 118 163 178 0 30 92 16 155 123 141 92
split_gain=0.212168 0.370072 0.241278 0.177724 0.105778 0.0744025 0.315403 0.0535902 0.0415712 0.0326923 0.0248282 0.0188146 0.0164161 0.0164734 0.0155181 0.0196372 0.0179868 0.0178667 0.0101292 0.0142808 0.00995968 0.010689 0.0115911 0.00892066 0.00727453 0.00732745 0.00687347 0.00550331 0.00420904 0.00412621
threshold=0.0039587592847222233 0.96281629695734228 14.15 17.500000000000004 4.2950000000000008 1.0000000180025095e-35 5.5000000000000009 1625.6500000000003 0.00097368600000000008 3.268333333333334 37.595000000000006 34.050000000000004 20.199107142857148 0.0067250844280445305 13.424354412735676 7.0500000000000007 0.025450000000000004 4.5000000000000009 1.0000000180025095e-35 13.550000000000002 0.049073571062500008 35.95000000000001 0.034000000000000009 -2.1699999999999995 13.850000000000003 0.090000000000000011 0.81400000000000017 0.60355339059327384 38.445000000000007 9.6500000000000039
decision_type=2 2 2 2 2 2 2 2 2 2 2 2 2 2 2 2 2 2 2 8 2 2 2 2 2 2 2 2 2 2
left_child=5 -2 -3 4 9 6 12 8 14 -4 20 -12 -1 27 15 17 26 -7 19 -9 -10 22 -22 -5 25 -17 -16 -14 -27 -18
right_child=1 2 3 23 -6 7 -8 18 10 -11 11 -13 13 -15 16 24 29 -19 -20 -21 21 -23 -24 -25 -26 28 -28 -29 -30 -31
leaf_value=-0.00018243055940862489 -0.00014424287147686338 0.0047037736114935351 0.00066456561259624054 0 0.0038532734751519564 0.00021765408227545301 0.0033999189414535072 0.00060143567900304334 -7.9291161499382156e-05 0.002266491328406593 0.0015602178449663877 0.00026004112091604549 -6.0993671577858602e-05 0.0010597126084723554 -0.00015215135350606221 0.00066305322570276207 0.0004254033972690443 0.0014059021843476566 -0.00018559313843831177 -0.00016202413322732921 0.0012680974247950044 0 0.00034583403798699251 0.00064939875467620687 -8.2873270866859843e-05 3.2268861314365083e-05 0.00020962091099875125 0.00048554935744808371 0.00050277897510537075 3.7930275953971958e-05
leaf_weight=327 633 58 84 145 72 110 79 99 146 68 76 61 131 62 2324 69 175 53 6958 142 54 132 166 77 520 466 127 62 57 165
leaf_count=327 633 58 84 145 72 110 79 99 146 68 76 61 131 62 2324 69 175 53 6958 142 54 132 166 77 520 466 127 62 57 165
internal_value=0 0.000653637 0.00166394 0.0012478 0.00224073 -5.93297e-05 0.000455373 -8.83755e-05 4.20697e-05 0.00142403 0.000418269 0.00102362 4.19607e-05 0.000348829 -1.55415e-05 0.000127387 -8.26479e-05 0.000640721 -0.000174246 0.000132124 0.000239999 0.000386446 0.000599546 0.000217944 4.71406e-05 0.000169721 -0.000131289 9.04044e-05 9.39518e-05 0.00025269
internal_weight=13698 1137 504 446 224 12561 661 11900 4701 152 635 137 582 255 4066 1275 2791 163 7199 241 498 352 220 222 1112 592 2451 193 523 340
internal_count=13698 1137 504 446 224 12561 661 11900 4701 152 635 137 582 255 4066 1275 2791 163 7199 241 498 352 220 222 1112 592 2451 193 523 340
is_linear=0
shrinkage=0.05


Tree=5
num_leaves=31
num_cat=0
split_feature=11 184 30 111 103 137 187 103 171 81 164 93 189 23 14 33 126 75 83 15 128 77 4 165 184 116 24 15 96 12
split_gain=0.173873 0.318065 0.242407 0.173834 0.109024 0.0697996 0.281061 0.0523489 0.0481313 0.0335534 0.0326703 0.0199932 0.016727 0.0164694 0.015151 0.0397142 0.0139956 0.0117577 0.0115796 0.00881673 0.00733374 0.00621256 0.0067645 0.00441458 0.00434151 0.00434122 0.00416052 0.00539959 0.00435238 0.00408532
threshold=0.0039587592847222233 1.0777285840732485 -1.4871428571428555 12.050000000000002 1073.4500000000003 1.0000000180025095e-35 5.5000000000000009 1714.4000000000003 -0.00033946428571428555 55.050000000000004 0.14758823300000004 262.80894550000005 12.712082614394575 18.584722222222226 0.0025716955000000003 -0.1082851463815981 37.500000000000007 16.250000000000004 20.250000000000004 0.00047187500000000013 8.7074415118195958 276.27688630000006 0.0004854180000000001 0.0033138218125000002 0.86596763037717261 295.13684210000002 47.550000000000004 0.00027708333333333334 46.362500000000011 0.092731593500000015
decision_type=2 2 2 2 2 2 2 2 2 2 2 2 2 2 2 2 2 2 2 2 2 2 2 2 2 2 2 2 2 2
left_child=5 24 4 -4 8 6 11 9 -3 10 12 -1 13 18 15 -12 29 -13 19 -7 -15 22 -16 -14 -2 -22 -24 -28 -29 -6
right_child=1 2 3 -5 16 7 -8 -9 -10 -11 14 17 23 20 21 -17 -18 -19 -20 -21 25 -23 26 -25 -26 -27 27 28 -30 -31
leaf_value=0.00096910350979454623 -0.00015133182293782009 0.0032612234439531513 0.0055415031807333759 0.0016803939396364464 0.00023231225408910014 -2.7764200823559592e-05 0.0032609306652552623 -0.00017387588190120979 0.00098631814474456716 0.0010544539168940901 0.0018343310913655397 -0.00013535554709225115 -0.0001400209096992682 0.00055271070518787824 -1.5869170913079174e-05 0 -6.4082271844338978e-05 0.000498890655008984 0.0011798389598563384 0.00073289923577249286 -7.2062508412421404e-05 6.4760694974099167e-05 0 0.00015968771393808743 0.0002913623508653405 0.00038303168995745102 0.00015256251851965456 0.00077170792933665565 0.00016378188408315043 0.0010323547034260206
leaf_weight=54 624 54 56 73 54 84 77 6962 57 79 50 454 2493 57 104 66 136 85 53 55 661 697 80 113 53 54 131 161 65 51
leaf_count=54 624 54 56 73 54 84 77 6962 57 79 50 454 2493 57 104 66 136 85 53 55 661 697 80 113 53 54 131 161 65 51
internal_value=-2.80625e-06 0.000582934 0.00156529 0.00342473 0.00086191 -5.6927e-05 0.000438109 -8.50995e-05 0.00215691 3.74495e-05 1.99068e-05 5.82803e-05 -5.83017e-05 0.000116904 0.000229695 0.000786193 0.000238349 -2.53374e-05 0.000530537 0.000240589 7.00981e-06 0.000172923 0.000302673 -0.000125051 -0.000108922 -3.02216e-05 0.00038976 0.000463588 0.00062038 0.000674147
internal_weight=13793 1158 481 129 352 12635 670 11965 111 5003 4924 593 3570 964 1354 116 241 539 192 139 772 1238 541 2606 677 715 437 357 226 105
internal_count=13793 1158 481 129 352 12635 670 11965 111 5003 4924 593 3570 964 1354 116 241 539 192 139 772 1238 541 2606 677 715 437 357 226 105
is_linear=0
shrinkage=0.05


Tree=6
num_leaves=31
num_cat=0
split_feature=133 50 0 103 103 17 103 184 81 93 129 190 165 23 177 133 36 184 118 28 3 112 112 103 23 138 141 168 103 135
split_gain=0.318947 0.658499 0.158456 0.280058 0.0727552 0.0507601 0.0541171 0.0375005 0.0319266 0.0287314 0.0223737 0.0208557 0.0261395 0.0178091 0.0191469 0.0158898 0.0392658 0.015029 0.0138346 0.0116348 0.00661115 0.00657235 0.00393989 0.00364234 0.00323193 0.00311976 0.00293703 0.00380416 0.00238182 0.00236388
threshold=88.200000000000003 1011.35 0.21365000000000003 1310.9500000000005 1961.45 0.098600000000000007 1073.4500000000003 1.3502836442107544 55.050000000000004 262.69623695000007 3.5000000000000004 0.18932911211118028 0.0068440636875000014 18.584722222222226 22.456250000000004 80.210000000000022 282.03510875000006 0.87875859266059042 19.250000000000004 44.050000000000004 0.039751990500000008 291.2528779000001 287.21040790000006 1322.5500000000002 17.618750000000006 4.4850000000000003 39.02000000000001 0.19206758200000004 1264.0000000000002 56.370000000000012
decision_type=2 2 2 2 2 2 2 2 2 2 2 2 2 2 2 2 2 2 8 2 2 2 2 2 2 2 2 2 2 2
left_child=2 -2 4 -4 5 8 7 -7 9 -1 -9 15 13 14 -13 20 21 -5 -3 28 22 -17 -11 25 -24 -22 27 -15 -8 -29
right_child=1 18 3 17 -6 6 19 10 -10 11 -12 12 -14 26 -16 16 -18 -19 -20 -21 23 -23 24 -25 -26 -27 -28 29 -30 -31
leaf_value=0.0011130012871836427 0.0067652762117180638 0.00085498914496936638 0.0038127983254316739 -7.6136115811651614e-05 -0.00017107723274094493 1.6062120149500612e-05 0.00020089350558233048 0.0021184836640022694 0.0010023902361117507 -0.00016110677808295692 0.0008309574017206008 0.0012931931408468611 0.0011589234542090357 -4.554426287628443e-05 0.00010316536650108643 -9.4473917427152505e-05 0.0015024097379130082 0.00083211437250757894 -0.00014450704422915307 0.00077239511591015435 0.0004806586278242652 0.00052534958441705949 0.00032861580398227831 -8.4007370947132803e-05 -5.7551495447962182e-05 6.1313408961683055e-05 0.00037937876977154928 0.00026923836359004017 -2.471192544426658e-05 0
leaf_weight=56 52 50 72 143 6790 71 166 79 79 2510 95 61 61 831 98 232 52 61 90 65 65 51 56 258 675 270 57 189 297 161
leaf_count=56 52 50 72 143 6790 71 166 79 79 2510 95 61 61 831 98 232 52 61 90 65 65 51 56 258 675 270 57 189 297 161
internal_value=-2.31359e-06 0.00201562 -3.13136e-05 0.00115149 -5.62726e-05 6.22546e-05 0.000442597 0.00105857 1.02943e-05 -2.79121e-06 0.00145286 -1.49798e-05 0.000146601 9.80245e-05 0.000596196 -7.27093e-05 0.000252778 0.000173793 0.000180527 0.000145866 -0.000102511 1.0766e-06 -0.000131003 4.475e-05 -2.07291e-05 0.000158748 2.95778e-05 8.15818e-06 4.56575e-05 0.000149675
internal_weight=13793 192 13601 276 13325 6535 773 245 5762 5683 174 5627 1458 1397 159 4169 335 204 140 528 3834 283 3241 593 731 335 1238 1181 463 350
internal_count=13793 192 13601 276 13325 6535 773 245 5762 5683 174 5627 1458 1397 159 4169 335 204 140 528 3834 283 3241 593 731 335 1238 1181 463 350
is_linear=0
shrinkage=0.05


Tree=7
num_leaves=31
num_cat=0
split_feature=133 84 0 103 103 8 103 81 105 133 50 184 190 43 112 184 180 28 49 164 61 114 23 177 120 136 56 35 103 61
split_gain=0.288338 0.596168 0.143154 0.253202 0.0659573 0.0442327 0.0514441 0.0287331 0.0263085 0.024819 0.0642956 0.0189674 0.0177087 0.0210744 0.0155674 0.0128911 0.0107159 0.0103421 0.0098025 0.00785296 0.00773446 0.00617371 0.00444676 0.00456573 0.00385939 0.00325381 0.00282529 0.00278998 0.0026338 0.00251879
threshold=88.200000000000003 7.7500000000000018 0.21365000000000003 1335.0000000000005 1961.45 0.027016543351453828 1073.4500000000003 55.050000000000004 15.500000000000002 79.440000000000012 1001.9500000000002 1.6793794344010984 0.18018140850840472 0.37850000000000006 291.2528779000001 0.87875859266059042 26.107142857142858 44.050000000000004 973.45000000000016 0.26475982950000004 1287.9000000000003 34.250000000000007 18.584722222222226 25.356250000000006 267.19890130000005 0.67500000000000016 -2.7129619499999644 289.54639905000005 1286.1500000000001 241.35000000000005
decision_type=2 2 2 2 2 2 2 2 2 2 2 2 2 2 2 2 2 2 2 2 2 2 2 2 10 2 2 2 2 2
left_child=2 20 4 -4 5 7 8 9 11 12 -11 -7 19 22 21 -5 18 28 -15 24 -2 27 23 -14 26 -21 -1 -12 -8 -24
right_child=1 -3 3 15 -6 6 17 -9 -10 10 14 -13 13 16 -16 -17 -18 -19 -20 25 -22 -23 29 -25 -26 -27 -28 -29 -30 -31
leaf_value=0.00026645266404275078 -0.00011170558743584337 0.0063207492364401171 0.0036018917435226409 -7.2355747635760451e-05 -0.00016252463110678697 0.00059805808437636641 0.00019666946151350174 0.00095289722081042774 0.00032956885248755242 0.00179663330466988 -0.00014802220667987505 0.0020363193008772753 0.00069055759708634495 0.00027137513415130115 0.0007974941215869761 0.00077248129268466946 0 0.00073436049942922018 0.0013835474968311515 0 0.0006321102976296828 0.00042656182131933345 0.00013889955468997177 0 -0.00013627890748247308 0.00038703745332480013 -4.1529255517947439e-05 0.00021817645428972408 -3.5159392503253356e-05 -3.3888042564517027e-05
leaf_weight=86 88 54 73 143 6790 50 188 79 90 64 317 80 50 50 70 60 55 65 60 125 50 70 277 53 2925 104 513 52 278 834
leaf_count=86 88 54 73 143 6790 50 188 79 90 64 317 80 50 50 70 60 55 65 60 125 50 70 277 53 2925 104 513 52 278 834
internal_value=-1.87188e-06 0.00191677 -2.94632e-05 0.00109474 -5.32043e-05 5.96244e-05 0.000420562 1.1831e-05 0.00106531 -4.88849e-07 0.000310421 0.0015301 -3.62304e-05 0.000115328 0.000110589 0.000155403 0.000645775 0.000142535 0.000930059 -9.32668e-05 0.00012443 0 3.86452e-05 0.000352273 -0.0001126 0.00018171 0 -8.24533e-05 4.78824e-05 4.78198e-06
internal_weight=13793 192 13601 276 13325 6535 751 5784 220 5705 573 130 5132 1379 509 203 165 531 110 3753 138 439 1214 103 3524 229 599 369 466 1111
internal_count=13793 192 13601 276 13325 6535 751 5784 220 5705 573 130 5132 1379 509 203 165 531 110 3753 138 439 1214 103 3524 229 599 369 466 1111
is_linear=0
shrinkage=0.05


Tree=8
num_leaves=31
num_cat=0
split_feature=133 155 0 103 103 17 103 184 81 93 181 190 43 175 184 28 14 89 63 133 93 155 75 138 155 168 101 182 164 28
split_gain=0.260639 0.539041 0.129321 0.228912 0.0598264 0.0416831 0.044718 0.0317663 0.0260349 0.0250931 0.023469 0.017969 0.0200465 0.0214983 0.0123007 0.00951959 0.00791405 0.00753543 0.00716353 0.00706508 0.0123195 0.0114769 0.00461151 0.00604139 0.0119608 0.00440306 0.00429198 0.00692585 0.00312434 0.00279835
threshold=88.200000000000003 0.31000000000000011 0.21365000000000003 1310.9500000000005 1961.45 0.098600000000000007 1073.4500000000003 1.3502836442107544 55.050000000000004 262.69623695000007 0.003722293875000005 0.047307303458783624 0.38050000000000006 34.631250000000009 0.87875859266059042 44.050000000000004 0.0026112000000000006 33.650000000000013 12.64785 80.390000000000015 267.39996630000007 0.37000000000000005 18.350000000000005 3.8000000000000003 0.006000000000000001 0.14656182600000003 6.9347323000000083 0.23750000000000251 0.19155037250000004 8.8000000000000025
decision_type=2 2 2 2 2 2 2 2 2 2 2 2 2 2 2 2 2 2 2 2 2 2 2 2 2 2 2 2 2 2
left_child=2 18 4 -4 5 8 7 -7 9 -1 -9 19 17 16 -5 -8 -14 -13 -2 25 21 -21 23 24 -19 -11 28 -28 29 -25
right_child=1 -3 3 14 -6 6 15 10 -10 11 -12 12 13 -15 -16 -17 -18 22 -20 20 -22 -23 -24 26 -26 -27 27 -29 -30 -31
leaf_value=0.00104100601007782 -0.00010907534597535733 0.0060104580016976062 0.0034471424191883982 -6.876308105600199e-05 -0.0001543995960232656 0 3.9402603559951475e-05 0.002056120511858839 0.00090584792771915095 -0.0001415832170342596 0.00074493533219935565 0.00057493767125584613 0.00062049774840603812 0.0012352114870170933 0.0007508968330559231 0.00069819881945449832 0 0 0.00060617181338374422 0 -0.00015055324957848623 0.0010386330749767286 -9.2540584583274303e-05 0.00015982078397521208 0.00083486158486064397 2.3039668756550121e-05 0.00075182879390423279 0 0.00019203205450647276 -7.6469907735961731e-05
leaf_weight=56 88 54 72 143 6790 71 463 72 79 2483 102 61 78 71 61 65 164 80 50 58 128 57 681 136 71 425 50 65 171 848
leaf_count=56 88 54 72 143 6790 71 463 72 79 2483 102 61 78 71 61 65 164 80 50 58 128 57 681 136 71 425 50 65 171 848
internal_value=-1.43994e-06 0.00182271 -2.76904e-05 0.00104078 -5.02731e-05 5.71585e-05 0.000401848 0.000962057 9.98746e-06 -1.74351e-06 0.00132472 -1.31925e-05 8.65424e-05 0.000461027 0.000154408 0.000131123 0.000209165 2.98536e-05 0.000116598 -9.31513e-05 0.000156824 0.000540399 1.13918e-05 6.47466e-05 0.000365284 -0.000115805 2.48202e-05 0.000315039 0 -3.86066e-05
internal_weight=13793 192 13601 276 13325 6535 773 245 5762 5683 174 5627 2476 313 204 528 242 2163 138 3151 243 115 2102 1421 151 2908 1270 115 1155 984
internal_count=13793 192 13601 276 13325 6535 773 245 5762 5683 174 5627 2476 313 204 528 242 2163 138 3151 243 115 2102 1421 151 2908 1270 115 1155 984
is_linear=0
shrinkage=0.05


Tree=9
num_leaves=31
num_cat=0
split_feature=11 184 30 111 103 137 187 190 2 0 93 23 104 163 120 74 126 112 189 137 84 11 99 142 116 166 13 184 6 68
split_gain=0.118236 0.228044 0.169317 0.125046 0.0802836 0.0503555 0.204983 0.0398047 0.0353353 0.0571865 0.0169878 0.0140986 0.0139005 0.0217986 0.0209759 0.0131754 0.0121378 0.0102916 0.00796877 0.0171996 0.00782445 0.00568556 0.00512079 0.00482898 0.00362318 0.00409909 0.00344638 0.00310463 0.00271239 0.00269624
threshold=0.0039587592847222233 1.0906414517097247 -1.4871428571428555 12.050000000000002 1042.0500000000004 1.0000000180025095e-35 5.5000000000000009 0.18932911211118028 0.0030276435000000002 0.03160000000000001 262.80894550000005 18.584722222222226 3.0500000000000012 0.13559629537500004 277.92329975000001 15.678571428571432 37.500000000000007 291.2528779000001 11.606514084507042 1.7500000000000002 19.350000000000005 0.0030176637500000008 -3.0499999999999541 697.23868756873196 295.54768205000005 0.012130096000000002 0.00080076865277777778 0.87875859266059042 0.0063506944444444453 0.35000000000000009
decision_type=2 2 2 2 2 2 2 2 2 2 2 2 2 2 10 2 2 2 2 2 2 2 2 2 2 2 2 2 2 2
left_child=5 27 4 -4 -3 6 10 12 11 -10 -1 15 13 18 -15 -9 26 29 19 -7 21 -20 -17 -22 25 28 -6 -2 -13 -12
right_child=1 2 3 -5 16 7 -8 8 9 -11 17 24 -14 14 -16 22 -18 -19 20 -21 23 -23 -24 -25 -26 -27 -28 -29 -30 -31
leaf_value=0.00088919345047906977 -0.00013424781181714461 0.0019738543914557482 0.004677202480951357 0.0013738297347668303 0.00021546462798857546 -1.8805088925362442e-05 0.0027854600301361644 0.0011944553445594139 0.0022043702827283631 2.5315915103419681e-05 -0.00015688297338766822 -7.975996030567666e-05 -0.00014385094921287733 7.2099636783579482e-05 0.0009846255858663958 0.00052163933867379665 -5.3009588473375064e-05 0.00063511833609963483 -0.000125182787433232 0.0009214383499420364 0 0.00026169052725011143 -0.00011525731595148417 0.00063142926408909269 0.00034595236120497122 0.00025619382933502648 0.00091531573428134524 0.00023131902639711785 9.9917453928625305e-05 0.00016797142529375393
leaf_weight=54 628 94 56 72 60 172 77 52 53 79 429 777 7217 212 98 53 135 50 2410 62 88 90 54 54 83 142 59 54 269 60
leaf_count=54 628 94 56 72 60 172 77 52 53 79 429 777 7217 212 98 53 135 50 2410 62 88 90 54 54 83 142 59 54 269 60
internal_value=-1.04662e-06 0.000481915 0.0013213 0.00288287 0.000725986 -4.57405e-05 0.000374589 -6.97247e-05 0.00016431 0.000947829 4.89617e-05 8.78796e-05 -0.000105358 -1.65757e-05 0.000378891 0.000532097 0.000238639 -2.74489e-05 -6.10574e-05 0.000211904 -8.71961e-05 -0.000109157 0.000155828 0.000262535 2.80033e-05 1.31218e-06 0.000608852 -9.76857e-05 -2.87254e-05 -0.000106558
internal_weight=13793 1158 476 128 348 12635 670 11965 1562 132 593 1430 10403 3186 310 159 254 539 2876 234 2642 2500 107 142 1271 1188 119 682 1046 489
internal_count=13793 1158 476 128 348 12635 670 11965 1562 132 593 1430 10403 3186 310 159 254 539 2876 234 2642 2500 107 142 1271 1188 119 682 1046 489
is_linear=0
shrinkage=0.05


Tree=10
num_leaves=31
num_cat=0
split_feature=133 84 0 126 104 19 0 92 133 91 190 164 141 101 116 141 2 33 43 41 137 184 189 16 33 61 163 77 138 181
split_gain=0.209464 0.505272 0.126801 0.224277 0.0510887 0.0494116 0.0210822 0.0396791 0.0206363 0.0390942 0.0156958 0.0279477 0.0223918 0.0108296 0.0152453 0.00805022 0.00629072 0.00609812 0.00588713 0.0056708 0.00635473 0.0054174 0.00349023 0.00346022 0.00328834 0.00292204 0.0025313 0.00242587 0.00239634 0.0023032
threshold=88.200000000000003 5.7500000000000009 0.21365000000000003 37.500000000000007 5.7500000000000018 -0.0089014285714285688 0.071450000000000014 9.1500000000000039 79.440000000000012 16.550000000000004 0.37321168856002179 0.00032192550000000004 35.150000000000013 1.0722520999999576 286.84863860000007 36.510000000000012 0.0035617145000000003 0.63996789513604968 0.37850000000000006 92.500000000000014 0.045000000000000005 0.6267894393414164 12.938446969696972 0.075000000000000025 -0.9013014048982062 1064.3500000000001 0.063135790187499999 274.96094070000009 6.6400000000000015 -0.078182855937500004
decision_type=2 2 2 2 2 2 2 2 2 2 2 2 2 2 2 2 2 2 2 2 2 2 2 2 2 2 2 2 2 2
left_child=2 24 4 -4 5 -1 8 15 10 -10 16 12 -12 -11 -15 27 22 -18 -13 29 -21 -5 23 -7 -2 28 -24 -8 -9 -6
right_child=1 -3 3 21 19 6 7 25 9 13 11 18 -14 14 -16 -17 17 -19 -20 20 -22 -23 26 -25 -26 -27 -28 -29 -30 -31
leaf_value=0.0013089056185563094 0.00034980817349137926 0.005856730425013946 0.0030907278164393377 -8.4863409081109513e-05 0 0.00039814580611813918 0.00013362141474763947 0 0.0013445934907249466 -7.7025292108582577e-05 1.8754749117366402e-05 0 0.0015063128701746534 0.00091930123267014061 -3.4733460759739771e-05 0.00125393978518314 2.1623312054406118e-06 0.00051463526519329619 0.00051061430077571721 0.0005697625294794539 -1.5736596147896229e-05 0.00044741924813906871 -0.00012469315743491801 -7.9658965863834691e-06 -0.00014978357184683926 -4.8335669970979767e-05 0 0.00077238519298229019 0.00031533461552536301 -0.00014223440519387287
leaf_weight=79 51 51 89 137 261 55 54 116 79 243 52 545 66 80 67 100 263 82 61 50 378 66 2349 566 82 247 425 52 145 6808
leaf_count=79 51 51 89 137 261 55 54 116 79 243 52 545 66 80 67 100 263 82 61 50 378 66 2349 566 82 247 425 52 145 6808
internal_value=6.03627e-06 0.00167734 -1.64702e-05 0.00101171 -3.96281e-05 7.22681e-05 5.38539e-05 0.000307988 1.60022e-05 0.000331649 -1.61075e-05 0.00019525 0.000898462 0.00011076 0.000453389 0.000893399 -5.84004e-05 0.000139554 4.88288e-05 -0.000125756 4.21765e-05 6.50291e-05 -8.0024e-05 2.05458e-05 5.65663e-06 5.94857e-05 -0.000104339 0.000497996 0.000180402 -0.000136636
internal_weight=13699 184 13515 292 13223 5726 5647 714 4933 469 4464 724 118 390 147 206 3740 345 606 7497 428 203 3395 621 133 508 2774 106 261 7069
internal_count=13699 184 13515 292 13223 5726 5647 714 4933 469 4464 724 118 390 147 206 3740 345 606 7497 428 203 3395 621 133 508 2774 106 261 7069
is_linear=0
shrinkage=0.05


Tree=11
num_leaves=31
num_cat=0
split_feature=133 50 1 61 103 11 126 184 105 103 190 141 126 43 1 175 104 133 160 83 120 91 49 90 190 128 120 181 120 136
split_gain=0.189373 0.468051 0.114529 0.20541 0.0490472 0.0496115 0.0328844 0.0306556 0.0289711 0.0181441 0.0146051 0.0189466 0.0284671 0.0172494 0.0172334 0.0140469 0.0105575 0.00846519 0.0356059 0.00625077 0.00517321 0.00891264 0.00515248 0.00776249 0.00457294 0.00456138 0.00431031 0.00290848 0.00775142 0.002786
threshold=88.200000000000003 1013.35 0.32127834050000009 225.20000000000002 1595.8 0.0030176637500000008 41.500000000000007 1.3328909976366474 15.500000000000002 1033.1500000000003 0.037123169681309201 38.640000000000008 25.500000000000004 0.38150000000000006 0.064678997500000016 34.631250000000009 1.1500000000000004 80.660000000000011 0.22755102040816327 19.150000000000002 267.86483635000008 16.850000000000005 980.25000000000011 23.91020408163266 0.048007388109134318 10.756167332890138 269.92243530000002 -0.078182855937500004 280.42850675000005 0.44500000000000006
decision_type=2 2 2 2 2 2 2 2 2 2 2 2 2 2 2 2 2 2 2 2 10 2 2 2 2 2 10 2 10 2
left_child=2 -2 4 -4 5 10 -5 -7 9 -9 14 13 -13 24 20 19 -10 27 -19 -15 21 -1 23 -16 -12 -21 -3 28 -6 -26
right_child=1 26 3 6 17 7 -8 8 16 -11 11 12 -14 15 22 -17 -18 18 -20 25 -22 -23 -24 -25 29 -27 -28 -29 -30 -31
leaf_value=0.00068639427236870268 0.0056173448366686135 -0.0003073032988271607 0.0038554227523797872 0.0014595761416735602 -8.4815329576959928e-05 -7.6468369188918315e-05 3.7180794942207194e-06 0.0018997984124013247 7.3131193356217676e-05 0.00049423178690987844 0.00046300807055509236 0.0013022216288016177 0 -9.1977263094179791e-06 0.0008828747041758555 0.0010970563476516734 0.00072943740574950419 -9.2149569634956583e-05 0.0011068572362642479 3.4302721617747847e-05 -0.00013898299456507378 -3.0601356519753661e-05 1.1699181138302514e-05 0 7.6112963477417212e-05 0.00081032088890164501 0.00026294573072309737 -0.00013320755662888972 0.00057198832606685901 -5.2205764781918932e-05
leaf_weight=50 51 56 50 50 283 140 192 77 134 50 54 81 95 110 76 65 152 380 72 51 1785 223 93 52 712 55 77 7342 52 1039
leaf_count=50 51 56 50 50 283 140 192 77 134 50 54 81 95 110 76 65 152 380 72 51 1785 223 93 52 712 55 77 7342 52 1039
internal_value=5.96724e-06 0.00159511 -1.54146e-05 0.000961715 -3.74415e-05 8.36304e-05 0.00032986 0.000530839 0.00074847 0.00139367 2.79639e-05 0.000118693 0.000619305 7.37836e-05 -5.99084e-05 0.000438108 0.000440685 -0.000113927 8.98269e-05 0.00021263 -0.000106883 8.44942e-05 0.000353518 0.000561095 1.40864e-05 0.000487493 0 -0.000126584 3.65425e-06 0
internal_weight=13699 184 13515 292 13223 5094 242 553 413 127 4541 2262 176 2086 2279 281 286 8129 452 216 2058 273 221 128 1805 106 133 7677 335 1751
internal_count=13699 184 13515 292 13223 5094 242 553 413 127 4541 2262 176 2086 2279 281 286 8129 452 216 2058 273 221 128 1805 106 133 7677 335 1751
is_linear=0
shrinkage=0.05


Tree=12
num_leaves=31
num_cat=0
split_feature=133 84 0 103 103 17 92 2 183 0 105 184 190 23 188 179 84 133 184 3 84 137 166 99 50 190 138 0 116 132
split_gain=0.171185 0.423726 0.103887 0.1842 0.0445007 0.0457687 0.037252 0.0188729 0.0186675 0.028561 0.0135663 0.022383 0.0100332 0.0199726 0.0150585 0.0144408 0.00786615 0.0219582 0.00766383 0.00568486 0.00457503 0.00601381 0.00411192 0.00609504 0.00698263 0.00496968 0.00356352 0.00332713 0.00318315 0.00298238
threshold=88.200000000000003 5.8500000000000023 0.21365000000000003 1372.8500000000001 1595.8 0.098600000000000007 10.050000000000002 0.0030276435000000002 3.1371310228351952 0.034000000000000009 15.500000000000002 1.6793794344010984 0.037123169681309201 18.584722222222226 2.5000000000000004 18.84553571428572 16.350000000000005 80.210000000000022 0.74683368287941942 0.027583972000000002 17.050000000000004 0.13000000000000003 0.012130096000000002 -0.1999999999999886 1023.85 0.048007388109134318 4.3100000000000014 0.025450000000000004 293.82160795000004 3.5000000000000004
decision_type=2 2 2 2 2 2 2 2 2 2 2 2 2 2 2 2 2 2 2 2 2 2 2 2 2 2 2 2 2 2
left_child=2 -2 4 -4 5 7 10 12 19 -10 11 -7 20 14 -14 -16 -6 -18 -5 -9 27 -22 25 -24 -25 -15 -12 -1 -27 -30
right_child=1 -3 3 18 16 6 -8 8 9 -11 26 -13 13 22 15 -17 17 -19 -20 -21 21 -23 23 24 -26 28 -28 -29 29 -31
leaf_value=-0.00012633307677919394 3.1236651551875231e-06 0.0053960313076979729 0.0029299430660449152 -7.0776475623569136e-05 -0.00011881277283382478 0.0003704754887035557 6.3400150871924393e-05 0.0004870887871893501 0.0017539160296250627 0 0.00018296910986417717 0.0018546280068888641 0 0.00044561229502765597 0.0015618063648602963 0.00031226428437616626 -3.7648449839658493e-05 0.0010487289874301362 0.00054750069117705745 0 0.00058495620571193281 -2.3974439861532771e-05 4.5403137035252238e-06 0.00091379666539209085 0 -6.7364311940964312e-05 0.00075699339840506162 0.00012544757042931334 -3.2943450296601364e-05 0.0002771449152371196
leaf_weight=1787 134 50 81 142 7790 53 285 79 52 51 77 77 70 55 51 66 286 53 69 210 55 98 205 51 50 1245 98 121 114 144
leaf_count=1787 134 50 81 142 7790 53 285 79 52 51 77 77 70 55 51 66 286 53 69 210 55 98 205 51 50 1245 98 121 114 144
internal_value=5.95263e-06 0.00151686 -1.43584e-05 0.000916243 -3.53545e-05 7.99443e-05 0.0004941 2.44847e-05 0.000355749 0.000938684 0.000878695 0.00129517 -5.95815e-06 7.09985e-05 0.000563166 0.000907929 -0.000108222 0.000120077 0.000109453 0.000128228 -8.49636e-05 0.000164832 1.86669e-05 0.000186964 0.000504535 -1.12791e-05 0.000535306 -0.000107689 -3.1608e-05 0.000121226
internal_weight=13699 184 13515 292 13223 5094 590 4504 392 103 305 130 4112 2051 187 117 8129 339 211 289 2061 153 1864 306 101 1558 175 1908 1503 258
internal_count=13699 184 13515 292 13223 5094 590 4504 392 103 305 130 4112 2051 187 117 8129 339 211 289 2061 153 1864 306 101 1558 175 1908 1503 258
is_linear=0
shrinkage=0.05


Tree=13
num_leaves=31
num_cat=0
split_feature=133 50 0 61 103 19 190 1 92 2 7 183 190 23 177 133 188 92 163 84 137 120 137 128 108 56 181 8 116 171
split_gain=0.155032 0.39294 0.0938243 0.172444 0.0404515 0.0418234 0.0257447 0.0246994 0.0213622 0.017408 0.0158025 0.0280562 0.00881256 0.0188037 0.0138835 0.00724954 0.0330241 0.00665179 0.00465802 0.00433847 0.00546817 0.00413437 0.00377474 0.00395386 0.00314509 0.00292335 0.00260826 0.00703963 0.00232013 0.0026674
threshold=88.200000000000003 1013.35 0.21365000000000003 225.20000000000002 1595.8 -0.0089014285714285688 0.055796026692813354 0.09871869400000001 9.1500000000000039 0.0030276435000000002 0.042550000000000011 3.1371310228351952 0.037123169681309201 18.584722222222226 22.456250000000004 80.660000000000011 8.5000000000000018 13.750000000000005 0.18893707181250005 17.050000000000004 0.13000000000000003 269.92243530000002 1.0000000180025095e-35 8.6325845804055827 276.34286230000004 3.9861739000000118 -0.078182855937500004 0.017582678080266988 293.54317220000001 -0.0015083928571428564
decision_type=2 2 2 2 2 2 2 2 2 2 2 2 2 2 2 2 2 2 2 2 2 10 2 2 2 2 2 2 2 2
left_child=2 -2 4 -4 5 -1 -5 9 18 12 11 17 19 14 -14 26 -17 -11 24 -7 -21 -3 -15 -24 -9 -16 27 -6 -25 -30
right_child=1 21 3 6 15 7 -8 8 -10 10 -12 -13 13 22 25 16 -18 -19 -20 20 -22 -23 23 28 -26 -27 -28 -29 29 -31
leaf_value=0.0013118057489400065 0.0051291207210698098 -0.00032074486780115166 0.0035228068516681005 0 0.00051220265215185163 -0.00010942955605295989 0.0012897849718437474 0.00027474303228766227 0.00010573655945391794 -3.1927115395402822e-05 4.5695171467310594e-05 0.0016678748271023889 0.0010573717290977723 0.0003421859131318612 -7.8078717155874054e-05 -0.00010584093988487637 0.00098633603470391659 0.0006621830428519067 0.001244794366281928 0.00055623067349577988 -2.2787826849827353e-05 0.0002394418361468408 0.0003004793477239875 -5.7816673299518383e-05 0.00082951563599096894 0.00038178524390648327 -0.0001208487951030323 -8.2446836024266e-05 -2.1324301458545021e-05 0.00025603876017170742
leaf_weight=67 51 56 50 192 59 1895 50 96 359 70 248 52 77 80 52 369 83 50 53 55 98 77 96 1315 80 58 7342 276 154 139
leaf_count=67 51 56 50 192 59 1895 50 96 359 70 248 52 77 80 52 369 83 50 53 55 98 77 96 1315 80 58 7342 276 154 139
internal_value=5.96416e-06 0.00144383 -1.33471e-05 0.000871013 -3.33187e-05 7.65851e-05 0.000290303 5.887e-05 0.00036354 1.73139e-05 0.000323705 0.000693074 -1.35339e-05 6.04357e-05 0.000536501 -0.000102805 8.54108e-05 0.000219046 0.000743738 -8.71574e-05 0.000155149 0 7.46049e-06 -5.51325e-06 0.000558423 0.000120605 -0.000114548 8.61424e-06 -2.70644e-05 9.3674e-05
internal_weight=13699 184 13515 292 13223 5094 242 5027 588 4439 420 172 4019 1971 187 8129 452 120 229 2048 153 133 1784 1704 176 110 7677 335 1608 293
internal_count=13699 184 13515 292 13223 5094 242 5027 588 4439 420 172 4019 1971 187 8129 452 120 229 2048 153 133 1784 1704 176 110 7677 335 1608 293
is_linear=0
shrinkage=0.05


Tree=14
num_leaves=31
num_cat=0
split_feature=133 84 1 61 103 17 92 126 2 7 190 129 105 190 23 188 177 84 84 139 84 91 166 190 121 116 138 1 141 22
split_gain=0.140142 0.355623 0.0851316 0.155686 0.0366934 0.0380669 0.0314186 0.0233074 0.01553 0.0137722 0.0209601 0.0118973 0.0141308 0.00824315 0.0163494 0.0135557 0.0133903 0.00798211 0.0068753 0.0216704 0.00368081 0.00549683 0.00349412 0.00447435 0.00396115 0.00581493 0.0031765 0.00281667 0.00262519 0.002337
threshold=88.200000000000003 5.8500000000000023 0.32127834050000009 225.20000000000002 1595.8 0.098600000000000007 11.350000000000003 41.500000000000007 0.0030276435000000002 0.042550000000000011 0.1269983246727433 3.5000000000000004 15.500000000000002 0.037123169681309201 18.584722222222226 2.5000000000000004 23.218750000000004 0.95000000000000029 16.350000000000005 84.467414954242443 17.050000000000004 18.050000000000004 0.012130096000000002 0.048007388109134318 0.15000000000000005 286.67862575000004 6.4000000000000012 0.037572894500000009 39.175000000000004 1.0000000180025095e-35
decision_type=2 2 2 2 2 2 2 2 2 2 2 2 2 2 2 2 2 2 2 2 2 2 2 2 10 2 2 2 2 2
left_child=2 -2 4 -4 5 8 11 -5 13 10 17 12 -7 20 15 -15 -17 -10 29 -20 27 -22 23 -16 -24 -26 -13 -1 -25 -6
right_child=1 -3 3 7 18 6 -8 -9 9 -11 -12 26 -14 14 22 16 -18 -19 19 -21 21 -23 24 28 25 -27 -28 -29 -30 -31
leaf_value=-0.00011455153717541372 0 0.0049265319063538215 0.0033501202666072873 0.0012280866906375569 1.5064949534612937e-05 0.0016476786585927412 6.2516399307314132e-06 0 -0.00017481192079025741 3.5839432841541513e-05 0.0014848432629369201 0.00019306524595833207 0.00058577728913102565 0 0.00042294191192403176 0.0014767684364079625 0.00027246100985554655 0.00059812634403857848 -5.5930603642515695e-05 0.00096588014447573391 0.00052958272319786673 -4.5263310162178977e-05 6.225297062322136e-07 -4.8269140216761977e-05 0.00080305011879178124 1.4569483211506965e-05 0.00074912837030327269 0.00011591140390278346 0.00024067664411931322 -0.00011318917739358724
leaf_weight=1787 134 50 50 50 301 73 251 192 50 220 54 112 95 70 55 50 67 68 278 61 59 94 187 1425 51 68 59 121 78 7489
leaf_count=1787 134 50 50 50 301 73 251 192 50 220 54 112 95 70 55 50 67 68 278 61 59 94 187 1425 51 68 59 121 78 7489
internal_value=5.91971e-06 0.001373 -1.24227e-05 0.00082995 -3.1464e-05 7.31849e-05 0.000450935 0.000277033 2.25027e-05 0.000323008 0.000659085 0.000764491 0.0010838 -5.00062e-06 6.46367e-05 0.000510038 0.000837649 0.000229877 -9.76577e-05 0.000115529 -7.67226e-05 0.000145941 1.70227e-05 -1.03487e-05 0.000172251 0.000398033 0.000417233 -9.7264e-05 -2.97994e-05 -0.00010759
internal_weight=13699 184 13515 292 13223 5094 590 242 4504 392 172 339 168 4112 2051 187 117 118 8129 339 2061 153 1864 1558 306 119 171 1908 1503 7790
internal_count=13699 184 13515 292 13223 5094 590 242 4504 392 172 339 168 4112 2051 187 117 118 8129 339 2061 153 1864 1558 306 119 171 1908 1503 7790
is_linear=0
shrinkage=0.05


Tree=15
num_leaves=31
num_cat=0
split_feature=133 116 0 126 103 17 92 105 184 93 189 138 138 166 190 112 56 28 116 3 190 11 83 81 190 155 140 19 1 137
split_gain=0.0895732 0.28921 0.071087 0.123573 0.0363593 0.0264793 0.0296072 0.0146378 0.0242667 0.0143214 0.013699 0.0237416 0.0355534 0.0086206 0.0096403 0.0113144 0.00977478 0.00842195 0.0120141 0.00569155 0.00518981 0.00377311 0.00310309 0.0030972 0.00579009 0.00280265 0.00703652 0.00248481 0.00232512 0.00204732
threshold=88.200000000000003 271.68737395000005 0.21365000000000003 37.500000000000007 1934.5000000000002 0.098600000000000007 10.850000000000003 15.500000000000002 1.4360110416613066 262.76337630000006 11.606514084507042 3.7550000000000003 3.6350000000000002 0.012130096000000002 0.17208830054125088 275.42299245000009 10.640520200000028 7.0500000000000007 282.99050975000006 0.11988333400000002 0.020047737264594589 0.0030514102222222229 18.350000000000005 38.95000000000001 0.10378833848190645 0.68200000000000016 65.14500000000001 0.008150000000000001 0.072925425000000016 18.300000000000004
decision_type=2 2 2 2 2 2 2 2 2 2 2 2 2 2 2 2 2 2 2 2 2 2 2 2 2 2 2 2 2 2
left_child=2 -2 4 -4 5 9 7 8 -7 -1 11 12 -11 21 16 -16 27 18 -13 -9 -3 25 -5 -19 -25 28 -27 -15 -12 -6
right_child=1 20 3 22 29 6 -8 19 -10 10 13 17 -14 14 15 -17 -18 23 -20 -21 -22 -23 -24 24 -26 26 -28 -29 -30 -31
leaf_value=0.00083609156512637762 0.004101567936262914 5.5499165189358765e-05 0.0022399812611310107 -6.2134224892168349e-05 -0.00011372392489847046 0.00010218698792803999 1.3019061090902965e-06 -8.4680789545368899e-07 0.0015258793440706231 0.00010458630712592923 -9.9852279661073588e-05 0.00090626683839860464 0.0017387723322359275 -8.3141055168789712e-05 0.001023703966365529 0.00011594538982732048 0.00065597168315963995 -0.00010082610441219131 -2.7328497004311746e-05 0.00049941546310397229 -0.00053585424807048798 0.00033929740968198117 0.00037477803447892751 0.00056070672603663436 2.5576379279083218e-05 -2.8055580022628422e-05 0.00060338011846932423 0.00021739805582910777 6.7424708539033309e-05 0.00014842917849479926
leaf_weight=52 55 81 94 150 6762 55 367 56 96 98 3019 67 56 525 57 124 54 341 50 171 53 51 51 58 560 249 50 72 186 58
leaf_count=52 55 81 94 150 6762 55 367 56 96 98 3019 67 56 525 57 124 54 341 50 171 53 51 51 58 560 249 50 72 186 58
internal_value=2.14375e-06 0.00108054 -1.26306e-05 0.000753055 -3.0132e-05 5.48029e-05 0.000335205 0.00064534 0.00104429 1.7019e-05 8.39886e-06 0.000156494 0.000738478 -3.20098e-05 0.000110545 0.000433341 1.26017e-05 6.79479e-05 0.000468071 0.00035461 -0.000143594 -6.68008e-05 2.52782e-05 1.3487e-05 8.47012e-05 -7.42331e-05 6.25283e-05 -3.8231e-05 -8.85669e-05 -0.00011074
internal_weight=13718 189 13529 295 13234 6414 745 378 151 5669 5617 1230 154 4387 832 181 651 1076 117 227 134 3555 201 959 618 3504 299 597 3205 6820
internal_count=13718 189 13529 295 13234 6414 745 378 151 5669 5617 1230 154 4387 832 181 651 1076 117 227 134 3555 201 959 618 3504 299 597 3205 6820
is_linear=0
shrinkage=0.05


Tree=16
num_leaves=31
num_cat=0
split_feature=133 84 0 103 104 19 6 131 141 103 184 190 43 100 84 91 83 189 179 94 5 160 76 133 133 88 47 43 15 133
split_gain=0.0809458 0.268798 0.0641867 0.110569 0.0344621 0.0251309 0.0142233 0.0404333 0.0172886 0.034877 0.0118602 0.00991321 0.016397 0.0261398 0.00590588 0.0089079 0.00535045 0.00427762 0.00481695 0.00399015 0.00353307 0.00741452 0.00235319 0.00230042 0.0030646 0.00408619 0.00232565 0.00208647 0.00188498 0.0048223
threshold=88.200000000000003 7.3500000000000014 0.21365000000000003 1372.8500000000001 5.8500000000000014 -0.0089014285714285688 0.0035847222222222226 29.039363142760408 36.980000000000011 1017.1500000000002 1.7689349677796473 0.18932911211118028 0.37850000000000006 1.3000000000000116 20.350000000000005 17.450000000000003 18.350000000000005 11.606514084507042 21.015178571428574 7.5000000000000009 10.395000000000001 0.18673469387755107 3.0500000000000012 56.785000000000004 23.815000000000001 35.13750000000001 19.500000000000004 0.33050000000000007 0.0011052083333333337 78.110000000000014
decision_type=2 2 2 2 2 2 2 2 2 2 2 2 2 2 2 2 2 2 2 2 2 2 2 2 2 2 2 2 2 2
left_child=2 -2 4 -4 5 -1 11 -8 20 10 -10 14 19 -14 17 -16 -5 18 -7 -13 -9 27 -6 24 -21 -26 -27 -22 -24 -30
right_child=1 -3 3 16 22 6 7 8 9 -11 -12 12 13 -15 15 -17 -18 -19 -20 23 21 -23 28 -25 25 26 -28 -29 29 -31
leaf_value=0.00092879256925753207 -7.5978732069155997e-05 0.0041344226875519915 0.0022282433588339322 -5.9048086541646239e-05 -0.00010916406501959846 -1.122668079162771e-05 0.0012062071513848905 -1.6664292018875253e-06 0.0005534706036937801 6.0708698296326526e-05 0.0017052076357908339 0.00033949663511241226 6.0141916245205113e-05 0.0015260649241014002 0.00068370388876203274 -4.4433372877005666e-05 0.00047826478227240142 -0.00011374720176329708 0.00051499114465785396 -3.6942539471136789e-05 0.00068985253108489884 2.5223351588158336e-06 -5.5300031878612796e-05 -0.00012871795781905316 -6.2582907636487295e-05 2.5440167862990191e-05 0.00055828535951523252 0.00016017944800821593 -1.6740250226575878e-05 0.00053698791943563001
leaf_weight=82 139 50 85 150 6750 115 86 1425 73 272 53 90 95 50 62 93 60 2108 56 292 68 307 476 269 62 57 77 70 94 52
leaf_count=82 139 50 85 150 6750 115 86 1425 73 272 53 90 95 50 62 93 60 2108 56 292 68 307 476 269 62 57 77 70 94 52
internal_value=2.31061e-06 0.00102747 -1.17161e-05 0.000715834 -2.83646e-05 6.15843e-05 4.82579e-05 0.000143068 0.000100037 0.000400029 0.00108691 -1.54496e-05 0.000115809 0.000606869 -7.10242e-05 0.000217286 7.23123e-05 -9.29126e-05 0.000134024 2.52302e-05 3.33368e-05 0.000156389 -0.000100566 -5.93529e-06 5.1646e-05 0.000208523 0.000370532 0.000460234 0 0.000148776
internal_weight=13718 189 13529 295 13234 5862 5780 2354 2268 398 126 3426 992 145 2434 155 210 2279 171 847 1870 445 7372 757 488 196 134 138 622 146
internal_count=13718 189 13529 295 13234 5862 5780 2354 2268 398 126 3426 992 145 2434 155 210 2279 171 847 1870 445 7372 757 488 196 134 138 622 146
is_linear=0
shrinkage=0.05


Tree=17
num_leaves=31
num_cat=0
split_feature=133 116 1 126 104 19 138 135 85 16 164 93 138 134 105 117 29 116 165 96 169 74 49 167 81 17 85 21 116 15
split_gain=0.0729898 0.248335 0.0579761 0.101367 0.0312694 0.0226804 0.0154034 0.0282519 0.0316562 0.0400773 0.0137435 0.0106701 0.018522 0.0149976 0.00527838 0.00467476 0.00516482 0.00670916 0.00493238 0.00455734 0.00442677 0.0044137 0.00662269 0.00303518 0.00289057 0.0056474 0.00272807 0.00343751 0.00216353 0.00215581
threshold=88.200000000000003 271.68737395000005 0.32127834050000009 38.500000000000007 5.8500000000000014 -0.0089014285714285688 3.8000000000000003 6.0600000000000014 277.24886040000007 0.78500000000000014 0.14758823300000004 272.03251540000002 6.4000000000000012 12.085000000000003 11.500000000000002 0.25000000000000006 29.150000000000002 285.9865157000001 0.0045958446875000005 37.312500000000007 0.0034342088750000006 30.650000000000006 985.25000000000011 0.065340623687500016 45.550000000000004 0.00035000000000000005 274.55000835000004 0.61805555555555569 275.76325885000006 0.0010302083333333335
decision_type=2 2 2 2 2 2 2 2 2 2 2 2 2 2 2 2 2 2 2 2 2 2 2 2 2 2 2 2 2 2
left_child=2 -2 4 -4 5 -1 7 -7 26 -10 15 20 -13 -14 -3 18 17 19 24 -17 21 22 23 -12 -8 -26 -9 -28 -22 -11
right_child=1 14 3 -5 -6 6 10 8 9 29 11 12 13 -15 -16 16 -18 -19 -20 -21 28 -23 -24 -25 25 -27 27 -29 -30 -31
leaf_value=0.0008829124565748217 0.0037760669863200753 0.00012598993008836141 0.0019961246593299376 4.0433879274215031e-06 -9.5569396573416568e-05 0.0013748566700680252 -0.00010741184019816833 -9.2302547995385084e-05 0.0018689582970494356 -7.7703217610570684e-06 0.00083464760757799789 0 0.0012347437842108776 0.00030665261720699572 -0.00045757562157853728 0.00073583005601682175 -1.2958673609162297e-05 -6.845271256707536e-05 0.00036113498584988219 3.1162737582979547e-05 -7.2147111241959382e-05 -1.7018249412406776e-05 0 0.00015927584089065651 0.00046450245697997165 -3.6834142033155873e-05 0 0.00047233453917909762 7.3817130628812781e-05 0.00037373465380438099
leaf_weight=82 55 61 97 198 7372 53 2236 380 55 50 69 190 79 144 73 81 400 64 59 54 467 83 70 51 63 394 87 54 545 52
leaf_count=82 55 61 97 198 7372 53 2236 380 55 50 69 190 79 144 73 81 400 64 59 54 467 83 70 51 63 394 87 54 545 52
internal_value=2.36155e-06 0.000975845 -1.09396e-05 0.000680489 -2.67803e-05 5.8877e-05 4.61709e-05 0.000260926 0.000164588 0.000785274 1.40429e-05 0.000130632 0.000353736 0.000661804 -0.00015592 -4.35642e-05 7.90103e-05 0.000288013 -7.2079e-05 0.00049303 5.48188e-05 0.000233422 0.000368519 0.000592625 -8.35567e-05 2.22242e-05 -1.40189e-05 0.000160911 1.51955e-06 0.000139919
internal_weight=13718 189 13529 295 13234 5862 5780 731 678 157 5049 1698 413 223 134 3351 599 199 2752 135 1285 273 190 120 2693 457 521 141 1012 102
internal_count=13718 189 13529 295 13234 5862 5780 731 678 157 5049 1698 413 223 134 3351 599 199 2752 135 1285 273 190 120 2693 457 521 141 1012 102
is_linear=0
shrinkage=0.05


Tree=18
num_leaves=31
num_cat=0
split_feature=184 91 0 93 67 19 77 141 123 17 84 140 175 23 18 136 111 2 169 43 164 126 29 155 44 189 52 132 28 89
split_gain=0.0606847 0.178495 0.104892 0.0399964 0.0271743 0.0358505 0.0248283 0.0246013 0.0210749 0.0121135 0.00959508 0.011935 0.00667449 0.00389232 0.00488849 0.00874721 0.00525335 0.00382162 0.00500689 0.00350384 0.00335768 0.00576983 0.00291515 0.00279746 0.00259168 0.00255008 0.00181719 0.00167073 0.00161079 0.00155748
threshold=0.91961485465967163 14.450000000000001 0.21365000000000003 269.74352405000008 15.250000000000002 -0.0089014285714285688 288.37321270000007 39.02000000000001 1.0000000180025095e-35 0.14620000000000002 5.7500000000000009 75.820000000000007 34.193750000000009 18.395833333333339 0.0057458333333333346 0.12500000000000003 4.4500000000000011 0.0011514315000000002 0.0056429640625000011 0.33050000000000007 0.17527057350000003 35.500000000000007 21.250000000000004 0.73800000000000021 932.50000000000011 19.231956955521134 10.500000000000002 1.5000000000000002 34.000000000000007 33.750000000000007
decision_type=2 2 2 2 2 2 2 2 2 2 2 2 2 2 2 2 2 2 2 2 2 2 2 2 2 2 2 2 2 2
left_child=10 -2 4 -4 5 -3 7 9 -9 13 12 22 -1 -7 16 -16 -15 27 24 -11 -6 -22 25 26 -19 -12 -18 -17 -29 -24
right_child=1 2 3 -5 20 6 -8 8 -10 19 11 -13 -14 14 15 17 23 18 -20 -21 21 -23 29 -25 -26 -27 -28 28 -30 -31
leaf_value=-0.00010530975087236321 0.0026650263951328735 0.0014924512548125622 0.00072160590277838238 0.0026163801221934825 -0.00011284204835315271 0.00041379724545844809 0.0010121697214290854 0.0015353598627552856 0.00012422650448356496 0.0008186507838753252 0.00039362228936079194 0.00056442744976066886 0.00042132889235130797 0.00031033195665053603 0.00065609342063544321 0.00026046855096893316 -0.00014228565195807143 0.00060168979672579881 0 0.0001518447556178823 0.00031237771115141832 -4.0463335394239341e-05 6.6303973687497429e-05 0.00025462028228223345 3.6070564682683288e-05 0 0 -5.5487560802188303e-05 8.3792183654745112e-05 -8.7661383065523027e-05
leaf_weight=7347 68 50 88 50 1370 73 80 55 67 69 79 104 56 92 69 64 688 92 103 59 134 783 196 51 52 100 244 543 334 558
leaf_count=7347 68 50 88 50 1370 73 80 55 67 69 79 104 56 92 69 64 688 92 103 59 134 783 196 51 52 100 244 543 334 558
internal_value=2.39969e-06 0.000135723 0.000101246 0.00145797 6.30662e-05 0.000168411 0.000141842 0.000113363 0.000808354 7.76105e-05 -8.03884e-05 5.89998e-05 -0.000100594 4.99787e-05 3.62743e-05 0.000104297 -3.86413e-05 6.75183e-05 0.000243805 0.000553614 -6.30501e-05 5.93435e-06 0 -7.66655e-05 0.000433579 0.000182877 -0.000100406 1.57278e-05 0 -4.09812e-05
internal_weight=13718 5278 5210 138 5072 2785 2735 2655 122 2533 8440 1037 7403 2405 2332 1257 1075 1188 247 128 2287 917 933 983 144 179 932 941 877 754
internal_count=13718 5278 5210 138 5072 2785 2735 2655 122 2533 8440 1037 7403 2405 2332 1257 1075 1188 247 128 2287 917 933 983 144 179 932 941 877 754
is_linear=0
shrinkage=0.05


Tree=19
num_leaves=31
num_cat=0
split_feature=133 84 0 126 190 168 138 137 90 43 15 180 84 140 116 164 103 17 164 23 83 83 136 112 184 67 56 138 101 13
split_gain=0.0632369 0.221172 0.0477014 0.0839418 0.0258526 0.0315511 0.0152285 0.031336 0.018997 0.00877183 0.0115467 0.0164308 0.00723049 0.0281881 0.0171339 0.00766314 0.0294535 0.0128901 0.0028466 0.00408764 0.0035042 0.0030023 0.00249338 0.00218731 0.00210381 0.00187357 0.00174242 0.00226553 0.00146464 0.00138542
threshold=88.200000000000003 7.3500000000000014 0.21365000000000003 37.500000000000007 0.038019019019019003 0.00029452400000000006 3.7550000000000003 1.7500000000000002 23.196938775510208 0.38150000000000006 0.00067395833333333348 26.107142857142858 12.850000000000003 75.820000000000007 268.42605655000006 0.26475982950000004 1176.1500000000001 0.14620000000000002 0.17527057350000003 18.584722222222226 20.050000000000004 17.050000000000004 0.67500000000000016 294.3843629000001 0.68194821271821426 3.8500000000000001 1.5513689000000286 5.4600000000000017 0.16802409999996828 0.0014805764375000001
decision_type=2 2 2 2 2 2 2 2 2 2 2 2 2 2 2 2 2 2 2 2 2 2 2 2 2 2 2 2 2 2
left_child=2 -2 4 -4 12 -6 7 8 -7 18 11 -11 15 -14 -15 23 17 22 19 20 -8 -20 -17 -1 -5 -21 27 -23 -29 -30
right_child=1 -3 3 24 5 6 9 -9 -10 10 -12 -13 13 14 -16 16 -18 -19 21 25 -22 26 -24 -25 -26 -27 -28 28 29 -31
leaf_value=-9.9039301041207084e-05 -8.8982916294688558e-05 0.0037278141914045115 0.0018428924514814035 -6.6331506571578819e-05 0.0013353364862611189 0.00096231363575983173 0 0.001369083807151059 0 0.0011843175175356498 0 9.5708888704684427e-05 -4.1734503595632437e-05 8.5159091652782927e-05 0.0014889577719125399 8.5530745844579066e-05 -6.9947764955733495e-05 0.0012095072162434614 0.00045684242316900629 0.00020824838749271854 0.00053194250682416303 -2.0779281562348976e-05 0.00056868902301036959 0.00014273673900812027 0.0002745804923113376 -7.5480770629016955e-05 -3.1460653822159398e-05 1.3818642188052229e-05 0.00014051683205493925 0.00053433569316338339
leaf_weight=7779 139 50 94 140 50 59 74 65 286 66 165 96 552 51 52 110 1146 59 50 51 53 163 58 77 61 1489 348 136 146 53
leaf_count=7779 139 50 94 140 50 59 74 65 286 66 165 96 552 51 52 110 1146 59 50 51 53 163 58 77 61 1489 348 136 146 53
internal_value=2.61992e-06 0.000908742 -9.73528e-06 0.000617385 -2.41378e-05 9.52782e-05 7.45759e-05 0.000360589 0.000152724 3.21594e-05 0.000275634 0.000574436 -6.51231e-05 9.18656e-05 0.000849452 -7.68153e-05 2.93937e-05 0.000550952 0 -3.76198e-05 0.000225685 7.28145e-05 0.000284299 -9.60153e-05 1.3224e-05 -6.27109e-05 4.37021e-05 0.000106203 0.000182748 0.000272551
internal_weight=13718 189 13529 295 13234 3350 3300 410 345 2890 327 162 9884 655 103 9229 1373 227 2563 1667 127 896 168 7856 201 1540 846 498 335 199
internal_count=13718 189 13529 295 13234 3350 3300 410 345 2890 327 162 9884 655 103 9229 1373 227 2563 1667 127 896 168 7856 201 1540 846 498 335 199
is_linear=0
shrinkage=0.05


Tree=20
num_leaves=31
num_cat=0
split_feature=133 49 0 103 190 168 138 165 84 138 163 62 167 111 0 168 104 83 81 133 136 184 43 134 83 136 116 189 6 49
split_gain=0.0733987 0.2334 0.0436576 0.0773126 0.02319 0.0345226 0.0574563 0.0113848 0.00905277 0.0348017 0.0112923 0.0265587 0.0105816 0.00723693 0.00660329 0.00470243 0.00468598 0.00433393 0.00433086 0.0135188 0.00340156 0.00297546 0.00267212 0.00264665 0.00241443 0.00319104 0.00652934 0.00224278 0.00207145 0.0018612
threshold=88.200000000000003 976.1500000000002 0.21365000000000003 1372.8500000000001 0.14757134991112442 0.0014503505000000004 4.5600000000000014 0.0068440636875000014 7.7500000000000018 2.9450000000000003 0.13559629537500004 11.550000000000002 0.25745264618750002 7.3500000000000005 0.054350000000000009 0.090750741500000023 0.45000000000000007 19.550000000000004 33.750000000000007 80.390000000000015 3.5600000000000001 0.6267894393414164 0.33950000000000008 9.1750000000000025 19.450000000000003 0.31500000000000006 286.25997325000009 17.231070933180277 0.016725694444444449 985.05000000000007
decision_type=2 2 2 2 2 2 2 2 2 2 2 2 2 2 2 2 2 2 2 2 2 2 2 2 2 2 2 2 2 2
left_child=2 -2 4 -4 8 6 -6 15 10 -10 20 12 -12 -11 -13 24 -8 23 19 -15 27 -5 -3 -17 -7 26 -26 -1 -19 -20
right_child=1 22 3 21 5 7 16 -9 9 13 11 14 -14 18 -16 17 -18 28 29 -21 -22 -23 -24 -25 25 -27 -28 -29 -30 -31
leaf_value=2.2568422203404346e-05 0.003841621671386887 -0.00034386666798337295 0.0018395282420599621 -6.4596807382219447e-05 0.0020293920633617569 -0.00013798184465627346 0 0.00065365533944944365 0.0012273614029361883 0.00052400108764011366 0.00033885095492745354 0.00049098850176152256 0.0012839802165623181 0 -7.715398388810357e-05 0.00052097188571841079 0.0005296522494928356 2.2244409565515033e-05 -6.9808596612902412e-05 0.00086017649179016852 0.00024668564166538149 0.00032920885408671124 8.5780078172436022e-05 6.9125249090927399e-06 0.00054400077133230976 -5.3349220831102381e-05 -2.3936797940405085e-05 -9.550262184061445e-05 0.00033099101541500374 0.00011984796051988307
leaf_weight=352 51 51 87 138 61 385 92 78 60 65 128 53 51 256 697 100 56 659 1257 55 67 65 93 61 78 374 99 7992 65 126
leaf_count=352 51 51 87 138 61 385 92 78 60 65 128 53 51 256 697 100 56 659 1257 55 67 65 93 61 78 374 99 7992 65 126
internal_value=8.3153e-06 0.000969115 -5.20624e-06 0.000600094 -1.88584e-05 0.00013257 0.000743151 6.2383e-05 -4.79214e-05 5.25657e-05 -6.80305e-05 9.47727e-05 0.000641549 8.9776e-06 -2.97471e-05 3.39676e-05 0.000169392 0.000118029 -8.13186e-06 0.000156458 -8.66157e-05 3.79845e-05 -3.32258e-05 0.000358313 -4.02183e-05 1.91602e-05 0.000199901 -8.99204e-05 5.72782e-05 -4.88429e-05
internal_weight=13752 195 13557 290 13267 2108 209 1899 11159 1819 9340 929 179 1759 750 1821 148 885 1694 311 8411 203 144 161 936 551 177 8344 724 1383
internal_count=13752 195 13557 290 13267 2108 209 1899 11159 1819 9340 929 179 1759 750 1821 148 885 1694 311 8411 203 144 161 936 551 177 8344 724 1383
is_linear=0
shrinkage=0.05


Tree=21
num_leaves=31
num_cat=0
split_feature=133 49 3 126 190 168 171 137 13 166 90 53 164 126 7 6 188 112 189 137 84 137 168 61 43 91 117 173 136 6
split_gain=0.0663378 0.211066 0.0394166 0.0855504 0.0209998 0.0311602 0.0531011 0.0102783 0.0308455 0.0102709 0.00916694 0.0086674 0.00724899 0.0225444 0.013251 0.00464027 0.00779635 0.00442096 0.0043279 0.0082015 0.00443818 0.00518979 0.00431458 0.00348637 0.00300388 0.00284822 0.00214388 0.00280387 0.00176214 0.00166515
threshold=88.200000000000003 976.1500000000002 0.34168884800000004 20.500000000000004 0.14757134991112442 0.0014503505000000004 -8.7857142857142832e-05 1.0000000180025095e-35 0.0017372758125000004 0.048280649000000009 26.290816326530614 168.50000000000003 0.26475982950000004 15.500000000000002 0.14620000000000002 0.0061784722222222232 5.5000000000000009 290.17259575000008 11.606514084507042 1.7500000000000002 21.050000000000008 0.13000000000000003 0.090750741500000023 1176.3000000000004 0.36550000000000005 18.250000000000004 0.8500000000000002 21.043750000000006 0.67500000000000016 0.016725694444444449
decision_type=2 2 2 2 2 2 2 2 2 2 2 2 2 2 2 2 2 2 2 2 2 2 2 2 2 2 2 2 2 2
left_child=2 -2 4 -4 7 6 -6 8 17 22 -5 -8 18 14 28 16 -15 -1 19 -9 -20 -22 26 -3 25 -24 -7 -28 -14 -27
right_child=1 23 3 10 5 9 11 12 -10 -11 -12 -13 13 15 -16 -17 -18 -19 20 -21 21 -23 24 -25 -26 29 27 -29 -30 -31
leaf_value=-6.8494697454107745e-05 0.0036532343995238012 -0.00024340442003136485 0.0024152890555957968 0 0.0020522117936793206 -7.5692989748511819e-05 -2.9630435210227678e-05 -2.5613593733348687e-05 0.0010295009531663469 0.0006213862848868947 0.0007152958469126713 0.00071424664091965598 8.1412820182154031e-05 0 0.001155902861772726 -7.3640286807162959e-05 0.00070115416577604236 0.00042000404583786635 -8.5996683918258474e-05 0.00063513110344084447 0.00041818571206807216 -4.1012124726246556e-05 0.0004467101440975824 0.00025088403685861885 0.00039887372201569588 8.0548279340596619e-06 0.00037113790885209103 -1.6342466313839983e-05 0.00050079023241845859 0.00026175299852414507
leaf_weight=362 51 92 51 185 54 785 102 151 86 78 54 53 126 155 59 1236 52 52 8544 60 94 129 50 52 90 667 66 85 53 78
leaf_count=362 51 92 51 185 54 785 102 151 86 78 54 53 126 155 59 1236 52 52 8544 60 94 129 50 52 90 667 66 85 53 78
internal_value=8.15649e-06 0.000921574 -4.68006e-06 0.000570451 -1.76706e-05 0.000126403 0.000706614 -4.53438e-05 0.000173579 5.9576e-05 0.000147526 0.000195624 -5.60976e-05 3.72151e-05 0.000488436 -3.40308e-05 0.000177656 0 -7.41281e-05 0.000140801 -7.98866e-05 0.000131232 3.24396e-05 -2.99294e-05 0.000113024 7.39213e-05 -3.84567e-05 0.000121453 0.000235456 4.16342e-05
internal_weight=13752 195 13557 290 13267 2108 209 11159 500 1899 239 155 10659 1681 238 1443 207 414 8978 211 8767 223 1821 144 885 795 936 151 179 745
internal_count=13752 195 13557 290 13267 2108 209 11159 500 1899 239 155 10659 1681 238 1443 207 414 8978 211 8767 223 1821 144 885 795 936 151 179 745
is_linear=0
shrinkage=0.05


Tree=22
num_leaves=31
num_cat=0
split_feature=133 49 0 126 190 163 92 81 90 140 84 163 126 36 0 23 83 18 91 136 7 136 116 17 30 43 61 85 179 6
split_gain=0.0599676 0.190861 0.0356393 0.0773221 0.0191351 0.021066 0.032821 0.0108755 0.00831062 0.00598676 0.0239991 0.00715044 0.0243815 0.00561901 0.00500797 0.00480128 0.0109845 0.00683948 0.00916893 0.00547151 0.00476204 0.00330178 0.00320052 0.00380136 0.00436526 0.0033384 0.00315662 0.00181453 0.00130316 0.00387775
threshold=88.200000000000003 976.1500000000002 0.21365000000000003 20.500000000000004 0.037123169681309201 2.6849437500000003e-05 10.150000000000004 55.050000000000004 26.290816326530614 75.820000000000007 13.550000000000002 0.13559629537500004 14.500000000000002 263.89170035000006 0.054350000000000009 18.395833333333339 20.250000000000004 0.0042833333333333343 16.650000000000002 0.12500000000000003 0.14620000000000002 3.5600000000000001 274.67117610000008 0.17770000000000002 -0.64857142857142946 0.35850000000000004 1176.3000000000004 283.31480100000005 19.881250000000005 0.0017194444444444447
decision_type=2 2 2 2 2 2 2 2 2 2 2 2 2 2 2 2 2 2 2 2 2 2 2 2 2 2 2 2 2 2
left_child=2 -2 4 -4 9 6 -6 13 -5 11 28 21 20 -7 -14 16 -15 27 -19 -20 -13 -1 -21 24 -24 -26 -3 -17 -11 -30
right_child=1 26 3 8 5 7 -8 -9 -10 10 -12 12 14 15 -16 17 -18 18 19 22 -22 -23 23 -25 25 -27 -28 -29 29 -31
leaf_value=-8.0779988648231106e-05 0.0034740853917901403 -0.00023136505964137016 0.0022968469665437833 0 0.0015773227782046888 0.00056093237927948053 5.6035113059652021e-05 0.00066359677314136367 0.00068018130839548338 -0.00010026922898023145 0.00081587748172305685 0.00034822800670053261 0.00038248288927466748 -7.2510065844498269e-06 -7.4135186402382645e-05 -9.7631796431381159e-05 0.00082546456134878097 0.00068587629104252404 0.00046862053620351588 -5.7531807087557053e-05 0.0010968584701832797 0.00024301914970022967 -2.6644328571854853e-06 0.00037530841984163388 2.2405445429447873e-05 0.00049101359354939301 0.00023857652228000592 0.00015255704329493233 -8.3884842098369956e-05 0.00036434233565390536
leaf_weight=8255 51 92 51 185 59 51 105 72 54 315 97 88 62 81 777 1079 60 60 76 602 53 71 748 105 111 87 52 62 121 70
leaf_count=8255 51 92 51 185 59 51 105 72 54 315 97 88 62 81 777 1079 60 60 76 602 53 71 748 105 111 87 52 62 121 70
internal_value=7.97424e-06 0.000876429 -4.2123e-06 0.000542649 -1.65828e-05 8.5994e-05 0.000639873 5.5798e-05 0.000139478 -5.18542e-05 9.75253e-05 -6.20802e-05 6.28358e-05 3.99719e-05 -3.40247e-05 2.95129e-05 0.000315203 1.3956e-05 7.63889e-05 5.1964e-05 0.000670582 -7.73895e-05 2.95127e-05 8.41308e-05 4.617e-05 0.000254867 -2.67062e-05 -7.9537e-05 -3.16582e-05 5.53873e-05
internal_weight=13752 195 13557 290 13267 3358 164 3194 239 9909 603 9306 980 3122 839 3071 141 2930 1789 1729 141 8326 1653 1051 946 198 144 1141 506 191
internal_count=13752 195 13557 290 13267 3358 164 3194 239 9909 603 9306 980 3122 839 3071 141 2930 1789 1729 141 8326 1653 1051 946 198 144 1141 506 191
is_linear=0
shrinkage=0.05


Tree=23
num_leaves=31
num_cat=0
split_feature=133 49 0 61 103 133 113 184 86 3 61 141 184 118 184 134 35 115 28 116 43 84 107 103 28 99 177 61 88 61
split_gain=0.0542059 0.17259 0.0322217 0.0686229 0.0169084 0.0140346 0.0273292 0.0167374 0.0333211 0.0112466 0.0104112 0.0136493 0.0145254 0.00767967 0.00560301 0.00646866 0.00493642 0.00639272 0.00458885 0.004284 0.0111929 0.00364963 0.00520507 0.00355785 0.00355776 0.00494403 0.0049284 0.00285796 0.00284467 0.00203975
threshold=88.200000000000003 976.1500000000002 0.21365000000000003 199.90000000000001 1961.45 79.440000000000012 0.95000000000000007 1.6151791734248755 10.500000000000002 0.027583972000000002 749.85000000000002 37.990000000000002 1.5723069854427816 19.850000000000005 2.4981634808040485 9.2150000000000016 284.97550860000007 10.15 32.95000000000001 293.54317220000001 0.36850000000000005 2.350000000000001 5.0500000000000007 1125.0000000000002 7.0500000000000007 -2.950000000000045 33.29375000000001 1176.3000000000004 45.662500000000001 218.20000000000002
decision_type=2 2 2 2 2 2 2 2 2 2 2 2 2 10 2 2 2 2 2 2 2 2 2 2 2 2 2 2 2 2
left_child=2 -2 4 -4 5 9 7 16 -9 19 11 14 -13 -5 18 -16 -7 -18 -11 21 -21 -1 -23 -10 25 26 -24 -3 -17 -20
right_child=1 27 3 13 -6 6 -8 8 23 10 -12 12 -14 -15 15 28 17 -19 29 20 -22 22 24 -25 -26 -27 -28 -29 -30 -31
leaf_value=-9.8867325486004455e-05 0.0033037215989315883 -0.00021992119864100012 0.0021892150254308371 -2.9247311161607985e-06 -7.1231447624105137e-05 -0.00013785908183973648 0.0013783387227270464 0.0016513484986453301 0.00038068979690041699 -4.8526185510173164e-05 -2.269267462346063e-05 3.8019205104268072e-05 0.0012994420387810257 0.00061075090402937357 0.0007418469407869117 0.00027409725332422905 0.00059286033676471568 -1.9745519284360515e-05 0.00029781684964678555 0 0.00082062746871801491 0.00036412372755411856 0.00075434692045163042 -0.00016621479106232009 -5.2443618430961219e-05 0 0 0.00022687278427323656 -2.164427862536707e-05 0
leaf_weight=1777 51 92 50 177 6754 267 51 50 51 394 781 52 57 63 75 226 65 80 201 252 50 93 52 57 1441 182 54 52 81 124
leaf_count=1777 51 92 50 177 6754 267 51 50 51 394 781 52 57 63 75 226 65 80 201 252 50 93 52 57 1441 182 54 52 81 124
internal_value=7.81602e-06 0.000833495 -3.75213e-06 0.000516211 -1.55328e-05 4.14614e-05 0.000267895 0.000157544 0.000593548 1.6706e-05 0.000113923 0.000206177 0.000748933 0.000139284 0.000147276 0.000305028 0 0.000222804 5.62114e-05 -3.16469e-05 0.000144908 -4.78871e-05 0 4.72974e-05 -1.78237e-05 0.000137677 0.000408303 -2.36442e-05 0.000180017 0.000198282
internal_weight=13752 195 13557 290 13267 6513 621 570 158 5892 1991 1210 109 240 1101 382 412 145 719 3901 302 3599 1822 108 1729 288 106 144 307 325
internal_count=13752 195 13557 290 13267 6513 621 570 158 5892 1991 1210 109 240 1101 382 412 145 719 3901 302 3599 1822 108 1729 288 106 144 307 325
is_linear=0
shrinkage=0.05


Tree=24
num_leaves=31
num_cat=0
split_feature=133 155 0 126 190 168 43 6 137 13 90 112 167 126 167 120 49 91 6 112 168 83 35 6 137 76 189 181 83 1
split_gain=0.0490078 0.157159 0.0291207 0.063401 0.0162668 0.0276421 0.00911664 0.0155827 0.0081523 0.0266254 0.00705269 0.00539644 0.00507929 0.0185855 0.00892093 0.00476721 0.00684305 0.00566911 0.0047025 0.0034787 0.00267323 0.00334364 0.00252166 0.00209626 0.00181663 0.00176442 0.00116335 0.00168849 0.0021233 0.00114999
threshold=88.200000000000003 0.31800000000000012 0.21365000000000003 20.500000000000004 0.17208830054125088 0.0010657085000000002 0.37850000000000006 0.00054513888888888895 1.0000000180025095e-35 0.0017372758125000004 26.290816326530614 279.15603975000005 0.13852458043750002 18.500000000000004 0.25745264618750002 267.07947660000008 985.6500000000002 16.650000000000002 0.0078930555555555577 290.17259575000008 0.090750741500000023 19.150000000000002 282.76874225 0.016725694444444449 18.300000000000004 2.4500000000000006 14.714440029529271 -1.4727999999999997e-05 20.950000000000003 9.4703500000000012e-05
decision_type=2 2 2 2 2 2 2 2 2 2 2 2 2 2 2 8 2 2 2 2 2 2 2 2 2 2 2 2 2 2
left_child=2 -2 4 -4 8 -6 20 -8 9 19 -5 -9 15 14 -14 16 17 -10 -15 -1 25 22 -22 -23 26 29 27 -17 -29 -7
right_child=1 -3 3 10 5 6 7 11 12 -11 -12 -13 13 18 -16 24 -18 -19 -20 -21 21 23 -24 -25 -26 -27 -28 28 -30 -31
leaf_value=-6.4798054712869935e-05 -3.4653260145458061e-05 0.0031198576651513578 0.0020798928597762895 0 0.00094264359110508985 6.130330266842065e-06 0.0010615433306532501 0.00038145610100926005 0.00038533609526811318 0.00095268584209950579 0.00062238715449348101 -0.00014729260193482995 0.000242759745142519 0.00033856879016016861 0.0010877775774749282 -5.6995342176014681e-05 0.00052639225410108553 -3.9178920920726108e-05 -6.28809621265429e-05 0.00036434625832178566 1.7766323113998315e-05 5.4938043700257805e-06 0.00062982200961628502 0.00032521802102326283 0.00016807311323645992 0.00022882872782230271 -7.7347147163372718e-05 0 0.00041382350484267451 -0.00010620562366691481
leaf_weight=363 143 52 51 185 97 289 60 89 87 86 54 87 144 75 51 199 68 720 1049 53 53 578 50 60 65 52 8316 50 51 475
leaf_count=363 143 52 51 185 97 289 60 89 87 86 54 87 144 75 51 199 68 720 1049 53 53 578 50 60 65 52 8316 50 51 475
internal_value=7.57212e-06 0.000792665 -3.40928e-06 0.000490881 -1.46269e-05 0.000120547 7.27842e-05 0.00036339 -3.75306e-05 0.000157002 0.000123717 9.24819e-05 -4.69837e-05 4.27809e-05 0.000493697 -5.99002e-05 4.79254e-05 8.1878e-07 -3.13723e-05 0 2.53218e-05 9.58215e-05 0.000366157 4.38485e-05 -7.13486e-05 -3.26171e-05 -7.37544e-05 9.15197e-06 0.000187782 -5.72236e-05
internal_weight=13752 195 13557 290 13267 1890 1793 236 11377 502 239 176 10875 1319 195 9556 875 807 1124 416 1557 741 103 638 8681 816 8616 300 101 764
internal_count=13752 195 13557 290 13267 1890 1793 236 11377 502 239 176 10875 1319 195 9556 875 807 1124 416 1557 741 103 638 8681 816 8616 300 101 764
is_linear=0
shrinkage=0.05


Tree=25
num_leaves=31
num_cat=0
split_feature=184 91 0 120 168 180 2 1 167 84 124 84 140 91 171 139 28 103 73 141 116 175 116 29 165 73 138 32 89 115
split_gain=0.0333367 0.0844839 0.0604949 0.0298875 0.0253146 0.0128061 0.0156997 0.015533 0.00552449 0.00591382 0.00909897 0.00552182 0.0091758 0.00491307 0.0181054 0.00357454 0.00330322 0.00363585 0.00318939 0.00284485 0.00273241 0.00260049 0.00237204 0.00235515 0.00204058 0.00211509 0.00192438 0.0018818 0.00164884 0.00150715
threshold=0.83824344496143877 14.450000000000001 0.21365000000000003 270.93447940000004 0.00029452400000000006 27.38571428571429 0.0024100695000000005 0.024989248000000002 0.24957640018750002 7.1500000000000012 0.91597561503675351 5.450000000000002 75.820000000000007 16.550000000000004 -0.00041553571428571448 89.303625086230099 32.550000000000004 1073.4500000000003 38.650000000000013 37.415000000000006 274.59882965000003 33.781250000000007 293.24877205000001 21.250000000000004 0.0013751511874999999 33.250000000000007 4.410000000000001 8.5500000000000025 33.750000000000007 8.6500000000000004
decision_type=2 2 2 10 2 2 2 2 2 2 2 2 2 2 2 2 2 2 2 2 2 2 2 2 2 2 2 2 2 2
left_child=11 -2 4 -4 -3 6 8 -8 9 16 -11 21 23 14 -7 20 22 -18 -17 -9 -15 -1 -6 27 -22 -26 -24 -13 -25 -14
right_child=1 2 3 -5 5 13 7 19 -10 10 -12 12 29 15 -16 18 17 -19 -20 -21 24 -23 26 28 25 -27 -28 -29 -30 -31
leaf_value=-8.1714014583571083e-05 0.0016913565343370796 0.0010030735121600788 0.00045084882213706552 0.0020410438427751177 -8.8928878948760725e-05 0.0010180575332339561 0.0012152647799230181 4.0618385110512283e-05 0.00051232399088829489 8.0566320107168366e-05 0.00079426243770399198 0.00040029533177143362 0.00072195475112236626 -6.3371726937821828e-05 -6.7158540760554102e-05 -0.00053398987844471564 0.00031184486435176955 1.0222544613399706e-05 0 0.00046686039914873071 -1.4612106381226035e-05 0.00025109403631246935 0.00030410453111660125 6.0451873708352182e-05 0.00043505509358627962 4.8741445099537454e-05 0 0 -9.9617949284502939e-05 0.00014538194019776568
leaf_weight=7124 81 67 92 53 769 50 59 121 69 221 63 55 52 2245 128 72 159 369 59 91 296 51 69 194 61 180 180 117 506 50
leaf_count=7124 81 67 92 53 769 50 59 121 69 221 63 55 52 2245 128 72 159 369 59 91 296 51 69 194 61 180 180 117 506 50
internal_value=8.19236e-07 9.56341e-05 7.07994e-05 0.00107634 4.22989e-05 2.89247e-05 0.000122521 0.000480965 6.85111e-05 4.87757e-05 0.000258661 -6.31927e-05 4.52668e-05 -3.5185e-05 0.000213729 -5.21789e-05 6.84541e-06 0.000110922 -0.000311912 0.000248388 -3.80442e-05 -7.8617e-05 -4.22843e-05 -1.76743e-06 5.84681e-05 0.000168577 8.15502e-05 0.000157082 -4.81001e-05 0.00049202
internal_weight=13703 5554 5473 145 5328 5261 2170 271 1899 1830 284 8149 974 3091 178 2913 1546 528 131 212 2782 7175 1018 872 537 241 249 172 700 102
internal_count=13703 5554 5473 145 5328 5261 2170 271 1899 1830 284 8149 974 3091 178 2913 1546 528 131 212 2782 7175 1018 872 537 241 249 172 700 102
is_linear=0
shrinkage=0.05


end of trees

feature_importances:
pct_forest=35
cumul_gust_since_onset=34
last_osi=28
recent6_exposure_fraction=28
exposure_decay_24h=27
total_tp_next_24h=24
hours_since_obs=19
wind_speed_max_next_24h=17
t2m_at_t24h=17
pct_wetland=16
total_tp_next_48h=15
pct_unmapped=15
gust_last_obs=14
soil_moist_t=14
gust_x_hso=14
tree_canopy_std=14
gust_mean_obs=13
last_P_t=12
last_N_t=12
nbr8_max_last_D_t=12
exposure_weighted_age_48h=12
wind_speed_max_next_48h=11
t2m_at_t6h=11
osi_trend_last6h=10
sp_t=10
min_t2m_next_48h=10
pct_water=10
tp_rate_next_24h=10
nbr8_max_last_P_t=10
self_minus_nbr8_mean_last_P_t=10
osi_mean_72h=9
storm_onset_max_osi=9
t2m_at_t48h=9
mslma_t=8
gust_max_next_24h=8
last_D_t=7
cumul_tp_since_onset=7
gust_gt30_since_onset=7
nbr8_mean_last_P_t=7
N_t_mean_72h=6
tree_canopy_pct=6
nbr8_mean_last_D_t=6
max_lull_between_episodes_48h=6
osi_max_72h=5
pre_event_mean_osi=5
gust_mean_next_48h=5
log_customers=5
tp_rate_next_48h=5
nbr8_mean_last_N_t=5
nbr8_max_last_N_t=5
nbr8_mean_gust_max_next_6h=5
R_t_mean_72h=4
pre_event_max_outage_pct=4
gust_trend_last6h_obs=4
dewpoint_c_t=4
min_t2m_next_24h=4
gust_gt30_next_48h=4
wind_speed_at_t6h=4
pct_agriculture=4
nbr8_mean_osi_trend_last6h=4
nbr8_mean_gust_at_t24h=4
nbr8_mean_gust_mean_next_6h=4
nbr8_max_gust_mean_next_6h=4
osi_std_72h=3
gust_max_last6h_obs=3
wind_sin_t=3
t2m_t=3
wind_speed_max_next_6h=3
total_tp_next_6h=3
min_t2m_next_6h=3
gust_max_next_48h=3
pressure_change_3h=3
temp_change_6h=3
gust_at_t6h=3
gust_at_t48h=3
hour_sin=3
pct_developed=3
high_gust_episode_count_48h=3
R_t_max_72h=2
storm_onset_mean_osi=2
hours_since_peak=2
d2m_t=2
tcc_t=2
gust_x_phase=2
wind_speed_max_next_1h=2
min_t2m_next_1h=2
gust_max_next_6h=2
gust_mean_next_6h=2
gust_peak4h_mean_next_24h=2
gust_peak4h_mean_next_48h=2
wind_speed_at_t24h=2
tp_at_t24h=2
rural_urban_code=2
n_utilities=2
pct_forest_classified=2
nbr8_mean_last_R_t=2
nbr8_max_gust_max_next_6h=2
exposure_decay_6h=2
last_R_t=1
last_outage_pct=1
outage_pct_mean_72h=1
N_t_max_72h=1
frac_zero_72h=1
gust_max_obs=1
gust_gt30_obs=1
wind_speed_t=1
r2_t=1
blh_t=1
mcc_t=1
direct_rad_t=1
diffuse_rad_t=1
soil_gust_x_phase=1
total_tp_next_1h=1
gust_gt30_next_24h=1
gust_change_1h=1
pressure_change_6h=1
wind_speed_at_t1h=1
t2m_at_t1h=1
tp_at_t6h=1
gust_at_t24h=1
tp_at_t48h=1
hour_cos=1
pop_density=1
forest_x_customers=1
nbr8_mean_gust_t=1
self_minus_nbr8_mean_gust_at_t24h=1

parameters:
[boosting: gbdt]
[objective: huber]
[metric: rmse]
[tree_learner: serial]
[device_type: cpu]
[data_sample_strategy: bagging]
[data: ]
[valid: ]
[num_iterations: 2000]
[learning_rate: 0.05]
[num_leaves: 31]
[num_threads: 1]
[seed: 42]
[deterministic: 1]
[force_col_wise: 1]
[force_row_wise: 0]
[histogram_pool_size: -1]
[max_depth: -1]
[min_data_in_leaf: 50]
[min_sum_hessian_in_leaf: 0.001]
[bagging_fraction: 0.8]
[pos_bagging_fraction: 1]
[neg_bagging_fraction: 1]
[bagging_freq: 5]
[bagging_seed: 42]
[bagging_by_query: 0]
[feature_fraction: 0.8]
[feature_fraction_bynode: 1]
[feature_fraction_seed: 42]
[extra_trees: 0]
[extra_seed: 12879]
[early_stopping_round: 0]
[early_stopping_min_delta: 0]
[first_metric_only: 0]
[max_delta_step: 0]
[lambda_l1: 0.1]
[lambda_l2: 1]
[linear_lambda: 0]
[min_gain_to_split: 0]
[drop_rate: 0.1]
[max_drop: 50]
[skip_drop: 0.5]
[xgboost_dart_mode: 0]
[uniform_drop: 0]
[drop_seed: 42]
[top_rate: 0.2]
[other_rate: 0.1]
[min_data_per_group: 100]
[max_cat_threshold: 32]
[cat_l2: 10]
[cat_smooth: 10]
[max_cat_to_onehot: 4]
[top_k: 20]
[monotone_constraints: ]
[monotone_constraints_method: basic]
[monotone_penalty: 0]
[feature_contri: ]
[forcedsplits_filename: ]
[refit_decay_rate: 0.9]
[cegb_tradeoff: 1]
[cegb_penalty_split: 0]
[cegb_penalty_feature_lazy: ]
[cegb_penalty_feature_coupled: ]
[path_smooth: 0]
[interaction_constraints: ]
[verbosity: -1]
[saved_feature_importance_type: 0]
[use_quantized_grad: 0]
[num_grad_quant_bins: 4]
[quant_train_renew_leaf: 0]
[stochastic_rounding: 1]
[linear_tree: 0]
[max_bin: 255]
[max_bin_by_feature: ]
[min_data_in_bin: 3]
[bin_construct_sample_cnt: 200000]
[data_random_seed: 42]
[is_enable_sparse: 1]
[enable_bundle: 1]
[use_missing: 1]
[zero_as_missing: 0]
[feature_pre_filter: 1]
[pre_partition: 0]
[two_round: 0]
[header: 0]
[label_column: ]
[weight_column: ]
[group_column: ]
[ignore_column: ]
[categorical_feature: ]
[forcedbins_filename: ]
[precise_float_parser: 0]
[parser_config_file: ]
[objective_seed: 16083]
[num_class: 1]
[is_unbalance: 0]
[scale_pos_weight: 1]
[sigmoid: 1]
[boost_from_average: 1]
[reg_sqrt: 0]
[alpha: 0.9]
[fair_c: 1]
[poisson_max_delta_step: 0.7]
[tweedie_variance_power: 1.5]
[lambdarank_truncation_level: 30]
[lambdarank_norm: 1]
[label_gain: ]
[lambdarank_position_bias_regularization: 0]
[eval_at: ]
[multi_error_top_k: 1]
[auc_mu_weights: ]
[num_machines: 1]
[local_listen_port: 12400]
[time_out: 120]
[machine_list_filename: ]
[machines: ]
[gpu_platform_id: -1]
[gpu_device_id: -1]
[gpu_device_id_list: ]
[gpu_use_dp: 0]
[num_gpu: 1]

end of parameters

pandas_categorical:[]
