tree
version=v4
num_class=1
num_tree_per_iteration=1
label_index=0
max_feature_idx=182
objective=regression
feature_names=last_osi last_P_t last_N_t last_D_t last_R_t last_outage_pct osi_mean_72h osi_max_72h osi_std_72h outage_pct_mean_72h outage_pct_max_72h N_t_mean_72h N_t_max_72h R_t_mean_72h R_t_max_72h pre_event_mean_osi pre_event_max_outage_pct storm_onset_max_osi storm_onset_mean_osi osi_trend_last6h is_worsening frac_zero_72h hours_since_peak gust_mean_obs gust_max_obs gust_gt30_obs gust_gt40_obs cumul_gust_obs gust_last_obs gust_max_last6h_obs gust_trend_last6h_obs gust_t wind_speed_t wind_sin_t wind_cos_t t2m_t d2m_t tp_t rain_t csnow_t sdwe_t r2_t vpd_t soil_moist_t blh_t tcc_t lcc_t mcc_t hcc_t sp_t mslma_t sdswrf_t direct_rad_t diffuse_rad_t et0_t temp_c_t dewpoint_c_t icing_risk_t gust_exceed_30 soil_moist_x_gust is_snowing gust_x_hso gust_x_phase soil_gust_x_phase gust_exceed30_x_hso gust_max_next_1h gust_mean_next_1h wind_speed_max_next_1h total_tp_next_1h min_t2m_next_1h gust_gt30_next_1h gust_gt40_next_1h gust_peak4h_mean_next_1h gust_max_next_6h gust_mean_next_6h wind_speed_max_next_6h total_tp_next_6h min_t2m_next_6h gust_gt30_next_6h gust_gt40_next_6h gust_peak4h_mean_next_6h gust_max_next_24h gust_mean_next_24h wind_speed_max_next_24h total_tp_next_24h min_t2m_next_24h gust_gt30_next_24h gust_gt40_next_24h gust_peak4h_mean_next_24h gust_max_next_48h gust_mean_next_48h wind_speed_max_next_48h total_tp_next_48h min_t2m_next_48h gust_gt30_next_48h gust_gt40_next_48h gust_peak4h_mean_next_48h gust_change_1h gust_change_3h pressure_change_3h pressure_change_6h temp_change_6h wind_change_1h cumul_gust_since_onset cumul_tp_since_onset gust_gt30_since_onset gust_at_t1h wind_speed_at_t1h t2m_at_t1h tp_at_t1h gust_at_t6h wind_speed_at_t6h t2m_at_t6h tp_at_t6h gust_at_t24h wind_speed_at_t24h t2m_at_t24h tp_at_t24h gust_at_t48h wind_speed_at_t48h t2m_at_t48h tp_at_t48h hour_of_day hour_sin hour_cos days_since_onset hours_since_obs storm_phase log_customers rural_urban_code is_metro pop_density n_utilities pct_forest pct_developed pct_agriculture pct_water pct_wetland pct_unmapped pct_forest_classified tree_canopy_pct tree_canopy_std forest_x_customers window_len_next_1h is_full_next_1h tp_rate_next_1h gust_gt30_frac_next_1h has_weather_at_t1h window_len_next_6h is_full_next_6h tp_rate_next_6h gust_gt30_frac_next_6h has_weather_at_t6h window_len_next_24h is_full_next_24h tp_rate_next_24h gust_gt30_frac_next_24h has_weather_at_t24h window_len_next_48h is_full_next_48h tp_rate_next_48h gust_gt30_frac_next_48h has_weather_at_t48h nbr8_mean_last_P_t nbr8_max_last_P_t nbr8_mean_last_N_t nbr8_max_last_N_t nbr8_mean_last_D_t nbr8_max_last_D_t nbr8_mean_last_R_t nbr8_max_last_R_t nbr8_mean_osi_trend_last6h nbr8_max_osi_trend_last6h nbr8_mean_gust_t nbr8_max_gust_t nbr8_mean_gust_at_t1h nbr8_max_gust_at_t1h nbr8_mean_gust_max_next_6h nbr8_max_gust_max_next_6h nbr8_mean_gust_mean_next_6h nbr8_max_gust_mean_next_6h self_minus_nbr8_mean_last_P_t self_minus_nbr8_mean_gust_at_t1h
feature_infos=[0:0.55230000000000001] [0:0.82424180700000005] [0:0.065400654000000003] [0:0.90465771100000003] [0:0.058582058999999999] [0:82.420000000000002] [4.1666666666666669e-06:0.26529999999999998] [0.0001:0.65049999999999997] [1.9982631347136334e-05:0.22470370552747407] [0.00083333333333333328:39.644861111111112] [0.02:100] [3.1208333333333337e-06:0.018623942125000001] [7.4900000000000005e-05:0.37916412199999999] [3.1208333333333337e-06:0.017093115180555556] [7.4900000000000005e-05:0.18675781699999999] [0:0.38653749999999998] [0:100] [0:0.59799999999999998] [0:0.20940416666666664] [-0.055854285714285697:0.019237142857142855] [0:1] [0:0.95833333333333337] [0:71] [14.3125:31.258333333333326] [29.100000000000001:70] [0:35] [0:17] [1030.5:2250.5999999999995] [3.8999999999999999:47.5] [15.6:64.5] [-6.477142857142856:3.3114285714285714] [1.2:46.5] [0.10000000000000001:30.100000000000001] [-0.99999996444944561:0.99999997476699998] [-0.99999915337281864:0.99526325829052742] [269.84122689999998:292.08888889999997] [260.39063490000001:277.3475287] [0:1.2] none [0:0.83999999999999997] [0:0.029999999999999999] [15:90] [0.059999999999999998:1.46] [0.21299999999999999:0.499] [10:2795] [0:100] [0:100] [0:100] [0:100] [897.5:1017.6] [1007.1:1028.5] [0:818] [0:725] [0:373] [0:0.45000000000000001] [-3.3087730999999962:18.938888899999995] [-12.759365099999968:4.1975287000000208] none [0:16.5] [0.40800000000000003:20.459] [0:1] [2.7999999999999998:623.30000000000007] none none [0:137.19999999999996] [1.3999999999999999:46.5] [1.2999999999999998:45.100000000000001] [0.40000000000000002:30.100000000000001] [0:1.2] [269.84122689999998:291.71424239999999] [0:2] none [1.2999999999999998:45.100000000000001] [5.4000000000000004:46.5] [3.9428571428571431:39.657142857142858] [2.1000000000000001:30.100000000000001] [0:3] [269.84122689999998:288.22070710000003] [0:7] [0:3] [4.875:42.800000000000004] [13.5:58.299999999999997] [8.4559999999999995:33.923999999999999] [6.2000000000000002:38] [0:26.899999999999999] [269.84122689999998:285.81909089999999] [0:19] [0:9] [12.5:52.024999999999999] [28.5:58.299999999999997] [15.083673469387753:36.018367346938774] [13.1:38] [0:36.5] [266.22120000000001:282.77648069999998] [0:37] [0:22] [25.75:52.024999999999999] [-17.399999999999999:17.399999999999999] [-25.600000000000001:28.699999999999999] [-4:5.3999999999999773] [-6.3999999999999773:9.8000000000000682] [-9.8627007999999705:14.137159800000006] [-10.399999999999999:13.800000000000001] [372.79999999999995:1375.0999999999999] [0:6.6999999999999993] [0:24] [1.2:46.5] [0.10000000000000001:28.600000000000001] [269.84122689999998:292.08888889999997] [0:1.2] [2.2000000000000002:39.799999999999997] [0.10000000000000001:24.100000000000001] [269.84122689999998:292.08888889999997] [0:2] [2.2999999999999998:58.299999999999997] [0.29999999999999999:38] [269.98722709999998:298.4303941] [0:8.0999999999999996] [7.7999999999999998:53.799999999999997] [2:32.5] [266.22120000000001:294.54554350000001] [0:11.300000000000001] [0:22] [-1:1] [-1:1] none [1:23] none [7.9247959139564355:13.187409269807329] [1:9] [0:1] [8.3691524328166658:3138.2235042681623] [1:11] [2.4399999999999999:88.719999999999999] [2.21:77.180000000000007] [0.080000000000000002:85.829999999999998] [0.01:5.5099999999999998] [0:16.82] [1.9299999999999999:17.02] [2.5641025641025643:95.299005138296707] [2.71:81.680000000000007] [13.6:40.350000000000001] [23.724227923039628:931.73249595386176] none none [0:0.59999999999999998] [0:1] none none none [0:0.42857142857142855] [0:1] none none none [0:1.0759999999999998] [0:0.76000000000000001] none none none [0:0.74489795918367352] [0:0.75510204081632648] none [0:0.34418174637499999] [0:0.82424180700000005] [0:0.019879203625000001] [0:0.065400654000000003] [1.7349999999999998e-05:0.34561596100000003] [0.00010009999999999999:0.90465771100000003] [0:0.018427852874999998] [0:0.058582058999999999] [-0.011978214285714281:0.0097710714285714241] [-0.0018599999999999958:0.019237142857142855] [3.0874999999999995:41.500000000000007] [4.7999999999999998:49.899999999999999] [3.0874999999999995:41.012500000000003] [4.7999999999999998:47.200000000000003] [7.1375000000000002:43.750000000000007] [8.5999999999999996:49.899999999999999] [5.3499999999999996:36.208928571428572] [6.2999999999999998:41.100000000000001] [-0.17830591575000002:0.69092961062500002] [-9.5500000000000007:15.524999999999999]
tree_sizes=1218 1137 1079 1102 1086 1210 883 1187 1205 1203 772 770 771 1111 1208 1230 1236 1234 1258 1237 1178 1203 1404 1207 1504 1205 1095 1408 1336 1195 1212 1307 1334 1327 1252 1110 1195 1285 1537 1567 1020 1412 1541 1426 1501 1745 1198 1618 1981 1846 1921 1988 1779 1489 2056 1806 1814 1896 1695 1998 1973

Tree=0
num_leaves=10
num_cat=0
split_feature=46 77 75 46 15 181 100 93 24
split_gain=0.589004 0.412039 0.0531511 0.0166612 0.0315152 0.00405694 0.0023216 0.001785 0.000553495
threshold=25.000000000000004 271.43985785000007 11.550000000000002 1.0000000180025095e-35 0.004306250000000001 -0.00056251350000000001 7.3500000000000236 277.97582855000007 66.15000000000002
decision_type=2 2 2 2 2 2 2 2 2
left_child=3 -2 -3 6 -5 -4 7 8 -1
right_child=1 2 5 4 -6 -7 -8 -9 -10
leaf_value=0.008353432747556299 0.012363383894033415 0.0099328484201056128 0.008906533911601202 0.0084247900422613226 0.0096891299232935539 0.0084303823443298478 0.0087833032341697297 0.0087825410958061907 0.0086632525654264901
leaf_weight=1800.6859677284956 166.86637336015701 150.70769050717354 61.863760441541672 149.01196262985468 71.80523419380188 96.257025092840195 47.517335563898087 49.602531671524048 61.195547580718994
leaf_count=2062 27 12 75 200 13 61 58 70 48
internal_value=0.00877439 0.0103646 0.0092604 0.0084245 0.00881562 0.0086477 0.00837787 0.00836918 0.00836086
internal_weight=2655.51 475.695 308.828 2179.82 220.817 158.121 1959 1911.48 1861.88
internal_count=2626 175 148 2451 213 136 2238 2180 2110
is_linear=0
shrinkage=1


Tree=1
num_leaves=9
num_cat=0
split_feature=116 111 100 65 16 103 93 24
split_gain=0.503252 0.329164 0.0865111 0.0109981 0.0283536 0.00280802 0.00150777 0.00052331
threshold=275.58524475000007 11.350000000000003 7.900000000000035 26.750000000000004 5.9600000000000009 561.10000000000014 277.97582855000007 66.15000000000002
decision_type=2 2 2 2 2 2 2 2
left_child=1 -1 3 6 -5 -3 7 -2
right_child=2 5 -4 4 -6 -7 -8 -9
leaf_value=0.0033079218026263639 -0.00041121919225905307 -0.0003230773972435575 0.0007151762114341499 -0.00033828839805019395 0.00073661013110324345 0.00013276701108116642 -6.4612194675941577e-06 -0.00011192379686873733
leaf_weight=175.40597236156464 1717.6040631309152 66.265957891941071 206.7206080108881 248.46343456208706 79.31806443631649 48.872580230236053 50.302373290061951 62.560374855995178
leaf_count=44 1967 51 75 292 14 62 71 50
internal_value=-8.43682e-06 0.00194971 -0.000251837 -0.000347063 -6.15226e-05 -8.7057e-05 -0.000395403 -0.000403577
internal_weight=2655.51 290.545 2364.97 2158.25 327.781 115.139 1830.47 1780.16
internal_count=2626 157 2469 2394 306 113 2088 2017
is_linear=0
shrinkage=0.05


Tree=2
num_leaves=9
num_cat=0
split_feature=77 19 73 15 0 140 166 31
split_gain=0.428244 0.437847 0.0348397 0.0487966 0.00261985 0.00179413 0.00150903 0.000717427
threshold=271.58872720000005 0.017289999999999996 28.950000000000003 0.004306250000000001 1.0000000180025095e-35 78.335000000000022 0.010714564500000001 26.750000000000004
decision_type=2 2 2 2 2 2 2 2
left_child=1 6 5 4 -4 7 -1 -2
right_child=2 -3 3 -5 -6 -7 -8 -9
leaf_value=-0.00038462379373125239 -0.0003887314641921409 0.0031102734622956208 0 0.0007106156266524972 -0.00035806613487654313 0 0 -5.606006859410311e-05
leaf_weight=113.43327780067921 1676.9799235910177 204.47402572631836 49.713869750499725 196.74505198001862 255.2741169705987 46.189546823501587 60.202466949820518 52.50114917755127
leaf_count=111 1908 7 71 19 331 66 68 45
internal_value=-7.94533e-06 0.00154612 -0.000268721 9.11019e-05 -0.000293217 -0.000373201 -0.000274472 -0.00038156
internal_weight=2655.51 378.11 2277.4 501.733 304.988 1775.67 173.636 1729.48
internal_count=2626 186 2440 421 402 2019 179 1953
is_linear=0
shrinkage=0.05


Tree=3
num_leaves=9
num_cat=0
split_feature=116 120 100 178 165 133 100 24
split_gain=0.416641 0.282106 0.0675127 0.00708176 0.0193956 0.00148415 0.0015609 0.000358535
threshold=275.58524475000007 284.33063955000006 7.900000000000035 34.45000000000001 0.0073098348750000016 87.745000000000019 7.1999999999999895 66.15000000000002
decision_type=2 2 2 2 2 2 2 2
left_child=1 -1 3 5 -5 6 7 -2
right_child=2 -3 -4 4 -6 -7 -8 -9
leaf_value=-0.00031251517257740373 -0.00037181720654718212 0.0029104563750611719 0.00062386051380596778 -0.00031447384528126551 0.00062005674047301506 0 0 -9.30463655827915e-05
leaf_weight=101.16839647293091 1713.1872014552355 189.37611401081085 206.7206080108881 214.70158833265305 72.354018032550812 50.780901610851288 46.029053263366222 61.195547580718994
leaf_count=97 1967 60 75 242 12 69 56 48
internal_value=-7.68009e-06 0.00177384 -0.000229316 -0.000313601 -6.02274e-05 -0.000349747 -0.00035745 -0.000365077
internal_weight=2655.51 290.545 2364.97 2158.25 287.056 1871.19 1820.41 1774.38
internal_count=2626 157 2469 2394 254 2140 2071 2015
is_linear=0
shrinkage=0.05


Tree=4
num_leaves=9
num_cat=0
split_feature=116 2 99 73 15 66 128 85
split_gain=0.37591 0.259883 0.0615249 0.0120127 0.0288975 0.00224179 0.00176697 0.00120321
threshold=275.58524475000007 0.0067074020000000003 4.3500000000000236 28.950000000000003 0.004306250000000001 32.425000000000004 8.3052971790157155 271.03998875000008
decision_type=2 2 2 2 2 2 2 2
left_child=1 5 3 6 -5 -1 -2 -8
right_child=2 -3 -4 4 -6 -7 7 -9
leaf_value=-0.00038849335037491193 0 0.0028315212794814519 0.00076887236509193876 -0.00030718027819823821 0.00071737070079676757 0 -6.8679044778874914e-05 -0.00035113452260759968
leaf_weight=70.307719528675079 45.191693186759949 182.60404968261719 144.56415686011314 233.20802344381809 96.438493967056274 37.632741272449493 84.672345459461212 1760.8942053690553
leaf_count=99 64 10 32 298 9 48 39 2027
internal_value=-7.36348e-06 0.00168473 -0.000217981 -0.0002848 0 -0.000217589 -0.000333347 -0.000340928
internal_weight=2655.51 290.545 2364.97 2220.4 329.647 107.94 1890.76 1845.57
internal_count=2626 157 2469 2437 307 147 2130 2066
is_linear=0
shrinkage=0.05


Tree=5
num_leaves=10
num_cat=0
split_feature=116 2 99 46 15 100 102 180 27
split_gain=0.488368 0.333044 0.0423392 0.0111185 0.0237184 0.00169829 0.000760842 0.000256114 9.39041e-05
threshold=275.58524475000007 0.0067074020000000003 4.9499999999999895 1.0000000180025095e-35 0.004306250000000001 7.3000000000000123 4.0500000000000007 35.107142857142868 2141.1500000000005
decision_type=2 2 2 2 2 2 2 2 2
left_child=1 7 3 5 -5 6 8 -1 -2
right_child=2 -3 -4 4 -6 -7 -8 -9 -10
leaf_value=-0.00039188071676107133 -0.00033540275492798216 0.0030035590024637434 0.0010062743485306927 -0.00030146602871489251 0.00062220272090068548 0 0 -6.7993878574404122e-06 -0.00010506423368449208
leaf_weight=78.250300943851471 1887.0046029612422 209.9794750213623 63.733096897602081 210.47927920520306 102.52009761333466 44.733947470784187 43.622194640338421 35.024728059768677 69.927235126495361
leaf_count=111 2090 10 8 240 13 55 53 44 56
internal_value=2.79655e-06 0.00182692 -0.00023925 -0.000275442 0 -0.000317894 -0.00032471 -0.000317669 -0.000329784
internal_weight=2745.27 323.255 2422.02 2358.29 312.999 2045.29 2000.55 113.275 1956.93
internal_count=2680 165 2515 2507 253 2254 2199 155 2146
is_linear=0
shrinkage=0.05


Tree=6
num_leaves=7
num_cat=0
split_feature=77 92 165 166 85 128
split_gain=0.42021 0.420539 0.00887743 0.00595182 0.00104228 0.000756013
threshold=271.58872720000005 0.15000000000000005 0.0073098348750000016 0.010714564500000001 271.0818794000001 8.2872536633422964
decision_type=2 2 2 2 2 2
left_child=1 -1 4 -3 -2 -6
right_child=2 3 -4 -5 5 -7
leaf_value=0.0030001676608649675 0 -0.00033415478211663082 -3.5775728859708531e-05 0.00018364889213464059 0 -0.00031929604097289863
leaf_weight=214.59265223890543 58.752165734767914 130.57850933074951 408.61471259593964 82.27227970212698 38.017111659049988 1812.447526678443
leaf_count=23 72 108 60 59 55 2303
internal_value=2.35962e-06 0.00144276 -0.000261623 -0.000110707 -0.000307298 -0.000314382
internal_weight=2745.27 427.443 2317.83 212.851 1909.22 1850.46
internal_count=2680 190 2490 167 2430 2358
is_linear=0
shrinkage=0.05


Tree=7
num_leaves=10
num_cat=0
split_feature=116 111 99 46 165 64 100 102 24
split_gain=0.401449 0.282193 0.0332855 0.00969458 0.0200466 0.00188278 0.00129236 0.000695737 0.000220352
threshold=275.58524475000007 11.550000000000002 4.9499999999999895 1.0000000180025095e-35 0.0097899795625000004 15.600000000000003 7.3000000000000123 4.0500000000000007 66.15000000000002
decision_type=2 2 2 2 2 2 2 2 2
left_child=1 -1 3 6 -5 -3 7 8 -2
right_child=2 5 -4 4 -6 -7 -8 -9 -10
leaf_value=0.0027680774961215812 -0.00030513774267004669 -0.00042088578281500246 0.00088481232367766378 -0.00027554811339479477 0.00056717229809451317 0 0 0 -6.2146361427828107e-05
leaf_weight=206.04886084794998 1894.4605183526874 71.963056206703186 63.733096897602081 207.3921450227499 105.60723179578781 45.242586970329285 44.733947470784187 43.622194640338421 62.471319735050201
leaf_count=47 2101 60 8 238 15 58 55 53 45
internal_value=1.95974e-06 0.00165598 -0.000217323 -0.00024959 0 -0.000263673 -0.000289254 -0.000295215 -0.00029997
internal_weight=2745.27 323.255 2422.02 2358.29 312.999 117.206 2045.29 2000.55 1956.93
internal_count=2680 165 2515 2507 253 118 2254 2199 2146
is_linear=0
shrinkage=0.05


Tree=8
num_leaves=10
num_cat=0
split_feature=116 2 99 73 15 24 133 116 58
split_gain=0.362144 0.261166 0.0301304 0.00872872 0.019334 0.000571682 0.000631235 0.000627227 0.000273329
threshold=275.58524475000007 0.0067074020000000003 4.9499999999999895 28.450000000000003 0.004306250000000001 66.15000000000002 87.745000000000019 277.1670860000001 5.2500000000000009
decision_type=2 2 2 2 2 2 2 2 2
left_child=1 8 3 5 -5 6 7 -2 -1
right_child=2 -3 -4 4 -6 -7 -8 -9 -10
leaf_value=-0.00040355750508150236 0 0.0026153050855400486 0.00084125514796677377 -0.0002392819692083441 0.00056812010475119814 -2.9004561149898835e-05 0 -0.00029447710887509884 -2.0024918536959879e-05
leaf_weight=75.945878148078918 46.725389748811722 209.9794750213623 63.733096897602081 261.91680338233709 102.11515891551971 66.838359534740448 45.699109554290771 1834.9925358816981 37.329150855541229
leaf_count=107 55 10 8 329 12 51 63 1997 48
internal_value=1.64549e-06 0.0015727 -0.000206534 -0.000237315 0 -0.000278443 -0.000284481 -0.000289364 -0.000322202
internal_weight=2745.27 323.255 2422.02 2358.29 364.032 1994.26 1927.42 1881.72 113.275
internal_count=2680 165 2515 2507 341 2166 2115 2052 155
is_linear=0
shrinkage=0.05


Tree=9
num_leaves=10
num_cat=0
split_feature=116 77 99 46 15 32 32 24 93
split_gain=0.326425 0.229136 0.0272806 0.00795766 0.0173519 0.00425385 0.00112556 0.000856103 0.000545965
threshold=275.58524475000007 271.38083970000008 4.9499999999999895 1.0000000180025095e-35 0.004306250000000001 13.950000000000001 17.050000000000004 66.15000000000002 277.97582855000007
decision_type=2 2 2 2 2 2 2 2 2
left_child=1 -1 3 6 -5 -3 7 8 -2
right_child=2 5 -4 4 -6 -7 -8 -9 -10
leaf_value=0.0025015672889984329 -0.0002791483551739643 -0.00047798988298392291 0.00079984219781275515 -0.00025039030811751329 0.00053941376822901868 5.6646280083431524e-05 0 -1.3202620712182972e-05 0
leaf_weight=205.07999187707901 1877.8658080175519 70.56747841835022 63.733096897602081 210.47927920520306 102.52009761333466 47.607033729553223 47.960965268313885 73.118548214435577 46.342658698558807
leaf_count=41 2085 60 8 240 13 64 51 52 66
internal_value=1.20089e-06 0.00149286 -0.000196354 -0.000225723 0 -0.000221986 -0.000261661 -0.000267428 -0.00027448
internal_weight=2745.27 323.255 2422.02 2358.29 312.999 118.175 2045.29 1997.33 1924.21
internal_count=2680 165 2515 2507 253 124 2254 2203 2151
is_linear=0
shrinkage=0.05


Tree=10
num_leaves=6
num_cat=0
split_feature=174 46 24 32 133
split_gain=0.227984 0.0406615 0.00140146 0.000718147 0.000448737
threshold=42.250000000000007 96.500000000000014 66.15000000000002 17.050000000000004 87.745000000000019
decision_type=2 2 2 2 2
left_child=1 2 3 4 -1
right_child=-2 -3 -4 -5 -6
leaf_value=-0.00027397757849345486 0.0015835076560244679 0.00052232942827041878 0 -1.5994779158755547e-05 0
leaf_weight=1981.3286031335592 193.95601806044579 177.30026972293854 76.028499960899353 71.256985194981098 50.783830046653748
leaf_count=2319 56 74 58 76 69
internal_value=-5.69695e-05 -0.000194716 -0.000255555 -0.000263312 -0.000269512
internal_weight=2550.65 2356.7 2179.4 2103.37 2032.11
internal_count=2652 2596 2522 2464 2388
is_linear=0
shrinkage=0.05


Tree=11
num_leaves=6
num_cat=0
split_feature=174 46 24 32 93
split_gain=0.205906 0.0367788 0.00123759 0.000599116 0.00042866
threshold=42.250000000000007 96.500000000000014 66.15000000000002 17.050000000000004 278.04601605000011
decision_type=2 2 2 2 2
left_child=1 2 3 4 -1
right_child=-2 -3 -4 -5 -6
leaf_value=-0.00026025310776588118 0.0015047384503082157 0.00049635942185806371 0 -1.5206100475499731e-05 0
leaf_weight=1984.5241573899984 193.95601806044579 177.30026972293854 76.028499960899353 71.256985194981098 47.588275790214539
leaf_count=2321 56 74 58 76 67
internal_value=-5.41431e-05 -0.000185143 -0.000243081 -0.000250387 -0.000256162
internal_weight=2550.65 2356.7 2179.4 2103.37 2032.11
internal_count=2652 2596 2522 2464 2388
is_linear=0
shrinkage=0.05


Tree=12
num_leaves=6
num_cat=0
split_feature=174 46 24 32 133
split_gain=0.185964 0.0332684 0.00109079 0.000493911 0.000385304
threshold=42.250000000000007 96.500000000000014 66.15000000000002 17.050000000000004 87.745000000000019
decision_type=2 2 2 2 2
left_child=1 2 3 4 -1
right_child=-2 -3 -4 -5 -6
leaf_value=-0.0002475430517680848 0.0014298874130481774 0.00047168063678487807 0 -1.4456321222288845e-05 0
leaf_weight=1981.3286031335592 193.95601806044579 177.30026972293854 76.028499960899353 71.256985194981098 50.783830046653748
leaf_count=2319 56 74 58 76 69
internal_value=-5.14448e-05 -0.000176034 -0.000231212 -0.000238089 -0.000243461
internal_weight=2550.65 2356.7 2179.4 2103.37 2032.11
internal_count=2652 2596 2522 2464 2388
is_linear=0
shrinkage=0.05


Tree=13
num_leaves=9
num_cat=0
split_feature=64 15 99 116 116 21 121 24
split_gain=0.169952 0.190605 0.0316724 0.00319363 0.00137601 0.00138855 0.000824245 7.47004e-05
threshold=19.399999999999995 0.004306250000000001 4.3500000000000236 275.58524475000007 277.05691750000005 0.39583333333333343 3.6500000000000008 66.15000000000002
decision_type=2 2 2 2 2 2 2 2
left_child=2 -2 3 -1 5 -5 7 -6
right_child=1 -3 -4 4 6 -7 -8 -9
leaf_value=-0.00055874118806328681 -0.00023291797973962341 0.0026300380636856847 0.00051222894234121557 0.00017385562545507095 -0.0002295236067895641 -0.0001932325640911039 0 -2.674946498048204e-05
leaf_weight=88.195739269256592 107.07178181409836 118.67745018005371 149.99485549330711 44.85342675447464 1881.086103849113 54.851434856653214 44.591587334871292 61.331826567649841
leaf_count=85 135 5 37 43 2171 69 59 48
internal_value=-4.8887e-05 0.00125506 -0.000178136 -0.000228259 -0.000211635 0 -0.000220831 -0.000225711
internal_weight=2550.65 225.749 2324.9 2174.91 2086.71 99.7049 1987.01 1942.42
internal_count=2652 140 2512 2475 2390 112 2278 2219
is_linear=0
shrinkage=0.05


Tree=14
num_leaves=10
num_cat=0
split_feature=64 15 55 174 33 15 69 85 91
split_gain=0.15329 0.17241 0.0205774 0.00321164 0.00208637 0.0046317 0.000723014 0.000394267 7.43233e-05
threshold=19.399999999999995 0.004306250000000001 -1.05226429999999 43.650000000000013 -0.98425775446075325 0.0025010416666666675 272.21336550000007 271.03998875000008 15.050000000000002
decision_type=2 2 2 2 2 2 2 2 2
left_child=2 -2 -1 4 5 -4 -6 -8 -9
right_child=1 -3 3 -5 6 -7 7 8 -10
leaf_value=0.00039057879754750193 -0.00022137983801637286 0.0024996348975860421 -0.0001865071422599809 -0.00064520715882694256 0 0.00038701513710238142 -9.369121325668043e-06 0 -0.00022437663403777701
leaf_weight=146.57673899829388 107.07178181409836 118.67745018005371 124.07863372564316 50.655132353305817 46.108531899750233 47.259924463927746 72.492695510387421 44.091197490692139 1793.6421196833253
leaf_count=78 135 5 160 23 45 25 48 55 2078
internal_value=-4.65071e-05 0.00119174 -0.000169351 -0.000209484 -0.000196464 0 -0.000211285 -0.000216019 -0.000221442
internal_weight=2550.65 225.749 2324.9 2178.33 2127.67 171.339 1956.33 1910.23 1837.73
internal_count=2652 140 2512 2434 2411 185 2226 2181 2133
is_linear=0
shrinkage=0.05


Tree=15
num_leaves=10
num_cat=0
split_feature=64 2 99 61 92 174 21 100 24
split_gain=0.255903 0.190969 0.0375267 0.00401126 0.0127653 0.00276997 0.00175073 0.00165665 0.000783843
threshold=18.099999999999994 0.048280649000000009 4.3500000000000236 289.85000000000008 2.5500000000000012 44.100000000000009 0.12500000000000003 4.3500000000000236 66.15000000000002
decision_type=2 2 2 2 2 2 2 2 2
left_child=2 7 3 5 -5 6 -1 -2 -8
right_child=1 -3 -4 4 -6 -7 8 -9 -10
leaf_value=2.14786491834425e-05 0.00016145928364682231 0.0027123215687871157 0.00055796395120808818 0.0004226658602481619 -0.00019719400804719188 -0.00063690189805634808 -0.00021436684439039963 -0.00021684315181338994 0
leaf_weight=46.103380024433136 40.569590389728546 146.05287551879883 182.29612350463867 108.67738714814186 325.98748469352722 47.731078445911407 1687.3957713469863 65.488189220428467 62.379058957099915
leaf_count=53 52 5 35 29 338 17 1958 87 47
internal_value=2.99947e-05 0.00154537 -0.000123804 -0.000180771 -3.0122e-05 -0.000213543 -0.00019916 -2.52734e-05 -0.000207838
internal_weight=2712.68 252.111 2460.57 2278.27 434.665 1843.61 1795.88 106.058 1749.77
internal_count=2621 144 2477 2442 367 2075 2058 139 2005
is_linear=0
shrinkage=0.05


Tree=16
num_leaves=10
num_cat=0
split_feature=64 15 99 61 160 174 1 21 24
split_gain=0.231093 0.183309 0.0339114 0.00361924 0.0115349 0.00249761 0.00188748 0.00160519 0.000682552
threshold=18.099999999999994 0.004306250000000001 4.3500000000000236 289.85000000000008 0.052040816326530619 43.650000000000013 0.00019877250000000004 0.12500000000000003 66.15000000000002
decision_type=2 2 2 2 2 2 2 2 2
left_child=2 6 3 5 -5 7 -2 -1 -9
right_child=1 -3 -4 4 -6 -7 -8 8 -10
leaf_value=2.0427527378994827e-05 9.724806238087789e-05 0.0025958723572321522 0.00053021794517290938 0.00040172526088114147 -0.00018736445938497654 -0.00057021442280849718 -0.00028136375221595535 -0.00020251463113572351 0
leaf_weight=46.103380024433136 38.92817211151123 147.88802528381348 182.29612350463867 108.67738714814186 325.98748469352722 57.670966625213623 65.294457733631134 1677.4558831676841 62.379058957099915
leaf_count=53 54 6 35 29 338 25 84 1950 47
internal_value=2.85073e-05 0.00146862 -0.000117553 -0.000171788 -2.80162e-05 -0.000202941 -9.285e-05 -0.00018797 -0.000196373
internal_weight=2712.68 252.111 2460.57 2278.27 434.665 1843.61 104.223 1785.94 1739.83
internal_count=2621 144 2477 2442 367 2075 138 2050 1997
is_linear=0
shrinkage=0.05


Tree=17
num_leaves=10
num_cat=0
split_feature=64 2 99 61 2 58 21 100 24
split_gain=0.208682 0.155504 0.0306455 0.00326547 0.0106371 0.00226425 0.00150052 0.00142233 0.000612032
threshold=18.099999999999994 0.048280649000000009 4.3500000000000236 289.85000000000008 0.048280649000000009 8.1500000000000039 0.12500000000000003 4.3500000000000236 66.15000000000002
decision_type=2 2 2 2 2 2 2 2 2
left_child=2 7 3 5 -5 6 -1 -2 -8
right_child=1 -3 -4 4 -6 -7 8 -9 -10
leaf_value=1.9427831256720909e-05 0.00015288182267388214 0.0024487168421933533 0.00050385168644674877 -0.00018654501505611343 0.00036608335954625378 -0.00059363990740798434 -0.00019371607640346279 -0.00019834096645814363 0
leaf_weight=46.103380024433136 40.569590389728546 146.05287551879883 182.29612350463867 317.82257142663002 116.84230041503906 44.578199684619904 1690.5486501082778 65.488189220428467 62.379058957099915
leaf_count=53 52 5 35 363 4 22 1953 87 47
internal_value=2.70904e-05 0.00139567 -0.000111613 -0.000163253 -2.60169e-05 -0.000192866 -0.000179834 -1.71132e-05 -0.000187933
internal_weight=2712.68 252.111 2460.57 2278.27 434.665 1843.61 1799.03 106.058 1752.93
internal_count=2621 144 2477 2442 367 2075 2053 139 2000
is_linear=0
shrinkage=0.05


Tree=18
num_leaves=10
num_cat=0
split_feature=64 15 46 100 52 66 106 1 25
split_gain=0.18845 0.15016 0.0278176 0.00664595 0.00236591 0.00211323 0.00330447 0.00169379 0.000138217
threshold=18.099999999999994 0.004306250000000001 99.500000000000014 8.4000000000000359 678.50000000000011 35.975000000000009 28.850000000000005 0.00019877250000000004 30.500000000000004
decision_type=2 2 2 2 2 2 2 2 2
left_child=2 7 3 4 5 6 8 -2 -1
right_child=1 -3 -4 -5 -6 -7 -8 -9 -10
leaf_value=-0.00018333947693638082 9.4374958187813207e-05 0.0023467517475773991 0.00054836572555471861 0.00028199527899379828 0.00012563381834496977 -0.00054391596050337753 7.9797954119872745e-05 -0.00026330238533091912 -3.1408710945425837e-06
leaf_weight=1969.3594459146261 38.92817211151123 147.88802528381348 148.34499043226242 76.455968722701073 46.793875157833099 49.348609209060669 102.33778455108404 65.294457733631134 67.929610133171082
leaf_count=2230 54 6 36 29 19 21 90 84 52
internal_value=2.57429e-05 0.00132636 -0.000105972 -0.000150333 -0.000167472 -0.000176075 -0.000165005 -8.25608e-05 -0.000179789
internal_weight=2712.68 252.111 2460.57 2312.23 2235.77 2188.98 2139.63 104.223 2037.29
internal_count=2621 144 2477 2441 2412 2393 2372 138 2282
is_linear=0
shrinkage=0.05


Tree=19
num_leaves=10
num_cat=0
split_feature=64 15 99 61 2 174 1 173 24
split_gain=0.170137 0.135604 0.0251828 0.00279556 0.00919545 0.00186308 0.00154655 0.00151366 0.000374177
threshold=18.099999999999994 0.004306250000000001 4.3500000000000236 289.85000000000008 0.048280649000000009 43.650000000000013 0.00019877250000000004 30.668750000000003 66.15000000000002
decision_type=2 2 2 2 2 2 2 2 2
left_child=2 6 3 5 -5 7 -2 8 -1
right_child=1 -3 -4 4 -6 -7 -8 -9 -10
leaf_value=-0.00017406136654020193 8.9774408715733619e-05 0.0022302022742414014 0.0004568618413788542 -0.00016987136950827981 0.00034416567965513795 -0.00049753373949820061 -0.00025033585204582947 5.7945350420222497e-05 0
leaf_weight=1684.6686240285635 38.92817211151123 147.88802528381348 182.29612350463867 317.82257142663002 116.84230041503906 57.670966625213623 65.294457733631134 42.257670439779758 59.012027680873871
leaf_count=1956 54 6 35 363 4 25 84 49 45
internal_value=2.45936e-05 0.00126047 -0.000100464 -0.000147433 -1.97435e-05 -0.000174801 -7.61372e-05 -0.000161309 -0.000169518
internal_weight=2712.68 252.111 2460.57 2278.27 434.665 1843.61 104.223 1785.94 1743.68
internal_count=2621 144 2477 2442 367 2075 138 2050 2001
is_linear=0
shrinkage=0.05


Tree=20
num_leaves=10
num_cat=0
split_feature=46 67 100 80 175 24 140 100 91
split_gain=0.124754 0.0111922 0.00423867 0.00191721 0.0024388 0.000842099 0.000583496 0.000205572 2.07913e-05
threshold=99.500000000000014 22.500000000000004 8.4000000000000359 37.187500000000007 31.643750000000001 66.15000000000002 78.335000000000022 7.5999999999999668 15.050000000000002
decision_type=2 2 2 2 2 2 2 2 2
left_child=1 2 3 4 5 6 7 8 -1
right_child=-2 -3 -4 -5 -6 -7 -8 -9 -10
leaf_value=0 0.0010692680411282119 0.00061238750835662854 0.00017350781084892554 -0.00051857521596273984 0.00012148915291602778 0 0 0 -0.00017055791264673192
leaf_weight=46.793352723121643 240.88127654790878 47.107908546924591 87.118896976113319 45.761318504810333 61.226011425256729 69.158158421516418 43.390180349349976 41.94689504057169 1888.792710646987
leaf_count=57 82 20 31 23 73 54 62 53 2225
internal_value=-9.47078e-06 -0.000123486 -0.000141112 -0.000155935 -0.000145661 -0.000155932 -0.000161826 -0.000165829 -0.000168405
internal_weight=2572.18 2331.3 2284.19 2197.07 2151.31 2090.08 2020.92 1977.53 1935.59
internal_count=2680 2598 2578 2547 2524 2451 2397 2335 2282
is_linear=0
shrinkage=0.05


Tree=21
num_leaves=10
num_cat=0
split_feature=46 107 100 102 175 174 24 128 100
split_gain=0.112608 0.00975984 0.00393666 0.00234799 0.00216721 0.00199613 0.000692767 0.000605418 0.00023991
threshold=99.500000000000014 20.550000000000004 8.4000000000000359 -4.1499999999999986 21.206250000000001 43.650000000000013 66.15000000000002 8.2872536633422964 7.5999999999999668
decision_type=2 2 2 2 2 2 2 2 2
left_child=1 2 3 4 -1 6 7 -5 -9
right_child=-2 -3 -4 5 -6 -7 -8 8 -10
leaf_value=-5.9812241529364972e-05 0.0010160256297897879 0.00054187267858674484 0.00016907500983873706 0 0.00041402353428961544 -0.0005080706808884717 0 -0.00015989237016440159 0
leaf_weight=41.855017632246017 240.88127654790878 50.964734733104706 86.622029170393944 37.882071137428284 32.961893551051617 51.171957015991211 63.379067480564117 1922.7101248726249 43.748537041246891
leaf_count=62 82 25 30 55 42 26 51 2254 53
internal_value=-8.75357e-06 -0.000117173 -0.000134325 -0.000148655 8.57034e-05 -0.000159325 -0.000148036 -0.000153203 -0.000157138
internal_weight=2572.18 2331.3 2280.33 2193.71 74.8169 2118.89 2067.72 2004.34 1966.46
internal_count=2680 2598 2573 2543 104 2439 2413 2362 2307
is_linear=0
shrinkage=0.05


Tree=22
num_leaves=12
num_cat=0
split_feature=46 67 100 102 175 73 24 128 61 91 91
split_gain=0.101642 0.0092994 0.0035059 0.00224054 0.00218174 0.00156092 0.00063692 0.000562667 0.000237887 0.000122799 8.82291e-05
threshold=99.500000000000014 22.500000000000004 8.4000000000000359 -4.1499999999999986 21.681250000000002 39.500000000000007 66.15000000000002 8.2872536633422964 27.350000000000005 14.950000000000001 27.600000000000005
decision_type=2 2 2 2 2 2 2 2 2 2 2
left_child=1 2 3 4 -1 6 7 -5 10 -10 -9
right_child=-2 -3 -4 5 -6 -7 -8 8 9 -11 -12
leaf_value=-6.0543450965798781e-05 0.00096543440428631963 0.00055808036747792566 0.00015646795724884042 0 0.0004098930489801506 -0.00047789275276167867 0 -6.0600714037793128e-05 0 -0.00015739883758066747 0
leaf_weight=43.109686940908432 240.88127654790878 47.107908546924591 87.118896976113319 37.882071137428284 33.836787931621075 48.071424603462219 63.379067480564117 59.353268027305603 46.639122128486633 1828.8201468959451 35.977051965892315
leaf_count=64 82 20 31 55 43 26 51 85 56 2126 41
internal_value=-8.06806e-06 -0.00011117 -0.000127398 -0.000140995 8.47864e-05 -0.000151583 -0.000141374 -0.000146319 -0.000150113 -0.000154903 -3.33488e-06
internal_weight=2572.18 2331.3 2284.19 2197.07 76.9465 2120.12 2072.05 2008.67 1970.79 1875.46 95.3303
internal_count=2680 2598 2578 2547 107 2440 2414 2363 2308 2182 126
is_linear=0
shrinkage=0.05


Tree=23
num_leaves=10
num_cat=0
split_feature=46 67 100 102 43 116 121 112 102
split_gain=0.0917538 0.00842901 0.00319347 0.00201211 0.00207104 0.00166845 0.000583286 0.000461842 0.000271583
threshold=99.500000000000014 22.500000000000004 8.4000000000000359 -4.1499999999999986 0.35650000000000004 275.58524475000007 3.8500000000000001 271.82720710000007 4.1000000000000014
decision_type=2 2 2 2 2 2 2 2 2
left_child=1 2 3 4 -1 -5 7 -7 -9
right_child=-2 -3 -4 5 -6 6 -8 8 -10
leaf_value=-7.3478844850170797e-05 0.00091736223915289336 0.00053075636350252762 0.00014873334802450344 -0.00038318291797499276 0.00038334848400278202 0 0 -0.00014199575888761335 0
leaf_weight=41.068803437054157 240.88127654790878 47.107908546924591 87.118896976113319 91.240721225738525 35.877671435475349 56.220058090984821 44.512256130576134 1884.0292844325304 44.11983235925436
leaf_count=65 82 20 31 89 42 51 59 2188 53
internal_value=-7.47175e-06 -0.000105526 -0.000121063 -0.000134099 7.75639e-05 -0.000144171 -0.000130776 -0.000134982 -0.000139103
internal_weight=2572.18 2331.3 2284.19 2197.07 76.9465 2120.12 2028.88 1984.37 1928.15
internal_count=2680 2598 2578 2547 107 2440 2351 2292 2241
is_linear=0
shrinkage=0.05


Tree=24
num_leaves=13
num_cat=0
split_feature=108 103 67 100 102 141 174 128 32 164 91 25
split_gain=0.0830796 0.0699399 0.00709616 0.00257098 0.00169842 0.00179299 0.00160803 0.000480045 0.000446901 0.000429194 5.98761e-05 6.37659e-06
threshold=272.13539065000003 766.5 22.500000000000004 8.4000000000000359 -4.1499999999999986 33.720000000000006 43.650000000000013 8.2872536633422964 15.65 0.17527057350000003 15.050000000000002 30.500000000000004
decision_type=2 2 2 2 2 2 2 2 2 2 2 2
left_child=1 -1 3 4 5 -2 7 -6 10 -10 -9 -12
right_child=2 -3 -4 -5 6 -7 -8 8 9 -11 11 -13
leaf_value=0.0018706089169184818 -7.2042983630725915e-05 0.00011115806685397636 0.00047234337946982607 7.8495594291605239e-05 0 0.00036013197551331436 -0.00045153980687648223 0 -0.00010825013778253254 8.9821374129293456e-05 -0.0001408751557271754 0
leaf_weight=101.11633348464966 39.575122751295567 141.5150630697608 48.531467914581299 128.83308334648609 37.882071137428284 34.300219938158989 51.945137530565262 48.90813273191452 60.551125347614288 42.595541067421436 1790.2893554270267 46.134055435657501
leaf_count=17 55 84 22 44 55 50 27 60 85 41 2100 40
internal_value=-6.83413e-06 0.000869598 -0.000100597 -0.00011518 -0.000129127 6.39675e-05 -0.000138423 -0.000127711 -0.00013124 0 -0.00013696 -0.000139064
internal_weight=2572.18 242.631 2329.55 2281.01 2152.18 73.8753 2078.31 2026.36 1988.48 103.147 1885.33 1836.42
internal_count=2680 101 2579 2557 2513 105 2408 2381 2326 126 2200 2140
is_linear=0
shrinkage=0.05


Tree=25
num_leaves=10
num_cat=0
split_feature=19 99 104 96 140 23 101 35 112
split_gain=0.0993816 0.00236857 0.00112656 0.00229172 0.00113554 0.000204213 0.000206292 0.000129738 4.64821e-05
threshold=0.017289999999999996 3.8500000000000232 3.8000000000000007 37.250000000000007 78.335000000000022 31.140277777777779 -6.373610150000018 274.86601275000004 276.38135910000011
decision_type=2 2 2 2 2 2 2 2 2
left_child=1 2 4 -4 5 6 8 -3 -1
right_child=-2 7 3 -5 -6 -7 -8 -9 -10
leaf_value=0 0.00067438637927871815 -0.00046679502439952981 0.00025898834045734909 -0.00016618114517213934 7.0251368821364565e-05 0 -0.00013768669787875715 -8.6070615581834755e-05 -4.5633557467412322e-05
leaf_weight=40.208068855106831 467.36920166015625 71.758330971002579 58.184078335762024 62.714105486869812 39.890972256660461 45.870095729827881 1710.8101678192616 42.164767369627953 54.802882373332977
leaf_count=50 16 78 77 65 57 18 2197 46 79
internal_value=1.32974e-05 -0.000129904 -0.000113574 0 -0.000123334 -0.000130239 -0.000132949 -0.000371365 0
internal_weight=2593.77 2126.4 2012.48 120.898 1891.58 1851.69 1805.82 113.923 95.011
internal_count=2683 2667 2543 142 2401 2344 2326 124 129
is_linear=0
shrinkage=0.05


Tree=26
num_leaves=9
num_cat=0
split_feature=116 2 100 93 112 16 23 91
split_gain=0.0991752 0.0119779 0.00196528 0.000991086 0.00090641 0.00137025 0.000100145 0.000160643
threshold=274.50401155000003 0.048280649000000009 7.900000000000035 278.04601605000011 272.83730550000007 1.0750000000000004 31.140277777777779 14.850000000000003
decision_type=2 2 2 2 2 2 2 2
left_child=-1 2 3 4 5 -2 7 -6
right_child=1 -3 -4 -5 6 -7 -8 -9
leaf_value=0.0010495313442464873 -0.00013060967006147357 0.00019974739145450318 -0.00039945000689703002 5.69991818023242e-05 0 0.00024490246476342753 0 -0.00012909726512180426
leaf_weight=211.31438159942627 49.622597545385361 321.31632614135742 75.528915703296661 45.421730875968933 36.470369040966034 41.717140361666679 43.321757078170776 1769.0594525113702
leaf_count=92 75 11 82 64 42 31 17 2269
internal_value=1.2383e-05 -7.79118e-05 -0.000123697 -0.000110496 -0.00011702 0 -0.000124879 -0.000126915
internal_weight=2593.77 2382.46 2061.14 1985.61 1940.19 91.3397 1848.85 1805.53
internal_count=2683 2591 2580 2498 2434 106 2328 2311
is_linear=0
shrinkage=0.05


Tree=27
num_leaves=12
num_cat=0
split_feature=64 15 35 116 14 100 61 100 59 91 23
split_gain=0.104206 0.115035 0.00957776 0.00279791 0.00259185 0.00594991 0.00145986 0.00088735 0.000467878 0.000161722 0.000121582
threshold=19.399999999999995 0.004306250000000001 271.59223405000006 275.08929600000005 0.061309237500000009 4.4500000000000464 305.9500000000001 8.4000000000000359 13.253950000000001 14.850000000000003 31.140277777777779
decision_type=2 2 2 2 2 2 2 2 2 2 2
left_child=2 6 -1 -4 7 -6 -2 8 9 -5 -11
right_child=1 -3 3 4 5 -7 -8 -9 -10 10 -12
leaf_value=0.00033144702431443579 -0.00028395760716788969 0.0021048466102148188 -0.00043844579630796161 0 -0.0001417842714016222 0.00022343876846760139 1.225099853270839e-05 -0.00041323743115187663 0 -0.00012335396470031769 0
leaf_weight=124.81208033114672 65.20273745059967 118.67745018005371 70.117517650127411 34.89115834236145 265.1432246118784 189.77787719666958 38.442933201789856 38.563536882400513 38.166363149881363 1564.1076961308718 45.870095729827881
leaf_count=38 83 5 60 41 64 53 54 36 36 2195 18
internal_value=1.17329e-05 0.00104596 -8.35183e-05 -0.000108933 -9.58255e-05 0 -0.000127244 -0.000123972 -0.000114134 -0.000118487 -0.000120807
internal_weight=2593.77 222.323 2371.45 2246.64 2176.52 454.921 103.646 1721.6 1683.04 1644.87 1609.98
internal_count=2683 142 2541 2503 2443 117 137 2326 2290 2254 2213
is_linear=0
shrinkage=0.05


Tree=28
num_leaves=11
num_cat=0
split_feature=64 15 55 116 134 34 100 116 119 121
split_gain=0.0941369 0.103892 0.00867475 0.00250758 0.00241469 0.00154277 0.000710407 0.000802804 8.49864e-05 3.87904e-05
threshold=19.399999999999995 0.004306250000000001 -1.5577659499999752 275.08929600000005 3.6600000000000006 0.23316613090957553 7.6999999999999895 277.05691750000005 26.550000000000004 3.7500000000000004
decision_type=2 2 2 2 2 2 2 2 2 2
left_child=2 5 -1 -4 -5 -2 7 -6 9 -9
right_child=1 -3 3 4 6 -7 -8 8 -10 -11
leaf_value=0.00031500640894294092 -0.00029185062124636058 0.0020004836255729124 -0.00041683172182162991 2.8826419265560117e-05 4.5981654299716681e-06 1.8430550336027297e-05 -0.00029844914717505388 -0.00011395472524268837 0 0
leaf_weight=124.81208033114672 61.396537780761719 118.67745018005371 70.117517650127411 295.29075384140015 78.311999171972275 42.249132871627808 77.230163358151913 1616.2175451740623 62.094687521457672 47.374802976846695
leaf_count=38 78 5 60 89 89 59 89 2064 59 53
internal_value=1.09946e-05 0.000994073 -7.94415e-05 -0.00010371 -9.11398e-05 -0.000118623 -0.000112632 -0.000101746 -0.000109468 -0.000112062
internal_weight=2593.77 222.323 2371.45 2246.64 2176.52 103.646 1881.23 1804 1725.69 1663.59
internal_count=2683 142 2541 2503 2443 137 2354 2265 2176 2117
is_linear=0
shrinkage=0.05


Tree=29
num_leaves=10
num_cat=0
split_feature=116 2 99 93 59 27 91 120 101
split_gain=0.0729004 0.00950944 0.00175959 0.000898287 0.000737806 0.000249896 0.000179678 0.000221571 2.48889e-07
threshold=274.50401155000003 0.048280649000000009 4.3000000000000123 278.04601605000011 14.455000000000004 2242.0999999999999 14.550000000000002 290.78176260000004 -4.8108511000000069
decision_type=2 2 2 2 2 2 2 2 2
left_child=-1 2 3 4 5 6 -2 -8 -9
right_child=1 -3 -4 -5 -6 -7 7 8 -10
leaf_value=0.00089982495104192969 0 0.00018013302904021399 -0.00043319696717452488 6.3975270390149056e-05 2.3905637478700445e-05 0 -0.0001181679860952053 0 -4.1016304520714673e-06
leaf_weight=211.31438159942627 35.070441067218781 321.31632614135742 48.688841968774796 45.421730875968933 45.799483478069305 50.96677303314209 1754.5154053792357 44.693750858306885 35.985536456108093
leaf_count=92 40 11 43 64 43 20 2269 52 49
internal_value=1.03777e-05 -6.67592e-05 -0.000107741 -9.71727e-05 -0.000103465 -0.000109113 -0.000112089 -0.00011423 0
internal_weight=2593.77 2382.46 2061.14 2012.45 1967.03 1921.23 1870.27 1835.19 80.6793
internal_count=2683 2591 2580 2537 2473 2430 2410 2370 101
is_linear=0
shrinkage=0.05


Tree=30
num_leaves=10
num_cat=0
split_feature=64 15 116 134 116 13 100 24 14
split_gain=0.0814596 0.087718 0.00562667 0.00541503 0.000651146 0.0005622 0.000393809 7.99233e-05 4.73305e-05
threshold=18.099999999999994 0.004306250000000001 275.58524475000007 3.6600000000000006 277.05691750000005 0.0012255564166666669 7.5999999999999668 66.15000000000002 0.00037453650000000008
decision_type=2 2 2 2 2 2 2 2 2
left_child=2 -2 -1 -4 5 -5 7 8 -6
right_child=1 -3 3 4 6 -7 -8 -9 -10
leaf_value=-0.00046524171030223795 -0.00020975315081762683 0.0016328599783585599 0.0001168094071940607 -8.2495230305929643e-05 0 0.00014692037567410346 -0.00028848638866518181 0 -0.00010189027417988729
leaf_weight=96.562626361846924 105.09382027387619 149.72317504882812 320.9346090555191 51.69544592499733 49.585241913795471 47.499138675630093 57.134629435837269 60.877952694892883 1611.4153849929571
leaf_count=94 139 7 84 74 71 31 63 45 2030
internal_value=7.398e-06 0.000855519 -8.48956e-05 -6.57185e-05 -9.96138e-05 0 -0.000106726 -9.76286e-05 -0.000100004
internal_weight=2550.52 254.817 2295.71 2199.14 1878.21 99.1946 1779.01 1721.88 1661
internal_count=2638 146 2492 2398 2314 105 2209 2146 2101
is_linear=0
shrinkage=0.05


Tree=31
num_leaves=11
num_cat=0
split_feature=64 11 59 59 46 31 133 21 34 119
split_gain=0.073437 0.0707487 0.00331174 0.0108861 0.0028382 0.00248347 0.000908713 0.000301727 0.000138267 1.94294e-05
threshold=18.099999999999994 0.0026297554444444449 9.7271000000000019 8.7050500000000017 98.500000000000014 23.550000000000004 87.745000000000019 0.40972222222222227 0.22814937383292408 26.850000000000005
decision_type=2 2 2 2 2 2 2 2 2 2
left_child=2 8 3 6 7 -5 9 -4 -2 -1
right_child=1 -3 4 5 -6 -7 -8 -9 -10 -11
leaf_value=-0.00010495387202012928 -0.00028754876262595169 0.0014697794342191422 0 0.00047696097151290855 -0.00057757744899941232 5.2350506712350076e-05 6.2799798801738032e-05 -0.0001644489866040689 0 0
leaf_weight=1732.0228675380349 50.74971741437912 157.14285403490067 51.653332769870758 98.145733177661896 60.959256112575531 100.41361422836781 47.68728768825531 150.83115541189909 46.92442387342453 53.991782128810883
leaf_count=2037 69 12 68 18 33 90 65 132 65 49
internal_value=6.67216e-06 0.000812044 -8.08595e-05 -5.59735e-05 -0.000252991 0.000288624 -9.61499e-05 -0.000128342 -0.000199651 -0.000103225
internal_weight=2550.52 254.817 2295.71 2032.26 263.444 198.559 1833.7 202.484 97.6741 1786.01
internal_count=2638 146 2492 2259 233 108 2151 200 134 2086
is_linear=0
shrinkage=0.05


Tree=32
num_leaves=11
num_cat=0
split_feature=64 15 116 134 116 13 59 25 34 14
split_gain=0.0660107 0.0728626 0.00480874 0.00452576 0.000584881 0.000519051 0.000252252 7.19874e-05 6.69658e-05 1.98505e-05
threshold=18.099999999999994 0.004306250000000001 275.58524475000007 3.6600000000000006 277.05691750000005 0.0012255564166666669 10.294000000000002 30.500000000000004 0.22814937383292408 0.00037453650000000008
decision_type=2 2 2 2 2 2 2 2 2 2
left_child=2 8 -1 -4 5 -5 7 9 -2 -6
right_child=1 -3 3 4 6 -7 -8 -9 -10 -11
leaf_value=-0.00042880894293683574 -0.00027350044892274623 0.0014787572757736954 0.00010746988391471746 -7.2693124982859664e-05 0 0.00014496267796197554 -0.00021246231610903311 0 -4.1979203101827646e-06 -9.0185708962910966e-05
leaf_weight=96.562626361846924 56.620578527450562 149.72317504882812 320.9346090555191 51.69544592499733 47.499609768390656 47.499138675630093 105.67639166116714 61.696645319461823 48.473241746425629 1564.1405622884631
leaf_count=94 71 7 84 74 68 31 96 46 68 1999
internal_value=6.09132e-06 0.000769754 -7.67943e-05 -5.88772e-05 -9.00041e-05 0 -9.68175e-05 -8.64054e-05 -0.000197626 -8.86742e-05
internal_weight=2550.52 254.817 2295.71 2199.14 1878.21 99.1946 1779.01 1673.34 105.094 1611.64
internal_count=2638 146 2492 2398 2314 105 2209 2113 139 2067
is_linear=0
shrinkage=0.05


Tree=33
num_leaves=11
num_cat=0
split_feature=64 15 116 134 116 13 100 24 91 34
split_gain=0.0593492 0.0661386 0.00432853 0.00410675 0.000530389 0.000469443 0.000314209 5.62223e-05 5.69978e-05 2.33841e-05
threshold=18.099999999999994 0.004306250000000001 275.58524475000007 3.6600000000000006 277.05691750000005 0.0012255564166666669 7.5999999999999668 66.15000000000002 15.250000000000002 0.22814937383292408
decision_type=2 2 2 2 2 2 2 2 2 2
left_child=2 9 -1 -4 5 -5 7 8 -6 -2
right_child=1 -3 3 4 6 -7 -8 -9 -10 -11
leaf_value=-0.00040758824889818826 -0.00026006275711964034 0.0014053099865932554 0.00010211308782257436 -6.9127444032583777e-05 0 0.00013786399319845664 -0.00025764010102796942 0 -8.7340050093532472e-05 -3.9922685416574229e-06
leaf_weight=96.562626361846924 56.620578527450562 149.72317504882812 320.9346090555191 51.69544592499733 43.116659700870514 47.499138675630093 57.134629435837269 60.877952694892883 1617.8839672058821 48.473241746425629
leaf_count=94 71 7 84 74 53 31 63 45 2048 68
internal_value=5.33861e-06 0.000729546 -7.31521e-05 -5.60161e-05 -8.57367e-05 0 -9.22244e-05 -8.36872e-05 -8.57009e-05 -0.000190232
internal_weight=2550.52 254.817 2295.71 2199.14 1878.21 99.1946 1779.01 1721.88 1661 105.094
internal_count=2638 146 2492 2398 2314 105 2209 2146 2101 139
is_linear=0
shrinkage=0.05


Tree=34
num_leaves=11
num_cat=0
split_feature=64 15 83 13 46 61 83 89 22 14
split_gain=0.0533449 0.0600488 0.00402331 0.0150336 0.0034676 0.000344352 0.000349986 9.43118e-05 8.4036e-05 1.2917e-05
threshold=18.099999999999994 0.004306250000000001 13.950000000000001 0.0040352463333333342 98.500000000000014 29.650000000000002 14.65 54.300000000000004 1.5000000000000002 0.0020423485000000004
decision_type=2 2 2 2 2 2 2 2 2 2
left_child=2 9 3 -1 5 -4 -7 8 -8 -2
right_child=1 -3 4 -5 -6 6 7 -9 -10 -11
leaf_value=-8.9965698040033555e-05 -0.0002415134833093634 0.0013355106565687265 0 0.00050846927786934223 -0.00050648147853136333 0 0 0 -0.00010847966664721751 0
leaf_weight=461.37182858586311 60.600830078125 149.72317504882812 51.022961370646954 132.89399647712708 57.919248044490814 54.800814345479012 74.190283641219139 90.45328962802887 1373.0526069626212 44.49299019575119
leaf_count=661 80 7 61 15 32 79 103 87 1454 59
internal_value=4.63606e-06 0.000691337 -6.96767e-05 3.60904e-05 -0.000109555 -9.22267e-05 -9.65317e-05 -0.000101088 -0.000104976 -0.000183202
internal_weight=2550.52 254.817 2295.71 594.266 1701.44 1643.52 1592.5 1537.7 1447.24 105.094
internal_count=2638 146 2492 676 1816 1784 1723 1644 1557 139
is_linear=0
shrinkage=0.05


Tree=35
num_leaves=9
num_cat=0
split_feature=116 120 2 106 85 93 138 119
split_gain=0.0704929 0.0771896 0.00390596 0.000669207 0.000402032 0.000313168 5.15811e-05 3.01354e-05
threshold=275.58524475000007 284.33063955000006 0.048280649000000009 23.350000000000005 271.03998875000008 278.22232915000006 6.0650000000000004 27.150000000000002
decision_type=2 2 2 2 2 2 2 2
left_child=1 -1 3 4 -2 7 -5 -6
right_child=2 -3 -4 6 5 -7 -8 -9
leaf_value=-0.00018904436972476 2.2976734366550917e-06 0.0013924219059070397 8.7507106297142693e-05 -6.2470132232184082e-05 -7.5177228629842599e-05 0 -0.00019777670846977334 0
leaf_weight=122.69088411331177 72.62787538766861 185.49223351478577 379.73747634887695 153.03844007849693 1502.5115837603807 40.382319211959839 208.94814255833626 41.51960938423872
leaf_count=91 31 56 13 185 1963 57 215 44
internal_value=3.64053e-05 0.000748077 -5.32174e-05 -8.21902e-05 -6.32558e-05 -6.9414e-05 -0.000154677 -7.38307e-05
internal_weight=2706.95 308.183 2398.77 2019.03 1657.04 1584.41 361.987 1544.03
internal_count=2655 147 2508 2495 2095 2064 400 2007
is_linear=0
shrinkage=0.05


Tree=36
num_leaves=10
num_cat=0
split_feature=116 120 19 106 85 112 128 119 135
split_gain=0.0635148 0.0698465 0.00353829 0.000608633 0.000374146 0.000357062 5.95637e-05 2.68162e-05 2.14994e-05
threshold=275.58524475000007 284.33063955000006 0.017289999999999996 23.350000000000005 271.03998875000008 287.26161400000007 9.2934859488288541 27.150000000000002 65.260000000000005
decision_type=2 2 2 2 2 2 2 2 2
left_child=1 -1 3 4 -2 7 -7 -6 -5
right_child=2 -3 -4 8 5 6 -8 -9 -10
leaf_value=-0.00017966856115005808 2.1843583379622944e-06 0.0013231741905140315 8.3143237445187915e-05 -0.00015905489183500176 -7.3100529255399233e-05 6.4321685701825706e-05 0 0 0
leaf_weight=122.69088411331177 72.62787538766861 185.49223351478577 379.73747634887695 313.9970613270998 1465.1715392619371 34.992080926895142 42.730282783508301 41.51960938423872 47.989521309733391
leaf_count=91 31 56 13 364 1909 50 61 44 36
internal_value=3.44731e-05 0.000710059 -5.04995e-05 -7.81389e-05 -5.98546e-05 -6.58517e-05 0 -7.17779e-05 -0.000147668
internal_weight=2706.95 308.183 2398.77 2019.03 1657.04 1584.41 77.7224 1506.69 361.987
internal_count=2655 147 2508 2495 2095 2064 111 1953 400
is_linear=0
shrinkage=0.05


Tree=37
num_leaves=11
num_cat=0
split_feature=116 120 73 15 166 50 112 33 89 89
split_gain=0.0572236 0.0632083 0.00331425 0.0124313 0.000839648 0.000309947 0.000339995 0.000250767 7.61749e-05 4.91992e-05
threshold=275.58524475000007 284.33063955000006 28.450000000000003 0.0065104166666666678 0.043470888500000006 1015.5500000000001 287.26161400000007 -0.87554761061105058 41.650000000000013 54.300000000000004
decision_type=2 2 2 2 2 2 2 2 2 2
left_child=1 -1 4 7 5 -2 9 -4 -8 -7
right_child=2 -3 3 -5 -6 6 8 -9 -10 -11
leaf_value=-0.00017075776744687721 0 0.0012573702025728782 -0.00015325252391917819 0.00040132120144884838 -0.00017578401446112155 -7.3238812057707745e-05 0 0 7.2711113683002535e-05 0
leaf_weight=122.69088411331177 48.309256419539452 185.49223351478577 217.83938390016556 176.90083587169647 245.59929180145264 1479.2105082198977 42.701815843582153 60.829818040132523 35.020547866821289 92.353988766670227
leaf_count=91 60 56 268 8 44 1849 61 73 50 95
internal_value=3.26206e-05 0.000673933 -4.79354e-05 6.76115e-05 -7.76173e-05 -6.03763e-05 -6.49734e-05 -0.000127029 0 -7.05032e-05
internal_weight=2706.95 308.183 2398.77 455.57 1943.2 1697.6 1649.29 278.669 77.7224 1571.56
internal_count=2655 147 2508 349 2159 2115 2055 341 111 1944
is_linear=0
shrinkage=0.05


Tree=38
num_leaves=13
num_cat=0
split_feature=77 2 90 14 46 24 73 59 165 74 75 91
split_gain=0.0524562 0.074305 0.0023097 0.00796601 0.00139053 0.00134987 0.00115386 0.000353535 0.000241404 0.000223323 9.31088e-05 4.1158e-05
threshold=271.58872720000005 0.048280649000000009 26.300000000000004 0.061309237500000009 63.500000000000007 65.550000000000026 35.95000000000001 9.7271000000000019 0.0025833401875000003 17.81428571428572 7.9500000000000011 14.950000000000001
decision_type=2 2 2 2 2 2 2 2 2 2 2 2
left_child=1 5 3 6 8 9 7 11 10 -1 -4 -2
right_child=2 -3 4 -5 -6 -7 -8 -9 -10 -11 -12 -13
leaf_value=-6.8416478375299568e-05 0 0.0012249868469714615 0 0.00025992594884059484 -0.00036027364493540812 0 0.00010586828370295637 -0.00018722396441506648 -0.00015026059417997314 -0.00041574407783712472 -6.476402504552958e-05 -6.5667045264769939e-05
leaf_weight=59.527110256254673 36.509258687496185 204.47402572631836 59.198889970779419 216.16233459115028 71.60190349817276 83.030612409114838 65.556686133146286 121.97371505200863 264.42741937190294 40.40933533757925 469.73023748397827 1014.3470358401537
leaf_count=91 44 7 59 45 27 25 89 170 148 57 428 1465
internal_value=3.0757e-05 0.000569714 -5.73202e-05 -1.48343e-05 -0.000122893 -0.000138082 -6.69994e-05 -8.10036e-05 -9.47476e-05 -0.000261122 -5.73286e-05 -6.37547e-05
internal_weight=2706.95 387.441 2319.51 1454.55 864.958 182.967 1238.39 1172.83 793.357 99.9364 528.929 1050.86
internal_count=2655 180 2475 1813 662 173 1768 1679 635 148 487 1509
is_linear=0
shrinkage=0.05


Tree=39
num_leaves=13
num_cat=0
split_feature=77 2 90 14 98 22 155 46 59 166 0 91
split_gain=0.0472135 0.0673208 0.00210742 0.0071959 0.00145468 0.00168917 0.00125435 0.00123095 0.000433612 0.000212723 8.04132e-05 4.89315e-05
threshold=271.58872720000005 0.048280649000000009 26.300000000000004 0.061309237500000009 7.2500000000000009 35.500000000000007 0.006000000000000001 45.500000000000007 9.7271000000000019 0.0083396380000000016 0.095900000000000013 14.950000000000001
decision_type=2 2 2 2 2 2 2 2 2 2 2 2
left_child=1 6 3 4 8 -6 10 9 11 -4 -1 -2
right_child=2 -3 7 -5 5 -7 -8 -9 -10 -11 -12 -13
leaf_value=0 0 0.0011640356415947429 -4.7401484140591199e-05 0.00024698950630977918 0.00037523019251366847 -7.1285998908988068e-07 -0.00033242425297987078 -0.00033611752658923043 -0.00018005068727010388 -0.00013273050827704809 -5.5754702285386239e-05 -6.2486843430509473e-05
leaf_weight=62.608708739280701 37.641838490962982 204.47402572631836 457.68598127365112 216.16233459115028 37.469229102134705 35.702986657619476 56.561166822910309 75.489886999130249 148.52508293092251 331.78258205205202 63.797182440757751 979.04755853116512
leaf_count=68 45 7 423 45 50 51 73 33 208 206 32 1414
internal_value=2.87751e-05 0.000540159 -5.46857e-05 -1.39302e-05 -6.3671e-05 0.000126849 -0.000132409 -0.000117353 -8.0021e-05 -8.97098e-05 -1.76016e-06 -6.03323e-05
internal_weight=2706.95 387.441 2319.51 1454.55 1238.39 73.1722 182.967 864.958 1165.21 789.469 126.406 1016.69
internal_count=2655 180 2475 1813 1768 101 173 662 1667 629 100 1459
is_linear=0
shrinkage=0.05


Tree=40
num_leaves=8
num_cat=0
split_feature=46 46 128 93 134 116 23
split_gain=0.0354516 0.00177951 0.00565996 0.000808691 0.000666985 0.00016374 1.96269e-05
threshold=94.500000000000014 2.5000000000000004 10.018310656109238 278.04601605000011 3.6600000000000006 277.32270180000006 31.140277777777779
decision_type=2 2 2 2 2 2 2
left_child=1 3 -3 4 -1 -6 -7
right_child=-2 2 -4 -5 5 6 -8
leaf_value=-0.00017414743188364428 0.00049752878584462604 0.00031332034059703535 -0.00012734976906377319 8.8287701778903696e-05 -0.00014546049604201606 -5.6357620857025753e-05 0
leaf_weight=233.68618392944336 326.73871767520905 124.51632366329432 156.36284744739532 44.83603310585022 139.44111774116755 1614.2413551658392 43.321757078170776
leaf_count=83 85 56 166 63 177 2027 17
internal_value=8.67785e-06 -5.71674e-05 5.06838e-05 -7.41881e-05 -8.02781e-05 -6.52002e-05 -5.53501e-05
internal_weight=2683.14 2356.41 280.879 2075.53 2030.69 1797 1657.56
internal_count=2674 2589 222 2367 2304 2221 2044
is_linear=0
shrinkage=0.05


Tree=41
num_leaves=12
num_cat=0
split_feature=108 176 92 106 73 83 16 92 13 77 83
split_gain=0.0340668 0.0588094 0.00609878 0.00203707 0.00151209 0.00183931 0.00636542 0.000867485 0.000308673 9.56619e-05 2.28288e-05
threshold=272.77824130000005 36.70000000000001 0.15000000000000005 36.550000000000004 35.95000000000001 13.950000000000001 17.135000000000005 3.850000000000001 0.0018648959236111115 276.90140675000004 15.15
decision_type=2 2 2 2 2 2 2 2 2 2 2
left_child=1 2 -1 4 5 6 -2 9 -4 -7 -9
right_child=3 -3 8 -5 -6 7 -8 10 -10 -11 -12
leaf_value=0.00038763791889834275 -6.3316603636724347e-05 0.0014836196233550634 -0.00018763187358858505 -0.00033689766444180443 0.00014191949527057909 -0.00018792140642600479 0.00036624010142815981 0 0 0 -6.4273952628898331e-05
leaf_weight=94.345401078462601 436.54229547083378 100.19622641801834 68.653492629528046 70.956374168395996 81.683497965335846 279.59654679894447 105.08310461044312 68.612692847847939 111.99925530701876 60.220003187656403 1205.2554453238845
leaf_count=11 627 16 94 48 64 214 16 97 67 74 1346
internal_value=8.0507e-06 0.000450895 5.24912e-05 -6.19394e-05 -5.08371e-05 -6.05235e-05 1.13305e-05 -8.77296e-05 -9.61836e-05 -0.000168443 -6.21614e-05
internal_weight=2683.14 375.194 274.998 2307.95 2236.99 2155.31 541.625 1613.68 180.653 339.817 1273.87
internal_count=2674 188 172 2486 2438 2374 643 1731 161 288 1443
is_linear=0
shrinkage=0.05


Tree=42
num_leaves=13
num_cat=0
split_feature=108 92 180 46 128 141 112 139 82 48 73 140
split_gain=0.0307317 0.0510955 0.00211984 0.00122167 0.00565905 0.000831159 0.000695094 0.000516517 0.000510682 0.000350599 4.26693e-05 2.54499e-05
threshold=272.77824130000005 0.15000000000000005 37.521428571428579 2.5000000000000004 10.018310656109238 24.045000000000005 287.0276783000001 89.852467926376718 14.486000000000002 16.500000000000004 29.050000000000004 72.745000000000019
decision_type=2 2 2 2 2 2 2 2 2 2 2 2
left_child=1 -1 3 6 -5 -3 7 11 -8 -7 -6 -2
right_child=2 5 -4 4 10 9 8 -9 -10 -11 -12 -13
leaf_value=0.0010241196314700405 -5.6734427730342657e-05 0 -0.00035493886974469668 0.00025462632116851093 -2.7408340010904867e-05 -0.00033530910040660349 0 -0.00014880361402877813 0.00019749683464245001 -3.5057127448112177e-05 -0.00022466336003032383 0
leaf_weight=183.81227615475655 1531.1873521357775 69.667251169681549 63.38406041264534 159.50876761227846 78.103039801120758 49.495815798640251 41.322124660015106 267.62925517559052 36.414292812347412 72.219032309949398 80.69881072640419 49.702257037162781
leaf_count=15 1897 50 34 63 70 62 59 134 52 61 106 71
internal_value=7.28943e-06 0.000427989 -5.90923e-05 -4.8357e-05 3.2404e-05 -0.00012092 -6.43068e-05 -7.17634e-05 4.81627e-05 -0.000199638 -0.000159715 -5.54747e-05
internal_weight=2683.14 375.194 2307.95 2244.57 318.311 191.382 1926.26 1848.52 77.7364 121.715 158.802 1580.89
internal_count=2674 188 2486 2452 239 173 2213 2102 111 123 176 1968
is_linear=0
shrinkage=0.05


Tree=43
num_leaves=12
num_cat=0
split_feature=108 176 92 180 46 128 93 141 140 92 140
split_gain=0.0276443 0.0509606 0.00429269 0.00190202 0.00108403 0.0051538 0.000663434 0.000433219 0.000385891 4.70452e-05 1.20237e-05
threshold=272.77824130000005 36.70000000000001 0.15000000000000005 37.521428571428579 2.5000000000000004 10.018310656109238 278.04601605000011 24.045000000000005 74.425000000000011 3.6500000000000008 71.840000000000018
decision_type=2 2 2 2 2 2 2 2 2 2 2
left_child=1 2 -1 4 6 -6 8 -4 10 -7 -2
right_child=3 -3 7 -5 5 9 -8 -9 -10 -11 -12
leaf_value=0.00031779036506279345 -5.3135054614753846e-05 0.0013664464823342631 0 -0.00033746755093599625 0.0002419743230822346 -0.00018554565992216741 8.4891212959704502e-05 -0.00014840662515749238 -0.00013385903351012239 0 0
leaf_weight=94.345401078462601 1548.2024057656527 100.19622641801834 68.267567932605743 63.38406041264534 159.50876761227846 111.60493838787079 44.83603310585022 112.38518000394106 287.48182672262192 47.19691213965416 45.735016226768494
leaf_count=11 1927 16 48 34 63 112 63 113 163 64 60
internal_value=6.40533e-06 0.000405511 3.35941e-05 -5.64578e-05 -4.61491e-05 2.92183e-05 -6.12065e-05 -8.82339e-05 -6.73875e-05 -0.000153373 -5.21874e-05
internal_weight=2683.14 375.194 274.998 2307.95 2244.57 318.311 1926.26 180.653 1881.42 158.802 1593.94
internal_count=2674 188 172 2486 2452 239 2213 161 2150 176 1987
is_linear=0
shrinkage=0.05


Tree=44
num_leaves=13
num_cat=0
split_feature=108 176 92 180 83 114 73 92 128 85 83 139
split_gain=0.0250093 0.0460218 0.0038809 0.00170762 0.00108832 0.00553191 0.00141503 0.000721681 0.000261069 0.000121569 1.99698e-05 1.56014e-05
threshold=272.77824130000005 36.70000000000001 0.15000000000000005 37.521428571428579 13.950000000000001 29.250000000000004 35.95000000000001 3.850000000000001 9.8922706249400587 275.89116170000005 15.15 4.0150825738146843
decision_type=2 2 2 2 2 2 2 2 2 2 2 2
left_child=1 2 -1 4 5 -2 7 9 -4 -6 -9 -12
right_child=3 -3 8 -5 6 -7 -8 10 -10 -11 11 -13
leaf_value=0.00030206751776209811 -5.9683713081042115e-05 0.0012987993365628397 0 -0.00032085624469615305 -0.00016985943157871457 0.00033768432244266739 0.00010301276297245476 0 -0.00016917084620972727 0 0 -5.6447196160524825e-05
leaf_weight=94.345401078462601 434.4510902762413 100.19622641801834 114.44003439694643 63.38406041264534 277.07198929786682 107.17430980503559 93.34431916475296 68.612692847847939 66.212713539600372 58.656053245067596 41.565488576889038 1163.6899567469954
leaf_count=11 611 16 70 34 216 32 84 97 91 66 58 1288
internal_value=5.85067e-06 0.000385546 3.11841e-05 -5.38497e-05 -4.39436e-05 1.02086e-05 -6.40971e-05 -7.69506e-05 -8.36431e-05 -0.000151406 -5.33026e-05 -5.51739e-05
internal_weight=2683.14 375.194 274.998 2307.95 2244.57 541.625 1702.94 1609.6 180.653 335.728 1273.87 1205.26
internal_count=2674 188 172 2486 2452 643 1809 1725 161 282 1443 1346
is_linear=0
shrinkage=0.05


Tree=45
num_leaves=15
num_cat=0
split_feature=64 112 83 16 116 34 51 142 97 67 77 110 167 77
split_gain=0.0185292 0.0277913 0.00266126 0.0061052 0.00178663 0.00158092 0.00083349 0.000672284 0.00048148 0.000462826 0.00038438 6.43819e-05 6.30404e-05 4.8227e-05
threshold=18.099999999999994 272.75559675000005 13.950000000000001 17.135000000000005 275.58524475000007 0.28340238189622974 777.00000000000011 594.08582190727782 -4.4500000000000002 11.250000000000002 274.13359880000002 5.3500000000000005 0.0071585450000000014 271.23866640000006
decision_type=2 2 2 2 2 2 2 2 2 2 2 2 2 2
left_child=2 -2 3 -1 -4 -3 7 8 9 -6 -9 -10 -12 -13
right_child=1 5 4 -5 6 -7 -8 10 11 -11 12 13 -14 -15
leaf_value=-5.0134845838922088e-05 0.00090616776321236759 -0.00027187800639654581 -0.00028784104562720427 0.00026503646425796791 0 2.6460534467600752e-05 0.00011897148888194384 -0.00015305779839486133 0 0.00018871484967644911 0 0 -5.4192071194089739e-05 -4.7788156964417081e-05
leaf_weight=454.61726005375385 135.23605707287788 65.233922600746155 96.729944586753845 219.82588016986847 50.760480083525181 63.165002226829529 48.69450768828392 304.79915711283684 58.304410375654697 42.081390507519245 42.437916457653046 48.107402890920639 354.84759536385536 759.93690954148769
leaf_count=653 23 79 93 17 60 49 22 85 48 40 61 38 412 984
internal_value=5.61362e-06 0.000404871 -3.49413e-05 4.54289e-05 -6.7718e-05 -8.74019e-05 -5.21828e-05 -6.02761e-05 -2.56095e-05 6.34001e-05 -0.000100422 -4.0975e-05 -4.72034e-05 -4.47089e-05
internal_weight=2744.78 263.635 2481.14 674.443 1806.7 128.399 1709.97 1661.28 959.191 92.8419 702.085 866.349 397.286 808.044
internal_count=2664 151 2513 670 1843 128 1750 1728 1170 100 558 1070 473 1022
is_linear=0
shrinkage=0.05


Tree=46
num_leaves=10
num_cat=0
split_feature=178 134 46 85 116 32 24 142 41
split_gain=0.0167981 0.00255933 0.00435991 0.000434543 0.00056442 0.000366424 7.46839e-05 1.05354e-05 6.77624e-06
threshold=42.250000000000007 3.6600000000000006 99.500000000000014 271.0818794000001 276.23015570000001 10.750000000000002 33.20000000000001 41.502310012358137 74.500000000000014
decision_type=2 2 2 2 2 2 2 2 2
left_child=1 -1 3 5 -5 -3 -6 -8 -9
right_child=-2 2 -4 4 6 -7 7 8 -10
leaf_value=6.2605960259809292e-05 0.00037945393945977498 -4.0060475640673743e-06 -0.00053480464935882338 -0.0002229492756458573 0 0.00012836414682007488 0 -4.8309061169483556e-05 0
leaf_weight=495.97850155830383 271.27743449807167 92.029813259840012 48.367608189582825 62.170873284339905 64.256223320960999 56.05393773317337 48.773464262485504 1565.6523915529251 40.217589072883129
leaf_count=91 91 65 58 88 92 45 69 2020 45
internal_value=5.14662e-06 -3.40211e-05 -6.08025e-05 -4.6057e-05 -5.37847e-05 1.30866e-05 -4.46329e-05 -4.67139e-05 -4.759e-05
internal_weight=2744.78 2473.5 1977.52 1929.15 1781.07 148.084 1718.9 1654.64 1605.87
internal_count=2664 2573 2482 2424 2314 110 2226 2134 2065
is_linear=0
shrinkage=0.05


Tree=47
num_leaves=14
num_cat=0
split_feature=64 97 15 83 16 46 182 44 112 83 96 110 141
split_gain=0.0158683 0.0246198 0.0058287 0.00238815 0.00533052 0.00451687 0.000763113 0.00141148 0.000376479 6.87971e-05 4.404e-05 1.36845e-05 9.77139e-07
threshold=18.099999999999994 -3.2000000000000015 0.004306250000000001 13.950000000000001 17.135000000000005 98.500000000000014 -0.41249999999999915 1442.5000000000002 274.02268855000005 14.950000000000001 48.475000000000009 5.5500000000000007 39.175000000000004
decision_type=2 2 2 2 2 2 2 2 2 2 2 2 2
left_child=3 -2 -3 4 12 6 7 10 -8 -10 -5 -11 -1
right_child=1 2 -4 5 -6 -7 8 -9 9 11 -12 -13 -14
leaf_value=-4.7569119385915675e-05 0.0011351434783157487 -0.00019838635782731814 0.00034529825908054197 -4.1638143346621143e-05 0.00024859373704862631 -0.00051114480027174519 -0.00012794863190691242 0.00015564650259842887 0 0 0 -4.8832612180646402e-05 0
leaf_weight=415.9297843426466 75.313148200511932 97.019808858633041 91.302024841308594 499.18234837055206 219.82588016986847 55.982185959815979 317.69228752702475 113.40738505125046 45.70076459646225 53.038215234875679 48.701315939426422 672.99521192908287 38.687475711107254
leaf_count=589 25 121 5 590 17 31 141 86 69 36 56 834 64
internal_value=4.68314e-06 0.000374298 3.92239e-05 -3.2711e-05 4.32161e-05 -6.38289e-05 -4.63872e-05 0 -7.21547e-05 -4.25802e-05 -3.71391e-05 -4.65146e-05 -4.54458e-05
internal_weight=2744.78 263.635 188.322 2481.14 674.443 1806.7 1750.72 661.291 1089.43 771.734 547.884 726.033 454.617
internal_count=2664 151 126 2513 670 1843 1812 732 1080 939 646 870 653
is_linear=0
shrinkage=0.05


Tree=48
num_leaves=18
num_cat=0
split_feature=64 15 116 108 33 73 75 165 77 119 75 16 33 13 138 42 99
split_gain=0.0143554 0.0222767 0.00217184 0.00251851 0.00136841 0.000891091 0.00320725 0.000569639 0.000381537 0.000317978 0.000183597 0.000110871 4.81342e-05 2.98301e-05 2.55009e-05 2.48684e-05 2.59289e-06
threshold=18.099999999999994 0.004306250000000001 275.43836700000003 271.65566665000006 -0.97258530470816618 28.350000000000005 10.65 0.0073098348750000016 272.20384610000002 7.0500000000000007 16.050000000000004 0.20500000000000004 -0.89598671959950893 4.3473180555555562e-05 2.5700000000000007 0.49500000000000005 -2.5999999999999654
decision_type=2 2 2 2 2 2 2 2 2 2 2 2 2 2 2 2 2
left_child=2 4 -1 -4 -2 7 -7 9 -8 -5 13 -10 15 -11 -15 -13 -16
right_child=1 -3 3 5 -6 6 8 -9 11 10 -12 12 -14 14 16 -17 -18
leaf_value=-0.00026857464994102428 -0.00028092930483572764 0.00076029668925627829 0.00023161603064403909 7.7203131002828092e-05 0 0.00024657743669233517 0 -0.00012794954255233916 0 0 0 -0.00018541818356903689 0 0 0 0 -4.5471607160055684e-05
leaf_weight=95.233535766601562 68.601890593767166 149.72317504882812 90.276250936090946 34.010093808174133 45.309916257858276 124.03753197193146 92.30226044356823 235.93572157621384 42.277044475078583 50.275372385978699 46.934773914515972 61.712195947766304 35.747018784284592 49.743081986904144 49.650940358638763 45.036185830831528 1427.970846645534
leaf_count=91 80 7 43 47 64 14 39 35 58 72 38 60 50 70 71 55 1770
internal_value=4.18472e-06 0.000355825 -3.12929e-05 -1.96185e-05 -0.000134282 -3.1772e-05 2.8505e-05 -4.71801e-05 -5.1674e-05 -3.26076e-05 -3.80283e-05 -9.55582e-05 -0.000117274 -4.21889e-05 -4.34425e-05 -0.000139402 -4.46526e-05
internal_weight=2744.78 263.635 2481.14 2385.91 113.912 2295.63 401.112 1894.52 277.075 1658.59 1624.58 184.772 142.495 1577.64 1527.36 106.748 1477.62
internal_count=2664 151 2513 2422 144 2379 276 2103 262 2068 2021 223 165 1983 1911 115 1841
is_linear=0
shrinkage=0.05


Tree=49
num_leaves=16
num_cat=0
split_feature=64 97 112 83 13 46 52 135 92 29 83 180 167 92 135
split_gain=0.0129507 0.0217356 0.00440662 0.00198856 0.00434726 0.00392252 0.000614238 0.000418842 0.000222304 0.000500341 0.000156665 5.47331e-05 5.11056e-05 6.65602e-06 4.18385e-06
threshold=18.099999999999994 -3.2000000000000015 272.75559675000005 13.950000000000001 0.0040352463333333342 98.500000000000014 669.50000000000011 3.4750000000000005 0.25000000000000006 48.800000000000004 14.750000000000002 32.364285714285721 0.20739740787500002 24.250000000000007 83.645000000000024
decision_type=2 2 2 2 2 2 2 2 2 2 2 2 2 2 2
left_child=3 -2 -3 4 -1 6 7 -5 9 -9 -10 -4 13 14 -12
right_child=1 2 11 5 -6 -7 -8 8 10 -11 12 -13 -14 -15 -16
leaf_value=-4.0330747907909841e-05 0.0010521107755046151 0.0003422531933184944 0 -0.00011287508398523982 0.00022424875523107451 -0.00047540270219409864 0.00010169130538891872 0.00014361959070616697 0 -3.7233061887961479e-05 -4.9084661119418833e-05 -0.00020269050834466505 0 0 0
leaf_weight=453.39565517008305 75.313148200511932 73.807172209024429 55.114203631877899 282.44841140508652 221.04748505353928 55.982185959815979 49.194718807935715 54.982634544372559 42.144130542874336 69.355585873126984 1081.4233360812068 59.400457859039307 76.936764806509018 40.397734761238098 53.834211826324463
leaf_count=651 25 18 38 110 19 31 23 63 63 48 1266 70 102 59 78
internal_value=3.88349e-06 0.000337959 2.18982e-05 -2.97213e-05 3.91858e-05 -5.82178e-05 -4.17594e-05 -4.8901e-05 -3.25764e-05 3.35611e-06 -3.98858e-05 -0.000142468 -4.42357e-05 -4.68329e-05 -4.78116e-05
internal_weight=2744.78 263.635 188.322 2481.14 674.443 1806.7 1750.72 1701.52 1419.07 124.338 1294.74 114.515 1252.59 1175.66 1135.26
internal_count=2664 151 126 2513 670 1843 1812 1789 1679 111 1568 108 1505 1403 1344
is_linear=0
shrinkage=0.05


Tree=50
num_leaves=17
num_cat=0
split_feature=176 15 43 2 99 182 36 102 99 85 171 85 77 43 44 101
split_gain=0.0276156 0.048645 0.00163577 0.00275681 0.000874169 0.000709234 0.000367386 0.00024869 0.000540309 0.000207343 0.000350319 0.000120218 4.47999e-05 2.9074e-05 2.23518e-05 2.6432e-06
threshold=37.050000000000004 0.004306250000000001 0.39050000000000007 0.048280649000000009 3.1499999999999777 0.19999999999999976 268.6263489000001 1.1000000000000012 2.3500000000000232 273.21143495000007 -0.0044164285714285694 274.25934300000006 275.46490460000001 0.27650000000000008 1312.5000000000002 5.8006367999999791
decision_type=2 2 2 2 2 2 2 2 2 2 2 2 2 2 2 2
left_child=2 5 6 4 14 -2 9 15 -9 10 -1 -11 -13 -14 -4 -8
right_child=1 -3 3 -5 -6 -7 7 8 -10 11 -12 12 13 -15 -16 -17
leaf_value=0 0 0.0014080559968275154 -9.010118160703107e-06 0.00017394241756426266 -0.00020546824927538049 -0.00018398652299888335 -4.2179201551502149e-05 -2.1136571719818284e-06 0.00017403397813964508 0 -0.00013147456919977037 0 0 -6.1129658242401833e-05 2.9062662744543378e-05 0
leaf_weight=90.108768336474895 49.386854767799377 93.955867230892181 153.39390635490417 233.68460083007812 67.960554242134094 69.836613953113556 473.75175672769547 183.76927548646927 44.48968580365181 59.775497309863567 371.17013698816299 78.955473236739635 80.134024798870087 439.99657049030066 50.31841704249382 60.484319448471069
leaf_count=81 51 7 186 8 55 78 577 230 52 88 252 105 94 609 34 87
internal_value=1.52764e-05 0.000560447 -3.1513e-05 4.29593e-05 -5.15961e-05 -7.20905e-05 -5.41703e-05 -1.78815e-05 1.1019e-05 -7.43748e-05 -0.000109643 -4.19766e-05 -4.93801e-05 -5.49795e-05 0 -3.95688e-05
internal_weight=2601.17 213.179 2387.99 505.357 271.673 119.223 1882.64 762.495 228.259 1120.14 461.279 658.862 599.086 520.131 203.712 534.236
internal_count=2594 136 2458 283 275 129 2175 946 282 1229 333 896 808 703 220 664
is_linear=0
shrinkage=0.05


Tree=51
num_leaves=18
num_cat=0
split_feature=176 15 43 2 99 182 116 100 43 100 112 43 168 56 116 138 91
split_gain=0.0249626 0.0439536 0.00147996 0.00249767 0.000790179 0.000652682 0.000562922 0.000563181 0.000326771 0.000122495 5.64401e-05 6.78491e-05 2.14505e-05 1.51607e-05 9.8769e-06 7.48917e-06 3.81949e-07
threshold=37.050000000000004 0.004306250000000001 0.39050000000000007 0.048280649000000009 3.1499999999999777 0.19999999999999976 276.5790374 3.9500000000000459 0.38450000000000006 7.3500000000000236 287.26161400000007 0.35650000000000004 0.19206758200000004 -7.1964988499999825 296.12033665000007 2.6350000000000002 29.300000000000001
decision_type=2 2 2 2 2 2 2 2 2 2 2 2 2 2 2 2 2
left_child=2 5 6 4 12 -2 7 -1 9 10 11 14 -4 -13 15 -8 -15
right_child=1 -3 3 -5 -6 -7 8 -9 -10 -11 -12 13 -14 16 -16 -17 -18
leaf_value=0 0 0.0013383945911158868 -8.5074786156585718e-06 0.00016528234777587602 -0.00019534381453085431 -0.00017491706503527726 0 -0.00027535013270397145 -0.00010636432036433158 0 0 0 2.9487222268664951e-05 -1.2941953063734776e-05 0 -4.3743831979575515e-05 0
leaf_weight=34.929080665111542 49.386854767799377 93.955867230892181 156.11552619934082 233.68460083007812 67.960554242134094 69.836613953113556 52.758555233478546 61.906863003969193 232.11724752187729 55.772308923304081 46.216859698295593 63.066206902265549 47.596797198057175 230.98834866285324 53.723039403557777 1015.4717406705022 35.685257941484451
leaf_count=50 51 7 156 8 55 78 74 90 41 71 66 82 64 333 77 1236 55
internal_value=1.41642e-05 0.000532563 -3.02246e-05 4.03164e-05 -4.90503e-05 -6.67468e-05 -5.18258e-05 -0.000185361 -4.16868e-05 -2.87458e-05 -3.25787e-05 -3.45293e-05 0 0 -4.11511e-05 -4.24452e-05 -1.18995e-05
internal_weight=2601.17 213.179 2387.99 505.357 271.673 119.223 1882.64 96.8359 1785.8 1553.68 1497.91 1451.69 203.712 329.74 1121.95 1068.23 266.674
internal_count=2594 136 2458 283 275 129 2175 140 2035 1994 1923 1857 220 470 1387 1310 388
is_linear=0
shrinkage=0.05


Tree=52
num_leaves=16
num_cat=0
split_feature=176 15 43 2 99 114 116 100 43 100 102 43 118 44 108
split_gain=0.0225562 0.039715 0.001335 0.00226313 0.000714262 0.000621329 0.000502773 0.000503471 0.000288591 0.00011528 7.25068e-05 4.08349e-05 3.99892e-05 1.97581e-05 1.67196e-05
threshold=37.050000000000004 0.004306250000000001 0.39050000000000007 0.048280649000000009 3.1499999999999777 17.850000000000005 276.5790374 3.9500000000000459 0.38450000000000006 7.3500000000000236 3.4500000000000011 0.37250000000000005 41.050000000000004 1312.5000000000002 272.41436845000004
decision_type=2 2 2 2 2 2 2 2 2 2 2 2 2 2 2
left_child=2 5 6 4 13 -2 7 -1 9 10 11 12 14 -4 -8
right_child=1 -3 3 -5 -6 -7 8 -9 -10 -11 -12 -13 -14 -15 -16
leaf_value=0 0 0.001272179697235839 -8.4800258592897581e-06 0.00015705344553592924 -0.00018571825535029473 -0.00018467203356584898 0 -0.00026180147908427468 -0.00010106892192390056 0 0 0 0 2.7316213866002067e-05 -3.836021501852686e-05
leaf_weight=34.929080665111542 61.271007746458054 93.955867230892181 153.39390635490417 233.68460083007812 67.960554242134094 57.95246097445488 59.734266117215157 61.906863003969193 232.11724752187729 55.772308923304081 53.84751969575882 72.794264256954193 44.905692160129547 50.31841704249382 1266.6282662823796
leaf_count=50 78 7 186 8 55 51 70 90 41 71 79 103 47 34 1624
internal_value=1.3207e-05 0.000506058 -2.88909e-05 3.7806e-05 -4.66298e-05 -6.16664e-05 -4.94595e-05 -0.000176649 -3.96692e-05 -2.7221e-05 -3.09972e-05 -3.34973e-05 -3.54399e-05 0 -3.70647e-05
internal_weight=2601.17 213.179 2387.99 505.357 271.673 119.223 1882.64 96.8359 1785.8 1553.68 1497.91 1444.06 1371.27 203.712 1326.36
internal_count=2594 136 2458 283 275 129 2175 140 2035 1994 1923 1844 1741 220 1694
is_linear=0
shrinkage=0.05


Tree=53
num_leaves=13
num_cat=0
split_feature=92 165 77 85 116 138 103 14 118 16 116 99
split_gain=0.0174764 0.0271627 0.00145833 0.00201629 0.00131319 0.000280279 0.00021193 6.19683e-05 5.40013e-05 2.53018e-05 1.35478e-05 1.08641e-05
threshold=0.15000000000000005 0.0097899795625000004 273.27329440000011 273.27241540000006 276.12405480000007 5.3600000000000003 1038.2500000000002 0.061309237500000009 40.350000000000001 0.025000000000000005 296.12033665000007 -2.3000000000000109
decision_type=2 2 2 2 2 2 2 2 2 2 2 2
left_child=1 5 4 -4 -2 -1 -6 8 9 -5 11 -11
right_child=2 -3 3 7 6 -7 -8 -9 -10 10 -12 -13
leaf_value=1.0031358878569534e-05 -0.00033000984764944828 0.00075490958972752311 0.00015926547733303422 0 -8.5509025826784149e-05 -7.1494660235482609e-05 0 0 0 0 0 -4.4359077539863033e-05
leaf_weight=56.054631263017654 72.350856900215149 188.10949897766113 142.26408058404922 50.526360929012299 432.94266428798437 179.26610168814659 101.25101395696402 134.05256298184395 36.538368701934814 67.657533586025238 66.365073516964912 1073.7935756742954
leaf_count=65 96 13 79 60 217 214 96 62 46 97 95 1454
internal_value=1.23476e-05 0.000307341 -4.28294e-05 -1.36732e-05 -0.000109979 -3.09568e-05 -7.02747e-05 -3.4487e-05 -3.78409e-05 -3.97578e-05 -4.12199e-05 -4.27484e-05
internal_weight=2601.17 423.43 2177.74 1571.2 606.545 235.321 534.194 1428.93 1294.88 1258.34 1207.82 1141.45
internal_count=2594 292 2302 1893 409 279 313 1814 1752 1706 1646 1551
is_linear=0
shrinkage=0.05


Tree=54
num_leaves=19
num_cat=0
split_feature=176 15 116 116 2 114 83 156 166 81 135 118 33 115 139 141 116 99
split_gain=0.0192454 0.0336491 0.00128582 0.00185547 0.00382543 0.000562943 0.000446818 0.00145608 0.000289538 0.000131664 6.5384e-05 5.62495e-05 1.01605e-05 1.2496e-05 9.72367e-06 6.64709e-06 4.07217e-06 3.0958e-07
threshold=37.050000000000004 0.004306250000000001 275.43836700000003 277.05691750000005 0.0067074020000000003 17.850000000000005 14.65 0.060000000000000005 0.026435467500000004 33.45000000000001 69.02500000000002 39.650000000000013 -0.22247572009940772 4.6500000000000012 4.616317252963726 39.175000000000004 296.12033665000007 -2.3000000000000109
decision_type=2 2 2 2 2 2 2 2 2 2 2 2 2 2 2 2 2 2
left_child=2 5 -1 4 -4 -2 7 9 11 10 12 14 13 -5 -8 16 17 -16
right_child=1 -3 3 6 -6 -7 8 -9 -10 -11 -12 -13 -14 -15 15 -17 -18 -19
leaf_value=-0.00021452407656853817 0 0.0011722136745115333 -5.4375100813717888e-05 0 0.0004055656005322513 -0.00017174135645970626 0 0.00019304289983012403 -0.00010205845605196754 0 0 0 0 -5.4143784787756861e-05 0 0 0 -3.6746373157131988e-05
leaf_weight=92.15530002117157 61.271007746458054 93.955867230892181 72.949693076312542 40.235803246498108 75.528218030929565 57.95246097445488 54.804957091808319 86.590332090854645 272.52296108007431 62.306365132331848 42.664422333240509 64.985755547881126 98.257140100002289 314.65609657764435 62.127919256687164 45.253359586000443 56.30453534424305 946.65012858062983
leaf_count=90 78 7 107 56 7 51 81 41 81 7 64 59 140 398 89 75 80 1083
internal_value=1.15045e-05 0.00046688 -2.72329e-05 -1.7448e-05 0.000147287 -5.25067e-05 -3.12291e-05 0 -4.62202e-05 -2.59357e-05 -3.76771e-05 -2.97156e-05 -4.37362e-05 -5.01232e-05 -3.24471e-05 -3.35649e-05 -3.44966e-05 -3.55872e-05
internal_weight=2601.17 213.179 2387.99 2295.84 148.478 119.223 2147.36 644.71 1502.65 558.12 495.813 1230.13 453.149 354.892 1165.14 1110.34 1065.08 1008.78
internal_count=2594 136 2458 2368 114 129 2254 706 1548 665 658 1467 594 454 1408 1327 1252 1172
is_linear=0
shrinkage=0.05


Tree=55
num_leaves=16
num_cat=0
split_feature=176 15 83 90 21 99 101 65 85 118 92 49 56 29 172
split_gain=0.022848 0.030057 0.00119516 0.00278733 0.000753923 0.000600059 0.000291044 0.000166417 0.000125655 0.00012782 0.000142529 5.89727e-05 2.09593e-05 7.67235e-06 3.49547e-08
threshold=36.70000000000001 0.004306250000000001 13.950000000000001 24.158163265306126 0.50694444444444453 4.1499999999999782 -5.1756756999999984 26.750000000000004 276.51121705000008 38.250000000000007 15.750000000000002 993.6500000000002 -4.526827649999972 46.850000000000001 -1.0000000180025095e-35
decision_type=2 2 2 2 2 2 2 2 2 2 2 2 2 2 2
left_child=2 4 3 13 -2 6 7 14 9 10 11 12 -8 -1 -4
right_child=1 -3 5 -5 -6 -7 8 -9 -10 -11 -12 -13 -14 -15 -16
leaf_value=-3.4841152877355334e-05 5.6178529226945128e-05 0.0010308261294810488 -1.1627637044206107e-06 0.00018635633055084677 -0.00015693427293861817 -0.00022572548545302993 -9.4750609871118219e-05 8.9370753819287922e-05 -1.717494977862073e-05 0 0 0 0 0 0
leaf_weight=386.87070980668068 44.272142633795738 123.16644233465195 63.634169816970825 202.9272101521492 77.098979264497757 56.273148536682129 454.62741968035698 51.174560636281967 670.48464883118868 81.404904037714005 96.835335075855255 103.7208336442709 92.386761546134949 46.920587345957756 50.215945936739445
leaf_count=538 44 8 44 45 100 46 287 51 837 86 140 149 95 77 73
internal_value=2.17026e-05 0.000481722 -2.40786e-05 2.97775e-05 -3.85147e-05 -4.69162e-05 -3.7737e-05 2.02864e-06 -4.54442e-05 -6.22361e-05 -6.87127e-05 -7.72637e-05 -8.58403e-05 -3.22303e-05 0
internal_weight=2602.01 244.538 2357.48 636.719 121.371 1720.76 1664.48 165.025 1499.46 828.975 747.57 650.735 547.014 433.791 113.85
internal_count=2620 152 2468 660 144 1808 1762 168 1594 757 671 531 382 615 117
is_linear=0
shrinkage=0.05


Tree=56
num_leaves=16
num_cat=0
split_feature=176 15 83 161 21 99 101 21 85 118 92 16 34 29 178
split_gain=0.0206725 0.0271428 0.00108796 0.00253977 0.000688446 0.000529634 0.000267659 0.000144549 0.00011019 0.000116904 0.000128163 5.34651e-05 6.81937e-05 6.62469e-06 2.55957e-07
threshold=36.70000000000001 0.004306250000000001 13.950000000000001 0.35714285714285721 0.50694444444444453 4.1499999999999782 -5.1756756999999984 0.28472222222222227 276.51121705000008 38.250000000000007 15.750000000000002 0.12000000000000001 -0.29905451257723198 46.850000000000001 26.550000000000004
decision_type=2 2 2 2 2 2 2 2 2 2 2 2 2 2 2
left_child=2 4 3 13 -2 6 7 -4 9 10 11 -8 -13 -1 -9
right_child=1 -3 5 -5 -6 -7 8 14 -10 -11 -12 12 -14 -15 -16
leaf_value=-3.4020837810967469e-05 5.3431653415588533e-05 0.00097969993260053792 7.115882567437395e-05 0.00017626734707100813 -0.00014918802960021249 -0.00021463627417009132 0 0 -1.6317481017321491e-05 0 0 0 -8.7891882077431322e-05 0 -3.2716141961430939e-06
leaf_weight=384.27327600121498 44.272142633795738 123.16644233465195 70.381998300552368 205.48052823543549 77.098979264497757 56.273148536682129 93.407401204109192 35.859033793210983 670.48464883118868 81.404904037714005 96.835335075855255 57.473623156547546 499.85399051010609 46.964703068137169 58.783644296228886
leaf_count=534 44 8 29 52 100 46 134 51 837 86 140 57 340 74 88
internal_value=2.01872e-05 0.000457826 -2.32633e-05 2.78693e-05 -3.45871e-05 -4.50927e-05 -3.62332e-05 6.73568e-07 -4.3625e-05 -5.96411e-05 -6.58355e-05 -7.39589e-05 -8.13906e-05 -3.15173e-05 0
internal_weight=2602.01 244.538 2357.48 636.719 121.371 1720.76 1664.48 165.025 1499.46 828.975 747.57 650.735 557.328 431.238 94.6427
internal_count=2620 152 2468 660 144 1808 1762 168 1594 757 671 531 397 608 139
is_linear=0
shrinkage=0.05


Tree=57
num_leaves=17
num_cat=0
split_feature=176 15 83 90 21 99 101 65 85 118 92 16 34 141 30 172
split_gain=0.0187017 0.0245113 0.000988797 0.00229984 0.000628526 0.000467271 0.000244926 0.000145423 9.4492e-05 0.000106272 0.000114271 4.09007e-05 5.71656e-05 5.42146e-06 2.8788e-06 2.7283e-07
threshold=36.70000000000001 0.004306250000000001 13.950000000000001 24.158163265306126 0.50694444444444453 4.1499999999999782 -5.1756756999999984 26.750000000000004 276.51121705000008 38.250000000000007 15.750000000000002 0.12000000000000001 -0.29905451257723198 39.175000000000004 -2.6542857142857144 -1.0000000180025095e-35
decision_type=2 2 2 2 2 2 2 2 2 2 2 2 2 2 2 2
left_child=2 4 3 13 -2 6 7 15 9 10 11 -8 -13 14 -1 -4
right_child=1 -3 5 -5 -6 -7 8 -9 -10 -11 -12 12 -14 -15 -16 -17
leaf_value=0 5.0819074242166603e-05 0.00093110941245953924 -3.2485183869773281e-06 0.0001687340325275707 -0.00014182414068979613 -0.00020409183655082749 0 8.3475173583754653e-05 -1.5502821995170347e-05 0 0 0 -8.3506062480387031e-05 0 -3.4233032793737644e-05 0
leaf_weight=56.290676772594452 44.272142633795738 123.16644233465195 63.634169816970825 202.9272101521492 77.098979264497757 56.273148536682129 93.407401204109192 51.174560636281967 670.48464883118868 81.404904037714005 96.835335075855255 57.473623156547546 499.85399051010609 39.546086251735687 337.9545341283083 50.215945936739445
leaf_count=83 44 8 44 45 100 46 134 51 837 86 140 57 340 67 465 73
internal_value=1.87938e-05 0.000435114 -2.24367e-05 2.60546e-05 -3.08539e-05 -4.32882e-05 -3.47304e-05 0 -4.17964e-05 -5.69945e-05 -6.2901e-05 -7.05885e-05 -7.74563e-05 -2.94256e-05 -3.14132e-05 0
internal_weight=2602.01 244.538 2357.48 636.719 121.371 1720.76 1664.48 165.025 1499.46 828.975 747.57 650.735 557.328 433.791 394.245 113.85
internal_count=2620 152 2468 660 144 1808 1762 168 1594 757 671 531 397 615 548 117
is_linear=0
shrinkage=0.05


Tree=58
num_leaves=15
num_cat=0
split_feature=176 15 83 94 21 99 101 65 85 118 92 56 16 29
split_gain=0.0169202 0.0221349 0.000897439 0.00209847 0.000573666 0.000411484 0.000224967 0.000131509 8.04977e-05 9.66381e-05 0.00010298 3.38652e-05 1.62261e-05 5.38309e-06
threshold=36.70000000000001 0.004306250000000001 13.950000000000001 17.500000000000004 0.50694444444444453 4.1499999999999782 -5.1756756999999984 26.750000000000004 276.51121705000008 38.250000000000007 19.150000000000006 -3.7305690999999679 0.12000000000000001 46.850000000000001
decision_type=2 2 2 2 2 2 2 2 2 2 2 2 2 2
left_child=2 4 3 13 -2 6 7 -4 9 10 11 12 -8 -1
right_child=1 -3 5 -5 -6 -7 8 -9 -10 -11 -12 -13 -14 -15
leaf_value=-3.1146485918619947e-05 4.8334262497692909e-05 0.0008849288882871527 0 0.00015963369809466249 -0.00013482372986946953 -0.00019406541824384236 0 7.9381412098549571e-05 -1.472883537261127e-05 0 0 0 -7.5657459284180306e-05 0
leaf_weight=384.27327600121498 44.272142633795738 123.16644233465195 113.85011575371027 205.48052823543549 77.098979264497757 56.273148536682129 78.882813811302185 51.174560636281967 670.48464883118868 81.404904037714005 58.857132911682129 71.407154083251953 538.42324914038181 46.964703068137169
leaf_count=534 44 8 117 52 100 46 113 51 837 86 86 103 369 74
internal_value=1.74662e-05 0.00041353 -2.16547e-05 2.4277e-05 -2.73055e-05 -4.15587e-05 -3.32872e-05 0 -4.00591e-05 -5.44799e-05 -6.01129e-05 -6.55378e-05 -7.0201e-05 -2.88715e-05
internal_weight=2602.01 244.538 2357.48 636.719 121.371 1720.76 1664.48 165.025 1499.46 828.975 747.57 688.713 617.306 431.238
internal_count=2620 152 2468 660 144 1808 1762 168 1594 757 671 585 482 608
is_linear=0
shrinkage=0.05


Tree=59
num_leaves=18
num_cat=0
split_feature=176 15 83 16 44 99 101 21 36 119 36 34 85 92 173 141 107
split_gain=0.0153072 0.0199891 0.000815438 0.00190702 0.000537852 0.000361731 0.000206255 0.000121009 7.04776e-05 6.38925e-05 8.48832e-05 7.18257e-05 8.3568e-05 3.20729e-05 9.53398e-06 3.20471e-06 2.35455e-06
threshold=36.70000000000001 0.004306250000000001 13.950000000000001 17.135000000000005 1722.5000000000002 4.1499999999999782 -5.1756756999999984 0.28472222222222227 270.08806500000009 26.550000000000004 263.89727940000006 -0.29905451257723198 276.51121705000008 13.650000000000004 27.368750000000002 39.175000000000004 6.5500000000000007
decision_type=2 2 2 2 2 2 2 2 2 2 2 2 2 2 2 2 2
left_child=2 4 3 14 -2 6 7 -4 9 10 -8 -12 13 -13 15 -1 -9
right_child=1 -3 5 -5 -6 -7 8 16 -10 -11 11 12 -14 -15 -16 -17 -18
leaf_value=-2.7948130129055041e-05 -0.00015565226950212818 0.0008410388134890744 6.5064195532005042e-05 0.00015970313760851711 1.6019348682944246e-05 -0.00018453157096641167 0 0 0 0 0 -7.6421037487604322e-05 -1.3449728502922319e-05 0 0 0 -1.0326006246617895e-05
leaf_weight=373.80424605309963 56.697245299816132 123.16644233465195 70.381998300552368 188.515780210495 64.673876598477364 56.273148536682129 48.873151913285255 37.268788576126099 310.51118403673172 48.325311005115509 120.57687757909298 540.4310455173254 353.41108442097902 77.331248342990875 36.148057222366333 38.250423818826675 57.37388951331377
leaf_count=533 71 8 29 13 73 46 67 53 422 42 161 392 403 107 50 64 86
internal_value=1.62349e-05 0.000393016 -2.0878e-05 2.26436e-05 -2.39326e-05 -3.98898e-05 -3.18898e-05 0 -3.83726e-05 -4.47745e-05 -4.72179e-05 -5.02339e-05 -5.49648e-05 -7.05741e-05 -2.41005e-05 -2.62558e-05 -1.87942e-06
internal_weight=2602.01 244.538 2357.48 636.719 121.371 1720.76 1664.48 165.025 1499.46 1188.95 1140.62 1091.75 971.173 617.762 448.203 412.055 94.6427
internal_count=2620 152 2468 660 144 1808 1762 168 1594 1172 1130 1063 902 499 647 597 139
is_linear=0
shrinkage=0.05


Tree=60
num_leaves=18
num_cat=0
split_feature=46 102 31 97 98 14 50 137 85 69 13 101 44 34 167 160 110
split_gain=0.00746537 0.0147439 0.00176616 0.000794568 0.000521823 0.00134137 0.000178608 0.000135387 0.000165398 8.33416e-05 6.31209e-05 2.84822e-05 3.43555e-05 4.63855e-05 4.69e-06 3.169e-06 4.5763e-07
threshold=25.000000000000004 -2.0999999999999983 37.750000000000007 -1.5999999999999985 -2.3999999999999995 0.061309237500000009 1011.7500000000001 1.3650000000000002 273.21143495000007 273.22619755000005 7.9047534722222234e-05 -5.7769812999999877 332.50000000000006 -0.10129833097923727 0.0031958075625000003 0.35000000000000009 6.0500000000000007
decision_type=2 2 2 2 2 2 2 2 2 2 2 2 2 2 2 2 2
left_child=2 -2 4 -3 7 6 -6 9 -9 -1 -11 -8 -13 -14 -12 -15 -16
right_child=1 3 -4 -5 5 -7 11 8 -10 10 14 12 13 15 16 -17 -18
leaf_value=0 0.00061910282904332104 8.0702919967999879e-05 -0.00032057294078984293 -8.0892929035735682e-05 3.7060378969853804e-05 0.00013034056419438525 0 -8.7863169805486779e-05 0 0 0 0 0 -5.1555052032874459e-05 0 0 -3.6810123566859281e-05
leaf_weight=49.390861749649048 139.06798735260963 148.56753599643707 52.206990569829941 153.69821092486382 55.888635247945786 174.85719157755375 62.99556764960289 360.63447904586792 125.88184770941734 47.495992183685303 43.516973614692688 210.37158699333668 219.38688038289547 380.95245008170605 43.846674576401711 48.244948267936707 379.5162895321846
leaf_count=72 47 39 33 85 70 57 86 166 124 60 62 287 314 516 64 65 509
internal_value=5.70192e-06 0.000195041 -2.9205e-05 0 -1.98891e-05 0 -1.93325e-05 -4.54998e-05 -6.98456e-05 -1.55504e-05 -2.58701e-05 -2.82048e-05 -3.06037e-05 -3.70423e-05 -3.27792e-05 -4.83883e-05 -3.48179e-05
internal_weight=2696.52 441.334 2255.19 302.266 2202.98 1152.7 977.84 1050.28 486.516 563.767 514.376 921.951 858.956 648.584 466.88 429.197 423.363
internal_count=2656 171 2485 124 2452 1395 1338 1057 290 767 695 1268 1182 895 635 581 573
is_linear=0
shrinkage=0.05


end of trees

feature_importances:
t2m_at_t24h=37
pre_event_mean_osi=30
pressure_change_6h=26
lcc_t=25
pressure_change_3h=24
gust_max_obs=21
gust_exceed30_x_hso=19
wind_speed_max_next_24h=17
total_tp_next_48h=17
last_N_t=16
min_t2m_next_24h=16
min_t2m_next_6h=12
wind_speed_max_next_48h=12
nbr8_max_gust_at_t1h=12
pre_event_max_outage_pct=11
frac_zero_72h=11
gust_max_next_6h=10
wind_change_1h=10
t2m_at_t6h=10
log_customers=10
wind_cos_t=9
soil_moist_t=9
min_t2m_next_48h=9
temp_change_6h=9
nbr8_max_gust_t=9
R_t_mean_72h=8
R_t_max_72h=8
wind_speed_t=7
soil_moist_x_gust=7
gust_x_hso=7
t2m_at_t1h=7
gust_at_t48h=7
tree_canopy_std=7
wind_speed_at_t48h=6
pct_developed=6
tree_canopy_pct=6
nbr8_mean_last_N_t=6
wind_sin_t=5
blh_t=5
wind_speed_max_next_1h=5
t2m_at_t48h=5
pct_forest=5
nbr8_max_last_N_t=5
nbr8_max_gust_mean_next_6h=5
gust_mean_obs=4
gust_max_last6h_obs=4
gust_max_next_1h=4
wind_speed_max_next_6h=4
gust_mean_next_48h=4
gust_change_1h=4
gust_at_t1h=4
pct_agriculture=4
pct_unmapped=4
last_P_t=3
osi_trend_last6h=3
gust_gt30_obs=3
gust_t=3
d2m_t=3
dewpoint_c_t=3
gust_max_next_48h=3
cumul_gust_since_onset=3
gust_at_t6h=3
gust_at_t24h=3
tp_at_t48h=3
pct_forest_classified=3
nbr8_mean_last_D_t=3
nbr8_mean_gust_at_t1h=3
nbr8_max_gust_max_next_6h=3
self_minus_nbr8_mean_gust_at_t1h=3
last_osi=2
hours_since_peak=2
cumul_gust_obs=2
t2m_t=2
mslma_t=2
direct_rad_t=2
temp_c_t=2
gust_exceed_30=2
gust_mean_next_1h=2
min_t2m_next_1h=2
gust_peak4h_mean_next_48h=2
gust_change_3h=2
wind_speed_at_t1h=2
wind_speed_at_t6h=2
forest_x_customers=2
tp_rate_next_48h=2
nbr8_max_osi_trend_last6h=2
nbr8_mean_gust_t=2
N_t_mean_72h=1
gust_trend_last6h_obs=1
r2_t=1
vpd_t=1
hcc_t=1
sp_t=1
sdswrf_t=1
gust_mean_next_6h=1
gust_peak4h_mean_next_6h=1
gust_max_next_24h=1
gust_mean_next_24h=1
gust_gt30_next_48h=1
cumul_tp_since_onset=1
wind_speed_at_t24h=1
pct_wetland=1
tp_rate_next_24h=1
gust_gt30_frac_next_24h=1
gust_gt30_frac_next_48h=1
nbr8_max_last_P_t=1
nbr8_max_last_D_t=1
nbr8_mean_osi_trend_last6h=1
self_minus_nbr8_mean_last_P_t=1

parameters:
[boosting: gbdt]
[objective: regression]
[metric: custom]
[tree_learner: serial]
[device_type: cpu]
[data_sample_strategy: bagging]
[data: ]
[valid: ]
[num_iterations: 2000]
[learning_rate: 0.05]
[num_leaves: 31]
[num_threads: 1]
[seed: 42]
[deterministic: 1]
[force_col_wise: 1]
[force_row_wise: 0]
[histogram_pool_size: -1]
[max_depth: -1]
[min_data_in_leaf: 50]
[min_sum_hessian_in_leaf: 0.001]
[bagging_fraction: 0.8]
[pos_bagging_fraction: 1]
[neg_bagging_fraction: 1]
[bagging_freq: 5]
[bagging_seed: 42]
[bagging_by_query: 0]
[feature_fraction: 0.8]
[feature_fraction_bynode: 1]
[feature_fraction_seed: 42]
[extra_trees: 0]
[extra_seed: 12879]
[early_stopping_round: 0]
[early_stopping_min_delta: 0]
[first_metric_only: 0]
[max_delta_step: 0]
[lambda_l1: 0.1]
[lambda_l2: 1]
[linear_lambda: 0]
[min_gain_to_split: 0]
[drop_rate: 0.1]
[max_drop: 50]
[skip_drop: 0.5]
[xgboost_dart_mode: 0]
[uniform_drop: 0]
[drop_seed: 42]
[top_rate: 0.2]
[other_rate: 0.1]
[min_data_per_group: 100]
[max_cat_threshold: 32]
[cat_l2: 10]
[cat_smooth: 10]
[max_cat_to_onehot: 4]
[top_k: 20]
[monotone_constraints: ]
[monotone_constraints_method: basic]
[monotone_penalty: 0]
[feature_contri: ]
[forcedsplits_filename: ]
[refit_decay_rate: 0.9]
[cegb_tradeoff: 1]
[cegb_penalty_split: 0]
[cegb_penalty_feature_lazy: ]
[cegb_penalty_feature_coupled: ]
[path_smooth: 0]
[interaction_constraints: ]
[verbosity: -1]
[saved_feature_importance_type: 0]
[use_quantized_grad: 0]
[num_grad_quant_bins: 4]
[quant_train_renew_leaf: 0]
[stochastic_rounding: 1]
[linear_tree: 0]
[max_bin: 255]
[max_bin_by_feature: ]
[min_data_in_bin: 3]
[bin_construct_sample_cnt: 200000]
[data_random_seed: 42]
[is_enable_sparse: 1]
[enable_bundle: 1]
[use_missing: 1]
[zero_as_missing: 0]
[feature_pre_filter: 1]
[pre_partition: 0]
[two_round: 0]
[header: 0]
[label_column: ]
[weight_column: ]
[group_column: ]
[ignore_column: ]
[categorical_feature: ]
[forcedbins_filename: ]
[precise_float_parser: 0]
[parser_config_file: ]
[objective_seed: 16083]
[num_class: 1]
[is_unbalance: 0]
[scale_pos_weight: 1]
[sigmoid: 1]
[boost_from_average: 1]
[reg_sqrt: 0]
[alpha: 0.9]
[fair_c: 1]
[poisson_max_delta_step: 0.7]
[tweedie_variance_power: 1.5]
[lambdarank_truncation_level: 30]
[lambdarank_norm: 1]
[label_gain: ]
[lambdarank_position_bias_regularization: 0]
[eval_at: ]
[multi_error_top_k: 1]
[auc_mu_weights: ]
[num_machines: 1]
[local_listen_port: 12400]
[time_out: 120]
[machine_list_filename: ]
[machines: ]
[gpu_platform_id: -1]
[gpu_device_id: -1]
[gpu_device_id_list: ]
[gpu_use_dp: 0]
[num_gpu: 1]

end of parameters

pandas_categorical:[]
