tree
version=v4
num_class=1
num_tree_per_iteration=1
label_index=0
max_feature_idx=162
objective=regression
feature_names=last_osi last_P_t last_N_t last_D_t last_R_t last_outage_pct osi_mean_72h osi_max_72h osi_std_72h outage_pct_mean_72h outage_pct_max_72h N_t_mean_72h N_t_max_72h R_t_mean_72h R_t_max_72h pre_event_mean_osi pre_event_max_outage_pct storm_onset_max_osi storm_onset_mean_osi osi_trend_last6h is_worsening frac_zero_72h hours_since_peak gust_mean_obs gust_max_obs gust_gt30_obs gust_gt40_obs cumul_gust_obs gust_last_obs gust_max_last6h_obs gust_trend_last6h_obs gust_t wind_speed_t wind_sin_t wind_cos_t t2m_t d2m_t tp_t rain_t csnow_t sdwe_t r2_t vpd_t soil_moist_t blh_t tcc_t lcc_t mcc_t hcc_t sp_t mslma_t sdswrf_t direct_rad_t diffuse_rad_t et0_t temp_c_t dewpoint_c_t icing_risk_t gust_exceed_30 soil_moist_x_gust is_snowing gust_x_hso gust_x_phase soil_gust_x_phase gust_exceed30_x_hso gust_max_next_1h gust_mean_next_1h wind_speed_max_next_1h total_tp_next_1h min_t2m_next_1h gust_gt30_next_1h gust_gt40_next_1h gust_peak4h_mean_next_1h gust_max_next_6h gust_mean_next_6h wind_speed_max_next_6h total_tp_next_6h min_t2m_next_6h gust_gt30_next_6h gust_gt40_next_6h gust_peak4h_mean_next_6h gust_max_next_24h gust_mean_next_24h wind_speed_max_next_24h total_tp_next_24h min_t2m_next_24h gust_gt30_next_24h gust_gt40_next_24h gust_peak4h_mean_next_24h gust_max_next_48h gust_mean_next_48h wind_speed_max_next_48h total_tp_next_48h min_t2m_next_48h gust_gt30_next_48h gust_gt40_next_48h gust_peak4h_mean_next_48h gust_change_1h gust_change_3h pressure_change_3h pressure_change_6h temp_change_6h wind_change_1h cumul_gust_since_onset cumul_tp_since_onset gust_gt30_since_onset gust_at_t1h wind_speed_at_t1h t2m_at_t1h tp_at_t1h gust_at_t6h wind_speed_at_t6h t2m_at_t6h tp_at_t6h gust_at_t24h wind_speed_at_t24h t2m_at_t24h tp_at_t24h gust_at_t48h wind_speed_at_t48h t2m_at_t48h tp_at_t48h hour_of_day hour_sin hour_cos days_since_onset hours_since_obs storm_phase log_customers rural_urban_code is_metro pop_density n_utilities pct_forest pct_developed pct_agriculture pct_water pct_wetland pct_unmapped pct_forest_classified tree_canopy_pct tree_canopy_std forest_x_customers window_len_next_1h is_full_next_1h tp_rate_next_1h gust_gt30_frac_next_1h has_weather_at_t1h window_len_next_6h is_full_next_6h tp_rate_next_6h gust_gt30_frac_next_6h has_weather_at_t6h window_len_next_24h is_full_next_24h tp_rate_next_24h gust_gt30_frac_next_24h has_weather_at_t24h window_len_next_48h is_full_next_48h tp_rate_next_48h gust_gt30_frac_next_48h has_weather_at_t48h
feature_infos=[0:0.55230000000000001] [9.9399999999999997e-06:0.82424180700000005] [0:0.065400654000000003] [3.2299999999999999e-05:0.90465771100000003] [0:0.058582058999999999] [0:82.420000000000002] [7.7777777777777795e-05:0.26529999999999998] [0.00040000000000000002:0.65049999999999997] [0.00012357209121964012:0.22470370552747407] [0.011111111111111112:39.644861111111112] [0.059999999999999998:100] [2.610441666666667e-05:0.018623942125000001] [0.000200943:0.37916412199999999] [2.2564708333333336e-05:0.017093115180555556] [0.00019700300000000001:0.18675781699999999] [0:0.38653749999999998] [0:100] [0.0001:0.59799999999999998] [8.3333333333333337e-06:0.20940416666666664] [-0.055854285714285697:0.019237142857142855] [0:1] [0:0.86111111111111116] [0:71] [13.769444444444444:31.258333333333326] [29.300000000000001:70] [0:35] [0:18] [991.39999999999998:2250.5999999999995] [3.5:47.5] [15.6:64.5] [-6.477142857142856:3.3114285714285714] [1.2:57.799999999999997] [0:38] [-0.99999999953664132:0.99999999987412524] [-0.99999999369183823:0.99957376561966682] [261.26364810000001:298.4303941] [257.33913039999999:289.8677619] [0:9.9000000000000004] [0:9.9000000000000004] [0:2.6600000000000001] [0:0.080000000000000002] [15:100] [0:2.5] [0.17000000000000001:0.52000000000000002] [10:3090] [0:100] [0:100] [0:100] [0:100] [884.60000000000002:1022.1] [986.70000000000005:1031.5999999999999] [0:834] [0:716] [0:454] [0:0.59999999999999998] [-11.886351899999966:25.280394100000024] [-15.81086959999999:16.717761900000028] [0:1] [0:27.799999999999997] [0.40800000000000003:22.584399999999999] [0:1] [1.6000000000000001:3819.7999999999997] [0:107.59999999999999] [0:43.900799999999997] [0:1689.7999999999997] [1.3999999999999999:57.799999999999997] [1.2999999999999998:54] [0.20000000000000001:38] [0:14.699999999999999] [260.63596569999999:298.21689659999998] [0:2] [0:2] [1.2999999999999998:54] [5.5999999999999996:57.799999999999997] [3.5714285714285716:49.328571428571429] [0.40000000000000002:38] [0:25.200000000000003] [260.21536479999997:296.40927479999999] [0:7] [0:7] [4.5499999999999998:52.024999999999999] [12.800000000000001:57.799999999999997] [8.4400000000000013:42.796000000000006] [6:38] [0:51.199999999999996] [260.21536479999997:286.5652632] [0:25] [0:19] [12.25:52.024999999999999] [12.800000000000001:57.799999999999997] [8.2816326530612248:37.651020408163269] [6:38] [0:52.900000000000006] [260.21536479999997:281.94003939999999] [0:42] [0:22] [12.625:52.024999999999999] [-22.900000000000002:23.800000000000001] [-32:35.700000000000003] [-6.1000000000000227:9.3000000000000682] [-10.600000000000023:13.700000000000045] [-20.027499999999975:21.845291299999985] [-15.300000000000001:15.599999999999998] [348.89999999999998:3733.5999999999999] [0:53.200000000000003] [0:61] [1.2:57.799999999999997] [0:38] [260.63596569999999:298.4303941] [0:9.9000000000000004] [1.3999999999999999:57.799999999999997] [0:38] [260.21536479999997:298.4303941] [0:9.9000000000000004] [0.90000000000000002:57.799999999999997] [0:38] [260.21536479999997:298.4303941] [0:9.9000000000000004] [0.90000000000000002:53.799999999999997] [0:34.299999999999997] [260.21536479999997:295.9278261] [0:9.9000000000000004] [0:23] [-1:1] [-1:1] [1:4] [1:96] [0:2] [7.9247959139564355:13.272327018090158] [1:9] [0:1] [12.979524419961969:3138.2235042681623] [1:14] [2.4399999999999999:88.569999999999993] [2.3500000000000001:77.180000000000007] [0.040000000000000001:85.829999999999998] [0.01:5.5099999999999998] [0:19.780000000000001] [1.9299999999999999:18.32] [2.5641025641025643:95.815074496056084] [2.71:80.340000000000003] [13.6:40.350000000000001] [23.724227923039628:931.73249595386176] none none [0:7.3499999999999996] [0:1] none none none [0:3.6000000000000005] [0:1] none none none [0:2.048] [0:1] none none none [0:1.0795918367346939] [0:0.8571428571428571] none
tree_sizes=3424 3465 3478 3501 3476 3516 3493 3495 3518 3426 3488 3470 3508 3495 3498 3427 3501 3429 3438 3526 3465 3540 3431 3429

Tree=0
num_leaves=31
num_cat=0
split_feature=126 141 85 3 104 137 81 108 135 30 15 135 22 91 104 103 137 91 105 10 101 100 10 49 90 80 67 133 105 3
split_gain=8.63308 2.66449 1.39312 2.19528 1.07309 0.998617 0.754963 0.582269 0.52039 0.348642 0.263881 0.232955 0.202597 0.198152 0.183824 0.109647 0.102543 0.0873071 0.0843736 0.0766565 0.18195 0.265191 0.0738332 0.0641445 0.060295 0.0564505 0.0536701 0.0467331 0.040303 0.0360678
threshold=14.500000000000002 39.600000000000009 272.38883205000008 0.060440228500000005 1.0500000000000003 0.045000000000000005 37.550000000000004 272.11558495000003 65.260000000000005 -1.7785714285714282 0.00086458333333333341 11.330000000000002 3.5000000000000004 18.350000000000005 0.65000000000000024 1358.8500000000004 0.015000000000000001 25.650000000000002 3.5000000000000004 8.0600000000000023 -8.1025173499999976 5.6499999999999782 23.455000000000002 989.25000000000011 27.278571428571436 33.862500000000004 8.2500000000000018 14.9 13.500000000000002 0.12361971100000002
decision_type=2 2 2 2 2 2 2 2 2 2 2 2 2 2 2 2 2 2 2 2 2 2 2 2 2 2 2 2 2 2
left_child=1 4 17 5 10 6 18 -6 12 22 16 15 -9 -14 -11 25 -1 19 -4 20 21 -2 24 -24 -5 -7 -16 -19 -18 -28
right_child=2 -3 3 9 7 11 -8 8 -10 14 -12 -13 13 -15 26 -17 28 27 -20 -21 -22 -23 23 -25 -26 -27 29 -29 -30 -31
leaf_value=0.022093803922530901 0.024310002946512397 0.031547326724710126 0.039793877149955956 0.024601493403549432 0.032213987829648544 0.030035433493083571 0.058711001128420752 0.027105382295228551 0.023197490112519325 0.023531847613067636 0.025571607774048391 0.024063069477984606 0.026676836285803342 0.032743132839770116 0.025925262165998147 0.024218099549639618 0.025602287506851128 0.0220778180011783 0.029753831133604247 0.02207924556221038 0.022837618421707496 0.045833986041901559 0.022363625367972772 0.023194169106088427 0.023017149541917827 0.038067570218181628 0.023209247843193104 0.022802398284185871 0.023932413729694079 0.024855005434099776
leaf_weight=69.225615534736846 6.2094476977163477 230.83018438913859 5.8104664087293107 80.319221258163225 62.416364016969055 24.708930018009614 4.1219194496716218 251.18581831611343 77.508654150297559 1069.5728344768286 431.72645080597016 25.385324902171085 27.873765101706049 39.126382343991772 103.0456160902977 7.6133018581240313 44.503971704213768 325.64541612099219 10.676591985216872 5431.138385382189 57.938381619755972 1.1883385908386053 938.51160588983635 294.02524256952483 212.55268928408623 4.6765599524355812 54.111796498298645 819.58742133292799 333.3113099227885 125.33020377159119
leaf_count=72 301 39 20 40 72 257 189 73 122 178 370 1398 36 159 87 57 351 682 121 2637 2838 58 220 38 183 50 108 113 349 64
internal_value=0.0231475 0.0265869 0.0225862 0.0234869 0.025721 0.0314556 0.0408561 0.0276866 0.0269388 0.0232525 0.0246866 0.0280408 0.0278315 0.030382 0.0238382 0.0305425 0.0238173 0.0221839 0.0343278 0.0221001 0.0237469 0.0306528 0.0227365 0.0225657 0.0234381 0.0319273 0.0249752 0.0225913 0.0241483 0.0243895
internal_weight=11169.9 1567.71 9602.17 2960.46 1336.88 82.9931 20.609 458.111 395.695 2877.47 878.767 62.3841 318.186 67.0001 1352.06 36.9988 447.041 6641.71 16.4871 5496.47 65.3362 7.39779 1525.41 1232.54 292.872 29.3855 282.488 1145.23 377.815 179.442
internal_count=11282 1643 9639 3010 1604 2092 330 462 390 918 1142 1762 268 195 437 364 772 6629 141 5834 3197 359 481 258 223 307 259 795 700 172
is_linear=0
shrinkage=1


Tree=1
num_leaves=31
num_cat=0
split_feature=61 141 104 85 3 137 59 81 90 111 15 15 85 111 94 132 81 56 12 29 112 135 91 8 101 100 160 111 141 134
split_gain=7.23755 2.36999 1.08225 0.897098 1.59996 1.02456 0.770648 0.716124 0.539545 0.695006 0.361624 0.230146 0.179139 0.146585 0.122981 0.106098 0.0986085 0.0802374 0.0775741 0.0697798 0.220271 0.061617 0.0607796 0.0576825 0.131108 0.248405 0.0541841 0.0477038 0.0464017 0.0452311
threshold=222.90000000000001 39.50500000000001 1.0500000000000003 271.44654040000006 0.060440228500000005 0.045000000000000005 3.2497500000000001 37.150000000000013 25.545918367346946 3.7500000000000004 0.00086458333333333341 0.00036458333333333335 281.25193940000003 5.9500000000000011 22.500000000000004 7.5000000000000009 44.850000000000001 -4.5555424499999608 0.051281125500000004 46.45000000000001 282.92359115000005 68.815000000000012 25.650000000000002 0.012669903153516906 -8.1025173499999976 5.3500000000000236 0.25612244897959197 3.8500000000000001 37.910000000000004 8.0800000000000018
decision_type=2 2 2 2 2 2 2 2 2 2 2 2 2 2 2 2 2 2 2 2 2 2 2 2 2 2 2 2 2 2
left_child=1 2 10 22 5 7 21 -5 13 -10 18 29 17 -8 -11 28 19 27 -1 20 -12 26 23 24 25 -2 -4 -7 -13 -6
right_child=3 -3 6 4 11 12 8 -9 9 14 16 15 -14 -15 -16 -17 -18 -19 -20 -21 -22 -23 -24 -25 -26 -27 -28 -29 -30 -31
leaf_value=0.0013911449350791473 0 0.0068498759850997189 0.0027162419739855123 0.0095256789297599072 -0.00025687407377650919 0 0.0030689357864862321 0.033106479678622958 0.015991886942439418 0.0073545786765447652 0.0026027160029354923 0.0003387558424927 0.011940520920719525 0.005409958147482804 0.0017297278153203242 0.0015979291168539034 0.00076609241236697218 0.00041188782831512254 0 0.002074326581812753 0.011520973941700079 -0.00033044954974813592 -0.00056228673916093933 -0.0010166742202462609 -0.00044069386505219793 0.017047551205603428 0.00039795910504736754 0.005200657095641271 -0.00053552499847012245 -0.0009109379277456287
leaf_weight=126.55467985071596 8.0396306142624834 288.59506783005781 56.833497098619304 12.86611758196039 560.37720608711243 3.4972618391379866 180.06207895716858 4.7064232831608015 23.652279325877338 28.124608025962836 52.496218084137695 1085.7399694204078 5.5849067757804951 134.074807083601 19.866915299095126 157.44348937273026 141.5038313777959 25.393357192067143 501.21894632244584 435.76582721807063 7.8791547402951201 56.081855449542715 1025.0962177302017 5342.7945869603063 77.089243246779859 2.2286859773608318 55.775143669153721 26.094130224024468 171.65887236595154 552.78320243954659
leaf_count=726 346 62 69 101 88 110 55 184 24 74 303 360 106 149 55 54 32 1106 232 64 94 53 700 2136 3121 76 41 441 73 247
internal_value=2.03996e-06 0.00264025 0.00196655 -0.000611514 0.000169801 0.00717068 0.00381076 0.017553 0.00504406 0.00901013 0.00115215 -4.73734e-05 0.00384117 0.00409796 0.00521097 0.000373529 0.00199124 0.00273061 0.000290108 0.00232837 0.00401679 0.000947733 -0.000927702 -0.000995648 0.000230677 0.00530652 0.00162562 0.00447843 0.000215096 -0.000586689
internal_weight=11169.9 2108.48 1819.89 9061.39 2606.14 78.1422 554.471 17.5725 385.781 71.6438 1265.42 2528 60.5697 314.137 47.9915 1414.84 637.645 54.9847 627.774 496.141 60.3754 168.69 6455.25 5430.15 87.3576 10.2683 112.609 29.5914 1257.4 1113.16
internal_count=11282 2033 1971 9249 2870 2048 520 285 357 153 1451 822 1763 204 129 487 493 1657 958 461 397 163 6379 5679 3543 422 110 551 433 335
is_linear=0
shrinkage=0.05


Tree=2
num_leaves=31
num_cat=0
split_feature=126 141 85 133 104 108 135 13 13 136 24 141 29 22 91 4 86 42 91 75 30 10 101 100 43 35 16 23 23 137
split_gain=7.11784 2.20736 1.13076 1.80006 0.873733 0.478187 0.445083 0.361309 0.291078 0.247531 0.193444 0.192055 0.191327 0.180782 0.169822 0.102215 0.0912879 0.0744778 0.0699717 0.0689665 0.0657874 0.0657162 0.163004 0.241779 0.0633979 0.0483514 0.04783 0.0422847 0.0379571 0.0369642
threshold=14.500000000000002 39.600000000000009 272.38883205000008 78.165000000000006 1.0500000000000003 272.11558495000003 65.260000000000005 0.0014273235555555556 0.00088753365972222219 1.0800000000000003 54.45000000000001 24.310000000000006 49.95000000000001 3.5000000000000004 18.350000000000005 0.015602646500000003 10.500000000000002 0.27500000000000008 25.650000000000002 9.8500000000000032 -2.5228571428571418 8.0600000000000023 -8.1025173499999976 5.6499999999999782 0.33150000000000007 279.56483920000005 1.0750000000000004 29.345833333333339 24.735416666666669 0.045000000000000005
decision_type=2 2 2 2 2 2 2 2 2 2 2 2 2 2 2 2 2 2 2 2 2 2 2 2 2 2 2 2 2 2
left_child=1 4 18 8 9 -6 13 -5 20 10 11 -1 19 -7 -15 -12 -14 -16 21 25 -4 22 23 -2 28 -10 -21 -20 -22 -13
right_child=2 -3 3 7 5 6 -8 -9 12 -11 15 29 16 14 17 -17 -18 -19 27 26 24 -23 -24 -25 -26 -27 -28 -29 -30 -31
leaf_value=0.013843940078800621 0.0010348396406888577 0.0076416655034953892 -0.00080289424317769214 0.018216672101023592 0.0082196698049698293 0.0035714595039560101 0 0.0069416663522998499 0.0022053067603892778 -0.00066955209541954153 0.00075095876873270632 0 0.0034052320400146867 0.0032170258695708425 0.011030941181767452 0.0020138765214618168 0.0012031971866077774 0.0051462866462720774 -0.0009901577034572809 -0.0005759405818707361 0.0008327777143805966 -0.0009636981768754787 -0.00027852851804270541 0.021608701810365553 0.00088686312152075656 0 0.00036560991002407999 -0.00030185768379736269 -0.00042710852440341397 0.0040834755578748544
leaf_weight=4.755730731004788 6.2094476977163477 230.83018438913859 571.90029438971897 9.5277356287112962 62.416364016969055 251.18581831611343 77.508654150297559 43.232800889728651 80.032764420311452 120.308671318297 284.22779097156479 7.1007744680809983 73.108750706538558 27.873765101706049 22.561360911831624 426.8584376071376 169.78339724056423 16.565021432160147 327.04275776116901 150.67377326105407 63.127515050515285 5431.138385382189 57.938381619755972 1.1883385908386053 133.96697280846047 36.664201120641536 1029.2536045293459 818.19007969275117 599.19049436739442 35.515942871624091
leaf_count=90 301 39 518 213 72 73 122 107 84 149 320 123 59 36 88 73 119 71 686 312 534 2637 2838 58 362 82 497 109 123 387
internal_value=2.86807e-06 0.00312592 -0.000506772 0.000304609 0.00233735 0.00411161 0.00343192 0.00937174 0.000135201 0.0014031 0.0017389 0.00485345 0.000607901 0.00425726 0.00666449 0.00151786 0.00189774 0.00885449 -0.000869179 0.000361151 -0.000393098 -0.000944363 0.000577841 0.00711471 -9.18684e-05 0.00152359 0.000240756 -0.000503469 -0.000298413 0.00344114
internal_weight=11169.9 1567.71 9602.17 2960.46 1336.88 458.111 395.695 52.7605 2907.7 878.767 758.459 47.3724 1539.52 318.186 67.0001 711.086 242.892 39.1264 6641.71 1296.62 1368.19 5496.47 65.3362 7.39779 796.285 116.697 1179.93 1145.23 662.318 42.6167
internal_count=11282 1643 9639 3010 1604 462 390 320 2690 1142 993 600 1153 268 195 393 178 159 6629 975 1537 5834 3197 359 1019 166 809 795 657 510
is_linear=0
shrinkage=0.05


Tree=3
num_leaves=31
num_cat=0
split_feature=126 141 85 3 104 137 81 108 135 30 136 24 141 135 104 13 44 83 25 75 83 10 101 100 31 75 131 35 119 56
split_gain=6.441 1.99295 1.13904 1.63995 0.812877 0.79948 0.686385 0.389709 0.393208 0.279832 0.215913 0.180916 0.168353 0.167553 0.147648 0.137068 0.136941 0.0900694 0.082264 0.0740136 0.0623904 0.0607622 0.15418 0.228637 0.052733 0.0523169 0.0470443 0.0582877 0.0438315 0.0410765
threshold=13.500000000000002 39.600000000000009 272.38883205000008 0.060440228500000005 1.0500000000000003 0.045000000000000005 37.550000000000004 272.11558495000003 68.815000000000012 -1.7785714285714282 1.0800000000000003 54.45000000000001 24.310000000000006 14.185 0.65000000000000024 0.0011158282222222223 927.50000000000011 20.150000000000002 22.500000000000004 13.15 25.550000000000004 8.0600000000000023 -8.1025173499999976 5.6499999999999782 8.9500000000000011 9.7500000000000018 129.24098929866494 278.40276710000006 13.250000000000002 -6.3278793499999599
decision_type=2 2 2 2 2 2 2 2 2 2 2 2 2 2 2 2 2 2 2 2 2 2 2 2 2 2 2 2 2 2
left_child=1 4 20 5 10 6 17 -6 15 19 11 12 -1 16 24 29 28 -4 -13 26 21 22 23 -2 -11 -16 27 -5 -7 -9
right_child=2 -3 3 9 7 13 -8 8 -10 14 -12 18 -14 -15 25 -17 -18 -19 -20 -21 -22 -23 -24 -25 -26 -27 -28 -29 -30 -31
leaf_value=0.013303782299009963 0.0009902871416581614 0.0076052852885209361 0.0028684563909439635 -0.00012206207026920174 0.0078151672707449122 0.0089400178145308175 0.032381101669755517 0.0022088615801429384 -0.00017678680812587634 0.0010146642091373281 -0.00062851045588366923 0.00080071678169046771 0.0033989025399730291 0.00044736727006984073 0.0030271411412074712 0.0063895197066998442 0.0012201959351531295 0.012310495342348229 0.0019929497344690033 -0.00064059842118185169 -0.00047887147896376119 -0.00091509690090895617 -0.00026473850481195476 0.021021991439032668 0.00018802801782239994 0.0012666027890348543 -0.00048147622791499395 0.00096367997429725729 0.0017709438844429636 0.0039943632350191568
leaf_weight=4.7111614978032952 6.209407615739357 212.53173736424651 6.2242991985798204 281.41485726833344 62.416364016969055 23.350960055646151 4.1219194496716218 63.219514019529782 59.906458028156237 256.89295309782028 110.22797780955625 273.97535152397222 39.247913315359305 23.201772049897805 59.948567569255829 62.138561510818732 13.289001469544926 10.739309608928123 363.23469676487366 831.93276426245347 1140.7178251479509 5435.6462605497227 57.947277362562758 1.1883385908386053 864.74081729352474 233.20650309324265 274.51663011312485 210.2275004123353 4.9824505685464535 177.76906081432588
leaf_count=85 296 36 79 43 72 196 189 54 77 33 138 256 473 1376 63 92 128 72 109 291 795 2649 2836 58 151 205 89 80 127 134
internal_value=3.48727e-06 0.00313701 -0.000456105 0.00033425 0.00234688 0.00710677 0.0154442 0.00411347 0.00344358 0.000137185 0.00138687 0.00172077 0.00484393 0.00412546 0.000650242 0.00417373 0.00599985 0.0094769 0.00149023 -0.00031402 -0.000825606 -0.000896497 0.000565785 0.0069236 0.000382545 0.00165269 3.44503e-05 0.000333068 0.00795314 0.00355769
internal_weight=11169.9 1429.38 9740.5 3098.79 1216.85 85.9097 21.0855 425.45 363.034 3012.88 791.397 681.169 43.9591 64.8242 1414.79 303.127 41.6224 16.9636 637.21 1598.09 6641.71 5500.99 65.345 7.39775 1121.63 293.155 766.159 491.642 28.3334 240.989
internal_count=11282 1526 9756 3122 1490 2167 340 429 357 955 1061 923 558 1827 452 280 451 151 365 503 6634 5839 3190 354 184 268 212 123 323 188
is_linear=0
shrinkage=0.05


Tree=4
num_leaves=31
num_cat=0
split_feature=126 141 85 3 137 104 88 108 142 30 136 133 23 141 104 77 136 83 15 85 10 1 90 141 83 51 137 50 101 74
split_gain=5.82262 1.79821 0.92325 1.57969 0.736574 0.714217 0.500774 0.388587 0.364207 0.236934 0.203748 0.161031 0.142375 0.159363 0.123435 0.101459 0.0936982 0.0709958 0.0570555 0.0623213 0.0554956 0.0495182 0.0465482 0.0371772 0.0333487 0.0308232 0.0283138 0.0212138 0.0207203 0.0766234
threshold=14.500000000000002 39.600000000000009 272.38883205000008 0.060440228500000005 0.045000000000000005 1.0500000000000003 36.037500000000016 272.11558495000003 153.44343424783727 -1.7785714285714282 1.0800000000000003 78.165000000000006 24.525000000000002 24.310000000000006 0.65000000000000024 274.7640469000001 0.25500000000000006 18.750000000000004 0.00088437500000000007 267.18516870000008 23.455000000000002 0.46338618900000011 27.278571428571436 35.160000000000004 29.350000000000005 88.500000000000014 0.045000000000000005 1023.4500000000002 -5.9491457000000301 27.192857142857147
decision_type=2 2 2 2 2 2 2 2 2 2 2 2 2 2 2 2 2 2 2 2 2 2 2 2 2 2 2 2 2 2
left_child=1 5 18 4 6 10 17 -7 -9 20 12 27 13 -1 25 -10 -14 -4 -2 -20 22 -22 -5 24 -16 -11 -15 -6 29 -21
right_child=2 -3 3 9 11 7 -8 8 15 14 -12 -13 16 26 23 -17 -18 -19 19 28 21 -23 -24 -25 -26 -27 -28 -29 -30 -31
leaf_value=0.012024297049171942 -0.00090580838837093646 0.0069056801233325655 0.0030756774819566467 0.0012817938524399171 0 0.0074305704207969919 0.031421890169672693 0 0.0044653076515731695 3.3682939648359861e-05 -0.0006065871569195737 0.006264063341376829 0.0017965360040710339 0 0.0016465039809276218 0.0023250594354734377 0.00055034337571186376 0.012373215721047964 -0.00073818909992689596 0.0040936164199045491 -0.00068816397093490441 1.2136737011617607e-05 -0.00010810054062130854 0.0018834492634606595 -0.00024842155218211359 0.00058092305466407015 0.003355855998828801 0.0028060700240994433 -0.00023860125576645485 -0.00056897670309797612
leaf_weight=5.0610450525340829 4001.4349096829314 230.83018438913859 5.3665238062583134 80.319221258163225 18.234324851195744 62.416364016969055 3.3972410605065297 77.748121315206561 223.48793596443909 542.52843038737774 120.308671318297 35.760564210887424 451.68383527070353 7.1007744680809983 37.846801191568375 94.458562632463156 248.31414702167604 11.845212976852961 1983.2625664857569 12.023742214515449 901.40012970936118 331.13671875 212.55268928408623 196.24774190783501 48.393073260784149 527.04440408945084 46.298874836417625 8.3892276686571439 622.4550226939657 22.531149667250574
leaf_count=86 4325 39 67 40 1229 72 170 141 140 99 149 105 119 123 89 109 278 93 1556 77 240 18 183 87 83 79 387 428 607 64
internal_value=4.218e-06 0.00282891 -0.000456683 0.000276358 0.0070361 0.00211662 0.0151181 0.00372133 0.00310638 7.72769e-05 0.00127111 0.00409087 0.00157594 0.00397561 0.000560402 0.00385442 0.00136302 0.0100769 -0.000784173 -0.000597664 -0.000347757 -0.000496109 0.000259124 0.00149282 0.000535204 0.000308303 0.00291386 0.000869756 -0.000165395 0.000982299
internal_weight=11169.9 1567.71 9602.17 2960.46 82.9931 1336.88 20.609 458.111 395.695 2877.47 878.767 62.3841 758.459 58.4607 1352.06 317.946 699.998 17.2117 6641.71 2640.27 1525.41 1232.54 292.872 282.488 86.2399 1069.57 53.3996 26.6236 657.01 34.5549
internal_count=11282 1643 9639 3010 2092 1604 330 462 390 918 1142 1762 993 596 437 249 397 160 6629 2304 481 258 223 259 172 178 510 1657 748 141
is_linear=0
shrinkage=0.05


Tree=5
num_leaves=31
num_cat=0
split_feature=126 141 105 44 47 131 104 96 28 142 24 105 56 150 43 8 126 23 93 21 122 131 100 54 107 13 67 43 133 96
split_gain=4.74423 0.982913 0.60523 0.587505 0.897427 0.461463 0.43423 0.403862 0.275724 0.154966 0.148499 0.137797 0.109336 0.104961 0.100905 0.100405 0.202915 0.084809 0.0838004 0.0561156 0.0518148 0.0457571 0.0387181 0.14022 0.0348019 0.0309866 0.0296421 0.0253713 0.0199239 0.0178833
threshold=16.500000000000004 39.600000000000009 12.500000000000002 462.50000000000006 1.5000000000000002 33.205449859187688 0.55000000000000016 36.862500000000004 42.550000000000004 153.44188182498524 58.900000000000013 3.5000000000000004 -7.4525409999999672 1.0000000180025095e-35 0.34250000000000008 0.012669903153516906 42.500000000000007 21.830555555555559 267.16704200000009 0.46527777777777785 11.500000000000002 184.63356951679341 5.4500000000000464 0.095000000000000015 2.3500000000000001 0.0016022100972222224 8.1500000000000004 0.31750000000000006 87.63000000000001 36.112500000000004
decision_type=2 2 2 2 2 2 2 2 2 2 2 2 2 2 2 2 2 2 2 2 2 2 2 2 2 2 2 2 2 2
left_child=1 3 5 4 -1 12 21 15 10 -9 17 -7 -2 -14 -12 16 -4 -8 25 26 -19 -5 -18 28 -13 -11 -20 -6 -24 -17
right_child=2 -3 7 6 27 11 8 9 -10 18 14 24 13 -15 -16 29 22 20 19 -21 -22 -23 23 -25 -26 -27 -28 -29 -30 -31
leaf_value=0.016840806301473086 0.0053257026833044329 0.0055300905681591184 0.0093039383580899616 0.00055381000181817241 0.003634437414082408 0.0086498895848904963 0 -0.00074537743324923356 0.0034904177065676078 -0.00047665738299424609 0.00029644777099003503 0.0036688311663849887 0.019044759006354432 0.0046058257491012645 0.0017237430052213444 -0.00081879023525486909 -0.00041232208039345786 0.004447811259257934 0.0020247413692177953 0.00029017673561479142 0.0015652795621566554 -0.00063015653982910578 -0.00050461882946714371 0.0132929169334167 0.0005098747561285916 5.2697226684482885e-05 0.00071776621528468396 0.00018222407751919753 0.0045811754839938951 -0.00053731223479955867
leaf_weight=15.536917918415897 16.902259947998576 205.48106721730437 5.7626223773899445 232.99500568003242 10.256773965776807 5.2294949339839141 14.43702022363115 616.79468838315324 292.1032475437969 379.02320403041745 162.17855718452483 9.5969054545136299 4.3178412520213509 4.2625766913406551 690.14978858223185 5565.1858380321719 53.911824012000324 84.632241424953747 81.301714450120926 640.31352749033204 28.245437287921021 122.01429234847177 11.607728342835337 1.4857418206023449 102.96678859656002 969.83296684932589 135.9944927100878 16.908272075635914 1.2203722480553558 762.21791134010346
leaf_count=92 40 35 145 450 48 50 145 1421 83 526 114 67 85 28 143 1957 2165 247 39 304 117 220 607 107 1431 198 94 181 13 187
internal_value=-3.34759e-05 0.0022612 -0.000493469 0.00185279 0.00761225 0.00271446 0.00169395 -0.000544124 0.00212554 -4.40494e-05 0.00171033 0.00131129 0.00871731 0.0136232 0.00145869 -0.000763854 0.00102856 0.00333151 0.000149983 0.000536989 0.0037905 0.000132217 0.000133061 0.00240649 0.000853163 -9.25881e-05 0.00123671 0.00174597 0 -0.000785763
internal_weight=11242.9 1874.94 9367.93 1669.46 42.702 143.276 1626.76 9224.65 1271.75 2823.26 979.643 117.793 25.4827 8.58042 852.328 6401.39 73.9883 127.315 2206.47 857.61 112.878 355.009 68.2257 14.3138 112.564 1348.86 217.296 27.165 12.8281 6327.4
internal_count=11339 1875 9464 1840 321 1701 1519 7763 849 2582 766 1548 153 113 257 5181 3037 509 1161 437 364 670 2892 727 1498 724 133 229 620 2144
is_linear=0
shrinkage=0.05


Tree=6
num_leaves=31
num_cat=0
split_feature=126 137 105 50 73 128 96 43 135 134 103 28 28 29 91 21 7 126 19 42 42 25 103 89 128 101 42 21 89 118
split_gain=4.28618 1.02608 0.554416 0.50738 0.810445 0.41758 0.364495 0.349154 0.286239 0.246116 0.184797 0.18026 0.130362 0.123178 0.111848 0.108405 0.0925997 0.18549 0.082378 0.0822732 0.0800981 0.0684532 0.066487 0.0614282 0.060452 0.0554401 0.0998229 0.0471936 0.0435313 0.042989
threshold=16.500000000000004 0.7400000000000001 12.500000000000002 1022.2500000000001 17.650000000000002 8.9131761541251837 36.862500000000004 0.32350000000000007 29.840000000000003 9.8350000000000026 980.70000000000016 32.550000000000004 31.450000000000003 52.250000000000007 21.350000000000005 0.4513888888888889 0.052000000000000011 42.500000000000007 0.0012928571428571427 0.67500000000000016 0.36500000000000005 11.500000000000002 633.80000000000007 45.650000000000013 10.202647249978559 -9.2602850499999914 0.22500000000000003 0.43750000000000006 47.45000000000001 40.850000000000001
decision_type=2 2 2 2 2 2 2 2 2 2 2 2 2 2 2 2 2 2 2 2 2 2 2 2 2 2 2 2 2 2
left_child=1 9 5 4 7 20 16 -3 18 15 21 -5 -8 29 19 22 17 -4 -6 -14 -2 -7 -1 -16 -11 26 -19 -25 -17 -10
right_child=2 3 6 11 8 10 12 -9 13 24 -12 -13 14 -15 23 28 -18 25 -20 -21 -22 -23 -24 27 -26 -27 -28 -29 -30 -31
leaf_value=0.0069106510780165059 0.0042660184382790952 0.0063412680064046066 0.0089063105229715053 -6.9352902187026037e-05 0.0085310727879006239 0.0068656503791213203 -0.00069213448976444976 0.016451309747556063 0.00019041746644827247 -0.00092810384938798855 0.00028011788679507382 0.0027725583625238782 0.0019353758677104864 0.0038423942389990149 -0.00023742451624213695 0.00054319992980965078 -0.00074656316542545122 0 0.0039814933206557121 7.3505630435386561e-05 0.011396762674335563 0 0.0026497907190012448 0.0013727004053940639 0.00054460586894510248 -0.00020602400321742965 0.014026742611707305 0.00018500103023975147 0.0017222008011889341 0.0035130877386285019
leaf_weight=14.309945865869393 12.556264072653777 22.064775986933775 5.7636178786567021 66.994975910843493 42.542165939917311 16.343034639488067 606.03352460635006 19.653239519874795 44.433689886797119 87.686027526855469 97.209345571951999 254.29194031528641 139.0632820346832 214.24719887971878 1114.0013845273152 106.21011505350714 6327.1559091216768 3.6567590258119713 23.49753631092608 113.15877080870268 12.720665364701288 4.4465572276230203 52.605777659929686 96.045730034820735 304.7370742566161 63.850421354233951 0.96533079277921263 754.95790190156549 608.56180802847121 13.102350311149925
leaf_count=48 25 43 143 199 122 228 1313 68 198 38 1147 154 160 26 466 261 2229 239 27 66 81 220 216 208 366 2547 23 369 77 32
internal_value=-3.09704e-05 0.0021501 -0.000468216 0.00366669 0.00491482 0.00260188 -0.000516719 0.0114947 0.00405597 0.00123824 0.00127049 0.00216607 -4.15484e-05 0.00328194 0.000134254 0.00175149 -0.000725467 0.000992121 0.00707041 0.00112339 0.00834201 0.00544647 0.00372293 4.24162e-06 0.000201301 0.000135369 0.00493859 0.000326369 0.001555 0.00107958
internal_weight=11242.9 1874.94 9367.93 700.828 379.541 143.276 9224.65 41.718 337.823 1174.11 117.999 321.287 2823.26 271.783 2217.23 781.688 6401.39 74.2361 66.0397 252.222 25.2769 20.7896 66.9157 1965.01 392.423 68.4725 4.62209 851.004 714.772 57.536
internal_count=11339 1875 9464 869 516 1701 7763 111 405 1006 1595 353 2582 256 1269 602 5181 2952 149 226 106 448 264 1043 404 2809 262 577 338 230
is_linear=0
shrinkage=0.05


Tree=7
num_leaves=31
num_cat=0
split_feature=126 104 105 77 75 131 28 85 30 14 103 15 16 36 131 85 15 16 28 30 2 43 90 106 129 47 83 92 10 100
split_gain=3.87579 0.584999 0.50475 0.5021 0.500952 0.386292 0.33859 0.33587 0.250083 0.16676 0.163674 0.148053 0.126564 0.106425 0.105773 0.0948095 0.0704927 0.0818359 0.0631326 0.0629552 0.0621876 0.0567385 0.108508 0.0458391 0.040543 0.038117 0.0330745 0.0279701 0.0241014 0.0485728
threshold=16.500000000000004 0.8500000000000002 12.500000000000002 273.36539245000006 9.0500000000000025 33.205449859187688 43.750000000000007 271.58977270000008 -1.3700000000000008 0.018475221000000003 980.70000000000016 0.00036041666666666671 0.44500000000000006 265.69745900000004 65.921432260639492 276.28071800000004 0.00072291666666666674 4.6050000000000013 38.650000000000013 -1.6200000000000008 9.2700000000000017e-05 0.42750000000000005 27.474489795918373 10.750000000000002 8.5000000000000018 92.500000000000014 25.550000000000004 9.9500000000000046 8.1950000000000021 5.4500000000000464
decision_type=2 2 2 2 2 2 2 2 2 2 2 2 2 2 2 2 2 2 2 2 2 2 2 2 2 2 2 2 2 2
left_child=1 6 5 4 -3 13 9 26 -6 18 20 24 -13 -2 -5 -15 -14 21 23 -16 -7 22 25 -1 -9 -18 28 -24 29 -4
right_child=2 3 7 14 8 10 -8 11 -10 -11 -12 12 16 15 19 -17 17 -19 -20 -21 -22 -23 27 -25 -26 -27 -28 -29 -30 -31
leaf_value=-4.1330803711884398e-05 0.0047048222786706048 0.0090870097912254099 -0.00044022270830070334 -0.00055561247280316818 0.0028777347959251668 0 0.0038148761047714329 -0.00058319508328109676 0.0067209028503584416 0.0016293794427350518 0.00026092663094698409 0.001887040681344553 -0.00061408678416885985 0.0042148218492835277 0.001610355908959716 0.01792422988892339 0.0079005167334848699 0.00018054127661466704 -0.0004260843560643763 0.0037228132104492211 0.0064464341443503216 -0.00011680689163944963 0.0021231820172489912 0.0012491260146764525 0 0.0018614714154211655 -0.00040460433071449391 0.00023694446670482453 -0.00074193518945434283 0.0030769667309337319
leaf_weight=94.60002545742725 16.90225994799572 54.778713821459064 42.35934920771389 39.810855131520725 210.93412770460162 4.2200523406615984 134.9608039855957 892.25617946625039 57.410478136166546 706.40509626657104 97.052236734831823 122.16877856105566 215.55015666969757 4.2916329009153724 175.60990410074805 4.28878504244949 9.3980204530202531 849.48432979400127 152.62886355351657 52.422472737270368 16.52089990956415 36.190745234735687 46.044605814817544 195.37728055781974 437.94883396253863 8.1317055090330523 991.49215983948579 45.886746552074328 5516.4360651082407 11.304955913931265
leaf_count=236 40 54 2115 79 172 330 12 822 99 393 1124 36 243 38 155 75 73 224 87 115 94 26 63 473 69 59 725 123 2534 651
internal_value=-2.85582e-05 0.00204545 -0.000444366 0.00335312 0.00468748 0.00248476 0.00143754 -0.000490667 0.00374042 0.00115088 0.00119672 -1.51466e-05 0.000355203 0.00797984 0.00171331 0.0127448 0.000195071 0.000375797 0.000373958 0.00213195 0.00513217 0.0014715 0.0020382 0.000812258 -0.000389978 0.0056206 -0.000682866 0.00124817 -0.000731418 0.000251977
internal_weight=11242.9 1874.94 9367.93 590.967 323.123 143.276 1283.97 9224.65 268.345 1149.01 117.793 2663.06 1332.86 25.4827 267.843 8.58042 1210.69 995.136 442.606 228.032 20.741 145.652 109.461 289.977 1330.21 17.5297 6561.59 91.9314 5570.1 53.6643
internal_count=11339 1875 9464 674 325 1701 1201 7763 271 1189 1548 1738 847 153 349 113 811 568 796 270 424 344 318 709 891 132 6025 186 5300 2766
is_linear=0
shrinkage=0.05


Tree=8
num_leaves=31
num_cat=0
split_feature=126 137 85 133 115 11 73 134 135 15 28 16 28 82 28 138 128 29 22 105 119 75 92 35 134 91 10 113 100 32
split_gain=3.50322 0.808329 0.494586 0.83785 0.455517 0.45944 0.626968 0.184201 0.168955 0.160703 0.138662 0.133817 0.119604 0.0864799 0.0677525 0.0572194 0.0519554 0.05089 0.0833962 0.107951 0.0937565 0.0493905 0.0479385 0.041117 0.0410498 0.0384857 0.0336439 0.0844603 0.188295 0.0272954
threshold=15.500000000000002 0.7400000000000001 272.38883205000008 78.165000000000006 12.050000000000002 0.0060564499583333339 17.650000000000002 9.8350000000000026 29.840000000000003 0.00035729166666666673 27.150000000000002 0.44500000000000006 32.550000000000004 24.766000000000009 43.20000000000001 5.9700000000000015 10.202647249978559 35.600000000000001 3.5000000000000004 8.5000000000000018 10.950000000000001 14.750000000000002 9.5500000000000025 273.34091070000005 8.0800000000000018 25.650000000000002 8.0600000000000023 0.75000000000000011 2.1999999999999891 7.3500000000000005
decision_type=2 2 2 2 2 2 2 2 2 2 2 2 2 2 2 2 2 2 2 2 2 2 2 2 2 2 2 2 2 2
left_child=1 7 25 9 5 6 -3 17 -8 24 13 -11 23 -5 15 21 -9 18 -1 20 -20 -13 -14 -6 29 26 27 -2 -29 -4
right_child=2 4 3 10 12 -7 8 16 -10 11 -12 14 22 -15 -16 -17 -18 -19 19 -21 -22 -23 -24 -25 -26 -27 -28 28 -30 -31
leaf_value=0.00031634836234177571 -0.00032049493658008101 0.013887137098564066 0.00038510933478256518 0.005636085333203136 0.0026959285902097168 0.003366650683740128 0.0066885940919665966 -0.00086242475741870022 0.0016805711865171356 0.0019983452222280913 0.0049223084259919295 0.001384103732418384 0.0033423276194348207 0.019319283190245475 0.0016401306346634813 -0.00045524584870986276 0.00055845768974732474 0.0014757628627246862 0.014132922807608009 0.0026901016510987312 0.0019102575064902515 0.00021147718676171675 0.0017040204146518481 -0.00021639042638823305 -0.00065784543218736868 -0.00035716203435844345 -0.00070459270854826041 0 0.013692596269731502 -0.00029217713988582061
leaf_weight=22.606168869014368 58.589383068413561 27.338063856410571 206.43955371097707 5.5279535000486231 13.234640426494762 259.79948609956773 52.019062745306677 80.484503507614079 30.446304529013567 122.2123661551741 39.916124816608317 104.04584130103581 106.33808656383735 3.0842186523909731 82.653315803036094 282.07365536587645 280.80780685814699 660.74128287808458 4.2458941261090768 33.587615781695831 4.3354066326813836 771.40638940477083 117.37252568895929 69.259144196183513 604.20556578885021 1105.8273112725365 5582.863088625254 7.5752355906565665 2.6517378532903422 501.17938674767163
leaf_count=49 2870 86 147 48 84 29 107 35 104 84 131 190 137 129 89 629 341 255 43 146 72 254 52 214 953 809 2668 320 38 226
internal_value=-2.65164e-05 0.00201925 -0.000407576 0.000159862 0.00338009 0.004571 0.00731932 0.00116612 0.00494182 3.86233e-05 0.00660427 0.000420492 0.00191612 0.0125566 0.000259491 0.00015526 0.000226622 0.00162614 0.00303829 0.00434053 0.00932356 0.000357967 0.00251643 0.000217647 -0.000354175 -0.000636939 -0.000690724 0.00035677 0.00436507 -8.72661e-05
internal_weight=11242.9 1762.62 9480.25 2722.74 675.807 369.603 109.803 1086.81 82.4654 2674.22 48.5283 1362.39 306.204 8.61217 1240.18 1157.53 361.292 725.516 64.7751 42.1689 8.5813 875.452 223.711 82.4938 1311.82 6757.51 5651.68 68.8164 10.227 707.619
internal_count=11339 1754 9585 2880 813 326 297 941 211 2572 308 1246 487 177 1162 1073 376 565 310 261 115 444 189 298 1326 6705 5896 3228 358 373
is_linear=0
shrinkage=0.05


Tree=9
num_leaves=31
num_cat=0
split_feature=93 104 77 75 8 85 10 28 96 136 30 142 128 30 101 0 103 91 103 104 82 138 30 53 85 2 87 94 18 62
split_gain=3.16954 0.613478 0.541471 0.475079 0.337155 0.538046 0.747776 0.284632 0.264946 0.188915 0.175918 0.103261 0.0957264 0.0788944 0.0689011 0.13066 0.0675409 0.0635049 0.0601109 0.0745178 0.057338 0.0498595 0.0481614 0.0401376 0.0370942 0.0355924 0.0326107 0.0319062 0.0200089 0.0198185
threshold=271.04658045000002 0.8500000000000002 273.36539245000006 9.2500000000000018 0.012669903153516906 273.99062770000006 8.3300000000000018 43.750000000000007 36.612500000000004 0.25500000000000006 -2.1457142857142872 153.44343424783727 9.3587172494913577 -3.7114285714285713 -8.1025173499999976 0.037550000000000007 1328.1000000000001 21.350000000000005 915.75000000000011 0.55000000000000016 29.742000000000004 5.54 -1.3700000000000008 134.50000000000003 272.21005160000004 4.3650000000000011e-05 3.5000000000000004 13.500000000000002 0.014758333333333337 44.45000000000001
decision_type=2 2 2 2 2 2 2 2 2 2 2 2 2 2 2 2 2 2 2 2 2 2 2 2 2 2 2 2 2 2
left_child=4 7 3 -3 5 14 20 9 -6 23 -5 -10 -4 -14 15 -1 17 22 19 27 25 -15 -13 -2 -12 -7 -18 -11 -16 -30
right_child=1 2 12 10 8 6 -8 -9 11 18 24 16 13 21 28 -17 26 -19 -20 -21 -22 -23 -24 -25 -26 -27 -28 -29 29 -31
leaf_value=0 0.0017127139575374617 0.0086370437666967777 -0.00049095408106738267 0.0026839239205629461 -0.00065626942307676613 0 0.024840584420270304 0.0032582578626275415 -0.00066411590904207583 0 0.0038379029317814083 0.0003923015146343782 0.00019069204559648173 0.0016542980524166984 -0.00056152731976208587 0.010384431019112978 -0.0003322271396072544 0.00014580550237180476 -0.00021284749806202313 0.0026519468565055285 0 0.0033643394368570879 0.0019081440309633741 0.00090244527628090374 0.0071370170643659039 0.005969264928493115 0.00011039650148904465 0.0019464189700501206 0.0034088498909053419 0
leaf_weight=6.7852233710808871 481.80373188168824 58.216520432640095 44.494000640786908 189.40542944484514 5977.0202539129423 2.4956748800600641 4.3583717466611196 146.20753765106201 609.05754039641715 129.89741378566237 29.451052996628277 120.16824752584853 58.939552678095481 134.2263961776373 81.476495869059505 3.6093200743198395 862.39777845193521 568.57058858498931 334.671187195154 45.205519071475635 8.2856525857658934 84.745108092973908 109.78017950057983 279.74392502427884 36.574703296771077 18.6520935082101 779.95011556148529 23.909884530022055 5.7440681610023585 7.0235533856321126
leaf_count=454 303 58 46 78 2100 508 153 13 925 430 82 97 55 155 3706 11 260 115 363 80 296 186 26 102 39 273 123 104 110 88
internal_value=-2.44178e-05 0.00173796 0.00303555 0.00452102 -0.000424584 0.00200896 0.0073994 0.00116022 -0.000462675 0.000917198 0.0035334 -8.15534e-05 0.00156545 0.00191319 0.000167283 0.00386715 6.19753e-05 0.000440222 0.000184483 0.000875379 0.00392112 0.00235112 0.00114276 0.0014232 0.00581925 0.00525351 -0.000119044 0.000307171 -0.000224611 0.00144687
internal_weight=11242.9 2077.49 636.053 313.648 9165.38 138.43 33.7918 1441.44 9026.94 1295.23 255.431 3049.92 322.405 277.911 104.639 10.3945 2440.87 798.519 533.684 199.013 29.4334 218.972 229.948 761.548 66.0258 21.1478 1642.35 153.807 94.2441 12.7676
internal_count=11339 2094 699 257 9245 5599 1230 1395 3646 1382 199 1546 442 396 4369 465 621 238 977 614 1077 341 123 405 121 781 383 534 3904 198
is_linear=0
shrinkage=0.05


Tree=10
num_leaves=31
num_cat=0
split_feature=126 141 44 131 105 131 126 21 104 36 105 75 18 104 25 161 30 141 65 25 67 22 82 42 67 121 23 93 33 34
split_gain=3.1965 1.10801 0.520238 0.762019 0.492442 0.351747 0.330786 0.236269 0.14894 0.133361 0.121461 0.116767 0.108685 0.379415 0.212715 0.127553 0.0815124 0.0738192 0.067101 0.0551277 0.0536971 0.0499843 0.0393519 0.0382294 0.0355643 0.0350206 0.0349613 0.0496459 0.052521 0.0321746
threshold=16.500000000000004 39.600000000000009 432.50000000000006 65.098110623250292 12.500000000000002 33.205449859187688 38.500000000000007 0.54861111111111127 1.0500000000000003 265.69745900000004 3.5000000000000004 11.250000000000002 0.022518750000000004 0.15000000000000005 18.500000000000004 0.39795918367346944 -2.2414285714285707 37.910000000000004 10.15 20.500000000000004 8.2500000000000018 3.5000000000000004 15.090000000000002 0.28500000000000009 8.7500000000000018 1.4500000000000002 24.694444444444446 274.35402600000003 -0.98813025270927179 -0.96719818112991607
decision_type=2 2 2 2 2 2 2 2 2 2 2 2 2 2 2 2 2 2 2 2 2 2 2 2 2 2 2 2 2 2
left_child=1 2 3 -1 5 9 12 8 17 -2 -7 -10 13 14 -6 18 -14 26 -15 -18 -21 -13 -9 -23 -20 -12 27 28 -4 -8
right_child=4 -3 7 -5 6 10 29 22 11 -11 25 21 16 15 -16 -17 19 -19 24 20 -22 23 -24 -25 -26 -27 -28 -29 -30 -31
leaf_value=0.013717121309105832 0.0043606572910865485 0.0051300473791572355 0.0016518204433986436 0.00074604784666149602 0.021902591952220343 0.008766977852513019 -0.00032828540224156925 0.0007013091273195219 0.0017255922675761277 0.013159494441454117 0.0003530161404340549 0.0026842440046278013 -0.00059314208454470214 0 0.0014222651071434469 -0.00022776689000540701 -0.00035607160141820334 0.00025274596694213136 0.0076783550094398113 0.00091066462385019854 0.00015259893385718743 0.0065356825852926599 -0.00043975105187922813 0.0029761287790617177 0.0014666562321516132 0.0032347259215919476 0.0013237551003629469 0.00074044515309048761 0.0060241841166026426 -0.00063440830252958281
leaf_weight=20.130535202532172 15.618347143944208 233.68374780507293 20.06275733371487 26.555242253119815 2.552955826409586 4.3579200300441832 1105.8102648587565 128.31868111649533 225.60929193518615 8.6741721409121038 78.380569051711632 76.912493318319321 432.6693747644581 5.867899698728368 3.1022289774500678 66.075111839345851 393.4377346104593 169.93550549633801 9.4229232571660919 295.45005539059639 1232.3280000239611 27.386494004716496 179.50172290418527 24.325030150774126 6.6831624335701454 12.572223703473012 685.7512612693788 26.946764320563943 16.529117825317172 5605.9944346579441
leaf_count=69 40 39 29 222 62 46 865 147 150 100 1390 17 183 24 76 573 188 72 52 67 183 61 399 51 134 96 249 244 119 5329
internal_value=1.79433e-05 0.00190863 0.00144028 0.00661429 -0.000361012 0.00280815 -0.000403243 0.00128028 0.00158063 0.00809623 0.00133835 0.00246617 9.25479e-05 0.00175405 0.013321 0.00081374 2.35661e-05 0.00123163 0.00403675 0.00016529 0.000302968 0.00370326 2.04538e-05 0.00504436 0.00562954 0.000836571 0.00144634 0.00265087 0.00386761 -0.000584774
internal_weight=11140.6 1861.65 1627.96 46.6858 9279 119.603 9159.39 1581.28 1273.46 24.2925 95.3107 354.233 2447.59 93.7043 5.65518 88.0491 2353.89 919.225 21.974 1921.22 1527.78 128.624 307.82 51.7115 16.1061 90.9528 749.29 63.5386 36.5919 6711.8
internal_count=11276 1868 1829 291 9408 1672 7736 1538 992 140 1532 279 1542 921 138 783 621 713 210 438 250 129 546 112 186 1486 641 392 148 6194
is_linear=0
shrinkage=0.05


Tree=11
num_leaves=31
num_cat=0
split_feature=93 138 112 116 67 3 116 137 81 121 21 137 126 96 120 128 41 137 131 134 138 30 16 101 124 29 74 88 56 0
split_gain=2.89241 1.01818 0.711625 0.383569 0.46795 0.357412 0.686186 0.436331 0.406343 0.281099 0.267974 0.225172 0.21118 0.208059 0.172787 0.132102 0.11103 0.121711 0.0972594 0.0968671 0.0848453 0.0607583 0.0544646 0.0413211 0.0912489 0.03675 0.0365902 0.0301377 0.0296218 0.0283371
threshold=271.04658045000002 8.5650000000000013 279.42282265000006 276.75522120000005 6.4500000000000011 0.070287904500000012 280.91509405000005 0.045000000000000005 37.350000000000001 0.15000000000000005 0.53472222222222232 0.7400000000000001 38.500000000000007 37.88750000000001 276.20212760000004 10.08131503200155 38.500000000000007 0.045000000000000005 87.127452563964752 9.8350000000000026 11.770000000000001 -1.9485714285714268 0.26500000000000007 -8.5285749500000048 -0.9159756150367534 49.95000000000001 32.43571428571429 36.612500000000004 -5.2047314499999677 0.21365000000000003
decision_type=2 2 2 2 2 2 2 2 2 2 2 2 2 2 2 2 2 2 2 2 2 2 2 2 2 2 2 2 2 2
left_child=5 3 13 4 -2 6 16 8 -8 -4 11 19 21 -3 -13 -6 17 -1 26 -5 -15 -7 28 24 -18 -23 -9 -14 -12 -29
right_child=1 2 9 10 15 12 7 18 -10 -11 22 14 27 20 -16 -17 23 -19 -20 -21 -22 25 -24 -25 -26 -27 -28 29 -30 -31
leaf_value=0.011709458195157306 0.010817035024730326 0.0065260889223753074 0.00052213048744167339 0.0013285156197472186 -0.00070072178466931917 -0.00030276364392018183 0.0062900855790769374 0.0039469190655812827 0.028079482981017576 0.013228160779443832 0.00016826208846442282 0.001283405032781897 -0.00062099975781037837 0.0031073056001144034 0.0032308247730802918 0.0043817581342566574 0.0089031897982618964 0.00082407219269418951 0 0.0001347859299022975 0 9.4498761792908976e-05 -0.00048521642956660571 -0.00043321480583765064 0 0.00081720630654941477 0.010133524598285967 -0.00060613330337028714 0.001642371997104333 -9.5263672008766165e-05
leaf_weight=3.1663165484307703 22.416179653752096 42.918817859750476 6.0861731702773829 761.02042959896266 22.013776913861882 966.50146881213732 7.5984568723943422 25.017437151609148 3.3184405512338344 31.394783440891565 107.66085066339244 217.35615900740578 5393.5613583278355 75.882818968908452 273.70586993363116 24.853801501840756 2.8349162177512452 10.345206406391908 12.386080995336107 231.43415581046611 28.344222547234978 1029.8744528740581 223.03493784940113 176.04286070067462 15.301746105492866 217.47026056051254 4.3487131629299247 512.626521975787 56.250752159271769 635.87805700302124
leaf_count=52 9 132 198 278 74 259 65 371 123 108 192 162 1458 128 85 79 47 197 600 212 91 270 233 4666 475 99 44 436 115 18
internal_value=1.7883e-05 0.00167761 0.00522579 0.0013348 0.00498625 -0.000372764 0.00144506 0.00648684 0.0151335 0.0113621 0.00119428 0.00149978 -0.000427547 0.00356287 0.00238337 0.00192529 0.000117581 0.00435065 0.00380796 0.00105559 0.00224473 -3.14814e-06 9.29278e-06 -0.000172131 0.001991 0.000225059 0.00533127 -0.000570378 0.000711354 -0.000327965
internal_weight=11140.6 2124.37 184.627 1939.75 69.2838 9016.27 260.36 52.6691 10.9169 37.481 1870.46 1483.52 8755.91 147.146 491.062 46.8676 207.691 13.5115 41.7522 992.455 104.227 2213.85 386.947 194.18 18.1367 1247.34 29.3662 6542.07 163.912 1148.5
internal_count=11276 2096 657 1439 162 9180 6640 1203 188 306 1277 737 2540 351 247 153 5437 249 1015 490 219 628 540 5188 522 369 415 1912 307 454
is_linear=0
shrinkage=0.05


Tree=12
num_leaves=31
num_cat=0
split_feature=126 138 112 116 3 116 67 132 82 30 137 96 134 119 139 115 15 59 92 13 13 13 67 138 15 133 112 52 1 43
split_gain=2.61973 0.928159 0.561203 0.398851 0.77837 0.31835 0.476335 0.302278 0.251106 0.327247 0.174172 0.1717 0.140574 0.125132 0.0989315 0.0862379 0.0852723 0.0819495 0.0629604 0.0597483 0.0569135 0.0442474 0.0525238 0.0439155 0.0376162 0.0925914 0.030942 0.0302781 0.0274642 0.0498313
threshold=16.500000000000004 8.5650000000000013 279.42282265000006 281.18299810000002 0.070287904500000012 276.64557680000007 6.3500000000000005 1.5000000000000002 22.992000000000004 -1.2357142857142864 0.045000000000000005 37.88750000000001 8.0800000000000018 17.650000000000002 66.613401564983164 14.050000000000002 0.00040625000000000009 7.5463000000000013 13.250000000000004 0.00061467323611111128 0.0011737114236111113 0.00088753365972222219 8.2500000000000018 11.770000000000001 0.0037166666666666672 59.620000000000005 276.65516740000004 237.50000000000003 0.15152663050000001 0.30350000000000005
decision_type=2 2 2 2 2 2 2 2 2 2 2 2 2 2 2 2 2 2 2 2 2 2 2 2 2 2 2 2 2 2
left_child=1 5 11 18 7 6 -1 8 -5 -10 -7 -3 15 -4 -9 19 28 -8 -2 -12 -20 -6 -23 -13 25 26 -18 -22 29 -14
right_child=3 2 13 4 21 10 17 14 9 -11 12 23 16 -15 -16 -17 24 -19 20 -21 27 22 -24 -25 -26 -27 -28 -29 -30 -31
leaf_value=0.011888255060058478 -0.0005768514750310751 0.0062024481840052001 0.012828700810226749 0.0018468799877334578 -0.00013226711680548514 -0.00032097111793174832 -0.0006965523244468533 0.00012939011856425274 0.025053873840954585 0.0013896420952206386 0.0020855333757243684 0.0028112504482045398 0.0044394633880280067 0.004869390741059321 0.0052693959058209517 0.0011625805305330956 0.0043849921178981338 0.0034736011698148759 -0.00050755185559979074 0.0037622059505252321 -7.380315329217405e-05 0.0010047742533529302 0.00014412016101050492 0 0.0011605964526303861 0.00027633940263775659 0.0021195063439502487 0.0007365893094550311 1.6443165475876296e-05 0.00042069271852297069
leaf_weight=16.809562470992788 5513.5243767705051 42.908941880389079 26.06171340450258 4.71622625537624 835.36955380439758 155.69195319084565 15.20369519248556 15.68115106344934 4.6828050898038782 2.7672135146647179 184.08855732137602 56.780020317700007 9.5778742258553091 11.115556814400735 33.761089723833557 157.44973527147329 34.83720322755746 31.742652125219742 954.45494880392289 99.844703732633207 792.89772124757837 239.82454855937067 748.32321427836382 21.598375137358829 625.3061691418485 50.887853823642516 60.570170190216253 132.99452929766449 216.8908007144928 44.28310675272408
leaf_count=8 5752 48 193 112 201 217 45 722 52 106 81 130 22 47 360 121 71 131 1228 116 469 122 198 95 94 50 73 86 53 273
internal_value=1.78015e-05 0.00172947 0.0053895 -0.000325222 0.000322269 0.00138304 0.00485165 0.00580587 0.0127727 0.0180605 0.00124223 0.00362485 0.00140973 0.0107698 0.00377319 0.0021692 0.00108158 0.00203244 -0.000491002 0.00270382 -0.000236446 0.000131181 0.000358861 0.00209037 0.00135111 0.00211808 0.0030355 3.78758e-05 0.000292889 0.00129437
internal_weight=11140.6 1861.65 158.465 9279 1885.13 1703.18 63.7559 61.6085 12.1662 7.45002 1639.43 121.287 1483.74 37.1773 49.4422 441.383 1042.35 46.9463 7393.87 283.933 1880.35 1823.52 988.148 78.3784 771.601 146.295 95.4074 925.892 270.752 53.861
internal_count=11276 1868 513 9408 1873 1355 184 1352 270 158 1171 273 954 240 1082 318 636 176 7535 197 1783 521 320 225 288 194 144 555 348 295
is_linear=0
shrinkage=0.05


Tree=13
num_leaves=31
num_cat=0
split_feature=126 138 112 105 116 67 131 85 28 138 18 104 27 118 36 136 24 103 90 59 25 106 116 27 112 67 138 85 18 15
split_gain=2.37196 0.842587 0.508931 0.388348 0.288665 0.432393 0.270093 0.261378 0.238026 0.150871 0.117674 0.435077 0.297072 0.114005 0.109919 0.0992122 0.103567 0.0983192 0.0799357 0.0746083 0.0683896 0.068086 0.0611981 0.0526559 0.0446471 0.0442201 0.0316231 0.0289066 0.02418 0.0223897
threshold=16.500000000000004 8.5650000000000013 279.42282265000006 12.500000000000002 276.64557680000007 6.3500000000000005 33.205449859187688 273.84030045000003 42.550000000000004 9.3300000000000018 0.023514583333333335 0.25000000000000006 1734.8500000000001 28.950000000000003 265.69745900000004 0.25500000000000006 54.650000000000006 980.70000000000016 27.278571428571436 7.5463000000000013 20.500000000000004 10.350000000000003 285.65627605000003 1571.8000000000002 273.31942615000008 8.4500000000000011 6.6400000000000015 276.17713375000005 0.014097916666666667 0.00088437500000000007
decision_type=2 2 2 2 2 2 2 2 2 2 2 2 2 2 2 2 2 2 2 2 2 2 2 2 2 2 2 2 2 2
left_child=1 4 9 6 5 -1 14 29 15 -3 11 12 -9 -4 -2 -6 23 22 21 -7 -12 -13 -8 -17 -11 -22 -18 -25 -20 -5
right_child=3 2 13 7 8 19 17 10 -10 24 20 18 -14 -15 -16 16 26 -19 28 -21 25 -23 -24 27 -26 -27 -28 -29 -30 -31
leaf_value=0.01132721856591138 0.0037388772895990095 0.004950150412003476 0.013581727039384732 -0.00058662633628011576 0.0012072047693129379 -0.00066387409550171987 0.0078832326529968671 0.021609312481052845 0.0022196488386231144 0.0035405315910730776 -0.00042580132805419471 0 0.00137357254458344 0.0065213471323024635 0.011742654687153227 -0.00072563061887152066 -0.0004244516577866812 0.0002906772741522032 0.0021494319953622109 0.0033052254703884402 0.00065413960130852921 0.0056815405295036247 0.0014738674027251703 0.0032925009609969589 0.0001149294175936253 4.1254773862962211e-05 0.00042578814803604476 0.00066090553527606744 -0.00034207884264210643 -0.00039176281092403542
leaf_weight=16.809562470992788 15.618347143944208 70.824585004999904 17.589683944431144 3978.0312406709754 709.4640147699115 15.20369519248556 7.0933538328033832 3.463790614579934 416.9739614231512 13.716426915327245 633.40852905152133 7.5959205512471994 4.2793043847432273 19.587586274472173 8.6741721409121038 12.078766538469351 229.36062369448518 75.369458174404528 10.272079810272457 31.742652125219742 384.14805130660534 12.030377543983695 12.84790077802092 43.84865424140952 36.746325415120765 1339.2493437230587 206.40588177194149 21.296225153296831 70.546899704400857 2716.3686089774574
leaf_count=8 40 48 157 4140 349 45 163 125 70 40 229 29 81 83 100 100 240 1104 296 131 89 102 265 163 185 248 111 138 188 2209
internal_value=1.77357e-05 0.00164647 0.0051342 -0.000308641 0.00131621 0.00462039 0.00250528 -0.000346201 0.00118193 0.00345076 9.22275e-05 0.00169736 0.0124339 0.010261 0.00714577 0.000822359 0.000279078 0.0012087 0.000706009 0.0019285 1.57351e-05 0.00348426 0.0042601 0.00195477 0.00119391 0.000181067 -1.02251e-05 0.00253081 0 -0.000508374
internal_weight=11140.6 1861.65 158.465 9279 1703.18 63.7559 119.603 9159.39 1639.43 121.287 2464.99 108.188 7.74309 37.1773 24.2925 1222.45 512.99 95.3107 100.445 46.9463 2356.81 19.6263 19.9413 77.2236 50.4628 1723.4 435.767 65.1449 80.819 6694.4
internal_count=11276 1868 513 9408 1355 184 1672 7736 1171 273 1387 821 206 240 140 1101 752 1532 615 176 566 131 428 401 225 337 351 301 484 6349
is_linear=0
shrinkage=0.05


Tree=14
num_leaves=31
num_cat=0
split_feature=126 141 116 135 44 47 85 104 135 19 19 132 0 132 88 43 2 101 96 92 13 134 33 134 124 91 49 2 90 45
split_gain=2.14864 0.888103 0.443997 0.481081 0.352838 0.548575 0.237566 0.136967 0.109189 0.137723 0.106496 0.0872533 0.0970512 0.265412 0.213114 0.0760555 0.0625116 0.0600957 0.0587433 0.0547632 0.0653495 0.0423192 0.02976 0.0289779 0.0282837 0.031269 0.0276102 0.0196206 0.0286945 0.018606
threshold=13.500000000000002 39.600000000000009 281.18299810000002 7.3400000000000007 432.50000000000006 1.5000000000000002 281.25193940000003 0.55000000000000016 65.260000000000005 -0.00087142857142856716 -0.003201428571428569 7.5000000000000009 0.068050000000000013 1.5000000000000002 35.662500000000009 0.35050000000000003 0.00015051900000000003 -0.84872594999998785 47.550000000000004 9.6500000000000039 0.0011737114236111113 9.1950000000000021 0.79684538466279731 12.085000000000003 -0.70710678118654757 21.350000000000005 979.25000000000011 9.2700000000000017e-05 28.131632653061228 95.500000000000014
decision_type=2 2 2 2 2 2 2 2 2 2 2 2 2 2 2 2 2 2 2 2 2 2 2 2 2 2 2 2 2 2
left_child=1 4 19 6 5 -1 17 23 9 10 -9 12 13 14 -5 21 -11 -4 -7 -2 -21 -14 -13 -6 25 -22 -17 -15 -29 -10
right_child=2 -3 3 11 7 18 -8 8 29 16 -12 22 15 27 -16 26 -18 -19 -20 20 24 -23 -24 -25 -26 -27 -28 28 -30 -31
leaf_value=0.013006543592751864 -0.0005372085541345996 0.0050839635549619492 0.0062257041105629601 0 0.00050284624217075159 0 0.011735609941445704 0.002767328367475938 0.0011461868757440168 0.00054559678374576726 0.0080631317019827994 0.0022825513578644398 5.203139805808052e-05 0.00015755201716358987 0.021205407731893489 0.00020557290349270879 0.0020981312146987766 0.0016533456425551754 0.0048343642006679552 -0.00048157358896523336 0.0015353149117966237 -0.00056766060066911633 0.0007511528837461966 -0.00060508805062729374 -8.3783542683310555e-05 0.00015587626271876422 0.00096506460691970879 0.0035812657742471214 0 0.00044710458950872328
leaf_weight=15.469578160090945 5042.235968967354 178.78840673039667 11.465570971696563 1.2372185809749887 165.4153706973629 23.041896271571947 10.148279041433964 41.104576469775111 462.70428184880808 101.97797821276129 15.198797845398074 59.757053340319544 1079.8505319356918 35.273250091951901 2.1081467548783621 256.33842045068741 247.74654770477537 32.003892241119075 8.1743030239890953 1279.8787751761288 58.778892241351059 363.9967679977417 101.88643176330515 88.412462957549053 846.94018336907504 166.04390736868288 264.26370918750763 13.990703990452404 10.820502332382601 155.59361761943165
leaf_count=90 5104 30 89 102 396 178 93 61 133 147 128 23 127 810 56 85 95 164 23 1681 108 154 122 135 561 104 45 204 122 106
internal_value=1.76435e-05 0.00177533 -0.000256238 0.000358581 0.00132155 0.00557533 0.00499848 0.00115803 0.00141587 0.00206428 0.00439992 0.000240445 0.000148228 0.00206106 0.0141078 8.29033e-05 0.00166252 0.00308467 0.00144808 -0.00044346 -0.000240182 -0.000101018 0.00135858 9.64531e-05 4.36016e-05 0.000543867 0.000601797 0.0010885 0.00216091 0.000979344
internal_weight=11140.6 1503.63 9637.02 2243.14 1324.84 46.6858 53.6177 1278.15 1024.33 406.028 56.3034 2189.52 2027.88 63.4298 3.34537 1964.45 349.725 43.4695 31.2162 7393.88 2351.64 1443.85 161.643 253.828 1071.76 224.823 520.602 60.0845 24.8112 618.298
internal_count=11276 1522 9754 2196 1492 291 346 1201 670 431 189 1850 1705 1294 158 411 242 253 201 7558 2454 281 145 531 773 212 130 1136 326 239
is_linear=0
shrinkage=0.05


Tree=15
num_leaves=31
num_cat=0
split_feature=93 141 18 3 134 126 21 120 3 92 96 27 104 101 35 142 69 116 50 132 126 19 30 4 92 61 30 111 49 135
split_gain=1.47557 0.42595 0.311669 0.305944 0.269558 0.364335 0.228844 0.224308 0.259814 0.200512 0.173323 0.143786 0.130063 0.107176 0.131143 0.0835584 0.0671896 0.0547587 0.0404435 0.028475 0.0269547 0.058222 0.044966 0.015819 0.0157864 0.0834113 0.0156655 0.0169696 0.021439 0.0148459
threshold=271.04658045000002 39.50500000000001 0.014410416666666669 0.029671091000000004 6.4500000000000011 38.500000000000007 0.54861111111111127 289.19844915000004 0.023137828000000003 20.750000000000007 36.612500000000004 1744.4500000000003 1.0500000000000003 -8.1025173499999976 276.02643520000009 153.44188182498524 278.36214190000004 285.65627605000003 1015.9500000000002 4.5000000000000009 40.500000000000007 -0.00087142857142856716 -1.4571428571428566 0.015602646500000003 19.750000000000007 416.05000000000001 -2.1971428571428571 9.7500000000000018 969.6500000000002 33.420000000000009
decision_type=2 2 2 2 2 2 2 2 2 2 2 2 2 2 2 2 2 2 2 2 2 2 2 2 2 2 2 2 2 2
left_child=4 2 3 7 5 9 12 8 -2 18 24 -11 16 14 -7 -12 23 -5 -1 -8 21 22 -17 -4 -6 -26 27 -15 -29 -24
right_child=1 -3 6 17 10 13 19 -9 -10 11 15 -13 -14 26 -16 20 -18 -19 -20 -21 -22 -23 29 -25 25 -27 -28 28 -30 -31
leaf_value=0 0 0.0031520129947020582 0.00060406187801483459 0.0041071741046670961 -0.00049952486161753404 0 -0.00062144874238960588 -0.00079647080036771034 0.020861124250439015 0.019433535714042684 -0.00054895772677443846 0.0029564158788182079 0.0020092583194723204 0 0.0096042144885935057 0.0025215306308117389 0 0.00023775659635800171 0.0044608032297275314 0.00023567914096561885 -0.00014082480855607109 8.9621025974581225e-05 0.00085690270978150721 0.0011482609558797327 0.0046265202964663032 -0.00032724173465846474 -0.0004120690479601867 0 0.0074492464622298461 -0.00012093338074673788
leaf_weight=5.1755169430991854 2.2254367499124879 242.10354539484251 228.88082053131734 25.131721418350935 5837.9100061191639 8.1704100706197078 234.07691533118486 1.7957258374933074 5.5509808457354666 3.6363455578130006 641.45089274795282 3.6274356693029404 308.9650271832943 4.8990256745998959 5.5503455319608284 39.34016913471055 206.93368413186931 18.766069125384092 26.734773604237489 153.56832452583694 863.2945554323187 1597.1269107329592 128.27697684243265 669.58255387842655 8.3868465564116104 82.52855666470289 98.777692157259025 2.6461077890126039 1.1986244094036917 43.248601040873496
leaf_count=59 816 63 226 90 4345 87 122 181 115 114 1636 29 97 151 43 79 106 90 203 111 432 404 98 50 70 422 803 104 35 103
internal_value=-2.34722e-05 0.00117484 0.00091261 0.0046594 -0.000291445 0.00172944 0.000796138 0.0124639 0.0158375 0.00586401 -0.000327248 0.0131636 0.00109167 0.000315586 0.00433278 -3.59175e-05 0.000829089 0.00260652 0.00370097 -0.000269294 8.55661e-05 0.000196447 0.000977721 0.00101601 -0.000489152 0.000120702 -0.000186175 0.00163298 0.00375764 0.000582097
internal_weight=11499.6 2097.58 1855.48 53.4699 9401.98 160.416 1802.01 9.57214 7.77642 39.1741 9241.56 7.26378 1414.36 121.242 13.7208 3312.74 1105.4 43.8978 31.9103 387.645 2671.29 1807.99 210.866 898.463 5928.83 90.9154 107.521 8.74376 3.84473 171.526
internal_count=11284 2067 2004 1292 9217 1628 712 1112 931 405 7589 143 479 1223 130 2752 382 180 262 233 1116 684 280 276 4837 492 1093 290 139 201
is_linear=0
shrinkage=0.05


Tree=16
num_leaves=31
num_cat=0
split_feature=126 141 105 128 96 21 84 135 49 22 119 142 66 21 137 49 132 7 85 100 118 101 34 41 83 132 138 90 100 106
split_gain=1.33294 0.416659 0.331884 0.256263 0.179483 0.178135 0.159913 0.156247 0.229048 0.162928 0.153695 0.0910305 0.0631765 0.0628938 0.0537295 0.104077 0.0502496 0.0492462 0.0976784 0.166463 0.0516752 0.0431413 0.0465525 0.0346567 0.0323015 0.0305877 0.0276264 0.0214067 0.0202429 0.0157648
threshold=15.500000000000002 39.600000000000009 12.500000000000002 9.4788778498497113 36.862500000000004 0.54861111111111127 0.55000000000000016 16.445000000000004 982.45000000000016 6.5000000000000009 17.350000000000005 153.44188182498524 33.875000000000007 0.27083333333333343 1.0550000000000004 979.25000000000011 7.5000000000000009 0.052000000000000011 267.48974890000005 5.5999999999999668 18.050000000000004 -5.869327349999991 0.41686923087571887 39.500000000000007 17.250000000000004 3.5000000000000004 7.8450000000000015 21.248979591836736 -3.8500000000000223 8.4500000000000011
decision_type=2 2 2 2 2 2 2 2 2 2 2 2 2 2 2 2 2 2 2 2 2 2 2 2 2 2 2 2 2 2
left_child=1 5 3 6 17 7 24 8 12 -10 -11 -6 -1 27 -15 -16 26 18 -4 20 -20 -5 -23 -24 -2 29 28 -9 -13 -7
right_child=2 -3 4 21 11 25 -8 13 9 10 -12 16 -14 14 15 -17 -18 -19 19 -21 -22 22 23 -25 -26 -27 -28 -29 -30 -31
leaf_value=-0.0001583031703399753 0.00078701020645840104 0.0033990526741416228 -0.00022697394359470196 0.0053104758813235821 -0.00051009610799932371 0.00040749579992147299 0.011451583124263113 0.00075042926675590886 0.00017633250410460926 0.016755071268977823 0.0041487247596599134 3.7930150756585178e-06 0.0040398281323044908 0.0010167650305731521 0.0044544764682815452 0.0014255013507656531 0.00085887845287612613 -0.00045850410105762688 0 0.016195996295324845 0.0052569023856200679 -4.2791373102266419e-05 0.0050934067765381974 0 0.0045137236600440002 0.00033738797461161534 -0.00045662309116355866 -0.0005528207129082733 0.000323044440562179 -0.00088551225320075179
leaf_weight=22.800749593701994 12.812157458786656 198.4293538578786 51.67870626205378 3.7889058522964367 654.89598074284504 22.825493089461546 8.1471699521892997 56.187514311924701 5.7902885421208365 6.1047681876575535 7.0967661900842813 1265.9995006750821 11.830324769020079 846.91377346392551 35.136603675807919 207.74639626604312 227.99959373474121 6286.5315731691398 12.247848174831914 1.4963106322795585 5.5882886967724579 84.196952093942784 7.1808918077918582 3.7127140098074625 24.829266672031338 172.92565274551939 214.12108871243709 68.735605499957387 852.03541300238771 119.77494578996284
leaf_count=126 74 33 2131 75 1455 20 146 41 47 107 31 333 14 336 73 236 97 2257 567 32 153 1215 98 56 86 314 450 115 296 270
internal_value=-2.17111e-05 0.00123436 -0.000252713 0.00211193 -0.000289188 0.000958039 0.0051766 0.00122262 0.00387922 0.00819483 0.0110997 1.37615e-05 0.00120862 0.00109814 0.0012199 0.00190066 0.000149865 -0.000443156 0.000833673 0.00378658 0.00167551 0.000605078 0.000312242 0.00324958 0.00342784 -9.02247e-05 7.8068e-05 0 0.000134672 -0.00064233
internal_weight=11499.6 1782.3 9717.26 144.668 9572.59 1583.87 45.7886 1268.34 53.6229 18.9918 13.2015 3215.05 34.6311 1214.72 1089.8 242.883 2560.16 6357.54 71.0112 19.3324 17.8361 98.8795 95.0906 10.8936 37.6414 315.526 2332.16 124.923 2118.03 142.6
internal_count=11284 1763 9521 1750 7771 1730 306 1126 325 185 138 2631 140 801 645 309 1176 5140 2883 752 720 1444 1369 154 160 604 1079 156 629 290
is_linear=0
shrinkage=0.05


Tree=17
num_leaves=31
num_cat=0
split_feature=93 141 18 138 8 85 17 101 21 96 104 101 0 108 142 90 69 138 21 94 67 52 132 83 119 83 85 128 119 89
split_gain=1.21157 0.348364 0.273438 0.299332 0.241206 0.433199 0.559208 0.231223 0.188365 0.151638 0.109162 0.0853507 0.217537 0.0723789 0.0717989 0.0565747 0.0555449 0.0292772 0.0285217 0.0544458 0.0282127 0.0254339 0.0237695 0.0214872 0.0173439 0.017164 0.0160126 0.0130243 0.0116207 0.0113421
threshold=271.04658045000002 39.50500000000001 0.014410416666666669 12.310000000000002 0.012669903153516906 277.66626930000007 0.050050000000000004 -5.4695326500000183 0.54861111111111127 36.612500000000004 1.0500000000000003 -8.1025173499999976 0.037550000000000007 276.31688940000009 153.44343424783727 27.782653061224494 278.36214190000004 4.7550000000000008 0.46527777777777785 17.500000000000004 15.15 531.50000000000011 4.5000000000000009 15.950000000000001 13.850000000000003 29.850000000000005 273.05831630000006 10.667291219939363 13.950000000000001 38.650000000000013
decision_type=2 2 2 2 2 2 2 2 2 2 2 2 2 2 2 2 2 2 2 2 2 2 2 2 2 2 2 2 2 2
left_child=4 2 3 13 5 11 15 -5 10 28 16 12 -1 17 -11 -7 26 -2 19 -16 -21 -13 -10 -19 -15 27 -4 -20 -6 -26
right_child=1 -3 8 7 9 6 -8 -9 22 14 -12 21 -14 24 18 -17 -18 23 25 20 -22 -23 -24 -25 29 -27 -28 -29 -30 -31
leaf_value=-1.1762877256801305e-05 0.0086320937121578539 0.0028547084437798003 0.0011502140070628519 -0.0011621676095985598 -0.00046861121595191181 0.0054639330111148007 0.024213773529090543 0.01896471520912834 -0.00056889921387555517 -0.00050259996650710975 0.0018285834909826841 -0.00010030960325789595 0.013603116837194335 0 -0.00014236849265284715 0 0 0 -2.0665687607942691e-05 0.0013466943690474225 0.00014414001475017101 0.0049027404705153828 0.00021264623097864816 0.0041840995741651097 0 0.00017487125715388055 0.00067885889832879315 -0.00043147328635560072 -0.00020826139465370192 0.0038046333372290572
leaf_weight=7.2588513033580977 4.7850670666688577 242.10354539484251 439.51952237362275 1.175699653688383 5389.5571015608339 13.047463343423969 3.4823770332829573 4.4983283273574548 234.07691533118486 632.46664610542211 308.9650271832943 100.75332665164881 3.2360840439796448 18.285006709999507 196.28448650856535 5.9131635075917677 206.93368413186931 6.101494229027117 1041.5194592475891 160.48178285360336 84.50420680642128 1.602708104496769 153.56832452583694 12.724420914924695 1.4230131186144701 970.23991012573242 458.94385203612114 244.92683186754584 546.70539361533883 4.4769039565958115
leaf_count=452 122 63 121 33 2053 406 60 194 122 958 97 4316 10 455 124 217 106 122 72 91 75 49 111 99 109 21 155 233 80 158
internal_value=-1.9985e-05 0.00106581 0.00082829 0.00433819 -0.000262845 0.00182033 0.00802029 0.0144958 0.000719022 -0.000293993 0.000987216 0.000483794 0.00456956 0.00275751 -2.23597e-05 0.00373157 0.000746089 0.0047033 8.85123e-05 0.000456065 0.00095449 0 -0.000246669 0.00306748 0.000548043 1.42565e-05 0.000916023 -0.000103037 -0.000445515 0.00271669
internal_weight=11499.6 2097.58 1855.48 53.4699 9401.98 135.294 22.443 5.67403 1802.01 9266.69 1414.36 112.851 10.4949 47.7959 3330.42 18.9606 1105.4 23.611 2697.96 441.27 244.986 102.356 387.645 18.8259 24.1849 2256.69 898.463 1286.45 5936.26 5.89992
internal_count=11284 2067 2004 1292 9217 5510 683 227 712 3707 479 4827 462 1065 1574 623 382 343 616 290 166 4365 233 221 722 326 276 305 2133 267
is_linear=0
shrinkage=0.05


Tree=18
num_leaves=31
num_cat=0
split_feature=126 141 105 134 85 3 3 120 17 96 28 18 28 46 138 50 7 85 124 91 42 114 90 118 56 90 34 0 100 7
split_gain=1.09713 0.343672 0.284398 0.213149 0.243054 0.155476 0.233949 0.165362 0.151084 0.145443 0.117832 0.0975757 0.0746403 0.0624815 0.0560294 0.0432612 0.0423815 0.086797 0.230709 0.0392573 0.0474343 0.0387018 0.0299271 0.0296546 0.0283773 0.0338919 0.0281429 0.0275057 0.0228169 0.0225812
threshold=15.500000000000002 39.600000000000009 12.500000000000002 5.6900000000000004 278.64486005000009 0.070287904500000012 0.029671091000000004 289.19844915000004 0.025150000000000002 36.862500000000004 41.250000000000007 0.012839583333333335 31.450000000000003 1.5000000000000002 5.4150000000000009 1023.4500000000002 0.052000000000000011 267.48974890000005 -0.9159756150367534 21.350000000000005 0.67500000000000016 24.650000000000002 26.819387755102046 25.250000000000004 -6.5670026999999598 23.139795918367351 0.41686923087571887 0.034600000000000006 6.1999999999999895 0.17975000000000002
decision_type=2 2 2 2 2 2 2 2 2 2 2 2 2 2 2 2 2 2 2 2 2 2 2 2 2 2 2 2 2 2
left_child=1 5 3 4 13 6 7 8 -1 16 14 15 -11 -2 -7 -10 17 -4 -19 20 22 27 -14 -20 -16 -26 -5 -8 -12 -21
right_child=2 -3 9 26 -6 10 21 -9 11 12 28 -13 19 -15 24 -17 -18 18 23 29 -22 -23 -24 -25 25 -27 -28 -29 -30 -31
leaf_value=0 0.0041499762720645424 0.0030879325503374287 -0.00021191284271189953 8.9848550484093297e-05 0.011532690026941662 -0.00037761906208964662 0.000336687178883824 -0.00075891022490892027 0.02365522984430312 -0.00046793441663944705 0.00083886575159007224 0.0014225150222469641 0.0023458453876585468 0 -0.00016406984129885253 0.0034410633321441801 -0.00041476750483208604 0.016732929625464413 0 -0.0002986389119512594 0 0 0.00071922827109564651 0.0056504851413824919 0.00046306170569793381 0.0017232011951031517 0.0025481680794950893 0.0043641591425651726 0.0013853740337101813 0.0001315950056508337
leaf_weight=1.5765148512605147 23.528411607802752 198.4293538578786 51.67870626205378 82.100904268501935 9.5900111694047592 231.58148563203667 10.232988532385207 1.7538524791816126 2.9979162253296039 645.35586721869868 449.63780611753464 1.7040625397166875 48.856774310082983 15.75226976358317 82.297393471002579 1.3878294245754004 6286.5315731691398 1.9160147870090565 15.497195177883912 356.16647767443783 125.43250028120747 16.890495845786063 102.7559989003239 1.9192375389909617 207.45339606702328 81.325833067297935 13.696461037553219 14.127198547124863 480.9021093249321 1936.4839584827423
leaf_count=549 139 33 2131 1285 84 105 128 156 120 1347 42 82 69 90 60 70 2257 62 619 922 72 133 96 71 104 86 152 30 65 125
internal_value=-1.84676e-05 0.00112106 -0.000228083 0.00196065 0.00462572 0.000869696 0.00359618 0.0104101 0.013335 -0.000261884 0.000774044 0.0164511 1.06726e-05 0.00257088 0.000218496 0.0200136 -0.000400484 0.000782796 0.00356737 0.000132951 0.000695845 0.00171222 0.0012881 0.00101756 0.000603973 0.000839918 0.000515671 0.00294949 0.00112785 6.24766e-05
internal_weight=11499.6 1782.3 9717.26 144.668 48.8707 1583.87 50.6709 9.42018 7.66632 9572.59 1533.2 6.08981 3215.05 39.2807 602.658 4.38575 6357.54 71.0112 19.3324 2569.7 277.045 41.2507 151.613 17.4164 371.077 288.779 95.7974 24.3602 930.54 2292.65
internal_count=11284 1763 9521 1750 313 1730 1268 977 821 7771 462 272 2631 229 355 190 5140 2883 752 1284 237 291 165 690 250 190 1437 158 107 1047
is_linear=0
shrinkage=0.05


Tree=19
num_leaves=31
num_cat=0
split_feature=93 132 18 138 8 126 12 101 21 115 88 48 101 100 115 14 50 21 133 96 136 116 67 90 26 138 100 82 52 73
split_gain=0.995049 0.295774 0.218817 0.257023 0.211222 0.267765 0.531695 0.203681 0.180142 0.128609 0.124456 0.123231 0.0836121 0.200909 0.0818682 0.0752644 0.0677952 0.0638483 0.0613111 0.0538014 0.0525397 0.0507624 0.0376841 0.0269438 0.0265652 0.0220711 0.0206482 0.019164 0.0167604 0.013883
threshold=271.04658045000002 7.5000000000000009 0.014410416666666669 12.310000000000002 0.012669903153516906 40.500000000000007 0.024989145500000004 -5.4695326500000183 0.54861111111111127 11.850000000000003 35.862500000000004 65.500000000000014 -8.1025173499999976 5.2500000000000009 15.450000000000001 0.011808275000000002 1023.5500000000001 0.52083333333333337 78.165000000000006 37.312500000000007 0.25500000000000006 285.42250955000003 8.1500000000000004 28.931632653061229 8.5000000000000018 5.0300000000000002 -1.9500000000000453 15.090000000000002 262.50000000000006 25.950000000000003
decision_type=2 2 2 2 2 2 2 2 2 2 2 2 2 2 2 2 2 2 2 2 2 2 2 2 2 2 2 2 2 2
left_child=4 2 3 19 5 6 18 -5 9 15 -6 -3 13 -7 -8 -4 -9 22 -1 -2 -11 25 -12 -24 -22 -21 -20 -10 -25 -23
right_child=1 11 8 7 10 12 14 16 27 20 17 -13 -14 -15 -16 -17 -18 -19 26 21 24 29 23 28 -26 -27 -28 -29 -30 -31
leaf_value=0.00055765540216167083 -0.00042314986558159609 0.004721990257693702 0.0011900758792625834 -0.0011157120016376759 -0.00041622487323089171 0 0.022636103513241839 0.021517653996642436 0.00014204004591761453 0.0008747212126460676 0.00086825024568387666 0.001510073023045541 -0.00020014833027246585 0.014589498659811784 0.00070450106717598153 0.0026639238463232553 0.0021419651793237919 -0.00041322117497995248 0.0012732380945213496 0.0081571317679229993 0.00054840543264516944 0.0017075055616831228 -0.00013366970157427998 9.2802219915307736e-05 -0.00038791827545646543 0.0031043690348365517 0.007347164057403527 -0.00055365077951155485 0.0005407559788869618 -0.001063295757373266
leaf_weight=20.839411042032268 9.4532874786522481 69.884098048509259 283.13934063911438 1.175699653688383 5550.9982834577904 8.1359327592162369 3.6430627949926579 3.0139555763317665 162.54179857528652 803.96111253835261 141.07170854711103 64.257919586692879 87.509490664542326 2.3590025881214904 1.0784490505226072 143.40166918113096 1.4843727510256881 880.71003983393166 5.2533110138219854 5.4518885696876351 153.03445147002526 10.937158859770063 1285.8932692621433 1139.5647834399715 144.35752054792829 17.608697085760198 6.4753140745324327 219.6629683510655 268.44773415010422 4.2148660406264744
leaf_count=1164 523 50 64 33 2083 375 108 110 83 72 63 64 3489 87 109 97 84 640 74 110 88 215 515 349 126 214 104 127 57 7
internal_value=-1.69169e-05 0.000967044 0.000807437 0.00395798 -0.00023705 0.00171218 0.00526588 0.013375 0.000714816 0.000958226 -0.00026623 0.00324295 0.000270007 0.00430163 0.0194992 0.00170235 0.0175858 -4.07496e-05 0.00253405 0.00248247 0.000664218 0.00332125 7.33037e-05 2.95126e-05 7.73697e-05 0.00479611 0.0053332 -0.000245145 0.00018208 0.000609077
internal_weight=11499.6 2097.58 1963.44 53.3399 9401.98 135.294 37.2895 5.67403 1910.1 1527.89 9266.69 134.142 98.0044 10.4949 4.72151 426.541 4.49833 3715.69 32.568 47.6659 1101.35 38.2126 2834.98 2693.91 297.392 23.0606 11.7286 382.205 1408.01 15.152
internal_count=11284 2067 1953 1296 9217 5510 1559 227 657 447 3707 114 3951 462 217 161 194 1624 1342 1069 286 546 984 921 214 324 178 210 406 222
is_linear=0
shrinkage=0.05


Tree=20
num_leaves=31
num_cat=0
split_feature=93 138 112 14 7 85 7 137 42 88 66 107 96 88 124 113 104 139 160 21 77 49 85 104 136 81 51 133 118 98
split_gain=1.19641 0.431647 0.382191 0.297136 0.22003 0.348301 0.377989 0.202568 0.221659 0.257292 0.286549 0.208392 0.108675 0.0917417 0.0746885 0.121871 0.0735238 0.0657863 0.0643379 0.0483671 0.0407798 0.0342269 0.0296373 0.0367965 0.0686572 0.0248603 0.023166 0.0177735 0.0205904 0.0158888
threshold=271.04658045000002 8.5650000000000013 279.54393780000004 0.019346783500000003 0.052000000000000011 277.66626930000007 0.050700000000000002 0.7400000000000001 0.27500000000000008 24.262500000000006 13.475000000000001 5.8500000000000005 37.88750000000001 35.862500000000004 -0.9159756150367534 0.75000000000000011 0.55000000000000016 14.716097128883034 0.4224489795918368 0.52083333333333337 276.82795750000008 979.6500000000002 272.38883205000008 1.2500000000000004 0.67500000000000016 21.750000000000004 202.50000000000003 86.265000000000001 13.050000000000002 -2.4999999999999991
decision_type=2 2 2 2 2 2 2 2 2 2 2 2 2 2 2 2 2 2 2 2 2 2 2 2 2 2 2 2 2 2
left_child=4 7 12 -4 5 14 18 16 9 -9 -11 -12 -3 -6 15 -1 25 -10 -7 22 -19 -20 -15 -24 -25 -2 -18 -16 -29 -14
right_child=1 2 3 -5 13 6 -8 8 17 10 11 -13 29 19 27 -17 26 20 21 -21 -22 -23 23 24 -26 -27 -28 28 -30 -31
leaf_value=0 0.00089528966785604061 0.004417404978032515 0 0.012289701074736821 -0.00039010701232770732 0.00092610702491831742 0.021417310636103522 0.0018015629556150865 -0.00019842261204032404 -0.00019041965679503291 0.011632667638201808 0.0040169333145942754 0.001855099571406262 -0.00015196194746497962 -0.00015264048868165106 0.010410673778759505 0.0010417566499904109 0.0017407303873693465 0.00079609862725066186 -0.00038825927864324521 0.00051023181119893592 0.010050662984184763 0.00010427720577753958 0.00207428959794155 -4.1092731614778877e-05 -0.00024831270626023258 0.00047864697105454005 0 0.0050036340577535128 0.00024927258783463224
leaf_weight=8.9015671844954625 53.984997186345709 49.968562630581829 5.6830793866973037 18.273989647649614 5578.0519853477472 12.072656709855343 3.1509770734046461 145.31637162906779 91.106675504452653 13.386049075701939 19.872721504398214 23.680676052171641 70.222401652217741 1093.5920651237254 89.483836035447055 3.8246691372289492 410.60242710642569 194.70838232902747 3.0626016854962463 852.5063410374878 125.31371680944437 4.2904566122581542 1380.2600881518867 69.278690861078758 74.55120775103569 320.51205207042608 421.27455554417111 3.817223232050309 2.7466144015925238 29.984801143674929
leaf_count=450 90 132 244 58 2178 405 32 76 131 61 14 91 138 497 3999 99 232 108 38 691 29 170 348 110 75 462 136 93 36 90
internal_value=6.38643e-06 0.00111664 0.00349802 0.00932088 -0.000234321 0.00178487 0.007313 0.000884222 0.00162708 0.00299034 0.0058545 0.0077872 0.00248054 -0.00026438 0.000535756 0.00398732 0.000501338 0.00093866 0.00384386 -6.07891e-05 0.00127756 0.00735142 4.4057e-05 0.000187994 0.000950589 -6.81977e-05 0.00076351 0 0.00236554 0.00143121
internal_weight=11173.5 1993.89 174.133 23.9571 9179.59 131.351 22.5767 1819.76 613.385 202.256 56.9394 43.5534 150.176 9048.24 108.774 12.7262 1206.37 411.129 19.4257 3470.19 320.022 7.35306 2617.68 1524.09 143.83 374.497 831.877 96.0477 6.56384 100.207
internal_count=11313 2092 662 302 9221 5322 645 1430 510 242 166 105 360 3899 4677 549 920 268 613 1721 137 208 1030 533 185 552 368 4128 129 228
is_linear=0
shrinkage=0.05


Tree=21
num_leaves=31
num_cat=0
split_feature=126 132 134 85 54 131 99 126 119 100 28 46 15 43 16 28 92 108 108 43 114 59 129 141 80 28 134 128 23 104
split_gain=1.12418 0.386063 0.25945 0.36332 0.168606 0.460317 0.167526 0.130542 0.107755 0.131278 0.100709 0.084853 0.0732541 0.0635908 0.0545772 0.0429677 0.0411572 0.0404465 0.0385782 0.037945 0.0370956 0.0327476 0.0273216 0.0241779 0.0243357 0.0233051 0.0220837 0.0151317 0.0144278 0.0171983
threshold=13.500000000000002 7.5000000000000009 6.4500000000000011 281.25193940000003 0.015000000000000001 84.484492496050322 3.2500000000000004 40.500000000000007 4.9500000000000011 5.1999999999999895 43.750000000000007 1.5000000000000002 0.00035729166666666673 0.35350000000000004 0.44500000000000006 43.20000000000001 21.050000000000008 281.58428520000007 286.99599340000003 0.31150000000000005 23.350000000000005 3.5073000000000003 8.5000000000000018 37.910000000000004 15.637500000000003 27.150000000000002 12.505000000000003 9.840813956591143 29.345833333333339 12.050000000000002
decision_type=2 2 2 2 2 2 2 2 2 2 2 2 2 2 2 2 2 2 2 2 2 2 2 2 2 2 2 2 2 2
left_child=1 4 3 8 5 -1 -3 12 -2 11 13 16 22 19 -14 23 17 -10 -5 21 26 -6 -4 24 -16 -18 -15 -21 -9 -30
right_child=2 6 7 18 10 -7 -8 28 9 -11 -12 -13 14 20 15 -17 25 -19 -20 27 -22 -23 -24 -25 -26 -27 -28 -29 29 -31
leaf_value=0.0085010992244769559 -0.00021164278765965972 0.0020264953263548643 -0.00034965983992641075 0.0046043564550587932 0.0021124851227204713 0.0006418656609368462 0.0061095779346985761 -0.00039908005787542825 0.0032707714172402697 0.0092442765920915434 0.0023842228106760433 -0.00023632468746853441 0.0011935894670385598 0.0019170947624699598 0.00073447649597246033 0.0013269297879556295 0.010366382578387588 0 0.013910197266935485 -0.00041410694705770702 0.00079419683893761387 0.00037831620500567987 0.00010830883133210218 -0.00038582134559098129 0.00010075724869078728 0.0016889740198588893 0.00046755617832306253 0.00040806274945550725 -8.1404040465004715e-05 -0.00036992092761615352
leaf_weight=27.173743372961255 77.279071554166649 56.344755457175779 1010.9251855373923 5.9417947849628927 39.340085017793001 60.324291701378414 56.021731021795858 4345.0683997398837 24.174797516625176 5.6924045226555782 108.57428544946015 30.827192764982328 150.66896527254698 163.68238570713314 185.15750510745329 77.913386344909668 2.6522404472939334 13.627849368216856 5.187067649376786 165.29257345869516 490.09121556592982 119.43390600069665 458.68677496910095 197.05128852310827 987.66966251437975 3.8254450894892216 43.852068843942419 78.876129618873478 1046.5588900027797 1135.5673466920853
leaf_count=47 689 73 1235 56 80 119 40 5185 157 93 41 397 87 182 193 62 100 134 50 160 241 140 45 136 869 41 78 319 196 68
internal_value=6.713e-06 0.00132689 -0.000183392 0.00174846 0.00107606 0.00320764 0.00414221 -0.000218159 0.00106599 0.00233672 0.000915154 0.00163291 4.94068e-05 0.000763654 0.000284893 0.000186116 0.00302115 0.00208202 0.0101432 0.000246351 0.00105451 0.000849825 -0.000203345 0.000116664 0.000205604 0.00682171 0.00163849 -0.000127538 -0.000344681 -0.000233938
internal_weight=11173.5 1409.01 9764.48 169.208 1296.64 87.498 112.366 9595.27 158.079 80.7999 1209.14 75.1075 3068.07 1100.57 1598.46 1447.79 44.2803 37.8026 11.1289 402.943 697.626 158.774 1469.61 1369.88 1172.83 6.47769 207.534 244.169 6527.19 2182.13
internal_count=11313 1520 9793 1717 1407 166 113 8076 1611 922 1241 829 2627 1200 1347 1260 432 291 106 699 501 220 1280 1198 1062 141 260 479 5449 264
is_linear=0
shrinkage=0.05


Tree=22
num_leaves=31
num_cat=0
split_feature=126 132 8 85 137 116 41 99 94 142 49 73 96 124 113 0 50 91 30 135 30 142 135 43 85 128 85 92 43 15
split_gain=1.01761 0.349078 0.242149 0.355064 0.223237 0.162768 0.419376 0.150698 0.123351 0.111944 0.0819853 0.0782339 0.0763929 0.0695193 0.0891836 0.190256 0.0655051 0.0433925 0.0411457 0.036366 0.0350867 0.0349434 0.0295577 0.0355709 0.0240037 0.0238085 0.022487 0.016448 0.0145346 0.0135889
threshold=13.500000000000002 7.5000000000000009 0.012669903153516906 278.52408990000009 0.045000000000000005 276.75522120000005 69.500000000000014 3.2500000000000004 15.500000000000002 763.19305484741642 983.45000000000016 34.150000000000013 34.787500000000016 -0.78656609248549325 0.75000000000000011 0.037550000000000007 1023.35 33.45000000000001 -1.7785714285714282 20.180000000000003 -1.9485714285714268 288.87616261566131 56.370000000000012 0.31850000000000006 274.42932510000009 8.9131761541251837 274.35074050000009 16.450000000000006 0.34750000000000003 0.00035104166666666666
decision_type=2 2 2 2 2 2 2 2 2 2 2 2 2 2 2 2 2 2 2 2 2 2 2 2 2 2 2 2 2 2
left_child=1 5 3 13 9 6 11 -3 -4 -5 19 -1 -12 14 25 -16 18 24 -10 -7 -18 -20 23 -22 -14 -2 -15 -28 29 -21
right_child=2 7 8 4 -6 10 -8 -9 16 -11 12 -13 17 26 15 -17 20 -19 21 28 22 -23 -24 -25 -26 -27 27 -29 -30 -31
leaf_value=0 0.0046539394778625301 0.0019269374576595015 -0.00034052489288819213 0.017819964419848375 0 -0.00028274685200955688 0.010170553873359751 0.0058094563379931909 -0.00027248545058880909 0.0059682074281921012 0.0033174982015020762 0.0034691135993761553 0.0018061796797170923 -0.00015100452452678894 0 0.016608991170896321 6.9280281930373579e-05 -0.00019324917587635487 1.5927897261255687e-05 0.00068927302005888967 0.00045690996079659259 0.00080455712081277874 0.00042011585382542246 0.0021804715011632058 0.00084036106735687363 0 0 0.0036551251263677131 0.00084238582389963262 -9.9883282181394833e-05
leaf_weight=43.601319489543833 2.6871177707388041 56.344755457175779 6105.1923089142583 4.6509201921726406 5.9012256906861706 102.71039990912209 16.255579319462782 56.021731021795858 1389.9938752110538 8.861811885095447 50.018213517621746 24.936756926879589 170.61496535559692 81.94871619283812 3.3151003187886614 2.3645140826702118 343.9633956498692 44.81512919254601 1239.8882394451648 103.09321244043485 67.947577387094498 159.62952686473727 246.07425844948739 70.605710370466113 152.06017550786621 16.352723153864687 8.8352013272426948 6.2630454951804237 493.73010159723765 94.804831480551798
leaf_count=105 70 73 2484 116 372 243 72 40 538 71 140 99 225 3518 149 7 105 32 509 47 21 85 45 83 273 817 438 365 107 64
internal_value=6.97375e-06 0.00126304 -0.000173874 0.0018711 0.00800393 0.00102427 0.00315324 0.00394089 -0.000204586 0.0113388 0.000868701 0.00129467 0.0014432 0.000795346 0.00311692 0.00823055 2.99255e-05 0.00116622 -7.88476e-05 0.000559019 0.000452769 0.00010996 0.000781679 0.00138038 0.00137049 0.00100742 0.000127248 0.00186367 0.000691472 0.000287481
internal_weight=11173.5 1409.01 9764.48 141.18 19.414 1296.64 84.7937 112.366 9623.29 13.5127 1211.85 68.5381 417.508 121.766 24.7195 5.67961 3518.1 367.49 2789.51 794.339 728.591 1399.52 384.628 138.553 322.675 19.0398 97.047 15.0982 691.628 197.898
internal_count=11313 1520 9793 5923 559 1407 276 113 3870 187 1131 204 670 5364 1043 156 1386 530 1132 461 254 594 149 104 498 887 4321 803 218 111
is_linear=0
shrinkage=0.05


Tree=23
num_leaves=31
num_cat=0
split_feature=126 132 8 103 136 36 95 99 94 114 48 28 53 21 24 7 90 2 30 74 124 3 136 135 50 24 49 53 111 133
split_gain=0.920247 0.315776 0.223853 0.207687 0.352917 0.160082 0.150996 0.13552 0.111576 0.106231 0.105251 0.0975292 0.0971671 0.0647398 0.0614217 0.142397 0.112827 0.165133 0.0596921 0.0618642 0.0458814 0.139697 0.0296042 0.0263906 0.0333892 0.0231007 0.01807 0.0195384 0.0222615 0.0173473
threshold=13.500000000000002 7.5000000000000009 0.012669903153516906 1523.1500000000003 0.31500000000000006 281.74629985000007 10.500000000000002 3.2500000000000004 15.500000000000002 33.050000000000004 9.5000000000000018 43.750000000000007 150.50000000000003 0.54861111111111127 54.45000000000001 0.046000000000000006 16.843877551020412 0.0035617145000000003 -2.2414285714285707 13.007142857142858 -0.9159756150367534 0.058253035000000009 0.23500000000000001 20.180000000000003 1017.2500000000001 60.900000000000006 970.45000000000016 117.50000000000001 9.6500000000000004 86.265000000000001
decision_type=2 2 2 2 2 2 2 2 2 2 2 2 2 2 2 2 2 2 2 2 2 2 2 2 2 2 2 2 2 2
left_child=1 6 3 4 5 9 11 -3 -4 10 -2 13 -12 14 15 16 -1 -18 -10 -20 21 -5 -16 24 -21 -25 -6 28 -28 -22
right_child=2 7 8 20 26 -7 -8 -9 18 -11 12 -13 -14 -15 22 -17 17 -19 19 23 29 -23 -24 25 -26 -27 27 -29 -30 -31
leaf_value=-0.0019659388815684796 0 0.0018322707108253276 -0.00032350143661501619 0 -0.00025957341915045634 0 0.0036982311013435947 0.0055240776892501245 -0.0003641991436591454 0 0.017402157298412158 0.0022312893316574307 0.00093877415102590713 -5.4184242817677832e-05 0.0013068578307814183 0.001384321591250539 5.8444691128819158e-05 0.01628426601568821 0.00071726036283376038 5.1757433434867556e-06 -0.00041657142013040249 0.011594537484014277 0.00056831932482334202 -0.0003417335830610911 0.0015474767216207734 7.1758392761236552e-05 0.0053483302544241598 0 0.00097019504815116803 0.002124217721854844
leaf_weight=1.1806532063600359 1.8181038143735033 56.344755457175779 6105.1923089142583 7.2838064491800747 8.9699066344632943 3.0323896789613078 49.12941958373267 56.021731021795858 751.79917844410011 1.3225281612514397 8.8076012833147868 119.82101911492646 1.8445216204223331 213.24281523413708 196.04287506129469 75.685957507381076 3.2462828763021996 3.9356660828925669 394.3590501435101 92.753204703330994 71.7754043321398 2.4762835204601288 634.35599606983669 414.24251579865813 62.880938053131104 1802.0676962351426 5.7481461307472115 8.7401090889897102 13.255657683501253 6.105917711473011
leaf_count=40 39 73 2484 438 238 60 57 40 352 190 336 42 85 464 60 129 327 35 112 65 3099 9 253 332 42 483 342 393 575 119
internal_value=7.29468e-06 0.00120178 -0.000164662 0.00180145 0.00423012 0.0100511 0.000974425 0.00374946 -0.00019421 0.0121978 0.0135319 0.000860275 0.0153057 0.000708322 0.00089146 0.00220454 0.00815317 0.0104647 2.87656e-05 0.000137462 0.00023041 0.00331275 0.000750052 3.86956e-05 0.000666135 -3.39018e-06 0.00123416 0.00188328 0.00274558 -0.000129582
internal_weight=11173.5 1409.01 9764.48 141.18 53.539 16.8251 1296.64 112.366 9623.29 13.7928 12.4702 1247.51 10.6521 1127.69 914.447 84.0486 8.3626 7.18195 3518.1 2766.3 87.6414 9.76009 830.399 2371.94 155.634 2216.31 36.7138 27.7439 19.0038 77.8813
internal_count=11313 1520 9793 5923 2258 710 1407 113 3870 650 460 1350 421 1308 844 531 402 362 1386 1034 3665 447 313 922 107 815 1548 1310 917 3218
is_linear=0
shrinkage=0.05


end of trees

feature_importances:
min_t2m_next_24h=26
hours_since_obs=25
cumul_tp_since_onset=21
tree_canopy_std=19
gust_trend_last6h_obs=17
gust_last_obs=16
pct_wetland=16
pct_unmapped=16
temp_change_6h=15
pct_agriculture=15
frac_zero_72h=14
gust_peak4h_mean_next_48h=14
pressure_change_6h=13
last_D_t=12
pre_event_mean_osi=12
gust_mean_next_48h=12
gust_gt30_since_onset=12
n_utilities=12
pct_developed=12
soil_moist_t=11
wind_speed_max_next_1h=11
wind_speed_max_next_48h=11
t2m_at_t24h=10
pop_density=10
pct_water=10
log_customers=9
pct_forest=9
outage_pct_max_72h=8
R_t_mean_72h=8
storm_onset_mean_osi=8
sp_t=8
wind_speed_max_next_24h=8
total_tp_next_48h=8
min_t2m_next_48h=8
cumul_gust_since_onset=8
forest_x_customers=8
osi_max_72h=7
osi_std_72h=7
vpd_t=7
mslma_t=7
wind_speed_max_next_6h=7
t2m_at_t1h=7
t2m_at_t6h=7
wind_speed_at_t48h=7
last_osi=6
pre_event_max_outage_pct=6
gust_mean_obs=6
gust_max_obs=6
gust_max_next_24h=6
gust_peak4h_mean_next_24h=6
hour_cos=6
last_N_t=5
hours_since_peak=5
gust_gt30_obs=5
gust_max_last6h_obs=5
dewpoint_c_t=5
gust_mean_next_24h=5
gust_gt30_next_48h=5
wind_speed_at_t6h=5
gust_at_t48h=5
osi_trend_last6h=4
t2m_t=4
d2m_t=4
blh_t=4
soil_moist_x_gust=4
gust_max_next_6h=4
min_t2m_next_6h=4
wind_speed_at_t24h=4
R_t_max_72h=3
cumul_gust_obs=3
wind_cos_t=3
r2_t=3
mcc_t=3
direct_rad_t=3
diffuse_rad_t=3
gust_mean_next_6h=3
gust_max_next_48h=3
pressure_change_3h=3
gust_at_t1h=3
tp_at_t6h=3
gust_at_t24h=3
t2m_at_t48h=3
last_P_t=2
last_R_t=2
N_t_max_72h=2
storm_onset_max_osi=2
wind_sin_t=2
lcc_t=2
hcc_t=2
sdswrf_t=2
et0_t=2
gust_x_hso=2
gust_mean_next_1h=2
min_t2m_next_1h=2
gust_peak4h_mean_next_6h=2
wind_speed_at_t1h=2
tp_at_t48h=2
rural_urban_code=2
pct_forest_classified=2
tp_rate_next_48h=2
N_t_mean_72h=1
gust_gt40_obs=1
gust_t=1
wind_speed_t=1
tcc_t=1
gust_x_phase=1
gust_max_next_1h=1
total_tp_next_24h=1
gust_gt30_next_24h=1
gust_gt40_next_24h=1
gust_gt40_next_48h=1
gust_change_3h=1
hour_of_day=1
tp_rate_next_6h=1
gust_gt30_frac_next_48h=1

parameters:
[boosting: gbdt]
[objective: regression]
[metric: custom]
[tree_learner: serial]
[device_type: cpu]
[data_sample_strategy: bagging]
[data: ]
[valid: ]
[num_iterations: 24]
[learning_rate: 0.05]
[num_leaves: 31]
[num_threads: 1]
[seed: 42]
[deterministic: 1]
[force_col_wise: 1]
[force_row_wise: 0]
[histogram_pool_size: -1]
[max_depth: -1]
[min_data_in_leaf: 50]
[min_sum_hessian_in_leaf: 0.001]
[bagging_fraction: 0.8]
[pos_bagging_fraction: 1]
[neg_bagging_fraction: 1]
[bagging_freq: 5]
[bagging_seed: 42]
[bagging_by_query: 0]
[feature_fraction: 0.8]
[feature_fraction_bynode: 1]
[feature_fraction_seed: 42]
[extra_trees: 0]
[extra_seed: 12879]
[early_stopping_round: 0]
[early_stopping_min_delta: 0]
[first_metric_only: 0]
[max_delta_step: 0]
[lambda_l1: 0.1]
[lambda_l2: 1]
[linear_lambda: 0]
[min_gain_to_split: 0]
[drop_rate: 0.1]
[max_drop: 50]
[skip_drop: 0.5]
[xgboost_dart_mode: 0]
[uniform_drop: 0]
[drop_seed: 42]
[top_rate: 0.2]
[other_rate: 0.1]
[min_data_per_group: 100]
[max_cat_threshold: 32]
[cat_l2: 10]
[cat_smooth: 10]
[max_cat_to_onehot: 4]
[top_k: 20]
[monotone_constraints: ]
[monotone_constraints_method: basic]
[monotone_penalty: 0]
[feature_contri: ]
[forcedsplits_filename: ]
[refit_decay_rate: 0.9]
[cegb_tradeoff: 1]
[cegb_penalty_split: 0]
[cegb_penalty_feature_lazy: ]
[cegb_penalty_feature_coupled: ]
[path_smooth: 0]
[interaction_constraints: ]
[verbosity: -1]
[saved_feature_importance_type: 0]
[use_quantized_grad: 0]
[num_grad_quant_bins: 4]
[quant_train_renew_leaf: 0]
[stochastic_rounding: 1]
[linear_tree: 0]
[max_bin: 255]
[max_bin_by_feature: ]
[min_data_in_bin: 3]
[bin_construct_sample_cnt: 200000]
[data_random_seed: 42]
[is_enable_sparse: 1]
[enable_bundle: 1]
[use_missing: 1]
[zero_as_missing: 0]
[feature_pre_filter: 1]
[pre_partition: 0]
[two_round: 0]
[header: 0]
[label_column: ]
[weight_column: ]
[group_column: ]
[ignore_column: ]
[categorical_feature: ]
[forcedbins_filename: ]
[precise_float_parser: 0]
[parser_config_file: ]
[objective_seed: 16083]
[num_class: 1]
[is_unbalance: 0]
[scale_pos_weight: 1]
[sigmoid: 1]
[boost_from_average: 1]
[reg_sqrt: 0]
[alpha: 0.9]
[fair_c: 1]
[poisson_max_delta_step: 0.7]
[tweedie_variance_power: 1.5]
[lambdarank_truncation_level: 30]
[lambdarank_norm: 1]
[label_gain: ]
[lambdarank_position_bias_regularization: 0]
[eval_at: ]
[multi_error_top_k: 1]
[auc_mu_weights: ]
[num_machines: 1]
[local_listen_port: 12400]
[time_out: 120]
[machine_list_filename: ]
[machines: ]
[gpu_platform_id: -1]
[gpu_device_id: -1]
[gpu_device_id_list: ]
[gpu_use_dp: 0]
[num_gpu: 1]

end of parameters

pandas_categorical:[]
